1.234380000000000109e+03
1.234380000000000109e+03
1.234380000000000109e+03
1.234380000000000109e+03
1.234380000000000109e+03
1.234380000000000109e+03
1.234380000000000109e+03
1.234380000000000109e+03
1.234380000000000109e+03
1.234380000000000109e+03
1.234380000000000109e+03
1.234380000000000109e+03
1.234380000000000109e+03
1.234380000000000109e+03
1.234380000000000109e+03
1.234380000000000109e+03
1.234380000000000109e+03
1.234380000000000109e+03
1.234380000000000109e+03
1.234380000000000109e+03
1.234380000000000109e+03
1.234380000000000109e+03
1.234380000000000109e+03
1.234380000000000109e+03
1.562500000000000000e+03
2.231849999999999909e+03
2.231849999999999909e+03
2.231849999999999909e+03
3.043579999999999927e+03
2.231849999999999909e+03
4.115329999999999927e+03
4.859840000000000146e+03
4.115329999999999927e+03
4.024409999999999854e+03
4.859840000000000146e+03
5.411560000000000400e+03
4.024409999999999854e+03
4.024409999999999854e+03
2.984380000000000109e+03
2.784639999999999873e+03
2.784639999999999873e+03
2.984380000000000109e+03
3.523690000000000055e+03
3.523690000000000055e+03
3.523690000000000055e+03
3.348789999999999964e+03
3.179949999999999818e+03
3.144769999999999982e+03
2.896889999999999873e+03
3.144769999999999982e+03
3.144769999999999982e+03
3.144769999999999982e+03
3.010119999999999891e+03
3.396849999999999909e+03
3.010119999999999891e+03
3.734380000000000109e+03
4.211220000000000255e+03
4.211220000000000255e+03
4.211220000000000255e+03
4.211220000000000255e+03
3.827460000000000036e+03
3.492500000000000000e+03
3.202880000000000109e+03
1.571660000000000082e+03
1.389339999999999918e+03
1.389339999999999918e+03
2.397710000000000036e+03
2.397710000000000036e+03
4.096979999999999563e+03
5.236630000000000109e+03
5.236630000000000109e+03
5.390779999999999745e+03
7.426909999999999854e+03
7.426909999999999854e+03
5.153779999999999745e+03
7.457590000000000146e+03
6.359380000000000109e+03
6.359380000000000109e+03
6.359380000000000109e+03
6.359380000000000109e+03
3.247070000000000164e+03
3.223070000000000164e+03
3.223070000000000164e+03
3.223070000000000164e+03
5.099020000000000437e+03
5.099020000000000437e+03
5.457890000000000327e+03
5.799699999999999818e+03
5.099020000000000437e+03
5.467729999999999563e+03
5.799699999999999818e+03
5.467729999999999563e+03
5.467729999999999563e+03
6.236210000000000036e+03
6.236210000000000036e+03
5.217020000000000437e+03
4.688159999999999854e+03
2.312500000000000000e+03
2.276090000000000146e+03
1.379240000000000009e+03
1.168809999999999945e+03
1.168809999999999945e+03
1.379240000000000009e+03
1.181869999999999891e+03
1.181869999999999891e+03
1.181869999999999891e+03
1.182142222222222017e+03
1.182414444444444371e+03
1.182686666666666497e+03
1.182958888888888850e+03
1.183231111111110977e+03
1.183503333333333330e+03
1.183775555555555457e+03
1.184047777777777810e+03
1.184319999999999936e+03
1.187500000000000000e+03
1.538309999999999945e+03
5.241670000000000073e+03
5.241670000000000073e+03
6.062500000000000000e+03
6.062500000000000000e+03
6.062500000000000000e+03
5.449229999999999563e+03
5.449229999999999563e+03
5.449229999999999563e+03
5.968750000000000000e+03
5.968750000000000000e+03
5.968750000000000000e+03
7.419819999999999709e+03
7.419819999999999709e+03
5.542000000000000000e+03
5.096779999999999745e+03
5.031250000000000000e+03
2.626119999999999891e+03
2.626119999999999891e+03
2.135940000000000055e+03
2.135940000000000055e+03
2.817269999999999982e+03
2.817269999999999982e+03
2.290500000000000000e+03
2.290500000000000000e+03
1.295690000000000055e+03
1.291129500000000007e+03
1.286568999999999960e+03
1.282008500000000140e+03
1.277448000000000093e+03
1.272887500000000045e+03
1.268326999999999998e+03
1.263766499999999951e+03
1.259206000000000131e+03
1.254645500000000084e+03
1.250085000000000036e+03
1.245524499999999989e+03
1.240963999999999942e+03
1.236403500000000122e+03
1.231843000000000075e+03
1.227282500000000027e+03
1.222721999999999980e+03
1.218161499999999933e+03
1.213601000000000113e+03
1.209040500000000065e+03
1.204480000000000018e+03
1.233670000000000073e+03
1.918069999999999936e+03
5.366590000000000146e+03
5.366590000000000146e+03
5.366590000000000146e+03
4.337149999999999636e+03
4.337149999999999636e+03
4.337149999999999636e+03
4.851359999999999673e+03
7.090069999999999709e+03
7.090069999999999709e+03
7.090069999999999709e+03
5.306829999999999927e+03
4.730529999999999745e+03
4.730529999999999745e+03
3.473130000000000109e+03
3.174929999999999836e+03
3.174929999999999836e+03
3.057130000000000109e+03
3.057130000000000109e+03
3.432579999999999927e+03
3.432579999999999927e+03
3.302630000000000109e+03
3.302630000000000109e+03
3.302630000000000109e+03
3.302630000000000109e+03
3.843750000000000000e+03
4.360260000000000218e+03
5.609380000000000109e+03
4.360260000000000218e+03
5.609380000000000109e+03
5.609380000000000109e+03
3.811730000000000018e+03
2.101840000000000146e+03
3.811730000000000018e+03
1.796450000000000045e+03
2.278500000000000000e+03
2.278500000000000000e+03
2.333969999999999800e+03
2.333969999999999800e+03
4.427729999999999563e+03
4.427729999999999563e+03
4.427729999999999563e+03
3.952510000000000218e+03
3.515280000000000200e+03
3.451480000000000018e+03
3.515280000000000200e+03
3.952510000000000218e+03
5.667539999999999964e+03
5.667539999999999964e+03
5.667539999999999964e+03
5.667539999999999964e+03
5.928640000000000327e+03
4.335260000000000218e+03
4.335260000000000218e+03
5.375100000000000364e+03
4.335260000000000218e+03
4.335260000000000218e+03
5.375100000000000364e+03
6.062350000000000364e+03
6.257800000000000182e+03
6.257800000000000182e+03
6.257800000000000182e+03
6.257800000000000182e+03
6.660979999999999563e+03
7.093750000000000000e+03
7.476960000000000036e+03
7.476960000000000036e+03
7.093750000000000000e+03
6.623170000000000073e+03
6.606800000000000182e+03
6.056930000000000291e+03
6.056930000000000291e+03
6.056930000000000291e+03
6.069220000000000255e+03
6.069220000000000255e+03
7.015619999999999891e+03
7.362920000000000073e+03
7.387250000000000000e+03
7.387250000000000000e+03
7.387250000000000000e+03
7.387250000000000000e+03
6.510619999999999891e+03
6.510619999999999891e+03
5.372140000000000327e+03
5.272159999999999854e+03
5.372140000000000327e+03
5.272159999999999854e+03
5.272159999999999854e+03
6.156250000000000000e+03
6.156250000000000000e+03
6.062500000000000000e+03
6.062500000000000000e+03
5.436859999999999673e+03
2.807940000000000055e+03
2.568269999999999982e+03
2.807940000000000055e+03
5.436859999999999673e+03
5.526350000000000364e+03
6.123949999999999818e+03
7.484380000000000109e+03
7.484380000000000109e+03
7.692149999999999636e+03
7.692149999999999636e+03
7.156500000000000000e+03
7.156500000000000000e+03
7.706939999999999600e+03
7.156500000000000000e+03
7.651319999999999709e+03
7.651319999999999709e+03
6.091090000000000146e+03
6.091090000000000146e+03
7.225010000000000218e+03
5.783100000000000364e+03
5.757170000000000073e+03
7.225010000000000218e+03
5.737289999999999964e+03
5.737289999999999964e+03
7.109380000000000109e+03
7.212210000000000036e+03
7.212210000000000036e+03
7.614960000000000036e+03
7.595310000000000400e+03
7.595310000000000400e+03
7.595310000000000400e+03
6.609380000000000109e+03
6.609380000000000109e+03
6.609380000000000109e+03
6.609380000000000109e+03
6.186869999999999891e+03
6.186869999999999891e+03
5.187500000000000000e+03
5.047380000000000109e+03
5.047380000000000109e+03
5.047380000000000109e+03
5.478180000000000291e+03
5.641590000000000146e+03
7.484119999999999891e+03
7.484119999999999891e+03
7.484119999999999891e+03
7.408439999999999600e+03
6.981590000000000146e+03
6.359380000000000109e+03
6.359380000000000109e+03
6.566800000000000182e+03
6.566800000000000182e+03
6.085579999999999927e+03
5.864300000000000182e+03
5.864300000000000182e+03
5.743500000000000000e+03
4.849350000000000364e+03
3.531250000000000000e+03
2.167530000000000200e+03
2.167530000000000200e+03
1.629579999999999927e+03
1.629579999999999927e+03
1.629579999999999927e+03
1.586599999999999909e+03
1.586599999999999909e+03
1.586599999999999909e+03
1.066650000000000091e+03
1.075169411764705956e+03
1.083688823529411820e+03
1.092208235294117685e+03
1.100727647058823550e+03
1.109247058823529414e+03
1.117766470588235279e+03
1.126285882352941144e+03
1.134805294117647009e+03
1.143324705882353101e+03
1.151844117647058965e+03
1.160363529411764830e+03
1.168882941176470695e+03
1.177402352941176559e+03
1.185921764705882424e+03
1.194441176470588289e+03
1.202960588235294153e+03
1.211480000000000018e+03
1.550230000000000018e+03
1.550230000000000018e+03
2.515619999999999891e+03
1.550230000000000018e+03
1.196200000000000045e+03
1.171059999999999945e+03
1.196200000000000045e+03
1.196200000000000045e+03
1.283339999999999918e+03
1.294880000000000109e+03
1.407710000000000036e+03
1.407710000000000036e+03
1.407710000000000036e+03
1.294880000000000109e+03
1.537267000000000053e+03
1.779653999999999996e+03
2.022041000000000167e+03
2.264427999999999884e+03
2.506815000000000055e+03
2.749202000000000226e+03
2.991588999999999942e+03
3.233976000000000113e+03
3.476363000000000284e+03
3.718750000000000000e+03
4.359380000000000109e+03
4.359380000000000109e+03
4.359380000000000109e+03
5.125000000000000000e+03
5.125000000000000000e+03
5.372069999999999709e+03
5.722630000000000109e+03
5.722630000000000109e+03
6.939380000000000109e+03
6.939380000000000109e+03
7.125000000000000000e+03
7.125000000000000000e+03
7.125000000000000000e+03
7.125000000000000000e+03
7.125000000000000000e+03
6.307689999999999600e+03
6.307689999999999600e+03
1.149029999999999973e+03
1.373474615384615390e+03
1.597919230769230580e+03
1.822363846153845998e+03
2.046808461538461415e+03
2.271253076923077060e+03
2.495697692307691796e+03
2.720142307692307440e+03
2.944586923076923085e+03
3.169031538461538275e+03
3.393476153846153466e+03
3.617920769230769110e+03
3.842365384615383846e+03
4.066809999999999945e+03
5.181239999999999782e+03
5.955550000000000182e+03
5.955550000000000182e+03
5.955550000000000182e+03
5.335270000000000437e+03
4.891789999999999964e+03
4.390619999999999891e+03
4.390619999999999891e+03
3.755679999999999836e+03
2.895500000000000000e+03
2.773320000000000164e+03
2.337170000000000073e+03
1.906819999999999936e+03
1.906819999999999936e+03
2.328119999999999891e+03
2.337170000000000073e+03
3.240230000000000018e+03
3.483610000000000127e+03
3.423150000000000091e+03
3.423150000000000091e+03
3.483610000000000127e+03
3.423150000000000091e+03
3.115530000000000200e+03
2.130769999999999982e+03
1.754089999999999918e+03
1.329289999999999964e+03
1.142049999999999955e+03
1.169156666666666752e+03
1.196263333333333321e+03
1.223369999999999891e+03
1.250476666666666688e+03
1.277583333333333485e+03
1.304690000000000055e+03
5.203119999999999891e+03
6.289060000000000400e+03
7.578119999999999891e+03
7.820890000000000327e+03
7.820890000000000327e+03
7.578119999999999891e+03
7.341970000000000255e+03
7.341970000000000255e+03
7.341970000000000255e+03
7.341970000000000255e+03
7.341970000000000255e+03
6.769989999999999782e+03
6.769989999999999782e+03
5.128630000000000109e+03
5.047960000000000036e+03
5.047960000000000036e+03
7.779880000000000109e+03
6.287270000000000437e+03
6.671880000000000109e+03
6.671880000000000109e+03
6.287270000000000437e+03
6.287270000000000437e+03
5.754460000000000036e+03
5.754460000000000036e+03
5.754460000000000036e+03
5.754460000000000036e+03
4.593750000000000000e+03
4.320310000000000400e+03
4.320310000000000400e+03
4.320310000000000400e+03
4.593750000000000000e+03
5.653010000000000218e+03
6.575460000000000036e+03
5.653010000000000218e+03
5.653010000000000218e+03
5.558359999999999673e+03
4.312500000000000000e+03
3.683536000000000058e+03
3.054572000000000116e+03
2.425608000000000175e+03
1.796644000000000233e+03
1.167680000000000064e+03
1.607240000000000009e+03
2.088929999999999836e+03
1.831119999999999891e+03
1.831119999999999891e+03
1.607240000000000009e+03
1.607240000000000009e+03
1.607240000000000009e+03
1.607240000000000009e+03
1.607240000000000009e+03
1.607240000000000009e+03
1.607240000000000009e+03
1.607240000000000009e+03
1.607240000000000009e+03
1.607240000000000009e+03
1.607240000000000009e+03
1.607240000000000009e+03
1.607240000000000009e+03
1.607240000000000009e+03
