-7.53499	1.60572	0.235602	0.41604	0.135761	0.262074	0.0800498	0.138006	0.0421048	0.112405	0.0165987	0.0623309	0.0384022	0.0529708	0.000761473	0.0662621	0.0151193
-7.59765	1.58934	0.315085	0.424846	0.198255	0.271168	0.136182	0.15856	0.0928932	0.131463	0.0647416	0.0859053	0.077357	0.0770118	0.0416095	0.0862544	0.0514875
-8.8307	1.58316	0.438133	0.486358	0.312351	0.33163	0.210658	0.253857	0.181869	0.220558	0.0888822	0.20016	0.132081	0.124691	0.127711	0.159788	0.131648
-9.14629	1.42396	0.485732	0.449196	0.368493	0.328906	0.222623	0.294244	0.294158	0.315335	0.190548	0.273804	0.124921	0.139948	0.154777	0.211755	0.242185
-9.36248	1.31611	0.425232	0.444468	0.445934	0.395863	0.302397	0.36092	0.341355	0.2658	0.115333	0.323068	0.0987822	0.139596	0.238145	0.20103	0.219602
-9.1798	1.41659	0.489239	0.456007	0.388126	0.361355	0.272209	0.287265	0.284079	0.190154	0.125804	0.262459	0.153389	0.135297	0.212382	0.133803	0.152941
-9.25087	1.35409	0.538314	0.431568	0.321363	0.31725	0.296009	0.292796	0.223089	0.209867	0.153145	0.255103	0.170256	0.147022	0.159339	0.142463	0.111555
-9.51474	1.20869	0.502553	0.482489	0.3744	0.272287	0.232664	0.30238	0.217615	0.174109	0.0997039	0.209038	0.16306	0.117519	0.101565	0.179689	0.0486695
-9.46229	1.20234	0.516059	0.490885	0.28004	0.252901	0.140397	0.218157	0.282545	0.17475	0.106715	0.228403	0.13322	0.0697951	0.147577	0.194779	0.0345265
-9.44526	1.28942	0.535161	0.462126	0.350209	0.242301	0.145486	0.366314	0.354203	0.12371	0.150783	0.130143	0.131198	0.0415467	0.166702	0.241823	0.0601479
-9.35686	1.35792	0.555465	0.375232	0.355373	0.30092	0.195291	0.3382	0.258688	0.136168	0.224861	0.190635	0.161591	0.133349	0.150011	0.20548	0.194335
-9.53608	1.3563	0.591974	0.303447	0.398385	0.425967	0.271328	0.400264	0.233605	0.316924	0.357093	0.294011	0.171035	0.101108	0.154803	0.220374	0.214584
-9.27801	1.40488	0.635476	0.492197	0.335536	0.286327	0.219996	0.328443	0.2305	0.245701	0.252454	0.258346	0.15466	0.139861	0.132113	0.185945	0.176613
-9.10551	1.45853	0.58665	0.499986	0.339056	0.296888	0.218252	0.281931	0.228042	0.22783	0.173779	0.184722	0.138988	0.134106	0.125402	0.137421	0.138717
-9.36456	1.3721	0.519367	0.53593	0.407125	0.379322	0.258135	0.332142	0.27777	0.266742	0.161512	0.195871	0.131773	0.0810916	0.127968	0.254187	0.15297
-9.08326	1.38946	0.477583	0.450875	0.403662	0.385325	0.253705	0.357472	0.29329	0.295439	0.187461	0.189502	0.139635	0.137754	0.118972	0.145892	0.156838
-9.14744	1.43642	0.514259	0.508891	0.348519	0.339101	0.243573	0.293556	0.309783	0.331842	0.210007	0.188013	0.260556	0.214243	0.161325	0.183105	0.202562
-9.41862	1.3834	0.6182	0.547785	0.333812	0.291766	0.193099	0.39492	0.358943	0.296536	0.241419	0.32752	0.358363	0.183732	0.0264524	0.165237	0.236583
-9.07979	1.46223	0.514252	0.425005	0.325986	0.346146	0.2462	0.303392	0.249181	0.237149	0.182303	0.238682	0.255012	0.176759	0.174174	0.140539	0.109311
-9.26551	1.408	0.538029	0.440958	0.347989	0.37542	0.264453	0.278018	0.210105	0.276168	0.178947	0.237173	0.171365	0.146685	0.15396	0.064288	0.0687524
-9.42617	1.31404	0.500579	0.518582	0.478477	0.395342	0.203539	0.237283	0.124211	0.14669	0.12217	0.306654	0.191707	0.187374	0.11853	0.106304	0.116669
-9.33226	1.22676	0.437692	0.438711	0.386628	0.293211	0.19462	0.361801	0.150502	0.116119	0.134192	0.324735	0.169656	0.109473	0.0447382	0.130191	0.147537
-9.50746	1.0934	0.453154	0.518236	0.40023	0.343139	0.236519	0.308258	0.0872891	0.0905101	0.107163	0.251592	0.15214	0.169856	-0.0206049	-0.025269	0.0174492
-9.57457	1.13716	0.452203	0.501108	0.358441	0.360625	0.238429	0.287707	0.198903	0.110896	0.0542182	0.108006	0.098431	0.0936725	-0.0485634	-0.0967676	0.0529206
-9.54868	1.27119	0.387869	0.439773	0.278322	0.343572	0.262008	0.30118	0.261088	0.0394647	0.129044	0.116407	-0.089241	-0.0104694	-0.0391792	0.0230799	0.17447
-9.50056	1.28919	0.510331	0.43716	0.237595	0.256395	0.239151	0.402481	0.215694	0.0708845	0.0662042	0.0897627	-0.0367426	0.0369997	0.0206802	0.0703337	0.228785
-9.52258	1.18889	0.445431	0.356258	0.338456	0.357783	0.249259	0.304299	0.15401	0.179899	0.163338	0.206382	0.0329407	0.15628	0.203976	0.0446807	0.098432
-9.48951	1.26429	0.407304	0.284918	0.417515	0.453171	0.298677	0.216792	0.13708	0.246161	0.253257	0.304241	0.114	0.170496	0.102291	-0.036159	0.148668
-9.47233	1.36073	0.553964	0.395098	0.357998	0.303577	0.281789	0.207279	0.161923	0.215935	0.23917	0.282868	0.144137	0.195847	0.0825944	0.127317	0.278455
-9.30523	1.51164	0.621438	0.494355	0.240074	0.139627	0.233151	0.31628	0.192035	0.0903795	0.0951592	0.134201	0.138629	0.143013	0.14763	0.175352	0.17988
-9.01007	1.60354	0.668353	0.486816	0.152996	0.0911122	0.161392	0.242868	0.135895	0.160947	0.11214	0.0623753	0.0523184	0.066815	0.178988	0.22606	0.230482
-8.80781	1.6647	0.636154	0.428844	0.128073	0.0241062	0.101764	0.202162	0.193291	0.259336	0.126082	0.027356	0.0748517	0.0935043	0.0556751	0.194449	0.261962
-8.72263	1.89996	0.916525	0.654751	0.173793	0.00186832	-0.0319457	0.199292	0.163837	0.192548	0.00777131	-0.145826	-0.0143208	-0.0254119	-0.0923963	0.199336	0.303332
-7.90573	1.8275	0.693969	0.495934	0.219207	0.100172	0.0545394	0.0552308	0.0391495	0.0411725	-0.0114295	-0.0796703	-0.0917891	-0.0768161	-0.0324211	0.0707818	0.14952
-8.64113	2.34785	1.30461	0.847549	-0.104861	-0.142729	0.00506575	0.0786285	0.132455	0.185382	-0.0907052	-0.0357105	-0.159884	0.165295	-0.277461	-0.0963812	-0.223227
-8.29856	2.96814	1.7344	0.896126	0.57662	0.319873	0.187523	0.303119	0.0606367	-0.178102	0.0145712	-0.381938	-0.0353609	-0.206362	-0.0778986	0.432678	0.687539
-8.08703	3.3529	2.24087	1.50624	0.342767	0.0752024	-0.300373	0.0896613	-0.0646984	-0.091852	0.232948	-0.603222	0.0992936	0.0990517	-0.0618685	0.280845	0.182978
-5.57273	2.19011	0.905427	0.533882	0.105581	-0.154825	-0.300393	-0.320937	-0.283246	-0.232039	-0.202389	-0.21236	-0.239886	-0.2645	-0.262253	-0.218201	-0.146309
-6.73603	3.17319	1.26057	1.15145	-0.145979	-0.164872	-0.339116	-0.388569	-0.242934	-0.0972303	0.0565573	-0.386708	-0.191936	-0.0350414	-0.590463	-0.0650943	-0.0341955
-6.64412	3.22596	1.24476	1.33452	-0.215983	-0.33804	-0.197118	-0.18081	0.00485876	-0.205103	-0.01018	-0.408055	0.0490898	-0.02394	-0.432151	-0.187136	-0.0205734
-6.4134	3.31318	1.19101	1.06277	-0.20517	-0.141042	-0.296322	-0.332562	-0.0816677	-0.17781	0.104543	-0.377697	-0.117835	0.0218012	-0.441676	-0.0749979	-0.0742699
-6.50771	3.31944	1.14567	1.13664	-0.201192	-0.175729	-0.322359	-0.321514	-0.0713416	-0.263442	-0.0351291	-0.387949	-0.181023	0.0898158	-0.418853	-0.105739	-0.0182033
-6.4412	3.1903	1.00933	0.996574	-0.244659	-0.054968	-0.134647	-0.363383	-0.106246	-0.372302	-0.128206	-0.528047	-0.290561	0.0383207	-0.457218	-0.0313771	0.0457991
-6.40856	3.19129	1.0059	0.751192	-0.313614	-0.17251	-0.225127	-0.39532	-0.107715	-0.549102	0.0280717	-0.364195	-0.251662	-0.142459	-0.318218	-0.132357	-0.0225134
-6.53915	3.09691	1.01067	0.715516	-0.179031	-0.0307864	-0.343868	-0.332473	-0.242244	-0.52472	0.0676913	-0.290104	-0.187693	-0.0731491	-0.421061	-0.156853	-0.00796978
-6.70598	2.96632	0.639433	0.883714	-0.196398	-0.0876763	-0.233955	-0.498734	-0.186054	-0.396825	-0.0883414	-0.506123	-0.200802	-0.0185888	-0.387964	-0.172547	-0.22319
-6.80666	2.92083	0.662772	0.70654	-0.429301	0.0279721	-0.173783	-0.504576	-0.331954	-0.337013	0.00158841	-0.374707	-0.251866	-0.191823	-0.363852	-0.151086	-0.144844
-6.34236	3.6175	1.40512	1.11241	0.0247218	0.241358	0.177335	-0.0250712	0.271721	-0.0215015	0.278421	0.0989383	0.127368	0.269376	-0.127329	0.346588	0.281709
-6.65254	3.67539	1.03265	0.850307	0.0245975	-0.00957749	-0.0385825	-0.213243	0.143321	-0.0320963	0.172795	-0.228153	-0.134474	0.0277766	-0.125006	0.146373	-0.00135162
-6.63704	3.54599	0.921352	1.04416	-0.118531	0.0438243	0.00606651	-0.188607	0.206721	-0.134715	0.129425	-0.225315	-0.248812	0.208936	-0.204902	0.0686198	0.0569691
-6.41253	3.51076	0.916502	0.925488	0.216442	0.272743	0.0855877	-0.149369	0.271076	-0.0866655	0.0952953	-0.0156738	0.2127	-0.0166411	-0.271593	0.260974	0.359299
-6.43623	3.39141	0.779263	1.12507	0.107525	-0.0340939	0.0483244	0.251234	-0.00709846	-0.275891	-0.103331	0.113439	0.0800945	0.0801253	-0.280559	0.0957526	0.191303
-6.27445	3.40236	0.763096	1.06937	0.258154	0.217669	-0.079125	-0.0317018	0.264766	-0.0593596	0.00029248	-0.0116817	0.107153	0.0720644	0.145311	0.0259553	0.104102
-6.38537	3.86123	1.04287	0.850719	-0.0319259	0.318774	0.226491	-0.121099	0.404924	0.063482	0.111728	-0.0587685	0.141788	0.136312	-0.103317	0.321741	0.31128
-6.16174	3.60265	0.718316	0.800979	-0.123335	0.130443	0.0155417	-0.108138	0.19316	-0.228584	0.237298	-0.107841	-0.306229	-0.158021	0.0426327	0.151435	0.0880587
-5.97075	3.9516	1.3416	1.24625	0.17329	0.271985	0.17683	0.323755	0.75313	0.275687	0.637203	-0.0845269	-0.266022	0.276032	0.332878	0.731741	0.550728
-5.4861	3.66411	0.787324	0.592981	-0.548613	0.241229	0.0736464	-0.0139076	0.323509	-0.230765	0.0337781	-0.183925	-0.162	-0.050237	-0.159262	0.375874	0.127708
-5.36407	3.60427	0.89095	0.596407	-0.93748	0.0495062	0.233648	-0.29186	0.100543	-0.195228	0.167003	-0.441435	-0.190066	-0.16489	-0.139435	0.0984376	0.239541
-4.93318	3.67192	1.05383	1.09245	-0.976775	0.17808	0.319393	0.195855	0.361029	0.023754	0.0602665	-0.113806	-0.0261748	0.107633	0.0741694	0.367104	0.369541
-4.6549	3.69504	0.925993	0.694274	-0.855829	0.211982	0.518418	0.124426	0.20228	-0.085556	0.104242	-0.00123613	0.0074904	0.2898	-0.0210989	0.369024	0.187389
-4.28947	3.63708	0.674528	0.303485	-0.896043	0.265347	0.551434	0.131266	-0.0817881	-0.111652	0.058087	0.169151	0.137376	0.164557	-0.12213	0.202569	0.100692
-4.08276	3.29756	0.467669	0.31655	-0.851604	0.208212	0.273812	-0.0111195	-0.311675	0.0135206	0.0761682	0.305832	0.0120118	-0.00280027	-0.324278	0.0258062	0.137083
-3.74667	3.43563	0.238384	0.242589	-0.645334	0.394173	0.31488	0.0698092	-0.305818	0.174778	0.288643	0.451882	-0.0670117	0.139543	-0.239562	0.171422	0.143866
-3.63949	3.25353	0.0949477	0.215586	-0.61546	0.197075	0.245801	-0.0713488	-0.259267	0.354657	0.228288	0.150432	-0.060078	0.0473269	-0.302879	0.249692	0.0318339
-3.28842	2.65664	0.0788854	0.006003	-0.533336	0.266312	0.0205843	-0.0734653	-0.331536	0.369364	0.119868	0.126025	-0.409845	0.0566075	-0.256202	0.132433	-0.0200325
-3.10084	2.59903	-0.111095	0.137056	-0.425999	0.150122	0.0363624	0.0377185	-0.310255	0.518805	0.0556295	0.132021	-0.374148	-0.00992918	-0.0375393	-0.0946497	0.194659
-2.88081	2.26828	-0.323016	-0.118805	-0.28013	-0.0902889	-0.045248	-0.20508	-0.226603	0.450929	-0.100669	-0.111365	-0.34374	-0.115849	-0.234084	-0.0441905	-0.0268477
-2.60977	2.12788	-0.468114	-0.0475047	-0.343304	0.0901203	-0.127457	-0.118887	-0.172285	0.47364	-0.0961292	-0.121437	-0.306947	-0.0344203	-0.263673	-0.0626747	0.0898306
-2.43933	1.90045	-0.346288	-0.196309	-0.324628	0.0739084	-0.142968	-0.0589409	-0.197899	0.447875	-0.108681	-0.145621	-0.27781	-0.0605047	-0.19923	-0.165167	0.108608
-2.42267	1.90268	-0.400098	-0.309026	-0.251467	0.0600352	-0.156384	0.0151327	-0.150273	0.43566	-0.225483	-0.189738	-0.215141	-0.0430528	-0.24484	-0.0768304	0.066953
-2.16105	1.62095	-0.395655	-0.254036	-0.251324	0.139006	-0.096849	-0.0104774	-0.152861	0.473617	-0.237916	-0.175908	-0.178229	-0.0441359	-0.140205	-0.107023	0.0820411
-2.21788	1.64286	-0.417287	-0.258648	-0.300925	0.182686	-0.164228	0.0519147	-0.178376	0.432436	-0.248656	-0.19691	-0.18769	-0.0521514	-0.147664	-0.132654	0.0587454
-2.3011	1.74301	-0.500692	-0.331068	-0.268003	0.181307	-0.152873	0.0206305	-0.178774	0.483417	-0.355563	-0.230614	-0.166122	-0.0693503	-0.147562	-0.0982893	0.0140554
-2.1008	1.51292	-0.379254	-0.229225	-0.263184	0.240903	-0.0820936	0.124665	-0.137082	0.447242	-0.254388	-0.245065	-0.121777	-0.0472226	-0.0339409	-0.0227846	0.0508264
-2.21055	1.59002	-0.521022	-0.223399	-0.389161	0.265682	-0.153033	0.106718	-0.211054	0.43792	-0.310891	-0.257639	-0.220177	-0.0402706	-0.12539	-0.00607161	-0.083328
-2.14567	1.55717	-0.525971	-0.232598	-0.35377	0.265383	-0.149859	0.122953	-0.176918	0.438341	-0.288902	-0.251501	-0.203287	-0.0449831	-0.0901613	0.0107733	-0.0550398
-2.09339	1.52166	-0.495677	-0.263503	-0.313555	0.255457	-0.0905535	0.145086	-0.174496	0.406258	-0.202323	-0.286185	-0.161484	-0.0857025	-0.0297974	0.0479366	-0.0525016
-2.13195	1.50424	-0.497793	-0.307123	-0.34436	0.263013	-0.114232	0.104539	-0.209729	0.4412	-0.22288	-0.305221	-0.198639	-0.104954	-0.0422711	0.0393443	-0.100732
-2.15085	1.48523	-0.503368	-0.332289	-0.353229	0.248973	-0.0682433	0.0339728	-0.198804	0.409838	-0.208785	-0.324812	-0.225176	-0.119477	-0.0498295	0.0570223	-0.150571
-2.29647	1.65891	-0.517464	-0.392969	-0.383289	0.226662	-0.0362487	-0.040167	-0.168288	0.386394	-0.188558	-0.312277	-0.259753	-0.10813	-0.116114	0.116448	-0.214513
-2.26545	1.54991	-0.425561	-0.402928	-0.43025	0.297645	-0.0842535	0.0319265	-0.261608	0.448593	-0.216631	-0.290669	-0.254859	-0.141862	-0.0555092	0.084358	-0.208944
-2.26937	1.50061	-0.376098	-0.433387	-0.442612	0.331517	-0.0626992	-0.0100803	-0.247472	0.436125	-0.191007	-0.307426	-0.258731	-0.157842	-0.0296502	0.0559162	-0.190891
-2.461	1.9057	-0.491524	-0.280269	-0.506238	0.428428	-0.0333377	0.0824552	-0.240137	0.472802	-0.0607957	-0.276073	-0.144853	-0.215488	0.0853413	0.0573077	-0.0178172
-2.41096	1.60855	-0.357794	-0.443276	-0.486957	0.324098	0.00797899	-0.0577746	-0.204062	0.400365	-0.205157	-0.257825	-0.230067	-0.279647	0.054932	0.0301553	-0.173948
-2.38639	1.56867	-0.281379	-0.485751	-0.538435	0.353172	0.0304817	-0.0457098	-0.293572	0.387648	-0.106791	-0.244368	-0.270738	-0.259445	-0.0014227	0.0800243	-0.205369
-2.35788	1.44532	-0.165661	-0.540824	-0.564722	0.362998	0.0388787	-0.0475342	-0.272159	0.338182	-0.13446	-0.173455	-0.296755	-0.27668	-0.0397159	0.0929921	-0.207385
-2.45187	1.53124	-0.156414	-0.56068	-0.618685	0.383787	0.0126591	-0.0409099	-0.317033	0.313114	-0.142521	-0.148849	-0.29302	-0.329086	-0.0580396	0.0814109	-0.233309
-2.38686	1.49978	0.0255982	-0.600975	-0.541227	0.39428	0.166747	-0.0826257	-0.186775	0.230946	0.00250402	-0.122586	-0.150217	-0.389306	0.049968	0.0439088	-0.0374845
-2.52622	1.57982	-0.0656022	-0.605454	-0.662549	0.380283	0.0732135	-0.0664175	-0.354366	0.251329	-0.145888	-0.0607588	-0.260386	-0.381561	-0.0721033	0.052327	-0.217842
-2.5503	1.54994	-0.0392589	-0.577017	-0.733598	0.380506	0.0371927	-0.0888581	-0.328611	0.195188	-0.180426	-0.0321558	-0.25127	-0.395403	-0.0801879	-0.0343123	-0.192456
-2.68382	1.632	0.0162998	-0.663311	-0.752444	0.347106	0.00316115	-0.105335	-0.366936	0.130375	-0.213187	-0.00252024	-0.288398	-0.389183	-0.138429	-0.08258	-0.241003
-2.704	1.58994	0.0202017	-0.645143	-0.819248	0.259977	0.0117549	-0.166543	-0.394991	0.100019	-0.310384	0.0622472	-0.286645	-0.40022	-0.256935	-0.158953	-0.238798
-2.73009	1.611	0.0699388	-0.650378	-0.845644	0.271582	0.0230326	-0.182351	-0.389798	0.081183	-0.276343	0.0591707	-0.284866	-0.392725	-0.243183	-0.191632	-0.190448
-2.77027	1.68893	0.146913	-0.630451	-0.794237	0.311092	0.0681871	-0.144888	-0.318614	0.0349566	-0.183303	0.108557	-0.248686	-0.39631	-0.158426	-0.224374	-0.0468749
-2.86064	1.76648	0.126635	-0.574151	-0.920323	0.295159	0.000632739	-0.178667	-0.391333	0.0375188	-0.270161	0.189608	-0.21022	-0.39847	-0.293179	-0.255688	-0.0960751
-2.9082	1.75566	0.177869	-0.565138	-0.94814	0.241216	0.0293619	-0.194047	-0.352912	-0.0326725	-0.247425	0.166735	-0.209979	-0.41837	-0.291293	-0.310774	-0.0609335
-2.9223	1.68541	0.27066	-0.616168	-0.928893	0.205609	0.054762	-0.194531	-0.385638	-0.0651614	-0.239835	0.197481	-0.259516	-0.380619	-0.295586	-0.323454	-0.0940003
-2.98461	1.68991	0.346593	-0.639914	-0.885778	0.197236	0.0723111	-0.224328	-0.34391	-0.105329	-0.220384	0.231843	-0.281039	-0.366261	-0.283121	-0.32735	-0.0771714
-3.04082	1.78254	0.293968	-0.543414	-0.939814	0.288107	0.0300294	-0.173306	-0.390888	-0.0617416	-0.236186	0.279172	-0.336134	-0.293786	-0.308368	-0.284745	-0.0805406
-3.14283	1.87788	0.391956	-0.45169	-0.97534	0.216403	0.129707	-0.211503	-0.341945	-0.10405	-0.162912	0.256804	-0.182892	-0.330155	-0.250922	-0.30273	-0.0564765
-3.09345	1.82846	0.479337	-0.458452	-0.888313	0.300757	0.0708756	-0.196819	-0.260118	-0.053267	-0.112268	0.252184	-0.251653	-0.213607	-0.249445	-0.236416	0.02551
-3.17957	1.86867	0.450586	-0.414371	-1.00556	0.241367	-0.0169652	-0.17906	-0.371508	-0.0154572	-0.248102	0.259518	-0.253448	-0.229104	-0.289362	-0.220449	-0.142539
-3.34921	2.07661	0.559114	-0.397746	-0.87721	0.0861893	0.0736198	-0.213484	-0.244082	-0.106257	-0.0790328	0.170281	-0.196358	-0.182718	-0.252139	-0.102154	-0.18995
-3.29203	2.03009	0.431543	-0.441086	-0.854779	0.315193	-0.16442	-0.242552	-0.355279	0.0137854	-0.112578	0.219686	-0.285144	-0.290043	-0.219883	-0.13938	-0.155344
-3.14986	1.85759	0.50543	-0.385386	-0.827392	0.280584	-0.0308007	-0.306395	-0.314885	-0.0754911	-0.0538307	0.290363	-0.357787	-0.114438	-0.370873	0.0147352	-0.217742
-3.35799	2.21632	0.658485	-0.264114	-0.656392	0.27203	0.122079	-0.19937	-0.343448	0.177981	-0.101015	0.52491	-0.27876	-0.0954984	-0.198337	0.063235	-0.0798252
-3.40336	2.24368	0.747754	-0.2611	-0.460153	0.396384	-0.038216	-0.141295	-0.262492	0.182033	0.0337193	0.439511	-0.185867	-0.00914482	-0.196012	0.13067	-0.134467
-3.70932	2.24136	1.00977	-0.187243	-0.392765	0.484401	-0.0447	-0.102245	-0.434541	0.147079	0.0475559	0.504906	-0.114963	0.0294217	-0.234272	0.206838	-0.298755
-3.74494	2.10029	0.828032	0.0710877	-0.315412	0.4766	-0.143017	-0.285505	-0.321385	0.307761	0.015879	0.241269	-0.177144	-0.0167395	-0.137782	0.166408	-0.377074
-4.41654	2.38107	0.683637	0.22113	-0.156686	0.559813	-0.322383	-0.167862	-0.0719165	0.0887879	-0.348051	-0.00128769	-0.11221	-0.0045395	-0.067579	0.138358	-0.436882
-4.62685	2.43458	0.679116	0.276683	-0.425821	0.392793	-0.152526	-0.282073	-0.385541	0.124374	-0.177709	-0.109498	-0.434025	0.0803589	-0.0288334	0.125835	-0.621784
-4.81908	2.4762	0.498418	0.520544	0.432604	0.712697	-0.0429138	-0.310275	-0.212893	0.322672	-0.322718	0.10283	-0.0151202	0.00180773	0.0601761	0.0184482	-0.291612
-5.08322	1.85963	0.672836	0.574901	0.368353	0.707133	-0.272938	-0.36283	-0.374419	0.200863	-0.445789	-0.0128006	0.135951	-0.0661239	-0.0674772	-0.0429469	-0.64737
-5.11697	2.21164	0.589858	0.506591	0.541618	0.565679	-0.29631	0.0314013	-0.216162	0.210595	-0.428856	-0.0416518	0.0216564	0.00569684	-0.0959271	0.0930834	-0.355025
-5.20744	1.77446	1.12518	1.10129	0.486389	0.413652	0.0592245	0.273213	0.295232	0.128654	-0.66737	-0.220633	0.168291	0.170108	0.131091	0.155368	-0.0932935
-5.32525	1.59515	0.429407	1.38111	0.411172	0.266678	0.195505	0.405053	-0.116487	-0.225079	-0.549246	-0.290786	-0.371515	0.187206	0.289874	0.200548	-0.159822
-5.24946	1.75228	0.723033	1.69188	0.859121	-0.00506838	0.177843	0.718551	0.355323	0.104984	-0.128404	-0.08968	-0.00143941	0.27404	0.330601	0.326839	0.0605884
-5.11238	0.8919	0.65265	1.31188	0.287629	0.217405	0.139911	0.412762	-0.0974323	-0.0559194	-0.277338	-0.195865	-0.325661	-0.00672549	0.244771	0.0601357	0.00443353
-5.10513	0.850312	0.538483	1.50781	0.173169	-0.122507	0.244986	0.2174	-0.221997	-0.132877	-0.0547421	-0.100062	-0.162519	0.0559835	0.0897959	-0.0316285	0.0346148
-4.97398	0.385544	0.578683	1.43244	0.258677	0.255252	0.313193	0.10429	-0.412573	-0.0114925	-0.0350742	0.17952	0.0830298	-0.0732142	0.0333607	-0.0879931	-0.184627
-5.52996	-0.0912456	0.688767	1.22194	-0.108857	-0.0735533	-0.306484	-0.162121	-0.506268	-0.279342	-0.385786	-0.498601	-0.622214	-0.489033	-0.243174	-0.106398	0.0100562
-5.27564	-0.051029	0.672049	1.63264	0.464954	0.561685	0.261283	-0.0416419	-0.507653	-0.487107	-0.104504	-0.0275532	0.0129506	0.000669111	0.400812	-0.117566	-0.14994
-5.37237	0.484652	0.964328	1.36888	-0.0225432	0.197305	0.115567	0.147469	-0.299874	-0.0458281	-0.0810398	0.104622	0.0133333	-0.125322	-0.0159698	-0.164016	-0.0527023
-5.40569	0.341888	1.09329	1.47011	0.194205	0.582406	0.166686	-0.24158	-0.279964	0.00875033	-0.267057	-0.0515042	0.0887573	0.206106	0.0805796	-0.308505	-0.0353594
-5.4333	0.660979	1.26433	1.73962	0.311671	0.428668	0.248471	-0.189771	-0.112346	-0.0595381	-0.219685	-0.0787238	0.0994485	-0.27872	0.208682	0.117851	0.153741
-5.58396	1.03331	1.44811	1.47263	0.15642	0.633125	0.474522	0.0403731	-0.31901	-0.0664684	-0.0876336	-0.049109	-0.167074	-0.161197	0.31067	-0.252508	0.0278249
-5.31016	1.38094	1.52847	1.59145	0.359155	0.756218	0.0312512	0.228361	-0.0264119	-0.0553851	-0.31644	0.189211	-0.051578	-0.100099	0.0166901	-0.0374518	0.110198
-5.18525	1.64964	1.35449	1.71585	0.00487885	0.320015	0.264289	0.257612	-0.475828	0.0680113	-0.187096	0.00441788	0.0866134	-0.0342396	-0.226196	0.0595165	-0.0143076
-5.15722	1.94011	1.38409	1.40619	0.0886606	0.457993	0.480245	0.00649403	-0.208762	0.246833	-0.473037	-0.0728347	-0.0488243	0.248928	0.0564718	0.100811	0.0369669
-4.87018	1.82015	1.39902	1.29381	0.194824	0.521033	0.310392	0.0774157	-0.204701	0.156945	-0.0711767	-0.200581	-0.0776769	0.0912044	0.134521	0.0263269	0.27993
-4.71459	1.72085	1.36637	1.37281	-0.0331089	0.435061	0.454084	0.0109798	-0.258691	0.152049	-0.0309674	-0.166834	-0.0786009	0.131376	0.0694757	0.0534632	0.232597
-4.81265	1.99687	1.43833	1.33723	0.100949	0.475197	0.517772	0.0213725	-0.24836	0.374091	0.00609648	-0.22629	0.109271	0.161438	-0.0549077	0.20953	0.338247
-4.74381	1.81013	1.07905	1.33017	0.103689	0.113046	0.450172	-0.0185143	-0.357614	0.055084	-0.0720752	-0.240956	-0.127605	0.179878	-0.0407054	0.148977	0.0804204
-4.78606	1.94985	1.27801	1.29479	0.141241	0.247672	0.501595	0.139611	-0.439881	0.200213	-0.00620418	-0.261771	0.025451	0.180186	0.0463055	0.0970287	0.241076
-4.8576	1.91476	1.1862	1.23727	0.327885	0.0455981	0.415561	0.232717	-0.502895	-0.0141591	0.0743087	-0.379198	-0.00389374	0.154208	-0.0130837	0.134889	0.186287
-4.89132	1.98575	1.17625	1.28624	0.266272	0.161377	0.353044	0.182302	-0.475809	0.0742205	-0.0105086	-0.234425	-0.112082	0.194023	0.00863952	0.184408	0.124114
-5.05081	1.9357	1.08228	1.17308	0.263933	0.0470393	0.390291	-0.037921	-0.40462	0.00634122	-0.189962	-0.365589	-0.125439	0.179936	-0.0123169	-0.00634117	0.119067
-5.13433	1.87765	1.28881	1.23516	0.473126	-0.197186	0.301433	0.23168	-0.144115	-0.267578	-0.0597441	-0.144275	0.1875	-0.111354	-0.0149436	0.248792	-0.049347
-5.1117	1.70517	1.56699	1.21507	1.04398	0.133665	0.211463	0.450467	0.148813	0.0367255	0.0133914	0.227864	0.0263277	0.264135	0.316265	0.221992	-0.0390803
-5.28082	0.911571	1.26495	1.18607	1.10715	-0.0381159	-0.113604	0.639532	-0.0549389	-0.165335	-0.0443044	0.149349	0.0221902	-0.140058	-0.161084	-0.0477044	-0.0899153
-5.3075	0.738249	1.28007	0.777397	0.583976	-0.279345	0.095189	0.374105	-0.253008	-0.234798	0.0122882	-0.0958966	-0.34558	-0.191622	-0.149185	-0.259126	-0.161913
-5.15943	0.51045	1.16586	0.573322	0.669468	0.113783	0.48162	0.808459	0.213264	-0.212813	0.0534648	0.0931602	-0.0650587	-0.17179	-0.0745193	0.158717	-0.210709
-5.14457	-0.000967054	0.790495	0.449699	0.706651	0.326171	0.256643	0.272321	0.0324217	-0.251324	-0.112147	0.195662	0.120483	-0.0616942	-0.0767263	-0.145515	-0.279311
-5.30618	0.178718	1.03133	0.355642	0.646874	0.0987321	-0.0903985	0.29423	0.343281	0.234436	0.0323571	0.155317	0.0142586	-0.318203	-0.149132	0.241625	0.055481
-5.18021	-0.271922	0.421254	0.00201471	0.38272	-0.139098	0.108836	0.289346	0.037567	-0.107864	-0.0692567	0.00835938	0.0299466	-0.371319	-0.0987448	0.110073	-0.28721
-5.13412	-0.291673	0.312578	0.0306084	0.364076	-0.161982	0.0923479	0.21328	0.0603041	-0.0887617	-0.0679593	0.0465925	0.0898697	-0.271219	-0.194471	0.0634675	-0.309567
-5.24535	-0.372294	0.446791	0.12947	0.319274	-0.154118	0.08067	0.119835	0.131153	0.0405634	-0.108583	0.0365254	0.17489	-0.159368	-0.204661	0.0726165	-0.141675
-5.2403	-0.378613	0.381965	0.0722443	0.426739	-0.215245	0.128312	0.0848988	0.205965	-0.0577399	-0.0634649	0.0965228	0.116935	-0.139365	-0.191095	0.148602	0.0292981
-5.16819	-0.362798	0.435151	0.0391292	0.538439	-0.199044	0.225774	0.0222175	0.0433328	-0.085344	0.00920783	0.219899	0.12057	-0.023601	-0.167564	0.0997896	0.00617991
-5.14592	-0.355362	0.397186	-0.0256755	0.412914	-0.191867	0.185571	0.0783645	-0.11504	-0.108745	0.163509	0.282456	0.161742	-0.0393567	-0.0227897	0.0850334	-0.0572797
-5.23548	-0.406059	0.294216	-0.147425	0.363922	-0.193599	0.106345	0.0760094	-0.256251	-0.170452	0.191197	0.362986	0.0780403	-0.245783	-0.121341	0.035714	0.0076581
-5.29156	-0.460048	0.295629	-0.196315	0.336308	-0.111157	0.177316	0.257373	-0.0885658	-0.164574	0.146768	0.318618	-0.0874758	-0.246196	-0.0317779	0.0990213	0.00543691
-5.35192	-0.525254	0.289409	-0.156448	0.134334	-0.25883	0.198881	0.285609	0.0605212	-0.0415391	0.222153	0.223803	-0.0861169	-0.223249	-0.000423624	0.10404	0.031279
-5.25993	-0.507417	0.0910996	-0.127945	0.238836	-0.179066	0.207619	0.19583	0.118442	0.018119	0.0411375	0.0260349	-0.120659	-0.112723	-0.167092	0.206675	0.0844156
-5.30223	-0.462569	0.23748	-0.00199864	0.331961	-0.151153	0.00606591	0.0626441	0.0860369	0.135438	-0.0199183	-0.00742782	0.0569044	0.0513894	-0.192344	0.273288	0.0578837
-5.3993	-0.392642	0.293408	-0.026223	0.220747	-0.0567467	0.090108	-0.0381588	-0.0541626	0.211905	-0.0522808	0.0921501	0.182904	0.0867053	-0.194717	0.194423	0.0243234
-5.42231	-0.529835	0.298723	-0.0467972	0.237924	-0.109442	0.192793	-0.0450412	-0.032887	0.15457	0.117861	0.136584	0.216852	0.022638	-0.158933	0.239545	-0.0738026
-5.49306	-0.622224	0.323169	-0.117084	0.259608	-0.171366	0.0905683	0.0400119	0.0587414	0.23994	0.186677	0.0713176	0.121652	0.014538	-0.0985663	0.244789	0.0291305
-5.50134	-0.543676	0.278816	-0.210993	0.0779413	-0.204937	0.216674	0.230641	0.0553308	0.164608	0.047811	0.117512	0.172611	-0.0452989	-0.140227	0.183789	0.0692303
-5.52976	-0.491567	0.305973	-0.154484	0.201396	-0.105872	0.262093	0.367942	-0.00926486	0.10877	0.0653754	0.212695	0.147401	-0.0514125	-0.0339756	0.167095	-0.0867387
-5.60668	-0.622895	0.249424	0.0097858	0.387815	-0.0549575	0.211295	0.294923	-0.0245869	0.0480671	0.0963812	0.155793	0.13053	0.124704	0.145642	0.262158	-0.125503
-5.54998	-0.620505	0.201751	-0.00986169	0.293612	-0.158273	0.171805	0.418773	0.191267	0.142707	0.202526	0.0657756	0.177713	0.162016	0.200836	0.189082	-0.170606
-5.3596	-0.569959	-0.00173398	-0.154933	0.215474	-0.120945	0.290571	0.295025	0.133934	0.216183	0.177133	0.168349	0.202809	0.0799243	0.113397	0.131904	-0.0425295
-5.12627	-0.322745	0.0950422	-0.124161	0.0579268	-0.123335	0.401111	0.320507	0.0352822	-0.0325931	-0.0862758	0.102616	0.102818	0.135386	0.0983537	0.238583	0.0782214
-4.92624	0.152211	0.370784	-0.0282583	0.0140898	-0.144444	0.239929	0.147222	0.0502625	-0.0931694	-0.264758	0.0945531	0.106584	0.252772	0.00438768	0.150557	0.0500744
-4.83937	0.755802	0.550433	0.109611	0.140683	-0.040264	0.106786	-0.0168734	0.107835	-0.0937153	-0.161567	0.152368	-0.122915	0.00710614	-0.131455	-0.00519942	0.0460356
-4.44871	1.62782	0.393741	0.327005	0.209432	-0.273559	-0.148334	-0.106879	0.0100348	0.0480563	-0.13098	0.0372703	-0.0313544	-0.0150518	-0.216748	-0.0286215	0.0224187
-4.37253	2.308	0.293261	0.810558	0.313325	-0.124855	-0.381408	0.0814784	-0.240858	0.377818	0.0745755	0.459439	0.0426436	-0.220151	-0.498467	-0.000908039	0.206425
-3.24306	2.34521	0.0674032	0.709102	0.242502	0.107596	-0.296836	0.255905	-0.112823	0.501311	-0.0817634	0.314575	0.28356	0.269077	-0.0910718	0.30017	0.137805
-3.39463	2.38425	0.0877896	0.440896	0.321047	-0.0415036	-0.397057	0.314334	-0.171794	0.506452	0.0324556	0.222053	0.199222	0.216269	-0.159628	0.130059	0.130525
-3.08582	2.21623	-0.000296428	0.599206	0.149511	-0.0153475	-0.337474	0.333526	-0.0369349	0.539741	-0.00810555	0.275815	0.316045	0.0327659	0.0207632	0.189875	0.223363
-2.91981	1.81999	-0.0687728	0.418939	-0.0524957	-0.0596635	-0.468416	0.291659	-0.157803	0.419334	-0.0610399	0.157534	0.101105	-0.122748	-0.128196	0.134142	0.00541054
-2.95162	1.7942	-0.126836	0.384663	-0.0325592	-0.123336	-0.471712	0.314618	-0.124715	0.413041	-0.138756	0.0872115	0.0894894	-0.220134	-0.155828	0.155116	0.0585034
-2.82615	1.49118	-0.185886	0.257155	-0.126387	-0.205909	-0.53565	0.222164	-0.203035	0.32092	-0.251026	0.0238709	-0.00133236	-0.336367	-0.243076	0.00522352	-0.0334698
-2.86593	1.45459	-0.147324	0.194976	-0.196253	-0.193749	-0.544052	0.234302	-0.184817	0.286589	-0.255051	-0.00248858	-0.0175998	-0.348801	-0.278646	-0.00364206	-0.0450146
-2.8411	1.45394	-0.220393	0.121021	-0.187467	-0.227566	-0.519416	0.208306	-0.149712	0.221977	-0.240172	-0.0841246	-0.0126726	-0.387623	-0.294482	-0.00749795	-0.0621886
-2.85598	1.40269	-0.351622	0.075032	-0.226902	-0.221195	-0.469747	0.216168	-0.233759	0.138566	-0.276562	-0.170608	-0.074984	-0.458185	-0.284821	-0.0914446	-0.143407
-2.75922	1.32349	-0.307879	0.0283393	-0.206453	-0.180715	-0.511368	0.218527	-0.22326	0.152406	-0.274019	-0.107958	-0.0745536	-0.433951	-0.326265	-0.063873	-0.150275
-2.8101	1.34708	-0.30513	-0.0187414	-0.23014	-0.217179	-0.502828	0.175625	-0.208239	0.0918288	-0.276041	-0.124896	-0.0716708	-0.487934	-0.297571	-0.14328	-0.171844
-2.83156	1.40899	-0.376683	0.0164623	-0.252499	-0.157865	-0.481474	0.226056	-0.211181	0.115403	-0.291726	-0.147987	-0.0834717	-0.459157	-0.30425	-0.0783487	-0.179207
-2.81778	1.46708	-0.403609	0.0608889	-0.254408	-0.148664	-0.488645	0.203123	-0.192679	0.135968	-0.269201	-0.127975	-0.0258278	-0.441574	-0.30837	-0.0832215	-0.151044
-2.82693	1.47048	-0.445571	0.1173	-0.288695	-0.163534	-0.456599	0.271052	-0.181473	0.137295	-0.320516	-0.115693	-0.0777579	-0.463591	-0.244857	-0.082864	-0.121116
-2.78358	1.46306	-0.426364	0.0626548	-0.264102	-0.158639	-0.473448	0.214772	-0.17554	0.120141	-0.245542	-0.151023	-0.00190358	-0.468469	-0.263011	-0.0784281	-0.136849
-2.82242	1.52808	-0.45684	0.0850395	-0.322126	-0.132966	-0.532918	0.206826	-0.187549	0.169003	-0.30084	-0.107524	-0.0285565	-0.403145	-0.383199	-0.0393933	-0.14124
-3.04482	1.57386	-0.321058	-0.191896	-0.24432	-0.273774	-0.407016	0.250303	-0.144283	0.000974112	-0.328402	-0.204087	-0.162753	-0.59435	-0.160975	-0.0856696	-0.224349
-3.02389	1.76065	-0.3853	-0.0281065	-0.0857573	-0.266951	-0.370818	0.0857978	-0.144198	0.156128	-0.217869	-0.0765121	-0.00708372	-0.365433	-0.373273	-0.0693373	-0.06889
-3.05202	1.87714	-0.699548	0.190724	-0.345562	-0.201631	-0.438623	0.221776	-0.134769	0.157794	-0.411112	0.0111569	-0.138278	-0.53305	-0.132662	-0.177859	-0.0579924
-3.01869	1.71759	-0.479539	0.0769892	-0.191854	-0.274702	-0.408637	0.0414178	-0.178143	0.156553	-0.253467	-0.0730252	-0.0294686	-0.417592	-0.370459	-0.160369	-0.0709606
-3.05405	1.47076	-0.0512659	0.131288	-0.454435	-0.132454	-0.40523	0.269667	0.0222499	0.138421	-0.450093	0.029697	-0.0694043	-0.488496	-0.285688	0.0713915	-0.0154667
-3.14965	1.52143	-0.0992364	0.00276149	-0.234217	-0.054626	-0.645932	0.0804108	-0.242014	0.11462	-0.220075	0.0311231	-0.114091	-0.391123	-0.397062	-0.173469	-0.0837869
-2.98662	1.59483	-0.510292	0.313407	-0.427005	-0.206285	-0.528674	0.192117	-0.22495	0.157441	-0.30777	0.100829	-0.322935	-0.3921	-0.255915	-0.048592	-0.132833
-3.00913	1.53845	-0.196037	0.206732	-0.123532	-0.25355	-0.504299	0.0753189	-0.0733217	0.182876	-0.195395	0.122785	-0.103839	-0.435406	-0.28978	-0.0535008	0.0127982
-3.01957	1.61913	-0.175971	0.398136	-0.183106	-0.162954	-0.469961	0.206653	-0.0595158	0.259065	-0.157559	0.159563	-0.198475	-0.226952	-0.213261	0.0240202	0.0166216
-3.25703	1.24454	0.186398	0.777797	-0.342125	-0.425973	-0.536155	0.122089	0.0179336	0.108521	-0.25482	0.2043	-0.192422	-0.262055	-0.283307	-0.047045	-0.14118
-2.95118	1.78488	-0.0479636	0.796904	0.0578669	0.0165679	-0.21938	0.285999	0.06798	0.241469	0.104176	0.367561	0.138858	-0.0233871	-0.0068816	0.0257175	0.0241921
-3.03708	1.92622	0.0278671	0.733952	0.0540191	-0.0448782	-0.270058	0.323387	0.0648795	0.207703	0.198251	0.272208	0.119233	0.0378027	-0.088923	0.122743	-0.0455596
-3.41155	1.955	0.0304181	0.654825	-0.0850123	-0.0753793	-0.462687	0.144998	-0.135467	0.201794	0.0420432	0.0707529	0.160406	0.0167067	-0.166254	0.00669894	-0.238603
-3.60918	2.17226	-0.271511	1.01569	-0.0296609	-0.143181	-0.311106	-0.00291714	0.0702488	-0.0438723	0.010929	0.1743	0.162831	0.00258062	-0.196739	0.142643	-0.295161
-4.27349	2.41723	-0.283594	0.985131	0.202205	-0.162494	-0.266024	-0.170297	0.105791	-0.351222	0.130548	0.027667	0.232629	-0.00434795	-0.268443	0.229161	-0.461737
-5.80555	2.63759	0.197647	1.19307	0.271079	0.223854	-0.316095	0.234351	0.407881	0.299615	0.144882	-0.0266244	-0.528903	-0.201121	0.0161997	0.166257	-0.258378
-6.48043	3.26306	0.59086	1.44554	0.427276	0.0791937	-0.175649	0.108803	0.114375	0.0631744	-0.0950511	0.123603	-0.0449451	-0.271813	-0.240696	0.0175987	-0.0207113
-6.13068	2.48188	0.752937	1.44909	0.466892	-0.146806	-0.0213709	0.0710455	0.0356994	-0.270883	0.222763	-0.0997243	0.227726	-0.05082	-0.527286	-0.11548	-0.725409
-6.31757	2.39443	1.09155	1.30492	0.367169	0.246728	0.163402	0.106274	-0.157772	-0.150405	0.416592	-0.00954382	-0.234252	-0.14423	-0.370548	-0.0739286	-0.313782
-6.47678	2.87007	1.30872	1.11555	0.541377	0.817717	0.39826	0.248496	-0.240201	-0.117923	-0.0987878	-0.510437	-0.00577774	-0.157148	-0.0255229	0.641437	0.415014
-6.93026	2.83638	1.08592	1.44858	0.795689	0.39371	-0.114224	0.112282	-0.0628081	0.0937548	-0.0717025	-0.168266	-0.0282069	-0.132037	-0.257622	0.0578396	0.0737003
-6.78056	2.89213	1.15709	1.72031	0.496504	0.691371	-0.0403585	0.471206	-0.178165	0.0621524	-0.462997	-0.506401	-0.283727	0.142528	0.490501	0.586775	0.271466
-6.74931	2.66387	1.42526	1.3069	0.59218	0.562933	-0.220298	-0.0424199	-0.0282417	0.0923039	-0.3052	-0.333256	-0.0947993	0.186019	0.0559523	0.390082	0.0656373
-5.24795	3.07226	-0.0394129	0.731265	0.502643	0.242518	-0.261473	0.321479	0.132948	-0.410776	0.124716	-0.227318	-0.17489	0.262093	-0.180838	0.0737645	-0.0349486
-5.04179	3.40431	-0.0227248	0.46478	0.825635	0.0552598	0.043849	0.206639	0.108649	-0.00797628	-0.222591	-0.0867661	-0.120207	-0.364762	0.292225	-0.0543303	-0.753129
-4.71446	3.43296	0.16407	0.83004	0.199932	0.088971	-0.00784568	-0.0209367	-0.227767	0.407688	0.0560819	-0.469239	-0.0634296	0.0403096	0.117083	-0.109836	-0.307572
-5.01715	3.55265	0.445288	0.627216	-0.114863	0.163198	0.0546987	0.058662	-0.443385	0.0630953	0.081186	-0.0544559	0.277065	-0.138595	-0.215976	-0.205939	0.0257201
-4.91843	3.51007	0.11309	0.826061	-0.114909	0.188768	0.068733	0.0471799	-0.42543	-0.0612979	0.0778928	0.0435642	0.0555615	-0.0436487	0.00361585	-0.0825345	0.160977
-4.97763	3.34523	0.371108	0.716311	-0.122682	0.0571919	0.21403	0.107014	-0.416797	-0.209194	-2.71002e-05	0.0811843	0.280853	0.0310345	-0.204278	-0.173286	-0.0186643
-5.14187	3.43652	0.375119	0.740371	-0.140135	0.0397301	0.344111	0.106058	-0.527636	-0.151364	-0.162234	0.137532	0.186449	0.213995	-0.116699	-0.224586	-0.0756733
-5.25572	3.4665	0.364185	0.727478	-0.041827	0.299044	0.336568	0.0574171	-0.557158	-0.210552	-0.148628	0.00406005	0.142393	0.18974	0.0074294	-0.0136827	-0.0057793
-5.45985	3.39687	0.469709	0.822411	0.0474632	0.513186	0.368499	0.30314	-0.57211	-0.386034	-0.298497	-0.0927077	0.208226	0.254812	0.166485	-0.0484486	0.169047
-5.62834	3.19926	0.462583	0.80459	0.203739	0.683787	0.402158	0.505066	-0.650492	-0.522685	-0.570634	-0.288868	0.220359	0.283096	0.232539	0.19433	0.0716185
-5.50235	3.31953	0.48599	0.653903	0.0317176	0.512378	0.226011	0.551686	-0.52079	-0.413893	-0.365946	-0.323277	0.23684	0.184335	0.0719562	0.254744	0.0202114
-5.54367	3.39421	0.675879	0.710263	-0.231914	0.506603	0.386323	0.487965	-0.497041	-0.320108	-0.326397	-0.168077	0.200954	0.188477	0.0197159	0.107356	0.275778
-5.50493	3.23208	0.728334	0.66679	-0.26299	0.813398	0.42489	0.306028	-0.367733	-0.397552	-0.376475	-0.229538	0.108779	0.220261	0.0484135	0.341621	0.158804
-5.36416	3.03781	0.71953	0.577429	-0.227382	0.815224	0.533465	0.255622	-0.535162	-0.483619	-0.393698	-0.143154	-0.0360296	0.0893929	0.139578	0.309998	0.166635
-5.20703	2.973	0.889264	0.642528	-0.169087	0.642283	0.41859	0.275367	-0.554253	-0.470497	-0.0838897	0.104626	0.00582307	0.0199277	0.117152	0.245928	0.0846392
-5.16188	2.96415	0.619075	0.515096	-0.12753	0.757998	0.112648	-0.0317587	-0.5205	-0.315425	-0.305457	0.176339	0.0572566	-0.12424	0.0347501	0.146343	-0.0734885
-5.23111	2.84698	0.568498	0.82924	-0.083261	0.803477	0.0654256	-0.0182446	-0.49902	-0.454588	-0.137825	0.140585	0.160574	-0.012772	-0.153481	0.0497285	0.0157589
-5.30244	2.51517	0.574354	0.755273	0.254526	0.952139	0.175109	-0.0948057	-0.539686	-0.299974	-0.397542	-0.0487983	-0.173137	0.158625	-0.235416	0.22904	0.0905281
-5.47328	2.61796	0.556446	0.510012	0.359343	0.866254	-0.0273652	-0.277596	-0.491477	0.0108698	-0.374116	-0.187099	-0.278027	-0.172207	0.0466496	0.23804	-0.142475
-5.43891	2.79496	0.973237	0.795979	0.114096	1.12597	0.119296	-0.134006	0.0051571	0.269256	-0.108776	-0.0215534	0.139371	-0.0179138	-0.0569794	0.345122	-0.122619
-5.53695	2.36885	0.803484	1.09772	0.333253	0.589889	-0.043858	0.0192659	-0.0456511	0.359929	-0.192287	-0.266355	-0.13759	-0.086227	0.0787236	0.105439	-0.0782704
-5.41872	2.44432	0.722132	0.887916	0.543611	0.718911	-0.0112404	0.0257056	-0.0162266	0.488508	-0.0339623	-0.267794	-0.264335	0.0356019	0.10063	0.226519	-0.114078
-5.44346	2.16939	0.641598	0.853873	0.450089	0.813747	0.231755	0.123948	-0.0794163	0.038223	-0.206369	-0.295619	-0.164883	0.132213	0.00873123	0.22431	-0.0628687
-5.41369	1.56792	0.378196	0.941318	0.384159	0.52266	0.0572339	0.0625061	-0.0399015	-0.184333	-0.367969	-0.418525	-0.0118487	-0.133101	-0.0131936	0.0188371	-0.253311
-5.34207	1.13535	0.374652	0.6474	0.428769	0.446449	0.0927538	-0.020282	-0.0787931	0.0314998	-0.426868	-0.214708	-0.290804	-0.0914474	-0.264659	-0.0524172	-0.138499
-5.89737	1.08452	0.542819	0.290469	0.779075	0.381465	0.195818	0.0570019	0.151776	0.0867004	-0.365232	-0.263229	-0.339057	-0.267622	0.0402396	0.0872615	-0.175153
-6.43906	1.03126	0.955222	0.641929	0.932998	0.386333	0.198568	0.201054	0.487849	0.3039	-0.00526094	-0.179345	-0.123766	-0.220377	0.201296	0.186004	-0.00621588
-6.65167	0.795883	0.643786	0.453018	0.61425	0.137628	0.173837	0.0849989	0.234119	-0.000347179	-0.0311898	-0.146046	-0.125912	-0.0871497	-0.0584252	-0.037403	-0.0844162
-7.04713	0.664764	0.654885	0.587405	0.629733	0.216675	0.215569	0.0814822	0.156131	-0.224735	-0.218763	-0.151447	-0.234796	-0.0100934	-0.0518378	-0.0509663	-0.083326
-6.95087	0.907069	0.474151	0.350312	0.522268	0.147842	0.163553	-0.0114586	0.108737	0.00258767	0.0646272	0.128713	-0.0724898	0.0647666	-0.0678062	0.0116782	0.00975852
-6.55378	1.10064	0.292999	0.224658	0.48162	-2.88405e-05	0.152139	-0.0784442	-0.062545	0.00935821	0.0592622	0.202611	-0.055639	0.042224	-0.0514173	0.185633	-0.0325429
-6.59541	1.05726	0.307335	0.271858	0.425791	0.0471625	0.159644	-0.0681398	-0.0352541	-0.0286936	0.0799871	0.235269	-0.0272037	0.0549083	-0.00389468	0.162561	0.0314118
-6.92257	0.847055	0.288151	0.358825	0.525271	0.260524	0.0976119	-0.0319957	0.137564	0.0191638	0.00718587	0.164576	-0.150234	0.00712289	-0.022485	0.0889903	0.062783
-7.0541	0.620729	0.110912	0.350684	0.55832	0.316362	0.17155	0.0537123	0.316039	0.139564	-0.0806901	-0.00452542	-0.178291	-0.120078	0.0625719	-0.0503962	-0.000630227
-7.11097	0.585178	0.321923	0.306204	0.464528	0.258721	0.136686	0.0185842	0.214206	0.150955	-0.148747	0.0147966	0.0550473	-0.0460522	0.0521711	-0.0664489	0.0471407
-7.07447	0.443132	0.270372	0.243037	0.412898	0.304834	0.195965	0.101979	0.25092	0.194443	-0.145887	0.134472	0.115122	0.0142742	-0.0708708	-0.0196745	0.0709504
-6.64221	0.823256	0.418206	0.163591	0.0907029	-0.0907382	-0.0403868	0.0513993	0.203966	-0.0225899	-0.0918494	0.234387	0.171255	-0.060915	-0.129944	0.0745871	-0.066924
-5.96462	1.04419	0.246122	0.144852	-0.181998	-0.261441	-0.0682523	0.190148	0.0251631	-0.181602	0.0102965	0.26978	0.244203	-0.136877	-0.0754132	0.208598	-0.0409218
-5.62617	1.04343	-0.0403151	0.299352	-0.138753	-0.256482	-0.205506	0.25445	0.00620746	-0.204742	-0.0802486	0.193601	0.288091	-0.152429	-0.156071	0.247609	0.0407328
-5.28724	1.27556	0.0333327	0.536988	-0.0380181	-0.077329	-0.176327	0.28016	0.049567	-0.227401	-0.190378	0.156602	0.140656	-0.255131	-0.271411	0.0913192	-0.0845951
-4.88258	1.84682	0.223742	0.666625	0.0493428	-0.0544493	-0.307217	-0.0563654	-0.11033	-0.12378	-0.293616	0.0685029	0.0242002	-0.103328	-0.165657	0.0689662	-0.110579
-4.58966	2.57023	0.395149	1.06528	0.232227	0.323693	-0.105241	0.253834	-0.184931	0.265461	-0.273472	0.486795	0.242232	0.200792	0.136287	0.123865	0.0130945
-3.59025	2.19471	0.484191	0.760717	0.290541	0.110177	-0.333758	0.298743	-0.0288709	0.32945	-0.293572	0.480004	0.191292	0.0869423	-0.0491877	0.335721	0.143319
-3.8278	2.32005	0.41136	0.721637	0.0339917	-0.0104632	-0.132015	0.332105	-0.208311	0.436665	-0.139727	0.404867	-0.103706	0.269367	-0.143745	0.0318127	0.109866
-3.5521	2.27481	0.0964475	0.916185	-0.0581963	0.0746465	-0.285091	0.518743	-0.0522946	0.429035	-0.0794328	0.435057	0.0822751	0.0300943	-0.115099	0.188504	0.0792269
-3.34308	1.9189	0.146255	0.830238	-0.0951177	-0.0138577	-0.173569	0.318304	0.0391474	0.269112	-0.0561354	0.387655	-0.0586981	-0.036931	-0.0826309	0.143587	0.0149131
-3.39558	1.95213	0.00902043	0.891021	-0.139104	-0.0562155	-0.212862	0.288892	-0.0261463	0.238541	-0.200941	0.327734	-0.0847454	-0.0849356	-0.137231	0.199336	0.0709371
-3.25863	1.5792	-0.0106606	0.894647	-0.192473	-0.00249919	-0.390248	0.287401	-0.0919235	0.122692	-0.272436	0.0589567	-0.067233	-0.155136	-0.201919	0.115231	0.0986666
-3.64332	1.85501	-0.240803	0.877299	-0.172485	-0.118387	-0.258487	0.0720201	-0.156365	0.107785	-0.543892	0.110005	-0.251847	-0.207825	-0.20668	0.088453	-0.00162982
-4.3903	2.23305	-0.318742	0.920889	-0.0103638	-0.166623	-0.0495884	-0.0899529	-0.287437	0.0950873	-0.722697	0.000159038	-0.36223	-0.217927	-0.192519	0.0557213	-0.0245935
-4.7975	2.23232	0.0933313	0.991033	0.145289	-0.091724	-0.223292	-0.131346	-0.28278	0.0281021	-0.655927	-0.167767	-0.122086	-0.273965	-0.248893	-0.0267837	-0.0180024
-5.25063	2.18173	0.366927	1.07775	0.384025	-0.202379	-0.460415	-0.0213787	-0.41946	0.0727642	-0.630031	-0.587159	0.237615	-0.113856	-0.193007	0.000659904	-0.0612681
-5.57627	2.16996	0.507844	0.972829	0.527437	-0.204134	-0.390283	0.0201758	-0.406459	0.116812	-0.504741	-0.555237	0.319345	-0.0170324	-0.281629	-0.0513206	-0.00267839
-5.63012	2.2161	0.588225	0.982665	0.501976	-0.159473	-0.238098	-0.0514218	-0.403386	0.0237653	-0.400506	-0.45347	0.117348	-0.0530965	-0.307748	-0.0938077	0.0321513
-6.32681	2.02073	0.786263	1.54694	0.839975	-0.0467147	-0.0794929	-0.000287049	-0.159834	0.0793021	-0.144408	-0.189582	0.015268	-0.0608694	-0.0582844	-0.0135302	-0.0327351
-6.68667	2.38242	1.07516	1.27391	0.636117	-0.252108	-0.133852	0.429816	-0.323491	0.372989	-0.464602	-0.593287	0.534293	0.104083	-0.222625	0.0649402	-0.166565
-6.03276	2.96531	0.871055	1.32045	0.868219	0.0372157	-0.02597	0.102085	-0.407325	0.219623	-0.458131	-0.421723	0.375611	0.331525	-0.136117	0.163616	0.178225
-6.26451	2.86455	1.00535	1.46053	0.855015	-0.00805213	-0.381629	0.327657	-0.498423	0.585768	-0.280553	-0.834456	0.36775	0.359597	-0.282057	0.349022	-0.220382
-7.60717	2.73695	0.587734	1.64884	1.16665	0.506964	0.570195	-0.519382	-0.46533	0.0969803	-0.185265	-0.313764	-0.0440005	0.235934	0.0751681	0.00307603	-0.3388
-5.96205	2.64394	0.0275881	0.527203	0.152386	-0.285769	0.105149	-0.0878156	0.0432399	-0.201612	0.219489	-0.066393	0.0371898	-0.120508	-0.127483	0.224501	0.109708
-5.705	2.99139	0.302257	0.619656	0.314098	0.306542	-0.710708	-0.320254	-0.249418	0.221667	-0.0371632	0.0930343	0.493473	-0.0145704	-0.3779	0.127032	-0.156665
-6.72121	3.07876	0.606876	0.77272	0.143801	-0.250758	-0.644936	-0.442911	0.287107	0.268439	0.0705209	-0.132087	0.122199	0.136239	-0.256585	0.227065	-0.275106
-6.08557	2.36961	-0.532595	-0.0387005	0.0347576	-0.17006	-0.21511	0.052935	-0.142842	0.349258	-0.16574	0.146574	0.00601624	-0.122577	0.081144	0.0694795	0.0774502
-5.61103	2.66603	-0.145226	0.0731714	0.0706853	0.056865	-0.0932584	-0.246348	-0.0103158	0.203145	-0.170263	-0.104725	-0.205156	-0.0382972	-0.0954281	-0.182116	-0.107884
-5.38867	2.65695	-0.211973	-0.0135373	-0.0401501	-0.0104979	-0.189373	-0.428038	-0.027167	0.193639	-0.173501	-0.00570122	-0.245645	-0.110913	-0.16988	-0.137259	-0.113667
-5.14255	2.70496	-0.24188	-0.195885	0.0603423	0.0122741	-0.191962	-0.376407	-0.0705553	0.286644	-0.153828	-0.043118	-0.277285	-0.0402369	-0.18767	-0.141491	-0.112398
-5.25374	2.29971	-0.0625607	-0.213636	0.0654523	0.00317095	-0.145338	-0.309604	-0.0658503	0.414928	-0.0521852	-0.0501585	-0.22976	-0.0584143	-0.160886	-0.221285	-0.137854
-5.15295	2.07634	0.0215637	0.0265978	-0.0452676	-0.0128503	0.00384483	-0.295642	-0.0301333	0.423927	-0.108909	-0.175513	-0.310264	-0.0881481	-0.113024	-0.27332	-0.0981416
-4.80605	2.24021	-0.00426056	0.079384	-0.197442	0.0288376	-0.0821577	-0.195019	-0.158527	0.175293	0.00195183	-0.185218	-0.349345	-0.143467	-0.148751	-0.261307	-0.184279
-4.36591	2.15284	-0.107267	0.0624748	-0.217266	0.0757273	-0.154367	-0.187196	-0.217923	0.157518	-0.0430925	0.0296313	-0.477236	-0.165743	-0.104263	-0.250079	-0.204334
-4.4295	1.72689	-0.0130882	-0.068881	-0.190687	0.04855	-0.0491073	0.0157205	-0.141547	0.384057	-0.151423	-0.0280138	-0.458152	-0.312118	-0.327386	-0.341402	-0.15149
-4.51024	1.40972	0.113221	-0.0734878	-0.229075	0.158518	0.0407415	-0.151576	-0.333115	0.412331	-0.0846696	-0.171418	-0.419867	-0.167139	-0.21084	-0.250081	-0.0756948
-4.29922	1.63984	-0.110821	-0.0458313	-0.298145	0.168329	-0.0502337	-0.310929	-0.449054	0.291365	-0.128832	0.0226938	-0.381866	-0.129514	-0.214675	-0.237135	-0.181646
-4.30294	1.52405	-0.0711635	-0.0724184	-0.377472	0.193437	-0.12794	-0.252116	-0.420805	0.363442	-0.0204032	-0.0122649	-0.354105	-0.242237	-0.124752	-0.246202	-0.163415
-4.21577	1.81683	-0.0479792	-0.248883	-0.37203	0.138159	-0.103371	-0.291376	-0.434695	0.313042	-0.0770361	0.0285739	-0.377762	-0.139673	-0.0753765	-0.166811	-0.118938
-4.14017	1.91821	-0.00871484	-0.38897	-0.656592	0.256874	-0.193913	-0.434718	-0.45721	0.250379	-0.0931995	-0.0187994	-0.405437	-0.231089	-0.143112	-0.170346	-0.145866
-4.12944	2.01889	0.0689689	-0.288148	-0.663157	0.125845	-0.11183	-0.30641	-0.657187	0.265268	0.00462105	0.0368301	-0.419061	-0.182475	-0.126646	-0.1438	-0.103478
-4.14252	2.17683	0.0305983	-0.0618461	-0.724726	0.163788	-0.113921	-0.216351	-0.576472	0.282631	0.0262437	0.0402855	-0.312238	-0.147283	-0.144786	-0.140772	-0.0629842
-4.16945	2.25473	-0.0488994	-0.121453	-0.702684	0.191286	-0.0773572	-0.246437	-0.546864	0.292948	0.04587	-0.0130428	-0.177435	-0.18737	-0.180854	-0.0873086	-0.151157
-4.36218	2.31276	-0.110211	-0.327027	-0.7396	0.145485	-0.128045	-0.32641	-0.590936	0.197237	-0.0182758	-0.00219952	-0.241894	-0.175782	-0.264796	-0.104415	-0.176215
-4.36207	2.11944	-0.0827496	-0.281971	-0.68979	0.168591	-0.0422588	-0.303215	-0.510954	0.231133	0.0307768	0.0917448	-0.180956	-0.204035	-0.243215	-0.00129553	-0.107283
-4.58466	2.01414	0.174463	-0.257546	-0.710132	0.245379	0.103935	-0.354073	-0.433884	0.284896	0.0579571	0.236196	-0.144607	-0.198541	-0.157691	-0.0127552	-0.171936
-4.25333	2.49484	0.451368	-0.107734	-0.579322	0.289402	0.0538971	-0.137691	-0.480319	0.170119	0.0405813	0.104541	-0.138484	-0.0328951	-0.0825167	-0.134866	0.00838229
-4.38359	2.71632	0.380631	-0.0482528	-0.57392	0.458011	0.0235017	-0.196558	-0.435447	0.247801	0.0330858	0.181377	-0.152673	-0.153514	0.00674639	-0.0133496	0.0617817
-4.45624	2.83187	0.404976	-0.120533	-0.450434	0.291966	0.133534	-0.214591	-0.370587	0.211231	-0.0370688	0.242352	-0.0964933	-0.00500598	-0.147476	-0.000551886	0.10976
-4.46684	2.61898	0.758695	-0.0188963	-0.705947	0.261641	0.261927	-0.252445	-0.348159	0.229802	-0.189875	0.0257109	0.244851	0.103083	-0.296132	-0.113248	0.123106
-4.28274	2.62968	0.547507	-0.151325	-0.469262	0.286906	0.209169	-0.261506	-0.435303	0.152213	-0.00760024	0.237093	0.00259576	-0.0221918	-0.0913851	-0.0549195	0.0777105
-4.43578	2.85462	0.44364	0.0580681	-0.571983	0.327564	0.153831	0.00272236	-0.447846	0.0367299	-0.075536	0.227258	0.118992	0.0559349	-0.128792	-0.0236334	0.0867414
-4.42622	2.77834	0.690691	-0.0735852	-0.633854	0.50597	0.151972	-0.0746288	-0.441466	-0.0745637	-0.0243678	0.331926	0.0837339	0.113118	-0.224277	-0.0146002	0.0764302
-4.24727	2.6289	0.546723	0.0819584	-0.566989	0.274059	0.156123	-0.180333	-0.40081	0.0759263	-0.0662512	0.25979	0.0813836	0.0153237	-0.0877851	0.0571208	-0.0508823
-4.33044	2.69087	0.655206	0.11045	-0.36934	0.391477	0.163462	-0.019905	-0.495588	-0.0590293	0.101744	0.281069	0.151347	0.176445	-0.177244	-0.00558732	0.0854015
-4.1936	2.5768	0.462749	0.0940793	-0.790889	0.354478	0.18425	-0.254969	-0.438235	-0.0452144	-0.117714	0.298134	-0.0818035	0.0264231	-0.296929	0.0373113	-0.0656869
-4.26032	2.66028	0.873347	0.3166	-0.573277	0.415959	0.208264	-0.179089	-0.245167	0.208142	0.0261688	0.384381	-0.0378363	0.0872674	-0.17096	0.250965	0.0399561
-4.21588	2.54593	0.505891	0.138711	-0.65722	0.401965	0.141544	-0.215805	-0.399232	-0.0171614	-0.102399	0.244166	-0.14242	0.0206138	-0.326933	0.054677	0.00382295
-4.46495	2.7945	0.581827	0.324591	-0.520911	0.373001	0.233851	-0.145119	-0.239956	-0.0725676	-0.0411543	0.156002	0.124956	0.0792208	-0.269215	0.0546256	-0.0667595
-4.61894	2.76159	0.669726	0.185446	-0.276147	0.537864	0.250779	-0.235957	-0.299692	-0.250951	-0.0865326	0.323423	0.0471397	0.0941702	-0.381379	0.182528	-0.107187
-4.95164	3.18454	0.722436	0.306823	-0.171861	0.562623	0.323601	-0.29796	-0.355403	-0.0519385	0.131486	0.230384	0.0509328	-0.121064	-0.218372	0.223258	0.0419637
-5.10529	3.08505	0.848079	0.577992	0.0815574	0.267037	0.0759243	-0.0921202	-0.290172	0.0484044	-0.0597419	0.268938	-0.0938688	-0.00221195	-0.131866	0.154005	0.117427
-5.13287	2.66219	1.11297	0.693968	-0.219327	0.430592	-0.221716	-0.226979	0.0084612	-0.0212274	-0.11485	0.0671382	0.0580688	0.0535067	-0.105706	0.209492	-0.294139
-5.04196	2.72389	0.996088	0.566979	-0.0397691	0.408427	-0.194822	-0.383613	0.0488192	0.0480583	-0.235816	0.226889	0.149518	0.0826796	-0.284686	0.0703468	-0.144738
-5.2266	2.78348	0.892472	0.745383	0.0142155	0.160012	-0.216839	-0.161545	-0.233002	0.105419	-0.117414	0.117625	0.199754	0.221737	-0.44728	-0.0978091	-0.163481
-5.24854	2.80973	1.02059	0.619013	0.19334	0.467392	-0.320007	-0.165077	-0.303802	0.291082	-0.0957339	-0.162512	0.222603	-0.00565936	-0.254245	0.357843	-0.162689
-5.30573	2.82353	1.16735	0.696128	0.335733	0.423454	-0.287801	-0.152043	-0.0339094	0.185812	-0.18744	-0.173599	-0.159996	0.147042	-0.0144	0.562247	-0.101049
-5.37447	2.76299	1.26263	0.805991	0.369145	0.420118	-0.326885	-0.207052	0.107571	0.231929	-0.164002	-0.461584	-0.117661	0.281669	0.0511811	0.531321	0.0448486
-5.39603	2.54438	0.850647	1.03422	0.0937368	0.423962	-0.344396	0.0639478	-0.282248	0.366277	-0.213829	-0.105106	-0.0702608	0.187754	-0.234201	0.250235	-0.153046
-5.93817	2.55673	0.858456	0.851007	0.322107	0.285144	-0.0811406	-0.187692	0.130566	0.214532	0.0224998	-0.37928	-0.0390812	0.0572767	-0.155151	0.177783	-0.146083
-6.22414	2.38009	0.447814	0.888513	0.203073	0.0419071	-0.141962	-0.148182	0.17716	0.217526	-0.0418347	-0.026248	-0.209138	0.174818	-0.188464	-0.163315	-0.48586
-6.02371	1.73743	0.534292	0.684373	0.695262	0.0965875	0.0848028	-0.190918	0.194839	0.193746	-0.175214	-0.390092	-0.24194	0.0746876	0.161067	0.433568	0.226558
-6.29626	0.868053	0.202022	0.377266	0.567924	-0.0556145	-0.109649	-0.0996216	0.0296052	0.150289	-0.143039	-0.341388	-0.0568506	0.166225	-0.0392332	-0.159841	-0.33827
-6.5456	0.710964	0.274761	0.360227	0.533006	0.0199591	-0.0901143	-0.0451127	0.14334	0.199863	0.03998	-0.114771	0.0390666	0.231553	-0.0899985	-0.0424754	-0.223523
-6.83259	0.716352	0.511338	0.355374	0.394273	0.0473076	-0.0601656	0.117383	0.175026	0.164642	-0.00517546	-0.111637	-0.0581219	0.253536	-0.0226103	-0.00981146	-0.212265
-7.28954	0.735999	0.490905	0.324634	0.437753	0.148369	0.030153	0.12426	0.0498411	0.0842501	-0.012327	-0.109473	-0.145018	0.157198	0.00167484	-0.0126678	-0.0576394
-7.78126	0.730164	0.449687	0.442267	0.500284	0.252847	0.23611	0.134419	0.0876829	0.116048	-0.00894641	0.0210742	-0.0397633	0.132575	0.0489669	-0.117333	-0.0253526
-8.19371	0.904542	0.441206	0.484465	0.442761	0.299018	0.257974	0.0858587	0.12805	0.0203087	0.0112535	0.249533	0.135513	0.205295	0.134296	0.00334192	-0.0225478
-8.65485	1.08324	0.634063	0.476772	0.325974	0.325048	0.251857	0.175738	0.129378	0.0525093	0.0696336	0.323362	0.197678	0.111356	0.0380502	0.180705	0.158767
-8.90785	1.24773	0.58974	0.445666	0.379181	0.362617	0.323726	0.257334	0.180789	0.15897	0.125438	0.273308	0.0974233	0.0320009	-0.0588003	0.23213	0.133301
-9.14254	1.26648	0.5145	0.416221	0.468272	0.361872	0.233676	0.227551	0.212659	0.246836	0.135547	0.193804	0.129116	0.136048	0.0320204	0.23504	0.093963
-9.31313	1.25113	0.547761	0.392909	0.458617	0.346006	0.256983	0.32347	0.220386	0.189002	0.206973	0.23024	0.183576	0.0894202	0.139522	0.253657	0.0708991
-9.35063	1.26614	0.509688	0.436476	0.430244	0.295952	0.222451	0.313967	0.325322	0.220311	0.205929	0.231696	0.190346	0.187235	0.208007	0.13709	0.0967347
-9.34922	1.2678	0.488812	0.456845	0.400726	0.367983	0.230776	0.268431	0.259272	0.259697	0.186607	0.24808	0.136785	0.167006	0.242294	0.179445	0.130536
-9.43737	1.15393	0.418153	0.374402	0.333774	0.336117	0.276589	0.289983	0.172332	0.274283	0.242835	0.363949	0.208376	0.176038	0.317248	0.224117	0.1753
-9.4715	1.19232	0.475534	0.402626	0.285379	0.24291	0.254481	0.208778	0.13266	0.212068	0.228222	0.322009	0.289935	0.232257	0.232955	0.197837	0.297489
-9.38067	1.25234	0.448123	0.373367	0.302505	0.239199	0.167354	0.0868799	0.172101	0.238401	0.257956	0.242811	0.221033	0.177785	0.145629	0.0800206	0.13992
-9.46313	1.27341	0.552941	0.398053	0.35083	0.30451	0.192986	0.1529	0.175132	0.279361	0.213961	0.231622	0.313206	0.333433	0.189845	0.099831	0.0537916
-9.43977	1.32767	0.580824	0.34091	0.356878	0.381585	0.121821	0.278085	0.209832	0.216084	0.151895	0.273356	0.295695	0.328982	0.237897	0.116808	0.118684
-9.42524	1.3378	0.535119	0.435772	0.386501	0.382647	0.171667	0.337001	0.207119	0.128954	0.177056	0.282247	0.217607	0.223769	0.24517	0.136487	0.0825463
-9.52402	1.27916	0.50718	0.563342	0.450045	0.317687	0.131326	0.313632	0.251465	0.136068	0.142909	0.26744	0.261833	0.237605	0.285627	0.273996	0.101329
-9.52166	1.30267	0.546806	0.489634	0.3666	0.239729	0.172009	0.306665	0.213423	0.167451	0.142767	0.233439	0.194529	0.230042	0.26535	0.175317	0.0993158
-9.48114	1.25816	0.441423	0.367569	0.343985	0.234986	0.141292	0.300655	0.172169	0.142469	0.0968313	0.156421	0.114924	0.211582	0.261978	0.0554249	0.0581751
-9.4776	1.2843	0.425556	0.35844	0.303982	0.273793	0.143927	0.150699	0.153376	0.157412	0.0602815	0.163199	0.0625301	0.141914	0.249916	0.119776	0.126591
-9.37625	1.23987	0.417377	0.41093	0.342623	0.282646	0.209336	0.155499	0.16471	0.234934	0.133774	0.277433	0.100455	0.106955	0.182173	0.241274	0.170088
-9.43305	1.1976	0.476684	0.421957	0.392463	0.400109	0.325429	0.291146	0.195225	0.244402	0.291354	0.338374	0.224313	0.10716	0.0786825	0.204669	0.1058
-9.33378	1.2974	0.574541	0.393781	0.317633	0.415482	0.284435	0.300423	0.196166	0.252571	0.242543	0.248172	0.263685	0.202052	0.185232	0.168491	0.136218
-9.38495	1.29085	0.537313	0.485263	0.428718	0.452143	0.287075	0.298232	0.284669	0.31094	0.186692	0.316733	0.22377	0.184585	0.161101	0.107416	0.0398133
-9.465	1.23093	0.552043	0.524053	0.430883	0.512804	0.2929	0.271091	0.355174	0.373083	0.171499	0.321828	0.187691	0.123524	0.090434	0.168334	0.072634
-9.21457	1.34665	0.520379	0.469935	0.354354	0.339189	0.221649	0.203898	0.2919	0.317961	0.187672	0.2635	0.132554	0.116615	0.143232	0.222283	0.0670112
-9.42043	1.26255	0.483119	0.413141	0.452933	0.360138	0.260805	0.28244	0.245713	0.239523	0.230442	0.346409	0.148943	0.124467	0.0451173	0.161407	0.147508
-9.43635	1.22237	0.470059	0.415722	0.408425	0.307773	0.302834	0.269393	0.211455	0.160947	0.250831	0.30618	0.167892	0.188137	0.10136	0.0991873	0.201641
-9.34012	1.30183	0.45031	0.439126	0.356256	0.30653	0.293683	0.179008	0.192379	0.186888	0.230978	0.280499	0.156041	0.123501	0.100819	0.147676	0.1704
-9.5017	1.30715	0.521118	0.487027	0.453322	0.236735	0.244201	0.309386	0.226686	0.23548	0.244721	0.318196	0.160004	0.0780851	0.0823224	0.175995	0.166761
-9.40511	1.37777	0.617529	0.495164	0.421001	0.227533	0.161056	0.306459	0.314865	0.333764	0.292058	0.319609	0.204158	0.117034	0.113162	0.0981148	0.0556039
-9.27793	1.48747	0.683655	0.504884	0.374707	0.212713	0.11187	0.172382	0.280208	0.263363	0.248891	0.206379	0.154005	0.121883	0.109379	0.11587	0.0664112
-9.34577	1.42265	0.650463	0.541654	0.288601	0.174333	0.0546061	0.107755	0.148896	0.170802	0.0755545	0.170876	0.174348	0.0811402	0.136172	0.176533	0.0866608
-9.32205	1.31635	0.529808	0.452695	0.29427	0.290122	0.190519	0.239621	0.171042	0.205447	0.0152829	0.163945	0.266702	0.149453	0.0811155	0.168617	0.122108
-9.23796	1.2953	0.44766	0.42013	0.337952	0.30223	0.235401	0.212711	0.141733	0.216539	0.00202169	0.126474	0.135407	0.0264441	0.084981	0.163207	0.0759114
-8.64852	1.50831	0.419279	0.368571	0.332581	0.188723	0.263083	0.0917098	0.141314	0.183601	0.0575423	0.101484	0.112887	0.0827912	0.0866235	0.0329282	0.102885
