5.505429999999999602e+00
5.505429999999999602e+00
5.505429999999999602e+00
5.505429999999999602e+00
5.505429999999999602e+00
5.505429999999999602e+00
5.505429999999999602e+00
5.505429999999999602e+00
5.505429999999999602e+00
5.505429999999999602e+00
5.505429999999999602e+00
5.505429999999999602e+00
5.505429999999999602e+00
5.505429999999999602e+00
5.505429999999999602e+00
5.505429999999999602e+00
5.505429999999999602e+00
5.505429999999999602e+00
5.505429999999999602e+00
5.505429999999999602e+00
5.505429999999999602e+00
5.505429999999999602e+00
5.505429999999999602e+00
5.505429999999999602e+00
5.505429999999999602e+00
5.505429999999999602e+00
5.505429999999999602e+00
5.505429999999999602e+00
5.505429999999999602e+00
5.505429999999999602e+00
5.505429999999999602e+00
5.505429999999999602e+00
5.505429999999999602e+00
5.505429999999999602e+00
5.505429999999999602e+00
5.505429999999999602e+00
5.505429999999999602e+00
5.505429999999999602e+00
5.505429999999999602e+00
5.505429999999999602e+00
5.505429999999999602e+00
5.505429999999999602e+00
5.505429999999999602e+00
5.505429999999999602e+00
5.505429999999999602e+00
5.505429999999999602e+00
5.505429999999999602e+00
5.505429999999999602e+00
5.505429999999999602e+00
5.505429999999999602e+00
5.505429999999999602e+00
5.505429999999999602e+00
5.505429999999999602e+00
5.505429999999999602e+00
5.505429999999999602e+00
5.505429999999999602e+00
5.505429999999999602e+00
5.505429999999999602e+00
5.505429999999999602e+00
5.505429999999999602e+00
5.505429999999999602e+00
5.508060000000000400e+00
5.572309999999999874e+00
5.573540000000000383e+00
5.581000000000000405e+00
5.609160000000000146e+00
5.635239999999999583e+00
5.649790000000000312e+00
5.662320000000000242e+00
5.673840000000000217e+00
5.681960000000000122e+00
5.686729999999999841e+00
5.687359999999999971e+00
5.683939999999999770e+00
5.677900000000000169e+00
5.671339999999999826e+00
5.666269999999999918e+00
5.666660000000000252e+00
5.676280000000000214e+00
5.691390000000000171e+00
5.706590000000000273e+00
5.720819999999999794e+00
5.732840000000000380e+00
5.741640000000000299e+00
5.747309999999999697e+00
5.751750000000000362e+00
5.756479999999999819e+00
5.761849999999999916e+00
5.767000000000000348e+00
5.771989999999999732e+00
5.777359999999999829e+00
5.782359999999999722e+00
5.784329999999999750e+00
5.780780000000000030e+00
5.768749999999999822e+00
5.748459999999999681e+00
5.725979999999999848e+00
5.708940000000000126e+00
5.699779999999999625e+00
5.701939999999999564e+00
5.713560000000000194e+00
5.719020000000000437e+00
5.724479999999999791e+00
5.729940000000000033e+00
5.735400000000000276e+00
5.740860000000000518e+00
5.746319999999999872e+00
5.751780000000000115e+00
5.757240000000000357e+00
5.762699999999999712e+00
5.768159999999999954e+00
5.773620000000000196e+00
5.779080000000000439e+00
5.784539999999999793e+00
5.790000000000000036e+00
5.795460000000000278e+00
5.800919999999999632e+00
5.806379999999999875e+00
5.811840000000000117e+00
5.817299999999999471e+00
5.822759999999999714e+00
5.828219999999999956e+00
5.833680000000000199e+00
5.839139999999999553e+00
5.844599999999999795e+00
5.850060000000000038e+00
5.855520000000000280e+00
5.860979999999999634e+00
5.866439999999999877e+00
5.871900000000000119e+00
5.877359999999999474e+00
5.882819999999999716e+00
5.888279999999999959e+00
5.893739999999999313e+00
5.899199999999999555e+00
5.904659999999999798e+00
5.910120000000000040e+00
5.915579999999999394e+00
5.921039999999999637e+00
5.920189999999999841e+00
5.914100000000000357e+00
5.906749999999999723e+00
5.901779999999999582e+00
5.898559999999999803e+00
5.895629999999999704e+00
5.891879999999999562e+00
5.886660000000000004e+00
5.879760000000000097e+00
5.872130000000000294e+00
5.862110000000000376e+00
5.848659999999999748e+00
5.828299999999999592e+00
5.803320000000000256e+00
5.781909999999999883e+00
5.760670000000000179e+00
5.730500000000000149e+00
5.692040000000000433e+00
5.638180000000000192e+00
5.573509999999999742e+00
5.505869999999999820e+00
5.463000000000000078e+00
5.422290000000000276e+00
5.387590000000000323e+00
5.339839999999999698e+00
5.298680000000000057e+00
5.249100000000000321e+00
5.221519999999999939e+00
5.191099999999999604e+00
5.172200000000000131e+00
5.157499999999999751e+00
5.019449999999999967e+00
4.881400000000000183e+00
4.743349999999999511e+00
4.605299999999999727e+00
4.467249999999999943e+00
4.459970000000000212e+00
4.454329999999999679e+00
4.452600000000000335e+00
4.457209999999999894e+00
4.471350000000000158e+00
4.489020000000000010e+00
4.507979999999999876e+00
4.533059999999999867e+00
5.248120000000000118e+00
5.265279999999999738e+00
5.278880000000000017e+00
5.288420000000000343e+00
5.294850000000000279e+00
5.297250000000000014e+00
5.296409999999999840e+00
5.294080000000000119e+00
5.290569999999999773e+00
5.285059999999999647e+00
5.275970000000000049e+00
5.258939999999999948e+00
5.269330000000000069e+00
5.279720000000000191e+00
5.290110000000000312e+00
5.300499999999999545e+00
5.310889999999999667e+00
5.321279999999999788e+00
5.331669999999999909e+00
5.342060000000000031e+00
5.352450000000000152e+00
5.362840000000000273e+00
5.373230000000000395e+00
5.383620000000000516e+00
5.394009999999999749e+00
5.404399999999999871e+00
5.414789999999999992e+00
5.425180000000000113e+00
5.413949999999999818e+00
5.392929999999999779e+00
5.369209999999999816e+00
5.364189999999999792e+00
5.361930000000000085e+00
5.359950000000000436e+00
5.357300000000000395e+00
5.354470000000000063e+00
5.352879999999999860e+00
5.352640000000000065e+00
5.353040000000000020e+00
5.353369999999999962e+00
5.353620000000000267e+00
5.354260000000000019e+00
5.355640000000000178e+00
5.357380000000000031e+00
5.358760000000000190e+00
5.360129999999999839e+00
5.362549999999999706e+00
5.366290000000000227e+00
5.369939999999999714e+00
5.372119999999999784e+00
5.373440000000000438e+00
5.375119999999999898e+00
5.377760000000000318e+00
5.381280000000000285e+00
5.385119999999999685e+00
5.388349999999999973e+00
5.390629999999999811e+00
5.391820000000000057e+00
5.391930000000000334e+00
5.390869999999999607e+00
5.388760000000000439e+00
5.385740000000000194e+00
5.381380000000000052e+00
5.373249999999999638e+00
5.275170000000000137e+00
5.276379999999999626e+00
5.274079999999999657e+00
5.272780000000000022e+00
5.272949999999999804e+00
5.275441999999999965e+00
5.277934000000000125e+00
5.280426000000000286e+00
5.282917999999999559e+00
5.285409999999999719e+00
5.287901999999999880e+00
5.290394000000000041e+00
5.292886000000000202e+00
5.295378000000000362e+00
5.297870000000000523e+00
5.300362000000000684e+00
5.302853999999999957e+00
5.305346000000000117e+00
5.307838000000000278e+00
5.310330000000000439e+00
5.308399999999999785e+00
5.310159999999999769e+00
5.313740000000000130e+00
5.317000000000000171e+00
5.317619999999999791e+00
5.315400000000000347e+00
5.312260000000000204e+00
5.310190000000000410e+00
5.310109999999999886e+00
5.311519999999999797e+00
5.312560000000000393e+00
5.311670000000000336e+00
5.308329999999999771e+00
5.301919999999999966e+00
5.290219999999999700e+00
5.260769999999999946e+00
5.213739999999999597e+00
5.193579999999999863e+00
5.207040000000000113e+00
5.236970000000000347e+00
5.289089999999999847e+00
5.455149999999999721e+00
5.459529999999999994e+00
5.446670000000000122e+00
5.393720000000000070e+00
5.371640000000000192e+00
5.365549999999999820e+00
5.362339999999999662e+00
5.359510000000000218e+00
5.355660000000000309e+00
5.351910000000000167e+00
5.350050000000000416e+00
5.349789999999999601e+00
5.350109999999999921e+00
5.350340000000000096e+00
5.350869999999999571e+00
5.352960000000000385e+00
5.357829999999999870e+00
5.365120000000000111e+00
5.373009999999999842e+00
5.378449999999999953e+00
5.380740000000000300e+00
5.379640000000000200e+00
5.374819999999999709e+00
5.364329999999999821e+00
5.343709999999999738e+00
5.307389999999999830e+00
5.278749999999999609e+00
5.250709999999999766e+00
5.220679999999999765e+00
5.192450000000000010e+00
5.184980000000000366e+00
5.217778333333333407e+00
5.250576666666667336e+00
5.283375000000000377e+00
5.316173333333333417e+00
5.348971666666667346e+00
5.381770000000000387e+00
5.358880000000000088e+00
5.347979999999999734e+00
5.340860000000000163e+00
5.334179999999999922e+00
5.324349999999999916e+00
5.308119999999999727e+00
5.283940000000000303e+00
5.261440000000000339e+00
5.246310000000000251e+00
5.233340000000000103e+00
5.218569999999999709e+00
5.203590000000000160e+00
5.192459999999999631e+00
5.184260000000000090e+00
5.176409999999999734e+00
5.168370000000000353e+00
5.161240000000000272e+00
5.155780000000000030e+00
5.151869999999999727e+00
5.149490000000000123e+00
5.147890000000000299e+00
5.146289999999999587e+00
5.144300000000000317e+00
5.142420000000000435e+00
5.141280000000000072e+00
5.140579999999999927e+00
5.139409999999999812e+00
5.137480000000000047e+00
5.135500000000000398e+00
4.440000000000000391e+00
4.437179999999999680e+00
4.433530000000000193e+00
4.431560000000000166e+00
4.432389999999999830e+00
4.434829999999999828e+00
4.436749999999999972e+00
4.437090000000000423e+00
4.436060000000000336e+00
4.434359999999999857e+00
4.431980000000000253e+00
4.428040000000000198e+00
4.422930000000000028e+00
4.417919999999999625e+00
4.411430000000000184e+00
4.460169999999999746e+00
4.455720000000000347e+00
4.452609999999999957e+00
4.450239999999999974e+00
4.448000000000000398e+00
4.439140000000000086e+00
4.431759999999999700e+00
4.429770000000000429e+00
4.427170000000000272e+00
4.427229999999999777e+00
4.430979999999999919e+00
4.436709999999999710e+00
4.605349999999999611e+00
4.599960000000000271e+00
4.602050000000000196e+00
4.607850000000000001e+00
4.617530000000000356e+00
4.617530000000000356e+00
4.617530000000000356e+00
4.617530000000000356e+00
4.617530000000000356e+00
4.617530000000000356e+00
4.617530000000000356e+00
4.617530000000000356e+00
4.617530000000000356e+00
4.617530000000000356e+00
4.617530000000000356e+00
4.617530000000000356e+00
4.617530000000000356e+00
4.617530000000000356e+00
4.617530000000000356e+00
4.617530000000000356e+00
4.617530000000000356e+00
4.617530000000000356e+00
4.617530000000000356e+00
4.617530000000000356e+00
4.617530000000000356e+00
4.617530000000000356e+00
4.617530000000000356e+00
4.617530000000000356e+00
4.617530000000000356e+00
4.617530000000000356e+00
4.617530000000000356e+00
4.617530000000000356e+00
4.617530000000000356e+00
4.617530000000000356e+00
4.617530000000000356e+00
4.617530000000000356e+00
4.617530000000000356e+00
4.617530000000000356e+00
4.617530000000000356e+00
4.617530000000000356e+00
4.617530000000000356e+00
4.617530000000000356e+00
4.617530000000000356e+00
4.617530000000000356e+00
4.617530000000000356e+00
4.617530000000000356e+00
4.617530000000000356e+00
4.617530000000000356e+00
4.617530000000000356e+00
4.617530000000000356e+00
4.617530000000000356e+00
4.617530000000000356e+00
4.617530000000000356e+00
4.617530000000000356e+00
4.617530000000000356e+00
4.617530000000000356e+00
4.617530000000000356e+00
4.617530000000000356e+00
4.617530000000000356e+00
4.617530000000000356e+00
4.617530000000000356e+00
4.617530000000000356e+00
4.617530000000000356e+00
4.617530000000000356e+00
4.617530000000000356e+00
4.617530000000000356e+00
4.617530000000000356e+00
4.617530000000000356e+00
4.617530000000000356e+00
4.617530000000000356e+00
4.617530000000000356e+00
4.617530000000000356e+00
4.617530000000000356e+00
