-7.55994	1.69496	0.209492	0.468604	0.120048	0.286542	0.0540654	0.197963	0.0623364	0.148984	0.0359667	0.118509	0.00735214	0.0829994	0.0389476	0.0744913	-0.0188219
-7.78691	1.7091	0.242984	0.493887	0.14705	0.312002	0.0811839	0.223356	0.0869691	0.175413	0.0597433	0.142365	0.0297049	0.105931	0.0611529	0.0965342	-0.0015866
-9.04437	1.61596	0.412176	0.472874	0.281842	0.325075	0.175738	0.254331	0.199659	0.198625	0.159725	0.172469	0.12223	0.136348	0.157194	0.107787	0.0980204
-9.45265	1.28128	0.418188	0.467968	0.390358	0.35796	0.222404	0.277207	0.264721	0.250417	0.222152	0.27873	0.179137	0.18916	0.22969	0.156411	0.124601
-9.59879	1.20723	0.364258	0.351127	0.337226	0.313732	0.239721	0.266203	0.168885	0.232805	0.254801	0.427441	0.250432	0.17662	0.258409	0.281969	0.230492
-9.50787	1.21993	0.416032	0.410648	0.315159	0.242772	0.227905	0.186106	0.138665	0.214592	0.246754	0.392788	0.273903	0.176095	0.17598	0.162566	0.236205
-9.47572	1.23034	0.450835	0.405279	0.336745	0.233538	0.203502	0.0974075	0.153348	0.254484	0.214949	0.242459	0.23828	0.210822	0.172434	0.0973627	0.141244
-9.58926	1.27659	0.570949	0.407548	0.42425	0.358748	0.140473	0.164523	0.218704	0.309038	0.205605	0.218964	0.28673	0.275782	0.182816	0.147414	0.0660959
-9.53571	1.34531	0.576715	0.369779	0.390149	0.381088	0.173357	0.317993	0.190901	0.165279	0.151809	0.220371	0.263393	0.29512	0.188226	0.0775822	0.0908445
-9.52591	1.34252	0.489555	0.466113	0.411847	0.376248	0.218115	0.369643	0.255812	0.140456	0.145155	0.193364	0.237613	0.254288	0.200552	0.14058	0.104312
-9.5908	1.27593	0.473622	0.567716	0.435477	0.269201	0.167407	0.304923	0.237008	0.154214	0.143343	0.270518	0.307554	0.19072	0.204916	0.264042	0.110682
-9.58516	1.25947	0.48724	0.461451	0.407669	0.208556	0.19961	0.342736	0.236799	0.169017	0.124987	0.203354	0.233326	0.201693	0.264913	0.181454	0.0880749
-9.61495	1.24979	0.406171	0.331984	0.316923	0.178891	0.107579	0.200452	0.117614	0.130524	0.154072	0.146882	0.131351	0.190245	0.24445	0.0873218	0.0775698
-9.56286	1.27117	0.424264	0.388769	0.308707	0.259988	0.16958	0.13922	0.146835	0.203331	0.090305	0.153495	0.0926748	0.193087	0.218572	0.147124	0.163365
-9.46133	1.27251	0.426274	0.42703	0.368662	0.299716	0.269494	0.203339	0.147285	0.222581	0.125298	0.284735	0.120384	0.0973733	0.138716	0.223486	0.166422
-9.48577	1.24186	0.482814	0.442158	0.38536	0.405859	0.273988	0.260481	0.19652	0.211879	0.189536	0.32058	0.25405	0.172636	0.0837791	0.18215	0.115687
-9.41664	1.29031	0.565655	0.460993	0.345137	0.425985	0.271302	0.30313	0.260543	0.293369	0.195525	0.249257	0.233215	0.166823	0.105098	0.112518	0.117915
-9.56135	1.17615	0.511771	0.494839	0.456608	0.500165	0.316909	0.300237	0.317195	0.334748	0.222215	0.381592	0.212265	0.123224	0.163502	0.127676	0.10095
-9.48025	1.31526	0.577653	0.547256	0.430846	0.420666	0.281666	0.216545	0.27187	0.331051	0.196253	0.326528	0.188123	0.119654	0.181358	0.141506	0.0637814
-9.38597	1.29241	0.477468	0.482373	0.379134	0.336136	0.306364	0.258364	0.25215	0.221347	0.152656	0.194521	0.121654	0.124661	0.179899	0.209929	0.112662
-9.55796	1.25906	0.478215	0.392152	0.42407	0.330635	0.281862	0.328119	0.305944	0.237773	0.24734	0.328894	0.15649	0.113526	0.0464905	0.17553	0.208187
-9.4658	1.29121	0.425915	0.388327	0.386621	0.31106	0.260567	0.253497	0.226577	0.175567	0.253277	0.312366	0.210689	0.195583	0.114811	0.144209	0.177511
-9.46886	1.26315	0.413391	0.435193	0.319618	0.309182	0.243055	0.239925	0.173533	0.176598	0.216445	0.269886	0.194259	0.164641	0.179728	0.24582	0.147411
-9.5664	1.2883	0.547504	0.540692	0.398551	0.204741	0.220813	0.342956	0.234286	0.321902	0.324554	0.339955	0.209103	0.0892511	0.041242	0.148222	0.110018
-9.44012	1.47674	0.607484	0.51014	0.402407	0.211437	0.212728	0.283306	0.243768	0.259985	0.294239	0.291472	0.168414	0.138758	0.0773411	0.0949769	0.0504421
-9.40715	1.50516	0.721841	0.534382	0.322906	0.191824	0.154327	0.182748	0.189718	0.215409	0.20216	0.235323	0.130994	0.0805142	0.131141	0.128664	0.0924052
-9.47617	1.42012	0.655032	0.505779	0.191606	0.163582	0.172253	0.089564	0.103605	0.178163	0.0432587	0.196239	0.179299	0.0526388	0.129352	0.149357	0.169646
-9.40996	1.32799	0.517194	0.460726	0.30251	0.238249	0.190896	0.220743	0.186153	0.222622	-0.0223255	0.192388	0.257713	0.0996149	0.0771273	0.172834	0.156636
-9.53763	1.17922	0.441699	0.486569	0.375604	0.344023	0.235769	0.222213	0.16431	0.290973	0.00135202	0.148973	0.218316	0.0914339	0.109464	0.139209	0.0318375
-9.67611	1.23889	0.524849	0.411882	0.369899	0.365713	0.206794	0.147049	0.112134	0.286651	0.0695439	0.153901	0.166061	0.123812	0.132941	0.00688135	-0.0280259
-9.63631	1.33595	0.531495	0.345398	0.405944	0.401562	0.174469	0.129911	0.108296	0.183051	0.153811	0.300391	0.141181	0.0665846	0.137263	0.0441128	0.0523045
-9.58737	1.27965	0.542668	0.367807	0.358892	0.346405	0.265022	0.231011	0.130948	0.187967	0.142771	0.193016	0.0869535	0.0649225	0.124731	0.158218	0.175312
-9.63036	1.24914	0.50866	0.376036	0.381701	0.284647	0.200342	0.280131	0.145395	0.22462	0.2027	0.127078	0.13428	0.00110418	0.0810967	0.130778	0.147456
-9.39194	1.35894	0.528117	0.363121	0.312468	0.325651	0.229639	0.277312	0.225677	0.268991	0.224471	0.143235	0.168662	0.0690354	0.102802	0.1966	0.105507
-9.55983	1.26359	0.614849	0.398113	0.383891	0.310194	0.165783	0.322794	0.352213	0.296241	0.165021	0.23077	0.226643	0.148652	0.117551	0.279685	0.147728
-9.50213	1.31247	0.588447	0.478641	0.453203	0.351966	0.151315	0.342564	0.409287	0.333698	0.215489	0.344014	0.201965	0.134463	0.164221	0.145163	0.0571263
-9.11843	1.44994	0.565183	0.477399	0.368661	0.31983	0.239891	0.29267	0.282154	0.239322	0.205421	0.293641	0.212068	0.139511	0.179695	0.103691	0.107842
-9.27326	1.34004	0.500719	0.551326	0.384549	0.360676	0.25875	0.290796	0.261149	0.245752	0.27834	0.255101	0.238215	0.148436	0.194948	0.196206	0.123272
-9.16738	1.39103	0.606779	0.584223	0.387166	0.350992	0.313188	0.259955	0.243132	0.223061	0.217983	0.207849	0.22013	0.122288	0.134426	0.131033	0.0944716
-8.91155	1.43946	0.551008	0.497322	0.351147	0.328243	0.263238	0.239794	0.258693	0.226573	0.196705	0.218203	0.173431	0.160088	0.157655	0.152218	0.147237
-9.20955	1.4201	0.607245	0.611594	0.456036	0.443489	0.414633	0.340944	0.24359	0.164347	0.160138	0.243054	0.216016	0.176608	0.0198043	0.0878629	0.186027
-8.85246	1.52042	0.669032	0.540084	0.345279	0.332934	0.328116	0.320223	0.274335	0.167561	0.139618	0.265252	0.127972	0.136969	0.121404	0.143677	0.147341
-7.61628	1.33653	0.400957	0.404434	0.333994	0.328423	0.271783	0.211119	0.128816	0.0728019	0.0507701	0.0704319	0.0990457	0.155967	0.186478	0.214729	0.225563
-6.41024	2.44702	0.602953	-0.0305119	-0.428714	-0.232282	0.103615	0.106769	-0.0112062	0.00447353	-0.0170481	-0.0661856	0.00266556	-0.0140323	-0.078452	0.0915267	0.267228
-5.56644	3.43003	-0.176259	0.175547	-0.720591	-0.392513	0.254006	0.076846	0.0275494	-0.0688485	-0.0142975	-0.0553779	-0.0568681	0.104151	-0.173276	0.129025	0.0621709
-4.69148	2.66325	0.421012	-0.225811	-0.619617	-0.392758	0.191946	0.240869	-0.047168	0.0288166	0.0090713	-0.0857211	0.0342547	0.00317034	-0.0813042	-0.0188008	-0.0587858
-4.86743	3.05593	-0.0828589	0.266656	-0.928836	-0.157656	0.193169	0.142493	0.0257228	-0.153681	0.159194	-0.110278	-0.0360159	0.135938	-0.233188	-0.0221763	-0.0333775
-4.30959	2.79315	-0.222006	0.106149	-1.0545	-0.255005	0.0038295	0.000773951	-0.121185	-0.32409	0.114214	-0.130765	-0.118251	0.0820294	-0.227271	-0.13626	-0.137484
-4.06886	3.39696	0.139048	0.350459	-0.699133	-0.0799363	0.346393	0.336709	0.113642	-0.296322	0.150577	-0.323339	-0.169072	0.108955	0.141208	0.2014	0.526685
-3.93467	2.74289	0.0427537	-0.100557	-0.382511	-0.391349	0.267858	0.346193	-0.218037	-0.110652	0.172424	-0.077571	0.0527323	0.0612619	-0.133244	-0.0762599	-0.288707
-3.42338	2.77491	-0.150204	-0.010653	-0.630749	-0.19003	0.168942	0.180701	-0.0704536	-0.397153	0.38439	0.020149	-0.0168003	0.103119	-0.17616	-0.0402497	-0.194964
-3.54629	2.93138	-0.192574	-0.152796	-0.461501	-0.203468	0.235298	0.15459	-0.150855	-0.231637	0.398077	-0.0949855	0.126532	-0.0751223	-0.11306	-0.200443	-0.185638
-3.26517	2.75153	-0.0932057	-0.14024	-0.549023	-0.0638029	0.0854599	0.177612	0.0347233	-0.496132	0.47324	-0.0495573	-0.0194042	0.0137382	-0.031676	-0.0474726	-0.179296
-3.4645	3.18051	-0.272743	-0.117374	-0.520359	0.0717479	0.0477443	0.177084	0.0849422	-0.539454	0.42171	0.0167231	-0.082519	-0.0825213	0.0978301	0.110647	-0.12838
-3.60623	3.35025	-0.339927	-0.290454	-0.429975	0.0673478	0.0455102	0.0469272	0.203163	-0.601143	0.543109	0.0261671	-0.0597311	-0.106816	-0.0262191	0.0244725	-0.266579
-3.67507	3.6113	-0.354969	-0.310558	-0.193419	-0.0409393	0.24678	0.0185589	0.138126	-0.608815	0.37998	0.136808	-0.237771	-0.0589475	0.222817	0.131271	0.0160341
-3.61166	3.42886	-0.369234	-0.455021	-0.24011	0.0770519	0.0389721	0.0496642	0.165395	-0.588361	0.597555	0.00465762	-0.124748	-0.133261	0.0313579	0.0515928	-0.252355
-3.65785	3.62055	-0.352043	-0.561777	-0.0486443	0.142282	-0.00084303	0.039239	0.163046	-0.657573	0.559013	-0.114021	0.0414225	-0.163045	0.183024	-0.00347168	0.0120603
-3.60898	3.57688	-0.288235	-0.632547	-0.0329037	0.29017	-0.101654	0.116922	0.0337734	-0.463976	0.289067	0.0557855	-0.044674	-0.107321	0.151312	0.163364	-0.0440978
-3.59218	3.70609	-0.354793	-0.541712	0.0491023	0.272605	-0.0128864	-0.0210085	0.183407	-0.73364	0.419741	-0.114754	0.0966282	-0.101613	0.318243	0.163597	0.1884
-3.5903	3.66874	-0.448966	-0.757106	0.183846	0.180686	-0.113799	0.0850225	0.0616881	-0.462072	0.346775	0.0146748	0.113119	-0.350056	0.263196	0.0408896	-0.0983779
-3.55001	3.78207	-0.508597	-0.536444	0.121538	0.352619	-0.0941437	-0.0241117	0.143825	-0.637374	0.272485	-0.00523179	0.0726835	-0.113466	0.314741	0.279486	0.157043
-3.50487	3.78233	-0.648906	-0.459227	0.124416	0.328096	-0.188295	0.0605639	0.0822328	-0.538938	0.255267	-0.00823925	0.131765	-0.229614	0.410451	0.0429323	0.230213
-3.4877	3.71021	-0.583766	-0.575844	0.223785	0.330413	-0.249858	0.0343572	0.147686	-0.523611	0.187209	0.0659547	0.0890429	-0.165482	0.27902	0.142265	0.114658
-3.51901	3.79687	-0.660071	-0.436888	0.131755	0.374552	-0.248305	-0.0258752	0.246866	-0.581937	0.165766	0.0976341	0.0218465	-0.0792272	0.267483	0.180127	0.124624
-3.43193	3.73657	-0.657064	-0.513458	0.355797	0.172419	-0.124889	-0.0932913	0.246179	-0.575431	0.167197	0.0457671	0.0523451	-0.0522511	0.342007	0.110059	0.19513
-3.49758	3.83981	-0.540874	-0.535268	0.435805	0.262613	-0.238375	-0.0114602	0.203291	-0.711354	0.269972	-0.206932	0.25011	-0.0234184	0.526967	0.158555	0.355657
-3.39545	3.64374	-0.503495	-0.41788	0.159998	0.448667	-0.368723	0.0146924	0.14665	-0.562227	0.157831	-0.0478196	0.290131	-0.167741	0.369576	0.220863	0.174352
-3.45982	3.63515	-0.667085	-0.35913	0.00789439	0.427496	-0.40898	0.0809186	0.221899	-0.456281	0.263548	-0.0441798	0.0913866	-0.169698	0.206499	0.0889637	-0.124614
-3.3721	3.52793	-0.404223	-0.570036	0.300794	0.348283	-0.390027	0.0424001	0.23883	-0.454375	0.0759318	-0.0572575	0.0634041	0.0444305	0.381442	0.148872	0.0360578
-3.41636	3.66015	-0.257088	-0.498595	0.234447	0.550621	-0.315492	-0.148686	0.272438	-0.564346	-0.126273	-0.0489774	0.253338	0.0570045	0.615826	0.325915	0.359558
-3.50567	3.75981	-0.624531	-0.360482	0.139791	0.486284	-0.485336	0.106837	0.289311	-0.638551	0.213918	-0.0906245	0.1259	-0.0636424	0.422489	0.123512	0.177142
-3.42966	3.6383	-0.665097	-0.340805	0.22426	0.271829	-0.296714	0.0150413	0.276744	-0.551075	0.198177	-0.089951	0.117893	-0.119659	0.487914	-0.00560655	0.163117
-3.30737	3.3841	-0.470474	-0.356675	0.148507	0.346546	-0.270974	-0.0355269	0.311912	-0.596391	0.221866	-0.165757	0.135259	-0.0267185	0.436398	0.092093	0.133595
-3.337	3.41956	-0.479314	-0.308591	0.113156	0.379858	-0.361661	0.15793	0.123627	-0.498771	0.119559	-0.0717292	0.0557356	0.0743518	0.370327	0.132224	0.17199
-3.58019	3.80827	-0.520044	-0.327833	0.235594	0.24201	-0.197017	0.0957525	0.11082	-0.611916	0.190266	-0.143042	0.168409	-0.0543206	0.60486	0.0392704	0.405645
-3.49004	3.64309	-0.536471	-0.157941	-0.0484019	0.40729	-0.165387	0.0343718	0.0905924	-0.516643	0.159228	-0.121587	0.0457937	0.108598	0.439105	0.129229	0.285612
-3.61089	3.6219	-0.427263	-0.455335	0.113747	0.207241	-0.206648	0.222585	-0.00594934	-0.478721	0.351418	-0.133984	0.0674592	-0.133317	0.450687	-0.181716	0.208543
-3.4127	3.23859	-0.209679	-0.372437	-0.157687	0.348748	-0.094746	0.103936	-0.0133765	-0.452271	0.315874	-0.0930752	0.00353632	0.0256513	0.245843	-0.032827	0.165997
-3.71929	3.67221	-0.318226	-0.429856	-0.0840142	0.308934	-0.194215	0.350282	-0.130217	-0.5825	0.457671	-0.0643938	-0.0913064	0.0364387	0.288184	-0.0649302	0.191364
-3.62168	3.48773	-0.302018	-0.409064	-0.166893	0.162653	0.0362494	0.214678	-0.143467	-0.512511	0.464693	-0.0361934	-0.0840172	0.0618605	0.118324	-0.0978505	0.115613
-3.70153	3.67557	-0.208982	-0.198073	-0.267138	0.247486	0.142307	0.218489	-0.178627	-0.592505	0.442282	-0.346605	0.133928	-0.014135	0.529884	-0.0222019	0.426382
-3.71479	3.54029	-0.0308385	-0.209255	-0.289294	0.143556	0.172571	0.234488	-0.143107	-0.50562	0.359976	-0.441349	0.200279	0.0400184	0.44495	0.00887547	0.383432
-3.87768	3.62604	-0.00341811	-0.0707007	-0.494169	0.0553815	0.293683	0.0957842	0.121196	-0.636758	0.395758	-0.368883	0.0234002	0.150675	0.335404	0.101574	0.162333
-3.94164	3.70982	0.00533842	0.0244884	-0.54043	-0.00449235	0.283369	0.164303	0.12775	-0.535192	0.189447	-0.359268	0.0450631	0.159929	0.445026	0.0490264	0.223464
-3.91318	3.66773	0.220364	0.240975	-0.600911	-0.0542545	0.438058	0.155027	0.19751	-0.57215	0.124122	-0.675474	0.145854	0.198068	0.635901	0.249543	0.512365
-4.19253	3.83182	0.465441	0.151216	-0.712232	-0.0188786	0.291233	0.295677	0.253397	-0.619577	0.0339678	-0.497217	0.101407	0.175994	0.507673	0.335965	0.423563
-4.42356	3.69314	0.712559	0.118467	-0.744525	-0.176786	0.153721	0.252344	0.285714	-0.6281	0.218224	-0.484157	0.189569	0.249089	0.195798	0.107377	0.236581
-4.62065	3.83168	0.674138	0.287059	-0.688693	-0.163434	0.110561	0.0448116	0.247927	-0.480067	0.227501	-0.346387	0.175479	0.0425587	0.221192	0.119565	0.335409
-4.95113	3.80174	0.836686	0.556781	-0.74189	-0.347102	0.023733	-0.0419876	0.258455	-0.376733	0.321321	-0.335605	0.230447	0.0154466	0.0340933	0.106029	0.191412
-5.31791	3.91281	0.983144	0.798033	-0.710538	-0.432369	-0.154142	0.0230967	0.177968	-0.157221	0.0970821	-0.114787	0.173954	-0.0926796	0.0703045	0.0799637	0.251433
-5.40854	3.58641	1.16491	0.926062	-0.757618	-0.522935	-0.241615	-0.0327219	0.329008	-0.346669	0.176218	-0.127422	0.429088	-0.079695	-0.128311	-0.0801952	0.106518
-5.74524	3.78506	1.12681	1.07586	-0.568684	-0.421819	-0.303614	-0.107628	0.219367	-0.268196	0.212806	-0.186355	0.18126	0.109273	0.000949926	-0.0333745	0.140384
-5.88585	3.69055	1.15383	1.21122	-0.465306	-0.308621	-0.410689	-0.247976	0.244743	-0.324032	0.343782	-0.174501	0.194781	0.0451927	0.00655951	-0.0369652	0.0985028
-5.97751	3.60991	1.16615	1.15704	-0.416804	-0.203115	-0.451914	-0.330573	0.297558	-0.37864	0.30985	-0.164527	0.257569	0.0743168	-0.0610105	0.00135195	-0.118642
-6.07765	3.71262	1.03777	1.32585	-0.564467	0.00676349	-0.566846	-0.112394	0.140408	-0.313414	0.210522	-0.0542965	0.127835	0.160609	-0.134685	0.0628612	-0.0867918
-6.00057	3.68882	0.940525	1.16839	-0.354417	-0.0753604	-0.328433	-0.289782	0.269011	-0.390763	0.305989	-0.136243	0.142843	0.108424	-0.150871	0.114521	-0.0631431
-5.86336	3.54762	0.964663	1.05422	-0.260592	0.0636467	-0.302754	-0.217248	0.173535	-0.286573	0.237487	-0.0830489	0.0434235	0.129345	-0.148221	0.0805434	0.0872219
-5.84001	3.63238	0.837059	1.07897	-0.322283	0.191176	-0.245751	-0.147737	0.139914	-0.340942	0.268846	-0.106084	0.0580865	0.0761109	-0.10213	0.0299721	0.204114
-5.80679	3.67376	0.749404	1.0503	-0.410396	0.193211	-0.189565	-0.12789	0.163738	-0.461556	0.342635	-0.093861	0.0798727	-0.0253954	-0.0423656	0.0413804	0.124834
-5.64719	3.49633	0.84062	0.942882	-0.394528	0.200038	-0.19235	-0.13058	0.094701	-0.386971	0.328142	-0.0382356	0.0627866	-0.0235716	-0.0403761	-0.00775825	0.131503
-5.52371	3.50972	0.67328	0.990128	-0.509523	0.236469	-0.250837	-0.156988	0.119845	-0.287017	0.246042	0.0402217	-0.0366953	0.047769	-0.0910074	0.0610035	-0.0374676
-5.46304	3.45606	0.705167	1.08693	-0.577345	0.165637	-0.280533	-0.29055	0.294976	-0.242374	0.322211	-0.206941	0.0705449	-0.015953	0.00533062	-0.0456029	0.0692878
-5.34293	3.28795	0.953642	1.11167	-0.577254	-0.0526826	-0.192611	-0.270579	0.468306	-0.241646	0.255612	-0.18753	0.0479167	-0.0664468	0.0279815	0.0438193	0.113388
-5.2526	3.28047	0.997378	1.20602	-0.752918	-0.0368985	-0.205496	-0.171248	0.405568	-0.216091	0.264093	-0.112525	-0.0916809	-0.280983	0.0413413	0.293265	0.298846
-5.19099	3.2127	0.946672	1.46877	-0.802871	-0.0990204	-0.396618	-0.280763	0.549412	0.0105059	0.344137	-0.382228	-0.283339	-0.270746	0.248973	0.39984	0.266675
-5.02192	3.28871	0.893859	0.843961	-0.870194	-0.226873	-0.0160487	-0.330536	0.427399	-0.301604	0.136275	-0.204844	0.0969668	-0.0125518	0.157285	-0.0094366	0.0367621
-4.76648	3.04737	0.945205	0.913805	-0.969892	-0.322243	-0.0432881	-0.254391	0.459496	-0.373657	-0.0298725	-0.18034	0.270024	0.0548708	0.112112	0.0010891	-0.0061373
-4.6263	3.04449	0.803509	0.978169	-1.15248	-0.288856	-0.0834554	-0.24562	0.404383	-0.366282	-0.0798058	-0.105134	0.178691	0.126115	0.115375	0.126006	-0.10364
-4.46587	3.28421	0.681057	0.614905	-1.0879	-0.275785	0.0732166	-0.387904	0.492454	-0.3116	0.0422959	-0.120371	0.0753568	-0.0666648	0.200504	0.250334	0.0119707
-4.35298	3.23099	0.492249	0.328896	-1.06945	-0.161773	-0.0453997	-0.244431	0.569228	-0.177835	0.108921	-0.07224	-0.192544	-0.110798	0.258889	0.227194	-0.0906624
-3.76414	2.73773	0.296977	0.322564	-1.0609	-0.105876	0.241804	-0.162116	0.409966	-0.103823	0.132672	-0.182092	-0.0316911	-0.14461	0.117252	0.128365	0.107904
-3.57083	2.6812	0.0307492	0.344305	-1.2282	0.00459939	0.348454	-0.138388	0.388354	-0.115773	0.140205	-0.117449	0.0464314	-0.148199	0.0139196	0.0486817	0.0425677
-3.43002	2.61944	-0.0642758	0.236751	-1.22028	-0.00568451	0.438177	-0.197525	0.35696	-0.155596	0.137799	-0.0673791	0.0895362	-0.133559	-0.0465314	0.0230716	-0.0246009
-3.29805	2.57483	-0.149526	0.149855	-1.25795	0.156361	0.458933	-0.161577	0.276875	-0.169542	0.0807127	0.00854319	0.0528492	-0.123886	-0.0603331	0.0286564	-0.0114439
-3.34086	2.73253	-0.368373	0.106337	-1.21776	0.24484	0.448432	-0.137463	0.248074	-0.248282	0.153735	-0.0401254	0.118009	-0.159496	-0.000921864	-0.0804998	-0.0707892
-3.31375	2.75834	-0.456578	0.132069	-1.13863	0.192192	0.609758	-0.142449	0.247423	-0.322483	0.174979	-0.0315176	0.110183	-0.166639	-0.0279684	-0.0655906	0.00316259
-3.32262	2.85403	-0.586313	0.176524	-1.20017	0.214797	0.651474	-0.142769	0.199505	-0.290667	0.161481	-0.0374253	0.163938	-0.228954	-0.0400013	-0.0440664	-0.0508458
-3.33095	2.82973	-0.512141	0.00493738	-1.05849	0.212172	0.75159	-0.181758	0.174271	-0.254242	0.127195	0.0156331	0.00292197	-0.114529	-0.0824129	0.0351568	-0.0627578
-3.34403	2.90423	-0.520493	-0.159353	-0.805939	0.0825516	0.941447	-0.337466	0.222186	-0.205662	0.0786922	0.00673787	-0.0561843	-0.147898	0.00384161	0.14248	-0.128213
-3.48364	3.01063	-0.496316	-0.159706	-0.781544	0.14355	0.911053	-0.22072	0.0250863	-0.169275	0.0608119	0.115393	-0.150914	-0.120564	-0.00318501	0.132502	-0.0569682
-3.41678	2.88702	-0.439801	-0.396539	-0.458978	0.190135	0.772723	-0.0731789	-0.159678	-0.0839765	0.157428	-0.147389	-0.0733704	-0.0197982	-0.0757702	0.330249	-0.187201
-3.41593	2.81572	-0.599345	-0.0927798	-0.643297	0.498284	0.509218	-0.0831332	-0.0662488	-0.120339	0.0282646	0.00501956	-0.0714188	-0.0377294	-0.0539028	0.128302	-0.0236039
-3.4351	2.71938	-0.358002	-0.140473	-0.733919	0.33268	0.668021	-0.338163	-0.00915981	-0.129876	0.0284787	0.364529	-0.159995	-0.200748	-0.30961	0.166399	0.12666
-3.32898	2.59789	-0.259156	-0.247458	-0.531922	0.433264	0.330158	-0.192026	-0.0448065	-0.0806096	0.221843	0.0674483	-0.177113	-0.116229	-0.263742	0.23747	0.0872048
-3.42528	2.8291	-0.324783	-0.12775	-0.720121	0.479451	0.505567	-0.693534	0.252615	0.0399391	0.189362	-0.117239	-0.0290051	-0.159353	-0.314412	0.320496	0.219992
-3.31127	2.70996	-0.385884	0.0103186	-0.544488	0.311263	0.436011	-0.39005	0.175414	0.0408131	0.101548	-0.219417	-0.0619962	-0.132655	0.0943154	0.111779	-0.0406682
-3.39386	2.78058	-0.418616	0.176826	-0.553844	0.14475	0.344929	-0.477412	0.240381	0.126093	0.0997486	-0.182247	-0.0750323	-0.159465	0.0493941	0.211367	0.287338
-3.33545	2.68058	-0.502141	0.285976	-0.494596	0.232531	0.248683	-0.159386	0.15529	0.102097	-0.0501645	-0.319154	0.00153693	-0.0185911	0.213356	-0.167929	0.15636
-3.2344	2.4923	-0.380865	0.326009	-0.420366	-0.0849317	0.309523	-0.180428	0.260458	-0.00422186	0.113173	-0.366199	-0.0408307	-0.0506725	0.191151	0.0264926	0.0774832
-3.35438	2.69683	-0.561878	0.467517	-0.527348	-0.039393	0.13002	-0.0732565	0.283542	0.020864	0.0854452	-0.438306	0.0694566	-0.0319714	0.112857	0.0315968	0.191595
-3.44647	2.4426	-0.255047	0.487996	-0.293974	-0.117228	0.0646607	0.144962	0.331405	-0.0713012	0.00342285	-0.610949	0.116242	0.217253	-0.0317168	-0.0946088	-0.119752
-3.44395	2.45076	-0.545623	0.976947	-0.395108	-0.172549	-0.228581	0.187422	0.456328	0.051774	-0.0548248	-0.633197	0.137251	0.000201129	0.272476	-0.218605	0.00733195
-3.48586	2.56935	-0.3483	0.728414	-0.462801	-0.354376	0.0317672	-0.0511686	0.315037	0.0084552	0.156876	-0.358388	0.0908367	-0.215421	0.162353	0.077343	0.467044
-3.51522	2.66249	-0.512149	0.882298	-0.37408	-0.265148	-0.017785	0.0490263	0.113881	-0.148779	0.390492	-0.328242	0.144555	-0.459827	0.310193	0.0843608	0.412316
-3.9062	2.9421	-0.49776	1.20538	-0.428491	-0.245977	0.0658391	-0.0625621	0.0814202	-0.203544	0.426105	-0.205893	-0.0377032	-0.27457	0.2129	0.0364997	0.474225
-4.13758	2.48173	0.171822	1.26441	-0.140513	-0.285376	-0.179735	0.369788	0.299952	-0.378312	-0.186452	-0.160789	0.406103	-0.33168	0.303851	-0.215024	0.0525108
-4.42751	2.32444	0.353571	1.11609	-0.0566641	0.355599	-0.0624283	-0.152075	-0.0969295	-0.12245	0.146441	0.0341583	-0.0735543	-0.10406	-0.251303	-0.0320843	0.367415
-4.64822	2.19059	0.17849	1.2209	0.222742	0.133561	0.232755	0.472137	-0.326794	-0.262919	0.165271	-0.199117	-0.0795476	-0.166936	-0.0525309	0.00261216	-0.142331
-5.04468	2.35629	0.234173	1.48284	0.159295	-0.582809	0.203791	0.516432	-0.00864989	-0.186863	-0.096193	-0.135627	0.0734702	-0.166219	-0.074228	-0.0247971	-0.113456
-5.56236	1.46704	1.05215	0.895803	-0.0886227	0.0245331	0.0751341	0.235239	-0.31531	0.011074	0.16565	0.0822788	-0.103948	-0.137553	-0.34991	-0.204109	-0.0833008
-5.49075	0.448041	0.544549	1.24981	0.00597178	0.046512	-0.0660743	0.0126441	-0.189047	-0.0208509	-0.0708866	0.0993716	-0.194509	0.227525	0.00351798	-0.0958343	-0.060008
-5.83265	0.386245	0.239219	1.36308	0.303365	0.493619	-0.113512	-0.135714	-0.186289	-0.0611757	-0.306346	0.0224108	-0.0154189	0.0150905	0.275588	0.287354	0.223058
-5.72353	0.000210094	-0.0484439	0.849233	0.0539199	0.345011	0.0951078	-0.0373638	-0.0391481	-0.0599598	0.0327403	-0.0158495	-0.147504	-0.00779295	-0.0509052	-0.0424002	0.00987241
-5.67857	-0.165294	-0.106651	0.557797	-0.0976724	0.315851	0.0961849	-0.0918523	-0.0746312	-0.0746636	0.0292744	-0.0197981	-0.118735	0.114484	-0.0449215	0.0434972	0.0599133
-5.62473	-0.274693	0.000407253	0.704994	-0.0526323	0.316244	0.210577	0.0255934	-0.0339359	-0.0654082	0.128609	0.0400664	-0.117585	-0.0284896	-0.0459921	0.0564481	0.0978502
-5.4055	-0.656999	-0.0416006	0.87805	0.0404812	0.420993	0.302222	0.0476697	0.00524892	-0.186715	-0.0658727	0.0487003	-0.0723176	0.0341147	0.0292026	0.158242	0.188492
-5.191	-0.964177	-0.12522	0.849227	0.00320607	0.402582	0.38892	0.0499525	0.00170884	-0.194756	0.00863148	0.104373	-0.123019	0.0478582	0.148954	0.228606	0.11199
-5.01864	-1.13947	-0.0780585	0.891655	-0.072124	0.350602	0.394955	0.157229	-0.00040914	-0.173507	0.0938299	0.218828	-0.0869626	0.0555531	0.0921878	0.143821	0.0545288
-4.91777	-1.29833	-0.117278	0.870941	-0.166492	0.27161	0.341925	0.2552	0.137676	0.00662751	0.114539	0.306715	-0.0314971	0.0585875	0.0876065	0.0797459	0.145734
-4.88596	-1.52709	-0.317484	0.752392	-0.210423	0.335261	0.400842	0.2461	0.103878	0.12493	0.0861487	0.236308	-0.0579521	0.0764323	0.0543155	0.0799185	0.230373
-4.85601	-1.55426	-0.267873	0.84067	-0.143115	0.400568	0.425349	0.215254	0.154871	0.182451	0.221615	0.227074	-0.0605319	0.139524	0.0770493	0.106469	0.128058
-4.94368	-1.62954	-0.219047	0.798514	-0.156515	0.390974	0.411639	0.145487	0.167249	0.0276039	0.275041	0.339277	-0.0918893	0.171397	0.207335	0.212903	0.185941
-5.03345	-1.589	-0.0545417	0.724016	-0.21197	0.307045	0.156011	0.0426226	0.257975	0.0418665	0.188386	0.494613	0.0598998	0.151016	0.288025	0.13654	0.0383699
-5.01991	-1.61927	-0.0980387	0.524651	-0.226482	0.409725	0.185395	-0.00902226	0.204553	0.14781	0.283545	0.54505	0.142452	0.100922	0.294419	0.202175	0.0103975
-5.09791	-1.58474	-0.0643466	0.460017	-0.179607	0.497222	0.327536	-0.0301962	0.123549	0.111673	0.286798	0.51607	0.0654986	0.117821	0.242399	0.15516	-0.0115669
-5.40501	-1.60513	-0.0584331	0.642212	-0.0274571	0.53266	0.38152	0.0520058	0.144471	0.0966286	0.336267	0.406459	-0.00652086	0.0671577	0.226763	0.232301	-0.0337523
-5.70131	-1.29227	0.205445	0.847869	-0.0161021	0.389548	0.262892	0.0428378	0.294148	0.100429	0.239109	0.418603	-0.00694549	0.0916623	0.176557	0.174622	0.0115141
-5.96531	-1.20271	0.47682	0.800705	-0.0218162	0.378518	0.335603	0.1992	0.317582	0.0893206	0.229654	0.299553	0.000688671	0.199692	0.0935664	0.162924	0.150363
-6.24609	-1.05584	0.620487	0.741494	-0.038674	0.535929	0.369537	0.293669	0.388391	0.0337546	0.191636	0.237731	0.0563095	0.111033	-0.0521794	0.253781	0.134617
-6.74313	-0.910066	0.71853	0.794594	0.0937768	0.5895	0.336599	0.234529	0.385265	0.0209654	0.206072	0.356039	0.168913	0.0485015	-0.062438	0.185467	0.031392
-7.70742	-0.633677	0.766668	0.802486	0.177627	0.678437	0.466514	0.177433	0.402561	0.188077	0.272196	0.382646	0.146317	0.0456557	0.131343	0.2389	0.0184018
-8.48383	0.412311	0.729915	0.726615	0.0714227	0.542628	0.226826	0.268634	0.342565	0.290369	0.258374	0.191355	0.0946867	0.272054	0.153646	0.255619	0.133362
-8.75159	0.89631	0.743994	0.553791	0.143543	0.586514	0.249273	0.185367	0.37712	0.222355	0.219032	0.189662	0.145782	0.224588	0.095451	0.235238	0.107725
-9.241	0.93864	0.811053	0.594361	0.334515	0.618622	0.207099	0.197226	0.38118	0.279945	0.288282	0.242473	0.149714	0.305978	0.135522	0.351293	0.248388
-9.17309	1.24785	0.678016	0.531105	0.36998	0.469695	0.227956	0.348436	0.298933	0.184749	0.270919	0.232999	0.160883	0.284231	0.101674	0.326649	0.198338
-9.24463	1.28099	0.669102	0.585732	0.387929	0.451951	0.327696	0.318506	0.291228	0.280272	0.222364	0.261596	0.203608	0.276998	0.0989528	0.292191	0.176449
-9.44769	1.32658	0.665555	0.629645	0.520035	0.485513	0.34202	0.304295	0.320426	0.414028	0.19603	0.306604	0.21123	0.216245	0.101337	0.0963871	0.158144
-9.19269	1.43792	0.615379	0.49951	0.443278	0.391686	0.319783	0.271926	0.258049	0.305274	0.234653	0.226456	0.210068	0.234409	0.236356	0.177606	0.125721
-7.37707	0.462813	0.481776	0.682651	-0.20096	0.476774	0.0252926	0.29271	0.201007	0.158601	0.169005	0.203421	0.175968	0.143482	0.188428	0.122773	0.191378
-5.81171	0.31762	0.318964	0.526392	-0.270529	0.472948	0.0387828	0.0504611	0.171305	-0.12274	0.259918	0.220477	-0.0992237	0.183521	0.27	0.18794	0.17487
-4.73253	0.110154	0.34628	0.566906	-0.0631031	0.343367	0.0391395	-0.00107625	0.144587	-0.10697	0.197388	0.192453	-0.116734	0.115236	0.276938	0.219536	0.034106
-4.23469	-0.132029	0.592129	0.670146	0.0409293	0.457445	-0.0605002	0.0347832	-0.0415557	-0.0794105	0.223797	0.179833	-0.0656593	0.0851597	0.230778	0.240037	-0.0756105
-4.15276	-0.469774	0.823327	0.712943	0.00892469	0.378835	-0.0206013	0.0898038	-0.144369	0.0156893	0.295215	0.0477098	-0.0482292	0.118285	0.127481	0.35364	-0.0266805
-4.35115	-0.832877	0.738042	0.788314	-0.0863541	0.214083	-0.0146425	0.269591	0.0190616	0.0542824	0.244045	0.140122	0.0322751	0.0470528	0.226586	0.47626	-0.0378907
-4.57027	-0.867214	0.426163	0.723067	-0.149838	0.119386	-0.0760679	0.285188	0.0654715	-0.0628422	0.089878	0.152219	0.130535	0.0164099	0.0683334	0.320562	0.00492094
-4.84022	-0.685174	0.272241	0.696763	-0.108618	0.105064	-0.169821	0.17214	0.00820522	-0.152987	0.0270633	0.127664	0.116738	0.0888328	-0.0115047	0.37246	0.0573183
-5.56531	-0.138571	0.312522	0.566452	-0.478536	0.0231451	-0.157653	-0.120425	0.0430682	0.0389981	0.105036	0.00277077	-0.0984855	-0.0615543	0.0808707	0.278095	-0.190805
-5.72002	-0.0865102	0.213561	1.16575	0.484088	0.0740492	-0.229199	-0.0577086	-0.227094	0.114615	0.375293	0.41068	-0.0407797	-0.214536	-0.480738	-0.186417	-0.0246767
-5.40042	1.57105	0.801338	1.67449	0.433864	-0.10592	-0.161985	0.102656	0.157092	-0.223556	-0.156643	0.0844706	-0.092741	0.126478	0.266932	0.00406365	-0.254774
-4.17595	2.12626	0.0386045	1.58753	-0.218271	0.193277	-0.111748	0.187933	-0.0212332	-0.255628	0.161919	-0.228051	0.131936	-0.127741	0.11178	0.0720508	-0.108509
-4.62835	2.38209	0.113465	1.61055	-0.00987905	0.17238	0.103054	0.187551	-0.318218	-0.281771	-0.0290928	-0.0522912	0.0493628	-0.108226	0.303161	0.378608	-0.219437
-4.83106	2.04412	0.866901	1.29416	-0.0755583	0.367978	0.37977	-0.0324175	-0.147087	-0.257356	-0.144206	0.0101172	0.0969037	-0.144495	0.304696	0.412485	-0.209447
-4.83371	1.37962	1.05457	1.58309	-0.138117	0.0409129	0.0301051	0.151985	-0.0582507	-0.231317	-0.0490672	0.0851971	-0.226509	0.179769	0.0916667	0.136509	-0.160545
-5.27909	0.864232	1.07755	1.47236	0.304567	0.488141	0.0545134	0.0149204	-0.0513471	-0.210229	0.25932	0.174341	-0.256653	0.197667	-0.237026	0.00364269	-0.108954
-6.13057	0.986899	1.25535	1.50879	0.195395	0.750265	-0.0319603	0.125066	0.102632	-0.264197	-0.139584	0.237828	-0.453883	-0.221824	0.0646588	0.179453	-0.0966962
-7.72668	1.70489	1.72629	1.63486	0.0588132	0.163297	-0.0316785	0.0939262	0.223144	-0.233732	-0.370731	-0.0576161	-0.105639	0.157647	-0.0616392	0.0871749	-0.293538
-8.32015	1.60511	1.23169	1.58081	0.338749	0.208711	0.184198	0.11829	0.0690889	-0.138792	0.0436528	0.142815	-0.199692	-0.0585271	-0.379009	0.0719904	-0.231325
-7.80007	1.71621	0.781937	0.776249	0.263346	0.334669	0.129891	-0.0246035	0.00440924	-0.164106	-0.0878752	-0.111076	-0.141953	-0.0192737	-0.0829692	0.060138	0.0359457
-8.76794	1.57562	1.10856	1.19118	0.446371	0.40558	0.154434	-0.0343591	-0.050147	-0.132813	-0.121263	-0.0216405	-0.106551	0.106174	0.0509322	0.0559895	0.0044614
-8.72581	1.73745	0.960777	0.912745	0.422167	0.46727	0.17719	-0.0150739	-0.0235309	0.0140002	-0.0506998	-0.0557479	-0.0986466	0.0134026	0.033242	-0.0338197	0.057449
-8.77856	1.632	0.795448	0.781805	0.477889	0.488079	0.218424	0.110356	0.0537949	0.0468911	-0.0150403	-0.0580622	-0.0366672	-0.0205088	0.0681105	0.0346216	0.0354378
-8.67377	1.62142	0.67605	0.692455	0.46652	0.348441	0.224437	0.119507	0.0975722	0.105665	0.0173574	0.0335881	-0.0342933	0.000337228	0.0527429	0.0982535	0.045451
-8.79662	1.33856	0.60882	0.561793	0.4362	0.423888	0.209647	0.147671	0.127943	0.14539	0.00228087	0.0870761	-0.0601223	-0.0195905	0.0364159	0.0695994	-0.0613157
-8.91229	1.13826	0.598738	0.621589	0.548774	0.654601	0.146473	0.122947	0.162815	0.137153	-0.0107151	0.0549826	-0.0699513	0.000679676	0.0323778	0.102593	0.0447813
-8.81655	1.27804	0.569658	0.544266	0.341283	0.448051	0.174503	0.229512	0.224694	0.156178	0.117748	0.128507	0.0799757	0.0917535	-0.00185814	0.0662679	0.0816313
-8.92116	1.34329	0.688445	0.684694	0.456902	0.42754	0.258098	0.339549	0.230178	0.15746	0.153137	0.0040155	0.0663627	0.118325	-0.0427559	-0.020203	0.0605187
-6.90882	1.1889	0.315714	0.235113	-0.315945	0.532375	0.0666479	0.151642	0.00822563	0.132547	0.4255	0.349744	0.235834	0.0546235	0.0986668	-0.0399776	0.137271
-5.12239	0.764691	0.429903	0.125416	-0.33478	0.454066	-0.0443084	0.188051	-0.179022	0.0665591	0.371826	0.303804	0.0568695	0.0244476	0.0225383	0.0839499	0.0922876
-4.33076	0.408068	0.584134	0.140614	-0.269288	0.417036	-0.0820634	0.255645	-0.280421	0.0138201	0.375813	0.352256	0.00579939	-0.11489	-0.020192	0.0883998	0.000133999
-4.16491	0.131228	0.811487	0.174716	-0.220478	0.301972	-0.0483544	0.327987	-0.336824	0.0320266	0.342941	0.38908	0.0491726	-0.223718	0.0494856	0.178624	-0.0459211
-4.39452	-0.373334	0.733026	0.435382	-0.0295723	0.0983767	-0.12173	0.308047	-0.264837	0.141295	0.265472	0.338848	0.0606601	-0.094263	0.16386	0.116995	-0.0620845
-4.60418	-0.620478	0.536966	0.644412	0.288144	0.0938209	-0.202874	0.396496	-0.159674	0.0613299	0.109958	0.0979242	-0.0411851	0.0539054	0.184944	0.121974	-0.072871
-4.60445	-0.43513	0.235817	0.573195	-0.034615	0.136371	-0.135286	0.392432	-0.221624	0.0486793	0.168106	0.0557039	0.0747031	0.0927611	0.158685	0.173132	-0.141414
-4.77763	-0.113038	0.163732	0.659153	-0.187742	0.0919213	-0.0218639	0.463828	-0.165798	0.0320677	0.145499	0.0448555	0.123082	0.0989973	0.284418	0.18907	-0.118462
-4.8005	0.406841	-0.120704	0.65124	-0.207669	-0.00598346	0.221728	0.474374	-0.0713094	0.217229	0.211361	0.0288217	-0.0254767	0.0366771	0.125523	0.127124	-0.212105
-4.86542	0.550246	-0.32533	0.496268	-0.214093	-0.197179	0.322979	0.415425	0.0565523	0.420989	0.275151	-0.0292826	-0.102024	0.125346	0.103254	0.0944294	-0.280611
-4.81777	0.645941	-0.359903	0.269884	-0.335148	-0.254116	0.396621	0.391815	-0.0378728	0.303626	0.262054	-0.0847689	-0.102765	0.177379	0.137557	0.142584	-0.291432
-4.7526	0.541237	-0.39448	0.3924	-0.387194	-0.161522	0.372169	0.419117	0.0568431	0.372377	0.21546	-0.109594	-0.123008	0.0285121	0.0974286	0.0454724	-0.359081
-4.62135	0.652001	-0.246487	0.443563	-0.47196	-0.216412	0.226746	0.311718	-0.00973159	0.223658	0.0702931	-0.150232	-0.151083	-0.01023	0.132431	-0.0398641	-0.289244
-4.63054	0.735817	-0.17117	0.487379	-0.493546	-0.160286	0.276083	0.16386	-0.0555776	0.156723	-0.00565404	-0.123373	-0.0348353	0.0846671	0.0741437	-0.0411332	-0.248844
-4.75303	0.773583	-0.185133	0.496137	-0.464457	-0.232785	0.222739	0.170091	-0.0579882	0.206537	0.0658972	-0.141832	-0.133184	0.132298	0.118636	0.0662801	-0.161055
-4.95443	0.865733	-0.161421	0.466522	-0.567395	-0.372307	0.0644606	0.3101	0.0168785	0.271804	0.00187643	-0.18207	-0.0755532	0.0982236	0.0959763	0.192068	-0.203266
-5.3469	0.790958	-0.0981673	0.558263	-0.428787	-0.324481	0.113566	0.374298	-0.189457	0.241151	0.101061	-0.26923	0.255397	0.0567583	-0.327933	0.0346301	-0.373422
-5.18302	1.28087	0.29101	0.944594	-0.349263	-0.397961	0.164574	0.198851	-0.294858	0.059286	0.152372	-0.0925703	-0.170098	-0.000882156	0.0197567	-0.123785	-0.240884
-4.27937	1.88652	0.400553	1.15175	-0.421776	-0.330471	0.0253003	0.32936	-0.411145	0.0428311	0.12652	0.0548062	0.055503	-0.0942837	-0.0729947	-0.0799902	-0.27441
-4.01696	1.7838	0.254465	0.684356	-0.196042	-0.249433	-0.0767243	0.0837303	-0.550808	0.0329698	-0.082234	-0.253857	-0.124045	-0.103658	0.0269941	0.0748824	-0.211292
-3.91275	1.97441	0.313064	0.889398	-0.178255	-0.0444024	-0.0711881	0.155134	-0.374314	0.169498	0.100996	0.0538638	-0.0664184	0.0355108	0.0286408	-0.0281924	0.0960851
-3.61437	1.67999	0.0489466	0.905036	-0.271277	-0.163881	-0.0314687	0.0198862	-0.33976	0.000103565	0.0872603	-0.120257	-0.0495631	-0.00291051	0.0576365	-0.00425636	-0.109307
-3.40813	1.4954	0.0744058	1.06484	-0.378572	-0.110671	-0.118212	0.105675	-0.34788	0.0484575	0.13574	-0.12019	0.0653411	-0.00562629	0.11516	-0.0281018	-0.113608
-3.31849	1.40845	0.161902	1.10197	-0.36646	-0.0502813	-0.0569238	0.0927098	-0.32896	0.0820875	0.183356	-0.115285	0.140091	-0.0125605	0.0995245	-0.0548134	-0.0293427
-3.31125	1.46004	0.130123	1.2111	-0.316503	-0.0301068	-0.0387347	0.113938	-0.310462	0.101044	0.223459	-0.0960902	0.159584	0.0129065	0.15002	-0.0160768	-0.035978
-3.37633	1.47402	0.122633	1.20465	-0.368003	-0.0471102	-0.041245	0.0402974	-0.248444	0.0409961	0.261477	-0.198488	0.201071	-0.0427237	0.116157	-0.102851	0.00372837
-3.43208	1.52079	0.182623	1.21023	-0.352838	-0.0814607	0.0557609	0.0209941	-0.25111	-0.00965952	0.34078	-0.222804	0.186245	-0.0765216	0.151625	-0.104327	0.0309339
-3.57983	1.65097	0.174532	1.12767	-0.269247	-0.0794967	0.080466	0.0184711	-0.270077	-0.0239637	0.278585	-0.269256	0.179595	-0.0924922	0.147622	-0.117088	0.0672871
-3.66582	1.74441	0.175425	1.15757	-0.18436	-0.0913427	0.0747827	0.0797808	-0.39422	0.116311	0.268517	-0.270483	0.186707	-0.0646126	0.0715251	-0.0468609	0.0799082
-3.97767	1.87274	0.176851	0.965114	-0.207514	-0.224438	0.0157941	-0.0132047	-0.516222	0.0488959	0.104039	-0.380288	0.11854	-0.185765	0.0202747	-0.0599633	-0.0846657
-4.04577	1.91007	0.415348	1.1065	-0.147737	-0.0570675	0.0213881	0.0743349	-0.39733	0.117544	0.229883	-0.415834	0.31829	-0.188797	0.0964318	-0.0670329	0.0794685
-4.24487	1.99283	0.570977	1.3584	-0.182978	0.113941	0.230554	0.0318796	-0.332458	0.110355	0.312891	-0.396236	0.328215	-0.0328232	0.111499	0.0452966	0.10754
-4.43681	1.83972	0.907964	1.42611	0.00826126	0.103734	0.288188	0.278668	-0.393515	0.0641015	0.331024	-0.260857	0.338633	0.0170389	0.179217	0.134746	0.0741021
-4.98539	2.01428	1.20041	1.52071	0.360526	0.0957956	0.590474	0.384048	-0.314166	0.147881	0.367505	-0.250831	0.551324	0.282547	0.0933002	0.0786951	0.292009
-5.65951	1.35354	0.861553	1.58876	-0.166716	-0.108107	0.08928	0.405418	-0.253715	-0.0378507	0.000799272	-0.172372	-0.0764558	-0.0709672	-0.159452	-0.204668	-0.154231
-6.70564	0.871431	1.21803	1.71463	0.366108	0.281413	0.36867	0.586662	0.0305959	0.463346	0.403255	-0.324102	-0.214349	0.14936	-0.0600655	-0.264153	-0.215065
-7.6319	1.21811	1.11414	1.72962	0.419927	0.0676463	0.262274	0.547466	-0.0795476	0.0738311	0.134399	0.13115	0.0149597	-0.062958	-0.250899	-0.209722	-0.401518
-8.20376	2.17741	1.48029	1.37969	0.429588	-0.199226	0.343282	0.33872	-0.247889	-0.0697103	0.122903	0.224409	-0.0829475	0.170234	-0.0414739	0.0147222	0.131769
-8.46865	1.8389	0.981776	0.972729	0.329867	0.0406216	0.127644	0.171427	-0.207641	0.0115397	-0.00747208	-0.0784366	-0.025952	0.0481873	0.00603184	-0.00404198	0.0367393
-8.87787	1.89363	1.1262	1.03367	0.321933	0.15823	0.0438478	0.0747946	-0.159199	0.0251346	0.027469	-0.0865517	0.00520158	-0.0568325	0.0721323	0.0430644	0.0146241
-8.83504	1.6843	0.817134	0.910646	0.507018	0.305108	0.0584413	0.293508	-0.112811	-0.112066	0.119909	-0.167071	-0.0046488	0.0162595	0.206612	0.0857397	-0.0976579
-8.80105	1.45666	0.535378	0.725986	0.583965	0.331562	0.0481255	0.407728	0.0261252	-0.142206	0.173755	-0.193431	-0.162238	-0.0739037	0.193901	0.00866666	-0.172765
-8.8845	1.47532	0.530751	0.659601	0.623855	0.394722	0.178184	0.39478	0.149171	-0.0807526	0.24352	0.00119877	-0.117459	-0.0796357	0.021542	-0.0952147	-0.12161
-7.0701	1.01739	-0.365854	0.591238	0.380392	0.0773374	0.0897297	0.462377	0.20213	0.272997	0.394854	0.0840157	-0.173789	-0.151617	0.199421	0.0151778	-0.146744
-5.55601	1.02795	-0.380624	0.393639	0.231163	-0.122324	-0.147658	0.249945	0.0198425	-0.0390755	0.314093	0.19766	-0.291684	-0.375084	0.226938	0.0992067	-0.0861634
-4.73934	0.867919	-0.333955	0.308405	0.14167	-0.167232	-0.191118	0.286848	-0.0411524	-0.212659	0.134498	0.131991	-0.387339	-0.413563	0.141365	-0.012317	-0.172555
-4.50764	0.834746	-0.257862	0.396091	0.100286	-0.0740372	-0.0661898	0.415589	0.0844401	-0.0895273	0.112268	0.0538472	-0.37386	-0.402359	0.0967628	0.0159331	-0.105655
-4.84264	0.958881	-0.171133	0.470519	0.0504075	-0.107625	-0.105196	0.390516	-0.000603942	0.0168836	0.191861	0.137527	-0.23268	-0.212356	0.196082	0.10121	-0.0472008
-5.40279	1.32076	-0.0252842	0.52337	-0.0258974	-0.305126	-0.356764	0.221991	-0.254181	0.0935698	0.249855	0.244268	0.0111028	0.135836	0.204078	0.0384009	0.0348234
-5.87212	1.74564	-0.0784439	0.657821	0.0723061	-0.358691	-0.394775	0.0265603	-0.456242	0.00091369	0.443828	0.36776	0.0461014	0.128836	0.0114365	-0.109036	-0.0689926
-6.36518	1.8653	-0.048571	0.584986	0.0475887	-0.537478	-0.28687	0.0888373	-0.300215	0.155645	0.543904	0.351351	-0.0382193	0.0465601	-0.0913422	-0.160947	-0.0754979
-6.96738	1.6512	0.167322	0.188627	-0.0689021	-0.298159	-0.152704	0.460356	0.0712596	0.318135	0.578163	0.253239	0.0377271	-0.0867238	-0.232049	-0.160576	-0.0614839
-7.07569	1.49218	0.222746	-0.0100155	0.00388408	-0.0322324	-0.0352196	0.480422	0.0758129	0.340393	0.455966	0.0360306	0.000984123	-0.0737639	-0.122872	0.05174	0.154377
-7.3317	1.32914	0.213321	0.133443	0.223834	-0.0779557	0.0688751	0.535769	0.248236	0.362209	0.351963	-0.056764	-0.0094933	0.047459	-0.256984	0.21291	0.269038
-7.34872	1.23749	-0.37664	0.575149	0.516305	-0.160622	0.0936204	0.342314	0.42341	0.466975	0.274297	-0.0214326	0.0171105	0.0990764	-0.273789	0.371671	0.282264
-7.29487	1.22888	-0.656508	0.668934	0.331487	0.0446443	0.100858	0.447021	0.461606	0.407464	0.235183	-0.0827582	0.155431	0.175581	-0.125027	0.375996	0.191182
-6.97319	1.92022	-0.369145	0.332875	0.0484478	0.0917669	0.190706	0.424243	0.217575	0.0477373	0.13339	-0.198363	0.078421	0.147303	-0.177698	0.163032	-0.0140061
-6.33527	2.61906	-0.512511	-0.129054	0.0590984	0.063494	0.092069	0.37813	0.185159	-0.12782	0.131754	-0.218704	-0.062958	0.215414	-0.0236692	-0.150625	0.00182794
-5.78563	2.63392	-0.952275	-0.166421	0.0455394	0.123566	0.130395	0.308772	0.101899	-0.112178	0.110244	-0.177397	-0.0591672	0.103354	-0.0459078	-0.212768	0.146064
-5.3463	2.67593	-1.30708	-0.272455	0.0236186	0.148997	0.142855	0.35213	0.0986239	-0.134468	0.163132	-0.0984431	-0.122359	0.216559	-0.0382406	-0.284316	0.160144
-5.05973	2.7419	-1.17681	-0.313054	0.064108	0.0158076	0.23247	0.264732	-0.0283915	-0.203112	0.055301	-0.192161	-0.262775	0.0932101	-0.0962414	-0.398247	0.0297229
-4.96829	2.72606	-1.07091	-0.294084	0.0435861	-0.0076426	0.0252285	0.155641	-0.101514	-0.312235	0.0073044	-0.227483	-0.166414	0.106255	-0.0409943	-0.381906	-0.101882
-4.84516	2.56774	-0.934625	-0.159734	0.068812	0.11574	-0.0283396	0.281971	-0.117461	-0.30255	0.0820934	-0.144893	-0.132564	0.0924778	-0.0472994	-0.40924	-0.0888582
-4.65196	2.24112	-1.01351	0.0122407	0.0835862	0.116453	0.00467238	0.227832	-0.122581	-0.276231	0.0254923	-0.145601	-0.0630291	0.198983	-0.0891967	-0.52524	-0.137366
-4.51293	2.14145	-1.17394	-0.0213241	0.098009	0.142704	0.0714972	0.256464	-0.165209	-0.350664	-0.00508401	-0.163037	-0.0846919	0.163122	-0.00815575	-0.410375	-0.0504242
-4.60958	1.96377	-1.1492	-0.0961054	0.164093	0.174118	0.1249	0.228679	-0.221	-0.250118	-0.0442434	-0.228789	-0.226753	-0.0492822	-0.03784	-0.53851	-0.065446
-4.44468	2.8038	-0.259485	0.289847	0.519495	0.426938	0.294583	0.548037	0.191848	0.0435897	0.204636	0.232665	0.0571423	0.111195	0.390056	-0.00159407	0.16045
-4.43977	2.61051	-0.633444	0.0144465	0.120069	0.445227	0.307833	0.133899	-0.0836719	-0.22724	0.0628083	-0.266496	-0.0597894	-0.075349	0.225843	-0.492655	0.245724
-4.03765	2.59227	-0.579395	-0.0372466	0.173917	0.288146	0.193174	0.463501	0.00276801	-0.353277	0.156632	-0.143903	-0.100523	0.0942958	0.0906039	-0.190983	0.166879
-3.91393	2.69993	-0.760467	-0.129561	0.203232	0.36306	0.323584	0.12567	-0.0606188	-0.114074	0.128665	-0.173609	-0.109267	-0.0863112	0.178572	-0.141336	0.141954
-3.65211	2.68657	-1.1609	0.0193968	-0.017382	0.356557	0.171745	0.069269	0.0772449	-0.361982	0.25445	-0.320985	-0.144356	-0.0534588	0.167736	-0.242476	0.0545621
-3.47616	2.55085	-1.00211	0.082939	-0.0463571	0.354442	0.187512	0.15593	-0.00403331	-0.167439	0.250171	-0.250079	-0.157039	-0.0562546	0.209417	-0.242126	0.148232
-3.42976	2.71149	-0.9474	0.0409137	-0.0348828	0.393927	0.299001	0.165299	0.093401	-0.223983	0.430636	-0.283282	-0.0295163	-0.121852	0.371272	-0.237689	0.195372
-3.46595	2.65285	-0.850188	0.0597154	-0.189535	0.40484	0.250836	0.184624	0.0570008	-0.203083	0.354151	-0.267979	-0.0660625	-0.1692	0.401737	-0.261278	0.138127
-3.56538	2.75762	-0.869988	0.0315417	-0.204695	0.336981	0.314087	0.0732625	0.0828085	-0.215033	0.29982	-0.304195	-0.0742299	-0.138537	0.290766	-0.162431	0.0425742
-3.52787	2.76251	-0.961445	0.0488948	-0.228297	0.285059	0.370049	-0.0214281	0.0991187	-0.292306	0.339861	-0.285713	-0.169941	-0.116162	0.28339	-0.219063	0.0323791
-3.66399	2.85813	-1.06455	-0.0904216	-0.196141	0.0951441	0.347648	-0.091481	0.0133395	-0.331953	0.232056	-0.365858	-0.206723	-0.230805	0.213545	-0.175005	-0.126617
-3.93422	3.18573	-1.07138	-0.145133	-0.238851	0.126791	0.21194	-0.162028	0.11085	-0.295041	0.109607	-0.261179	-0.271392	-0.276112	0.302949	-0.362211	-0.0860909
-3.86419	2.92611	-0.727607	-0.271266	-0.059823	-0.149634	0.488286	-0.36479	0.111618	-0.283055	0.218127	-0.266266	-0.335953	-0.225488	0.275883	-0.368986	-0.0571357
-3.97999	3.16305	-0.789059	0.0540461	-0.0773678	-0.267051	0.616446	-0.347278	0.118794	-0.173579	0.345588	-0.308857	-0.242062	-0.158832	0.0926233	-0.133565	-0.0453887
-4.10111	3.17979	-0.525222	0.112618	-0.0839745	-0.364427	0.780272	-0.50288	0.252801	-0.125933	0.440374	-0.431391	-0.102983	-0.171248	0.0815256	-0.146279	0.0340187
-4.15227	3.27809	-0.552062	0.218588	0.166709	-0.499674	0.653858	-0.261011	0.0593897	0.195091	0.306244	-0.276539	-0.155189	-0.153438	0.159428	-0.117935	0.0373074
-4.35223	3.32046	-0.578131	0.399512	-0.105846	-0.483382	0.42057	-0.275826	0.00461379	0.0237187	0.352424	-0.491216	0.0956331	-0.396762	0.0764277	0.0626704	-0.265405
-4.53842	3.48301	-0.771507	0.358337	0.32916	-0.600933	0.183715	-0.326916	0.0719842	0.038655	0.276845	-0.529072	0.103146	-0.265811	0.0854958	-0.312216	-0.0507505
-5.1823	3.59783	-0.373822	0.654886	0.319581	-0.208809	0.207174	-0.128845	0.239708	-0.11077	0.378283	-0.0444881	-0.0240061	-0.205534	0.0842368	0.0162011	-0.0694933
-5.91352	2.82197	0.223617	0.569348	0.341368	-0.109148	-0.164001	-0.10447	-0.117141	-0.345983	0.0380464	0.0835065	-0.322808	-0.240616	-0.404813	0.0454494	-0.0938024
-6.69752	3.19684	0.0552951	0.704118	0.701292	-0.0455182	-0.173974	0.072456	-0.00907632	-0.0264242	-0.191764	-0.519015	-0.210009	-0.410713	-0.337702	0.0602889	0.154374
-7.21715	3.3352	0.745255	0.75422	0.68354	-0.0206804	0.0895212	0.299816	0.0889927	0.209387	-0.223154	-0.189504	-0.11998	-0.214864	0.0648916	0.236873	0.100753
-7.67959	3.39474	0.808579	0.460031	0.831523	0.111188	-0.00135849	0.108807	0.0589745	0.26545	0.041272	-0.100415	0.13682	0.0591953	-0.144176	-0.08221	-0.0506753
-6.31557	2.15674	0.143632	0.853565	0.222561	-0.354643	0.0690351	0.23786	0.0463591	0.0342513	0.0455267	0.0845321	-0.0909534	-0.189189	-0.18168	-0.129962	-0.0823661
-5.41672	2.29708	-0.248816	0.86571	0.137334	-0.435191	-0.00393364	0.223116	0.129066	0.0316888	0.0267619	0.121987	0.0630918	-0.209533	-0.130309	-0.199042	-0.0302796
-4.68625	2.30873	-0.297338	0.809129	0.250852	-0.393107	-0.0253941	-0.158879	-0.0421257	-0.0405253	-0.122045	-0.0670289	0.158556	-0.158172	-0.0584934	-0.00520937	-0.0785851
-4.16781	2.57368	-0.400059	0.952058	0.489746	-0.294841	0.205661	-0.166925	0.0340591	0.0666563	-0.0377077	0.0785539	0.309766	0.0843813	-0.054314	0.121279	0.103864
-4.05637	2.35808	-0.157884	0.816715	0.508599	-0.59254	0.253975	-0.22233	0.191057	0.0597318	-0.0376085	0.0268795	0.290667	-0.0559895	0.0142951	0.0523109	0.172633
-3.9215	2.31366	0.0266741	0.761441	0.415784	-0.535878	0.286752	-0.14922	0.148154	0.133014	0.0387393	0.0642551	0.305446	-0.0668984	0.082308	0.144728	0.18491
-3.95694	2.22243	-0.0442481	0.705573	0.285232	-0.487292	0.0153602	-0.054792	-0.110498	0.216155	-0.236628	0.147003	0.19228	-0.0587996	0.00250042	0.003949	0.0325844
-3.90935	1.98828	0.243617	0.639232	0.218292	-0.282867	-0.0661512	-0.00470322	0.0428648	0.0388467	0.0286843	0.0079764	0.287249	0.028807	-0.0618719	0.0253119	0.139027
-3.99343	2.13408	0.313845	0.671519	0.125968	-0.0528921	-0.0154517	0.0987722	0.0222122	0.0750197	0.108157	0.151916	0.172944	-0.0182488	0.139909	0.162767	0.211022
-4.11778	2.15827	0.256137	0.706917	0.247352	-0.151152	0.00216322	0.120743	0.0215552	0.0499752	0.0435626	0.111533	0.156228	-0.00195755	0.116194	0.106117	0.27855
-4.32012	2.06547	0.39075	0.621723	0.23036	-0.180662	0.0563287	-0.0196369	0.0191688	0.0454284	-0.0515391	0.0508514	0.149317	-0.0281674	0.079178	0.101664	0.205239
-4.49952	2.31549	0.246462	0.89233	0.420215	-0.0686433	0.0586752	0.12083	0.157716	0.0834145	0.00266632	0.124055	0.196663	0.0161397	0.135292	0.125043	0.515983
-4.76449	2.19399	0.270849	0.587192	0.419153	-0.214563	0.0544777	0.0237735	0.00352632	-0.0085477	-0.136531	-0.0349947	0.229679	-0.283119	0.0258774	0.200778	0.147772
-5.07273	2.31387	0.273082	0.497956	0.486913	-0.0871138	0.0497389	-0.0356146	0.0162374	-1.46373e-05	-0.161961	-0.0500568	0.0863744	-0.0547011	-0.113473	0.0863228	0.194712
-5.12289	2.05645	0.306348	0.704223	0.432503	0.0578006	0.0407555	0.075111	0.044939	-0.00623918	-0.191304	-0.0286599	0.0370374	-0.0486255	-0.0328449	0.139637	0.256514
-5.44502	2.12309	0.389341	0.808009	0.357502	0.169478	0.27308	0.00082483	0.0830868	0.0610864	-0.147678	0.0198694	-0.13171	0.0686624	0.056324	0.0567186	0.333276
-5.49527	1.99169	0.195793	0.824208	0.317168	0.159647	0.16575	0.168787	0.0212439	-0.0218082	-0.12644	-0.0586333	-0.113361	-0.077472	0.0253075	0.0257307	0.260725
-5.75145	1.94753	0.3887	0.829671	0.447816	0.158907	0.148733	0.342061	0.00665107	-0.02934	-0.0400036	-0.0691146	0.107451	0.0112037	-0.0515517	-0.0396192	0.24434
-6.13252	1.89742	0.523895	0.800526	0.552219	0.327148	0.0721533	0.523281	0.0546495	-0.0414617	0.0280117	-0.0746583	-0.166871	-0.0158146	-0.151964	0.122122	0.289163
-6.55155	1.86617	0.59417	1.17081	0.678429	0.28669	0.248343	-0.0118197	0.016339	0.0959757	-0.0286085	0.00193956	-0.0651509	-0.0130825	-0.200034	0.281268	0.335455
-6.56092	1.64178	0.946719	1.06711	0.51491	0.153743	0.244159	0.240649	0.125661	-0.0213114	-0.0804451	-0.116754	0.0268843	-0.00841339	-0.483178	0.024259	-0.100885
-6.68592	1.43425	1.17842	1.03742	0.736011	0.203121	0.242102	0.132975	-0.0968365	-0.285696	-0.0507178	-0.0288714	-0.350982	-0.0527505	0.174538	0.0654773	0.107326
-7.00952	1.23213	0.763806	0.93916	0.803501	0.471369	0.381632	0.302495	0.0997488	0.0455344	-0.311328	0.152139	-0.144402	-0.136125	-0.000729685	-0.0676033	-0.0530429
-6.94139	0.979642	1.07769	1.02672	0.556487	0.2082	0.544532	0.446102	-0.0547734	-0.109957	-0.136844	-0.150991	-0.0734107	0.192528	0.150425	0.0891777	0.102925
-6.89216	0.596012	0.536188	0.713133	0.399141	0.228061	0.244964	0.36306	0.0276598	-0.168591	-0.108707	-0.0230673	-0.11246	-0.191209	-0.060705	-0.0603491	0.0770321
-6.88704	0.341524	0.345711	0.682679	0.413957	0.262484	0.179817	0.4111	0.04494	-0.0552718	-0.042198	0.0561866	-0.129331	-0.231401	-0.332741	-0.155221	0.174814
-6.68327	0.407969	0.169977	0.627508	0.334418	0.222846	0.104256	0.382433	-0.0912349	-0.00445277	-0.0218356	0.121379	-0.0866626	-0.150451	-0.247419	0.00944493	0.109263
-6.55293	0.531441	0.0299895	0.488358	0.283937	0.183656	0.0232031	0.315198	-0.0745991	-0.126083	-0.121187	-0.039942	-0.161025	-0.149772	-0.165738	-0.00855037	0.00877932
-6.33001	1.02103	0.18822	0.728979	0.167982	-0.0625175	-0.0119147	0.341097	-0.0944056	-0.0648318	-0.0629274	-0.0553133	-0.140558	-0.111019	-0.151896	-0.0436062	-0.145092
-5.76119	1.66886	0.261477	0.982976	0.102997	-0.322111	-0.24652	0.0809623	-0.0888688	-0.129027	-0.211409	-0.127031	-0.17077	-0.0134415	-0.0553926	0.0140944	-0.117414
-5.03013	1.73998	0.211318	0.945903	0.0959392	-0.333293	-0.257166	0.116657	-0.234368	-0.146841	-0.186524	-0.0896809	-0.0928533	-0.101001	-0.0322043	0.0238803	-0.105847
-5.00807	1.51593	0.0779269	0.833085	-0.135103	-0.617359	-0.373139	-0.0579547	-0.399292	-0.15341	-0.24357	-0.305046	-0.0626779	-0.192073	-0.154451	-0.0657421	-0.111487
-4.95119	1.55956	0.138542	0.943223	-0.155703	-0.591038	-0.29489	-0.0929662	-0.424935	-0.0533698	-0.138546	-0.155637	-0.217297	-0.0669272	-0.0534623	0.0513562	-0.18209
-4.86038	1.51869	0.312051	0.76624	-0.0796583	-0.6083	-0.175716	-0.112935	-0.360022	-0.142535	-0.103823	-0.100073	-0.168542	0.0319778	-0.0352135	-0.143319	-0.115656
-5.00162	1.66505	0.43553	0.846841	-0.0962413	-0.450115	0.00517585	-0.0705924	-0.306317	-0.220465	-0.111715	-0.0971783	-0.0986608	0.160736	0.0552754	-0.220233	-0.0714877
-4.9586	1.5895	0.298183	0.844563	-0.0714868	-0.517257	0.0417547	0.111047	-0.302966	-0.261264	-0.00325279	-0.23229	-0.215236	-0.120304	-0.0318225	-0.0403245	-0.047166
-4.87478	1.54039	0.292695	0.982814	-0.13446	-0.572291	0.0102952	0.105586	-0.284363	-0.219431	0.0824129	-0.157741	-0.0806488	-0.0157782	-0.0798316	-0.01956	-0.179759
-4.96028	1.71421	0.332029	1.01185	-0.0444159	-0.498505	0.206796	0.123702	-0.246105	-0.0736723	0.00724486	-0.105019	-0.0402196	-0.00447315	0.0723517	-0.0391603	0.0017275
-4.87756	1.65604	0.470327	0.964298	-0.207206	-0.438443	0.085298	0.0619419	-0.279164	-0.0137487	0.00373677	-0.0256814	-0.0540916	0.0513752	0.0253584	-0.0798248	-0.018038
-4.97524	1.5544	0.627261	0.954819	-0.373151	-0.560601	-0.0297151	0.026403	-0.446254	-0.0742501	0.137196	0.0304645	-0.0828592	-0.18336	-0.0211989	-0.0375254	-0.225128
-4.87052	1.47065	0.37519	0.916252	-0.282038	-0.458337	0.0714178	0.0912998	-0.469292	-0.114567	0.0586208	0.0495986	-0.080716	-0.17184	0.0564432	-0.000272655	-0.444022
-5.12083	1.411	0.451789	0.997682	-0.240183	-0.558216	-0.0571609	0.197407	-0.430371	-0.0544956	0.0411319	0.0112549	-0.0377438	-0.170566	0.118577	-0.0046946	-0.423341
-5.21678	1.28341	0.449865	0.964258	-0.177061	-0.475404	-0.0845234	0.11342	-0.39422	0.109637	-0.0301773	-0.0704802	-0.0708845	-0.121514	0.0476516	-0.040599	-0.362141
-5.2618	1.18883	0.503068	0.946771	-0.169306	-0.428755	-0.0802443	0.102273	-0.341909	0.0509782	0.0439598	-0.0569582	-0.173995	0.0119442	-0.0165865	-0.0531415	-0.296042
-5.35437	1.37985	0.576947	0.924032	-0.22884	-0.484857	0.028733	-0.0327142	-0.265922	0.076954	0.113626	-0.114951	-0.235054	0.0706162	0.0135351	-0.137105	-0.151588
-5.32563	1.50889	0.594497	1.00284	-0.19428	-0.547842	-0.0618881	0.127978	-0.221174	0.0140982	0.0154221	-0.146837	-0.0845616	0.0753581	-0.0025537	-0.0550365	-0.24097
-5.35031	1.55372	0.595596	1.01717	-0.274599	-0.551845	-0.0101056	0.171457	-0.279431	0.0280557	0.000132866	-0.107369	0.0204256	0.0195932	-0.0247167	-0.0387042	-0.319205
-5.53723	1.51416	0.564252	0.94857	-0.289278	-0.49573	0.0583636	-0.0377724	-0.23991	0.0822704	0.0160624	-0.109136	0.0677513	-0.0976012	-0.0619214	-0.146783	-0.285153
-5.37057	1.52056	0.44019	1.03568	-0.314815	-0.502198	-0.0408574	-0.211971	-0.225142	-0.0888547	-0.0461595	-0.0563375	-0.0584808	-0.170628	-0.0674447	-0.0839117	-0.338892
-5.27102	1.6306	0.451125	1.07894	-0.379358	-0.583328	-0.10223	-0.237064	-0.09129	-0.119413	-0.0935376	0.0430441	-0.137043	-0.114586	-0.0225885	-0.0422571	-0.47523
-5.51288	1.47631	0.536368	1.15586	-0.261845	-0.551808	-0.0482101	-0.166861	-0.0340458	0.0335026	0.00735351	0.15367	-0.0841698	0.022965	0.0165836	0.0297783	-0.440208
-5.98863	0.879304	0.303107	1.2088	-0.0230179	-0.380896	0.0105229	-0.169112	-0.13347	0.145702	0.315358	0.171975	-0.108588	0.195564	0.0935453	0.0159725	-0.374505
-6.12378	0.767318	0.130938	1.13641	0.120798	-0.199576	0.0645591	0.0990103	-0.124621	-0.0873499	0.151474	0.141003	-0.0296382	0.297337	0.125241	0.0192256	-0.319034
-6.17543	0.778816	-0.0354702	1.03343	-0.0888333	-0.183923	0.129266	0.194611	-0.063833	0.092291	0.0473769	0.194575	-0.0294303	0.0585442	-0.0641953	0.0313751	-0.283909
-6.32805	0.705828	-0.0685425	0.874306	-0.101447	-0.142213	0.221126	0.192757	-0.124931	0.216784	0.167804	0.294796	-0.0163965	0.0210384	-0.0185088	0.109961	-0.27888
-6.55136	0.637213	-0.0924975	0.966748	-0.0123387	-0.21533	0.186702	0.111157	-0.170165	0.22234	0.195459	0.260666	-0.0170154	0.083667	0.173777	0.214155	-0.283369
-6.73479	0.495472	-0.173301	1.15763	0.0803109	-0.216091	0.244207	0.112349	-0.211906	0.141022	0.185561	0.247689	-0.0813469	0.183962	0.236027	0.219682	-0.255685
-6.8597	0.785532	-0.212251	1.0937	0.0208918	-0.271024	0.301404	0.195863	-0.0834753	0.0555671	0.111638	0.18371	-0.0936906	0.141662	0.0399411	0.201738	-0.225879
-7.01983	1.0492	-0.422733	0.957945	0.0956745	-0.228894	0.24913	0.204363	0.116428	0.0604457	-0.0181909	0.107762	-0.107729	-0.013988	-0.212067	0.245153	-0.176814
-7.315	1.24593	-0.471978	0.940053	0.155521	-0.183468	0.292471	0.176476	0.128277	0.18831	-0.162131	0.103987	0.0565273	0.12081	-0.304104	0.32639	-0.0883943
-7.47564	1.38725	-0.458107	0.951604	0.293333	-0.135876	0.295242	0.264001	0.082149	0.227384	-0.0849924	0.0771225	0.161466	0.0389559	-0.167967	0.376355	0.0593845
-7.75551	1.33674	-0.299846	1.06115	0.360399	0.276737	0.290392	0.242389	0.177646	0.127534	-0.145604	0.0096106	-0.0309162	0.0118073	-0.0876657	0.207112	0.165438
-8.02051	1.35426	0.122492	0.894007	0.352468	0.451638	0.211905	0.176657	0.292232	0.126069	0.0607533	0.139973	0.00824916	0.0242474	-0.0296509	-0.0207613	0.15734
-8.02761	1.95781	0.673042	0.846333	0.0684751	0.252095	0.146819	0.269408	0.210218	0.105682	0.112352	0.105255	0.068535	-0.0560106	-0.0796481	0.0410934	0.100561
-7.53067	2.53436	1.02274	0.719517	-0.138931	0.07861	-0.0457837	0.180737	0.208713	-0.0401165	0.119869	-0.115315	-0.049334	0.0385123	-0.123733	-0.0106523	-0.13495
-7.35512	2.61412	1.04408	0.725673	-0.259137	-0.0194308	-0.129233	0.045439	0.192253	-0.156651	0.0257629	-0.152831	-0.0969972	-0.000134017	-0.21202	0.0438792	-0.287398
-7.60635	2.55759	1.06104	0.769282	-0.0518277	-0.0475785	-0.200554	0.0812543	0.134575	-0.108836	0.0261292	-0.0267432	-0.10903	-0.0458039	-0.199864	0.163548	-0.308394
-8.06969	2.23174	0.774202	0.5631	0.261698	0.0381042	-0.100508	0.132835	0.105126	-0.0259999	-0.116877	0.0115347	0.0171231	0.0176425	0.0282319	0.29575	-0.0807921
-8.43102	1.96337	0.724804	0.497954	0.325663	0.176819	0.0350599	0.132109	0.190371	0.0735432	-0.132803	0.0124508	-0.0531954	-0.0991087	0.0727928	0.354877	0.150044
-8.53652	1.64949	0.647517	0.516697	0.395598	0.267087	0.219338	0.213207	0.155823	-0.0100055	-0.130868	0.0505764	-0.0473976	-0.0888601	0.0107698	0.1521	0.119472
-8.88754	1.57898	0.650119	0.451153	0.414295	0.31136	0.359186	0.288365	0.261389	0.120494	-0.0418321	0.169149	-0.0602812	-0.0201284	0.0161578	0.278834	0.239557
-9.06877	1.48185	0.663259	0.502142	0.456766	0.45585	0.252834	0.0609377	0.105303	0.194235	0.15856	0.139652	-0.0239466	0.0497853	0.005863	0.187447	0.295283
-9.14147	1.34365	0.67509	0.516873	0.39154	0.400289	0.212188	0.0875315	0.080161	0.133306	0.0306294	0.108454	-0.061861	0.0624557	0.119302	0.193192	0.134342
-9.32301	1.24527	0.595185	0.518131	0.41045	0.252245	0.185426	0.160639	0.116042	0.111448	0.0258087	0.188003	-0.100608	-0.0116339	0.0370551	0.113071	0.133366
-9.23094	1.39821	0.54811	0.470452	0.398225	0.259098	0.220489	0.270801	0.177033	0.135093	0.116883	0.22164	0.10675	0.0567012	0.10115	0.17067	0.189661
-9.41454	1.33024	0.574424	0.491038	0.381525	0.320992	0.278906	0.310658	0.209788	0.154416	0.140173	0.286986	0.200893	0.152704	0.194911	0.219587	0.235105
-9.39232	1.32128	0.511011	0.539969	0.455313	0.38842	0.274542	0.292778	0.210529	0.24416	0.192875	0.252271	0.187809	0.104188	0.132121	0.249444	0.100218
-9.32437	1.33342	0.479796	0.521184	0.435559	0.343599	0.199115	0.27158	0.211473	0.201588	0.167801	0.160331	0.186721	0.136484	0.11437	0.213054	0.04391
-9.44114	1.25132	0.478979	0.478852	0.434126	0.370573	0.190879	0.306106	0.227849	0.194156	0.215646	0.190036	0.190536	0.143852	0.157777	0.217645	0.082408
-9.47512	1.26174	0.476093	0.518786	0.45751	0.295738	0.166388	0.344353	0.293402	0.199664	0.241394	0.175061	0.201688	0.140477	0.166847	0.160593	0.140452
-9.4505	1.31889	0.429964	0.469664	0.414269	0.300337	0.221241	0.329887	0.290669	0.213573	0.194073	0.197196	0.160985	0.170693	0.204856	0.193083	0.171831
-9.63432	1.2417	0.395305	0.376474	0.398422	0.361694	0.243484	0.284352	0.243769	0.219972	0.225176	0.355961	0.229608	0.22056	0.214294	0.226963	0.146441
-9.60279	1.24174	0.384504	0.404026	0.385284	0.320675	0.226111	0.210892	0.186697	0.191163	0.245511	0.392578	0.246229	0.214741	0.181327	0.188306	0.183286
-9.4979	1.28217	0.415353	0.408698	0.311648	0.257778	0.14806	0.12232	0.136247	0.170146	0.202403	0.270829	0.163389	0.192932	0.147848	0.154758	0.135849
-9.55299	1.2489	0.469299	0.398007	0.402415	0.321751	0.175193	0.227137	0.182172	0.259986	0.215165	0.286284	0.238232	0.267318	0.16415	0.127498	0.117037
-9.57144	1.29347	0.573216	0.433338	0.370291	0.393302	0.156499	0.260428	0.14308	0.187604	0.201559	0.282743	0.254887	0.321598	0.243967	0.12717	0.0805458
-9.56038	1.28228	0.470725	0.468581	0.452193	0.389041	0.16397	0.373627	0.21888	0.118131	0.180609	0.301015	0.209958	0.268944	0.271417	0.189656	0.0985142
-9.64468	1.29467	0.470606	0.521335	0.503324	0.37597	0.147131	0.306138	0.280309	0.164017	0.163438	0.255833	0.229217	0.294483	0.211414	0.210678	0.0982309
-9.63742	1.30534	0.522325	0.509434	0.44128	0.256798	0.162437	0.28289	0.214965	0.172236	0.116118	0.20287	0.193935	0.269445	0.271657	0.184291	0.14468
-9.60648	1.25769	0.425489	0.416175	0.378206	0.246167	0.166134	0.275643	0.146001	0.153943	0.163572	0.203637	0.09894	0.170322	0.236844	0.106112	0.0740417
-9.62059	1.24738	0.418131	0.442043	0.343333	0.240665	0.0988616	0.174602	0.123694	0.161691	0.0826662	0.17951	0.060308	0.157734	0.213717	0.110888	0.0823684
-9.48893	1.28596	0.465331	0.44565	0.302385	0.245532	0.210056	0.200535	0.187796	0.211226	0.107789	0.257984	0.10773	0.100658	0.140673	0.215244	0.194058
-9.61482	1.15481	0.529669	0.506984	0.359039	0.441191	0.272275	0.279021	0.220974	0.272319	0.261406	0.369454	0.198344	0.0782195	0.0649922	0.234123	0.140463
-9.43401	1.24506	0.56697	0.487766	0.335876	0.361042	0.218084	0.282731	0.264836	0.304148	0.270717	0.25068	0.22387	0.201986	0.192883	0.155369	0.158182
-9.51472	1.30932	0.621994	0.465612	0.363168	0.447039	0.322006	0.292071	0.317077	0.298042	0.179771	0.290587	0.16966	0.149617	0.158551	0.15958	0.143292
-9.62748	1.21464	0.608497	0.518631	0.447788	0.486358	0.32989	0.315178	0.376075	0.343852	0.202051	0.33757	0.143876	0.0522319	0.145224	0.203082	0.0352243
-9.31843	1.36086	0.500687	0.478937	0.394953	0.347368	0.258684	0.221677	0.258586	0.24534	0.189256	0.229194	0.133935	0.146048	0.218579	0.180144	0.0717607
-9.1384	1.4967	0.441335	0.459411	0.33084	0.269362	0.222881	0.2479	0.212752	0.19436	0.184267	0.196755	0.124254	0.126253	0.103196	0.137658	0.148295
-7.92467	1.64111	0.278409	0.491697	0.190412	0.26419	0.13842	0.219056	0.109334	0.162197	0.0996239	0.134655	0.0523931	0.0960755	0.0441547	0.076184	0.0671981
-7.76893	1.66865	0.202235	0.506584	0.130041	0.264189	0.0859921	0.218877	0.0595872	0.1576	0.0541711	0.129203	0.00794022	0.0917077	0.00351915	0.0691226	0.0285723
