1.103190000000000055e+03
1.103190000000000055e+03
1.103190000000000055e+03
1.103190000000000055e+03
1.103190000000000055e+03
1.103190000000000055e+03
1.103190000000000055e+03
1.103190000000000055e+03
1.103190000000000055e+03
1.103190000000000055e+03
1.103190000000000055e+03
1.103190000000000055e+03
1.103190000000000055e+03
1.103190000000000055e+03
1.103190000000000055e+03
1.125000000000000000e+03
1.437500000000000000e+03
4.246479999999999563e+03
5.315670000000000073e+03
6.032310000000000400e+03
6.032310000000000400e+03
6.843310000000000400e+03
6.032310000000000400e+03
5.739770000000000437e+03
5.609380000000000109e+03
4.485250000000000000e+03
4.155630000000000109e+03
4.155630000000000109e+03
3.348889999999999873e+03
3.348889999999999873e+03
2.495849999999999909e+03
2.293280000000000200e+03
2.293280000000000200e+03
2.293280000000000200e+03
3.835250000000000000e+03
4.068210000000000036e+03
4.254430000000000291e+03
4.254430000000000291e+03
5.028899999999999636e+03
5.028899999999999636e+03
5.078439999999999600e+03
6.689109999999999673e+03
6.689109999999999673e+03
6.689109999999999673e+03
6.726840000000000146e+03
6.726840000000000146e+03
6.085659999999999854e+03
6.085659999999999854e+03
6.085659999999999854e+03
5.322619999999999891e+03
3.128989999999999782e+03
2.641389999999999873e+03
2.212889999999999873e+03
2.212889999999999873e+03
2.212889999999999873e+03
2.660179999999999836e+03
3.623909999999999854e+03
5.302369999999999891e+03
5.302369999999999891e+03
6.423470000000000255e+03
6.423470000000000255e+03
6.708930000000000291e+03
6.734380000000000109e+03
6.734380000000000109e+03
6.734380000000000109e+03
3.822469999999999800e+03
3.822469999999999800e+03
3.014030000000000200e+03
3.057070000000000164e+03
3.822469999999999800e+03
3.057070000000000164e+03
3.057070000000000164e+03
3.057070000000000164e+03
2.640619999999999891e+03
2.640619999999999891e+03
4.006300000000000182e+03
2.722699999999999818e+03
4.006300000000000182e+03
4.006300000000000182e+03
2.722699999999999818e+03
2.182320000000000164e+03
1.946680000000000064e+03
1.581660000000000082e+03
1.375000000000000000e+03
1.253289999999999964e+03
1.140619999999999891e+03
1.140619999999999891e+03
1.375000000000000000e+03
2.404670000000000073e+03
5.249710000000000036e+03
6.839369999999999891e+03
7.182380000000000109e+03
7.206260000000000218e+03
7.206260000000000218e+03
7.182380000000000109e+03
7.206260000000000218e+03
7.206260000000000218e+03
7.781250000000000000e+03
7.781250000000000000e+03
7.781250000000000000e+03
5.030270000000000437e+03
1.557769999999999982e+03
1.388490000000000009e+03
1.371119999999999891e+03
1.131880000000000109e+03
1.109380000000000109e+03
1.107831944444444616e+03
1.106283888888888896e+03
1.104735833333333403e+03
1.103187777777777910e+03
1.101639722222222417e+03
1.100091666666666697e+03
1.098543611111111204e+03
1.096995555555555711e+03
1.095447500000000218e+03
1.093899444444444498e+03
1.092351388888889005e+03
1.090803333333333512e+03
1.089255277777777792e+03
1.087707222222222299e+03
1.086159166666666806e+03
1.084611111111111313e+03
1.083063055555555593e+03
1.081515000000000100e+03
1.079966944444444607e+03
1.078418888888888887e+03
1.076870833333333394e+03
1.075322777777777901e+03
1.073774722222222408e+03
1.072226666666666688e+03
1.070678611111111195e+03
1.069130555555555702e+03
1.067582499999999982e+03
1.066034444444444489e+03
1.064486388888888996e+03
1.062938333333333503e+03
1.061390277777777783e+03
1.059842222222222290e+03
1.058294166666666797e+03
1.056746111111111304e+03
1.055198055555555584e+03
1.053650000000000091e+03
2.391400000000000091e+03
2.656250000000000000e+03
5.410300000000000182e+03
6.634850000000000364e+03
6.634850000000000364e+03
6.634850000000000364e+03
6.235109999999999673e+03
1.850039999999999964e+03
1.471710000000000036e+03
1.431319999999999936e+03
1.423190000000000055e+03
1.423190000000000055e+03
1.423190000000000055e+03
1.173119999999999891e+03
1.165490000000000009e+03
1.161504444444444516e+03
1.157518888888888796e+03
1.153533333333333303e+03
1.149547777777777810e+03
1.145562222222222317e+03
1.141576666666666597e+03
1.137591111111111104e+03
1.133605555555555611e+03
1.129619999999999891e+03
1.125634444444444398e+03
1.121648888888888905e+03
1.117663333333333412e+03
1.113677777777777692e+03
1.109692222222222199e+03
1.105706666666666706e+03
1.101721111111111213e+03
1.097735555555555493e+03
1.093750000000000000e+03
1.209230000000000018e+03
2.000000000000000000e+03
4.306789999999999964e+03
4.486720000000000255e+03
4.486720000000000255e+03
4.486720000000000255e+03
4.306789999999999964e+03
4.064030000000000200e+03
3.765619999999999891e+03
4.064030000000000200e+03
4.064030000000000200e+03
5.376979999999999563e+03
5.536090000000000146e+03
5.536090000000000146e+03
5.376979999999999563e+03
4.122159999999999854e+03
2.984380000000000109e+03
2.700219999999999800e+03
2.225239999999999782e+03
1.492190000000000055e+03
1.492190000000000055e+03
1.492190000000000055e+03
1.492190000000000055e+03
1.492190000000000055e+03
1.795480000000000018e+03
2.000000000000000000e+03
2.000000000000000000e+03
2.000000000000000000e+03
2.051079999999999927e+03
2.888599999999999909e+03
3.905349999999999909e+03
7.037640000000000327e+03
7.039859999999999673e+03
7.322329999999999927e+03
7.324850000000000364e+03
7.546880000000000109e+03
7.523439999999999600e+03
7.523439999999999600e+03
7.324850000000000364e+03
6.914159999999999854e+03
6.730479999999999563e+03
2.461059999999999945e+03
2.461059999999999945e+03
2.461059999999999945e+03
2.461059999999999945e+03
2.461059999999999945e+03
2.461059999999999945e+03
2.461059999999999945e+03
2.461059999999999945e+03
2.461059999999999945e+03
2.461059999999999945e+03
2.461059999999999945e+03
2.461059999999999945e+03
2.461059999999999945e+03
2.461059999999999945e+03
2.461059999999999945e+03
2.461059999999999945e+03
2.461059999999999945e+03
2.461059999999999945e+03
2.461059999999999945e+03
2.461059999999999945e+03
2.461059999999999945e+03
2.461059999999999945e+03
2.461059999999999945e+03
2.461059999999999945e+03
2.461059999999999945e+03
2.461059999999999945e+03
