0
0
0
0
0
0
0
0
0
0
0
0
0
0
0
0
0
0
0
0
0
0
0
0
0
0
0
0
0
0
0
0
0
0
0
0
0
0
0
1391.75
2200.6
3046.88
3046.88
3046.88
5281.25
5281.25
4997.73
4997.73
4997.73
3802.17
3473.69
3473.69
5031.45
5783.92
5783.92
6448.45
6448.45
5360.36
5360.36
4897.69
4897.69
5017.56
5082.98
5082.98
5136.31
5136.31
5136.31
5136.31
1750
1508.87
1153.51
1153.51
1156.39
1046.08
1015.62
0
0
0
0
0
0
0
0
0
0
0
0
0
0
0
0
0
0
0
0
1309.7
1546.88
1546.88
2609.91
3819.72
4002.03
5260.55
5645.79
6682.78
6747.69
6747.69
6747.69
6283.78
6082.6
6068.47
6066.42
6038.86
6066.42
6068.47
6071.61
6733.38
7139.36
7568.33
7568.33
7568.33
6949.87
6241.11
6241.11
6241.11
7250.31
7250.31
7250.31
7250.31
7093.03
6067.45
7093.03
6993.51
6181.76
6993.51
6993.51
6390.62
6390.62
7625.2
7805.02
7805.02
7805.02
7805.02
7761.83
7548.43
6937.5
5312.5
3687.5
2971
2489.94
2015.62
1869.71
1057.19
1005.9
1000
0
0
0
0
0
0
0
0
0
0
0
0
0
0
0
0
0
0
0
0
0
0
0
0
0
0
0
0
0
0
0
0
0
0
0
0
0
0
0
0
1361.65
2895.92
5825.06
6274.82
6274.82
5825.06
1525.57
0
0
0
0
0
0
0
0
5010.21
5010.21
5010.21
2075.36
1906.25
1264.99
1375
1444.13
1375
1047.35
0
0
0
0
0
0
0
0
0
0
0
0
0
0
0
0
0
0
0
0
0
0
0
0
0
0
0
0
0
0
0
0
0
0
0
0
0
0
0
0
0
0
0
0
6049.9
6468.75
6468.75
6468.75
7346.8
6468.75
4457.02
7234.38
2937
2720.5
2453.12
1852.64
1421.88
1421.88
1302.98
1246.74
0
0
0
0
0
0
0
0
0
0
0
0
0
0
0
0
0
0
0
0
0
0
0
0
0
0
0
0
0
0
0
0
1835.94
4021.46
4293.29
4923.46
5050.35
4923.46
4923.46
1368.36
0
0
0
0
0
0
0
0
0
0
0
0
0
0
0
0
0
0
0
0
0
0
0
0
0
0
0
0
0
0
0
0
0
0
0
0
0
0
0
0
0
0
0
0
0
0
0
0
0
0
0
0
0
0
0
0
0
0
0
0
0
0
0
0
0
0
0
0
