5.344750000000000334e+00
5.344750000000000334e+00
5.344750000000000334e+00
5.344750000000000334e+00
5.344750000000000334e+00
5.344750000000000334e+00
5.344750000000000334e+00
5.344750000000000334e+00
5.344750000000000334e+00
5.344750000000000334e+00
5.344750000000000334e+00
5.344750000000000334e+00
5.344750000000000334e+00
5.344750000000000334e+00
5.344750000000000334e+00
5.344750000000000334e+00
5.344750000000000334e+00
5.352780000000000094e+00
5.370370000000000310e+00
5.398819999999999730e+00
5.400540000000000340e+00
5.389219999999999899e+00
5.392199999999999882e+00
5.381120000000000125e+00
5.388445172413793394e+00
5.395770344827586662e+00
5.403095517241379042e+00
5.410420689655172310e+00
5.417745862068965579e+00
5.425071034482758847e+00
5.432396206896552115e+00
5.439721379310344496e+00
5.447046551724137764e+00
5.454371724137931032e+00
5.461696896551724301e+00
5.469022068965517569e+00
5.476347241379309949e+00
5.483672413793103217e+00
5.490997586206896486e+00
5.498322758620689754e+00
5.505647931034482134e+00
5.512973103448275403e+00
5.520298275862068671e+00
5.527623448275861939e+00
5.534948620689655208e+00
5.542273793103447588e+00
5.549598965517240856e+00
5.556924137931034124e+00
5.564249310344827393e+00
5.571574482758620661e+00
5.578899655172413041e+00
5.586224827586206310e+00
5.593549999999999578e+00
5.582360000000000433e+00
5.570210000000000328e+00
5.559560000000000279e+00
5.551890000000000214e+00
5.546439999999999593e+00
5.542270000000000252e+00
5.538999999999999702e+00
5.536419999999999675e+00
5.534220000000000361e+00
5.531970000000000276e+00
5.529539999999999900e+00
5.527599999999999625e+00
5.527169999999999916e+00
5.528800000000000381e+00
5.532499999999999751e+00
5.538149999999999906e+00
5.544929999999999914e+00
5.549710000000000143e+00
5.550690000000000346e+00
5.546789999999999665e+00
5.536080000000000112e+00
5.518849999999999589e+00
5.509909999999999641e+00
5.520970000000000155e+00
5.558139999999999858e+00
5.585718333333333341e+00
5.613296666666666823e+00
5.640874999999999417e+00
5.668453333333332900e+00
5.696031666666666382e+00
5.723609999999999864e+00
5.731950000000000323e+00
5.733109999999999928e+00
5.722749999999999559e+00
5.713460000000000427e+00
5.705619999999999692e+00
5.698730000000000295e+00
5.693740000000000023e+00
5.691320000000000157e+00
5.691309999999999647e+00
5.692219999999999835e+00
5.692260000000000097e+00
5.690380000000000216e+00
5.686280000000000001e+00
5.679400000000000226e+00
5.670099999999999696e+00
5.657790000000000319e+00
5.644820000000000171e+00
5.633860000000000312e+00
5.622819999999999929e+00
5.611539999999999750e+00
5.590010000000000367e+00
5.565150000000000041e+00
5.567440000000000389e+00
5.592749999999999666e+00
5.635259999999999714e+00
5.662969999999999615e+00
5.670279999999999987e+00
5.667250000000000121e+00
5.663960000000000328e+00
5.663100000000000023e+00
5.660969999999999835e+00
5.651099999999999568e+00
5.639400000000000190e+00
5.636619999999999742e+00
5.641899999999999693e+00
5.651030000000000442e+00
5.662029999999999674e+00
5.674170000000000158e+00
5.658575882352941733e+00
5.642981764705882419e+00
5.627387647058823994e+00
5.611793529411764681e+00
5.596199411764706255e+00
5.580605294117646942e+00
5.565011176470588516e+00
5.549417058823529203e+00
5.533822941176470778e+00
5.518228823529411464e+00
5.502634705882353039e+00
5.487040588235293725e+00
5.471446470588235300e+00
5.455852352941175987e+00
5.440258235294117561e+00
5.424664117647058248e+00
5.409069999999999823e+00
5.403179999999999872e+00
5.398869999999999614e+00
5.394219999999999793e+00
5.388139999999999930e+00
5.379559999999999675e+00
5.369449999999999612e+00
5.359230000000000160e+00
5.350089999999999790e+00
5.342740000000000045e+00
5.336920000000000108e+00
5.332399999999999807e+00
5.329480000000000217e+00
5.328549999999999898e+00
5.328459999999999752e+00
5.328079999999999927e+00
5.327289999999999637e+00
5.326620000000000132e+00
5.326459999999999972e+00
5.326609999999999623e+00
5.326690000000000147e+00
5.327079999999999593e+00
5.329279999999999795e+00
5.334539999999999615e+00
5.341870000000000118e+00
5.348830000000000418e+00
5.354569999999999830e+00
5.361539999999999750e+00
5.374060000000000059e+00
5.395789999999999864e+00
5.437929999999999708e+00
5.458230000000000359e+00
5.467880000000000074e+00
5.476930000000000298e+00
5.492359999999999687e+00
5.506319999999999659e+00
5.510690000000000310e+00
5.509319999999999773e+00
5.504450000000000287e+00
5.499649999999999928e+00
5.498706382978723717e+00
5.497762765957446618e+00
5.496819148936170407e+00
5.495875531914893308e+00
5.494931914893617098e+00
5.493988297872339999e+00
5.493044680851063788e+00
5.492101063829787577e+00
5.491157446808510478e+00
5.490213829787234268e+00
5.489270212765957169e+00
5.488326595744680958e+00
5.487382978723403859e+00
5.486439361702127648e+00
5.485495744680851438e+00
5.484552127659574339e+00
5.483608510638298128e+00
5.482664893617021029e+00
5.481721276595744818e+00
5.480777659574467719e+00
5.479834042553191509e+00
5.478890425531915298e+00
5.477946808510638199e+00
5.477003191489361988e+00
5.476059574468084890e+00
5.475115957446808679e+00
5.474172340425532468e+00
5.473228723404255369e+00
5.472285106382979158e+00
5.471341489361702060e+00
5.470397872340425849e+00
5.469454255319148750e+00
5.468510638297872539e+00
5.467567021276596329e+00
5.466623404255319230e+00
5.465679787234043019e+00
5.464736170212765920e+00
5.463792553191489709e+00
5.462848936170212610e+00
5.461905319148936400e+00
5.460961702127660189e+00
5.460018085106383090e+00
5.459074468085106879e+00
5.458130851063829780e+00
5.457187234042553570e+00
5.456243617021276471e+00
5.455300000000000260e+00
5.436209999999999987e+00
5.421100000000000030e+00
5.411360000000000170e+00
5.405009999999999870e+00
5.401080000000000325e+00
5.399099999999999788e+00
5.399219999999999686e+00
5.401589999999999669e+00
5.406259999999999621e+00
5.413249999999999673e+00
5.420969999999999622e+00
5.429509999999999614e+00
5.440559999999999619e+00
5.456089999999999662e+00
5.469210000000000349e+00
5.477599999999999802e+00
5.485929999999999751e+00
5.486007199999999528e+00
5.486084400000000194e+00
5.486161599999999972e+00
5.486238799999999749e+00
5.486315999999999526e+00
5.486393200000000192e+00
5.486470399999999970e+00
5.486547599999999747e+00
5.486624800000000413e+00
5.486702000000000190e+00
5.486779199999999967e+00
5.486856399999999745e+00
5.486933600000000411e+00
5.487010800000000188e+00
5.487087999999999965e+00
5.487165199999999743e+00
5.487242400000000409e+00
5.487319600000000186e+00
5.487396799999999963e+00
5.487474000000000629e+00
5.487551200000000406e+00
5.487628400000000184e+00
5.487705599999999961e+00
5.487782800000000627e+00
5.487860000000000404e+00
5.484639999999999738e+00
5.478379999999999583e+00
5.475030000000000285e+00
5.473629999999999995e+00
5.470589999999999620e+00
5.459019999999999762e+00
5.434379999999999988e+00
5.410669999999999646e+00
5.390489999999999782e+00
5.371940000000000381e+00
5.355789999999999829e+00
5.341330000000000133e+00
5.330009999999999692e+00
5.323529999999999873e+00
5.320120000000000182e+00
5.317680000000000184e+00
5.315369999999999706e+00
5.313340000000000174e+00
5.311819999999999986e+00
5.310830000000000162e+00
5.310150000000000148e+00
5.309549999999999770e+00
5.309309999999999974e+00
5.309940000000000104e+00
5.311880000000000379e+00
5.315299999999999692e+00
5.319740000000000357e+00
5.324150000000000382e+00
5.328520000000000145e+00
5.333009999999999806e+00
5.337579999999999991e+00
5.342749999999999666e+00
5.348840000000000039e+00
5.355520000000000280e+00
5.362429999999999808e+00
5.369180000000000064e+00
5.376350000000000406e+00
5.384680000000000355e+00
5.394280000000000186e+00
5.405059999999999754e+00
5.417349999999999888e+00
5.430690000000000239e+00
5.442440000000000389e+00
5.450630000000000308e+00
5.455849999999999866e+00
5.460289999999999644e+00
5.467570000000000263e+00
5.480979999999999741e+00
5.498409999999999798e+00
5.512999999999999901e+00
5.520800000000000374e+00
5.521779999999999688e+00
5.517260000000000275e+00
5.508989999999999831e+00
5.499450000000000394e+00
5.490980000000000416e+00
5.483640000000000292e+00
