0
0
0
0
0
0
0
0
0
0
0
0
0
0
0
0
0
0
0
0
0
0
0
0
0
0
0
0
0
0
0
0
0
0
0
0
0
0
0
0
0
0
0
0
0
0
0
0
0
1078.32
1093.75
6093.75
6093.75
6093.75
6004.81
2569.5
1398.84
1381.17
1381.17
1385.91
1385.91
1385.91
1888.24
1888.24
1888.24
2161.21
1888.24
1343.75
0
0
0
0
0
0
0
0
0
0
0
0
0
0
0
0
0
0
0
0
0
0
0
0
1228.03
1781.25
2100.88
2100.88
2675.38
4429.44
4906.84
4906.84
4906.84
5312.5
5360.26
5360.26
4880.67
4880.67
3968.75
1203.12
1203.12
1203.12
1129.05
1129.05
1204.57
1148.91
1204.57
1232.38
1234.99
1234.99
1484.38
2855.24
3829.1
3886.64
3896.74
4083.47
4779.85
4779.85
5354.51
5354.51
5354.51
0
0
0
0
0
0
0
0
0
0
0
0
0
0
0
0
0
0
0
0
0
0
0
0
0
0
0
0
0
0
0
0
0
0
4886.56
5068.41
5896.37
5674.88
7262.65
7262.65
7163.92
5915.5
6593.75
5915.5
5915.5
4497.26
5968.75
4538.14
4538.14
4538.14
4538.14
4538.14
5640.95
5640.95
5640.95
5640.95
5640.95
5698.09
5849.9
7802.96
7850.12
7850.12
7850.12
7592.51
6150.8
4956.37
4956.37
5472.28
6150.8
5472.28
5634.33
5555.36
5555.36
5546.88
5555.36
5546.88
5546.88
5546.88
3543.24
3543.24
3363.53
3234.38
2283.01
2283.01
1578.89
1328.12
1578.89
1578.89
1586.83
1586.83
1586.83
1359.38
1359.38
1191.01
1110.12
0
0
0
0
0
0
0
0
0
0
0
0
0
0
0
0
0
0
0
0
0
0
0
1046.88
1097.26
1097.26
1097.26
1927.16
3344.63
3344.63
4043.97
3344.63
3026.94
3026.94
2503.55
1881.02
1459.07
1459.07
1223.02
0
0
0
0
0
0
0
0
0
0
0
0
0
0
0
0
0
1215.14
1215.14
1723.42
1723.42
5529.14
5765.62
5961.86
5961.86
5961.86
6084.8
6009.16
6009.16
6084.8
7375
7375
7375
6222.07
5678.26
4601.65
5350.29
3850.72
3718.05
2056.59
2056.59
2056.59
2277.85
2277.85
2277.85
2277.85
2277.85
1710.58
1746.93
1746.93
1150.4
1150.4
1150.4
1068.74
1150.4
1175.21
1375
6679.97
6679.97
6679.97
6644.5
5593.75
5593.75
5593.75
5593.75
5593.75
5545.88
5031.25
4401.66
4401.66
4401.66
4401.66
3671.88
3671.88
4306.81
4306.81
6135.37
7287.57
7564.09
7564.09
7564.09
7468.75
7468.75
7468.75
6421.88
6421.88
6421.88
6421.88
6074.43
6074.43
6657.15
6657.15
6370.62
6370.62
6370.62
6156.56
5449.72
1377.61
1141.3
1116.91
1023.44
0
0
0
0
0
0
0
0
0
0
0
0
0
0
2285.9
5434.97
5509.23
6121.61
6121.61
5509.23
5388.28
5388.28
5388.28
5388.28
5388.28
1797.72
1698.12
1314.03
1193.92
1192.76
1188.92
1172.66
1172.66
1181.22
1181.22
2432.73
2457.78
2432.73
2432.73
2312.5
1348.66
1348.66
1348.66
1335.76
1296.88
1296.88
1296.88
1275.58
1402.65
1407.56
1402.65
1213.76
1109.38
0
0
0
0
0
0
0
0
0
0
0
0
0
0
0
0
0
0
0
0
0
0
0
0
0
0
0
0
0
0
0
0
0
0
0
0
0
0
0
0
0
0
0
0
0
0
0
0
0
0
0
0
0
0
0
0
0
0
0
0
