-1e+10
-1e+10
-1e+10
-1e+10
-1e+10
-1e+10
-1e+10
-1e+10
-1e+10
-1e+10
-1e+10
-1e+10
-1e+10
-1e+10
-1e+10
-1e+10
-1e+10
-1e+10
-1e+10
-1e+10
-1e+10
-1e+10
-1e+10
-1e+10
-1e+10
-1e+10
-1e+10
-1e+10
-1e+10
-1e+10
-1e+10
-1e+10
-1e+10
-1e+10
-1e+10
-1e+10
-1e+10
-1e+10
-1e+10
-1e+10
-1e+10
-1e+10
-1e+10
-1e+10
-1e+10
-1e+10
-1e+10
-1e+10
-1e+10
5.3921
5.3868
5.38327
5.37942
5.3747
5.36799
5.35754
5.33739
5.30754
5.29469
5.29041
5.28494
5.27867
5.27315
5.26791
5.26281
5.26028
5.26223
5.26546
-1e+10
-1e+10
-1e+10
-1e+10
-1e+10
-1e+10
-1e+10
-1e+10
-1e+10
-1e+10
-1e+10
-1e+10
-1e+10
-1e+10
-1e+10
-1e+10
-1e+10
-1e+10
-1e+10
-1e+10
-1e+10
-1e+10
-1e+10
-1e+10
5.54097
5.52559
5.50598
5.48087
5.44435
5.41899
5.40686
5.40216
5.39938
5.39615
5.39212
5.38653
5.37744
5.36462
5.34587
5.30719
5.29143
5.28299
5.28406
5.29768
5.30787
5.30711
5.37581
5.453
5.51408
5.50936
5.49504
5.48602
5.48458
5.48554
5.4855
5.48259
5.47747
5.47056
5.46278
5.4558
5.448
-1e+10
-1e+10
-1e+10
-1e+10
-1e+10
-1e+10
-1e+10
-1e+10
-1e+10
-1e+10
-1e+10
-1e+10
-1e+10
-1e+10
-1e+10
-1e+10
-1e+10
-1e+10
-1e+10
-1e+10
-1e+10
-1e+10
-1e+10
-1e+10
-1e+10
-1e+10
-1e+10
-1e+10
-1e+10
-1e+10
-1e+10
-1e+10
-1e+10
-1e+10
5.42475
5.41133
5.39286
5.37872
5.37052
5.3644
5.35867
5.35099
5.34169
5.33357
5.32702
5.32086
5.31224
5.30139
5.29219
5.28737
5.28559
5.28387
5.2799
5.27375
5.26774
5.26277
5.2584
5.25341
5.24795
5.24214
5.23727
5.23284
5.22784
5.22257
5.21787
5.21477
5.21286
5.21109
5.20881
5.20661
5.20566
5.20649
5.20752
5.20704
5.20804
5.21986
5.22551
5.22887
5.2325
5.23619
5.23913
5.23991
5.24035
5.24152
5.2435
5.24609
5.25041
5.25673
5.26387
5.27094
5.27518
5.27453
5.26708
5.25076
5.22016
-1e+10
-1e+10
-1e+10
-1e+10
-1e+10
-1e+10
-1e+10
-1e+10
-1e+10
-1e+10
-1e+10
-1e+10
-1e+10
-1e+10
-1e+10
-1e+10
-1e+10
-1e+10
-1e+10
-1e+10
-1e+10
-1e+10
-1e+10
5.57642
5.5741
5.56974
5.45864
5.42198
5.41075
5.4039
5.39788
5.38941
5.37653
5.35854
5.34129
5.32663
5.31486
5.31385
5.33152
-1e+10
-1e+10
-1e+10
-1e+10
-1e+10
-1e+10
-1e+10
-1e+10
-1e+10
-1e+10
-1e+10
-1e+10
-1e+10
-1e+10
-1e+10
-1e+10
-1e+10
5.50052
5.49703
5.47117
5.44123
5.37104
5.36289
5.34455
5.31943
5.31253
5.30256
5.28804
5.27907
5.27302
5.26897
5.26695
5.26495
5.2607
5.25408
5.24993
5.24856
5.24776
5.24531
5.24121
5.23892
5.23993
5.24395
5.24772
5.2479
5.24502
5.23687
5.2209
5.19836
5.17455
5.15448
5.13977
5.13638
5.27205
5.34985
5.29534
5.28195
5.2749
5.26957
5.26411
5.26154
5.26174
5.26245
5.2628
5.26385
5.26718
5.27157
5.27316
5.27089
5.26618
5.26444
5.26453
5.26444
5.26336
5.26145
5.2587
5.25376
5.24466
5.23246
5.22602
5.22287
5.22959
5.24375
5.24084
5.23946
5.23953
5.24113
5.2436
5.24541
5.24632
5.24627
5.24496
5.24217
5.23916
5.2358
5.22649
5.20269
5.14707
5.14106
5.08812
5.0873
-1e+10
-1e+10
-1e+10
-1e+10
-1e+10
-1e+10
-1e+10
-1e+10
-1e+10
-1e+10
-1e+10
-1e+10
-1e+10
-1e+10
5.25337
5.23891
5.22681
5.21295
5.19906
5.19269
4.49772
4.49679
4.49594
4.49576
4.49639
4.49651
4.49536
4.49395
4.49371
4.49394
4.49286
4.4909
4.49063
4.49374
4.50074
4.51392
4.52799
4.53232
4.52564
4.51995
4.52735
4.54168
4.57566
4.59791
4.60505
4.61206
4.61876
4.62063
4.6135
4.60121
4.59386
4.59637
4.61524
-1e+10
-1e+10
-1e+10
-1e+10
-1e+10
-1e+10
-1e+10
-1e+10
-1e+10
-1e+10
-1e+10
-1e+10
-1e+10
-1e+10
-1e+10
-1e+10
-1e+10
-1e+10
-1e+10
-1e+10
-1e+10
-1e+10
-1e+10
-1e+10
-1e+10
-1e+10
-1e+10
-1e+10
-1e+10
-1e+10
-1e+10
-1e+10
-1e+10
-1e+10
-1e+10
-1e+10
-1e+10
-1e+10
-1e+10
-1e+10
-1e+10
-1e+10
-1e+10
-1e+10
-1e+10
-1e+10
-1e+10
-1e+10
-1e+10
-1e+10
-1e+10
-1e+10
-1e+10
-1e+10
-1e+10
-1e+10
-1e+10
-1e+10
-1e+10
-1e+10
