1.089319999999999936e+03
1.089319999999999936e+03
1.089319999999999936e+03
1.089319999999999936e+03
1.089319999999999936e+03
1.089319999999999936e+03
1.089319999999999936e+03
1.089319999999999936e+03
1.089319999999999936e+03
1.089319999999999936e+03
1.089319999999999936e+03
1.089319999999999936e+03
1.089319999999999936e+03
1.089319999999999936e+03
1.089319999999999936e+03
1.089319999999999936e+03
1.089319999999999936e+03
1.089319999999999936e+03
1.089319999999999936e+03
1.089319999999999936e+03
1.089319999999999936e+03
1.089319999999999936e+03
1.089319999999999936e+03
1.089319999999999936e+03
1.089319999999999936e+03
1.089319999999999936e+03
1.089319999999999936e+03
1.089319999999999936e+03
1.089319999999999936e+03
1.089319999999999936e+03
1.089319999999999936e+03
1.089319999999999936e+03
1.089319999999999936e+03
1.089319999999999936e+03
1.089319999999999936e+03
1.089319999999999936e+03
1.089319999999999936e+03
1.089319999999999936e+03
1.089319999999999936e+03
1.089319999999999936e+03
1.089319999999999936e+03
1.089319999999999936e+03
1.089319999999999936e+03
1.089319999999999936e+03
1.089319999999999936e+03
1.089319999999999936e+03
1.089319999999999936e+03
1.089319999999999936e+03
1.089319999999999936e+03
1.089319999999999936e+03
1.089319999999999936e+03
1.089319999999999936e+03
1.089319999999999936e+03
1.089319999999999936e+03
1.089319999999999936e+03
1.089319999999999936e+03
1.089319999999999936e+03
1.089319999999999936e+03
1.089319999999999936e+03
1.089319999999999936e+03
1.089319999999999936e+03
1.222210000000000036e+03
2.125000000000000000e+03
5.806930000000000291e+03
7.281250000000000000e+03
7.281250000000000000e+03
7.281250000000000000e+03
7.281250000000000000e+03
7.281250000000000000e+03
5.559569999999999709e+03
5.559569999999999709e+03
5.519000000000000000e+03
5.519000000000000000e+03
5.294970000000000255e+03
5.519000000000000000e+03
5.519000000000000000e+03
5.808380000000000109e+03
5.808380000000000109e+03
5.808380000000000109e+03
5.808380000000000109e+03
5.830140000000000327e+03
5.830140000000000327e+03
5.942199999999999818e+03
5.942199999999999818e+03
5.830140000000000327e+03
4.653260000000000218e+03
4.653260000000000218e+03
4.653260000000000218e+03
5.541500000000000000e+03
5.557020000000000437e+03
5.557020000000000437e+03
5.557020000000000437e+03
5.541500000000000000e+03
4.875000000000000000e+03
4.875000000000000000e+03
1.914980000000000018e+03
1.914980000000000018e+03
1.541380000000000109e+03
1.541380000000000109e+03
1.134420000000000073e+03
1.107440000000000055e+03
1.107491052631578896e+03
1.107542105263157964e+03
1.107593157894736805e+03
1.107644210526315874e+03
1.107695263157894715e+03
1.107746315789473783e+03
1.107797368421052624e+03
1.107848421052631693e+03
1.107899473684210534e+03
1.107950526315789602e+03
1.108001578947368444e+03
1.108052631578947512e+03
1.108103684210526353e+03
1.108154736842105422e+03
1.108205789473684263e+03
1.108256842105263331e+03
1.108307894736842172e+03
1.108358947368421241e+03
1.108410000000000082e+03
1.108461052631578923e+03
1.108512105263157991e+03
1.108563157894736833e+03
1.108614210526315901e+03
1.108665263157894742e+03
1.108716315789473811e+03
1.108767368421052652e+03
1.108818421052631720e+03
1.108869473684210561e+03
1.108920526315789630e+03
1.108971578947368471e+03
1.109022631578947539e+03
1.109073684210526380e+03
1.109124736842105449e+03
1.109175789473684290e+03
1.109226842105263358e+03
1.109277894736842200e+03
1.109328947368421268e+03
1.109380000000000109e+03
1.484380000000000109e+03
2.234380000000000109e+03
4.329760000000000218e+03
6.497960000000000036e+03
7.242670000000000073e+03
7.208609999999999673e+03
7.242670000000000073e+03
7.420340000000000146e+03
7.420340000000000146e+03
7.208609999999999673e+03
7.420340000000000146e+03
7.420340000000000146e+03
6.282939999999999600e+03
4.753920000000000073e+03
6.468750000000000000e+03
4.753920000000000073e+03
4.753920000000000073e+03
6.187500000000000000e+03
6.468750000000000000e+03
6.651229999999999563e+03
6.651229999999999563e+03
6.879460000000000036e+03
6.879460000000000036e+03
6.651229999999999563e+03
7.711029999999999745e+03
7.711029999999999745e+03
6.290539999999999964e+03
6.109380000000000109e+03
6.109380000000000109e+03
5.433130000000000109e+03
1.784240000000000009e+03
1.632463999999999942e+03
1.480688000000000102e+03
1.328912000000000035e+03
1.177135999999999967e+03
1.025359999999999900e+03
1.028289999999999964e+03
2.101960000000000036e+03
2.101960000000000036e+03
2.101960000000000036e+03
1.488279999999999973e+03
1.123980000000000018e+03
1.123980000000000018e+03
1.123980000000000018e+03
1.199470000000000027e+03
1.390619999999999891e+03
1.827890000000000100e+03
2.125000000000000000e+03
1.827890000000000100e+03
1.586509999999999991e+03
1.827890000000000100e+03
1.586509999999999991e+03
1.389819999999999936e+03
1.378250000000000000e+03
1.280549999999999955e+03
1.177289999999999964e+03
1.175784374999999955e+03
1.174278749999999945e+03
1.172773124999999936e+03
1.171267499999999927e+03
1.169761874999999918e+03
1.168256249999999909e+03
1.166750624999999900e+03
1.165244999999999891e+03
1.163739375000000109e+03
1.162233750000000100e+03
1.160728125000000091e+03
1.159222500000000082e+03
1.157716875000000073e+03
1.156211250000000064e+03
1.154705625000000055e+03
1.153200000000000045e+03
2.421880000000000109e+03
2.673289999999999964e+03
3.968400000000000091e+03
5.048149999999999636e+03
5.048149999999999636e+03
5.048149999999999636e+03
7.390619999999999891e+03
7.192100000000000364e+03
7.192100000000000364e+03
7.200869999999999891e+03
7.192100000000000364e+03
6.699229999999999563e+03
6.139050000000000182e+03
6.139050000000000182e+03
6.125000000000000000e+03
6.139050000000000182e+03
7.248739999999999782e+03
7.248739999999999782e+03
7.248739999999999782e+03
7.248739999999999782e+03
6.865300000000000182e+03
6.865300000000000182e+03
6.865300000000000182e+03
6.232560000000000400e+03
6.865300000000000182e+03
6.232560000000000400e+03
5.250000000000000000e+03
5.265619999999999891e+03
5.250000000000000000e+03
5.250000000000000000e+03
5.265619999999999891e+03
5.265619999999999891e+03
6.051529999999999745e+03
6.051529999999999745e+03
5.966520000000000437e+03
5.235220000000000255e+03
5.966520000000000437e+03
4.711630000000000109e+03
3.718750000000000000e+03
1.815960000000000036e+03
1.127880000000000109e+03
1.169713333333333367e+03
1.211546666666666852e+03
1.253380000000000109e+03
1.295213333333333367e+03
1.337046666666666852e+03
1.378880000000000109e+03
1.420713333333333594e+03
1.462546666666666852e+03
1.504380000000000109e+03
1.546213333333333594e+03
1.588046666666666852e+03
1.629880000000000109e+03
1.671713333333333594e+03
1.713546666666666852e+03
1.755380000000000109e+03
5.431420000000000073e+03
5.431420000000000073e+03
6.906250000000000000e+03
7.043960000000000036e+03
6.906250000000000000e+03
5.713350000000000364e+03
5.713350000000000364e+03
5.713350000000000364e+03
5.713350000000000364e+03
6.687500000000000000e+03
6.742010000000000218e+03
6.742010000000000218e+03
6.687500000000000000e+03
4.609380000000000109e+03
2.292699999999999818e+03
1.245619999999999891e+03
1.187500000000000000e+03
1.166700000000000045e+03
1.123980000000000018e+03
1.135109999999999900e+03
1.135109999999999900e+03
1.135109999999999900e+03
1.135109999999999900e+03
1.204440000000000055e+03
1.546880000000000109e+03
5.171880000000000109e+03
5.382920000000000073e+03
6.529239999999999782e+03
6.529239999999999782e+03
7.341460000000000036e+03
7.341460000000000036e+03
6.044510000000000218e+03
6.044510000000000218e+03
6.066100000000000364e+03
6.066100000000000364e+03
6.156250000000000000e+03
6.156250000000000000e+03
6.385189999999999600e+03
6.156250000000000000e+03
6.156250000000000000e+03
6.062500000000000000e+03
6.062500000000000000e+03
5.562500000000000000e+03
5.203119999999999891e+03
4.755600000000000364e+03
2.006970000000000027e+03
1.346799999999999955e+03
1.100779999999999973e+03
1.100779999999999973e+03
1.100779999999999973e+03
1.075210000000000036e+03
1.073759999999999991e+03
1.101341666666666697e+03
1.128923333333333403e+03
1.156505000000000109e+03
1.184086666666666588e+03
1.211668333333333294e+03
1.239250000000000000e+03
1.785799999999999955e+03
2.633659999999999854e+03
3.101500000000000000e+03
3.101500000000000000e+03
3.750000000000000000e+03
3.750000000000000000e+03
3.750000000000000000e+03
4.616470000000000255e+03
4.616470000000000255e+03
5.220649999999999636e+03
6.093750000000000000e+03
6.352920000000000073e+03
6.798149999999999636e+03
6.960939999999999600e+03
7.023439999999999600e+03
7.023439999999999600e+03
7.023439999999999600e+03
6.226750000000000000e+03
6.226750000000000000e+03
6.226750000000000000e+03
7.398569999999999709e+03
7.567329999999999927e+03
7.567329999999999927e+03
7.672380000000000109e+03
7.672380000000000109e+03
7.493529999999999745e+03
7.488739999999999782e+03
7.488739999999999782e+03
7.284510000000000218e+03
6.148439999999999600e+03
2.983019999999999982e+03
2.983019999999999982e+03
4.035849999999999909e+03
6.148439999999999600e+03
4.035849999999999909e+03
6.492189999999999600e+03
6.626630000000000109e+03
6.626630000000000109e+03
3.745400000000000091e+03
3.555989999999999782e+03
2.841010000000000218e+03
2.795960000000000036e+03
2.795960000000000036e+03
2.670019999999999982e+03
2.795960000000000036e+03
3.716420000000000073e+03
4.215109999999999673e+03
4.215109999999999673e+03
4.215109999999999673e+03
1.213740000000000009e+03
1.120250000000000000e+03
1.120250000000000000e+03
1.120250000000000000e+03
1.044829999999999927e+03
1.044829999999999927e+03
1.044829999999999927e+03
1.044829999999999927e+03
1.053859999999999900e+03
1.071880000000000109e+03
1.071880000000000109e+03
1.053859999999999900e+03
1.053859999999999900e+03
1.053859999999999900e+03
1.053859999999999900e+03
1.053859999999999900e+03
1.053859999999999900e+03
1.053859999999999900e+03
1.053859999999999900e+03
1.053859999999999900e+03
1.053859999999999900e+03
1.053859999999999900e+03
1.053859999999999900e+03
1.053859999999999900e+03
1.053859999999999900e+03
1.053859999999999900e+03
1.053859999999999900e+03
1.053859999999999900e+03
1.053859999999999900e+03
1.053859999999999900e+03
1.053859999999999900e+03
1.053859999999999900e+03
1.053859999999999900e+03
1.053859999999999900e+03
1.053859999999999900e+03
1.053859999999999900e+03
1.053859999999999900e+03
1.053859999999999900e+03
1.053859999999999900e+03
1.053859999999999900e+03
1.053859999999999900e+03
1.053859999999999900e+03
1.053859999999999900e+03
1.053859999999999900e+03
1.053859999999999900e+03
1.053859999999999900e+03
1.053859999999999900e+03
1.053859999999999900e+03
1.053859999999999900e+03
1.053859999999999900e+03
1.053859999999999900e+03
1.053859999999999900e+03
1.053859999999999900e+03
1.053859999999999900e+03
1.053859999999999900e+03
1.053859999999999900e+03
1.053859999999999900e+03
1.053859999999999900e+03
1.053859999999999900e+03
1.053859999999999900e+03
1.053859999999999900e+03
1.053859999999999900e+03
1.053859999999999900e+03
1.053859999999999900e+03
1.053859999999999900e+03
1.053859999999999900e+03
1.053859999999999900e+03
1.053859999999999900e+03
1.053859999999999900e+03
1.053859999999999900e+03
1.053859999999999900e+03
1.053859999999999900e+03
1.053859999999999900e+03
1.053859999999999900e+03
1.053859999999999900e+03
1.053859999999999900e+03
1.053859999999999900e+03
1.053859999999999900e+03
1.053859999999999900e+03
1.053859999999999900e+03
