3.090710000000000036e+03
3.090710000000000036e+03
3.090710000000000036e+03
3.090710000000000036e+03
3.090710000000000036e+03
3.090710000000000036e+03
3.090710000000000036e+03
3.090710000000000036e+03
3.090710000000000036e+03
3.090710000000000036e+03
3.090710000000000036e+03
3.090710000000000036e+03
3.090710000000000036e+03
3.090710000000000036e+03
3.090710000000000036e+03
3.090710000000000036e+03
3.090710000000000036e+03
3.090710000000000036e+03
3.090710000000000036e+03
3.090710000000000036e+03
3.090710000000000036e+03
3.090710000000000036e+03
3.090710000000000036e+03
3.090710000000000036e+03
3.090710000000000036e+03
3.090710000000000036e+03
3.090710000000000036e+03
3.090710000000000036e+03
3.090710000000000036e+03
3.090710000000000036e+03
3.090710000000000036e+03
3.090710000000000036e+03
3.090710000000000036e+03
3.090710000000000036e+03
3.090710000000000036e+03
3.090710000000000036e+03
3.090710000000000036e+03
3.090710000000000036e+03
3.090710000000000036e+03
3.090710000000000036e+03
3.090710000000000036e+03
3.090710000000000036e+03
3.090710000000000036e+03
3.090710000000000036e+03
3.090710000000000036e+03
3.090710000000000036e+03
3.090710000000000036e+03
3.090710000000000036e+03
3.090710000000000036e+03
5.437500000000000000e+03
7.700489999999999782e+03
7.700489999999999782e+03
7.700489999999999782e+03
7.700489999999999782e+03
7.385020000000000437e+03
7.385020000000000437e+03
7.524109999999999673e+03
7.524109999999999673e+03
7.385020000000000437e+03
7.330609999999999673e+03
7.031250000000000000e+03
6.984539999999999964e+03
5.276920000000000073e+03
5.276920000000000073e+03
4.844229999999999563e+03
4.844229999999999563e+03
5.857460000000000036e+03
5.857460000000000036e+03
5.857460000000000036e+03
5.857460000000000036e+03
5.857460000000000036e+03
6.632199999999999818e+03
6.632199999999999818e+03
3.669630000000000109e+03
3.669630000000000109e+03
3.067869999999999891e+03
3.067869999999999891e+03
3.669630000000000109e+03
5.225029999999999745e+03
5.225029999999999745e+03
6.015619999999999891e+03
5.766729999999999563e+03
5.766729999999999563e+03
5.766729999999999563e+03
5.766729999999999563e+03
5.766729999999999563e+03
6.359380000000000109e+03
6.517189999999999600e+03
6.359380000000000109e+03
6.359380000000000109e+03
6.033439999999999600e+03
5.515619999999999891e+03
5.515619999999999891e+03
5.500380000000000109e+03
5.480899999999999636e+03
5.500380000000000109e+03
5.859380000000000109e+03
7.627989999999999782e+03
7.666699999999999818e+03
7.666699999999999818e+03
7.627989999999999782e+03
7.779350000000000364e+03
7.694880000000000109e+03
7.694880000000000109e+03
7.694880000000000109e+03
7.731779999999999745e+03
7.694880000000000109e+03
7.608760000000000218e+03
7.390619999999999891e+03
7.390619999999999891e+03
6.981489999999999782e+03
6.656250000000000000e+03
6.656250000000000000e+03
6.656250000000000000e+03
6.656250000000000000e+03
6.453119999999999891e+03
6.259760000000000218e+03
5.019579999999999927e+03
4.503829999999999927e+03
4.312500000000000000e+03
4.138840000000000146e+03
4.138840000000000146e+03
3.768349999999999909e+03
3.437500000000000000e+03
3.437500000000000000e+03
4.069219999999999800e+03
4.069219999999999800e+03
4.541289999999999964e+03
5.236090000000000146e+03
4.541289999999999964e+03
5.236090000000000146e+03
5.236090000000000146e+03
4.336520000000000437e+03
4.336520000000000437e+03
4.092230000000000018e+03
3.388420000000000073e+03
1.796880000000000109e+03
1.642710000000000036e+03
1.642710000000000036e+03
1.642710000000000036e+03
1.343750000000000000e+03
1.277390000000000100e+03
1.277390000000000100e+03
1.269617142857142881e+03
1.261844285714285888e+03
1.254071428571428669e+03
1.246298571428571449e+03
1.238525714285714457e+03
1.230752857142857238e+03
1.222980000000000018e+03
1.215207142857143026e+03
1.207434285714285807e+03
1.199661428571428587e+03
1.191888571428571595e+03
1.184115714285714375e+03
1.176342857142857156e+03
1.168570000000000164e+03
1.160797142857142944e+03
1.153024285714285725e+03
1.145251428571428733e+03
1.137478571428571513e+03
1.129705714285714294e+03
1.121932857142857301e+03
1.114160000000000082e+03
1.106387142857142862e+03
1.098614285714285870e+03
1.090841428571428651e+03
1.083068571428571431e+03
1.075295714285714439e+03
1.067522857142857220e+03
1.059750000000000000e+03
1.051977142857143008e+03
1.044204285714285788e+03
1.036431428571428569e+03
1.028658571428571577e+03
1.020885714285714357e+03
1.013112857142857138e+03
1.005340000000000032e+03
1.102569999999999936e+03
1.515619999999999891e+03
2.046880000000000109e+03
2.046880000000000109e+03
2.046880000000000109e+03
1.937500000000000000e+03
1.549990000000000009e+03
1.080440000000000055e+03
1.062500000000000000e+03
1.061799999999999955e+03
1.060388461538461570e+03
1.058976923076922958e+03
1.057565384615384573e+03
1.056153846153846189e+03
1.054742307692307577e+03
1.053330769230769192e+03
1.051919230769230808e+03
1.050507692307692196e+03
1.049096153846153811e+03
1.047684615384615427e+03
1.046273076923076815e+03
1.044861538461538430e+03
1.043449999999999818e+03
1.042038461538461434e+03
1.040626923076923049e+03
1.039215384615384437e+03
1.037803846153846052e+03
1.036392307692307668e+03
1.034980769230769056e+03
1.033569230769230671e+03
1.032157692307692287e+03
1.030746153846153675e+03
1.029334615384615290e+03
1.027923076923076906e+03
1.026511538461538294e+03
1.025099999999999909e+03
1.535799999999999955e+03
2.650659999999999854e+03
2.650659999999999854e+03
2.965980000000000018e+03
6.390989999999999782e+03
6.862760000000000218e+03
6.862760000000000218e+03
6.390989999999999782e+03
6.390989999999999782e+03
6.343750000000000000e+03
6.297970000000000255e+03
6.343750000000000000e+03
6.343750000000000000e+03
3.906250000000000000e+03
3.326679999999999836e+03
3.326679999999999836e+03
1.207299999999999955e+03
1.110339999999999918e+03
1.110339999999999918e+03
1.097160000000000082e+03
1.097160000000000082e+03
1.116866896551724267e+03
1.136573793103448452e+03
1.156280689655172409e+03
1.175987586206896594e+03
1.195694482758620779e+03
1.215401379310344964e+03
1.235108275862069149e+03
1.254815172413793107e+03
1.274522068965517292e+03
1.294228965517241477e+03
1.313935862068965662e+03
1.333642758620689619e+03
1.353349655172413804e+03
1.373056551724137989e+03
1.392763448275862174e+03
1.412470344827586359e+03
1.432177241379310544e+03
1.451884137931034502e+03
1.471591034482758687e+03
1.491297931034482872e+03
1.511004827586207057e+03
1.530711724137931014e+03
1.550418620689655199e+03
1.570125517241379384e+03
1.589832413793103569e+03
1.609539310344827754e+03
1.629246206896551939e+03
1.648953103448276124e+03
1.668660000000000082e+03
1.909059999999999945e+03
4.666729999999999563e+03
5.475079999999999927e+03
5.475079999999999927e+03
5.591479999999999563e+03
5.814779999999999745e+03
6.964640000000000327e+03
6.964640000000000327e+03
5.814779999999999745e+03
4.936069999999999709e+03
4.878939999999999600e+03
4.865520000000000437e+03
3.776489999999999782e+03
3.776489999999999782e+03
3.514510000000000218e+03
2.937500000000000000e+03
2.718780000000000200e+03
1.184150000000000091e+03
1.171880000000000109e+03
1.171880000000000109e+03
1.171880000000000109e+03
1.081440000000000055e+03
1.350142499999999927e+03
1.618845000000000027e+03
1.887547500000000127e+03
2.156250000000000000e+03
3.693230000000000018e+03
3.693230000000000018e+03
4.099510000000000218e+03
4.099510000000000218e+03
4.781250000000000000e+03
6.906149999999999636e+03
6.906149999999999636e+03
5.710939999999999600e+03
5.710939999999999600e+03
5.530810000000000400e+03
4.273439999999999600e+03
1.836140000000000100e+03
1.836140000000000100e+03
1.706380000000000109e+03
1.156250000000000000e+03
1.156250000000000000e+03
1.156250000000000000e+03
1.156250000000000000e+03
1.156250000000000000e+03
1.150269999999999982e+03
1.402971250000000055e+03
1.655672500000000127e+03
1.908373749999999973e+03
2.161074999999999818e+03
2.413776249999999891e+03
2.666477499999999964e+03
2.919178750000000036e+03
3.171880000000000109e+03
3.171880000000000109e+03
3.238920000000000073e+03
3.238920000000000073e+03
3.238920000000000073e+03
3.238920000000000073e+03
3.238920000000000073e+03
3.226539999999999964e+03
2.652340000000000146e+03
1.562500000000000000e+03
1.140250000000000000e+03
1.140250000000000000e+03
1.187500000000000000e+03
1.140250000000000000e+03
1.140150000000000091e+03
1.021159999999999968e+03
1.019440000000000055e+03
1.019440000000000055e+03
1.019440000000000055e+03
1.019440000000000055e+03
1.019440000000000055e+03
1.019440000000000055e+03
1.019440000000000055e+03
1.019440000000000055e+03
1.019440000000000055e+03
1.019440000000000055e+03
1.019440000000000055e+03
1.019440000000000055e+03
1.019440000000000055e+03
1.019440000000000055e+03
1.019440000000000055e+03
1.019440000000000055e+03
1.019440000000000055e+03
1.019440000000000055e+03
1.019440000000000055e+03
1.019440000000000055e+03
1.019440000000000055e+03
1.019440000000000055e+03
1.019440000000000055e+03
1.019440000000000055e+03
1.019440000000000055e+03
1.019440000000000055e+03
1.019440000000000055e+03
1.019440000000000055e+03
1.019440000000000055e+03
1.019440000000000055e+03
1.019440000000000055e+03
1.019440000000000055e+03
1.019440000000000055e+03
1.019440000000000055e+03
1.019440000000000055e+03
1.019440000000000055e+03
1.019440000000000055e+03
1.019440000000000055e+03
1.019440000000000055e+03
1.019440000000000055e+03
1.019440000000000055e+03
1.019440000000000055e+03
1.019440000000000055e+03
1.019440000000000055e+03
1.019440000000000055e+03
1.019440000000000055e+03
1.019440000000000055e+03
1.019440000000000055e+03
1.019440000000000055e+03
1.019440000000000055e+03
1.019440000000000055e+03
1.019440000000000055e+03
1.019440000000000055e+03
