0
0
0
0
0
0
0
0
0
0
0
0
0
0
0
0
0
0
0
0
0
0
0
0
0
0
0
0
0
0
0
0
0
0
0
0
0
0
0
0
0
0
0
0
0
0
1009.85
1468.58
1795.68
1795.68
3315.59
3280.69
3315.59
3280.69
3622.62
3280.69
1281.25
1201.3
1281.25
1281.25
1312.5
1353.41
1411.06
1411.06
1411.06
1867.28
1411.06
1354.21
1406.25
1406.25
1406.25
2537.26
4562.5
4562.5
6378.46
6378.46
6378.46
5795.67
5795.67
5795.67
6474.44
6705.77
6705.77
6705.77
2291.99
2291.99
2291.99
3084.58
3084.58
3578.12
3608.59
3608.59
3608.59
5609.62
5609.62
5609.62
7404.2
7466.69
6473.05
6473.05
6473.05
6444.09
1700.86
1700.86
1484.38
1459.8
1397.01
0
0
0
0
0
0
0
0
0
0
0
0
0
0
0
0
0
0
0
0
0
0
1047.5
1300.37
3859.38
4357.47
4357.47
5270.8
5270.8
6359.2
7055.2
7232.89
7541.23
7541.23
7668.76
7668.76
7341.85
6468.75
5931.56
5931.56
5812.5
5812.5
5715.28
5734.38
5734.38
3953.12
3875
5734.38
3875
2375
2182.16
1386.54
1168.13
1129.43
1093.75
0
0
0
0
0
0
0
0
0
0
0
0
0
0
0
0
0
0
0
0
0
0
0
0
0
0
0
0
0
0
0
0
0
0
0
0
3718.3
3718.3
4953.12
6661.9
4532.75
4532.75
4865.04
4532.75
4167.94
4167.94
4856.91
4856.91
5480.88
6608.99
7375.6
7375.6
7375.6
7375.6
4328.12
0
0
0
0
0
0
0
0
0
0
0
0
0
0
0
0
0
0
0
0
0
0
0
0
0
0
0
0
0
0
0
0
0
0
0
1010.65
1343.75
1761
1515.62
1985.41
2146.11
3546.88
1985.41
3401.58
3401.58
1890.62
1890.62
2477.64
2477.64
3175.42
3175.42
3175.42
5362.38
5362.38
4719.72
4719.72
4719.72
4719.72
4719.72
3905.83
3812.1
2244.59
1234.38
1196.82
1196.82
1196.82
1197.81
1197.81
1238.35
1197.81
1197.81
0
0
0
0
0
0
0
0
0
0
0
1226.38
1391.1
2023.09
2850.12
2992.4
2992.4
2850.12
2850.12
2870.84
2870.84
2562.5
2562.5
2562.5
2562.5
2194.53
2140.62
2143.92
2194.53
2194.53
2528.45
4546.88
4546.88
4546.88
3500
3484.38
2178.61
1776.76
1515.62
1316.62
1287.35
1126.83
0
0
0
0
0
0
0
0
0
0
0
0
0
0
0
0
0
0
0
0
0
0
0
0
0
0
0
0
0
0
0
0
0
0
0
0
0
0
0
0
0
0
0
1062.5
5281.25
5317.55
6282.69
6313.06
6313.06
6313.06
6587.72
6587.72
6587.72
6587.72
6713.97
6713.97
6310.11
6713.97
7604.51
7834.9
7880.59
7887.28
7887.28
7887.28
7887.28
7853.22
6254.83
6254.83
6254.83
6254.83
6281.62
6453.12
6453.12
6281.62
6281.62
5926.88
5367.19
4957.29
2140.62
1851.56
1646.52
1322.58
1312.5
1312.5
1312.5
1230.71
1230.71
1187.5
0
0
0
0
0
0
0
0
0
0
0
0
0
0
0
0
0
0
0
0
0
0
0
0
0
0
0
0
0
0
0
0
0
0
0
0
0
0
0
0
0
0
0
0
0
0
0
