0
0
0
0
0
0
0
0
0
0
0
0
0
0
0
0
0
0
0
0
0
0
0
0
0
0
0
0
0
0
0
0
0
0
0
0
0
0
0
0
0
0
0
0
0
0
0
0
0
3662.65
4078.12
4078.12
3662.65
3453.12
2665.9
2665.9
2665.9
6343.75
6343.75
6343.75
5807.41
5538.95
5516.18
5516.18
5807.41
5516.18
7527.9
7527.9
6220.48
6220.48
6220.48
6186.46
4562.5
4562.5
3646.93
3646.93
3758.06
3758.06
3758.06
3758.06
3234.38
3234.38
5234.44
3984.38
3984.38
5782
5782
5124.42
5124.42
5782
5863.39
5124.42
5863.39
5863.39
3986.8
3075.88
1938.13
1938.13
1938.13
1565.18
0
0
0
0
0
0
0
0
0
0
0
0
0
0
0
0
0
0
0
0
0
0
0
0
0
0
1093.78
1097.62
2407.24
2460.27
2802.86
4851.99
5300.54
4851.99
5300.54
4851.99
4276.16
4002.72
4002.72
4002.72
4036.75
5075.66
5075.66
5075.66
4036.75
5300.36
6365.27
6375
6375
7125
6375
3687.5
3406.25
3406.25
1175.88
1175.88
1147.83
1138.88
1138.88
1190.79
1190.79
2490.39
4010.57
4079.16
4620.43
4079.16
4010.57
4079.16
3907.73
3127.28
1985.43
1912.24
1468.75
1468.75
1306.7
1306.7
0
0
0
0
0
0
0
0
0
0
0
0
0
0
0
0
0
0
0
0
0
0
1246.04
1246.04
1469.42
1829.36
1938.91
1829.36
1829.36
1829.36
1924.21
1924.21
1924.21
2492.95
2921.88
2921.88
6484.38
6538.31
6818
6538.31
6538.31
6238.07
4192.13
3203.12
2785.04
2012.51
1491.85
1186.41
1186.41
1186.41
1035.69
0
0
0
0
0
0
0
0
0
0
0
0
0
0
0
0
0
0
0
0
0
0
0
0
0
0
0
0
0
0
1078.12
1102.26
2790.76
4021.07
5293.9
5534.47
5533.25
5534.47
5533.25
6230.13
6230.13
7341.34
7793.3
7793.3
7793.3
6887.12
3394.21
3394.21
3394.21
3394.21
2428.73
0
0
0
0
0
0
0
0
0
0
0
0
0
0
0
0
0
0
0
0
0
0
0
0
0
0
0
0
0
0
0
0
0
0
0
0
0
0
0
0
0
0
0
0
0
0
0
0
0
0
0
0
0
0
0
0
0
0
0
0
0
0
0
