0
0
0
0
0
0
0
0
0
0
0
0
0
0
0
0
0
0
0
0
0
0
0
0
0
0
1039.4
1046.42
1374.23
1579.8
1423.11
1536.5
1579.8
1579.8
1536.5
1536.5
1280.93
1271.79
1271.79
1271.79
1271.79
2063.05
2063.05
1042.7
0
0
0
0
0
0
0
0
0
0
1214.31
1473.49
2193.56
4242.54
4242.54
4246.75
5081.43
5198.15
5938.35
5938.35
5250
5198.15
4550.84
4550.84
5194.11
5194.11
6031.25
7122.62
7122.62
7122.62
6479.32
6479.32
5953.12
3878.97
3878.97
0
0
0
0
0
1119.67
1417.6
3531.25
3531.25
3531.25
0
0
0
0
0
0
0
0
0
0
0
0
0
0
0
0
2107.94
2640.62
2640.62
2640.62
2640.62
3402.36
7281.05
7281.05
7440.49
7625.57
7440.49
4789.45
4789.45
4236.91
1267.13
1246.35
1218.75
1246.35
1148.5
1097.75
0
0
0
0
0
0
0
0
0
0
0
0
0
0
0
0
0
0
0
0
0
0
0
1134.87
1168.73
1951.19
2072.34
4134.34
5643.96
7501.09
7501.09
7501.09
7443.92
7186.94
7186.94
7186.94
6177.79
6177.79
6139.68
6139.68
6406.25
6406.25
6065.3
6406.25
7028.86
6065.3
6142.57
7078.12
6142.57
6106.18
6142.57
7111.38
6106.18
6106.18
4963.23
1921.88
1921.88
2515.62
1921.88
1921.88
0
0
0
0
0
0
0
0
0
0
0
0
0
0
0
0
0
0
0
0
0
0
0
0
2823.55
2823.55
4957.23
4957.23
2937.74
2937.74
2937.74
1141
1072.97
1031.25
0
0
0
0
0
0
0
0
0
0
0
0
0
0
0
0
0
0
0
0
0
0
0
1165.24
1234.38
1555.27
1555.27
1234.38
1555.27
1628.11
1628.11
2002.1
2002.1
2000
2002.1
2002.1
2431.27
2586.51
2586.51
2437.5
2431.27
2437.5
2437.5
2867.46
5184.68
5184.68
2867.46
1567.72
1550.12
1537.6
1537.6
1537.6
1537.6
1537.6
1549.48
1549.48
2291.62
2681.27
3390.62
3390.62
3390.62
2762.36
3390.62
2992.77
2762.36
2007.56
1307.11
1271.1
1271.1
1250
1250
1250
1113.31
0
0
0
0
0
0
0
0
0
0
0
0
0
0
0
0
0
0
0
0
5339.76
5339.76
5339.76
3933.59
3835.48
1510.43
1492.19
1039.65
0
0
0
4928.64
4928.64
4928.64
3609.38
1326.6
1171.88
1171.88
1171.88
1171.88
1102.88
0
0
0
0
0
0
0
0
0
0
0
0
0
0
0
0
0
0
0
0
0
0
0
0
0
1026.67
1031.18
1055.7
2018.42
2018.42
2018.42
1966.98
1966.98
1379.75
1966.98
1966.98
1379.75
1379.75
1801.68
1257.49
1257.49
1257.49
1121.09
1121.09
1121.09
1125.93
1185.84
1185.84
1125.93
1185.84
1185.84
1087.97
1470.78
1470.78
1470.78
1551.83
1652.63
1652.63
1652.63
0
0
0
0
0
0
0
0
0
0
0
0
0
0
0
0
0
0
0
0
0
0
0
0
0
0
0
0
0
0
0
0
0
0
0
0
0
0
0
0
0
