5.436259999999999870e+00
5.436259999999999870e+00
5.436259999999999870e+00
5.436259999999999870e+00
5.436259999999999870e+00
5.436259999999999870e+00
5.436259999999999870e+00
5.436259999999999870e+00
5.436259999999999870e+00
5.436259999999999870e+00
5.436259999999999870e+00
5.436259999999999870e+00
5.436259999999999870e+00
5.436259999999999870e+00
5.436259999999999870e+00
5.436259999999999870e+00
5.436259999999999870e+00
5.436259999999999870e+00
5.436259999999999870e+00
5.436259999999999870e+00
5.436259999999999870e+00
5.436259999999999870e+00
5.436259999999999870e+00
5.436259999999999870e+00
5.436259999999999870e+00
5.436259999999999870e+00
5.436259999999999870e+00
5.436259999999999870e+00
5.436259999999999870e+00
5.436259999999999870e+00
5.436259999999999870e+00
5.436259999999999870e+00
5.436259999999999870e+00
5.436259999999999870e+00
5.436259999999999870e+00
5.436259999999999870e+00
5.436259999999999870e+00
5.436259999999999870e+00
5.436259999999999870e+00
5.436259999999999870e+00
5.436259999999999870e+00
5.436259999999999870e+00
5.436259999999999870e+00
5.436259999999999870e+00
5.436259999999999870e+00
5.436259999999999870e+00
5.436259999999999870e+00
5.436259999999999870e+00
5.436259999999999870e+00
5.436259999999999870e+00
5.436259999999999870e+00
5.436259999999999870e+00
5.436259999999999870e+00
5.436259999999999870e+00
5.436259999999999870e+00
5.436259999999999870e+00
5.436259999999999870e+00
5.436259999999999870e+00
5.436259999999999870e+00
5.436259999999999870e+00
5.436259999999999870e+00
5.436259999999999870e+00
5.436259999999999870e+00
5.436180000000000234e+00
5.437509999999999621e+00
5.440800000000000303e+00
5.445789999999999687e+00
5.452499999999999680e+00
5.460460000000000313e+00
5.469420000000000393e+00
5.479519999999999946e+00
5.492779999999999774e+00
5.509039999999999715e+00
5.525579999999999714e+00
5.541579999999999728e+00
5.556269999999999598e+00
5.569519999999999804e+00
5.580849999999999866e+00
5.587279999999999802e+00
5.590150000000000396e+00
5.589999999999999858e+00
5.586940000000000239e+00
5.580589999999999939e+00
5.567639999999999922e+00
5.543160000000000309e+00
5.514339999999999797e+00
5.499270000000000103e+00
5.487359999999999793e+00
5.484124347826086598e+00
5.480888695652173404e+00
5.477653043478261097e+00
5.474417391304347902e+00
5.471181739130434707e+00
5.467946086956521512e+00
5.464710434782608317e+00
5.461474782608695122e+00
5.458239130434782815e+00
5.455003478260869620e+00
5.451767826086956426e+00
5.448532173913043231e+00
5.445296521739130036e+00
5.442060869565216841e+00
5.438825217391304534e+00
5.435589565217391339e+00
5.432353913043478144e+00
5.429118260869564949e+00
5.425882608695651754e+00
5.422646956521738559e+00
5.419411304347826253e+00
5.416175652173913058e+00
5.412939999999999863e+00
5.389770000000000394e+00
5.362650000000000361e+00
5.342249999999999943e+00
5.328649999999999665e+00
5.316589999999999705e+00
5.301269999999999705e+00
5.285529999999999617e+00
5.275830000000000020e+00
5.269680000000000142e+00
5.264490000000000336e+00
5.261639999999999873e+00
5.261770000000000280e+00
5.263449999999999740e+00
5.265380000000000393e+00
5.267430000000000057e+00
5.269919999999999938e+00
5.272610000000000241e+00
5.274619999999999642e+00
5.275000000000000355e+00
5.273629999999999818e+00
5.270889999999999631e+00
5.266339999999999577e+00
5.259459999999999802e+00
5.251710000000000100e+00
5.245330000000000048e+00
5.242239999999999789e+00
5.242289999999999672e+00
5.250779999999999781e+00
5.232038787878787289e+00
5.213297575757575686e+00
5.194556363636363194e+00
5.175815151515151591e+00
5.157073939393939099e+00
5.138332727272727496e+00
5.119591515151515004e+00
5.100850303030302513e+00
5.082109090909090909e+00
5.063367878787878418e+00
5.044626666666666814e+00
5.025885454545454323e+00
5.007144242424242719e+00
4.988403030303030228e+00
4.969661818181817736e+00
4.950920606060606133e+00
4.932179393939393641e+00
4.913438181818182038e+00
4.894696969696969546e+00
4.875955757575757943e+00
4.857214545454545451e+00
4.838473333333332960e+00
4.819732121212121356e+00
4.800990909090908865e+00
4.782249696969697261e+00
4.763508484848484770e+00
4.744767272727273166e+00
4.726026060606060675e+00
4.707284848484848183e+00
4.688543636363636580e+00
4.669802424242424088e+00
4.651061212121212485e+00
4.632319999999999993e+00
4.621459999999999901e+00
4.601860000000000284e+00
4.597269999999999968e+00
4.589710000000000178e+00
4.587100000000000399e+00
4.679747777777778062e+00
4.772395555555555724e+00
4.865043333333333386e+00
4.957691111111111049e+00
5.050338888888889599e+00
5.142986666666667261e+00
5.235634444444444924e+00
5.328282222222222586e+00
5.420930000000000248e+00
5.426700000000000301e+00
5.446380000000000443e+00
5.454200000000000159e+00
5.433410000000000295e+00
5.413059999999999761e+00
5.332379999999999676e+00
5.258210000000000051e+00
5.242270000000000429e+00
5.233069999999999666e+00
5.230310000000000237e+00
5.229110000000000369e+00
4.519849999999999923e+00
4.517599999999999838e+00
4.517269999999999897e+00
4.517570000000000086e+00
4.517229999999999634e+00
4.516460000000000363e+00
4.514359999999999928e+00
4.506039999999999601e+00
4.491249999999999964e+00
4.481060000000000265e+00
4.483450000000000379e+00
4.503750000000000142e+00
4.532650000000000290e+00
4.546529999999999738e+00
4.551219999999999821e+00
4.551569999999999894e+00
5.050889999999999880e+00
5.550209999999999866e+00
5.500720000000000276e+00
5.443929999999999936e+00
5.399639999999999773e+00
5.370320000000000427e+00
5.353589999999999627e+00
5.344570000000000043e+00
5.341400000000000148e+00
5.342609999999999637e+00
5.342509999999999870e+00
5.342509999999999870e+00
5.342509999999999870e+00
5.342509999999999870e+00
5.342509999999999870e+00
5.342509999999999870e+00
5.342509999999999870e+00
5.342509999999999870e+00
5.342509999999999870e+00
5.342509999999999870e+00
5.342509999999999870e+00
5.342509999999999870e+00
5.342509999999999870e+00
5.342509999999999870e+00
5.342509999999999870e+00
5.342509999999999870e+00
5.342509999999999870e+00
5.342509999999999870e+00
5.342509999999999870e+00
5.342509999999999870e+00
5.342509999999999870e+00
5.342509999999999870e+00
5.342509999999999870e+00
5.342509999999999870e+00
5.342509999999999870e+00
5.342509999999999870e+00
5.342509999999999870e+00
5.342509999999999870e+00
5.342509999999999870e+00
5.342509999999999870e+00
5.342509999999999870e+00
5.342509999999999870e+00
5.342509999999999870e+00
5.342509999999999870e+00
5.342509999999999870e+00
5.342509999999999870e+00
5.342509999999999870e+00
5.342509999999999870e+00
5.342509999999999870e+00
5.342509999999999870e+00
5.342509999999999870e+00
5.342509999999999870e+00
5.342509999999999870e+00
5.342509999999999870e+00
5.342509999999999870e+00
5.342509999999999870e+00
5.342509999999999870e+00
5.342509999999999870e+00
5.342509999999999870e+00
5.342509999999999870e+00
5.342509999999999870e+00
