5.413050000000000139e+00
5.413050000000000139e+00
5.413050000000000139e+00
5.413050000000000139e+00
5.413050000000000139e+00
5.413050000000000139e+00
5.413050000000000139e+00
5.413050000000000139e+00
5.413050000000000139e+00
5.413050000000000139e+00
5.413050000000000139e+00
5.413050000000000139e+00
5.413050000000000139e+00
5.413050000000000139e+00
5.413050000000000139e+00
5.414189999999999614e+00
5.415379999999999860e+00
5.485649999999999693e+00
5.476619999999999600e+00
5.476140000000000008e+00
5.481930000000000192e+00
5.490750000000000242e+00
5.497379999999999711e+00
5.502480000000000260e+00
5.506070000000000242e+00
5.507929999999999993e+00
5.507509999999999906e+00
5.507249999999999979e+00
5.509999999999999787e+00
5.514540000000000219e+00
5.518480000000000274e+00
5.521939999999999849e+00
5.526259999999999728e+00
5.531570000000000320e+00
5.535899999999999821e+00
5.537219999999999587e+00
5.535149999999999793e+00
5.530960000000000321e+00
5.526320000000000121e+00
5.522020000000000373e+00
5.518060000000000187e+00
5.514470000000000205e+00
5.511490000000000222e+00
5.509330000000000283e+00
5.507880000000000109e+00
5.506969999999999921e+00
5.506479999999999819e+00
5.506050000000000111e+00
5.505379999999999718e+00
5.504789999999999850e+00
5.505469999999999864e+00
5.508429999999999715e+00
5.512450000000000294e+00
5.514179999999999637e+00
5.512039999999999829e+00
5.508709999999999773e+00
5.506809999999999761e+00
5.506780000000000008e+00
5.507789999999999964e+00
5.509079999999999977e+00
5.510659999999999670e+00
5.512959999999999638e+00
5.515819999999999723e+00
5.518159999999999954e+00
5.520050000000000345e+00
5.522079999999999878e+00
5.524680000000000035e+00
5.527840000000000309e+00
5.531620000000000203e+00
5.535700000000000287e+00
5.540530000000000399e+00
5.547189999999999621e+00
5.554920000000000080e+00
5.563749999999999751e+00
5.573269999999999946e+00
5.584109999999999907e+00
5.594280000000000364e+00
5.602030000000000065e+00
5.607510000000000439e+00
5.607660000000000089e+00
5.598300000000000054e+00
5.579769999999999897e+00
5.564860000000000362e+00
5.564339999999999620e+00
5.580940000000000012e+00
5.615120000000000111e+00
5.650070000000000370e+00
5.672390000000000043e+00
5.685559999999999725e+00
5.693679999999999630e+00
5.699430000000000440e+00
5.704080000000000261e+00
5.707679999999999865e+00
5.709810000000000052e+00
5.710320000000000285e+00
5.709439999999999849e+00
5.707580000000000098e+00
5.705160000000000231e+00
5.702359999999999651e+00
5.698949999999999960e+00
5.694469999999999921e+00
5.688019999999999854e+00
5.677710000000000257e+00
5.660319999999999574e+00
5.631759999999999877e+00
5.615120000000000111e+00
5.616858611111111621e+00
5.618597222222222243e+00
5.620335833333333753e+00
5.622074444444444374e+00
5.623813055555555884e+00
5.625551666666666506e+00
5.627290277777778016e+00
5.629028888888888638e+00
5.630767500000000148e+00
5.632506111111111657e+00
5.634244722222222279e+00
5.635983333333333789e+00
5.637721944444444411e+00
5.639460555555555921e+00
5.641199166666666542e+00
5.642937777777778052e+00
5.644676388888888674e+00
5.646415000000000184e+00
5.648153611111111694e+00
5.649892222222222316e+00
5.651630833333333825e+00
5.653369444444444447e+00
5.655108055555555957e+00
5.656846666666666579e+00
5.658585277777778089e+00
5.660323888888888710e+00
5.662062500000000220e+00
5.663801111111111730e+00
5.665539722222222352e+00
5.667278333333333862e+00
5.669016944444444484e+00
5.670755555555555993e+00
5.672494166666666615e+00
5.674232777777778125e+00
5.675971388888888747e+00
5.677710000000000257e+00
5.685349999999999682e+00
5.687560000000000393e+00
5.686969999999999636e+00
5.684949999999999726e+00
5.682800000000000296e+00
5.681770000000000209e+00
5.682310000000000194e+00
5.684359999999999857e+00
5.687289999999999957e+00
5.689669999999999561e+00
5.690669999999999895e+00
5.690780000000000172e+00
5.691729999999999734e+00
5.697659999999999947e+00
5.719669999999999810e+00
5.718193888888889020e+00
5.716717777777777343e+00
5.715241666666666553e+00
5.713765555555555764e+00
5.712289444444444086e+00
5.710813333333333297e+00
5.709337222222222508e+00
5.707861111111110830e+00
5.706385000000000041e+00
5.704908888888889251e+00
5.703432777777777574e+00
5.701956666666666784e+00
5.700480555555555995e+00
5.699004444444444317e+00
5.697528333333333528e+00
5.696052222222222738e+00
5.694576111111111061e+00
5.693100000000000271e+00
5.655540000000000234e+00
5.612420000000000186e+00
5.582080000000000375e+00
5.560629999999999740e+00
5.541089999999999627e+00
5.519790000000000418e+00
5.494749999999999801e+00
5.465659999999999741e+00
5.438320000000000043e+00
5.417950000000000266e+00
5.402099999999999902e+00
5.387400000000000411e+00
5.372980000000000089e+00
5.359149999999999636e+00
5.344630000000000436e+00
5.328570000000000029e+00
5.312050000000000161e+00
5.295569999999999666e+00
5.278319999999999901e+00
5.260320000000000107e+00
5.243219999999999992e+00
5.228979999999999961e+00
5.218440000000000190e+00
5.211299999999999599e+00
5.206649999999999778e+00
5.204439999999999955e+00
5.204930000000000057e+00
5.208269999999999733e+00
5.213940000000000019e+00
5.219599999999999795e+00
5.222900000000000098e+00
5.224120000000000097e+00
5.224109999999999587e+00
5.221890000000000143e+00
5.215099999999999625e+00
5.204279999999999795e+00
5.195780000000000065e+00
5.191430000000000433e+00
5.188080000000000247e+00
5.184739999999999682e+00
5.182970000000000077e+00
5.185789999999999900e+00
5.185789999999999900e+00
5.185789999999999900e+00
5.185789999999999900e+00
5.185789999999999900e+00
5.185789999999999900e+00
5.185789999999999900e+00
5.185789999999999900e+00
5.185789999999999900e+00
5.185789999999999900e+00
5.185789999999999900e+00
5.185789999999999900e+00
5.185789999999999900e+00
5.185789999999999900e+00
5.185789999999999900e+00
5.185789999999999900e+00
5.185789999999999900e+00
5.185789999999999900e+00
5.185789999999999900e+00
5.185789999999999900e+00
5.185789999999999900e+00
5.185789999999999900e+00
5.185789999999999900e+00
5.185789999999999900e+00
5.185789999999999900e+00
5.185789999999999900e+00
