0
0
0
0
0
0
0
0
0
0
0
0
0
0
0
0
0
0
0
0
0
0
0
0
0
0
0
0
0
0
0
0
0
0
0
0
0
0
0
0
0
0
0
0
0
0
0
0
0
0
0
0
0
0
0
0
0
0
0
0
0
0
0
1112.81
1223.98
5093.75
5445.82
5445.82
5719.02
5445.82
4294.67
2654.71
2654.71
2031.25
1406.25
1109.35
1390.62
1383.96
1383.96
1390.62
1390.62
6171.88
6171.88
7477.63
6774.5
6774.5
6774.5
6774.5
6774.5
6843.33
7508.6
6843.33
6848.66
6848.66
6848.66
6416.92
6416.92
5426.04
2540.74
1573.84
1573.84
1250
1154.76
1154.76
1154.76
1137.68
1137.68
1137.68
1137.68
1624.68
2211.63
4808.05
6686.7
6686.7
6324.57
7340.81
6324.57
6272.51
3010.12
3010.12
3010.12
2484.38
2484.38
2484.38
1989.67
0
0
0
0
0
0
0
0
0
0
0
0
0
0
0
0
0
0
0
0
0
0
0
0
0
0
0
0
1179.58
1843.75
2074
2187.5
3152.47
3663.56
4960.31
5177.86
6754.3
6754.3
6754.3
6858.53
6858.53
6858.53
6858.53
6381.06
6234.38
6234.38
5984.38
5984.38
5302.14
5046.31
4126.23
4126.23
4765.62
5046.31
4958.34
5070.66
5070.66
5372.58
4958.34
5372.58
4713.76
4713.76
4713.76
6557.35
3310.62
3310.62
6390.62
3310.62
1343.75
1343.75
1343.75
1343.75
1358.74
1358.74
1358.74
2640.62
2953.19
7392.81
7397
7413.6
7397
7430.69
7440.06
7493.13
7650.63
7650.63
7440.06
4914.71
4612.33
2055.95
1296.88
1296.88
1276.76
1296.88
1110.3
1110.3
0
0
0
0
0
0
0
0
0
0
0
0
0
0
0
0
0
0
0
0
0
0
0
0
0
0
0
0
0
1029.53
1123.93
1625
1204.72
1204.72
2631.43
5915.47
5915.47
6393.66
5915.47
5626.38
5626.38
5994.6
5994.6
6334.35
6781.87
6781.87
6781.87
6781.87
6937.49
6988.93
6988.93
6863.51
6863.51
2538.66
1629.61
1629.61
1482.36
1562.8
1482.36
1263.65
0
0
0
0
0
0
0
0
0
0
0
0
1115.04
1115.04
1120.32
1115.04
1093.75
0
0
0
0
0
0
0
0
0
0
0
0
1130.67
1226.91
1605.63
1605.63
1708.83
1984.38
1984.38
1294.37
1542.23
1294.37
1269.24
1294.37
1542.23
6528.12
6785.48
7124.04
6859.38
7124.04
7124.04
7124.04
6859.38
6330.31
6097.2
6097.2
6330.31
6330.31
5707.83
5203.56
5203.56
5203.56
5203.56
5484.75
5484.75
4796.64
4766.74
4069.95
3781.87
3781.87
4069.95
4069.95
3746.56
3746.56
2295.34
2295.34
2281.25
2295.34
2281.25
2281.25
2016.01
2016.01
1517.22
1517.22
0
0
0
0
0
0
0
0
0
0
0
0
0
0
0
0
0
0
0
0
0
0
0
0
0
0
0
0
0
0
0
0
0
0
0
0
0
0
0
0
1538.95
1538.95
1538.95
1170.69
1140.62
1104.13
1104.13
1140.62
1084.91
1515.05
1515.05
1084.91
0
0
0
0
0
1111.09
1581.75
1773.28
1796.13
1796.13
1796.13
1153.89
0
0
0
0
0
0
0
0
0
0
0
0
0
0
0
0
0
0
0
0
0
0
0
0
0
0
0
0
0
0
0
0
0
0
0
0
0
0
0
0
0
0
0
0
0
0
0
0
0
