-8.23394	1.60833	0.324025	0.450587	0.306996	0.236537	0.170051	0.143998	0.145615	0.0816078	0.139848	0.129983	0.116604	0.0482823	0.0508931	0.102869	0.0739307
-8.63469	1.58936	0.38176	0.465702	0.355405	0.258001	0.204149	0.164549	0.174951	0.109172	0.171763	0.174273	0.152121	0.0609019	0.080253	0.139005	0.102306
-9.48485	1.30652	0.535645	0.443687	0.408837	0.296614	0.249131	0.258762	0.20861	0.144651	0.107945	0.208383	0.189174	0.0955705	0.153005	0.196178	0.0723998
-9.5047	1.23319	0.463216	0.483046	0.346284	0.264433	0.158531	0.185231	0.242188	0.142262	0.139287	0.172929	0.156686	0.0913701	0.142466	0.167707	0.0670544
-9.52479	1.31322	0.536326	0.464029	0.303022	0.248836	0.159248	0.393659	0.373587	0.110434	0.130636	0.101089	0.135545	0.105609	0.118632	0.210233	0.0646856
-9.46158	1.3607	0.551864	0.41518	0.346625	0.305343	0.162755	0.349609	0.278397	0.160033	0.235889	0.159273	0.147885	0.135892	0.156668	0.230827	0.165252
-9.60275	1.34386	0.563226	0.341749	0.357926	0.415788	0.336744	0.43047	0.215207	0.308703	0.33961	0.286991	0.180226	0.11226	0.158057	0.151443	0.159368
-9.37904	1.39919	0.652869	0.487917	0.34719	0.322863	0.224976	0.333405	0.217413	0.229457	0.205048	0.212511	0.194213	0.184744	0.177083	0.131225	0.156057
-9.17751	1.46793	0.567357	0.466513	0.354822	0.318174	0.238837	0.268931	0.205468	0.229214	0.196653	0.176647	0.131731	0.1438	0.144487	0.142409	0.145526
-9.48559	1.41831	0.569256	0.495173	0.423298	0.36866	0.25778	0.31914	0.259262	0.272518	0.197587	0.13407	0.105806	0.109538	0.178564	0.229256	0.152204
-9.18037	1.37605	0.490994	0.49822	0.417112	0.392509	0.279086	0.295671	0.241914	0.269976	0.238102	0.204623	0.173235	0.155368	0.0804168	0.131193	0.144636
-9.23276	1.41805	0.526945	0.503701	0.374947	0.333823	0.246288	0.339662	0.265214	0.246179	0.260403	0.220736	0.254724	0.263598	0.133835	0.172675	0.18549
-9.48518	1.40474	0.560434	0.487213	0.400351	0.288487	0.221584	0.428129	0.350218	0.280094	0.272189	0.268253	0.353768	0.20518	0.0155243	0.197232	0.207855
-9.14914	1.46712	0.511202	0.429048	0.333082	0.308194	0.272005	0.299509	0.240455	0.226855	0.182858	0.242115	0.225416	0.20464	0.147862	0.155348	0.171763
-9.33426	1.41437	0.537918	0.432389	0.383189	0.346981	0.221389	0.265255	0.235799	0.250221	0.158564	0.260425	0.181174	0.141167	0.15483	0.0728361	0.14812
-9.54752	1.30878	0.501081	0.512586	0.515514	0.412265	0.225455	0.167901	0.103964	0.145281	0.224251	0.308197	0.191762	0.155293	0.104469	0.0924816	0.146628
-9.43722	1.26044	0.434328	0.455993	0.392094	0.300817	0.201857	0.278944	0.168575	0.12946	0.174926	0.291531	0.179292	0.0774319	0.0486648	0.13471	0.158643
-9.64057	1.16592	0.480821	0.478312	0.368403	0.336915	0.198419	0.337346	0.129272	0.0867772	0.118477	0.270882	0.160083	0.109501	-0.0188182	-0.0281785	0.005208
-9.6827	1.18371	0.48016	0.441774	0.349178	0.389819	0.192313	0.307945	0.24504	0.107386	0.0579079	0.148955	0.0631873	0.0787417	-0.0709765	-0.128653	0.0852865
-9.11395	1.89072	0.715838	0.461804	0.143398	0.204248	0.066349	0.199396	0.203985	-0.0137611	0.0109122	0.144487	0.0618272	0.145346	0.0447064	0.0120259	0.0280281
-8.81452	2.55397	0.96232	0.31501	-0.0197675	0.25911	0.177035	0.15665	0.0904381	0.0187782	0.0453082	0.130258	0.0706136	0.101449	-0.0155678	0.0688522	0.0642287
-8.62183	2.50893	0.976626	0.29618	0.055122	0.226837	0.176158	0.203705	0.0585083	0.0346729	0.0776923	0.126512	0.0787243	0.065631	0.0494079	0.0863764	0.00494713
-8.85747	2.13831	0.917337	0.441566	0.203652	0.208407	0.189663	0.243209	0.107076	0.111543	0.114521	0.13195	0.13681	0.119734	0.10885	0.0846308	0.0412545
-9.53942	1.4154	0.642202	0.526483	0.450347	0.316192	0.146928	0.306877	0.291238	0.281199	0.169626	0.178566	0.173256	0.104607	0.182762	0.243284	0.138386
-9.15842	1.35186	0.494376	0.437799	0.367698	0.364235	0.287186	0.288875	0.272974	0.29323	0.248911	0.197884	0.223062	0.20347	0.140719	0.186432	0.182673
-9.34544	1.39356	0.547058	0.55575	0.367587	0.335955	0.279025	0.342146	0.324206	0.285425	0.262471	0.189295	0.251971	0.208657	0.146079	0.208427	0.195444
-9.36946	1.41974	0.562573	0.474668	0.335644	0.306234	0.284002	0.416185	0.315909	0.252053	0.237264	0.239495	0.294822	0.18695	0.0999123	0.163694	0.184437
-9.15227	1.44872	0.516591	0.428575	0.344875	0.3246	0.250585	0.275024	0.189195	0.249205	0.199105	0.21752	0.227998	0.182599	0.175335	0.141223	0.149712
-9.47104	1.37946	0.601648	0.465525	0.427626	0.365023	0.181862	0.184629	0.129026	0.249835	0.161264	0.262384	0.188874	0.20733	0.200102	0.124742	0.0649631
-9.47046	1.30377	0.510044	0.489833	0.443735	0.370894	0.158257	0.277711	0.137616	0.135642	0.141217	0.268087	0.189341	0.186331	0.0623925	0.136598	0.144791
-9.48242	1.23447	0.479808	0.468759	0.358148	0.300792	0.196293	0.367133	0.14173	0.0968738	0.170772	0.289215	0.191762	0.0919952	0.0148099	0.110026	0.0821074
-9.65008	1.15681	0.477391	0.466318	0.3201	0.308389	0.226395	0.324614	0.162362	0.0428124	0.0725005	0.165552	0.0914113	0.130069	0.0215784	-0.0491457	0.0241756
-9.72932	1.22848	0.435438	0.472456	0.359602	0.381834	0.221507	0.261967	0.236265	0.0853013	0.12724	0.127448	0.0258648	0.0529466	-0.0377599	-0.107159	0.0956856
-9.66219	1.3475	0.402104	0.421444	0.212372	0.297115	0.287453	0.344976	0.252194	0.0291936	0.108896	0.0600695	-0.094219	0.0517786	0.0234293	0.0338725	0.194712
-9.6422	1.39596	0.588827	0.432362	0.219196	0.245126	0.234494	0.370558	0.16987	0.0928071	0.0528788	0.13823	-0.00972334	0.140872	0.0585576	0.133222	0.231975
-9.65507	1.30462	0.528997	0.349644	0.258082	0.246073	0.178152	0.256408	0.0908543	0.259881	0.206054	0.27189	0.0807929	0.230832	0.199044	0.0981986	0.11593
-9.68221	1.3715	0.573093	0.388236	0.402363	0.339686	0.242816	0.223359	0.0817769	0.262885	0.256981	0.290094	0.134433	0.138818	0.0762808	0.0434015	0.226641
-9.62139	1.39742	0.566444	0.439168	0.408608	0.268602	0.267919	0.304022	0.158765	0.194714	0.171541	0.24941	0.204449	0.141236	0.0357867	0.0698883	0.19655
-9.43863	1.37136	0.50172	0.511529	0.391354	0.263615	0.305236	0.344956	0.0951989	0.215952	0.21687	0.240469	0.243135	0.127426	0.157361	0.171096	0.176836
-9.50569	1.33199	0.577284	0.559648	0.387464	0.239045	0.276811	0.350434	0.188595	0.252858	0.196928	0.276503	0.200164	0.0410498	0.154326	0.119034	0.146631
-9.52806	1.32754	0.520276	0.438781	0.349199	0.281691	0.227801	0.297426	0.256588	0.241053	0.169835	0.22213	0.299018	0.165488	0.0897367	0.183287	0.130966
-9.37845	1.37096	0.429638	0.355759	0.332809	0.2757	0.194568	0.223333	0.247151	0.192161	0.13525	0.220256	0.234455	0.232851	0.1083	0.225659	0.15092
-9.27047	1.41657	0.494439	0.421387	0.362069	0.314599	0.252241	0.274632	0.256931	0.244528	0.114125	0.191721	0.199575	0.183331	0.123147	0.181383	0.138248
-9.44282	1.33795	0.496748	0.467953	0.397561	0.397633	0.277279	0.336729	0.341784	0.270704	0.127261	0.206155	0.165564	0.180034	0.150757	0.207859	0.0926802
-9.29824	1.37449	0.478703	0.547469	0.434549	0.322614	0.251828	0.335799	0.26781	0.20426	0.206875	0.279865	0.185527	0.212993	0.137741	0.153643	0.122716
-9.39466	1.31353	0.518376	0.509352	0.420619	0.345678	0.289699	0.275573	0.249392	0.25831	0.202151	0.331442	0.239155	0.237767	0.173744	0.171136	0.168488
-9.55959	1.2029	0.407895	0.391067	0.398017	0.377655	0.267126	0.295608	0.256186	0.401597	0.354862	0.365996	0.165858	0.113499	0.170316	0.212066	0.23538
-9.41429	1.26569	0.443976	0.389381	0.451997	0.358186	0.196875	0.29514	0.248168	0.248396	0.172959	0.274412	0.163152	0.159284	0.140599	0.178432	0.180251
-9.59371	1.08449	0.486093	0.377902	0.466255	0.373059	0.153384	0.227693	0.139176	0.206697	0.130845	0.270535	0.118056	0.0809808	0.0994508	0.159891	0.108387
-9.6878	1.04702	0.415011	0.367458	0.39165	0.42751	0.19772	0.305579	0.18639	0.183053	0.0340357	0.217108	0.126506	-0.0194803	0.0134366	0.102401	-0.000362261
-9.57652	1.18737	0.488436	0.419016	0.332182	0.362324	0.193832	0.337991	0.294897	0.260838	0.0554209	0.21921	0.0694558	0.0443499	-0.0732148	0.10801	0.211573
-9.42467	1.13017	0.50223	0.432648	0.139464	0.330076	0.15494	0.235371	0.266336	0.202159	0.193598	0.31526	0.237833	0.236227	-0.118656	0.191554	0.270211
-9.05121	1.04771	0.487109	0.585838	0.136804	0.421613	0.201918	0.186177	0.231267	0.212655	0.361423	0.155025	0.201908	0.257638	-0.0291128	0.242181	0.168895
-9.22262	0.809211	0.446192	0.674831	0.269377	0.58314	0.31503	0.165496	0.243245	0.306275	0.568751	0.20583	0.187719	0.191983	-0.0959772	0.226328	0.184347
-9.02275	0.962107	0.585224	0.620321	0.188967	0.387871	0.349656	0.236125	0.274216	0.237383	0.327533	0.00992404	0.127863	0.320689	0.0049275	0.284885	0.181747
-8.66773	0.788705	0.52592	0.794151	0.249912	0.258835	0.551677	0.348378	0.018684	0.312949	0.365619	-0.0918554	0.155986	0.366821	0.0593664	0.277256	0.195053
-8.54978	0.419459	0.515504	1.0063	0.398635	0.356414	0.556577	0.336334	-0.143164	0.386831	0.3074	-0.0709691	0.0532074	0.2929	0.164818	0.287373	0.129712
-6.46117	1.45613	-0.585001	-0.0343739	-0.000911369	0.439385	0.435041	0.146057	0.00971237	0.24177	0.147556	0.0114403	0.0667446	0.151561	0.0212839	-0.0119083	0.0672272
-5.29217	1.61664	-1.00643	-0.0728205	-0.271537	0.486716	0.234244	0.0399409	-0.107554	0.136564	-0.0436395	-0.0416973	-0.133552	0.0395738	-0.0683876	-0.178575	-0.0189383
-4.64347	1.82282	-0.885717	0.00755077	-0.0418257	0.508443	0.200932	0.030201	-0.144509	0.0778142	-0.106928	-0.0460527	-0.164259	0.0111338	-0.103931	-0.251275	-0.00732394
-3.86211	1.74027	-0.92231	-0.0798582	0.0476828	0.353888	0.0508343	-0.00460353	-0.18712	0.0686747	-0.149221	-0.061142	-0.228035	0.0159355	-0.0862523	-0.134406	-0.0810505
-3.34304	1.54059	-1.15567	-0.186217	-0.132754	0.478511	0.0251315	-0.0252824	-0.364078	-0.0172352	-0.358598	-0.0316312	-0.335681	0.0610674	-0.219535	-0.177071	-0.114113
-2.94077	1.8987	-1.02142	0.14394	0.182989	0.617264	0.226944	0.235759	-0.0945163	0.139776	-0.0584574	0.0513976	-0.0264126	0.159367	0.0219329	-0.281132	0.130944
-2.74809	1.71901	-0.918506	0.180814	0.142711	0.665406	0.229201	0.237204	-0.190816	0.16885	-0.331413	0.0845801	-0.159115	0.264068	-0.0548985	-0.0544299	0.0124171
-2.74116	1.70697	-0.725556	0.0323562	0.0756798	0.714625	0.0940461	0.226802	-0.0921936	0.196372	-0.432976	0.134966	-0.127766	0.196256	-0.0786791	-0.0643172	-0.0203815
-2.56011	1.70256	-0.729886	0.0475799	0.197601	0.546217	0.192652	0.288376	0.0318128	0.0720921	-0.286551	0.0660877	-0.0180701	0.229798	-0.146959	-0.0403552	0.0297339
-2.57078	1.72002	-0.714178	0.104817	0.147342	0.410731	0.160463	0.295117	0.0402388	0.0546493	-0.293763	0.00527767	0.0666973	0.192824	-0.148968	-0.0469428	-0.0504738
-2.58179	1.89902	-0.735147	0.104501	0.0991971	0.400422	0.164401	0.293898	0.0644302	0.0550956	-0.314088	0.133874	0.0372402	0.157312	-0.196249	0.0202616	-0.0723912
-2.57578	1.99634	-0.5585	0.0744553	0.173449	0.26565	0.263701	0.309937	0.12904	0.0308949	-0.107006	0.0166348	0.11126	0.141973	-0.249135	0.0501866	0.0339334
-2.66385	2.15539	-0.658457	0.0148011	0.0787194	0.255049	-0.0522352	0.406051	0.0685199	0.0917255	-0.311244	0.146354	-0.0427516	0.0614984	-0.125094	-0.0146466	-0.0965744
-2.63307	2.11563	-0.455824	0.107803	-0.0676879	0.150301	0.0386114	0.391028	0.239472	-0.0420272	-0.113445	-0.0219446	0.0311498	-0.0900291	-0.0842389	0.0498369	-0.018814
-2.85051	2.42594	-0.45804	0.265811	-0.249671	0.17198	0.00592899	0.459688	0.213984	-0.00751467	-0.092456	0.0795722	-0.235302	-0.0151588	-0.042756	0.0469982	0.0115201
-2.80347	2.4311	-0.291583	0.0956554	-0.106294	0.0424515	0.115916	0.473874	0.041045	0.0726417	-0.0739017	-0.0225047	-0.153409	-0.020586	-0.175044	0.149026	0.0943473
-2.95211	2.57348	-0.378158	0.0475087	0.0264839	-0.108332	-0.0348276	0.461621	-0.00846705	-0.0483862	-0.0022184	0.194114	-0.317544	0.0704261	-0.220045	0.0841998	-0.182803
-2.88577	2.4044	0.0111543	0.2708	-0.117909	0.0360072	0.0266008	0.386269	-0.150019	0.207735	0.0791134	-0.160958	-0.0970851	-0.140016	-0.198377	0.338244	0.109015
-2.82767	2.16075	0.0264176	0.319487	-0.144786	-0.201842	0.0379711	0.285144	-0.147057	0.141442	0.2395	0.0095909	-0.291489	-0.0123962	-0.0953289	0.00962591	-0.307451
-3.19567	2.49181	0.0983861	0.349007	0.0685353	-0.346115	-0.0206032	0.296431	-0.259769	0.248169	0.319608	-0.207773	-0.191967	0.000728676	-0.139896	0.136786	-0.327239
-3.18095	2.55079	0.100856	0.607339	0.0460307	-0.307011	-0.0432693	0.414515	-0.30103	0.141639	0.284404	-0.232639	-0.30232	0.119453	-0.0322051	0.202768	-0.0500419
-3.13346	2.36576	0.198067	0.78268	-0.106862	-0.227057	0.0589285	0.250888	-0.453836	0.410632	0.161741	-0.430161	0.0127084	0.0233993	-0.0554856	0.277262	-0.0782773
-3.17757	2.29749	0.188687	0.947566	-0.0482799	-0.2003	-0.0344709	0.286325	-0.368449	0.100481	0.241197	-0.2485	-0.179803	0.199836	-0.0508831	0.138733	0.0395772
-3.2259	2.17596	0.259286	0.911987	0.029931	-0.191147	-0.0852085	0.303944	-0.390816	0.0446152	0.188837	-0.126637	-0.10184	0.158439	-0.148582	0.134243	-0.0997697
-3.42006	2.22458	0.370452	0.879986	0.29254	-0.386587	-0.0479722	0.445675	-0.381624	-0.230531	0.275984	-0.0919751	-0.182981	0.153116	-0.0516141	0.222929	-0.066221
-3.97828	2.43609	0.526355	0.821578	0.424937	-0.43912	-0.0330985	0.341179	-0.267451	-0.202948	0.106321	0.0635129	-0.161938	0.16865	-0.266328	0.452441	-0.269196
-4.56147	2.41387	0.728573	0.944747	0.412534	0.023396	-0.54117	0.504988	-0.0715282	-0.391593	-0.0936817	0.0939424	-0.0465503	0.065415	0.0361928	0.225074	-0.21055
-4.53613	1.8965	0.26446	1.27035	0.640739	0.0724289	-0.196107	0.0555145	-0.364443	-0.113174	0.0441822	-0.00178255	0.22185	-0.0139304	-0.18242	-0.00284467	-0.146985
-4.80141	1.21168	0.448483	1.39663	0.81405	-0.100825	0.136997	0.368109	0.155886	0.264702	-0.263453	-0.413981	-0.269013	-0.0985162	0.19226	0.324677	-0.0819535
-4.68008	0.890825	-0.0539075	0.868494	0.559496	-0.121602	-0.194757	0.102941	0.126757	0.00727428	-0.398673	0.067203	0.0811521	0.101295	0.0146033	-0.0257644	-0.478755
-4.99973	0.196776	-0.497918	0.270618	0.691004	0.237809	0.136716	-0.131648	-0.359857	-0.135309	-0.115687	-0.412201	0.216737	0.254856	0.0575699	0.217929	-0.094995
-4.56999	0.250159	-0.226913	0.428487	0.23398	-0.0809198	-0.203541	-0.124348	0.0693579	-0.00362664	-0.0305567	0.0615472	-0.0477603	-0.0946094	-0.00615007	0.0286213	-0.16214
-4.55072	0.205039	-0.19767	0.473233	0.187543	-0.183553	-0.121752	-0.117042	0.107253	0.00813104	-0.0584018	-0.0225767	-0.0327861	-0.049785	0.0128148	0.00739504	-0.196316
-4.70352	0.0584452	-0.340778	0.320567	0.24028	-0.0933341	0.0467252	-0.0402201	0.14609	0.235269	0.0454854	-0.20123	-0.0478396	-0.104621	-0.0213351	0.0811095	-0.091395
-5.06572	0.00663559	-0.37221	0.217097	0.36256	0.0152948	0.226022	0.0304202	0.0268493	0.131917	0.0581057	-0.194466	-0.0352492	-0.258591	-0.0705354	0.120151	-0.102796
-5.62935	-0.0865315	-0.169627	0.237979	0.350866	0.118631	0.157253	0.0622519	0.0724815	0.0560525	0.0399108	-0.0431908	0.0603499	-0.246135	0.0829013	0.215214	-0.0509163
-6.09223	-0.0850482	0.0365401	0.248546	0.268341	0.137454	0.159659	0.0911805	0.171132	0.0444116	-0.0311943	-0.0773373	0.0962565	-0.0733058	0.0625336	0.0580783	-0.0703247
-6.44938	-0.0575353	0.060681	0.228879	0.264254	0.142929	0.174896	0.142485	0.129691	-0.0293153	0.027315	0.0612934	0.0963057	0.00116674	-0.115305	-0.0547375	-0.0310997
-6.59574	0.462413	0.29028	0.298428	0.216207	-0.0239877	-0.13373	0.0510852	-0.0135383	0.0167253	0.0933363	0.0988774	0.044985	0.0556679	0.121331	0.102649	0.0519625
-6.81331	0.966325	0.557677	0.0170496	0.0499294	-0.109243	-0.028748	-0.0221796	-0.00152476	0.0526694	0.112238	0.103752	0.0884225	0.217612	0.216588	0.169291	0.0710287
-7.0375	1.18337	0.60723	-0.0931044	0.127391	0.0447759	0.160984	-0.107481	-0.0135736	0.0209783	0.159585	0.1699	0.109965	0.154916	0.125883	0.148756	0.141072
-7.13153	1.01323	0.420055	0.0465168	0.322099	0.271608	0.302358	-0.079777	-0.079408	0.109162	0.32222	0.0799988	0.135511	0.0438219	-0.00578012	0.0640318	0.293607
-7.39165	0.893399	0.45358	0.0872568	0.404462	0.254859	0.330387	0.00194836	-0.061289	0.188496	0.296401	0.0990432	0.102131	-0.0256302	-0.0086986	0.0512656	0.265411
-7.85768	0.430283	0.604592	0.219352	0.506272	0.319384	0.332984	0.0405656	0.083733	0.0895436	0.0657422	0.143491	-0.0452867	-0.016389	-0.0271217	0.103234	0.147234
-8.04699	0.280553	0.625502	0.34683	0.528588	0.343482	0.409348	0.181535	0.197748	0.0656681	-0.0528026	0.0754401	0.0355977	-0.00288997	-0.104084	0.0571044	0.162085
-7.97846	0.258375	0.447183	0.410651	0.412325	0.203747	0.281042	0.254666	0.0622771	0.0470906	0.102339	0.0498135	0.177062	0.0079675	-0.0144352	0.107824	0.181483
-7.70961	0.318321	0.342239	0.28674	0.454736	0.170848	0.378428	0.336533	0.126401	0.126133	0.124323	0.0519191	0.150652	-0.0235395	-0.0606303	0.270109	0.248456
-6.97886	0.768486	0.44328	0.211715	0.255269	0.133318	0.0891691	-0.0475903	0.0521454	0.14068	0.117359	0.178585	0.0870984	0.0252953	0.0626262	0.190537	0.14807
-6.2322	1.27222	0.402719	0.0181971	0.142349	0.205265	0.0724637	-0.138998	-0.0287194	0.0370459	0.105329	0.119845	-0.0176036	0.0604962	0.186991	0.0690389	-0.00255337
-5.61943	1.7638	0.286817	-0.0812622	-0.05853	0.144272	0.0798161	-0.0217097	-0.0150458	-0.0896827	-0.0107456	-0.0379386	-0.00105797	-0.0343126	0.0275304	-0.0103422	0.0526385
-4.8804	2.56426	0.361743	-0.395768	-0.578417	0.0435676	0.163289	-0.0697415	-0.209646	-0.109262	-0.0419767	0.0289771	-0.123049	-0.199635	-0.222933	-0.0193898	0.0347082
-4.34254	2.81589	0.328524	-0.413688	-0.722849	0.13488	0.191495	-0.0276787	-0.322046	0.0373187	0.0281114	0.0485113	-0.172303	-0.139257	-0.338434	0.0607654	-0.0439778
-3.97973	2.86889	0.0893591	-0.51142	-0.774761	0.0437768	0.206213	-0.0747517	-0.309402	0.0889224	-0.0968337	0.0803093	-0.150172	-0.117201	-0.306607	-0.0132358	-0.0169608
-3.79163	3.45304	-0.0612303	-0.288001	-0.372863	0.124657	0.49145	0.0776337	-0.172318	0.38825	-0.0749563	0.294312	-0.0441343	0.0321725	-0.0295377	-0.108718	0.160743
-3.70498	3.13279	-0.00976486	-0.559706	-0.437942	0.0986211	0.415964	0.0307737	-0.093648	0.254622	-0.0656075	0.152581	-0.085	-0.0846522	-0.134623	0.057567	-0.00390295
-3.67422	2.915	-0.195629	-0.387035	-0.719147	-0.0320828	0.406764	-0.176715	-0.0654863	0.0408663	-0.109832	0.159655	-0.225504	-0.130982	-0.300419	0.0148457	-0.030025
-3.4035	2.79116	-0.164952	-0.276853	-0.516891	0.192591	0.562597	-0.0344591	0.0232202	0.240773	-0.072994	0.273761	-0.0736918	-0.0264214	-0.169628	0.0171278	0.130951
-3.32402	2.65061	-0.104701	-0.22239	-0.535524	0.366016	0.605101	-0.00975527	0.0689803	0.213731	-0.0385123	0.227121	-0.050481	0.024428	-0.0871742	0.0799632	0.098301
-3.40442	2.64435	-0.282587	-0.110895	-0.794396	0.368799	0.499327	-0.0713479	0.0672122	0.0728744	-0.105755	0.0834303	-0.0554917	-0.0684989	-0.0876595	-0.0515584	0.0406983
-3.57771	2.61998	0.131249	-0.578452	-0.498125	0.422731	0.589931	-0.0764167	0.0113298	0.145743	-0.125381	0.195899	-0.0613452	-0.0743017	-0.112408	0.0454701	0.0786406
-3.35236	2.34965	0.151362	-0.456568	-0.530404	0.306485	0.644351	0.0688854	-0.0338468	0.105202	-0.0279862	0.24223	-0.160817	-0.073397	-0.0521431	0.164772	0.0237204
-3.52018	2.37932	0.141827	-0.409221	-0.658495	0.28103	0.565114	-0.061147	0.0877431	0.0703776	-0.212308	0.207416	-0.128136	-0.123113	0.0596011	0.00829038	-0.0511557
-3.6008	2.4707	0.213753	-0.509297	-0.532819	0.199676	0.712084	0.0143917	-0.0498449	0.149563	-0.193209	0.302416	-0.231065	0.00723796	-0.090957	0.141066	0.0413156
-3.72966	2.50255	-0.037313	-0.387969	-0.82212	0.263595	0.619222	-0.161315	0.0179077	-0.0305802	-0.259997	0.149244	-0.218199	-0.172827	0.00376359	-0.100467	-0.0501512
-3.57613	2.19802	0.00564783	-0.308291	-0.967219	0.3617	0.444889	0.00162454	-0.0897998	0.0203537	-0.481227	0.325214	-0.330851	-0.168393	-0.11235	0.0120931	-0.143553
-3.63233	2.28094	0.0312214	-0.332035	-0.951019	0.398725	0.387953	0.038893	-0.138503	0.120608	-0.484008	0.163951	-0.204117	-0.163459	-0.00303302	-0.130241	-0.106324
-3.50869	2.01721	0.19116	-0.517034	-0.916382	0.351982	0.344689	0.0526118	-0.191451	0.00470935	-0.495594	0.22713	-0.271681	-0.231524	-0.0719882	-0.0875931	-0.228239
-3.84829	2.27861	0.226089	-0.38188	-1.09921	0.381498	0.236611	-0.0645202	0.0051211	-0.10161	-0.579331	0.267376	-0.46152	-0.0228883	-0.0860497	-0.177723	-0.315662
-3.8971	2.47325	0.351882	-0.503017	-0.909093	0.322002	0.425836	-0.126717	0.0416065	-0.0923019	-0.415048	0.327655	-0.36669	-0.0837643	-0.0883611	-0.0925927	-0.162207
-3.7629	2.33401	0.231226	-0.531276	-0.879244	0.211414	0.465096	-0.20407	-0.0243792	-0.132398	-0.415079	0.260851	-0.42341	0.00894335	-0.283506	-0.0278714	-0.287954
-3.77922	2.4396	0.337349	-0.54348	-0.784576	0.281031	0.342965	-0.0629178	-0.0537855	-0.0319633	-0.324516	0.219534	-0.299793	0.0323029	-0.215215	-0.0515173	-0.18757
-3.9964	2.58677	0.324347	-0.421245	-0.956271	0.188641	0.180262	-0.0737042	-0.0449766	-0.0350983	-0.447785	0.245015	-0.311653	-0.0416119	-0.195635	-0.158249	-0.255071
-3.80806	2.37963	0.495493	-0.40009	-0.949781	0.406688	0.209468	-0.0173102	0.0295429	-0.104402	-0.245833	0.266503	-0.234028	-0.0158054	-0.149049	-0.128995	-0.0833865
-3.87846	2.41203	0.661166	-0.286965	-0.917128	0.257506	0.183362	-0.022609	0.100669	-0.0479868	-0.23557	0.289042	-0.214579	0.114346	-0.122714	-0.157908	-0.0548634
-3.99542	2.11631	0.783885	-0.513018	-0.934279	0.334313	0.0103116	0.0190339	-0.150044	-0.113145	-0.416064	0.255879	-0.288144	-0.0470229	-0.241066	-0.165584	-0.211113
-4.25969	2.3655	0.895491	-0.0817379	-1.05378	0.332421	-0.116514	0.0598559	-0.0295543	-0.131671	-0.211566	0.196584	-0.149858	0.0547328	-0.0547869	-0.152977	-0.176877
-4.58273	2.39144	1.14489	-0.303205	-0.835101	0.259259	0.0392898	0.0567498	-0.0689366	-0.207283	-0.308867	0.242018	-0.131799	0.0771146	-0.129607	-0.175541	-0.083856
-4.9573	2.59904	1.16205	-0.00549052	-0.705029	-0.0187925	0.120406	-0.00336404	0.165268	-0.175967	-0.402143	0.236248	-0.22805	0.264818	-0.0385438	-0.0568893	-0.190235
-5.38293	2.88171	1.22169	-0.0524417	-0.635027	0.320259	0.177641	-0.0639007	0.0248501	-0.189307	-0.220854	0.240381	-0.0777018	0.201334	0.0158684	-0.184808	0.0562629
-5.65121	2.84908	1.15681	-0.0823919	-0.482208	-0.0370865	0.0886361	0.0784839	0.0482082	-0.373973	-0.321966	0.100011	-0.255953	0.155004	-0.0396486	-0.146715	-0.161936
-5.89241	2.66492	1.26238	-0.0606461	-0.334983	0.101819	0.366194	-0.139969	-0.172973	-0.159814	-0.511057	0.173388	-0.123377	0.1921	-0.0666789	-0.116607	-0.132124
-6.05867	2.51529	1.21447	0.347082	-0.441817	0.156094	0.259837	-0.0870862	-0.222956	-0.207563	-0.132748	0.0694714	-0.455325	-0.280407	-0.0525825	0.00550663	-0.0875493
-5.99548	2.46943	1.15755	0.201217	-0.340324	0.0949234	0.278499	0.0576219	-0.141077	-0.185113	-0.420473	-0.00874363	-0.0302203	0.0808291	-0.0726232	0.0150747	-0.106042
-6.24429	2.29667	0.996051	0.36261	-0.082895	0.13848	0.298386	0.0899415	-0.0906748	-0.200466	-0.369782	-0.0255593	-0.0099026	0.137014	-0.153349	-0.0333987	-0.0858988
-6.16546	2.47389	1.08942	0.307069	-0.144573	0.224462	0.21936	0.0910654	-0.272476	-0.277926	-0.430298	0.132677	-0.0448075	0.135451	-0.0655994	-0.121384	-0.00490536
-6.05415	2.2934	1.14506	0.234516	-0.280689	0.25108	0.286409	0.162321	-0.352347	-0.286291	-0.534971	0.085693	-0.104942	0.137617	-0.00438468	-0.0227549	-0.0587111
-6.17963	2.23357	1.23053	0.171674	-0.26428	0.3973	0.301235	0.157296	-0.333742	-0.266581	-0.487436	0.153293	-0.108502	0.181249	0.0575275	0.0895316	-0.0355439
-6.13723	2.42267	1.18641	0.0378125	-0.380006	0.538092	0.225243	-0.115242	-0.303905	-0.178032	-0.33976	0.229111	-0.178387	0.0368601	-0.0853546	0.0964771	-0.124975
-5.78056	2.34754	1.16865	-0.100962	-0.518834	0.470581	0.291409	-0.23677	-0.36599	-0.347292	-0.281686	0.251633	-0.147243	-0.0780578	-0.120136	0.027635	-0.133599
-5.5074	2.31413	1.03975	-0.233968	-0.311851	0.279792	0.254025	-0.205719	-0.358517	-0.283495	-0.0330585	0.262283	-0.149225	-0.0726909	-0.00832362	-0.0927778	-0.104947
-5.21487	2.36677	0.776258	-0.352844	-0.35844	0.231169	0.141034	-0.309408	-0.339518	-0.135988	-0.0341342	0.162856	-0.116646	-0.18498	-0.0457655	-0.13157	-0.101466
-5.12811	2.53205	0.674865	-0.314463	-0.419901	0.190625	-0.0313878	-0.44063	-0.297205	-0.047739	-0.0324809	0.173614	-0.139895	-0.176963	-0.065382	-0.00744143	-0.171987
-5.22348	2.55347	0.62823	-0.32624	-0.429294	0.545754	-0.0102112	-0.698128	-0.215955	0.150656	-0.00913623	0.202537	-0.110456	-0.155547	-0.096738	0.177793	-0.296709
-4.97655	2.42001	0.404496	-0.30321	-0.468824	0.638496	0.0450763	-0.83351	-0.365809	0.174767	-0.054722	0.226033	-0.219911	0.00353931	-0.10457	0.19538	-0.346004
-4.87038	2.20171	0.48024	-0.2631	-0.408179	0.511834	0.027486	-0.69559	-0.367796	0.244213	0.0833517	0.24954	-0.227884	-0.0904705	-0.0879219	0.242396	-0.382437
-4.79156	2.25038	0.525244	-0.305775	-0.474502	0.354566	0.0425597	-0.574861	-0.382448	0.220402	0.0162836	0.199536	-0.222865	-0.0477732	-0.0867754	0.201087	-0.369743
-4.80735	2.2925	0.404972	-0.319301	-0.432008	0.313127	-0.139234	-0.5817	-0.360896	0.18237	-0.116933	0.101536	-0.254279	0.0166253	-0.0624604	0.122684	-0.290955
-4.78107	2.29649	0.476743	-0.186369	-0.447678	0.170744	-0.249442	-0.630511	-0.325205	0.183458	-0.206	0.00792256	-0.229956	0.0430348	-0.183164	0.0975245	-0.296277
-4.63353	2.21631	0.273998	0.0328564	-0.269174	0.0854361	-0.389314	-0.557252	-0.283192	0.154437	-0.226928	-0.0695293	-0.146216	0.0404906	-0.139782	0.0855166	-0.315586
-4.35369	1.97028	0.1301	0.0628552	-0.205093	0.164019	-0.309666	-0.392055	-0.290396	0.148332	-0.166414	-0.168284	-0.106725	-0.00131877	-0.137108	0.125547	-0.237523
-4.39699	1.94995	0.197071	0.149608	-0.18614	0.244482	-0.25752	-0.391588	-0.20094	0.22133	-0.0958703	-0.0504969	-0.0828672	0.135734	-0.0635241	0.139785	-0.253594
-4.67158	2.00747	0.395533	0.439258	-0.103478	0.223683	-0.283594	-0.407	-0.169671	0.266872	-0.248844	-0.0473509	-0.0266753	0.1651	-0.18482	0.0634413	-0.230463
-4.93914	2.05909	0.354333	0.628418	-0.145658	0.135691	-0.254747	-0.398619	-0.133729	0.184569	-0.292992	-0.0238097	-0.00579118	0.121524	-0.194456	0.0164292	-0.232753
-5.49935	2.10916	0.25564	0.798044	-0.0989057	0.216252	-0.00375646	-0.118975	-0.166684	0.0252716	-0.252722	0.0990526	-0.0683711	0.0737488	-0.146995	-0.0632457	-0.237992
-6.32864	2.16349	0.271999	0.682482	0.141932	0.197205	0.179478	-0.0169984	-0.0597382	-0.0358391	-0.198959	0.0568112	-0.195984	-0.0803652	-0.21487	-0.163813	-0.136832
-7.01287	1.8541	0.729148	0.485187	0.436979	0.270468	-0.071547	-0.115343	-0.157516	-0.101236	-0.0232571	0.0621656	-0.027011	-0.149797	-0.0978533	-0.000223979	-0.150261
-7.76114	1.28264	1.08542	0.448216	0.406356	0.214727	-0.141415	0.171694	-0.171427	-0.0275615	-0.221031	0.102802	0.224976	0.0534367	-0.0563933	0.156915	-0.234629
-7.86188	0.993452	0.837551	0.23574	0.263626	0.100124	-0.312659	0.0862196	-0.216626	-0.18159	-0.25982	0.122687	0.108438	0.01821	-0.0705229	0.0357378	-0.269535
-7.43902	1.48177	0.664819	0.705614	0.308534	0.0399992	-0.23729	0.181862	-0.000622022	-0.309948	0.223434	0.562837	0.0817742	0.0791452	-0.11482	0.028966	-0.0175437
-6.2572	1.42552	0.718786	0.678561	0.161183	-0.0594417	-0.185317	0.212335	-0.0210797	-0.416945	0.332871	0.639987	0.16268	-0.0397183	-0.173227	-0.0105213	-0.0354271
-5.73114	1.29057	0.674312	0.621186	0.226108	-0.0316671	-0.220893	0.278888	0.0554037	-0.365146	0.316321	0.695067	0.229323	-0.00710894	-0.125527	0.0492141	-0.131673
-5.66026	1.23364	0.525824	0.562509	0.242291	-0.0798849	-0.267681	0.335656	0.110388	-0.125622	0.15961	0.466359	0.163469	0.00311475	-0.0648836	0.205402	-0.205196
-5.68328	1.44254	0.389272	0.759363	0.33754	-0.174376	-0.125285	0.47766	0.10166	-0.133642	-0.0902098	0.103635	-0.0394131	-0.0128324	-0.136376	0.365014	-0.192961
-5.66707	1.48635	0.274837	0.757167	0.206642	-0.189281	0.0673898	0.476101	-0.0512783	-0.0727839	-0.0676553	-0.0565816	-0.177255	0.0140394	-0.0286734	0.339975	-0.326589
-5.77254	1.22813	0.326497	0.526536	-0.0982662	-0.285503	0.197629	0.221737	-0.167915	0.13572	-0.198136	-0.28138	-0.304666	0.102227	-0.135675	0.106316	-0.349384
-5.76851	1.0296	0.3555	0.609806	-0.113926	-0.271798	0.234103	0.280389	-0.170334	0.109313	-0.117371	-0.160486	-0.435075	-0.0827397	-0.043266	0.293202	-0.388562
-5.54432	1.33713	0.359838	0.749804	-0.198994	-0.181676	0.0966926	0.268977	-0.201875	-0.0553392	-0.356006	-0.0631598	-0.181621	0.11191	-0.109802	0.301411	-0.283933
-5.40815	1.1983	0.219686	0.668382	-0.452594	-0.226796	0.00134645	0.141545	-0.0961864	-0.0786045	-0.326765	-0.162108	-0.25026	0.0225192	-0.123949	0.245936	-0.343291
-5.52505	1.00684	0.0408264	0.48618	-0.502042	-0.277188	0.196686	0.0951972	-0.131333	0.00796116	-0.179147	-0.171903	-0.338349	0.286937	-0.0892097	0.146095	-0.37605
-5.29813	1.16545	0.139129	0.52917	-0.518831	-0.182063	0.208056	0.406354	-0.0322893	0.115611	-0.0929356	0.0949695	-0.183839	0.304933	-0.00266222	0.275153	-0.254975
-4.9418	1.10175	-0.00862973	0.476465	-0.220943	-0.138435	0.114584	0.188326	-0.0272476	0.0796468	-0.0798319	0.00508978	-0.206536	0.12752	-0.0346518	0.237045	-0.086868
-4.75614	1.19234	0.0915239	0.543177	-0.175794	-0.0594823	-0.00221999	0.0788444	0.0071178	0.124225	-0.0296352	0.0220799	-0.250678	0.0331439	-0.121652	0.265173	-0.0986858
-4.86205	1.1111	0.150199	0.463837	-0.366773	-0.0337237	0.12555	0.192993	0.0291697	0.178531	-0.127731	-0.0610962	-0.303049	0.12396	0.000716739	0.261732	-0.114077
-5.00931	0.959993	0.103407	0.401982	-0.49534	-0.0074347	0.326142	0.235653	-0.0521606	0.311711	0.0171963	-0.164482	-0.499539	0.094117	-0.131787	0.155333	-0.160545
-5.03331	0.907532	0.10583	0.499008	-0.524852	-0.0437305	0.34514	0.196173	-0.0904937	0.197486	0.0412719	-0.164414	-0.519756	0.182352	-0.0845788	0.00974509	-0.321078
-5.06937	0.826244	0.139805	0.531791	-0.60774	-0.211504	0.317414	0.318126	0.0459369	0.202203	-0.0739789	-0.319963	-0.573401	0.143279	-0.0960161	0.0157634	-0.180525
-5.08185	0.942123	0.0608221	0.358006	-0.71236	-0.274905	0.326705	0.289334	0.149991	0.267711	-0.0347499	-0.189044	-0.520378	-0.0160962	-0.212386	-0.0965475	-0.167556
-5.01406	1.12104	0.0972562	0.387005	-0.630088	-0.199623	0.411169	0.291701	0.0226448	0.0766283	0.027924	-0.0940977	-0.47869	0.00321287	-0.313356	-0.163041	-0.289063
-5.15507	1.24187	0.262252	0.691	-0.216162	-0.161868	0.392909	0.356226	-0.354197	0.118968	0.111304	-0.235781	-0.340319	0.0877065	0.0154914	0.18332	-0.357339
-5.14391	1.09029	0.423508	0.712118	-0.373551	0.0774804	0.683389	0.664113	0.460096	0.409315	0.0800287	-0.282146	-0.509887	0.0612495	-0.0821928	-0.172028	-0.326524
-5.01038	1.91122	0.496923	0.405642	-0.33421	-0.201396	0.44423	0.229192	0.0458832	0.145176	0.00553645	-0.00450196	-0.143389	0.194264	-0.412505	-0.00190856	-0.375987
-5.14565	1.47073	0.722345	0.854716	0.0732904	0.262679	0.911037	0.262004	0.011682	0.0551077	-0.132538	-0.359163	-0.250924	0.295869	-0.109914	0.096091	-0.155372
-5.06058	1.78755	0.924342	1.11558	0.00838996	-0.16909	0.414109	-0.0127747	0.212988	0.268108	0.131543	-0.268143	-0.490994	0.322191	-0.0829167	0.00383199	-0.177752
-5.25516	1.4134	0.594112	1.00114	0.0194348	-0.261105	0.701123	0.546459	0.293058	0.44629	0.00390947	-0.00977834	-0.33883	0.0130689	-0.571504	-0.138291	-0.211925
-5.15853	1.33204	0.500454	1.28265	-0.00499433	-0.524722	-0.371359	-0.250494	-0.100552	0.273899	-0.0670733	0.180509	-0.74714	-0.281762	-0.546157	-0.119149	-0.152835
-4.93356	1.49079	0.276274	0.786716	-0.297969	-0.47137	0.190124	-0.0301665	-0.189643	-0.0771492	-0.353496	-0.203027	-0.553967	-0.288442	-0.254787	-0.124585	-0.48388
-4.92118	1.3609	0.523485	0.576416	-0.105413	-0.324141	-0.0502269	0.155325	-0.291818	0.131624	-0.227492	-0.308668	-0.697476	-0.059103	-0.28457	-0.26879	-0.289183
-4.8058	1.52017	0.170423	0.493986	-0.205747	-0.426509	0.0581179	0.10905	-0.214237	-0.0716276	-0.323829	-0.136658	-0.727812	-0.133743	-0.359507	-0.184316	-0.301168
-4.66744	1.34529	0.179535	0.635224	-0.319704	-0.409487	0.125768	0.229204	-0.173753	-0.0532172	-0.287158	-0.180422	-0.532481	-0.264406	-0.229568	-0.285341	-0.114355
-4.72438	1.38422	0.0949822	0.590916	-0.176876	-0.586122	0.0990944	0.414564	-0.324787	-0.0120616	-0.399889	-0.0865666	-0.525168	-0.302378	-0.395412	-0.190839	-0.166918
-4.91357	1.13909	-0.0998864	0.353937	-0.355568	-0.441353	0.0360697	0.280665	-0.365566	0.0250167	-0.35207	-0.135271	-0.594679	-0.331762	-0.362297	-0.243987	-0.232539
-4.92411	1.29779	-0.0300516	0.473487	-0.314562	-0.189544	-0.0330945	0.244211	-0.190211	0.0591738	-0.335424	0.00841634	-0.595802	-0.281733	-0.260349	-0.226474	-0.142103
-5.05982	1.39592	-0.0548388	0.492871	-0.196103	-0.219069	-0.031754	0.218754	-0.0438682	-0.0211696	-0.289292	0.0279466	-0.515351	-0.3777	-0.218441	-0.184995	-0.0683566
-5.35582	1.64638	0.0322831	0.523062	-0.137357	-0.369126	-0.0265808	0.248972	-0.121176	-0.108647	-0.368194	0.0948032	-0.399195	-0.44214	-0.219985	-0.116749	-0.0885798
-5.56263	1.81863	0.0182581	0.345752	0.0208357	-0.230321	-0.0199072	0.161	-0.187004	0.0623888	-0.51888	-0.0308298	-0.407712	-0.377511	-0.359717	-0.212219	-0.0708911
-5.88916	1.87455	0.340977	0.501853	0.201536	-0.231262	-0.16553	0.135168	-0.00161448	0.00806994	-0.652366	-0.0903956	-0.364018	-0.094219	-0.364934	-0.339758	-0.201372
-6.12138	2.13946	0.465895	0.433142	0.600497	0.168364	-0.25429	0.00698828	-0.183607	-0.0505032	-0.459452	-0.0628157	-0.413021	0.00662624	-0.265473	-0.106765	0.0162878
-6.4734	2.10629	0.43776	0.646985	0.878159	0.351348	-0.228923	0.0482537	-0.22376	-0.186924	-0.51905	-0.0870519	-0.577753	0.083328	-0.30912	-0.341015	0.00826259
-6.29103	2.21616	0.354564	0.565458	0.810553	0.366346	-0.185283	-0.0020557	-0.255811	-0.171426	-0.398049	0.0340727	-0.528316	0.12158	-0.171723	-0.214884	0.0202004
-6.60749	2.46062	0.429581	0.717115	0.809293	0.26183	-0.148496	0.0793278	-0.124295	-0.0566443	-0.26457	0.0988367	-0.553481	0.288853	-0.214827	-0.132383	0.0780329
-7.14177	2.5333	0.757628	0.659005	0.924712	0.124664	-0.306695	0.00653956	0.00122166	-0.00648264	-0.2664	-0.1761	-0.493147	0.266665	-0.293198	-0.157304	-0.0166669
-6.64368	2.50988	0.589459	0.820865	0.790935	0.122145	-0.15894	0.00493805	-0.258375	-0.0210113	-0.315426	-0.24568	-0.548958	0.14567	-0.0794124	-0.106464	0.102843
-6.55031	2.39793	0.371159	0.70619	0.77811	0.193477	-0.23484	-0.0201861	-0.244139	-0.00960551	-0.362913	-0.298605	-0.601288	0.0211476	-0.116143	-0.236117	0.0885382
-6.84225	2.26073	0.390387	0.497698	0.713982	0.235684	-0.417873	-0.139765	-0.409207	-0.100025	-0.460253	-0.250234	-0.756644	0.143867	-0.286405	-0.275175	0.131588
-6.84916	2.13802	0.529376	0.64918	0.965708	0.230203	-0.452789	-0.0604356	-0.197718	-0.15479	-0.372259	0.0311146	-0.880843	0.270825	-0.389352	-0.271711	0.0051838
-6.55335	2.14296	0.44862	0.712101	1.02465	0.341809	-0.371689	-0.0508394	0.0156476	-0.156596	-0.390005	-0.108357	-0.779693	0.371146	-0.228689	-0.130935	-0.120012
-6.59794	2.156	0.514816	0.756406	0.950915	0.348794	-0.369427	-0.0745408	-0.044321	-0.0638504	-0.373703	-0.0838757	-0.567863	0.286665	-0.152587	-0.0968693	-0.239425
-7.10575	2.79742	0.798792	1.49222	1.322	0.155352	-0.376706	0.0339812	0.145486	0.0952242	-0.384152	-0.0136397	-0.510678	0.303058	-0.0336787	0.335171	-0.026974
-6.9078	2.75114	0.786256	1.07696	1.22535	0.465677	-0.0477712	0.0990005	0.00708843	-0.230899	0.140398	-0.0367749	-0.442449	0.303386	-0.321829	0.0222422	0.350191
-7.17199	2.56266	0.72019	0.841682	1.05092	0.549596	0.0931302	0.198597	0.311611	-0.223391	0.0575541	0.196801	-0.521335	0.249811	-0.550835	-0.109593	0.16533
-6.92812	2.42983	0.509047	1.23351	1.23483	0.186593	-0.0145746	-0.0302438	0.383354	0.299375	0.0675359	-0.00914695	-0.559887	0.244123	-0.124529	-0.0900735	-0.0137755
-7.2036	2.05957	0.270529	1.0408	1.03391	0.318603	-0.215306	-0.172166	0.187996	-0.231556	-0.319012	-0.196778	-0.869988	-0.116946	-0.318098	0.0250843	0.070032
-6.96153	2.46575	0.563545	1.04153	1.14076	0.398697	0.0184315	0.370342	0.0470687	-0.0599478	-0.0206263	0.00620096	-0.297405	0.107348	-0.152309	0.113478	0.188562
-7.20467	2.29096	0.672975	1.26164	1.09112	0.616245	-0.2833	-0.0206917	0.498581	0.0519923	-0.236204	0.0517941	-0.149811	0.320422	-0.132957	0.0610467	-0.0383161
-6.86089	2.64144	0.472417	1.20375	1.23133	0.792505	0.169329	0.122405	0.324012	0.240351	0.156297	0.289339	-0.103572	0.40182	0.126849	0.183506	0.2127
-6.94996	2.65728	0.670709	1.37862	1.30168	0.640036	0.237246	0.422413	0.655036	0.477522	0.566815	0.248792	-0.0237844	0.740897	0.233946	0.345636	0.100776
-7.10018	2.24377	0.37289	0.934724	0.969248	0.586407	-0.0248399	0.221755	0.204139	0.131977	0.213511	0.331936	0.013883	0.314601	0.0703923	0.16466	-0.0158929
-7.09342	1.96996	0.000545085	0.620172	0.826133	0.105647	-0.573896	-0.0141419	0.259502	-0.116627	-0.25143	-0.151613	-0.218357	0.237378	-0.239776	0.0729952	0.197611
-7.21395	1.90485	0.0809538	0.659029	0.73832	0.114416	-0.701812	-0.0195148	0.281813	0.0137598	-0.325572	-0.190414	-0.2999	0.32861	-0.110532	0.113226	0.170051
-7.30281	1.91176	0.2031	0.795947	0.72593	0.316121	-0.582682	0.0132196	0.173485	0.0143238	-0.271723	-0.0764202	-0.40215	0.190601	-0.16807	0.0857854	0.16468
-7.36982	1.87731	0.239863	0.749555	0.779203	0.506372	-0.465544	-0.0441192	0.0578765	-0.0550986	-0.218646	-0.114329	-0.348925	0.204683	-0.143065	0.0295292	0.117942
-7.47371	1.96085	0.0765665	0.619635	0.780173	0.349344	-0.540382	-0.0512267	0.144952	-0.0527495	-0.119796	0.0259617	-0.2754	0.253131	-0.101442	0.038969	0.123667
-7.56113	1.96612	0.188955	0.772638	0.82213	0.349346	-0.437959	-0.0305915	0.256392	-0.0739845	-0.100526	-0.00119811	-0.284319	0.289048	-0.144926	0.0338615	0.241135
-7.89145	2.00968	0.256784	0.866039	0.773914	0.430522	-0.260195	-0.0447994	0.0998361	-0.0412757	-0.0542714	-0.0598245	-0.406786	0.252268	-0.210689	0.0647588	0.278414
-8.02815	2.06411	0.23844	0.648561	0.779021	0.603608	-0.18117	0.0496261	0.0572984	-0.049423	-0.038748	-0.117227	-0.334171	0.242069	-0.189829	0.162922	0.2642
-8.26058	1.9009	0.2102	0.556122	0.793794	0.545735	-0.27332	-0.00456747	0.0660439	-0.101968	-0.0620882	-0.0736631	-0.155265	0.218025	0.000172378	0.334338	0.303841
-8.5773	1.80854	0.146828	0.530855	0.846073	0.509459	-0.17608	0.00559545	0.0801893	-0.0790779	-0.15798	-0.0272256	-0.197705	0.0710176	-0.0428446	0.239054	0.223912
-8.82032	1.72051	0.289199	0.559331	0.806631	0.406702	-0.173151	0.0624052	0.226948	0.102018	-0.0700293	0.037589	-0.0824071	0.0741772	0.0141171	0.0825812	0.172356
-9.13746	1.62485	0.484049	0.647484	0.757063	0.429403	-0.0652298	0.119409	0.315045	0.22783	0.0582794	0.0977875	-0.00872033	0.00697398	-0.00283919	0.0501495	0.0702133
-9.46922	1.48665	0.74458	0.654311	0.507678	0.389328	0.0318016	0.0480926	0.302773	0.190041	0.235885	0.205515	0.0486009	-0.0854343	0.00871912	0.176459	0.149904
-9.41968	1.32032	0.594606	0.485891	0.391363	0.322554	0.208088	0.208153	0.237172	0.145896	0.229259	0.207834	0.136637	0.160925	0.19114	0.151352	0.0947782
-9.53424	1.29039	0.611269	0.464654	0.362381	0.268544	0.172631	0.26899	0.22952	0.209268	0.224961	0.256257	0.105119	0.153968	0.191514	0.17186	0.154015
-9.53715	1.28141	0.583246	0.487618	0.328947	0.228327	0.190376	0.367054	0.236839	0.23313	0.209681	0.137	0.0518735	0.122039	0.148616	0.123301	0.185146
-9.45882	1.28629	0.555511	0.486569	0.377606	0.256059	0.164404	0.247789	0.183823	0.200717	0.173061	0.166986	0.141981	0.112273	0.119537	0.154535	0.19328
-9.50374	1.20027	0.508222	0.471227	0.394859	0.219544	0.106447	0.220824	0.239339	0.203243	0.139955	0.239268	0.236974	0.0965882	0.138351	0.14865	0.183256
-9.51384	1.25903	0.577126	0.388586	0.276146	0.256646	0.165782	0.28987	0.276713	0.240388	0.120285	0.210212	0.19379	0.161493	0.213549	0.194975	0.177295
-9.44641	1.3254	0.642658	0.377462	0.270239	0.208063	0.226172	0.306704	0.248944	0.204877	0.102736	0.206837	0.0500592	0.132251	0.219458	0.25146	0.185177
-9.45815	1.27867	0.665836	0.360893	0.28192	0.238366	0.209881	0.16646	0.201179	0.187938	0.100445	0.209649	-0.0221048	0.0927378	0.198929	0.275713	0.16897
-9.46397	1.30451	0.604081	0.36785	0.309957	0.279947	0.202336	0.186902	0.1786	0.218006	0.223781	0.264383	0.0735733	0.0938257	0.162608	0.19969	0.107308
-9.42948	1.26782	0.498758	0.350016	0.314773	0.332006	0.247892	0.281808	0.144712	0.195887	0.181801	0.189507	0.0933913	0.160438	0.253251	0.190464	0.141413
-9.49993	1.31883	0.587362	0.382682	0.368857	0.426327	0.290512	0.390385	0.211375	0.280341	0.164091	0.234258	0.176248	0.112572	0.235944	0.123954	0.147229
-9.37531	1.38098	0.564119	0.39132	0.372376	0.427499	0.278186	0.313117	0.182964	0.236331	0.135031	0.167511	0.152149	0.128031	0.213239	0.154951	0.210437
-9.24906	1.45576	0.528582	0.416729	0.378922	0.352239	0.242316	0.291012	0.225669	0.242376	0.164005	0.178353	0.190145	0.190576	0.17019	0.121972	0.140457
-9.4743	1.41795	0.556842	0.426689	0.418575	0.327185	0.188227	0.385281	0.332071	0.306267	0.205982	0.258525	0.191696	0.185	0.13085	0.0978106	0.13579
-9.24744	1.39713	0.524426	0.446038	0.353222	0.310144	0.222875	0.329129	0.25481	0.266493	0.246982	0.255815	0.222464	0.170915	0.120556	0.151208	0.164313
-9.25526	1.41181	0.548321	0.489008	0.37746	0.331208	0.237368	0.260991	0.247133	0.280094	0.233733	0.238648	0.184207	0.190216	0.158656	0.169441	0.150377
-9.54015	1.28215	0.607061	0.542521	0.415085	0.295302	0.348189	0.328881	0.282436	0.394408	0.301204	0.304865	0.209777	0.136845	0.159708	0.219488	0.121115
-9.20112	1.40816	0.527622	0.461256	0.339835	0.278969	0.267765	0.283287	0.230513	0.264303	0.172299	0.222893	0.182416	0.165736	0.159766	0.191608	0.161077
-9.34558	1.4066	0.588398	0.466975	0.372292	0.320906	0.263389	0.273482	0.199325	0.24097	0.194237	0.275411	0.181086	0.185371	0.133707	0.156828	0.126444
-9.60847	1.26034	0.537219	0.459149	0.448571	0.375171	0.287923	0.375108	0.255579	0.212864	0.219021	0.30511	0.238179	0.163765	0.021518	0.133647	0.217206
-9.36783	1.36993	0.483288	0.449061	0.35962	0.302368	0.201428	0.244419	0.221311	0.215212	0.16377	0.191338	0.182677	0.21092	0.149408	0.14566	0.158165
-9.52567	1.33305	0.471148	0.467873	0.391288	0.357386	0.257612	0.261242	0.179649	0.183519	0.105784	0.163483	0.168471	0.199806	0.252735	0.176684	0.0904417
-9.62483	1.18371	0.361642	0.4829	0.377763	0.275968	0.252534	0.311353	0.152361	0.136648	0.0580961	0.239361	0.228475	0.128621	0.171035	0.150635	0.137504
-9.66504	1.18774	0.431875	0.471344	0.317244	0.243677	0.216336	0.307555	0.219884	0.182181	0.113154	0.295149	0.289102	0.140715	0.135886	0.102738	0.0866865
-9.65257	1.17605	0.402163	0.484401	0.393475	0.297835	0.263828	0.339696	0.202464	0.229786	0.115021	0.292419	0.268504	0.151387	0.201759	0.191876	0.155027
-9.69984	1.1051	0.459867	0.545117	0.360898	0.339356	0.289053	0.348668	0.174164	0.178046	0.189117	0.315677	0.258082	0.228726	0.215508	0.155237	0.200625
-9.76294	1.06276	0.47976	0.589842	0.339711	0.403742	0.276961	0.3145	0.23301	0.205475	0.239922	0.384293	0.259334	0.179821	0.247702	0.156678	0.116706
-9.59008	1.24113	0.563732	0.470788	0.354342	0.312523	0.233104	0.296974	0.267892	0.285196	0.0909604	0.179295	0.199638	0.119662	0.202989	0.191118	0.148174
-9.59123	1.31856	0.537908	0.392733	0.3515	0.260859	0.202945	0.275191	0.226965	0.286299	0.0396005	0.10803	0.166705	0.0729191	0.157867	0.226731	0.171003
-9.56156	1.32687	0.557381	0.435926	0.385056	0.358181	0.242332	0.373069	0.250402	0.304258	0.0992283	0.0946138	0.161264	0.156694	0.122897	0.249023	0.218953
-9.3447	1.4013	0.532295	0.429776	0.336447	0.323912	0.242868	0.343581	0.249009	0.209511	0.170962	0.17837	0.171021	0.208918	0.117398	0.165748	0.181823
-9.47102	1.36025	0.532405	0.467631	0.312049	0.309075	0.215031	0.316986	0.280062	0.197495	0.205536	0.214776	0.164628	0.263604	0.144867	0.142337	0.230535
-9.44458	1.44192	0.576189	0.482077	0.362617	0.350186	0.201344	0.275143	0.265831	0.168995	0.273336	0.28681	0.107871	0.183856	0.192697	0.176769	0.149264
-9.26531	1.50535	0.570492	0.453204	0.379854	0.294471	0.210099	0.256906	0.207226	0.183444	0.170388	0.238885	0.15293	0.134857	0.147311	0.168666	0.156497
-9.04851	1.4689	0.513541	0.432905	0.359831	0.280369	0.227564	0.249762	0.212093	0.188163	0.178964	0.213316	0.149784	0.109959	0.151507	0.139857	0.130036
-7.76787	1.45116	0.447811	0.383075	0.277067	0.217762	0.182012	0.155925	0.147936	0.118047	0.114342	0.12056	0.0967535	0.0532182	0.0729219	0.0606596	0.0839129
-7.64583	1.4243	0.422699	0.35454	0.25201	0.187772	0.153444	0.12646	0.121841	0.0885716	0.0863643	0.0955591	0.071576	0.0235193	0.0498133	0.0331659	0.0626203
