-7.93777	1.65243	0.29864	0.428702	0.210226	0.29243	0.141336	0.168136	0.0956562	0.152648	0.0626163	0.115215	0.0735801	0.0645908	0.0227046	0.0371409	0.0564884	0.0392074	0.0446842	0.0513238	0.0130278	0.00838559	0.0325883	0.047892	0.0150869	0.0109327	0.00539619	0.0368851	-0.00147811	0.0328298	-0.0105045	-0.00878521	0.00744178	-0.00480528	-0.0046924	0.00863161	-0.0297899	0.015158	-0.0086221	-0.0044291
-8.10289	1.70505	0.288286	0.489991	0.198643	0.341663	0.140133	0.218372	0.0987462	0.19478	0.0740901	0.153041	0.0843796	0.101436	0.0330874	0.0702785	0.0649113	0.0760806	0.0545058	0.0832677	0.0228706	0.0342251	0.0438244	0.0768971	0.0296688	0.0302483	0.0169416	0.0571053	0.0159387	0.0473121	-0.00065848	-0.00239525	0.0114148	0.00510334	-0.00260845	0.0140003	-0.0301882	0.0156333	-0.000979103	-0.00815368
-9.08225	1.43398	0.496104	0.437995	0.272479	0.35226	0.249026	0.262711	0.157603	0.23064	0.127575	0.187375	0.146434	0.149478	0.0804092	0.137232	0.106658	0.112702	0.0962018	0.0978589	0.112799	0.10402	0.089463	0.111677	0.0843066	0.0273184	0.0817365	0.100493	0.046913	0.0834855	-0.00675062	-0.0186184	0.0592968	0.00249501	-0.0312813	0.108093	-0.0731644	0.067733	-0.0256325	-0.0200362
-9.30026	1.34582	0.594668	0.403069	0.249576	0.400335	0.347856	0.280089	0.138629	0.196383	0.119084	0.152535	0.184087	0.212664	0.147146	0.185638	0.0599647	0.108982	0.0987331	0.0771544	0.114006	0.145584	0.159628	0.0688788	0.0479808	0.0678528	0.0798785	0.0904344	0.0384482	-0.0188163	-0.0140626	0.0456976	0.0634187	0.0375364	0.00270302	0.0631686	0.0150194	0.0570912	0.0190958	-0.0172815
-9.40713	1.28439	0.54643	0.437515	0.259858	0.387753	0.339213	0.162548	0.0690831	0.191306	0.117137	0.118003	0.188143	0.107642	0.193601	0.2607	0.0404096	0.0730874	0.109009	0.119132	0.121483	0.162834	0.199727	0.175216	0.15134	0.125457	0.0924524	0.0227705	-0.0169537	-0.0255629	0.0151941	0.0935957	0.0846873	-0.0437097	-0.0941108	0.028095	0.0358021	-0.0547901	-0.0759175	-0.0491653
-9.50649	1.2554	0.580975	0.470401	0.388161	0.307272	0.191251	0.21838	0.228302	0.227835	0.063362	0.216662	0.25703	0.019547	0.0859931	0.157715	0.108845	0.14496	0.205857	0.213345	0.0435065	0.0573242	0.0555891	0.0625631	0.0214041	0.056004	0.115454	-0.0253835	-0.0110512	-0.0486205	-0.0127133	0.030218	0.0414215	-0.0101775	0.0285102	0.0577922	0.0219824	0.0480215	-0.0572306	-0.10179
-9.46486	1.24541	0.541754	0.470463	0.354621	0.227507	0.163666	0.260977	0.190814	0.214999	0.0666535	0.179561	0.197519	0.0739752	0.117659	0.219896	0.203529	0.0272837	0.158801	0.176685	0.0711148	0.0886009	0.0546754	0.0265579	-0.0533635	-0.00964798	0.0234257	-0.13175	-0.0258453	0.00942185	0.0618483	0.0660709	0.0156389	0.0535681	0.0613833	0.017103	-0.0944242	0.0484063	-0.0322303	-0.0333961
-9.52211	1.23213	0.564253	0.516731	0.344853	0.200353	0.153891	0.228451	0.0659335	0.185917	0.121989	0.0976432	0.148271	0.111624	0.138595	0.191007	0.179892	0.0727661	0.114712	0.165856	0.014297	0.110191	0.0538506	0.0089503	0.0553046	0.0829633	-0.0212372	-0.00873353	0.157017	0.0338788	0.0726981	-0.00278315	-0.00340175	-0.0166929	-0.0260924	-0.0609841	-0.0502145	0.123018	0.0281264	-0.0245291
-9.45559	1.17347	0.481968	0.492296	0.356427	0.28643	0.211858	0.267972	0.0697373	0.148454	0.154707	0.210398	0.169746	0.131085	0.0878645	0.203793	0.180586	0.0939561	0.0969197	0.181939	0.0166089	0.0807007	0.0464081	0.125254	0.153746	0.0302094	-0.025168	0.138501	0.0670543	-0.00582881	0.130975	0.0469143	0.00930785	-0.0383425	-0.0139621	-0.133634	-0.0599243	-0.00344475	-0.0580036	-0.0480123
-9.34286	1.26778	0.467448	0.471254	0.364441	0.314233	0.28094	0.265798	0.179805	0.206835	0.196747	0.253792	0.194593	0.203821	0.127031	0.156818	0.174482	0.125631	0.151135	0.132847	0.0368026	0.103795	0.033427	0.15491	0.139549	0.0253613	0.00381864	0.113931	0.010114	0.0496172	0.0271087	0.0265231	0.00316613	-0.0375175	0.0117959	-0.0108929	0.00394785	-0.0305307	-0.00155312	-0.0153391
-9.49949	1.26593	0.518625	0.419797	0.433307	0.412106	0.352682	0.367053	0.223814	0.16365	0.210055	0.308558	0.228678	0.300671	0.140517	0.165746	0.153156	0.150741	0.185905	0.120017	0.124273	0.0699104	0.0321382	0.0837798	-0.00669696	-0.073456	0.0147893	0.12724	0.0122707	0.0265683	-0.0332797	0.0453974	-0.0480858	0.00478946	0.00713413	-0.00607024	-0.0558357	-0.0710356	0.0113057	0.00261367
-9.44294	1.30932	0.644633	0.504064	0.417696	0.299497	0.269827	0.398143	0.181424	0.166893	0.217727	0.273711	0.174471	0.208137	0.144917	0.156032	0.104236	0.139847	0.065375	0.138368	0.199944	0.0694927	0.0586118	0.0587145	-0.0153079	0.0675649	0.0882929	0.0790374	-0.00892304	0.00476553	-0.0494893	0.0252102	-0.00192475	-0.00712695	-0.0218727	-0.033257	-0.0830171	-0.0445261	0.0427732	0.112168
-9.40391	1.29948	0.594774	0.491788	0.389333	0.285918	0.228102	0.359617	0.203395	0.215953	0.173402	0.209852	0.172633	0.140477	0.120043	0.119206	0.0523377	0.163863	0.127855	0.163062	0.198488	0.00508085	0.0293993	0.0747077	0.0262746	0.0694735	0.0673329	0.12273	0.0273528	0.0303726	-0.00969067	-0.0450636	0.0659084	-0.0686102	-0.101627	-0.0183123	-0.0725246	-0.101693	-0.0273247	-0.00101216
-9.29217	1.3323	0.770788	0.637249	0.303595	0.35918	0.0998129	0.255796	0.142949	0.254386	0.0726074	0.124713	0.181361	0.0359038	0.0445169	0.129538	-0.0897037	0.0621214	0.107452	0.0292808	0.279281	0.119792	0.0712559	0.13949	0.10804	0.00453704	0.0293242	0.014854	-0.0110527	0.0559926	-0.0344545	0.0135439	0.114977	-0.0510481	-0.151609	0.0600727	0.0422776	-0.0903594	0.0487603	-0.0865833
-9.27976	1.23486	0.514807	0.639655	-0.123362	0.258246	-0.105698	0.04166	-0.102404	0.0967634	0.0435217	0.206721	0.0125271	-0.213329	-0.013127	0.065391	-0.294544	0.0083857	0.151836	-0.158149	0.151024	0.00237365	-0.00406212	-0.0545356	0.104809	-0.112719	0.0705542	-0.0465584	0.0721478	-0.0787039	0.10865	-0.123747	0.0856949	-0.000898406	-0.0679275	0.098701	-0.05706	-0.0183568	0.0453503	0.0541982
-7.77797	1.77113	1.1668	1.2211	-0.375434	-0.59506	-0.10183	0.60467	0.06226	-0.162408	-0.312767	0.0627595	0.178752	-0.10404	-0.00783339	-0.0163925	0.00865509	0.0593568	0.0470823	-0.156521	0.0285672	0.0371365	-0.0230591	0.0415946	-0.0781619	0.0292002	0.0767264	-0.0882826	0.0685443	-0.0535164	5.86194e-05	0.0426621	0.0339419	-0.0849321	0.0515526	-0.0149983	0.00769075	-0.00496432	-0.00209047	0.0254015
-4.56905	1.89561	-0.296796	1.39161	-0.463457	-0.0697269	-0.25366	0.372766	-0.257046	0.0360488	0.0674299	0.117645	0.0548398	-0.209027	0.0936211	0.0158375	-0.19333	0.0113241	0.0935028	-0.0605587	0.062462	0.00949784	-0.00798635	-0.037998	0.0597347	-0.0708389	0.0727071	-0.0942161	0.108001	-0.0735678	0.0465732	-0.0208749	0.00198649	0.020238	-0.0320401	0.0269387	0.000790444	-0.048077	0.0707441	-0.0252568
-3.93009	1.89689	-0.318079	1.18216	-0.35818	-0.128068	-0.127281	0.193003	-0.121205	-0.0817854	0.190418	-0.0173512	0.0905621	-0.229707	0.0911541	0.0270062	-0.16177	0.0666173	0.102354	-0.106736	0.0934653	-0.0621362	0.0198865	-0.00895385	-0.00286876	-0.01645	0.0552712	-0.0582586	0.0551403	-0.0378557	0.0359625	-0.0468702	0.0444914	0.0108645	-0.0950497	0.113957	-0.0302378	-0.0887191	0.111316	0.0284329
-4.00168	1.63281	0.126617	1.32628	-0.115057	0.178426	-0.250577	0.0150368	0.0616878	-0.074227	-0.0193654	0.0462527	-0.0503419	-0.153815	0.203787	-0.0394124	-0.0825509	-0.0597485	0.187708	-0.155346	0.0228193	0.0196512	-0.0192935	0.043851	-0.0517666	0.0208087	0.0662579	-0.133148	0.155798	-0.0777079	0.021236	-0.0511403	0.101467	-0.0609946	-0.0139541	0.0346442	0.0177363	-0.0894834	0.0765974	0.0157973
-3.19029	1.6607	-0.0914704	1.11417	-0.23654	0.0396322	-0.131243	0.224686	-0.114126	-0.0428339	0.061655	0.0422497	-0.0285231	-0.125236	0.0749336	0.000911373	-0.157325	0.0782214	0.0808864	-0.136909	0.122229	-0.0695652	0.0339702	-0.0233853	0.0275232	-0.0333478	0.0537591	-0.0418647	0.0160416	0.0179623	-0.000965535	-0.0469298	0.0658026	-0.00248801	-0.0790248	0.0953475	-0.0247868	-0.0614446	0.0672749	0.0232783
-3.16814	1.66737	-0.019679	1.11515	-0.290623	0.0876139	-0.154787	0.282314	-0.179135	0.00970125	0.00579295	0.0196403	-0.0586817	-0.0698685	0.0520015	0.0512344	-0.0999146	0.00394555	0.0476341	-0.0648583	0.0729636	-0.0980809	0.0919051	-0.0398334	0.0430545	-0.0890965	0.123835	-0.10507	0.0910124	-0.0726931	0.0722241	-0.0864058	0.105192	-0.0770002	0.0159488	0.0268515	-0.0122657	-0.0254565	-0.00405484	0.124947
-2.91871	1.50052	0.114369	1.11207	-0.270445	0.0522152	-0.115323	0.254559	-0.142783	-0.145447	0.0199286	0.0287383	0.0174309	-0.186752	0.184767	0.0768738	-0.15281	-0.0073832	0.122562	-0.141576	0.0634299	-0.0615242	0.06348	-0.0154846	0.000221284	-0.0075054	0.0269951	-0.0267844	0.0509751	-0.0632708	0.0557323	-0.0375915	0.0485333	-0.0518971	0.0231173	0.0151072	-0.0209628	-0.0156183	0.0233228	0.00321876
-3.09933	1.75484	0.0635245	1.07344	-0.217167	0.0975893	-0.15162	0.239832	-0.0993325	-0.117871	-0.0192895	-0.0135693	0.0442494	-0.144451	0.142382	0.0590119	-0.107833	-0.0543923	0.149918	-0.160802	0.104326	-0.124881	0.106749	-0.00478824	-0.0130374	-0.0380345	0.0831851	-0.0674636	0.0657405	-0.074528	0.0843927	-0.0754577	0.0747129	-0.0589104	0.015099	0.0417749	-0.0655611	0.0247712	0.00391818	0.0261722
-3.28372	1.98444	0.103128	0.929619	-0.0362117	0.015576	-0.0975428	0.18247	-0.0683458	-0.137866	0.00517268	-0.0512205	0.129524	-0.184692	0.0454643	0.213228	-0.243556	-0.009667	0.15139	-0.121028	0.0880119	-0.197473	0.204294	-0.0501752	0.00423844	-0.0760681	0.120881	-0.0592656	0.0420519	-0.0918488	0.111971	-0.0233016	-0.0684888	0.0704701	0.00984059	-0.0744731	0.0646067	-0.0245292	-0.0192416	0.0163196
-3.62872	2.37612	0.0748693	0.834369	0.0887195	0.134331	-0.0604023	0.106293	-0.0513183	-0.0762363	-0.13155	-0.00902052	0.135142	-0.170594	0.0354122	0.140887	-0.0903172	-0.145066	0.181346	-0.0894448	0.0295956	-0.134673	0.149805	0.0156546	-0.0726133	0.0150408	0.0298297	0.0392188	-0.0744378	0.00968871	0.0742533	-0.0475293	-0.0287404	0.0660746	-0.0267485	-0.0140126	-0.000359027	0.026609	-0.0620872	0.0777521
-3.89122	2.53986	0.168294	0.662804	0.275192	0.23763	-0.0876093	0.0586075	0.091433	-0.196544	-0.0544763	-0.159135	0.163266	-0.0871901	0.0109311	0.0680896	-0.0075045	-0.184367	0.207976	-0.163343	0.0384354	-0.0168341	0.0302317	0.0263678	0.0194991	-0.0603275	0.0352928	0.053058	-0.0612001	-0.0303001	0.141615	-0.135436	0.034528	0.085829	-0.109042	0.0543256	-0.00237072	-0.0227406	-0.0183091	0.0708605
-4.09336	2.59767	0.174947	0.706649	0.3142	0.376524	-0.0989064	0.0974466	-0.0154343	-0.0562218	-0.127898	-0.168466	0.134618	-0.0574323	0.00321042	0.044964	-0.0497742	-0.126665	0.196922	-0.18505	0.0592128	-0.0353835	0.0626614	0.00064701	0.0335318	-0.0652366	0.0700257	-0.0339139	0.0334994	-0.0515937	0.0746059	-0.0626007	0.0459344	0.00772433	-0.0441227	0.0579612	-0.0507171	0.0107984	-0.013244	0.0602407
-4.53335	2.83939	0.294255	0.638591	0.373082	0.52295	0.101219	-0.177894	0.0884585	-0.034966	-0.163145	-0.256542	0.162502	-0.0722216	-0.0101308	0.215018	-0.216669	-0.0324453	0.0566789	-0.0908898	0.113729	-0.217893	0.174954	0.126048	-0.160761	-0.0257395	0.141831	-0.0143624	-0.0996354	0.0461043	0.0766987	-0.0755778	-0.00413618	0.0972957	-0.0946341	0.054703	-0.0527513	0.0648119	-0.0972499	0.0720909
-4.90328	2.7879	0.498519	0.716171	0.609767	0.627248	0.112194	-0.176267	-0.208855	-0.0958024	-0.218157	-0.244754	-0.0289927	0.129199	0.205888	0.326644	-0.367465	0.0577601	-0.094016	-0.0669506	-0.0244467	-0.0538685	0.186932	-0.0116425	-0.0724504	0.0382215	0.0336098	0.0107749	-0.0303831	-0.0167034	0.0614822	-0.0494192	0.0838132	-0.0749273	0.00784152	0.0852971	-0.146095	0.0542717	0.0419664	-0.137376
-5.02909	3.26529	0.31509	0.982563	0.474596	0.453598	0.07172	-0.159529	-0.0687895	-0.152931	0.07611	-0.47228	0.267492	-0.169359	0.233459	0.134316	-0.274977	0.0795917	-0.0462321	-0.0809633	0.0390517	-0.0646205	0.123725	0.00957571	-0.0508581	0.0155294	0.0329248	0.0284212	-0.0406801	-0.0410791	0.131462	-0.11751	0.0788494	-0.00677224	-0.0388025	0.0434195	-0.0417851	-0.00065956	-0.00301339	-0.00280855
-5.12621	3.53778	0.284378	1.01955	0.361935	0.486182	0.0141116	-0.107914	-0.0732134	-0.103379	0.0462697	-0.377781	0.200569	-0.138732	0.189739	0.00148584	-0.102456	-0.0123421	-0.0300593	-0.000235967	-0.0949805	0.125506	-0.0396232	0.0535357	-0.0319999	0.0160134	0.0409323	-0.0469398	0.0483901	-0.0315441	0.00828005	0.0131835	0.0561423	-0.111795	0.107036	-0.0417599	-0.0486875	0.0627107	-0.0669549	0.0621185
-4.68085	2.68386	0.915258	0.679416	0.527156	0.386734	0.168378	-0.184894	-0.238286	-0.0876325	0.0812759	-0.234377	-0.0262259	0.0540389	0.12537	0.0784896	-0.261377	0.134864	-0.0614294	-0.042792	-0.0366169	0.0438887	-0.00741531	0.102491	-0.0832597	-0.0104016	0.117393	-0.0642102	-0.020694	0.0309911	0.00787043	0.00872215	-0.00205519	0.00410855	-0.0175467	0.0357505	-0.0715676	0.0503475	-0.0395466	-0.015126
-4.57073	2.57376	0.97274	0.437663	0.686786	0.468292	-0.106292	0.0376075	-0.296531	-0.124434	-0.0554192	-0.157076	0.0779898	0.0256345	0.0394784	0.179854	-0.170354	0.0292779	-0.127133	0.00698765	-0.0021387	0.0378072	-0.05301	0.127384	-0.108225	0.0875742	0.00934387	-0.0588448	0.0288431	0.0465102	-0.0808134	0.0865312	-0.0123098	-0.047701	0.0447221	0.0176288	-0.128571	0.131908	-0.0588233	-0.0950038
-4.08619	2.24858	0.649021	0.714005	0.748751	0.334948	0.10096	0.0324717	-0.172462	-0.403347	-0.149563	0.036348	0.0387599	-0.0492658	0.209309	0.157131	-0.334118	0.162858	-0.099924	-0.157617	0.135532	-0.0539643	0.0189729	0.123588	-0.120099	0.0920122	-0.0146083	-0.0393411	0.0563173	-0.0518275	0.0764888	-0.061124	0.0646432	-0.0574106	0.052429	-0.0402123	-0.0408065	0.0718569	-0.120453	0.138931
-4.32179	2.60373	0.602995	0.733822	0.455159	0.377521	0.0348326	-0.067042	-0.106511	-0.367977	-0.0358707	-0.246635	0.365331	0.0275818	-0.0380998	0.10559	-0.271419	0.237001	-0.0737611	-0.11984	0.0214677	-0.130484	0.245335	-0.0347867	-0.0480186	-0.0227559	0.13179	-0.134471	0.0571283	0.0598558	-0.125251	0.141516	-0.0676673	-0.00917304	0.0340358	-0.00866906	-0.0938668	0.113099	-0.0444412	-0.139164
-4.42473	2.84704	0.686985	0.755383	0.20018	0.37824	0.228842	-0.10939	0.0185973	-0.379922	-0.0609509	-0.187611	0.32251	-0.0894539	0.121658	-0.175909	-0.0853111	0.193535	-0.0755802	-0.0414042	-0.0880642	-0.0251454	0.195584	-0.0315406	-0.0297614	-0.0366527	0.0896496	-0.0424803	-0.00931647	0.0323778	-0.00303331	0.00741353	-0.0259565	0.0696642	-0.0757677	0.0208767	0.00945545	-0.0277573	-0.0412002	0.102258
-4.2842	2.7863	0.620488	0.527217	0.0136921	0.663092	0.110988	-0.247908	-0.00331008	-0.299607	-0.111671	-0.274295	0.56886	-0.132592	-0.0947328	0.08249	0.0414748	-0.0987726	-0.0397174	0.100754	-0.11676	-0.187344	0.357063	-0.0710257	-0.126829	0.10093	0.0573612	-0.121782	0.0155351	0.153849	-0.178429	0.0862644	0.0377604	-0.08846	0.078794	-0.0360733	-0.0837406	0.142817	-0.085274	-0.168189
-4.33656	2.77547	0.826391	0.472916	-0.00661755	0.691314	-0.0928479	0.0686699	0.0895327	-0.475239	-0.181986	-0.0492677	0.354693	-0.127027	0.187494	-0.302937	0.0338563	0.0950056	0.0729658	-0.1456	-0.074254	-0.0447207	0.198586	-0.00633025	-0.0426223	0.000434897	-0.034461	0.124556	-0.145548	0.112295	-0.0318471	-0.011101	0.0178221	0.0196124	-0.0251455	-0.0243234	0.0546819	-0.0818446	0.0361999	-0.00705669
-4.20745	2.70635	0.659603	0.523283	-0.0524058	0.724123	-0.0975807	0.0994628	-0.101204	-0.336565	-0.255332	0.0271155	0.267678	-0.0321546	0.145561	-0.247154	0.00951436	0.154848	-0.0703866	-0.0234255	-0.104624	-0.0706334	0.205734	-0.0205946	-0.0397977	0.0674389	-0.12068	0.140739	-0.0980032	0.0743741	-0.056707	0.0601573	-0.0463513	0.0499705	-0.0539778	0.0490377	-0.0632271	0.0176303	0.0281806	-0.113197
-4.26373	2.70823	0.681647	0.562527	-0.0892592	0.644895	-0.019322	0.0816304	-0.0168665	-0.480056	-0.199185	-0.00449994	0.262918	0.0273401	0.171693	-0.358119	0.12481	0.118669	-0.117383	0.0516544	-0.134799	-0.129664	0.271753	-0.0301244	-0.0709599	0.10937	-0.129783	0.086231	-0.0186957	0.0400159	-0.0829231	0.100253	-0.0491917	0.000789252	0.0198228	-0.00190681	-0.0539969	0.0263406	0.0380773	-0.154124
-4.07844	2.35326	0.917232	0.518129	0.0261537	0.417614	0.173067	0.0728856	-0.0589336	-0.335899	-0.340164	0.0711664	0.183777	0.083182	0.118608	-0.284054	-0.0323772	0.211507	-0.0464955	-0.0592321	-0.067067	-0.144227	0.23652	0.00490824	-0.0214337	-0.0251232	0.0103607	-0.00835646	0.0562723	-0.0615355	0.0468249	-0.00678073	-0.0147188	0.0348537	-0.0169086	-0.0187806	0.0173358	-0.0231187	-0.0106296	-0.0172634
-4.33017	2.78804	0.674813	0.554479	-0.0735669	0.724143	-0.114142	0.211148	-0.0480801	-0.441416	-0.207232	-0.00345177	0.172437	0.105299	0.132672	-0.390178	0.201871	-0.0426614	0.0750841	-0.0486423	-0.0968963	-0.170138	0.34306	-0.170511	0.118026	-0.0258034	-0.102523	0.13636	-0.0748277	0.0526687	-0.0735956	0.14293	-0.188337	0.198554	-0.127226	0.0171614	0.0496674	-0.0887292	0.0396233	-0.00934945
-4.32829	2.68784	0.822794	0.367914	0.102979	0.536488	-0.000487397	0.146758	-0.0761588	-0.400313	-0.224681	-0.0334772	0.213693	0.0981973	0.168644	-0.400194	0.153605	0.0525545	-0.0120095	0.0117125	-0.138759	-0.12826	0.248869	-0.057096	0.0454769	-0.00700839	-0.0883816	0.117533	-0.0682441	0.0538899	-0.0664321	0.114025	-0.136319	0.123625	-0.0348191	-0.0757936	0.112845	-0.106123	0.0443561	-0.0836144
-4.42355	2.72516	0.864187	0.502798	-0.00365286	0.684822	-0.0819744	0.169722	0.0665526	-0.523699	-0.189562	-0.0832162	0.222255	0.13546	0.122829	-0.396996	0.162028	-0.00618269	0.0545393	0.0427154	-0.245397	-0.0428341	0.205755	-0.0324473	0.0575319	-0.031887	-0.101292	0.17046	-0.10445	0.0189463	0.0447056	-0.0205767	-0.0386351	0.0841517	-0.0207323	-0.0994602	0.157897	-0.142501	0.0132098	0.0740979
-4.45693	2.75364	0.779906	0.395175	0.100458	0.605709	0.0645919	0.0480928	-0.13733	-0.310187	-0.373746	0.0166531	0.198066	0.120093	0.227458	-0.417058	0.221752	0.035814	-0.0788749	-0.0415786	0.00188571	-0.236025	0.302408	-0.106203	0.0437804	0.0935299	-0.184577	0.130722	-0.0681991	0.125922	-0.17172	0.137232	-0.0383282	0.00727529	-0.0352183	0.0581175	-0.0249608	-0.127639	0.230412	-0.233752
-4.60269	2.86572	0.734959	0.568459	0.0533488	0.592439	0.0177703	0.110422	-0.0410164	-0.515673	-0.151295	-0.106155	0.166672	0.217426	0.121097	-0.314594	0.102077	0.071982	-0.0555829	0.0548936	-0.226105	-0.0164321	0.175256	-0.077981	0.115807	-0.0259256	-0.115288	0.132298	-0.0553455	0.0417834	-0.0727211	0.128902	-0.147685	0.146469	-0.0853226	-0.00681421	0.0576138	-0.0902904	0.0469767	-0.063645
-4.60054	2.77766	0.734506	0.701099	-0.209542	0.857467	-0.113493	0.0649728	-0.0893116	-0.45673	-0.173887	-0.0900723	0.206861	0.15706	0.19573	-0.404098	0.199593	0.0770661	-0.0914426	-0.0568232	-0.0128572	-0.144505	0.176464	-0.0526328	0.0649643	0.0563105	-0.146835	0.0824398	-0.00381883	0.0558243	-0.109712	0.0898977	-0.00188341	-0.0350678	0.0331348	-0.0366695	0.0529433	-0.138513	0.187101	-0.243691
-4.6801	2.79298	0.888531	0.528601	0.041883	0.677801	0.0105718	0.009308	0.00924373	-0.473683	-0.251915	-0.0172099	0.190602	0.0484691	0.313962	-0.445025	0.174181	0.12821	-0.197088	0.0688645	-0.0731173	-0.175965	0.241414	-0.0547401	0.0224822	0.0533992	-0.0695407	-0.00829155	0.0269788	0.114859	-0.238517	0.238629	-0.113181	0.0145912	0.0276059	-0.0401384	0.0645095	-0.172015	0.21356	-0.165662
-4.82378	2.80356	0.903468	0.74777	-0.000896663	0.611538	0.0332447	-0.0321724	0.12794	-0.490778	-0.404627	-0.0179781	0.340077	-0.0384519	0.343924	-0.378801	-0.00907256	0.262814	-0.136153	-0.0727873	-0.0293681	-0.122293	0.142777	0.0117247	0.0424697	0.0222947	-0.110046	0.0734854	-0.0247338	0.105739	-0.15643	0.10447	0.00513952	-0.0256421	-0.0104131	0.030146	0.00352038	-0.137809	0.201869	-0.174516
-4.85073	2.92491	0.782709	0.781413	0.0178545	0.769644	-0.0475232	-0.0413138	0.0137082	-0.390784	-0.201453	-0.13706	0.307399	-0.0342484	0.184468	-0.198013	-0.0279396	0.0769645	0.0915529	-0.218789	0.052507	-0.136596	0.207928	-0.160099	0.196057	-0.0300006	-0.146109	0.16291	-0.0802051	0.0653877	-0.0834235	0.10363	-0.0842359	0.0892552	-0.0692579	0.0107168	0.041902	-0.0932406	0.0398135	0.0243536
-4.82737	2.82985	0.769296	0.757797	0.105671	0.57303	0.261456	-0.310722	-0.0723929	-0.254134	-0.130295	-0.320281	0.434484	-0.0194624	0.059356	-0.060638	-0.0138061	0.132411	-0.171448	-0.00350602	0.0161153	-0.149518	0.143593	-0.00334193	-0.00251615	0.0662852	-0.0489443	-0.0303186	0.05462	0.0381968	-0.115177	0.121213	-0.0426849	-0.00740076	0.0308346	-0.0392418	0.025074	-0.0676295	0.0874481	-0.124882
-4.97916	3.09493	0.593144	1.03641	0.131139	0.386946	0.343596	-0.165929	-0.0277688	-0.425503	-0.0252527	-0.277013	0.28449	0.0627305	-0.0936448	0.147971	-0.0809885	0.0317433	-0.0611923	-0.12456	0.0923995	-0.119276	0.17615	-0.173994	0.207763	-0.0631332	-0.0183892	-0.0300853	0.0950273	-0.0647502	0.0166172	0.0334062	-0.0390375	0.0517818	-0.0357497	0.00450309	-0.00308551	-0.00806876	-0.0562705	0.105631
-4.99951	2.96494	0.683753	0.778139	0.268757	0.549576	0.225554	-0.46889	-0.0166173	-0.313506	-0.159898	-0.25752	0.409344	0.0219935	0.000222506	0.121871	-0.0653832	0.129889	-0.259731	-0.0136052	0.122998	-0.262059	0.274186	-0.161268	0.125194	-0.0177751	0.0385145	-0.130458	0.12164	0.0485181	-0.192624	0.206953	-0.0894805	0.0243516	-0.0690119	0.162548	-0.240815	0.1291	0.0691666	-0.288002
-4.44925	2.85067	0.626467	0.582403	0.103447	0.279946	0.415199	-0.227216	-0.133383	0.0169741	-0.0133505	-0.0152413	-0.215467	0.0209801	0.223474	-0.145667	-0.198223	0.268207	-0.0952183	-0.202501	0.264423	-0.152854	0.0630925	-0.00731229	0.0665929	-0.0680387	0.00437146	0.109336	-0.144971	0.0929858	-0.000643275	-0.0553703	0.0979211	-0.0642669	-0.00644957	0.0512276	-0.0405537	0.00264003	-0.0329018	0.0607131
-3.92754	2.63988	0.249049	0.273111	0.1784	0.4758	0.0600791	-0.314405	-0.0827163	0.153468	0.0134419	-0.237048	0.0489357	-0.0412598	0.0496444	0.101948	-0.0687515	-0.0199416	-0.0415705	-0.0790867	0.126348	-0.0239366	-0.0469883	0.0731305	-0.0549606	0.0319504	0.0068737	0.039573	-0.0885558	0.0711998	-0.00448116	-0.0477986	0.091811	-0.0785519	0.038304	-0.0193719	0.0254846	-0.059344	0.0707482	-0.0823831
-3.72741	2.63337	-0.0591935	0.515838	-0.107657	0.456194	-0.199685	-0.258152	0.234723	0.141679	-0.0390762	-0.258414	0.15368	-0.10796	0.0536185	-0.0494868	-0.03915	0.0851736	-0.0233783	-0.196143	0.289226	-0.165431	0.114286	-0.118164	0.0282102	0.128558	-0.157393	0.0482474	0.0538324	0.0230287	-0.161004	0.159648	-0.0150107	-0.0716883	0.0259913	0.0800895	-0.147458	0.127827	-0.037478	-0.0770118
-3.5082	2.5031	-0.221975	0.770123	-0.168229	0.2226	-0.1601	-0.181169	0.243286	0.14252	-0.0767326	-0.209999	0.277493	-0.240106	0.0422704	-0.0774343	-0.0323873	0.121165	-0.0533673	-0.115528	0.219378	-0.111919	0.0209997	-0.0318883	0.0352864	0.0182082	-0.0398911	0.0200798	-0.0114147	0.0894281	-0.149256	0.109866	-0.0271769	0.0109383	-0.0486077	0.0892509	-0.106319	0.0877856	-0.0172931	-0.0751208
-3.16305	2.01127	-0.122284	0.759532	-0.0538607	0.0436972	-0.262325	0.126054	0.094499	0.108374	-0.141712	0.0343421	0.135291	-0.263735	-0.0116186	0.0919288	-0.117722	0.066333	-0.0297361	-0.00461637	0.0859809	-0.0664635	0.0372853	-0.0330054	0.026492	-0.0372968	0.0727385	-0.0552458	-0.00740126	0.0867593	-0.100838	0.0469713	0.0252065	-0.0533791	0.028555	0.0355742	-0.0818274	0.0507353	0.059666	-0.154112
-3.15906	1.92932	-0.0628364	0.865835	-0.204167	0.0140162	-0.167324	0.111336	0.0461085	0.0635803	-0.0163325	-0.0244646	0.103663	-0.314413	0.11768	0.0410882	-0.0581789	-0.0151757	0.0423746	-0.150707	0.283553	-0.237077	0.180149	-0.143483	0.0681383	-0.029151	0.063889	-0.0625016	0.00584441	0.0868436	-0.136034	0.118831	-0.0562068	0.00962915	-0.0133477	0.0581482	-0.0794558	0.0219111	0.102983	-0.201328
-3.12122	1.90386	-0.0961008	1.05252	-0.353996	-0.000918742	-0.122682	0.198791	-0.0360283	0.0599177	0.0301648	-0.0282282	0.0482248	-0.266603	0.138161	-0.0197284	-0.0960027	0.0570592	0.0565296	-0.192373	0.270991	-0.170964	0.109146	-0.109734	0.0653821	0.0021175	-0.0142741	0.00606187	-0.0113889	0.0776631	-0.139711	0.139272	-0.0716138	0.0045866	0.0160949	0.0075334	-0.0231601	0.000938506	0.0540673	-0.0973201
-3.168	1.87193	0.0456998	1.01898	-0.33193	-0.0945061	0.0339025	0.134226	-0.0697682	0.124102	0.0176278	-0.0217852	-0.0318741	-0.224996	0.194103	-0.107513	-0.051277	0.0773159	0.00316169	-0.15893	0.226221	-0.0813511	0.0423425	-0.110453	0.0847781	0.0239074	-0.0559497	0.00261454	0.0477093	0.0270417	-0.150839	0.194981	-0.122188	0.0364541	-0.0196095	0.0672722	-0.105884	0.100893	-0.0541884	-0.00630703
-3.08031	1.69057	0.123904	1.16404	-0.427167	-0.0815635	0.0203726	0.28174	-0.131367	0.0569125	0.0751898	-0.0915941	-0.0411121	-0.191904	0.16801	-0.0150407	-0.0817113	0.0409445	-0.00272297	-0.175535	0.292985	-0.162336	0.101844	-0.131228	0.129794	-0.0822353	0.0427293	-0.0071653	0.0061627	-0.000263765	-0.0149922	0.0567097	-0.0985947	0.116886	-0.0835982	0.0233665	0.0278151	-0.0240252	-0.0343677	0.0877728
-3.19033	1.79847	0.0994021	1.16653	-0.41037	-0.143635	0.136967	0.100634	-0.11129	0.0577538	0.149962	-0.149412	-0.0113904	-0.13268	0.129061	-0.0775882	-0.039017	0.027649	0.0214771	-0.0914961	0.169143	-0.153542	0.133671	-0.107355	0.0848133	-0.0965045	0.116486	-0.0739371	0.0331576	-0.00424903	-0.00915894	0.0272801	-0.0384373	0.0520393	-0.069525	0.0868072	-0.083767	0.0559628	-0.0127838	-0.0298949
-3.20275	1.86902	0.0233533	1.20257	-0.450774	-0.00741039	0.109358	0.152034	-0.121048	0.0232385	0.130853	-0.15004	-0.0798842	-0.0396779	0.0879698	-0.0684398	0.0602299	-0.102287	0.0649308	-0.148278	0.237558	-0.161366	0.114071	-0.11202	0.115278	-0.0939955	0.0450195	0.0517825	-0.0963653	0.0617596	0.0157015	-0.032673	-0.0288171	0.123851	-0.160941	0.117342	-0.035761	-0.0106852	-0.0180802	0.0749653
-3.25903	1.80161	0.193129	1.1527	-0.347964	-0.224811	0.282717	-0.0144689	-0.0266271	-0.043838	0.172391	-0.252565	0.108178	-0.197029	0.142798	-0.00414219	0.0309248	-0.0616791	-0.051247	-0.0753524	0.226036	-0.118955	0.0274636	-0.04727	0.0601763	-0.0237227	0.012604	0.00106054	-0.00904913	0.0241312	-0.0227569	0.0380317	-0.0732917	0.104632	-0.0844834	0.0195919	0.0364468	-0.0455793	0.0110486	-0.00319117
-3.34781	1.8767	0.126912	1.20498	-0.488537	0.0422323	0.0863539	0.0917339	-0.204401	0.020738	0.208388	-0.297223	0.085338	-0.0472636	0.0234617	0.0414691	0.0277187	-0.108103	0.0264341	-0.0758268	0.176058	-0.157761	0.0831701	0.000587229	-0.0290876	-0.0346795	0.145818	-0.131067	0.00537675	0.131747	-0.170143	0.117561	-0.0182245	-0.0480563	0.0333275	0.0529146	-0.151287	0.166256	-0.0798206	-0.0590812
-3.50801	2.10188	0.129541	1.09003	-0.328447	-0.0764656	0.224613	0.0827276	-0.315147	0.209031	-0.0508409	-0.145339	0.0424161	-0.0723941	0.116723	-0.0217682	0.0198946	-0.0384163	-0.065691	-0.0501876	0.212612	-0.209099	0.128737	-0.050883	0.0612582	-0.134244	0.189738	-0.104844	-0.0264713	0.0755521	0.00266884	-0.0817468	0.0724186	0.0189218	-0.0942072	0.0911244	-0.0418839	-0.0102317	0.019671	-0.0209351
-3.56352	2.10922	0.117433	1.18733	-0.33148	-0.117759	0.187885	0.0657425	-0.308597	0.205965	0.0193114	-0.22367	0.117419	-0.117097	0.117542	-0.0442079	0.0954083	-0.120737	-0.0229968	-0.0469322	0.193838	-0.184278	0.125987	-0.0944104	0.0695043	-0.039197	0.0595748	-0.05214	0.00671102	0.0660158	-0.100702	0.0969617	-0.0727481	0.0738805	-0.108534	0.145355	-0.159738	0.110155	-0.0128837	-0.0993992
-3.54276	1.97639	0.275982	1.22914	-0.496831	0.0151578	0.138178	0.0560276	-0.270485	0.0950996	0.109123	-0.299338	0.141044	-0.0871703	0.0826904	0.0706986	0.0420258	-0.160905	-0.030027	0.00973339	0.134338	-0.142893	0.0799966	-0.0172825	-0.00173016	-0.0494584	0.160611	-0.151519	0.0186162	0.123544	-0.149798	0.0991557	-0.0434944	0.0272549	-0.0421169	0.0617903	-0.0923712	0.0910228	-0.0421171	-0.0725148
-3.73321	2.24848	0.279208	1.11806	-0.373293	-0.0132701	0.17392	0.132238	-0.368023	0.175036	0.106761	-0.351679	0.161472	-0.0983924	0.0804643	0.0700403	-0.0228483	-0.124337	0.0338778	-0.0625197	0.154513	-0.132344	0.0849973	-0.0262563	-0.00982446	-0.0112716	0.108504	-0.135465	0.077349	0.0143749	-0.0642398	0.0946215	-0.107658	0.10686	-0.0849428	0.0495262	-0.0364204	0.0364541	-0.0575558	0.0579999
-3.76294	2.30034	0.262074	1.05553	-0.244337	-0.145628	0.223357	0.0868719	-0.383871	0.182189	0.0451791	-0.317229	0.269048	-0.258322	0.253576	-0.0426733	0.0497844	-0.0957072	-0.117621	0.060382	0.150547	-0.193638	0.150468	-0.14199	0.157172	-0.127444	0.111759	-0.0591218	-0.0223939	0.0914495	-0.0729908	0.018093	-0.00192891	0.0627349	-0.155601	0.19667	-0.17734	0.0947038	-0.0039398	-0.0802322
-3.63222	2.10381	0.247662	1.36684	-0.579056	0.0464512	0.128596	0.0709326	-0.271541	0.0767679	0.0554779	-0.256533	0.141615	-0.174944	0.253986	-0.00219227	0.118805	-0.330468	0.0542088	-0.00355967	0.152231	-0.0870475	-0.0203416	-0.0174144	0.0740969	-0.00821378	-0.039882	0.0428966	-0.0367384	0.08005	-0.125277	0.156204	-0.167203	0.171191	-0.174898	0.160611	-0.147332	0.0987968	-0.0262335	-0.0640755
-3.72911	2.26151	0.413425	1.2479	-0.621596	0.171286	0.191973	0.00286511	-0.308445	0.220423	0.0832975	-0.295244	0.0753591	-0.133835	0.235642	-0.0930263	-0.0157428	-0.0919596	0.040764	0.0289634	-0.00476165	-0.0253587	0.0607755	-0.0187092	-0.0423951	-0.00846349	0.189833	-0.210653	0.00566339	0.226149	-0.26736	0.181595	-0.107291	0.107158	-0.127788	0.0956831	-0.0272065	-0.0279111	-0.0207896	0.163271
-3.58123	2.06176	0.447365	1.15786	-0.470679	0.0193768	0.129613	0.0331361	-0.218342	-0.000929179	0.165237	-0.348763	0.191734	-0.106611	0.186286	-0.0432577	0.0395857	-0.180653	0.0377329	-0.0179235	0.171896	-0.217305	0.132733	-0.0158317	-0.0410063	0.0332465	0.0684788	-0.117123	0.0419254	0.110293	-0.179173	0.127349	-0.0311359	-0.00934169	-0.0352664	0.0855129	-0.105388	0.0665383	-0.0116987	-0.0365943
-3.67572	2.01448	0.86206	0.960531	-0.490679	-0.0785787	0.242551	0.0944713	-0.383647	0.0865282	0.161364	-0.30872	0.121392	-0.109566	0.140454	0.157608	-0.0113456	-0.29051	-0.115421	0.268075	0.192404	-0.362669	0.0582717	0.0927427	0.0738927	-0.109766	-0.0359222	0.12235	-0.0321211	-0.0461127	0.0146061	0.0738792	-0.126505	0.118927	-0.094393	0.058105	-0.0345812	-0.00179767	0.0327248	-0.0462292
-3.58088	2.15609	0.504979	0.877002	-0.185152	-0.147936	0.149485	0.0579951	-0.266485	-0.0184902	0.158432	-0.314011	0.15508	-0.0169043	0.171814	-0.0328352	-0.039919	-0.129991	0.00906814	0.0640765	0.0367436	-0.0767905	0.0604412	-0.0981865	0.177917	-0.123567	-0.0152304	0.131855	-0.119987	0.0241035	0.0728165	-0.0784914	-0.0159722	0.133104	-0.212997	0.192082	-0.114765	0.00409671	0.105258	-0.175475
-3.64587	2.29432	0.51471	0.885209	-0.127472	0.0437173	-0.0259718	0.0503922	-0.260948	0.136545	-0.0159196	-0.251604	0.17475	-0.0794533	0.137859	0.151736	-0.297846	-0.0107077	0.0419214	0.0396085	0.0564305	-0.161738	0.174143	-0.109668	0.020344	0.107242	-0.101489	-0.0286753	0.133928	-0.0720194	-0.0803286	0.202418	-0.227706	0.165055	-0.0910187	0.00645935	0.0409403	-0.0337733	-0.0440615	0.164357
-3.66415	2.31028	0.422137	0.982744	-0.216105	-0.0249941	0.144772	0.0181714	-0.35277	0.00810118	0.147587	-0.306713	0.213527	-0.0453504	0.187812	-0.025272	-0.171778	0.0343194	-0.0646866	0.0483144	0.100199	-0.166053	0.114921	-0.0359455	0.0582458	-0.0733134	0.0588361	-0.0115669	-0.0324567	0.0914219	-0.130101	0.140206	-0.132421	0.0982378	-0.0770281	0.0387256	-0.0261603	0.0323547	-0.0177568	-0.0217867
-4.0475	2.65959	0.489217	0.95754	0.00168784	-0.192953	0.365882	-0.274501	-0.0689678	-0.120241	0.0766856	-0.186438	0.222381	-0.107657	0.129619	-0.0185477	-0.227398	0.194744	-0.00885982	-0.195606	0.127829	0.0602816	-0.00165736	-0.147277	0.188479	-0.0712422	-0.00175786	-0.00289549	0.0189724	0.0310179	-0.0756581	0.0804762	-0.0724613	0.0627294	-0.0734255	0.0301444	0.0283669	-0.050561	0.0137758	0.0608468
-4.31046	2.85417	0.393271	0.954262	-0.0540046	0.13402	0.0973183	-0.137466	-0.0386993	-0.151589	-0.118042	0.0404552	0.0539858	-0.0265025	0.165121	-0.0172941	-0.237748	0.085663	0.0565781	-0.162766	0.134983	0.0309334	-0.0674965	0.0345748	0.00221441	0.0262165	-0.0248315	0.00256824	0.00523551	0.053311	-0.0918672	0.0713741	-0.016033	-0.0220586	-0.0299563	0.0822206	-0.105469	0.0522029	0.072119	-0.203968
-4.81514	3.11192	0.0396488	1.13023	0.133619	0.0425121	0.24802	-0.0483943	0.0280112	0.0729496	-0.306251	-0.116937	0.14687	-0.156957	0.0889509	0.0504504	-0.226697	0.0600422	0.0453499	-0.0606977	0.141672	-0.130391	0.177011	-0.188704	0.132686	-0.0268607	0.00904161	-0.027464	0.0151493	0.0836	-0.170085	0.212552	-0.155022	0.0481168	0.0313791	-0.0840399	0.0750053	-0.0760562	0.0481405	-0.0509059
-5.94786	3.38048	0.557203	1.39613	0.413461	0.13942	0.00873219	-0.120668	0.0305813	0.116686	-0.170572	-0.388019	0.189144	-0.18803	0.245781	0.174337	-0.396451	-0.0173354	-0.0400656	0.189149	-0.0190321	-0.0351156	0.0380546	-0.0376245	0.0102116	0.12748	-0.126607	0.0282613	0.0387116	0.00140504	-0.0315592	0.0537058	-0.0150193	-0.0508224	0.0883099	-0.11935	0.0773346	-0.00228955	-0.12631	0.192399
-6.28782	3.71895	1.07626	0.809931	0.362538	0.319022	0.0574921	0.154816	-0.261994	0.220832	-0.00506529	-0.403948	-0.00955962	-0.0777042	0.0821256	0.144217	-0.287752	-0.0898492	0.212305	-0.114387	0.0275598	0.150203	-0.104537	-0.0244326	0.0802754	-0.00593923	0.00317896	0.00738863	-0.0499295	0.0794604	-0.00865233	-0.0292928	0.0354132	-0.0133133	0.0118809	-0.020521	-0.0305349	0.0782415	-0.137473	0.112902
-6.62404	3.42998	1.12156	1.18837	0.303537	0.246811	0.151723	0.125408	-0.163468	0.290286	-0.137085	-0.412756	-0.119855	-0.00121062	0.178223	0.032652	-0.2384	-0.104306	0.0973561	-0.0245037	0.153218	-0.0821331	0.119627	-0.165117	0.0960836	0.0513316	-0.0353154	0.00401585	-0.0210402	0.0444744	0.0257969	-0.0694729	0.107131	-0.115599	0.127378	-0.132859	0.0804824	-0.0398176	-0.0298463	0.0148428
-7.05227	3.30009	1.11152	1.19156	0.523805	0.592523	0.0115575	-0.00922591	-0.169319	0.0916296	-0.222734	-0.398319	0.129788	0.0109176	0.0936921	0.103646	-0.300618	-0.0308991	-0.0557582	0.118864	0.037981	0.0477519	-0.0957531	0.068568	0.0697803	-0.0975394	0.0710732	0.0143957	-0.0907528	0.128955	-0.0328182	-0.0506712	0.115218	-0.108292	0.0175358	0.0529027	-0.115024	0.0395665	0.067833	-0.163126
-4.58374	2.87788	0.0320236	0.671581	0.326331	0.0836477	0.0995631	-0.0396891	-0.0349009	0.0866709	-0.189052	-0.0280945	-0.0704628	0.0676553	-0.114743	0.0806118	-0.123262	0.0513059	0.0290518	-0.0389335	0.0465315	0.0247997	-0.0388432	0.0215311	0.0305483	-0.0477922	0.0677638	-0.0730437	0.0586708	0.00102377	-0.0246992	0.0204808	0.0158862	-0.0628084	0.0768302	-0.0754837	0.0256065	0.0115118	-0.0453639	0.027799
-4.89289	1.93061	0.620288	0.996267	0.436255	0.707716	0.289438	-0.00533076	-0.274579	0.29378	-0.102084	-0.429688	-0.220987	0.0582141	0.0467841	-0.260687	0.0625012	0.177019	-0.0638851	0.035236	0.0447874	0.00650759	0.012624	-0.0727613	0.153757	-0.0724721	-0.124949	0.232508	-0.0913379	-0.0142769	0.0381766	0.0209446	-0.0237719	-0.0421169	0.0435387	-0.067339	0.0129811	-0.0264426	0.00238703	-0.026204
-4.61463	2.66231	0.252685	1.00025	0.302139	0.136011	0.161735	-0.051455	0.178131	-0.05932	-0.106223	-0.167865	-0.145282	-0.116056	0.10833	-0.124066	0.0684951	0.0627435	0.0176578	-0.0332931	0.0397294	0.015072	-0.0475828	0.082567	-0.0388237	-0.00709198	0.0191692	0.0216861	-0.0207511	0.0420704	-0.0556408	0.0784009	-0.0864086	0.041729	-0.00790245	-0.0620903	0.052714	-0.0684271	0.0487441	-0.0245295
-5.01178	3.81382	0.137853	0.807064	-0.0304682	0.167906	0.473279	-0.280751	-0.0139911	-0.33514	0.0765613	-0.0712525	0.27422	-0.298427	-0.0730334	0.140673	0.033917	-0.160721	0.00759741	0.163995	-0.0666379	0.0113082	0.0600351	-0.120099	0.0761619	0.0496212	-0.0481084	-0.0402807	0.110877	-0.0707856	0.0111322	-0.00394345	0.010665	-0.0474516	0.0330708	-0.0306656	0.0306398	0.0032807	-0.103181	0.247446
-4.93408	3.90579	0.0714436	0.950631	-0.283322	0.038053	0.680505	-0.0840575	-0.368401	-0.230089	0.0878403	0.0653693	0.132742	-0.313236	-0.00947519	0.145409	-0.00173954	-0.132654	0.0301658	0.0458251	0.100783	-0.0567697	-0.0126273	-0.0731339	0.171206	-0.116867	0.059534	-0.0294435	0.0112682	0.0344883	-0.0574182	0.0606772	-0.10148	0.110177	-0.125697	0.0948481	-0.0483517	0.0389529	-0.082125	0.138303
-4.52767	3.56166	0.156439	0.626242	-0.0130779	0.105288	0.580605	-0.297901	-0.22422	-0.00747445	-0.102121	0.107908	-0.0102722	-0.155362	-0.0203681	0.107567	-0.0537306	-0.0373018	0.035653	-0.020124	0.145822	-0.136239	0.0944845	-0.102285	0.110075	-0.0516	0.0238751	-0.000691482	-0.0221152	0.0743422	-0.11133	0.113404	-0.125674	0.100782	-0.107325	0.11007	-0.106156	0.0832745	-0.0463179	-0.025952
-4.36507	3.56543	0.0892077	0.467425	0.0353726	0.217589	0.424832	-0.364637	-0.162839	-0.00204947	-0.076288	0.0867633	0.0134015	-0.156564	0.0940328	-0.0214621	-0.0506484	-0.050241	0.158963	-0.149592	0.183981	-0.163806	0.17481	-0.162007	0.0753891	0.0288576	-0.00988164	-0.044257	0.0490452	0.0333389	-0.12477	0.144885	-0.129703	0.0643654	-0.050477	0.0951857	-0.16091	0.20025	-0.180145	0.055537
-4.11603	3.38593	0.0583544	0.481894	-0.057911	0.311525	0.348678	-0.328898	-0.234628	0.0498932	0.00309827	0.0190777	0.0105688	-0.167154	0.116672	-0.0252488	-0.064292	0.0519491	-0.000759749	-0.0981277	0.275379	-0.261063	0.176251	-0.127413	0.111537	-0.084243	0.0805422	-0.0326774	-0.0387224	0.103227	-0.127494	0.112978	-0.124418	0.105626	-0.0928063	0.0869708	-0.0805085	0.05934	-0.0173768	-0.0966069
-3.91663	3.19175	0.169535	0.354241	-0.0925229	0.400723	0.160678	-0.279094	-0.218741	-0.00773135	0.0845964	0.00775535	0.0160226	-0.100846	0.072805	-0.0352658	-0.0351392	-0.00923269	0.0350203	-0.0513171	0.15744	-0.168854	0.170617	-0.170825	0.128327	-0.0524838	0.0415411	-0.0393858	0.0100254	0.0509737	-0.112797	0.132784	-0.152345	0.130413	-0.109744	0.1197	-0.129897	0.121192	-0.0857083	-0.0276581
-3.70329	3.02889	0.129555	0.421151	-0.216675	0.466691	-0.0112136	-0.185076	-0.29271	0.0825596	0.0509138	0.00297965	0.0983785	-0.140455	0.0566146	0.0221705	-0.0968379	0.0150443	0.0211971	-0.0268231	0.0944209	-0.0783759	0.0894025	-0.134994	0.150153	-0.10498	0.0726043	-0.0264795	-0.0347465	0.0888859	-0.123167	0.115439	-0.126464	0.129146	-0.135038	0.163427	-0.165658	0.140101	-0.104061	0.0176749
-3.52355	2.84944	0.138624	0.434178	-0.238552	0.521137	-0.0862878	-0.178241	-0.251685	0.012516	0.173904	-0.12323	0.167665	-0.157439	0.0771227	0.0199764	-0.160089	0.114811	-0.0534345	0.00496597	0.0847906	-0.0935381	0.128304	-0.1591	0.131734	-0.066824	0.0523612	-0.0388189	0.000540798	0.0490327	-0.0976699	0.114683	-0.148155	0.161729	-0.161192	0.17155	-0.147199	0.0868796	-0.0067543	-0.12797
-3.34927	2.6694	0.20133	0.364333	-0.178679	0.411943	-0.0981926	-0.222896	-0.140092	-0.0504829	0.191776	-0.148007	0.217179	-0.117004	0.0180191	0.0449065	-0.166771	0.0734868	0.0400912	-0.0922141	0.121778	-0.0723715	0.0716969	-0.0944117	0.100103	-0.0827675	0.081925	-0.0531693	0.00164038	0.0350619	-0.0575485	0.0504602	-0.0706453	0.0894318	-0.0959777	0.111205	-0.0855567	0.0388229	0.00308276	-0.0709807
-3.24276	2.55422	0.184643	0.449432	-0.251009	0.401773	-0.178616	-0.213541	-0.0617309	-0.0370317	0.137303	-0.136501	0.251314	-0.150484	0.0346876	0.0250988	-0.119822	0.05358	0.0181709	-0.0986519	0.17283	-0.124235	0.0724222	-0.058709	0.0954884	-0.126382	0.122648	-0.0606195	-0.0035034	0.0189088	-0.0190553	0.0125892	-0.0504937	0.096784	-0.120931	0.138178	-0.108744	0.0601713	-0.0200399	-0.0377728
-3.1776	2.43864	0.296298	0.293854	-0.0460833	0.283205	-0.18771	-0.196478	-0.0780669	0.0453179	0.0564163	-0.14627	0.269602	-0.109127	0.00733516	0.0512443	-0.207942	0.133501	0.00821068	-0.0796346	0.0914433	-0.0660439	0.0985705	-0.109512	0.101353	-0.0881395	0.0778142	-0.0341056	-0.012352	0.0256859	-0.0301689	0.0145919	-0.0280683	0.0538237	-0.0805448	0.120667	-0.117006	0.0793909	-0.0228837	-0.0671003
-3.30063	2.48935	0.359239	0.326945	-0.13018	0.349568	-0.280409	-0.0777837	-0.176422	0.137142	-0.00308908	-0.111498	0.228054	-0.054733	-0.111251	0.138115	-0.15442	0.0777712	-0.0377752	-0.038473	0.123627	-0.0899576	0.0540332	-0.0680512	0.144193	-0.17105	0.0991107	0.0276256	-0.0826811	0.0303247	0.0323889	-0.0527799	-0.016325	0.112827	-0.177981	0.201794	-0.152961	0.0793284	-0.0309408	0.00349389
-3.44477	2.37694	0.486293	0.271195	-0.0215203	0.351478	-0.20096	-0.166155	-0.0690243	0.123715	-0.0246956	-0.151313	0.172347	-0.0330361	-0.0827267	0.133432	-0.210329	0.127722	0.0284517	-0.14966	0.199583	-0.163461	0.155414	-0.144303	0.16211	-0.171306	0.134377	-0.040858	-0.0132123	-0.00120534	0.0288594	-0.0416512	-0.000828729	0.055308	-0.106115	0.136623	-0.118672	0.0554215	0.0261594	-0.122145
-4.22335	2.55932	0.79538	0.199076	-0.0349307	0.264533	-0.0665948	-0.118059	-0.152803	0.227404	-0.25104	-0.0728872	0.324778	-0.245166	0.0974923	0.0342005	-0.195381	0.0448123	0.158243	-0.123362	0.0160785	0.00844136	0.0854436	-0.127282	0.112549	-0.0667685	0.0470582	-0.037356	0.0539338	-0.0746361	0.0664536	-0.0242687	-0.0740113	0.154595	-0.178592	0.111588	0.00738254	-0.0757002	0.0296739	0.107959
-5.39854	2.24067	1.11223	0.395969	-0.0659189	0.286996	0.102244	-0.107548	-0.277203	0.119928	-0.160435	-0.0619587	0.170019	0.0228089	-0.071566	0.0079482	-0.116846	-0.0110101	0.133325	-0.0812797	0.075975	-0.0813973	0.112747	-0.0820058	0.0370197	0.00823723	-0.0136371	0.0205189	-0.00308813	-0.00872242	0.00765376	-0.004162	-0.0194267	-0.000514478	0.0217039	-0.0587395	0.0882292	-0.06014	-0.0202519	0.127281
-6.31441	2.30349	1.36437	0.6372	0.298656	-0.166462	-0.111006	-0.281162	-0.047612	0.26307	-0.0226102	-0.0171466	-0.115641	-0.094222	0.0322739	0.122039	-0.117037	0.0504859	0.0194199	-0.0389248	-0.0764684	0.113025	-0.0169115	0.0267557	-0.0126685	-0.0120246	0.0103688	0.0312994	-0.0331921	0.0174544	-0.0200239	0.0280072	-0.0659562	0.0675264	-0.0294452	-0.00652357	0.0235275	-0.0279841	-0.0198866	0.0568057
-6.62783	2.18019	0.985626	0.587779	0.353944	0.192323	-0.126194	-0.344081	-0.285469	0.13655	0.139102	0.140403	-0.260948	-0.0147661	0.141373	-0.0392637	-0.15695	0.293603	-0.266793	0.0586433	-0.0174573	0.0774984	-0.125603	0.229383	-0.1504	0.0140299	0.00667253	0.0931114	-0.180958	0.24167	-0.219133	0.11059	-0.0308684	0.00436803	-0.0712671	0.12162	-0.0833387	0.0359011	-0.028703	0.0690241
-6.64935	1.36707	0.991411	0.45308	0.135603	-0.0687242	0.011269	-0.27065	-0.16951	-0.0134602	0.0121842	0.00730419	0.105848	-0.00550404	0.147349	0.0259967	-0.189068	0.0023289	0.0232409	-0.0239125	0.0128209	-0.0155707	0.0233774	-0.00466598	0.0527895	-0.0591674	0.0232474	0.0102704	-0.00544342	0.00895921	-0.0186802	0.0125246	-0.0180495	0.00353499	-0.0276699	0.0407046	-0.0289213	0.032062	-0.0130546	0.0338539
-6.35243	0.781656	0.414153	0.225165	0.18565	0.0200035	-0.0964125	-0.183934	-0.122211	0.0267885	-0.0195371	0.110355	-0.00179014	0.0563445	0.0605279	-0.0412726	-0.100751	0.0665376	-0.0399502	0.0743521	0.143553	0.25701	0.323657	0.0954361	0.33781	0.279748	-0.0162595	-0.0719423	-0.128981	0.0327839	0.0957235	0.053471	0.113164	0.103841	-0.0422495	0.0669503	0.0349735	-0.0420989	-0.0441386	-0.09622
-5.79307	1.21818	0.436193	0.10196	0.232306	0.151343	0.0419687	-0.0394213	-0.133353	0.122502	0.214758	0.219893	0.0349133	0.0311311	0.0984454	0.154653	0.0602097	0.189154	-0.00618945	-0.196581	-0.12172	-0.0373467	0.129451	0.036841	-0.0405894	-0.0271024	-0.0504111	0.0539254	0.0443408	-0.0338492	-0.0257789	0.00777917	0.0350481	0.0274659	-0.101286	0.0991831	0.108625	0.0320791	-0.062448	-0.0825475
-5.46757	1.60229	0.334151	0.0515878	0.38092	0.315338	0.115398	-0.00890206	-0.222434	0.0853165	0.214318	0.181169	0.0276552	-0.00880167	0.150482	0.232665	0.0595348	0.0750378	0.0370526	-0.194753	-0.198976	-0.185779	0.0174717	0.121811	-0.0787238	-0.0830978	-0.0409178	0.0703005	0.0511651	-0.18579	-0.0573058	0.0452428	-0.0100885	-0.0718039	-0.0680654	0.13742	0.0465788	-0.000436456	-0.0644655	-0.0565096
-5.59564	1.85023	0.203112	0.176913	0.449065	0.4238	0.138489	-0.0294692	-0.233702	0.208692	0.208789	0.256743	0.0389033	0.082949	0.162814	0.0709026	0.207973	-0.0368937	0.061061	-0.113252	-0.141542	-0.169276	0.0211391	0.144034	-0.0966843	-0.100915	-0.018571	0.00933874	0.0488441	-0.160604	-0.00904915	0.0770463	-0.0625781	-0.057446	-0.0768087	0.0609526	-0.0402912	-0.0128066	-0.0458576	-0.0557452
-6.05898	1.74561	0.143218	0.326144	0.55537	0.602892	0.120839	-0.0236547	-0.28557	0.281389	0.208834	0.161688	0.0824626	0.136016	0.265314	-0.0178087	0.127937	-0.0451308	0.0715629	0.0637926	-0.0517405	-0.00558147	0.0243832	0.0695516	-0.159999	-0.0871855	-0.0621673	-0.0340578	-0.0185309	-0.0489145	-0.0271537	0.039297	-0.0685447	-0.0456788	-0.00945697	-0.00799467	-0.0985951	-0.0870995	-0.0883948	-0.000736654
-6.35077	1.42477	0.0181933	0.203385	0.554994	0.810349	0.191711	0.0639954	-0.192425	0.22663	0.151292	0.123069	0.0564013	0.0438112	0.27617	-0.0269793	0.0601816	-0.0129326	0.169039	0.144894	0.0636374	0.0788795	0.147016	0.247323	-0.068667	0.0825601	-0.05202	-0.0238876	-0.108234	-0.156275	-0.0837579	0.0766549	0.0505525	0.0413536	-0.0726187	-0.0537277	-0.0531466	-0.0735301	-0.0221039	0.0748828
-6.66108	1.14449	-0.502299	0.0530104	0.58435	0.743905	0.117674	0.239111	-0.0307541	0.0364345	-0.0146548	0.271726	0.2864	0.0372146	0.172345	0.0529307	0.0766976	0.0441259	0.168182	0.25479	0.164144	0.0826285	0.0987743	0.262307	-0.0300818	0.0607766	-0.0694078	-0.0330313	-0.06709	-0.194243	-0.112579	-0.00989997	0.0386723	-0.00935187	-0.114968	0.0646767	-0.0125871	0.00498944	0.0590576	-0.00619229
-7.11239	1.00859	-0.768981	0.261552	0.75696	0.692223	0.100747	0.330808	0.148243	-0.0955107	-0.100033	0.324815	0.370109	0.0355426	0.0891908	-0.0511476	0.044288	0.0288613	0.14915	0.209193	0.17379	-0.00121943	0.109996	0.185887	0.0401369	0.139746	0.0192705	-0.00548732	-0.0744761	-0.0535125	0.00940194	0.130655	-0.00994643	0.0520795	-0.0814135	0.0592043	0.0132308	-0.00645519	-0.00164176	-0.0835028
-7.62346	1.13532	-0.64059	0.265013	0.792962	0.537584	-0.0229214	0.227449	0.143951	-0.0227041	-0.127219	0.459212	0.406129	0.0231204	0.0584338	-0.0889756	0.141081	0.0418862	0.155926	0.258511	0.0801522	-0.0496287	0.143266	0.208695	0.064239	0.173002	0.136949	0.0385715	-0.0958273	0.00100609	-0.0368025	0.128136	-0.0389729	0.0195204	-0.0467777	0.033366	0.0488468	0.0127616	-0.080035	-0.0465708
-8.26715	1.08133	-0.0491396	0.404086	0.690916	0.413859	-0.0814909	0.223916	0.0765682	-0.116151	-0.0383531	0.326501	0.314281	0.0584092	0.0458264	0.0612495	0.130109	-0.0342752	0.154574	0.216194	0.0731487	-0.0446877	0.112358	0.172745	0.16819	0.109542	0.114347	0.0283768	0.0239065	-0.010227	-0.0630324	0.0592003	-0.0902532	0.0595407	0.0690847	0.0477534	-0.066753	-0.0285514	-0.0183477	0.00384914
-8.35095	1.09601	-0.0886143	0.568265	0.712241	0.370991	0.00318207	0.262796	0.04837	0.0430327	0.153972	0.182377	0.261877	0.168828	0.14979	-0.0311208	0.130568	0.127152	0.105922	0.103163	0.173071	0.0646871	0.107438	0.034055	0.0284459	-0.0426262	-0.0211081	0.0421337	0.017494	-0.00501887	-0.129077	-0.0653604	-0.0616931	0.141985	-0.0539532	-0.0383229	-0.0445769	0.0182364	-0.0613035	-0.106814
-8.11942	0.837726	-0.505169	0.929293	0.693541	0.509123	0.0657427	0.296263	0.108198	0.0533195	0.378744	0.255397	0.161673	0.0449905	0.103354	0.0714032	0.0618354	0.00899782	-0.014239	0.134999	0.193228	0.050034	0.113751	0.0377993	0.0404116	-0.0191601	0.0210511	0.108283	0.0735069	0.0038062	-0.0280277	-0.00907781	0.0344276	0.0499524	-0.0726978	-0.109096	-0.068845	-0.00971881	-0.0271444	-0.126366
-8.06936	0.742616	-0.487063	0.796255	0.757034	0.441044	0.0885636	0.252955	0.135668	0.00984354	0.339413	0.166072	0.143345	0.0991305	0.180629	0.107474	0.0628713	0.0447709	-0.00464167	0.142047	0.138856	0.0733078	0.137396	0.0729167	0.0199589	0.0260502	0.088032	0.174101	0.089854	0.00591837	-0.0228721	-0.0237627	-0.0265152	0.0136749	-0.0274204	-0.0256222	-0.0315825	-0.00746221	-0.00265556	-0.0824964
-8.22182	0.825818	-0.16639	0.559201	0.985252	0.337034	-0.0548278	0.233471	0.132383	0.150279	0.188388	0.000804312	0.0874572	0.20603	0.23266	0.116188	0.167687	0.245294	0.11251	0.134152	0.131753	0.136751	0.0809462	-0.0106384	-0.0432279	0.0545371	0.164843	0.105851	0.0218758	0.0219732	-0.00393417	-0.00856739	-0.0411884	0.0810687	0.0516269	0.0880471	0.0522836	-0.0260231	0.0198178	-0.105443
-7.00066	1.40907	-0.336125	0.314726	0.958355	0.392405	-0.562321	-0.0596527	0.278027	0.0349601	-0.0170953	0.0160247	0.137267	0.243563	0.454814	0.131567	-0.0464259	0.0199224	0.0581545	0.0891518	0.0698784	0.0261554	0.0172792	0.0353544	-0.0255402	-0.0276815	0.0487362	0.0840274	0.0304329	0.0341116	-0.09904	0.0147233	-0.00150585	0.0896494	0.0857659	-0.0193969	-0.0632982	0.0155318	0.045376	0.0378362
-5.56766	1.66744	-0.466235	-0.152651	0.645116	0.400905	-0.678378	-0.0941621	0.295817	-0.0644466	0.0273769	0.1643	0.183596	0.0453792	0.362128	-0.0874488	-0.146568	0.116807	0.173358	0.116885	0.0655145	0.0150592	-0.000898327	0.00039263	0.028907	-0.0412284	0.0224458	0.0891518	0.0215338	-0.00932159	-0.0127906	0.064219	-0.0280573	0.0455239	0.0763253	-0.0305189	-0.0176544	0.0681609	-0.0347117	-0.0284965
-4.90704	1.65275	-0.421382	-0.267409	0.466257	0.452297	-0.566896	-0.0617986	0.311134	-0.0286054	0.134393	0.226187	0.27353	0.0376948	0.277512	-0.146726	-0.129149	0.170184	0.229648	0.159722	-0.0104474	-0.0206276	-0.0143976	-0.0525552	-0.0140468	-0.14928	0.033328	0.0457471	0.00586176	-0.112644	0.028574	-0.0186914	0.0449826	0.0487032	0.0191521	-0.0215408	0.00622448	0.0644781	0.0409624	-2.37718e-05
-4.85741	1.6083	-0.264404	-0.261734	0.408528	0.560439	-0.320262	-0.110026	0.311986	0.0529531	0.236566	0.265594	0.245764	-0.0131218	0.179883	-0.195956	-0.183112	0.168115	0.184209	0.253349	-0.00860402	-0.0981754	-0.0658738	-0.0407105	-0.11358	-0.104495	0.0327717	-0.00379116	-0.0336174	-0.104265	0.0382763	-0.0495399	0.0197682	0.0377445	-0.0429596	-0.0155213	-0.0257152	-0.0395291	0.0801721	0.0528051
-5.14803	1.25119	-0.142496	-0.0949903	0.349825	0.655824	0.0194416	-0.0891804	0.187715	0.268475	0.416375	0.055906	0.154727	0.0615341	-0.0697882	-0.268983	-0.244406	0.0269048	0.186888	0.276228	0.0781915	-0.0601587	-0.0671577	0.00390816	-0.133948	0.033895	0.030506	0.0202484	0.0355139	-0.0500355	0.0633841	-0.0691705	-0.117206	0.152495	-0.10757	-0.106286	-0.0937399	-0.056322	0.00495235	0.0290607
-5.14729	0.82355	-0.34591	-0.00940584	0.292419	0.66526	0.0355065	-0.063596	0.1383	0.24293	0.362896	-0.113762	-0.0565913	-0.0277842	-0.142174	-0.0756587	-0.205802	-0.129969	0.0596611	0.208712	0.0687192	-0.0698472	0.0109372	0.0989838	-0.0419489	0.121857	-0.0529154	0.0365878	0.0543503	-0.107566	0.10409	0.000737254	-0.0795322	0.199165	-0.10541	-0.0131834	-0.0645847	-0.0789409	-0.0718292	-0.0259415
-5.02379	0.832535	-0.413074	-0.101892	0.0758131	0.562206	0.087838	-0.070479	0.0656182	0.153801	0.432258	0.0856375	0.060472	0.0281494	-0.214404	-0.189534	-0.15031	-0.0970551	-0.0599639	0.122079	0.0566229	0.0212492	0.108332	0.0948826	-0.0878917	0.091035	-0.158093	-0.140301	0.0445578	0.0700907	0.0197734	-0.129376	-0.095988	0.24852	-0.0557641	0.0645633	-0.0629259	-0.102149	-0.0520739	0.0260726
-4.79052	0.934133	-0.569225	-0.335259	-0.128263	0.522558	0.215613	0.0236797	0.00874145	0.228974	0.545153	0.230718	0.176635	0.0120597	-0.078887	-0.213699	-0.173842	0.129583	0.0994482	0.196399	0.096555	0.173223	0.140478	0.0687718	-0.0334865	0.0892932	0.0299549	-0.0561985	0.069182	0.0451697	-0.0821562	-0.11982	0.0111291	0.15986	-0.0193119	0.117865	-0.0998935	-0.0395721	0.0111091	-0.0795539
-4.60068	0.828085	-0.373444	-0.371967	-0.0873083	0.74666	0.339269	0.0256823	0.161117	0.323898	0.47707	0.251538	0.20377	-0.0836084	-0.119606	-0.117829	-0.206066	0.188508	0.20403	0.150306	0.198818	0.239436	-0.0379657	0.131027	-0.00759448	-0.036302	0.0959329	-0.101534	0.091321	-0.0904735	-0.249546	-0.0334178	0.0928661	0.0673177	-0.0127675	0.031795	-0.0557847	0.00593826	-0.0313539	-0.0210267
-4.52989	0.706963	-0.306329	-0.38489	-0.114162	0.943725	0.39345	0.0123054	0.233775	0.26752	0.320481	0.285039	0.187121	-0.0865166	0.0130015	-0.0446305	-0.0877742	0.226881	0.188168	0.0974125	0.0662513	0.124	-0.0651655	0.234894	0.119788	0.0583365	0.106758	-0.160948	-0.00230589	-0.220183	-0.089617	0.0356227	-0.0304934	-0.0537339	-0.118268	-0.0331466	0.01266	0.0424503	-0.0991198	-0.112397
-4.51207	0.709834	-0.425509	-0.417487	-0.217512	0.970127	0.525042	0.139726	0.265745	0.279325	0.340798	0.367968	0.104656	-0.030789	-0.0495074	-0.237053	-0.097942	0.229566	0.229254	0.23916	0.0723285	0.0354333	-0.10751	0.168649	0.0459056	0.069925	0.149965	-0.0845069	0.0361474	-0.100668	0.096721	0.121138	-0.147611	-0.0983587	-0.0360992	0.0348314	0.00569108	0.050438	-0.0368161	-0.0819858
-4.4616	0.651161	-0.658739	-0.377263	-0.262182	0.961555	0.466725	0.0482116	0.277648	0.197999	0.302103	0.372185	0.121057	0.0826857	-0.0890086	-0.150487	-0.0664379	0.218702	0.184779	0.432918	0.231204	0.0649823	-0.190646	0.0746876	-0.0740554	-0.0524149	0.165851	-0.122053	0.0195212	-0.0102187	0.0457903	0.107606	-0.102308	-0.0547386	0.0395242	0.0870837	-0.060948	0.158242	0.00602897	-0.170296
-4.31691	0.665357	-0.786647	-0.463809	-0.363558	0.875192	0.555729	0.0790851	0.316327	0.115675	0.222064	0.333871	0.144143	0.279169	0.0391364	-0.0293361	-0.0465188	0.163882	0.170021	0.327128	0.146837	0.182793	0.0575347	0.101441	-0.072052	0.0252161	0.161797	-0.247692	-0.0054329	0.00128013	-0.0319758	0.0890662	-0.0174273	0.0320885	0.0159929	0.174103	-0.0318367	0.14548	-0.0532797	-0.0924687
-4.30011	0.607999	-0.869242	-0.534552	-0.279467	1.01844	0.564542	0.0857601	0.213816	0.161272	0.208523	0.334694	0.146907	0.32079	0.167481	-0.152691	-0.105224	0.06939	0.0791283	0.230418	0.0300674	0.228612	0.16795	0.0220107	0.0139726	0.0183447	0.0871218	-0.226691	0.0172423	-0.0854695	-0.118325	0.0426701	-0.0476668	0.0707751	-0.0136686	0.181876	0.0660139	0.187446	-0.0310782	-0.110021
-4.57154	0.686518	-0.808418	-0.427327	-0.262017	0.878243	0.400595	0.0456174	0.237678	0.232363	0.250025	0.38289	0.253963	0.321234	0.220401	-0.0452013	-0.0246657	0.109207	0.138596	0.216233	-0.0703913	0.219516	0.0876216	-0.0155491	0.0714005	-0.0488188	0.0817824	-0.0602554	0.0634358	-0.118127	-0.0788603	-0.00602753	-0.0509561	0.0457915	-0.19681	0.0744599	0.129641	0.0992964	0.0832475	-0.0685445
-4.86443	0.79371	-0.756348	-0.435246	-0.326034	0.765729	0.427585	0.0724821	0.268743	0.257848	0.109428	0.417685	0.281567	0.0533991	0.225294	0.0727028	-0.0569212	0.136754	0.225527	0.328434	-0.0754081	0.136755	-0.0747756	-0.0646476	0.132096	0.116595	0.208843	0.0654701	-0.0382388	-0.206361	-0.084279	-0.0817565	-0.0193394	0.039189	-0.0809869	0.119088	-0.0707998	0.0147068	-0.00590928	-0.0400952
-4.84026	0.797249	-0.801306	-0.274819	-0.356308	0.576405	0.541578	0.212399	0.246416	0.282631	-0.0350524	0.369223	0.0571172	0.0460519	-0.00288683	-0.0332306	-0.127675	0.0389977	0.163954	0.25026	0.00188982	0.105827	-0.0310421	0.161677	0.209648	0.244265	0.317308	0.0828519	-0.0363761	-0.229174	-0.147828	-0.130595	-0.0288913	0.0115918	-0.00466725	0.293865	-0.161253	0.00459127	-0.0669112	0.00462659
-4.85139	0.798535	-0.792549	-0.309046	-0.447434	0.440592	0.572867	0.0517718	0.173068	0.237471	-0.0535648	0.326738	-0.215884	0.0894142	-0.105124	-0.116977	-0.12889	0.122941	0.249972	0.235506	0.0394571	0.159705	-0.0588882	0.180181	0.0423731	0.0580804	0.226736	0.0645971	0.0456833	-0.0150138	-0.0729066	-0.130457	-0.0146685	0.0953236	0.121786	0.347442	-0.0860059	-0.0349356	-0.0237982	0.0535001
-4.91705	0.94181	-0.780142	-0.273367	-0.38806	0.464875	0.54477	-0.0998096	-0.0270749	0.130517	-0.265942	0.176602	-0.237126	0.0701343	-0.267766	-0.133536	-0.0792869	0.085134	0.283221	0.277293	-0.00935985	0.0423723	-0.0626409	0.0491207	0.0369024	0.0653978	0.0568701	0.0918329	0.0369495	0.0316683	-0.0158815	-0.279529	-0.125616	0.00726012	0.00702503	0.0930645	-0.104765	0.0276961	-0.108104	-0.0625587
-4.8833	1.3949	-0.382863	-0.148333	-0.375445	0.465815	0.463224	-0.247856	-0.15319	0.166119	-0.41347	0.0954388	-0.151579	0.0185137	-0.179948	-0.0446166	0.0032715	0.0855	0.307179	0.390124	0.192653	0.260003	0.246488	0.194218	0.0313128	0.0873605	-0.0687628	-0.0184864	-0.0553583	-0.0183018	0.0197639	-0.161387	0.0903854	0.0562389	0.00735319	-0.0226278	-0.107296	0.0318138	-0.0828785	-0.100834
-4.36838	2.0173	-0.390742	-0.281731	-0.594471	0.274612	0.259755	-0.137059	-0.196403	0.083761	-0.531664	0.137694	-0.367819	-0.122791	-0.0807727	0.112767	-0.117617	-0.00453501	0.203147	0.323611	0.322879	0.375356	0.0521148	0.00693042	-0.175868	0.116034	-0.0402855	0.0925272	-0.000795724	-0.0785291	0.0496463	-0.00486716	0.0927633	-0.107295	-0.115089	0.0113128	-0.176093	0.0408911	-0.0555267	-0.064106
-3.69365	2.54492	-0.084998	-0.197118	-0.21567	0.521356	0.324508	0.0311842	-0.208004	0.144247	-0.442024	0.339343	-0.166641	-0.0900507	0.0323693	0.0323754	-0.0888863	0.109637	-0.0724065	0.0822145	0.00880578	-0.033943	0.00310142	0.0403746	-0.13308	0.201921	-0.138696	0.0194415	0.0879626	-0.137124	0.156953	-0.105956	0.0234004	0.0349168	-0.0955673	0.0792104	-0.0549283	0.0436829	-0.0646541	0.107191
-3.58766	2.71184	-0.00901694	-0.243612	-0.619531	0.507323	0.504898	-0.0512236	-0.357931	0.260394	-0.350466	0.284676	-0.260415	0.185224	-0.146497	0.104068	-0.108656	-0.00375721	0.14038	-0.0452304	-0.0698306	0.138989	-0.148724	0.114517	-0.120705	0.135554	-0.0835741	0.0313813	-0.00516444	-0.0283953	0.0865368	-0.0827323	0.0264736	0.0279388	-0.0977319	0.111401	-0.0923515	0.0636243	-0.0267346	-0.0115465
-3.41377	2.4012	0.143391	-0.166627	-0.729563	0.545135	0.42675	0.00173303	-0.289302	0.25736	-0.308328	0.196015	-0.223364	0.107551	-0.132954	0.0194603	0.123963	-0.0190424	-0.113351	0.122697	0.0162628	-0.027162	-0.0927824	0.139972	-0.116745	0.0943214	-0.0496627	0.0126407	-0.00722691	0.0315673	-0.0420032	0.0529955	-0.0142921	-0.0616104	0.0629412	-0.0217349	-0.0564974	0.0834162	-0.0243862	-0.0930662
-3.51953	2.75362	-0.229907	0.163841	-0.942415	0.429779	0.639282	-0.0929222	-0.205009	0.0622368	-0.299713	0.449403	-0.372978	0.118649	-0.195709	0.191788	0.00643711	-0.0723846	0.0155365	0.0112333	0.0864486	-0.0794843	0.00158381	0.00425876	-0.0403436	0.124829	-0.11048	0.0185708	0.0549772	-0.0962362	0.152692	-0.175467	0.173747	-0.158935	0.0906978	-0.0412566	0.00243162	0.00800642	0.0187547	-0.0685065
-3.28658	2.28012	0.263158	-0.123509	-0.995391	0.58087	0.62982	-0.129409	-0.38095	0.334538	-0.398128	0.367955	-0.218942	-0.00151819	-0.135581	0.111297	0.107725	-0.0498796	-0.133826	0.109979	0.0710589	-0.0266122	-0.105989	0.0480046	0.0485443	-0.0115395	-0.0754322	0.133134	-0.124625	0.0510209	0.0471537	-0.072449	0.0603978	-0.056804	0.0240167	-0.0089987	-0.00984616	0.0233117	-0.0258019	0.0129496
-3.29552	2.24213	0.207791	0.0104427	-0.957296	0.515976	0.610809	-0.104044	-0.312289	0.16617	-0.30096	0.334638	-0.19131	0.0318373	-0.165649	0.132896	0.0655877	-0.0811632	-0.0493009	0.083965	0.0456225	-0.0507167	0.00160084	-0.0524252	0.052854	0.0615923	-0.139892	0.142131	-0.0975943	0.0233896	0.0677559	-0.10066	0.0969633	-0.0934397	0.0581715	-0.0443255	0.0235887	0.0197537	-0.0786937	0.136255
-3.37827	2.2302	0.332887	0.0238906	-0.95579	0.437748	0.591985	-0.00284903	-0.436621	0.340057	-0.419596	0.396403	-0.228233	0.0315957	-0.242144	0.224434	0.0568965	-0.036141	-0.143881	0.10389	0.092641	-0.054233	-0.0628182	-0.00486688	0.0838932	-0.00892383	-0.0971095	0.145249	-0.123288	0.0457882	0.0578147	-0.107317	0.127297	-0.139788	0.106096	-0.0747043	0.0218155	0.0343516	-0.0819804	0.108933
-3.43904	2.26548	0.344848	-0.0617598	-0.72717	0.381939	0.59553	-0.216859	-0.248423	0.304397	-0.237463	0.077557	-0.140922	0.0879758	-0.125296	0.0961234	-0.0310951	0.0248506	-0.0138137	0.0491824	-0.0542894	0.0621667	-0.0448345	-0.00425109	0.0017025	0.0747283	-0.143274	0.175004	-0.133761	0.0294075	0.0652092	-0.0506432	-0.0163141	0.0473715	-0.0386608	-0.0367747	0.0905976	-0.0771083	-0.0333217	0.2062
-3.73095	2.3045	0.520104	0.246736	-0.869884	0.210893	0.632239	-0.0257104	-0.0739954	0.0588841	-0.277462	0.0930709	0.0266655	-0.144798	-0.12541	0.0890308	0.180326	-0.0855176	-0.120471	0.131021	0.0370761	-0.00360888	-0.134571	0.0546819	0.119957	-0.0989524	-0.0431996	0.144246	-0.143845	0.090892	-0.032554	0.046128	-0.0799575	0.0877225	-0.0855459	0.0092441	0.0492506	-0.0961065	0.109014	-0.0781459
-4.00289	2.67646	0.438134	0.194737	-0.827473	0.430405	0.446999	-0.130884	0.0522409	0.0683218	-0.190455	-0.0418507	-0.152187	0.120497	-0.053421	-0.0190622	-0.0181771	0.0266983	0.121214	-0.0413059	-0.109691	0.143941	-0.0895294	0.0160903	0.031275	0.012851	-0.114544	0.231735	-0.269373	0.195102	-0.0630316	0.0197008	-0.0551774	0.0940174	-0.11171	0.0286237	0.0427468	-0.0810699	0.046631	0.0672631
-4.23882	2.60142	0.685863	0.163296	-0.323584	-0.0355808	0.344985	-0.00865129	0.250736	0.105524	-0.233412	-0.320448	0.0181747	0.116994	-0.0901163	-0.0911395	0.0624989	0.172237	-0.129675	0.114294	-0.0890705	-0.0146889	0.0422957	-0.014797	0.0699289	-0.0658863	-0.0626745	0.208519	-0.216026	0.110439	0.0117593	-0.0377963	0.0185365	0.00349945	-0.0362903	-0.00575568	0.00664419	-0.036375	0.0636909	-0.0289614
-4.40254	2.74851	0.672103	-0.00936725	-0.287805	0.268614	0.356251	-0.203025	0.318202	-0.0926523	0.0782037	-0.103695	-0.480835	0.0874409	0.0152104	0.0113039	0.128826	0.0547205	-0.164027	0.18909	-0.180329	0.106962	0.0346918	-0.113348	0.117701	-0.0891269	0.0833022	-0.0400075	-0.0328863	0.116134	-0.153729	0.185118	-0.172148	0.112619	-0.0682956	-0.0141158	0.0112439	-0.03375	0.0375671	-0.00304865
-5.24887	2.7759	0.722704	0.385628	-0.153317	0.364724	0.239437	-0.26936	0.225341	-0.0892186	0.00171984	0.0213075	-0.464341	0.0547049	0.128326	-0.0358497	-0.065664	0.1404	0.019361	-0.0881713	-0.00507026	0.106523	-0.0410493	-0.0390317	0.0880305	-0.1027	0.0873503	0.0176278	-0.0938051	0.0748314	0.028545	-0.0814918	0.03742	0.0184804	-0.0563912	-0.00398086	0.0369696	-0.0732497	0.0605917	-0.0191049
-6.63085	2.53336	0.463795	0.00465684	-0.491974	0.139672	0.411424	-0.0742731	0.0560357	0.0293378	-0.0429069	-0.118574	-0.070041	-0.00903468	-0.139723	0.0847586	0.200277	-0.129522	-0.0146089	-0.0128722	0.12049	-0.0456274	-0.150984	0.206256	-0.0815399	-0.0199282	0.0416671	-0.0254945	0.0265043	-0.0405111	0.0580897	-0.0417442	0.0446147	-0.074325	0.0685901	-0.0577432	-0.0145436	0.0553936	-0.0476633	0.00586547
-7.74918	2.61383	0.894362	0.860806	0.219409	0.453253	0.15096	-0.340197	-0.384436	-0.175132	0.0055805	0.230254	-0.0147876	0.0799738	-0.0308204	-0.166961	-0.00391287	-0.0684774	0.0960544	-0.00517127	0.062624	0.00910255	-0.0344994	0.00354166	0.0318839	-0.0231029	0.0298969	0.0161469	-0.0429503	0.0420611	-0.0177001	-0.0457187	0.0271036	-0.0359502	0.0368578	-0.0154868	0.03717	-0.0345471	0.01615	-0.0651507
-8.12422	3.00872	1.40984	0.299399	-0.122347	0.182606	0.209163	-0.0515988	-0.148002	0.130424	-0.0619811	-0.163385	-0.210615	0.119969	0.111664	-0.215407	0.0724312	0.0779516	0.0761291	-0.164568	0.0413078	0.136535	-0.124262	0.0545729	0.0159752	-0.066118	0.122044	-0.0761786	-0.0442955	0.139575	-0.119724	0.0241627	0.0212728	-0.0284863	-0.0199156	0.0121879	-0.00205145	-0.0161428	0.0304934	-0.0132584
-7.65245	2.13981	0.423277	0.326677	0.333357	0.229775	0.315509	0.152501	-0.165441	0.161271	0.0670688	-0.156143	-0.1635	0.0663091	-0.0826631	-0.0221653	0.0674181	-0.0744609	0.0382331	0.0888682	0.0897474	0.177423	0.445682	0.388499	0.214292	0.0373554	-0.0269263	-0.116969	-0.112525	0.0194813	-0.0443681	-0.0380368	-0.0326847	-0.0307179	-0.0894678	-0.0955977	-0.0139717	-0.0265301	-0.0401682	-0.0300032
-7.95251	2.14483	0.361722	0.317528	0.385749	0.26181	0.312752	0.181507	-0.162236	0.135042	0.125846	-0.143368	-0.129502	0.165634	-0.100054	0.0465249	0.0966482	-0.0674801	0.0156514	0.0466826	0.0780236	0.0721101	0.402982	0.356327	0.254144	0.134102	0.00250506	-0.0776626	-0.0905847	-0.0468646	-0.0941706	-0.014164	-0.00733146	-0.011557	-0.00481931	-0.0410125	0.0614664	0.0267004	-0.0915789	0.0109851
-8.47184	2.03502	0.72362	0.503877	0.341658	0.289869	0.184446	0.0420625	0.0564598	0.122959	0.0867811	-0.0361633	-0.0211772	0.0792221	-0.0824281	0.029427	0.11991	0.0259015	0.0479187	0.163066	0.0768367	0.139242	0.327945	0.325348	0.265318	0.0883275	-0.0338902	-0.0594182	-0.00955334	0.0466218	-0.0590452	0.00613211	0.0347433	0.0186492	0.0532754	0.0552859	-0.00481914	-0.0439328	0.000922349	0.102643
-8.8283	1.82756	0.912465	0.582076	0.34639	0.302261	0.164003	0.116009	0.0382092	0.145585	0.131756	0.0656687	-0.00389627	-0.0518072	0.037365	0.0885244	0.129932	0.116028	0.115107	0.186312	0.121648	0.256169	0.188446	0.21013	0.184043	0.157716	0.0945336	-0.0202055	0.0659572	0.000247352	0.0191231	0.0635769	0.0933912	0.105713	0.0783029	0.0252031	-0.0608887	-0.0845367	-0.10239	0.00386262
-8.82473	1.69679	0.751279	0.513762	0.397916	0.335449	0.207093	0.182426	0.115132	0.146557	0.102853	0.0403871	0.0286448	0.0419381	0.187491	0.174118	0.179888	0.191451	0.136512	0.219764	0.136099	0.172991	0.157733	0.219949	0.133002	0.127715	0.0395952	-0.0110535	0.0246473	-0.0625785	0.0537212	-0.0275754	-0.0313369	-0.055296	-0.0180499	-0.0360958	-0.0395199	-0.0216812	-0.0982708	-0.0320825
-8.9653	1.59101	0.705169	0.525656	0.445382	0.342591	0.225835	0.235152	0.198526	0.237294	0.103723	0.0975607	0.0427249	0.0858046	0.116232	0.143549	0.0977233	0.136301	0.173051	0.192497	0.13176	0.158773	0.191355	0.182647	0.186888	0.0948744	0.0102729	0.0491037	-0.0271878	-0.0534665	0.0228024	-0.0621818	0.000806743	-0.0563747	-0.0478288	-0.0278562	-0.0377454	0.0394038	-0.0472081	-0.0594959
-8.89441	1.48524	0.566128	0.447513	0.334164	0.325065	0.217621	0.219625	0.146469	0.191707	0.10058	0.168448	0.0564608	0.0871194	0.137066	0.166595	0.172516	0.13412	0.164813	0.184884	0.148084	0.132683	0.158631	0.0997977	0.130698	0.110969	0.0785234	0.0777839	0.0262367	0.0452561	0.0438856	-0.0199853	0.0192433	-0.00168199	-0.00979744	0.0274983	-0.00220657	0.0464532	-0.00459049	-0.023329
-9.04603	1.4042	0.524603	0.446151	0.34615	0.280716	0.198266	0.200725	0.160452	0.231719	0.0883889	0.149804	0.0482274	0.0714657	0.0858907	0.145891	0.137017	0.0639136	0.186401	0.181648	0.144447	0.148064	0.132894	0.149656	0.136931	0.150317	0.150027	0.106316	0.0574243	0.0784472	0.0233613	-0.0112755	-0.0189542	-0.0362605	-0.0122735	0.013327	-0.0251793	0.0514328	-0.00978491	0.0158209
-9.17091	1.4259	0.644201	0.568395	0.346246	0.295187	0.299805	0.25346	0.141476	0.20537	0.106747	0.184691	0.108019	0.00163743	0.0974111	0.190247	0.129228	0.0985055	0.178184	0.170326	0.177337	0.206854	0.185614	0.11435	0.0556804	0.0665503	0.0881261	0.00206105	-0.00662195	-0.0138689	-0.0117942	0.00615942	-0.0416793	0.0204259	0.0190363	0.00190105	0.0514707	0.0562067	-0.0727323	-0.0359191
-9.17122	1.36424	0.478162	0.449583	0.353212	0.338196	0.300726	0.247054	0.16284	0.261944	0.1924	0.190213	0.172569	0.0729973	0.148848	0.218718	0.152769	0.0752674	0.14736	0.119036	0.1303	0.144913	0.103766	0.111373	0.112792	0.0811091	0.13769	0.0411385	0.0406022	0.0511196	0.0228598	-0.0374233	-0.0788008	0.00569734	0.0367752	-0.00579439	-0.00589775	0.0224557	0.00845503	0.00316563
-9.11741	1.37666	0.448996	0.485543	0.305123	0.274463	0.391029	0.200826	0.120137	0.313888	0.138899	0.100105	0.149371	0.052313	0.142444	0.24779	0.153024	0.0983772	0.147124	0.0870233	0.106619	0.196402	0.142659	0.134631	0.198096	0.066207	0.0297369	0.0130021	-0.0125325	0.0594899	0.0519844	0.00921562	-0.0136094	0.00899543	0.0423293	-0.0225026	-0.0261922	-0.0124319	0.0144197	0.0233089
-9.16768	1.43073	0.497706	0.650856	0.359557	0.288777	0.350223	0.0178288	-0.0285097	0.195244	-0.0460653	0.047722	0.210624	0.0959579	0.189336	0.343466	0.211461	0.0656354	0.122864	0.0290186	0.0488193	0.184861	0.202772	0.127927	0.114031	0.106933	0.038206	-0.0318629	-0.147338	0.015205	0.0741541	0.101082	0.0409662	-0.117076	-0.0717904	0.0100237	-0.00456604	-0.0465922	-0.0982482	-0.00449205
-9.25438	1.44296	0.544814	0.662993	0.497152	0.327999	0.214093	-0.000521095	0.0152149	0.122069	-0.0516071	0.0706609	0.0933679	0.0650433	0.120517	0.245974	0.259474	0.0301554	0.119584	0.157002	0.110599	0.173817	0.12242	0.0597479	0.0960494	0.112681	0.0480659	0.00316864	-0.083161	0.0564557	0.0535988	0.0489285	0.0835418	-0.098968	-0.0918845	0.0379811	0.0354875	-0.0265906	-0.149859	-0.0462933
-7.13779	1.79925	0.322351	0.0556329	-0.0374203	0.397117	-0.0494697	0.0410613	0.00641285	0.18128	0.128757	0.125738	0.0235018	-0.0715762	0.203943	0.0616694	0.111161	-0.0647908	0.0495732	0.144394	-0.0196988	0.106748	0.146979	0.176504	0.0543314	0.241751	0.132114	0.207253	-0.00776687	-0.0939197	-0.0830793	-0.0771657	0.0941605	0.102065	-0.0196848	-0.0963708	-0.0568929	0.0397045	0.172029	-0.0516912
-5.89062	2.02849	0.413195	0.113089	-0.165631	0.472132	-0.35041	0.0479261	-0.093123	0.16044	0.321155	0.194294	-0.137862	-0.146392	0.219594	0.0839742	0.122745	-0.136896	-0.00702933	0.161216	0.0436397	0.0153109	0.0539435	-0.0184409	0.0791914	0.161335	0.00656126	0.0608758	0.0376937	-0.197426	-0.051383	0.00481271	0.0507363	-0.0128294	0.0172468	-0.109182	-0.0938765	0.128292	0.160583	-0.172457
-5.21747	2.10991	0.451472	0.0376214	-0.187395	0.479076	-0.366211	-0.000499054	-0.112647	0.152639	0.418163	0.220052	-0.181576	-0.159305	0.213833	0.159534	0.150724	-0.0496607	-0.122055	0.155525	0.0907963	-0.0146509	0.0311247	-0.000207996	0.0452598	0.0415675	-0.0322351	-0.00520766	0.0453166	-0.154494	-0.0479965	-0.0339126	-0.00662424	-0.0269521	0.0857732	-0.132586	-0.0801146	0.0621203	0.10898	-0.126989
-5.2074	2.10145	0.397089	0.0707456	-0.192106	0.447915	-0.297374	-0.0224483	-0.124087	0.144061	0.523015	0.258899	-0.184137	-0.115844	0.185772	0.236898	0.198306	-0.00681287	-0.106899	0.17338	0.0718868	-0.00328004	0.0568921	0.0127203	0.0233338	0.0148503	-0.0530219	-0.0969355	0.0178901	-0.0810836	-0.0766625	-0.0633928	-0.0409388	-0.0416106	0.0910125	-0.160506	-0.0191347	-0.030037	0.11711	-0.085283
-6.56945	1.82449	-0.42229	-0.00441503	-0.0263903	0.528979	-0.14512	-0.0417039	-0.0812801	0.275139	0.00495269	-0.0512791	-0.403821	0.233417	-0.298346	0.265118	0.134811	-0.112012	-0.119813	0.154808	-0.100091	0.126297	-0.125787	0.0817507	-0.0444716	0.0245127	-0.0210697	0.0418821	-0.0296965	-0.00258875	0.0348905	-0.0371766	0.042626	-0.0549494	0.0232639	0.0271159	-0.104737	0.0957594	-0.0403574	-0.037658
-6.68924	2.72588	-0.326356	0.282233	0.529941	0.516419	-0.145118	0.139159	-0.239044	0.0653313	-0.217609	0.218215	-0.107372	-0.285759	0.0782051	0.0595773	0.00952188	-0.0242534	-0.0424737	0.12972	-0.13627	0.116084	0.0416175	-0.081218	-0.0415985	0.166845	-0.198672	0.183052	-0.0877224	-0.011222	0.0833096	-0.0383489	-0.0923723	0.182769	-0.209701	0.126851	-0.0469866	-0.00923287	0.0062068	0.00271593
-5.37795	3.96646	0.0303053	0.12853	0.149189	0.4205	-0.105861	0.0762841	0.144661	-0.101758	0.128773	-0.07067	-0.237155	-0.0865484	-0.0337148	-0.0301674	0.0977967	-0.0424898	0.0349907	0.0713642	-0.0464746	-0.0428831	0.0793769	-0.0401488	0.0730879	-0.122046	0.120396	-0.058519	0.0107106	0.0379933	-0.0619901	0.0838019	-0.0712108	0.0524213	-0.0280987	0.00717722	-0.0243838	0.0157291	-0.0321369	-0.0182062
-4.31683	3.88131	-0.0580596	-0.0906095	0.082694	0.391628	-0.212201	-0.121126	0.0109866	-0.146081	0.151356	-0.100795	-0.00117659	0.0148589	0.132779	-0.10429	0.175007	-0.298616	0.0974066	0.0459815	0.0242013	-0.0752532	-0.00199735	0.043095	0.0545711	-0.105048	0.0696705	-0.018056	-9.99758e-05	0.0210166	-0.0396504	0.0479313	-0.033441	-0.0161114	0.0612444	-0.0942603	0.0879511	-0.0707002	0.0574811	-0.0249313
-4.54136	4.09999	-0.0303863	0.114559	-0.172744	0.475976	-0.230724	-0.197911	-0.0697357	-0.135597	0.0367595	0.282586	-0.130792	-0.060682	0.133123	-0.0913717	0.126408	-0.237208	0.297678	-0.127581	-0.155361	0.0780925	0.139496	-0.184134	0.0984028	-0.0310192	0.122883	-0.218898	0.161805	-0.0243148	-0.00514458	-0.0591561	0.0924316	-0.081876	0.0554856	-0.0589251	0.0323484	0.0235239	-0.0496633	0.0239182
-4.42692	4.07395	-0.25025	0.109253	-0.138072	0.480947	-0.405878	-0.056912	-0.0828075	-0.171178	0.104642	0.256215	-0.223804	-0.0623412	0.257654	-0.0982445	0.189001	-0.340735	0.217651	-0.0618659	0.00513318	-0.075267	0.104315	-0.09394	0.0353743	0.0168481	0.0450083	-0.0592172	-0.0454652	0.121848	-0.0536433	-0.0517725	0.0843656	-0.0763081	0.0570554	-0.0547468	0.0280233	-0.00779307	0.0165703	-0.0246074
-4.33873	3.89382	-0.199025	0.0541297	-0.0710479	0.572504	-0.433983	-0.207107	0.0395481	-0.231292	0.147999	0.155618	-0.0426678	-0.122848	0.146512	-0.0341754	0.188035	-0.338237	0.214871	0.0321426	-0.0796889	-0.154382	0.231478	-0.115191	0.0143354	-0.0975763	0.265163	-0.20507	0.00840973	0.056619	0.0225366	-0.0564938	0.0162053	-0.00616622	0.0439537	-0.0936474	0.0769645	-0.0463983	0.0356452	-0.0269959
-4.30929	3.79042	-0.0393074	-0.151781	0.193037	0.454871	-0.37845	-0.0912437	-0.019308	-0.269897	0.119907	0.230221	-0.159013	-0.127085	0.215504	-0.0026641	0.120143	-0.29537	0.212981	-0.0453058	-0.00267875	-0.131507	0.155012	-0.08631	0.0671605	-0.148784	0.188033	-0.0593004	-0.0110464	-0.0519366	0.0840186	-0.0151803	-0.0131119	-0.05233	0.127939	-0.153055	0.104798	-0.04434	-0.026996	0.067359
-4.48393	4.01358	-0.322109	-0.00572493	0.148187	0.426752	-0.201194	-0.189603	0.053814	-0.334774	0.30979	-0.0717936	-0.11721	-0.0806241	0.231044	0.00110043	0.0704601	-0.0658203	-0.0131868	-0.0153267	-0.0660901	0.0509084	0.037526	-0.102634	0.121472	-0.139794	0.132652	-0.0767552	0.0656902	-0.0467135	0.00406581	0.0207924	-0.0268823	0.0611001	-0.0768339	0.0344542	0.0144867	-0.0283234	-0.0295702	0.106212
-4.47109	3.71431	0.0124977	-0.0443293	-0.00696185	0.341819	-0.193077	-0.0892602	0.00518174	-0.413915	0.325191	0.183135	-0.174949	-0.247293	0.244217	0.149491	-0.0422958	-0.259108	0.183013	0.0660159	-0.0612453	-0.0355643	-0.0249675	-0.045017	0.212252	-0.170787	-0.0344237	0.0253664	0.16465	-0.131892	-0.0609523	0.114696	-0.000257986	-0.0975714	0.102046	-0.0267094	-0.0707668	0.07095	0.0385937	-0.151791
-4.39505	3.69339	-0.0573635	-0.117937	0.169413	0.479146	-0.361963	0.145126	-0.295678	-0.13806	0.160783	0.154358	-0.310761	0.0853946	0.105728	0.0300486	0.0529597	-0.207156	0.118772	0.107804	-0.140878	0.0328199	-0.0101778	-0.0550061	0.0808561	-0.0405216	0.0145853	-0.0368458	0.0471498	0.0142872	-0.042261	0.0560611	-0.0907317	0.0770386	0.0312061	-0.118542	0.111175	-0.0466799	-0.0509519	0.16097
-4.45295	3.73361	-0.165001	-0.0166392	0.10755	0.404175	-0.338581	0.170371	-0.239241	-0.277866	0.33462	0.0692604	-0.200819	-0.144704	0.217645	-0.0327567	0.133139	-0.116762	0.0850271	-0.0617666	-0.0209346	0.034217	-0.0382409	-0.0296226	0.0770475	-0.0254427	-0.0290216	-0.0326296	0.08117	-0.00395233	-0.0419095	0.0201004	0.0301973	-0.0986662	0.158718	-0.140222	0.0753464	-0.0380261	0.0339783	-0.0585121
-4.59414	3.61239	0.333289	-0.216648	0.11972	0.446575	-0.254072	-0.0129278	-0.110894	-0.185785	0.0713278	0.185924	-0.195998	-0.0417164	0.0753115	0.100477	0.0375913	-0.186998	0.145257	-0.0125953	-0.0404645	0.0107157	0.0803407	-0.215606	0.123378	0.0260951	0.0607364	-0.259316	0.201148	0.0968943	-0.222377	0.0871238	0.0950913	-0.114876	-0.00420311	0.0929014	-0.0251814	-0.0934265	0.0853637	0.0364215
-4.8788	4.03243	0.109199	-0.0955576	-0.0858782	0.38	0.0646608	-0.0804331	-0.0636308	-0.324885	0.210199	0.192676	-0.39987	0.182595	-0.0557082	0.122166	-0.140407	0.156723	0.0167193	-0.0486078	-0.104396	0.0603021	0.108616	-0.235106	0.169574	-0.0433931	0.0369493	-0.116633	0.0591242	0.188041	-0.358328	0.341146	-0.20515	0.0739586	0.00230623	-0.0323201	0.0719361	-0.125604	0.194639	-0.262397
-4.83877	3.70913	0.502127	-0.120392	-0.138557	0.520152	-0.0255165	0.0841938	-0.31392	-0.168728	0.05107	0.178355	-0.198727	0.159852	-0.181543	0.0501419	0.1153	-0.0408381	0.0991738	-0.0864552	-0.0180788	-0.0729701	0.200976	-0.192678	0.0125178	0.0546222	0.111669	-0.28478	0.151264	0.117925	-0.0973288	-0.0839594	0.136127	-0.0355707	-0.0474112	0.036607	0.0305951	-0.0461125	0.00824133	0.0145593
-4.91433	3.67665	0.573769	-0.0964189	-0.141193	0.360536	0.0402592	0.309687	-0.332133	-0.37397	0.120812	0.148565	-0.158715	0.224093	-0.210784	0.0387035	0.0159827	0.118959	-0.0759939	0.00416383	-0.0177354	-0.0359595	0.149264	-0.181068	0.0503637	-0.0186594	0.131675	-0.200934	0.0456802	0.125272	-0.0322853	-0.0807872	0.0507147	0.00718502	0.000663461	-0.0277842	0.0549494	-0.0530824	0.0393117	-0.0307282
-5.13791	3.86275	0.588638	-0.0437787	-0.204112	0.323109	0.0835377	0.298945	-0.26604	-0.430637	0.158637	-0.0120596	-0.0620766	0.167226	-0.153627	0.0397824	-0.0167448	0.0970883	0.0923415	-0.0881398	0.00146521	-0.0728048	0.125521	-0.157353	0.0982699	-0.032145	0.0101612	-0.0753377	0.0497569	0.0751897	-0.104552	0.086633	-0.0296538	-0.0338651	0.0276644	0.0180623	0.0291956	-0.129151	0.157106	-0.0401002
-5.29853	3.84965	0.690412	0.0816916	-0.220949	0.064355	0.138075	0.530874	-0.433415	-0.32945	0.286039	-0.254649	0.0994022	0.0881154	-0.174741	0.0316256	0.0454888	0.0273672	0.072717	0.0224941	-0.000515925	-0.138594	0.0345141	-0.0183693	0.114912	-0.144884	0.0651851	-0.0158944	-0.0293759	0.0566418	-0.00786224	-0.00444195	0.0215143	-0.0733343	0.100137	-0.0552459	-9.18428e-05	0.00501706	0.0844705	-0.143979
-5.65142	3.90294	1.08745	0.0874851	-0.425425	0.0163336	0.303538	0.258167	-0.367061	-0.302425	0.376744	-0.29119	0.0226942	0.0504764	-0.0916368	-0.0259723	0.138291	-0.0504516	0.096647	0.0383629	0.145554	-0.293044	0.0969358	-0.178668	0.222446	0.0492299	-0.185796	-0.0843787	0.203324	0.0439747	-0.195189	0.0386784	0.147917	-0.0772788	-0.0825892	0.0812686	0.0599656	-0.133253	0.071554	0.112609
-5.90632	3.84795	1.26722	0.176853	-0.384251	-0.0795013	0.0135877	0.449163	-0.157392	-0.239545	0.111948	-0.160366	-0.114904	0.0662591	-0.12358	0.104797	0.0603303	0.0472699	-0.0177664	0.058154	0.1325	-0.180403	0.0689797	-0.176579	0.159282	-0.0556854	0.0237142	-0.136811	0.104424	0.0894295	-0.114341	-0.000986193	0.0377732	0.0312302	-0.0393637	-0.059392	0.170757	-0.170319	0.0788123	0.0781173
-6.2267	3.71401	1.50115	0.294819	-0.323975	-0.157698	0.0525095	0.479134	-0.134877	-0.299787	0.22679	-0.324356	-0.0260513	0.0404438	-0.16842	0.0787381	0.0945892	0.0324213	0.0927349	0.0168466	0.00399548	-0.134363	0.26	-0.235952	-0.0344898	0.0368177	0.0621815	-0.095841	-0.0257736	0.160925	-0.0868727	-0.0600791	0.0848551	-0.00658383	0.0271139	-0.129774	0.129449	0.00451537	-0.0343036	-0.0711345
-6.40547	3.71567	1.22898	0.621671	-0.131763	-0.172645	-0.232802	0.285283	-0.0865995	-0.00643373	0.0644863	-0.285096	0.0520424	-0.0650419	-0.224095	0.165805	0.0288077	-0.00568868	0.0419375	0.277877	0.0395025	-0.338504	0.288583	-0.208339	-0.0115355	0.0224338	-0.0315388	0.0827422	-0.0930408	0.0329057	0.0243613	-0.00360015	-0.0360877	0.0347224	0.0162501	-0.0772365	0.10767	-0.0504044	0.0123125	-0.0324342
-6.75251	4.00986	1.18055	0.238448	0.125556	0.0983547	-0.250094	0.113697	-0.115879	-0.0439302	0.119869	-0.246527	0.139934	-0.132494	-0.0957649	-0.044819	-0.0350518	0.0523205	0.252136	0.0401816	0.0743914	-0.230498	0.222796	-0.154204	-0.109903	0.0706577	0.0438001	-0.124183	0.131192	0.0465665	-0.222219	0.138127	0.0469001	-0.0788847	-0.0155719	0.11469	-0.0965783	-0.0130087	0.144701	-0.176102
-6.81773	3.97128	1.16524	0.360692	-0.0515464	-0.175951	-0.00165229	0.346926	-0.193393	-0.079786	0.0493725	-0.259069	0.0948171	0.0199662	-0.141504	0.00523764	-0.159893	0.213907	0.155232	-0.0130453	0.0170257	-0.139482	0.201804	-0.0998417	-0.0925856	0.0993057	-0.150755	0.0344872	0.122244	-0.0580582	-0.037314	-0.0625018	0.159719	-0.0779601	-0.0153255	0.0303158	0.00860974	-0.0316121	0.00845682	0.0681118
-6.66953	3.83912	1.13053	0.226512	0.000516232	-0.104376	0.0677141	0.223516	-0.0586264	-0.2013	0.253025	-0.37568	0.076321	-0.057615	-0.0644703	0.0411703	-0.0735447	0.00151861	0.233131	0.00398818	0.0415823	-0.259153	0.299706	-0.10709	-0.0277635	-0.0725818	0.0367893	-0.0575266	0.071651	0.0131542	-0.0486345	-0.0234949	0.0631328	-0.00399819	-0.0207259	0.0203969	-0.031697	0.0281711	0.0147105	-0.0153487
-6.80196	3.91018	1.11401	0.313756	0.0350736	-0.151844	-0.0526057	0.347163	0.0788658	-0.340252	0.274123	-0.259872	0.0315946	-0.0783063	-0.189781	0.0412051	0.206079	-0.0229322	-0.0245654	-0.0199457	0.142945	-0.210915	0.351894	-0.28057	-0.0929902	0.279867	-0.180896	-0.0999684	0.170554	-0.0902838	-0.0327148	0.174931	-0.109484	-0.120004	0.269762	-0.238798	0.130433	-0.0109091	-0.0378553	0.00124627
-6.62082	3.77547	0.921333	0.321825	0.0562926	-0.0442279	-0.0285892	0.319328	-0.0386642	-0.212972	0.155829	-0.252228	0.0657772	-0.0108627	-0.124205	-0.0863632	0.0338185	0.0765934	0.156759	-0.136875	0.176624	-0.143244	0.214437	-0.268508	0.105162	-0.0268221	-0.0203731	-0.0680335	0.0931982	-0.0220365	0.0229983	-0.0850243	0.0933533	-0.0319928	0.0417717	-0.12831	0.189121	-0.0961202	-0.0520554	0.0403127
-6.42291	3.55977	0.831286	0.275463	0.108002	0.0538038	-0.0710215	0.186848	0.10011	-0.264031	0.192317	-0.204188	-0.0209178	-0.122418	0.0948047	-0.119034	-0.0240684	0.0390867	0.205972	-0.108345	0.16245	-0.230869	0.241466	-0.185264	0.0995739	-0.102396	-0.0194907	0.0129758	0.0349864	0.0161495	-0.096768	0.129802	-0.0882023	0.00679084	0.0867811	-0.0867948	0.0281159	-0.00608071	0.0243177	0.0443107
-6.42526	3.56828	0.86342	0.505462	-0.221341	-0.159826	0.0607525	0.422814	0.0443467	-0.259047	0.0597029	-0.248749	0.032533	0.0332687	-0.0580673	-0.204602	0.165618	0.0557731	0.0609155	-0.0488623	0.173194	-0.207654	0.195193	-0.154262	0.0674115	-0.0406947	-0.0877687	0.0669913	-0.0376576	0.122101	-0.207452	0.176085	-0.0413341	-0.0397024	0.0333683	0.0359219	-0.018323	-0.138798	0.238691	-0.0538158
-6.05559	3.27676	0.91736	0.423135	-0.00660906	-0.454134	-0.117871	0.516471	0.27651	-0.218857	-0.102	-0.450265	0.0768713	0.253333	0.0462556	-0.284186	0.0509956	0.0610024	0.145409	-0.00283424	-0.0222521	-0.162266	0.186264	-0.0223044	0.0355008	-0.136138	-0.000332813	0.0215373	0.0396366	0.0132303	-0.0943998	0.0233669	0.0367233	0.0773657	-0.0744253	-0.0739874	0.143187	-0.117042	0.0418102	0.114261
-5.72501	3.38164	0.701155	0.385249	-0.192604	-0.20263	-0.0115816	0.409615	0.0710827	-0.155604	-0.0863226	-0.288702	0.00260688	0.0616109	0.115311	-0.0451259	0.0498003	-0.027264	-0.0382164	0.00360514	0.198451	-0.226256	0.179036	-0.114401	0.0059164	-0.0143902	0.13061	-0.151017	-0.0231588	0.0438537	-0.00895108	0.0609257	-0.0575237	0.0216404	0.0392562	-0.0884415	0.0789208	-0.0637835	0.0874649	-0.0647629
-5.41185	3.50254	0.481384	0.180733	-0.202319	-0.0630167	0.0242181	0.462052	-0.232937	-0.175943	0.00335675	-0.125915	-0.0611159	0.0380421	0.164108	-0.147623	0.145499	-0.0387086	-0.0371498	-0.00860431	0.143695	-0.215624	0.232429	-0.192962	0.171063	-0.107802	0.0131379	-0.0132746	-0.0133793	0.0217781	-0.0368913	0.00101715	0.100823	-0.108472	0.0534999	-0.0301121	0.0444177	-0.0500525	0.0388887	-0.0144384
-5.04128	3.31161	0.49508	0.110953	-0.152943	-0.0204559	-0.116777	0.420607	-0.102735	-0.387965	0.13355	-0.0426699	-0.207305	0.132579	0.165194	-0.119597	0.102924	-0.0680142	0.0588146	-0.0927169	0.126463	-0.150499	0.137982	-0.0804128	0.163341	-0.182078	0.0519267	-0.00289144	0.00772146	-0.0392835	-0.014632	0.0583595	-0.00123353	-0.0597053	0.107272	-0.124399	0.0836335	-0.0271005	0.0286848	-0.0430088
-4.78243	3.25438	0.46863	-0.0364922	-0.116115	-0.0206508	-0.0654302	0.399804	-0.151378	-0.46428	0.107383	0.0300699	-0.126653	0.157404	0.192352	-0.255894	0.131587	-0.1106	0.174992	-0.136653	0.0789404	-0.0824188	0.0891328	-0.0726572	0.151441	-0.143782	0.0104219	0.0536819	-0.00925474	-0.0431406	-0.0584475	0.12144	-0.08377	0.0376128	0.0421622	-0.0819019	0.0328491	0.0101215	0.0280481	-0.0748811
-4.65416	3.43017	0.206867	-0.0915992	-0.173382	0.104343	-0.162424	0.462104	-0.308349	-0.375941	0.0461869	0.0920018	-0.0685368	0.184398	0.0743836	-0.162143	0.0975138	-0.0746003	0.0708058	-0.048714	0.0555019	-0.100696	0.0954444	-0.0555023	0.138683	-0.159536	0.0731171	0.0151375	-0.0139381	-0.0459157	-0.0180518	0.0693577	-0.0798463	0.0641391	0.0256022	-0.0664146	0.00248375	0.0542964	-0.0284154	-0.0202913
-4.38992	3.21615	0.115628	-0.218947	-0.0293763	0.102998	-0.177714	0.340208	-0.249544	-0.445512	0.0668927	0.159146	-0.122329	0.13555	0.192574	-0.1473	0.0911922	-0.0910886	0.0863223	-0.131146	0.0172906	-0.00986126	0.123795	-0.1415	0.158587	-0.0846867	0.0847516	-0.0800039	-0.00866308	0.0446982	-0.0989633	0.0883652	-0.0614557	0.0447795	-0.00720144	-0.000900079	0.00509782	-0.0250797	0.00632403	0.0742066
-4.22501	3.14732	-0.0734438	-0.173501	0.0179102	0.197192	-0.267411	0.188138	-0.195086	-0.387391	0.0832687	0.302618	-0.170908	0.0159725	0.191968	-0.0909801	0.0783033	-0.0699269	0.143133	-0.196794	-0.0443115	-0.0349335	0.15834	-0.0369123	0.0710644	-0.0515921	0.00625817	0.0377542	-0.127453	0.152859	-0.104581	0.036574	-0.0622978	0.0623273	-0.00556699	-0.0200983	0.0210066	0.0208196	-0.105998	0.169886
-4.22901	3.17259	0.0927358	-0.460394	-0.00202555	0.401228	-0.328679	0.0971422	-0.256923	-0.287948	0.148753	0.398013	-0.240819	-0.0743382	0.212437	-0.128	0.148154	-0.0493443	0.114685	-0.216816	-0.0863196	0.0518097	0.164063	-0.161274	0.14878	-0.0657576	0.0924809	-0.115509	-0.0105275	0.0862619	-0.0279313	-0.0332495	0.0106741	-0.0127016	0.0220341	-0.0493706	0.0727725	0.0244153	-0.121933	0.0284801
-3.94635	2.97827	-0.19154	-0.346863	0.212214	0.15554	-0.206259	0.0306507	-0.125687	-0.216631	0.0492532	0.379115	-0.185572	-0.129944	0.172354	-0.0579613	0.210042	-0.219775	0.0965073	-0.0430785	-0.12738	0.0608991	0.0574896	-0.0429773	0.051018	-0.025475	0.057608	-0.0357026	-0.053754	0.0751754	-0.0547766	0.0423093	-0.0249484	-0.0214336	0.0203693	0.00477523	-0.0195092	0.0598038	-0.0750932	0.0400564
-3.86423	3.06668	-0.436949	-0.298309	0.235716	0.152074	-0.261604	0.0466787	-0.19501	-0.0527346	0.109848	0.328093	-0.328558	-0.0154073	0.144994	-0.0263562	0.115972	-0.197376	0.148477	-0.055258	-0.125091	0.0696	0.0397519	-0.031547	0.0338504	-0.048498	0.101489	-0.0665573	-0.0237456	0.0333079	-0.00177878	0.0204132	-0.0600526	0.0565233	-0.0414057	0.0195626	-0.038332	0.105274	-0.0927706	-0.0375833
-3.73454	2.89606	-0.45224	-0.25379	0.264319	0.153724	-0.282109	0.00748119	-0.00588132	-0.166565	0.144394	0.206198	-0.181446	-0.14662	0.199012	-0.0701955	0.13945	-0.209534	0.121531	0.0341867	-0.109731	0.00528461	0.1094	-0.113678	0.0999124	-0.10812	0.126285	-0.0830752	-0.00106328	0.0289871	-0.0186427	0.0464229	-0.110746	0.143905	-0.120665	0.0633282	-0.0641312	0.116141	-0.0662928	-0.127839
-3.63976	2.67896	-0.39815	-0.369141	0.394276	0.150289	-0.386021	-0.00301479	-0.0288147	0.0162232	0.0305547	0.222978	-0.25524	-0.0667504	0.256469	-0.162375	0.145468	-0.216074	0.125746	0.105206	-0.183432	0.0398123	0.0533752	-0.0484894	0.0889491	-0.132869	0.141073	-0.114857	0.056266	-0.00841998	0.011096	-0.00644143	-0.0472836	0.0775399	-0.0496771	0.00460027	-0.0138718	0.04441	-0.00482389	-0.105944
-3.86338	2.63718	-0.2353	-0.366084	0.480912	0.185833	-0.449251	-0.00688916	0.0394436	0.15375	-0.0611633	0.240876	-0.28379	-0.0845319	0.250791	-0.299281	0.127697	-0.141656	0.206979	0.129407	-0.228625	0.0604902	0.0479659	-0.0473788	0.104096	-0.175971	0.114547	-0.128311	0.0755624	0.0620101	-0.0402501	-0.00273758	-0.0751807	0.148858	-0.114914	0.0321412	-0.00753897	0.0232703	0.0125955	-0.0880535
-3.94003	2.33939	-0.602067	-0.400706	0.28477	0.0119763	-0.613034	-0.142562	-0.0811175	0.00561154	-0.212577	0.0400166	-0.326976	-0.211197	0.235331	-0.356306	-0.0303969	-0.315611	0.00921303	0.0942072	-0.305113	-0.0840487	0.095338	-0.151754	0.115359	-0.272943	0.100647	-0.147526	-0.0628244	-0.146813	-0.153176	-0.00574353	-0.154352	0.115063	-0.0121928	0.0978179	0.0624052	0.0994597	0.129486	-0.0159843
-4.07661	2.38207	-0.440799	-0.346503	0.363545	0.0599702	-0.604943	-0.0670546	-0.0111674	0.0455088	-0.160082	0.0887883	-0.282119	-0.187868	0.248723	-0.393679	-0.0971783	-0.312895	0.0226377	0.132102	-0.254896	0.00809031	0.234179	-0.0761384	0.183192	-0.236377	0.145219	-0.130335	-0.0371514	-0.0878037	-0.120378	0.0167179	-0.12384	0.0846923	-0.054771	0.0524927	-0.038885	0.00536312	-0.0113222	-0.0670441
-4.27626	2.62624	-0.25054	-0.266392	0.163429	0.122726	-0.607933	-0.0489459	0.143388	-0.0862166	-0.140889	0.183928	-0.154826	-0.11441	0.19375	-0.334226	-0.13654	-0.156886	-0.00994238	0.13648	-0.0729852	0.134166	0.307727	0.0531461	0.185225	-0.238242	0.096691	-0.067814	-0.0152702	0.036193	-0.100151	-0.0161439	-0.0340545	0.0616228	-0.089306	-0.0058196	-0.0376115	-0.00196219	0.00519255	-0.09637
-4.36106	2.56346	-0.309827	-0.169361	0.185845	0.0701618	-0.65585	0.0453672	0.027091	0.0467208	-0.149646	0.16436	-0.169242	-0.0707709	0.155188	-0.385948	-0.164967	-0.22777	-0.0646649	0.153629	-0.135689	0.00844831	0.213054	-0.0800179	0.146126	-0.307254	0.111436	-0.0819546	-0.0656891	0.00207193	-0.0336263	-0.0502688	-0.038522	0.0166239	-0.0252995	-0.000664186	-0.0665128	-0.0920829	-0.0330983	-0.0602985
-4.06403	2.44855	-0.639951	-0.175722	0.301403	-0.0506505	-0.635112	0.0951286	-0.0950107	0.0989567	-0.154125	0.210606	-0.163192	-0.0943685	0.129883	-0.403601	-0.0399675	-0.195889	-0.210596	0.0271264	-0.168822	0.0089016	0.0768822	-0.172725	0.138379	-0.0815926	0.193767	0.0352304	0.0880593	0.0629569	-0.0277446	-0.0813	-0.0732467	-0.00716187	0.0883817	0.0572661	-0.0771451	-0.101639	-0.06721	-0.040116
-4.07918	2.3989	-0.797519	-0.166173	0.305721	0.0248347	-0.638888	0.163148	-0.0965758	0.131442	-0.229213	0.241654	-0.212531	-0.0817582	0.212055	-0.389819	0.0856423	-0.115219	-0.117595	0.10698	-0.132681	0.0297696	0.14106	-0.149117	0.234936	-0.0672587	0.302146	0.030047	0.131719	0.0866877	0.00790193	-0.0548051	-0.051269	-0.0209873	0.057949	0.0602495	-0.0100951	0.0118696	0.0654883	0.0310748
-4.56248	2.24195	-0.577392	-0.168104	0.357648	-0.0260373	-0.63212	0.0592703	-0.0221975	0.0611173	-0.185848	0.161066	-0.248645	-0.14913	0.135699	-0.407234	0.0315751	-0.0990307	-0.0779409	0.105983	-0.118645	0.0892216	0.118937	-0.0752143	0.182777	-0.0935195	0.233835	-0.0844127	0.026814	0.01146	-0.00231685	-0.0233059	-0.012569	0.0551723	0.0347903	0.0508178	-0.0977439	-0.0121502	0.0271633	-0.0606509
-4.59165	2.16361	-0.370689	-0.00257286	0.203354	-0.133288	-0.58575	0.086025	-0.0561525	-0.19284	-0.0701501	0.0758283	-0.284278	-0.0563162	-0.0395752	-0.413594	-0.0388308	-0.0974549	-0.0766459	0.0403646	-0.173724	0.124828	0.0209954	-0.0253755	0.240783	0.133612	0.401577	-0.0506055	0.0217181	-0.172811	-0.150353	0.0229716	0.125884	0.0759954	-0.0444332	0.0841705	0.00863619	0.164649	-0.0234823	-0.116395
-4.55444	2.31074	-0.399706	0.0549643	0.25253	-0.0561083	-0.586115	0.201711	-0.053153	-0.167416	-0.0164254	0.20188	-0.28142	0.130366	-0.00792123	-0.337525	0.0369469	-0.102595	-0.0550489	0.0435411	-0.184442	0.164809	0.0609807	-0.0994173	0.279929	0.0373326	0.2986	-0.154108	0.0707762	-0.139247	-0.108584	-0.0855974	0.0880774	0.0931125	-0.0612078	0.0671597	-0.08748	0.05237	-0.0596507	-0.23274
-4.62955	2.27659	-0.149533	0.131814	0.401954	-0.0922052	-0.658167	0.188165	-0.0159707	-0.095897	-0.137661	0.270572	-0.327384	0.0858433	-0.030943	-0.27483	0.0868102	-0.0628894	-0.0779966	0.0187103	-0.11668	0.089809	0.0441663	-0.103884	0.11224	-0.120419	0.131698	-0.136301	-0.00325451	-0.0427763	0.0190363	-0.0319506	0.107886	0.0734038	-0.0177508	0.0943422	-0.108373	0.0133358	0.0374262	-0.041729
-4.5505	2.02643	-0.272249	0.169257	0.353174	-0.0918267	-0.544715	0.225312	-0.0961394	-0.12866	-0.195647	0.189651	-0.384741	0.116636	-0.128164	-0.214645	0.00985311	-0.088093	0.012287	-0.049023	-0.0386903	0.0139682	-0.110481	-0.155429	0.0801316	-0.118684	0.0721972	-0.178746	0.167596	0.00535341	0.0803236	0.125142	0.216621	0.0879795	0.0763059	-0.0448621	-0.161004	-0.184105	-0.0823622	0.130353
-4.68325	1.97347	-0.313824	0.230923	0.320596	-0.0519703	-0.580559	0.260018	-0.181334	-0.126125	-0.195678	0.280853	-0.335953	0.211469	-0.0225743	-0.221542	0.0126298	-0.174593	-0.0251513	-0.102154	-0.0261475	0.0242088	-0.0891764	-0.0708507	0.180303	-0.125841	0.0365475	-0.202031	0.166291	-0.0577777	-0.00654925	0.0282793	0.130531	-0.00586705	0.0219206	-0.117397	-0.092035	-0.140276	-0.0748868	0.0210594
-5.24233	1.99876	0.0511015	0.490759	0.522843	0.0349925	-0.471457	0.308442	-0.136251	-0.156381	-0.102104	0.125592	-0.245333	0.167434	-0.0901315	-0.245919	-0.0266169	-0.179207	-0.0251187	-0.0930283	0.0372699	0.142964	-0.0455245	0.090012	0.224474	0.0263545	0.0464704	-0.100808	0.134533	0.0384725	-0.0892252	0.0109961	0.0264248	0.0178362	0.00627569	-0.0832295	-0.00593805	0.00859565	-0.0252241	0.0349475
-6.0221	2.13467	0.33837	0.822029	0.541949	-0.0719238	-0.51688	0.308285	-0.140072	-0.118891	-0.0637705	-0.0315444	-0.217438	0.0875694	-0.258537	-0.12015	-0.14122	-0.179132	0.0267472	-0.0581384	0.219762	0.0303403	0.00269933	0.0210725	0.123617	-0.0563848	0.25174	0.0396158	0.136927	-0.0976027	-0.0493932	0.0386771	0.049402	0.0215014	0.167694	0.0343946	-0.0267137	-0.173718	-0.100566	-0.0861247
-6.89404	2.37616	0.375175	0.852418	0.56151	-0.0401752	-0.418935	0.438165	-0.138016	-0.284195	-0.0168918	-0.0347151	-0.262342	0.0657427	-0.172527	-0.133228	-0.287387	-0.227137	-0.0664931	-0.125742	0.0368051	-0.143728	-0.0666417	0.114631	0.0774002	0.0684046	0.103126	-0.00245186	0.143595	-0.00293479	0.00709007	-0.0908923	-0.0341453	0.0973942	0.191158	-0.00141115	-0.0497163	-0.180606	-0.105417	-0.101267
-7.07507	1.83642	0.513489	0.653124	0.544447	0.132879	-0.00711623	0.213298	0.013253	-0.188021	-0.03092	0.0104985	-0.0985362	-0.120611	-0.0590512	-0.115157	-0.173004	-0.0718551	-0.0670073	-0.0805369	0.0414596	0.0562782	0.035064	0.0668736	0.0852206	0.0512702	0.0501234	0.110474	0.0787861	0.0141968	0.112826	0.154277	0.156786	0.168674	0.0902543	-0.00674742	-0.0487397	0.0102331	0.00949217	0.0127662
-8.25455	2.23042	0.711007	0.945083	0.607461	0.0724682	-0.204829	0.0527589	0.0557646	-0.0941359	0.0059367	0.031339	-0.0327367	0.0703887	-0.0442267	-0.157655	-0.110814	-0.0184726	0.01767	-0.0275572	0.023033	0.0872495	-0.00228978	0.0762095	0.0608968	0.0437796	-0.0287197	-0.00799942	0.0679614	0.150833	0.152582	0.162117	0.167895	0.0989996	0.0724281	0.0134566	0.122536	0.011737	-0.0161801	0.0693057
-8.57664	2.01632	0.748661	0.749653	0.47746	0.0894105	-0.130598	0.0940182	0.0598696	-0.0914853	0.0110373	0.102922	0.0267402	0.0158561	-0.00529597	-0.0987892	-0.0836497	0.0281198	-0.00535161	0.00683055	0.0923703	0.139418	0.0106779	0.040799	0.074621	0.123465	0.147852	0.0880968	0.139714	0.185253	0.147434	0.216972	0.184241	0.0636894	0.0969243	0.0491111	0.0211442	-0.0426243	-0.00408645	0.0282845
-8.74843	1.76278	0.577211	0.741193	0.529736	0.0982286	-0.0292221	0.0883106	0.0717046	-0.00488004	0.0523224	0.161375	-0.0484729	-0.0949706	-0.00409033	-0.0404977	-0.0711517	0.0733461	-0.00251939	0.0924377	0.069903	0.0821221	0.110518	0.192232	0.113095	0.164959	0.18315	0.0271804	0.0662117	0.0693025	0.165973	0.188463	0.159987	0.203403	0.119479	0.0354889	0.034158	-0.00550673	0.0237609	-0.0632842
-8.79881	1.66067	0.493011	0.730068	0.624795	0.25544	0.189809	0.309826	0.14806	0.0079606	0.065029	0.108249	-0.0750785	-0.107996	0.00928436	-0.0230375	-0.100931	-0.0174794	-0.0571967	0.0776839	0.0268032	0.0656906	0.124043	0.147258	0.101103	0.179228	0.211472	0.0717368	0.0991006	0.111584	0.195653	0.155202	0.0938765	0.110539	0.0874311	0.0555411	-0.0801074	-0.0879604	-0.0508477	-0.141523
-8.79793	1.59852	0.542585	0.656691	0.564503	0.26302	0.172861	0.262466	0.118308	0.036306	0.11454	0.116437	-0.0548092	-0.0701296	0.0313328	-0.0284154	-0.0834782	0.0303584	0.0339693	0.0373225	0.0693569	0.190718	0.170937	0.158275	0.173956	0.184325	0.187125	0.164424	0.0950289	0.0957169	0.15864	0.142479	0.0951408	0.030487	0.0134567	0.0105649	-0.0612623	0.0154967	0.0336199	-0.031439
-8.87129	1.55881	0.623924	0.569763	0.470202	0.281066	0.197434	0.257017	0.143917	0.100756	0.170179	0.211554	-0.0381677	0.0211621	0.0186442	0.0319471	-0.00389378	0.12449	0.0425051	0.0388802	0.132363	0.147917	0.120616	0.0273401	0.167915	0.155188	0.0629368	0.14518	0.129598	0.0838144	0.0869146	0.0668736	0.112559	-0.000268058	-0.00225442	0.0662192	-0.0612189	0.00975453	0.0612038	0.0092696
-8.87196	1.43769	0.610888	0.539243	0.502707	0.307944	0.224228	0.306496	0.17784	0.0837819	0.134093	0.206772	0.022969	0.0437	0.0629748	0.227692	-0.014465	0.00338877	0.0735841	0.0148508	0.0807948	0.157282	0.159499	0.0163663	0.163996	0.109055	0.0359171	0.155819	0.2489	0.198721	0.0667045	0.0527795	0.0883639	0.0414566	-0.0568606	0.011121	0.00949822	-0.103064	-0.0444538	0.0392073
-9.04423	1.40816	0.652685	0.688923	0.614266	0.335983	0.29832	0.385861	0.161242	0.0740601	0.117391	0.168663	0.0665255	0.00848912	0.0396289	0.258694	0.0114561	-0.00187794	0.0749561	0.00944892	0.131944	0.119051	-0.00841907	-0.0734443	0.031748	0.000757914	0.0340191	0.137018	0.20872	0.19701	0.0889102	-0.0735461	-0.0189678	0.0562618	-0.0636351	0.0474941	0.110702	-0.0078655	0.00747962	-0.00955535
-9.15443	1.5356	0.609322	0.68778	0.531263	0.164635	0.24754	0.39132	0.126524	0.0522388	0.058487	0.211903	0.134313	-0.0316548	0.0580481	0.20207	0.165189	0.0898095	0.11105	0.0754773	0.109878	-0.0155492	0.0257618	-0.071043	-0.0889183	-0.00490518	0.123663	0.146358	0.00325138	0.100869	0.0548021	-0.101373	0.0280397	0.101031	-0.142975	-0.0244712	0.0723589	-0.0327846	0.011509	-0.0690539
