-1e+10
-1e+10
-1e+10
-1e+10
-1e+10
-1e+10
-1e+10
-1e+10
-1e+10
-1e+10
-1e+10
-1e+10
-1e+10
-1e+10
-1e+10
-1e+10
-1e+10
-1e+10
-1e+10
-1e+10
-1e+10
-1e+10
-1e+10
-1e+10
-1e+10
-1e+10
-1e+10
-1e+10
-1e+10
-1e+10
-1e+10
-1e+10
-1e+10
-1e+10
-1e+10
-1e+10
-1e+10
-1e+10
-1e+10
-1e+10
-1e+10
-1e+10
-1e+10
-1e+10
-1e+10
-1e+10
-1e+10
-1e+10
-1e+10
-1e+10
-1e+10
-1e+10
-1e+10
-1e+10
-1e+10
-1e+10
-1e+10
-1e+10
-1e+10
-1e+10
-1e+10
-1e+10
-1e+10
5.62741
5.63673
5.64618
5.6537
5.66024
5.6668
5.67296
5.67869
5.68104
5.67303
5.65727
5.64758
5.63806
5.6248
5.62134
5.63209
5.65352
5.68335
5.73009
5.75307
5.76818
5.78242
5.7952
5.80806
5.82322
5.83604
5.84155
5.84201
5.84087
5.83955
5.83837
5.83682
5.83371
5.82749
5.8149
5.7885
5.74465
5.72571
5.72583
5.73061
5.73274
5.73514
5.75995
5.9062
5.90629
5.89086
5.87029
5.84598
5.83339
5.82771
5.8238
5.82012
5.8163
5.81253
5.80832
5.80277
5.79359
5.77941
5.73087
5.72761
5.73635
5.74092
-1e+10
-1e+10
-1e+10
-1e+10
-1e+10
-1e+10
-1e+10
-1e+10
-1e+10
-1e+10
-1e+10
-1e+10
-1e+10
-1e+10
-1e+10
-1e+10
-1e+10
-1e+10
-1e+10
-1e+10
-1e+10
-1e+10
-1e+10
-1e+10
-1e+10
-1e+10
-1e+10
-1e+10
5.76979
5.74631
5.73729
5.72958
5.7206
5.71175
5.70321
5.69571
5.69049
5.68831
5.68932
5.69265
5.69746
5.7037
5.71125
5.72085
5.73106
5.74182
5.75295
5.766
5.77946
5.79135
5.80261
5.81236
5.82217
5.83112
5.84028
5.84924
5.85811
5.8669
5.87417
5.87906
5.8802
5.87675
5.87005
5.86279
5.85534
5.84627
5.83549
5.82509
5.81695
5.81181
5.80902
5.80649
5.89913
5.95318
5.95003
5.94164
5.93314
5.9264
5.9225
5.92104
5.92084
5.92021
5.91849
5.91562
5.91113
5.90394
5.89516
5.8841
5.87124
5.85509
5.82956
5.78189
5.75116
5.7363
5.73814
5.74874
-1e+10
-1e+10
-1e+10
-1e+10
-1e+10
-1e+10
-1e+10
-1e+10
-1e+10
-1e+10
-1e+10
-1e+10
-1e+10
-1e+10
-1e+10
-1e+10
-1e+10
-1e+10
-1e+10
-1e+10
-1e+10
-1e+10
-1e+10
-1e+10
-1e+10
-1e+10
-1e+10
-1e+10
-1e+10
5.79164
5.78078
5.77202
5.76698
5.76372
5.76071
5.75745
5.75464
5.75314
5.75326
5.7546
5.75633
5.75796
5.75956
5.76167
5.76473
5.76921
5.77666
5.78723
5.7996
5.8081
5.81135
5.81075
5.80751
5.80036
5.78248
5.73557
5.72772
5.73411
5.74273
5.74793
-1e+10
-1e+10
-1e+10
-1e+10
-1e+10
-1e+10
-1e+10
-1e+10
-1e+10
-1e+10
-1e+10
-1e+10
5.57287
5.59374
5.60499
5.60608
5.60511
-1e+10
-1e+10
-1e+10
-1e+10
-1e+10
-1e+10
-1e+10
-1e+10
-1e+10
-1e+10
-1e+10
-1e+10
5.66328
5.65975
5.65654
5.65316
5.64905
5.64351
5.63525
5.59759
5.54018
5.48981
5.41447
5.39588
5.38905
5.38557
5.38265
5.37944
5.37603
5.37225
5.36794
5.36379
5.36062
5.35858
5.35734
5.35697
5.35861
5.36425
5.37573
5.3921
5.40823
5.41997
5.42886
5.43853
5.45251
5.47106
5.48906
5.5046
5.52005
5.53628
5.54992
5.55819
5.56259
5.56433
5.5645
5.56328
5.55867
5.54738
5.5358
5.52845
5.52042
5.51266
5.50678
5.50709
-1e+10
-1e+10
-1e+10
-1e+10
-1e+10
-1e+10
-1e+10
-1e+10
-1e+10
-1e+10
-1e+10
-1e+10
-1e+10
-1e+10
-1e+10
-1e+10
-1e+10
-1e+10
-1e+10
-1e+10
-1e+10
-1e+10
-1e+10
-1e+10
-1e+10
-1e+10
-1e+10
-1e+10
-1e+10
-1e+10
-1e+10
-1e+10
-1e+10
-1e+10
-1e+10
-1e+10
-1e+10
-1e+10
-1e+10
-1e+10
4.55451
4.55492
4.55596
4.55737
4.55756
4.55404
4.54381
4.54275
4.51237
4.51305
4.52556
4.52716
-1e+10
-1e+10
-1e+10
-1e+10
-1e+10
5.42463
5.42314
5.42885
5.42852
5.42043
5.40863
5.35103
-1e+10
-1e+10
-1e+10
-1e+10
-1e+10
-1e+10
-1e+10
-1e+10
-1e+10
-1e+10
-1e+10
-1e+10
-1e+10
-1e+10
-1e+10
-1e+10
-1e+10
-1e+10
-1e+10
-1e+10
-1e+10
-1e+10
-1e+10
-1e+10
-1e+10
-1e+10
-1e+10
-1e+10
-1e+10
-1e+10
-1e+10
-1e+10
-1e+10
-1e+10
-1e+10
-1e+10
-1e+10
-1e+10
-1e+10
-1e+10
-1e+10
-1e+10
-1e+10
-1e+10
-1e+10
-1e+10
-1e+10
-1e+10
-1e+10
