0
0
0
0
0
0
0
0
0
0
0
0
0
0
0
0
0
0
0
0
0
0
0
0
0
0
0
0
0
0
0
0
0
0
0
0
0
0
0
0
0
0
0
0
0
0
0
6603.25
6603.25
6603.25
4445.93
4445.93
4445.93
4685.69
5364.19
5364.19
5364.19
4056.79
3859.38
3172.73
3703.85
3172.73
3172.73
3703.85
4554.72
4554.72
4554.72
3685.12
3685.12
3685.12
3638.69
6094.88
6406.25
6216.1
6216.1
6406.25
6216.1
6204.58
4529.35
1812.5
1812.5
2109.38
2109.38
2109.38
2295.27
5289.42
5687.5
6532.67
6023.65
6023.65
6023.66
6532.67
6138.64
6138.64
7043.57
7043.57
6138.64
7043.57
7043.57
5005.45
4688.13
2880.18
1953.12
1953.12
1953.12
1953.12
1953.12
1781.01
0
0
0
0
0
0
0
0
0
0
0
0
0
0
0
0
0
0
0
0
0
0
0
0
0
0
0
0
0
0
0
0
0
0
0
0
0
0
0
0
1110.37
1132.15
1216.73
2562.78
4412.81
4412.81
4412.81
3625.97
3625.97
3625.97
3625.97
3727.81
3727.81
5029.17
2898.15
6539.17
5804.24
5804.24
5804.24
6539.17
6625
6625
6853.28
7638.74
7638.74
7276.9
7276.9
5556.37
5556.37
5556.37
5612.96
5616.22
5616.22
5612.96
5169.61
4906.25
4076.86
3781.25
3781.25
3781.25
4032.34
4032.34
4053.3
4032.34
2482.84
1484.69
1309.85
1074.9
0
0
0
0
0
0
0
0
0
0
0
0
0
0
0
1441.36
1441.36
1995.08
1995.08
3809.93
5187.5
6794.73
6794.73
6794.73
6794.73
6794.73
5515.62
6656.25
7218.75
6997.11
6997.11
6997.11
6997.11
5062.22
1860.03
1860.03
1659.1
1659.1
1441.31
1441.31
0
0
0
0
0
0
0
0
0
0
0
0
0
0
0
0
0
0
0
0
0
0
0
0
0
0
0
0
0
0
2625
2661.73
4500.12
5998.27
6492.19
6502.47
6531.25
6531.25
6531.25
6531.25
6531.25
6068.73
6068.73
5294.82
5294.82
4827.43
4827.43
4471.83
6312.5
4471.83
5424.54
4471.83
5339.13
4256.79
3349.49
2314.61
1765.62
1572.07
1023.44
0
0
0
0
0
0
0
0
0
0
0
0
0
0
0
0
0
0
0
0
0
0
0
0
0
0
0
0
0
0
0
0
0
0
0
0
0
0
0
0
0
0
0
0
0
0
0
0
0
0
0
0
0
0
0
0
0
0
0
0
0
0
0
0
0
0
