-1e+10
-1e+10
-1e+10
-1e+10
-1e+10
-1e+10
-1e+10
-1e+10
-1e+10
-1e+10
-1e+10
-1e+10
-1e+10
-1e+10
-1e+10
-1e+10
-1e+10
-1e+10
-1e+10
-1e+10
-1e+10
-1e+10
-1e+10
-1e+10
-1e+10
-1e+10
-1e+10
-1e+10
-1e+10
-1e+10
-1e+10
-1e+10
-1e+10
-1e+10
-1e+10
-1e+10
-1e+10
-1e+10
-1e+10
-1e+10
-1e+10
-1e+10
-1e+10
-1e+10
-1e+10
-1e+10
-1e+10
-1e+10
5.55254
5.55664
5.56492
5.57541
5.58538
5.59362
5.60093
5.60837
5.61679
5.62494
5.63184
5.63629
5.63868
5.63998
5.64128
5.64331
5.64626
5.64985
5.65349
5.65632
5.65735
5.6565
5.65463
5.65268
5.65096
5.64937
5.64771
5.64547
5.64222
5.63797
5.63305
5.62778
5.62261
5.61728
5.61076
5.60293
5.59493
5.58816
5.58319
5.57974
5.57749
5.57522
5.57097
5.56467
5.5572
5.54876
5.53955
5.53004
5.52059
5.51201
5.50546
5.50129
5.49882
5.49734
5.49614
5.49459
5.49332
5.49476
5.5
5.50582
5.5085
5.50727
5.50433
5.50345
5.5069
5.51443
5.52491
5.53769
5.55179
5.56642
5.58165
5.59805
5.61571
5.63458
5.65533
5.67807
5.70074
5.72135
5.74028
5.75745
5.77062
5.77834
5.78129
5.78064
5.77641
5.76852
5.75722
5.74303
5.72574
5.70264
5.67169
5.64976
5.63354
5.61785
5.59276
-1e+10
-1e+10
-1e+10
-1e+10
-1e+10
-1e+10
-1e+10
-1e+10
-1e+10
-1e+10
-1e+10
-1e+10
-1e+10
-1e+10
-1e+10
-1e+10
-1e+10
-1e+10
-1e+10
-1e+10
-1e+10
-1e+10
-1e+10
-1e+10
-1e+10
-1e+10
-1e+10
-1e+10
-1e+10
-1e+10
-1e+10
-1e+10
-1e+10
-1e+10
5.52595
5.52975
5.47775
5.44859
5.42976
5.411
5.38993
5.37151
5.35173
5.34704
5.36522
-1e+10
-1e+10
-1e+10
-1e+10
-1e+10
-1e+10
-1e+10
-1e+10
-1e+10
-1e+10
-1e+10
-1e+10
-1e+10
-1e+10
-1e+10
-1e+10
-1e+10
-1e+10
-1e+10
-1e+10
-1e+10
-1e+10
-1e+10
-1e+10
-1e+10
5.46338
5.46221
5.44536
5.40854
5.39087
5.38183
5.37492
5.36761
5.36212
5.35849
5.35618
5.35495
5.35431
5.35395
5.35399
5.35387
5.35209
5.34848
5.34412
5.33858
5.3416
5.35633
-1e+10
-1e+10
-1e+10
-1e+10
-1e+10
-1e+10
-1e+10
-1e+10
-1e+10
-1e+10
-1e+10
-1e+10
-1e+10
-1e+10
-1e+10
-1e+10
-1e+10
-1e+10
-1e+10
-1e+10
-1e+10
-1e+10
-1e+10
-1e+10
-1e+10
-1e+10
-1e+10
-1e+10
5.34453
5.33806
5.33547
5.33439
5.33408
5.33426
5.33479
5.33528
5.33523
5.33493
5.3355
5.33817
5.34317
5.34768
5.34915
5.34807
5.34564
5.34089
5.33187
5.31439
5.27938
5.24913
5.28539
-1e+10
-1e+10
-1e+10
5.27603
5.27312
5.27109
5.26877
5.26571
5.26172
5.25515
5.24338
5.23314
5.22539
5.21634
5.20393
5.19122
5.18117
5.17734
5.21303
5.36865
5.44049
5.44102
5.41957
5.38532
-1e+10
-1e+10
-1e+10
-1e+10
-1e+10
-1e+10
-1e+10
4.53596
4.5362
4.53632
4.53633
4.55052
4.5533
4.55428
4.55518
4.57942
4.5765
4.24611
4.22347
4.22238
4.30488
4.30567
4.30673
4.30693
-1e+10
-1e+10
-1e+10
-1e+10
-1e+10
-1e+10
-1e+10
-1e+10
-1e+10
-1e+10
-1e+10
-1e+10
-1e+10
-1e+10
-1e+10
-1e+10
-1e+10
-1e+10
-1e+10
-1e+10
-1e+10
-1e+10
-1e+10
-1e+10
-1e+10
-1e+10
-1e+10
-1e+10
-1e+10
-1e+10
-1e+10
-1e+10
-1e+10
-1e+10
-1e+10
-1e+10
-1e+10
-1e+10
-1e+10
-1e+10
-1e+10
-1e+10
-1e+10
-1e+10
-1e+10
-1e+10
-1e+10
-1e+10
-1e+10
-1e+10
-1e+10
-1e+10
