-1e+10
-1e+10
-1e+10
-1e+10
-1e+10
-1e+10
-1e+10
-1e+10
-1e+10
-1e+10
-1e+10
-1e+10
-1e+10
-1e+10
-1e+10
-1e+10
5.34475
5.35278
5.37037
5.39882
5.40054
5.38922
5.3922
5.38112
-1e+10
-1e+10
-1e+10
-1e+10
-1e+10
-1e+10
-1e+10
-1e+10
-1e+10
-1e+10
-1e+10
-1e+10
-1e+10
-1e+10
-1e+10
-1e+10
-1e+10
-1e+10
-1e+10
-1e+10
-1e+10
-1e+10
-1e+10
-1e+10
-1e+10
-1e+10
-1e+10
-1e+10
5.59355
5.58236
5.57021
5.55956
5.55189
5.54644
5.54227
5.539
5.53642
5.53422
5.53197
5.52954
5.5276
5.52717
5.5288
5.5325
5.53815
5.54493
5.54971
5.55069
5.54679
5.53608
5.51885
5.50991
5.52097
5.55814
-1e+10
-1e+10
-1e+10
-1e+10
-1e+10
5.72361
5.73195
5.73311
5.72275
5.71346
5.70562
5.69873
5.69374
5.69132
5.69131
5.69222
5.69226
5.69038
5.68628
5.6794
5.6701
5.65779
5.64482
5.63386
5.62282
5.61154
5.59001
5.56515
5.56744
5.59275
5.63526
5.66297
5.67028
5.66725
5.66396
5.6631
5.66097
5.6511
5.6394
5.63662
5.6419
5.65103
5.66203
5.67417
-1e+10
-1e+10
-1e+10
-1e+10
-1e+10
-1e+10
-1e+10
-1e+10
-1e+10
-1e+10
-1e+10
-1e+10
-1e+10
-1e+10
-1e+10
-1e+10
5.40907
5.40318
5.39887
5.39422
5.38814
5.37956
5.36945
5.35923
5.35009
5.34274
5.33692
5.3324
5.32948
5.32855
5.32846
5.32808
5.32729
5.32662
5.32646
5.32661
5.32669
5.32708
5.32928
5.33454
5.34187
5.34883
5.35457
5.36154
5.37406
5.39579
5.43793
5.45823
5.46788
5.47693
5.49236
5.50632
5.51069
5.50932
5.50445
5.49965
-1e+10
-1e+10
-1e+10
-1e+10
-1e+10
-1e+10
-1e+10
-1e+10
-1e+10
-1e+10
-1e+10
-1e+10
-1e+10
-1e+10
-1e+10
-1e+10
-1e+10
-1e+10
-1e+10
-1e+10
-1e+10
-1e+10
-1e+10
-1e+10
-1e+10
-1e+10
-1e+10
-1e+10
-1e+10
-1e+10
-1e+10
-1e+10
-1e+10
-1e+10
-1e+10
-1e+10
-1e+10
-1e+10
-1e+10
-1e+10
-1e+10
-1e+10
-1e+10
-1e+10
-1e+10
-1e+10
5.4553
5.43621
5.4211
5.41136
5.40501
5.40108
5.3991
5.39922
5.40159
5.40626
5.41325
5.42097
5.42951
5.44056
5.45609
5.46921
5.4776
5.48593
-1e+10
-1e+10
-1e+10
-1e+10
-1e+10
-1e+10
-1e+10
-1e+10
-1e+10
-1e+10
-1e+10
-1e+10
-1e+10
-1e+10
-1e+10
-1e+10
-1e+10
-1e+10
-1e+10
-1e+10
-1e+10
-1e+10
-1e+10
-1e+10
5.48786
5.48464
5.47838
5.47503
5.47363
5.47059
5.45902
5.43438
5.41067
5.39049
5.37194
5.35579
5.34133
5.33001
5.32353
5.32012
5.31768
5.31537
5.31334
5.31182
5.31083
5.31015
5.30955
5.30931
5.30994
5.31188
5.3153
5.31974
5.32415
5.32852
5.33301
5.33758
5.34275
5.34884
5.35552
5.36243
5.36918
5.37635
5.38468
5.39428
5.40506
5.41735
5.43069
5.44244
5.45063
5.45585
5.46029
5.46757
5.48098
5.49841
5.513
5.5208
5.52178
5.51726
5.50899
5.49945
5.49098
5.48364
