1.176470000000000027e+03
1.176470000000000027e+03
1.176470000000000027e+03
1.176470000000000027e+03
1.176470000000000027e+03
1.176470000000000027e+03
1.176470000000000027e+03
1.176470000000000027e+03
1.176470000000000027e+03
1.176470000000000027e+03
1.176470000000000027e+03
1.176470000000000027e+03
1.176470000000000027e+03
1.176470000000000027e+03
1.176470000000000027e+03
1.176470000000000027e+03
1.176470000000000027e+03
1.176470000000000027e+03
1.176470000000000027e+03
1.176470000000000027e+03
1.176470000000000027e+03
1.176470000000000027e+03
1.176470000000000027e+03
1.176470000000000027e+03
1.176470000000000027e+03
1.176470000000000027e+03
1.176470000000000027e+03
1.176470000000000027e+03
1.176470000000000027e+03
1.176470000000000027e+03
1.176470000000000027e+03
1.176470000000000027e+03
1.176470000000000027e+03
1.176470000000000027e+03
1.176470000000000027e+03
1.176470000000000027e+03
1.176470000000000027e+03
1.176470000000000027e+03
1.176470000000000027e+03
1.176470000000000027e+03
1.176470000000000027e+03
1.176470000000000027e+03
1.176470000000000027e+03
1.518579999999999927e+03
3.656250000000000000e+03
3.656250000000000000e+03
5.343859999999999673e+03
5.343859999999999673e+03
6.234380000000000109e+03
6.234380000000000109e+03
6.234380000000000109e+03
2.250159999999999854e+03
2.250159999999999854e+03
2.250159999999999854e+03
2.265619999999999891e+03
4.469189999999999600e+03
5.074170000000000073e+03
5.074170000000000073e+03
4.469189999999999600e+03
4.306157499999999345e+03
4.143125000000000000e+03
3.980092499999999745e+03
3.817059999999999491e+03
3.654027499999999691e+03
3.490994999999999891e+03
3.327962499999999636e+03
3.164929999999999836e+03
3.001897500000000036e+03
2.838864999999999782e+03
2.675832499999999982e+03
2.512800000000000182e+03
2.349767499999999927e+03
2.186735000000000127e+03
2.023702499999999873e+03
1.860670000000000073e+03
1.697637500000000273e+03
1.534605000000000018e+03
1.371572500000000218e+03
1.208539999999999964e+03
1.625000000000000000e+03
2.625000000000000000e+03
5.328119999999999891e+03
5.328119999999999891e+03
5.328119999999999891e+03
5.322090000000000146e+03
3.546880000000000109e+03
3.546880000000000109e+03
3.313989999999999782e+03
4.070880000000000109e+03
3.317710000000000036e+03
4.070880000000000109e+03
3.769250000000000000e+03
3.769250000000000000e+03
3.640619999999999891e+03
3.640619999999999891e+03
3.167179999999999836e+03
2.452750000000000000e+03
2.452750000000000000e+03
1.593750000000000000e+03
1.649759999999999991e+03
1.427730000000000018e+03
1.427730000000000018e+03
1.296880000000000109e+03
1.276775454545454750e+03
1.256670909090909163e+03
1.236566363636363803e+03
1.216461818181818217e+03
1.196357272727272857e+03
1.176252727272727270e+03
1.156148181818181911e+03
1.136043636363636324e+03
1.115939090909090964e+03
1.095834545454545605e+03
1.075730000000000018e+03
1.526660000000000082e+03
2.537250000000000000e+03
2.984380000000000109e+03
2.933530000000000200e+03
2.933530000000000200e+03
2.984380000000000109e+03
2.951570000000000164e+03
2.933530000000000200e+03
2.951570000000000164e+03
2.951570000000000164e+03
2.781250000000000000e+03
2.378159999999999854e+03
1.218750000000000000e+03
1.187500000000000000e+03
1.134799999999999955e+03
1.187500000000000000e+03
1.172799999999999955e+03
1.187500000000000000e+03
1.172799999999999955e+03
1.172799999999999955e+03
1.325753999999999905e+03
1.478708000000000084e+03
1.631662000000000035e+03
1.784615999999999985e+03
1.937569999999999936e+03
2.090523999999999887e+03
2.243478000000000065e+03
2.396431999999999789e+03
2.549385999999999967e+03
2.702340000000000146e+03
3.171880000000000109e+03
3.281090000000000146e+03
3.281090000000000146e+03
3.281090000000000146e+03
3.281090000000000146e+03
4.578119999999999891e+03
4.578119999999999891e+03
7.282239999999999782e+03
7.282239999999999782e+03
7.282239999999999782e+03
7.011949999999999818e+03
6.828119999999999891e+03
6.828119999999999891e+03
6.775859999999999673e+03
6.657949999999999818e+03
6.541750000000000000e+03
6.538050000000000182e+03
6.489689999999999600e+03
6.489689999999999600e+03
6.489689999999999600e+03
6.648439999999999600e+03
6.648439999999999600e+03
7.207739999999999782e+03
7.626750000000000000e+03
7.827630000000000109e+03
7.626750000000000000e+03
7.626750000000000000e+03
7.448550000000000182e+03
7.448550000000000182e+03
7.367510000000000218e+03
6.867939999999999600e+03
6.867939999999999600e+03
6.643229999999999563e+03
6.507810000000000400e+03
1.316369999999999891e+03
1.140230000000000018e+03
1.140230000000000018e+03
1.191130000000000109e+03
1.316369999999999891e+03
1.191130000000000109e+03
1.346059999999999945e+03
1.191130000000000109e+03
2.240630000000000109e+03
1.640619999999999891e+03
2.635929999999999836e+03
1.640619999999999891e+03
1.640619999999999891e+03
1.070910000000000082e+03
1.070910000000000082e+03
1.070910000000000082e+03
1.065680000000000064e+03
1.065680000000000064e+03
1.074962222222222181e+03
1.084244444444444525e+03
1.093526666666666642e+03
1.102808888888888987e+03
1.112091111111111104e+03
1.121373333333333449e+03
1.130655555555555566e+03
1.139937777777777910e+03
1.149220000000000027e+03
1.162049999999999955e+03
2.685400000000000091e+03
5.779420000000000073e+03
6.380710000000000036e+03
6.760279999999999745e+03
6.380710000000000036e+03
5.779420000000000073e+03
5.447399999999999636e+03
1.308970000000000027e+03
1.268480000000000018e+03
1.268480000000000018e+03
1.268480000000000018e+03
1.362839999999999918e+03
3.262760000000000218e+03
4.084260000000000218e+03
4.084260000000000218e+03
4.084260000000000218e+03
4.084260000000000218e+03
4.084260000000000218e+03
3.267449999999999818e+03
3.430380000000000109e+03
3.267449999999999818e+03
3.267449999999999818e+03
3.430380000000000109e+03
5.168180000000000291e+03
6.719359999999999673e+03
6.719359999999999673e+03
5.168180000000000291e+03
5.168180000000000291e+03
5.492939999999999600e+03
5.492939999999999600e+03
6.953119999999999891e+03
6.953119999999999891e+03
6.953119999999999891e+03
5.375000000000000000e+03
2.946840000000000146e+03
1.230160000000000082e+03
1.113319999999999936e+03
1.113319999999999936e+03
1.158279999999999973e+03
1.158279999999999973e+03
1.146240000000000009e+03
1.146240000000000009e+03
1.083019999999999982e+03
1.094005714285714248e+03
1.104991428571428514e+03
1.115977142857142780e+03
1.126962857142857047e+03
1.137948571428571313e+03
1.148934285714285579e+03
1.159920000000000073e+03
1.170905714285714339e+03
1.181891428571428605e+03
1.192877142857142871e+03
1.203862857142857138e+03
1.214848571428571404e+03
1.225834285714285670e+03
1.236819999999999936e+03
1.247805714285714203e+03
1.258791428571428469e+03
1.269777142857142735e+03
1.280762857142857001e+03
1.291748571428571267e+03
1.302734285714285534e+03
1.313719999999999800e+03
1.324705714285714294e+03
1.335691428571428560e+03
1.346677142857142826e+03
1.357662857142857092e+03
1.368648571428571358e+03
1.379634285714285625e+03
1.390619999999999891e+03
4.156010000000000218e+03
4.156010000000000218e+03
2.120949999999999818e+03
1.390619999999999891e+03
1.343750000000000000e+03
1.343750000000000000e+03
1.312539999999999964e+03
1.031250000000000000e+03
1.034734166666666624e+03
1.038218333333333248e+03
1.041702499999999873e+03
1.045186666666666724e+03
1.048670833333333348e+03
1.052154999999999973e+03
1.055639166666666597e+03
1.059123333333333221e+03
1.062607500000000073e+03
1.066091666666666697e+03
1.069575833333333321e+03
1.073059999999999945e+03
1.101819999999999936e+03
1.461250000000000000e+03
1.461250000000000000e+03
3.000000000000000000e+03
3.000000000000000000e+03
5.413159999999999854e+03
5.413159999999999854e+03
5.413159999999999854e+03
4.100770000000000437e+03
5.484380000000000109e+03
4.100770000000000437e+03
2.810000000000000000e+03
2.810000000000000000e+03
2.544440000000000055e+03
2.544440000000000055e+03
2.544440000000000055e+03
2.779409999999999854e+03
2.779409999999999854e+03
2.779409999999999854e+03
2.306559999999999945e+03
1.767089999999999918e+03
1.708789999999999964e+03
1.135980000000000018e+03
1.135980000000000018e+03
1.135980000000000018e+03
1.542019999999999982e+03
1.765619999999999891e+03
1.765619999999999891e+03
2.508340000000000146e+03
2.014630000000000109e+03
2.153469999999999800e+03
2.014630000000000109e+03
2.014630000000000109e+03
1.959129444444444516e+03
1.903628888888888923e+03
1.848128333333333330e+03
1.792627777777777737e+03
1.737127222222222372e+03
1.681626666666666779e+03
1.626126111111111186e+03
1.570625555555555593e+03
1.515125000000000000e+03
1.459624444444444407e+03
1.404123888888888814e+03
1.348623333333333449e+03
1.293122777777777628e+03
1.237622222222222263e+03
1.182121666666666670e+03
1.126621111111111077e+03
1.071120555555555484e+03
1.015620000000000005e+03
1.141490000000000009e+03
1.187750000000000000e+03
1.779950000000000045e+03
1.779950000000000045e+03
4.145659999999999854e+03
5.271920000000000073e+03
5.271920000000000073e+03
5.271920000000000073e+03
6.218750000000000000e+03
6.218750000000000000e+03
6.218750000000000000e+03
6.406250000000000000e+03
6.406250000000000000e+03
6.409239999999999782e+03
6.574310000000000400e+03
6.801199999999999818e+03
6.801199999999999818e+03
6.913699999999999818e+03
6.913699999999999818e+03
6.913699999999999818e+03
6.788539999999999964e+03
6.788539999999999964e+03
6.788539999999999964e+03
6.788539999999999964e+03
6.788539999999999964e+03
7.078239999999999782e+03
7.062880000000000109e+03
7.062880000000000109e+03
7.062880000000000109e+03
7.387119999999999891e+03
7.062880000000000109e+03
6.945880000000000109e+03
6.859380000000000109e+03
6.859380000000000109e+03
4.754979999999999563e+03
4.754979999999999563e+03
4.754979999999999563e+03
5.692899999999999636e+03
6.290199999999999818e+03
6.290199999999999818e+03
6.209350000000000364e+03
6.209350000000000364e+03
6.290199999999999818e+03
7.031590000000000146e+03
7.224770000000000437e+03
7.459000000000000000e+03
7.472699999999999818e+03
7.472699999999999818e+03
7.472699999999999818e+03
7.072329999999999927e+03
7.072329999999999927e+03
6.698090000000000146e+03
6.698090000000000146e+03
7.232640000000000327e+03
7.374729999999999563e+03
7.374729999999999563e+03
7.729250000000000000e+03
7.729250000000000000e+03
7.729250000000000000e+03
4.754600000000000364e+03
2.453119999999999891e+03
1.129529999999999973e+03
1.129529999999999973e+03
1.087319999999999936e+03
1.087220000000000027e+03
1.087319999999999936e+03
1.087319999999999936e+03
1.046880000000000109e+03
1.015620000000000005e+03
1.015620000000000005e+03
1.015620000000000005e+03
1.015620000000000005e+03
1.015620000000000005e+03
1.015620000000000005e+03
1.015620000000000005e+03
1.015620000000000005e+03
1.015620000000000005e+03
1.015620000000000005e+03
1.015620000000000005e+03
1.015620000000000005e+03
1.015620000000000005e+03
1.015620000000000005e+03
1.015620000000000005e+03
1.015620000000000005e+03
1.015620000000000005e+03
1.015620000000000005e+03
1.015620000000000005e+03
1.015620000000000005e+03
1.015620000000000005e+03
1.015620000000000005e+03
1.015620000000000005e+03
1.015620000000000005e+03
1.015620000000000005e+03
1.015620000000000005e+03
1.015620000000000005e+03
1.015620000000000005e+03
1.015620000000000005e+03
1.015620000000000005e+03
1.015620000000000005e+03
1.015620000000000005e+03
1.015620000000000005e+03
1.015620000000000005e+03
1.015620000000000005e+03
1.015620000000000005e+03
1.015620000000000005e+03
1.015620000000000005e+03
1.015620000000000005e+03
