-7.59474	1.70614	0.158558	0.525061	0.076745	0.3024	0.0643123	0.186382	0.00825618	0.17463	0.0273996	0.109009	-0.031271	0.0871437	-0.0188876	0.0787325	-0.0193085
-7.79098	1.69206	0.225306	0.518721	0.135395	0.30215	0.11465	0.191272	0.0561909	0.178726	0.0722348	0.113459	0.00858654	0.0883926	0.0193343	0.0811563	0.0194795
-9.00122	1.52969	0.468772	0.426441	0.331984	0.307501	0.207876	0.246124	0.125852	0.258983	0.142445	0.165043	0.0643257	0.12444	0.098433	0.133664	0.0754237
-9.39519	1.27967	0.547	0.399064	0.501394	0.381025	0.270119	0.329795	0.177386	0.214802	0.137614	0.21973	0.188574	0.222888	0.119996	0.109733	0.0918225
-9.63612	1.19979	0.518284	0.469798	0.475196	0.295855	0.202986	0.337743	0.215879	0.208949	0.200715	0.359341	0.320728	0.275333	0.194747	0.073388	0.102578
-9.54272	1.19243	0.506374	0.503261	0.388041	0.228961	0.210331	0.255142	0.24315	0.156204	0.149172	0.290359	0.230379	0.267691	0.217021	0.162686	0.160956
-9.47934	1.16081	0.522315	0.537536	0.415824	0.325137	0.237762	0.241808	0.219996	0.198829	0.107227	0.234565	0.204418	0.213356	0.195428	0.194211	0.145051
-9.4665	1.16252	0.469763	0.517242	0.384984	0.271279	0.200054	0.274856	0.175054	0.186599	0.157413	0.209727	0.165252	0.229757	0.238218	0.165401	0.16122
-9.44416	1.1281	0.455292	0.440431	0.324206	0.194804	0.207885	0.327943	0.241402	0.150298	0.167652	0.218058	0.151867	0.174642	0.207002	0.139268	0.167341
-9.37727	1.26493	0.508447	0.40764	0.371787	0.24441	0.238555	0.325371	0.239885	0.231694	0.261406	0.250001	0.0510348	0.0761108	0.154252	0.134073	0.106691
-9.41057	1.31479	0.467089	0.447282	0.464771	0.348859	0.250557	0.284969	0.209729	0.213276	0.196426	0.268301	0.0466713	0.12096	0.235533	0.237634	0.115574
-9.49407	1.24646	0.465823	0.444393	0.494717	0.417736	0.22241	0.265502	0.228158	0.188752	0.0602805	0.236075	0.158038	0.201248	0.237578	0.180317	0.142281
-9.45359	1.23201	0.464658	0.441552	0.391125	0.310544	0.198798	0.255792	0.202082	0.230885	0.127877	0.152178	0.147618	0.101606	0.171872	0.210061	0.147053
-9.46039	1.30311	0.492586	0.452053	0.350934	0.237768	0.154524	0.288649	0.292967	0.101896	0.102492	0.156292	0.242077	0.164581	0.191359	0.181636	0.113707
-9.58284	1.11287	0.524052	0.544947	0.430492	0.281837	0.163164	0.257666	0.334337	0.207265	0.0724081	0.20255	0.214031	0.212949	0.243252	0.196289	0.248578
-9.42349	1.23116	0.540278	0.5642	0.378429	0.241102	0.193099	0.322896	0.277889	0.209447	0.165622	0.3282	0.215243	0.226977	0.158338	0.193161	0.206741
-9.48701	1.26685	0.580607	0.516556	0.442127	0.266303	0.267744	0.372664	0.293972	0.20969	0.167514	0.386186	0.189543	0.181493	0.20872	0.140795	0.131564
-9.55217	1.28431	0.604309	0.513177	0.438144	0.211493	0.272043	0.432047	0.363897	0.259326	0.217153	0.333913	0.0771894	0.0352107	0.0711198	0.132482	0.23407
-9.29438	1.44435	0.540795	0.400692	0.319743	0.199272	0.294773	0.318482	0.276457	0.251369	0.204463	0.2122	0.120426	0.127019	0.036373	0.231122	0.144207
-9.34461	1.36494	0.502937	0.456765	0.359679	0.139306	0.152963	0.271913	0.32773	0.260398	0.191953	0.240958	0.184259	0.17659	0.0836771	0.27025	0.129413
-9.35397	1.39966	0.47888	0.460988	0.469803	0.255308	0.165685	0.265945	0.277406	0.222953	0.169085	0.220064	0.202579	0.102152	0.0611173	0.214648	0.127796
-9.32354	1.31663	0.428468	0.422641	0.375362	0.326655	0.206806	0.265981	0.189332	0.203036	0.113566	0.212388	0.206036	0.0699121	0.0849136	0.165764	0.090765
-9.37344	1.22488	0.513651	0.474453	0.348787	0.290265	0.228103	0.246773	0.161769	0.164019	0.0688918	0.259198	0.121521	0.0407826	0.128184	0.160758	0.0616728
-9.27452	1.27846	0.546822	0.485644	0.430007	0.296996	0.186889	0.247289	0.205108	0.130984	0.128009	0.286971	0.103939	0.064134	0.152146	0.196614	0.142365
-9.15993	1.36942	0.515296	0.453409	0.355833	0.299141	0.206953	0.280868	0.245462	0.137964	0.158783	0.23923	0.148359	0.145371	0.162229	0.163477	0.16053
-9.24372	1.30182	0.538843	0.469457	0.357239	0.341804	0.294096	0.273428	0.174627	0.136988	0.140527	0.265896	0.257679	0.199414	0.180375	0.196574	0.152534
-9.18327	1.38056	0.524594	0.503802	0.411029	0.325461	0.290864	0.247629	0.217743	0.230728	0.157195	0.180822	0.182782	0.153291	0.0916505	0.202434	0.0871736
-9.22878	1.33371	0.476173	0.491954	0.414487	0.370797	0.265955	0.273829	0.181128	0.170162	0.191915	0.198059	0.148564	0.132844	0.122582	0.197346	0.124199
-9.32022	1.25875	0.558765	0.433918	0.453224	0.313243	0.2474	0.303988	0.22833	0.198436	0.20784	0.227321	0.203769	0.111198	0.116242	0.200882	0.102589
-9.30924	1.24576	0.50978	0.440547	0.435902	0.296137	0.23312	0.321539	0.366557	0.212917	0.21837	0.231945	0.167598	0.0958319	0.170766	0.164045	0.0799203
-9.31075	1.2604	0.457534	0.467692	0.424823	0.347568	0.279443	0.282312	0.232455	0.224626	0.214876	0.22486	0.142356	0.186946	0.213014	0.176963	0.11602
-9.36927	1.2277	0.41976	0.384497	0.38722	0.360953	0.251452	0.277942	0.194575	0.259041	0.236617	0.346233	0.198132	0.168395	0.218065	0.261434	0.155045
-9.29272	1.1416	0.52705	0.386497	0.335328	0.362789	0.198851	0.226547	0.220888	0.129999	0.246484	0.275199	0.214786	0.181726	0.218741	0.251032	0.214297
-9.02582	0.916345	0.572238	0.360019	0.188315	0.32549	0.149859	0.1371	0.291622	0.0533884	0.301282	0.0880445	0.283515	0.240128	0.123368	0.155624	0.144595
-8.8584	0.922285	0.667856	0.41868	0.253577	0.416072	0.21556	0.187452	0.370988	0.0422312	0.276569	0.0343414	0.274028	0.291209	0.10731	0.108588	0.0563847
-8.91469	1.06196	0.667863	0.452422	0.225559	0.383006	0.134917	0.324016	0.49987	0.0923693	0.143637	0.181099	0.363072	0.186673	0.120199	0.126386	0.0925188
-8.93482	1.19584	0.519683	0.400334	0.302542	0.285726	0.162885	0.486362	0.366205	0.132917	0.0908226	0.176998	0.271607	0.144174	0.224807	0.0754908	0.0213163
-8.91467	1.20891	0.557794	0.437895	0.291949	0.317934	0.156123	0.418507	0.22439	0.16924	0.165302	0.109246	0.139969	0.124213	0.237887	0.130269	0.0814323
-6.82437	1.62096	0.219544	-0.021067	-0.169396	-0.0842634	0.0567382	-0.00288064	0.013919	0.029583	-0.0832107	0.0641815	0.0470502	-0.0791928	0.0540199	0.0407173	0.052718
-5.79434	2.07402	0.404416	-0.0694417	-0.566438	-0.273382	-0.0607552	-0.0105177	0.0216685	-0.0732198	-0.043026	-0.0634373	-0.0233954	-0.0325833	-0.0768326	-0.0239035	-0.0050527
-5.1425	2.50598	0.37694	0.050194	-1.10673	-0.102599	0.115181	-0.118208	-0.12579	-0.166679	-0.0609912	0.098827	-0.0593559	-0.0529456	-0.16812	0.200877	-0.186193
-4.55175	2.39581	0.384519	-0.0620039	-0.942609	-0.154504	0.104894	-0.16289	-0.0589039	-0.147312	-0.0373129	0.105722	0.0481301	0.000874673	-0.201658	0.094782	-0.227374
-4.61577	2.78555	0.371205	0.476399	-0.941577	0.235806	0.366383	0.0617455	0.0155314	0.25111	0.0717897	0.127516	-0.00220119	0.0894369	-0.320314	0.00395393	-0.182811
-4.67032	3.06704	0.684154	0.341658	-0.761913	-0.0861568	0.363567	0.0647284	-0.00923897	0.0166734	-0.294903	0.111597	-0.144579	0.0418287	-0.266491	0.311727	-0.0780048
-4.07578	3.04787	0.428834	-0.0602439	-0.787257	-0.0918052	0.355673	-0.0436779	-0.0434085	-0.00410667	-0.116962	0.0361801	-0.15227	0.152846	-0.215493	0.146325	-0.18872
-4.00718	3.08859	0.203967	0.281514	-0.821904	0.0289925	0.241702	-0.0890131	0.0350612	-0.0937477	0.0180105	0.0885544	-0.186145	0.332314	-0.462576	0.287123	-0.347729
-4.15	3.2247	0.418942	-0.0623246	-0.597147	-0.06342	0.345917	-0.0288606	-0.0359502	-0.122298	0.0989581	-0.0133546	-0.116959	0.333018	-0.378848	0.172297	-0.330411
-4.20887	3.43686	0.322279	-0.0914373	-0.576342	-0.0416068	0.357958	0.191451	-0.275896	-0.202562	0.229551	-0.0548846	-0.0350773	0.291197	-0.442637	0.145022	-0.191436
-4.07458	3.41089	0.503236	-0.376206	-0.351402	0.0109441	0.322523	0.0775965	-0.198844	-0.0620018	0.0121745	0.181118	-0.119176	0.252308	-0.403457	0.142354	-0.134032
-4.01893	3.35715	0.417558	-0.355178	-0.504988	0.143166	0.271868	-0.0188614	-0.231829	-0.143202	0.115593	0.341793	-0.165151	0.265102	-0.404317	-0.0147032	-0.319106
-3.92054	3.45545	0.327274	-0.354085	-0.536546	0.258608	0.326545	-0.0517054	-0.257626	-0.204743	0.283654	0.140798	-0.0423903	0.145674	-0.320225	-0.0635005	-0.126994
-3.85239	3.30678	0.349582	-0.432991	-0.597425	0.15897	0.282526	0.00128494	-0.392051	-0.238003	0.359113	0.310732	-0.106052	0.235107	-0.249627	-0.28811	-0.480776
-3.75069	3.43084	0.0685423	-0.463238	-0.33941	0.281477	0.0246997	-0.0514239	-0.118899	-0.432762	0.479086	0.214128	-0.115434	0.222729	-0.293983	-0.24332	-0.29835
-3.7411	3.38812	0.0507911	-0.450098	-0.421205	0.333818	-0.0666961	-0.130916	-0.119278	-0.324265	0.343713	0.4372	-0.222303	0.132397	-0.101353	-0.32685	-0.472691
-3.77876	3.53181	-0.138145	-0.473464	-0.100662	0.120106	-0.133943	-0.113776	-0.1168	-0.343221	0.419108	0.369577	-0.227987	0.0330256	-0.0413689	-0.312897	-0.345529
-3.42692	3.31723	-0.200909	-0.411499	0.0785136	0.135294	-0.0625971	-0.138809	-0.0577021	-0.271446	0.426579	0.179061	-0.238418	-0.0331108	0.0624714	-0.173876	0.0191028
-3.31746	3.44665	-0.609001	-0.0746882	0.135015	0.151719	-0.0356947	-0.121317	-0.0560658	-0.19992	0.377462	0.235423	-0.377273	-0.00746074	-0.0216364	0.0972036	0.235882
-3.06284	3.13863	-0.699637	-0.0261893	0.0714079	0.259063	-0.140859	-0.211196	0.02108	-0.246213	0.418473	0.14555	-0.21063	-0.1462	0.0641224	0.11026	0.113511
-2.84995	2.71895	-0.731929	0.0889258	0.0272328	0.333694	-0.380055	-0.137745	0.0221178	-0.158188	0.421928	0.164641	-0.233844	-0.159147	0.12572	0.0152553	0.103819
-3.31787	2.22642	-1.18654	-0.144933	-0.123545	0.123941	-0.661456	-0.327406	-0.166071	-0.216756	0.289978	0.113363	-0.252583	-0.0474726	0.0510125	-0.189439	-0.263595
-3.38464	2.39401	-1.01655	-0.127846	-0.0877024	0.109418	-0.814148	-0.279676	-0.106891	-0.243243	0.272889	0.139513	-0.17556	-0.013328	-0.0164195	-0.253881	-0.279194
-3.53729	2.34342	-0.857885	0.0192605	0.116225	0.107865	-0.912966	-0.374428	-0.0381938	-0.238129	0.246595	0.210529	-0.0975033	0.0130602	0.0683617	-0.249452	-0.287285
-4.04719	2.70612	-0.915532	0.251138	0.0163411	0.167091	-0.931936	-0.174471	0.0126317	-0.127813	0.209178	0.159988	-0.119419	0.032848	0.0606822	-0.265839	-0.262979
-4.55115	2.40492	-0.668668	0.191453	0.253036	0.0441405	-0.784365	-0.0550736	0.208395	-0.169998	0.146245	0.151889	-0.0989887	0.0987815	0.0105557	-0.219422	-0.163718
-4.68652	1.90732	-0.535018	0.246566	0.304661	-0.178441	-0.767773	-0.0445812	0.0768301	-0.209908	0.187277	0.2243	-0.0233837	0.046534	0.0990165	-0.0242739	0.0163712
-5.10266	2.1619	-0.731762	0.484875	0.197124	-0.104232	-0.901717	0.0791435	0.0503603	-0.177893	0.223616	0.360146	0.0191972	0.0896515	0.0458033	0.0184042	-0.00969337
-6.20365	2.23347	-0.627944	0.613767	0.32691	-0.0222426	-0.920884	0.156994	0.112057	-0.12004	0.342407	0.508519	0.144691	0.132505	0.117427	-0.0502055	-0.0102095
-7.20833	2.21998	-0.181776	0.48979	0.352591	-0.310721	-0.64355	0.17923	0.0303467	0.00360802	0.305436	0.31691	0.192258	0.1754	0.207716	0.01938	-0.0357395
-7.65594	1.85098	-0.0891648	1.08966	0.430141	-0.32916	-0.172656	0.18229	-0.0492441	0.0194316	0.214636	0.141674	0.212318	0.177301	-0.089322	0.109685	0.117278
-7.69578	1.42636	-0.149497	1.33615	0.566274	-0.32028	-0.163009	0.197534	-0.100698	0.0507453	0.293517	0.234812	0.243352	0.126595	-0.213171	0.0879484	0.111356
-7.82871	1.31892	-0.0841312	1.38569	0.45941	-0.253101	-0.0781765	0.110576	-0.0716733	0.109949	0.222597	0.273841	0.223782	0.119149	-0.0840089	0.14157	0.0715309
-8.25579	1.20717	0.0128163	1.05584	0.241366	-0.144918	0.0859724	0.0925528	0.0229836	0.213765	0.248574	0.326349	0.318514	0.15608	0.028599	0.161361	0.00698983
-8.70862	1.26723	0.331871	0.745064	0.331165	-0.0283471	-0.0409372	0.138349	0.0649025	0.216963	0.1711	0.213507	0.288451	0.19676	0.0199454	0.152319	0.0573461
-8.87759	1.19275	0.615992	0.580814	0.384386	0.00400242	-0.0369479	0.0798152	0.0837112	0.206548	0.0887093	0.28021	0.25646	0.169821	0.0688091	0.098552	0.0743212
-8.92305	1.30407	0.74759	0.499448	0.390047	0.0758507	-0.0125956	0.181512	0.165236	0.19436	0.142117	0.288154	0.17602	0.156499	0.0596167	0.0651108	0.03056
-9.00836	1.43305	0.671654	0.442943	0.342094	0.230886	0.156844	0.249086	0.244747	0.215799	0.15255	0.19818	0.196136	0.129498	0.00815101	0.0542843	0.0855809
-8.99476	1.34548	0.594404	0.503449	0.283009	0.250025	0.215054	0.246951	0.268801	0.267132	0.224845	0.228915	0.19622	0.160325	0.0429908	0.122839	0.149277
-6.88695	1.28475	-0.209744	0.393107	0.0750643	0.172734	0.157527	0.118133	0.178518	0.0884326	0.171445	0.0879137	0.143866	0.0959056	0.11468	0.092504	0.097158
-8.70467	0.957584	0.387323	0.832291	0.0627687	0.242417	0.0262674	0.0948513	-0.364053	-0.0551859	0.123114	0.0704903	-0.0776253	-0.191497	-0.117518	0.0277882	-0.205111
-5.36788	1.74945	-0.271957	0.822531	-0.215658	0.0751112	-0.168634	0.186207	-0.287799	0.049231	-0.0537439	0.0636539	-0.0449109	0.105764	-0.103767	0.0795543	-0.102757
-3.97865	1.32753	-0.0713329	1.26107	0.204118	-0.181277	-0.201182	0.192068	-0.770919	-0.2285	0.0399642	0.117732	0.114601	0.253792	-0.139405	0.137125	-0.271494
-3.87919	1.42014	0.644671	1.34366	-0.274485	-0.329983	0.0923649	-0.211412	-0.599566	-0.0304534	0.19515	0.0596739	-0.016768	0.449889	-0.114202	-0.210419	-0.463925
-3.54658	1.85319	0.28706	0.997068	-0.126043	-0.1528	-0.33855	-0.0229463	-0.355291	-0.116559	0.0662518	0.137975	0.152207	0.238903	-0.163101	-0.073026	-0.323852
-3.47776	1.95276	0.273366	0.914156	0.0680521	-0.208638	-0.0995289	0.0910744	-0.639669	-0.0923904	0.249449	0.19575	-0.136242	0.220042	-0.0260679	0.0524633	-0.434429
-3.54581	2.21425	0.328596	1.00977	0.176494	-0.249292	0.0469198	0.0660399	-0.550334	-0.0893398	0.187633	0.050808	-0.111029	0.0924159	0.0597985	0.158983	0.0139956
-3.81151	2.29326	0.519361	0.955808	-0.171015	-0.0166528	0.00757154	0.0212073	-0.6425	-0.151204	0.357806	0.208556	-0.114225	0.0296639	0.297295	-0.143517	-0.406834
-3.71918	2.21072	0.690921	0.892002	-0.0782744	-0.0138661	0.0468379	-0.0792311	-0.547663	-0.0457577	0.203748	0.131617	-0.0596763	0.0763775	0.104434	0.0970517	-0.287216
-3.76963	2.38188	0.593702	1.00092	0.016927	0.00539279	-0.0109294	0.0117368	-0.58211	-0.105934	0.271231	0.160666	-0.152766	0.0507442	0.196943	0.0317438	-0.077228
-3.74544	2.4356	0.602385	0.835205	0.14203	-0.0749993	0.169249	-0.281117	-0.436157	0.0130178	0.120901	0.194704	-0.0778952	0.0646082	0.0648818	0.0857021	-0.120396
-3.67713	2.44872	0.341164	1.02373	0.113983	0.0438906	-0.194839	-0.0418244	-0.518758	-0.033823	0.256707	0.0287519	0.0620857	0.0274187	-0.0155177	0.124217	-0.177835
-3.84204	2.65145	0.479813	0.695662	0.41931	-0.0350121	-0.0386846	-0.340111	-0.192026	-0.0193484	-0.161738	0.472967	-0.0662811	-0.101369	0.0600546	0.298285	-0.272936
-3.7649	2.62614	0.374714	0.81189	0.570967	-0.0771948	-0.187528	0.0756008	-0.392487	-0.162418	0.25412	-0.0527098	0.0179699	0.0966982	-0.159517	0.362007	0.0516932
-3.88827	2.67753	0.391727	0.862751	0.402411	0.155186	-0.169023	-0.00939429	-0.243685	-0.00917526	-0.0927775	0.160017	0.0544486	-0.109199	-0.0836317	0.4405	0.0327781
-4.17909	2.56871	0.315385	0.862008	0.649097	0.0424387	0.0575055	-0.0767294	-0.348006	0.0209406	-0.141485	0.0251818	0.254967	-0.13659	-0.0206677	0.247301	-0.0534111
-4.38565	2.25352	0.482875	0.853054	0.602197	-0.0587632	0.225273	-0.00927324	-0.308047	0.0979488	-0.0998068	0.0261376	0.249932	-0.142077	-0.0894869	0.142316	-0.116144
-4.51816	1.78764	0.949273	0.621832	0.677185	0.142347	-0.0963287	0.48057	-0.198984	-0.0693483	-0.0214997	-0.0901124	0.174306	0.0322198	-0.172219	0.129848	-0.0537073
-4.97525	1.54161	1.12351	0.454743	0.631983	0.436605	0.342398	-0.0261318	0.048205	-0.135955	-0.274429	-0.221383	0.112207	-0.136944	-0.0902045	0.238654	-0.0612266
-5.05127	0.977983	1.21366	0.959167	0.854709	0.0897639	0.170937	0.286125	0.187503	0.0828146	-0.0584983	-0.00352511	0.147127	-0.128212	-0.218229	-0.0312883	-0.050776
-5.12902	0.892099	1.37527	1.18738	1.12572	0.101115	0.535171	0.533449	0.197278	-0.033848	0.00139033	0.0381367	0.0759151	-0.00568541	0.141269	0.265674	-0.151812
-5.26466	0.636294	1.2384	0.926558	1.04976	0.56596	0.524299	0.422788	0.634981	0.31557	-0.183775	-0.0151081	-0.0609618	-0.193306	0.215552	0.12212	-0.190644
-5.23563	0.897451	1.5217	0.962556	0.856813	0.503385	0.729359	0.43883	0.178307	0.124165	0.208085	0.408177	0.213404	-0.290536	0.0672028	0.352045	0.127184
-5.74784	0.11022	0.75704	0.256083	0.802077	0.162187	-0.193836	-0.171703	-0.402368	0.0886261	-0.0301688	-0.313598	-0.325196	-0.908824	-0.389323	0.0323879	-0.258792
-5.39401	0.146752	0.910588	0.569028	0.624767	0.390772	0.386162	0.238567	0.182404	-0.219803	0.0957357	-0.0819943	-0.042022	-0.368343	-0.22096	0.188612	0.102136
-5.64741	-0.235889	0.680621	0.327103	0.532177	0.336407	0.273532	0.104001	0.0985055	-0.00877032	0.0551475	-0.00234133	0.0683462	-0.144648	-0.244584	-0.164542	0.00193807
-5.67946	-0.235166	0.438062	0.128522	0.627	0.43311	0.331362	0.11426	0.0278298	-0.0427284	-5.76767e-05	-0.0286262	0.152495	0.00298021	-0.0976922	-0.0128207	0.0520939
-5.71625	-0.19078	0.277263	0.0407781	0.611695	0.213507	0.337655	0.0937778	-0.00625305	-0.0418047	0.101195	0.116124	0.0626415	-0.081589	0.0468841	0.0707643	-0.0402033
-5.69938	-0.249797	0.180657	0.0287518	0.49229	0.252748	0.364894	0.0851853	-0.00862138	0.0359109	0.0247906	0.159281	0.011579	-0.064155	-0.0652986	0.0137539	-0.0708226
-5.69137	-0.370949	0.0635452	-0.0200175	0.442079	0.206152	0.158437	-0.0167725	-0.0644646	0.0937153	0.124666	0.346245	0.0644375	-0.0204756	-0.13101	-0.0197354	-0.131978
-5.55662	-0.520143	0.0154679	-0.123068	0.313681	0.0385166	0.168282	-0.0109008	0.0483098	0.0818107	0.212129	0.21775	0.107106	-0.000812824	-0.133013	-0.148484	-0.0747972
-5.30304	-0.428408	-0.041168	-0.0721636	0.376516	-0.0211582	0.271005	0.105415	0.225023	0.122774	0.169153	0.220985	0.1971	-0.00443701	0.0266732	-0.014685	-0.137481
-5.14344	-0.33875	0.0380292	-0.192543	0.395888	0.0270805	0.222835	0.156083	0.227869	0.00972376	-0.0378827	0.144127	0.123295	-0.0266925	0.00952825	0.210726	-0.0520394
-5.00911	-0.230292	0.169061	-0.245179	0.304427	-0.137835	0.237496	0.141906	0.0291068	-0.0646925	-0.0751658	0.138041	0.128984	-0.0277937	0.0393936	0.27211	0.0895734
-4.8077	0.040485	0.446039	-0.00330181	0.335811	-0.246503	0.240388	-0.00201807	-0.154414	-0.248781	-0.0128311	0.255885	0.116137	-0.122678	5.72407e-05	0.104765	0.0409368
-4.59085	0.488959	0.515623	0.168822	0.292094	-0.26605	0.0848606	0.117228	-0.306949	-0.377658	0.235584	0.195548	0.151271	-0.185816	-0.129362	0.181724	-0.178477
-4.46728	1.00105	0.541427	0.377521	0.459397	0.0477028	0.263119	0.0885996	0.172651	-0.10774	-0.00295837	-0.00358318	-0.105753	-0.241548	-0.195753	0.283982	0.205917
-4.14636	2.23283	0.618338	0.808855	0.689435	0.33071	-0.201159	-0.145234	0.126218	0.109938	0.0218937	0.0282691	-0.076302	-0.0622966	-0.0205483	0.0924364	0.173515
-3.53857	2.72198	0.196502	0.461294	0.357206	0.238478	-0.325576	-0.0833637	-0.0765494	0.220336	-0.223672	0.0331429	0.346587	-0.017589	-0.19411	0.234011	0.025306
-3.2926	2.49628	0.258266	0.320522	0.334443	0.124252	-0.170343	-0.0681864	-0.0862485	0.141555	0.0304497	-0.121718	0.270117	0.0451776	-0.0415321	0.0326224	0.129024
-3.26437	2.5954	0.141596	0.436816	0.198458	0.259868	-0.251283	-0.0285126	-0.0479151	0.200799	0.00207865	0.0312073	0.205922	0.0961676	-0.157358	0.120748	0.0593151
-3.32759	2.61304	0.264007	0.296104	0.253812	0.200441	-0.286994	0.0317443	0.0302462	0.193631	-0.00617431	0.149761	0.186394	-0.0248792	-0.00834068	0.0417478	0.0961815
-3.38537	2.72292	0.0338347	0.378108	0.200464	0.0301287	-0.158374	-0.117514	-0.00553304	0.225684	-0.102071	0.117959	0.164892	-0.0102044	-0.113375	0.16417	-0.0595991
-3.31084	2.81384	0.135238	0.673502	0.193073	0.176461	-0.0253702	0.0598856	0.0824257	0.354594	0.0698607	0.125685	0.421956	-0.0378994	0.00696135	0.0536995	0.261136
-3.3205	2.8408	0.24146	0.440268	0.360356	0.179695	-0.136669	0.231934	-0.127227	0.464351	0.0320764	0.18763	0.226372	0.198657	-0.0889236	0.125084	0.186708
-3.6424	2.99376	0.293107	0.328997	0.254506	0.264204	-0.142277	-0.0312229	-0.0570328	0.366035	-0.0792559	0.120734	0.30501	-0.0578565	0.0758343	0.062365	0.0803014
-3.9319	3.26847	0.401268	0.617355	0.24949	0.591173	0.00164239	0.00660552	0.11334	0.394049	0.00692226	0.278722	0.229149	0.199657	0.172844	-0.0147197	0.332576
-4.61239	3.41839	0.682918	0.703837	0.222104	0.643039	0.213515	0.0297153	-0.0343155	0.661373	0.0410747	0.0688064	0.34666	0.379244	0.0499409	-0.0912062	0.423079
-5.5899	3.48512	0.968264	0.54206	0.376475	0.722347	-0.149837	-0.142529	0.0534239	0.229988	0.138825	0.476334	-0.0692604	-0.144401	0.13755	0.0618908	0.150326
-6.14017	3.67309	1.11303	0.829794	0.646682	0.689342	0.0909467	0.185405	0.249408	0.0807448	0.208813	0.288298	0.184709	0.36626	0.0434612	-0.0608218	0.199522
-6.93215	3.549	1.74685	1.22765	0.610904	0.528611	0.254288	0.377429	0.211984	0.0417241	0.149116	0.287266	0.246491	0.167332	0.280873	0.24342	0.0298221
-7.20929	3.53918	1.45864	0.866361	0.816718	0.531458	0.426888	0.210814	-0.179752	0.2098	0.38082	-0.0521085	-0.181166	0.175164	0.428812	-0.113272	0.178035
-7.40383	3.25157	1.38279	1.26741	0.733993	0.621165	0.188891	0.165225	0.0717022	0.280595	0.0889957	0.0333393	-0.00996195	0.0849767	0.211864	0.148479	0.0858034
-7.44108	3.07584	1.37797	1.16642	0.930969	0.511881	0.0320223	0.364027	0.336135	0.285032	0.0169237	0.0261308	-0.00273106	-0.084472	0.116001	0.0925018	0.285569
-7.80245	2.60761	1.77906	1.67586	0.699421	0.220004	-0.00728756	0.364941	0.660357	0.503947	0.0973895	-0.00416941	0.0689483	0.00920382	-0.0820001	0.155812	0.205516
-8.00451	2.66407	1.23663	1.2218	1.14384	0.838745	0.366915	0.385204	0.105069	0.318092	-0.0976397	-0.178388	0.349918	0.258074	0.0135058	0.460156	0.173899
-7.39823	1.77851	0.708009	0.612555	0.411383	0.31472	0.199294	0.136875	0.0957072	0.016098	-0.0117012	-0.0348478	-0.0572592	-0.0833692	-0.0769873	-0.074661	-0.0486352
-8.0365	1.72476	0.759562	0.675165	0.437843	0.369562	0.183614	0.222999	0.159435	0.0613555	0.0251932	0.0622033	-0.0293835	-0.00187652	-0.113423	0.00137745	0.0155497
-8.1938	1.63585	0.653147	0.607872	0.488804	0.48967	0.187117	0.186655	0.118508	0.182302	0.00861623	-0.0239674	-0.00743432	-0.0935962	-0.206517	0.0119392	0.096959
-7.47402	1.65104	-0.0409624	0.476643	0.377372	0.365044	0.106427	0.274221	-0.159094	0.278178	0.0617754	-0.150757	-0.0256999	-0.146726	0.0120002	0.0114643	0.139703
-6.67255	1.54767	-0.206038	0.352624	0.165661	0.241881	0.00474879	0.15536	-0.23283	0.12653	0.0294126	-0.188196	-0.00607586	-0.125687	0.00791678	-0.012278	-0.0181488
-5.7365	1.6421	-0.0727104	0.395636	0.317692	0.29084	-0.0858933	0.00400855	-0.21048	0.228407	0.321276	0.014572	0.0515615	-0.00815311	0.087489	-0.0917874	-0.16847
-4.90403	2.27131	0.0697578	0.280354	0.141087	0.177553	-0.219375	-0.0623521	-0.0673708	0.220329	0.141726	-0.233569	-0.0220047	0.0363706	-0.0483451	-0.0993886	-0.112885
-4.11112	2.68026	-0.0936569	0.0671551	0.0875854	0.0335758	-0.252233	-0.124392	-0.113697	0.291918	0.100465	-0.336472	0.0483503	0.0424797	-0.26236	-0.0589232	-0.0504165
-3.70255	2.63334	-0.1254	-0.0583568	0.120539	0.0267182	-0.322661	-0.0204088	-0.208549	0.439974	-0.0122391	-0.245236	0.00457626	0.0149463	-0.302738	-0.0547299	0.00472656
-3.48733	2.7278	-0.199491	-0.15967	0.165488	0.10381	-0.475345	-0.0329553	-0.206632	0.5523	-0.224145	-0.0188041	0.044111	-0.114813	-0.133964	-0.0923478	-0.0325601
-3.42619	2.38185	-0.116111	-0.184434	0.0541081	-0.0209033	-0.471953	0.093553	-0.275168	0.490235	-0.222331	-0.289855	0.0232435	-0.240562	-0.291407	-0.105632	0.0207463
-3.333	2.17181	-0.196784	-0.422091	0.0701468	-0.110458	-0.594235	0.0974552	-0.166797	0.218803	-0.275368	-0.269208	-0.194832	-0.235845	-0.372119	-0.171297	-0.148184
-3.15337	2.10531	-0.13651	-0.245932	0.0932532	-0.00912297	-0.49372	0.187175	-0.122494	0.335527	-0.260213	-0.179677	-0.133968	-0.0506882	-0.357514	-0.162423	0.103163
-3.28115	2.24996	-0.335755	-0.168806	0.172272	-0.202907	-0.198946	-0.0189114	0.0790621	0.183152	-0.294658	-0.117728	-0.196604	-0.0128931	-0.396432	-0.072163	0.0539762
-3.22158	2.01065	-0.190614	-0.265138	0.00601748	-0.0647286	-0.183964	-0.00954979	-0.0592493	0.292695	-0.339901	-0.307898	-0.0469702	-0.165615	-0.242307	-0.0950008	-0.0535152
-3.19937	2.0462	-0.312921	-0.304324	0.0837536	-0.0695626	-0.282686	0.0602867	-0.117053	0.288599	-0.433402	-0.19149	-0.10538	-0.203274	-0.165546	-0.144258	-0.0925762
-3.29435	2.1088	-0.258152	-0.430878	0.134835	-0.00388965	-0.347332	0.239183	-0.209487	0.336103	-0.333744	-0.405421	-0.0255664	-0.211101	-0.125982	-0.171894	-0.051419
-3.19342	2.01188	-0.309043	-0.321579	0.0669008	-0.0218976	-0.235633	0.158153	-0.118302	0.311989	-0.332893	-0.371738	-0.0151149	-0.173431	-0.229559	0.000835627	-0.120765
-3.09298	1.87989	-0.452564	-0.235049	-0.139346	0.066527	-0.23825	0.144916	-0.246123	0.408271	-0.474284	-0.353318	-0.105539	-0.153212	-0.259038	-0.0683121	-0.196472
-3.07911	1.9496	-0.39805	-0.275071	-0.0241914	0.116205	-0.196453	0.202439	-0.205219	0.431088	-0.299622	-0.431811	-0.00110341	-0.16586	-0.135233	-0.0610901	-0.0371258
-3.1348	1.96838	-0.442626	-0.328376	-0.0993821	0.0472295	-0.169184	0.0629928	-0.178529	0.34153	-0.241391	-0.458505	-0.081627	-0.178798	-0.150999	-0.0811494	-0.18918
-3.00047	1.73193	-0.301123	-0.363204	-0.0776585	0.087682	-0.123682	0.0994058	-0.238589	0.425312	-0.272938	-0.371673	-0.118709	-0.196537	-0.118024	-0.025173	-0.146282
-3.05535	1.78687	-0.268425	-0.356508	-0.133774	0.174872	-0.083243	0.0547688	-0.212556	0.396015	-0.137287	-0.443877	-0.0897338	-0.232292	-0.0189416	-0.0757297	-0.0997038
-3.11126	1.82593	-0.274341	-0.461294	-0.0583176	0.103652	-0.00825281	-0.0511283	-0.190623	0.4608	-0.273289	-0.354688	-0.112258	-0.287935	0.000486961	-0.0465268	-0.119689
-3.0059	1.78051	-0.250613	-0.402964	-0.216085	0.22159	-0.0731509	0.062395	-0.338357	0.551546	-0.208434	-0.303028	-0.156596	-0.225081	-0.0971129	0.0601378	-0.142508
-3.06958	1.81191	-0.190668	-0.454031	-0.215613	0.232662	-0.0550872	0.0541253	-0.315301	0.488517	-0.146762	-0.287428	-0.127229	-0.344896	0.0199241	0.038478	-0.131923
-3.04513	1.80523	-0.25616	-0.414147	-0.350578	0.341632	-0.0805248	0.0169132	-0.359663	0.493355	-0.147152	-0.22919	-0.23846	-0.330848	-0.0357728	0.0743468	-0.188145
-3.15946	1.8582	-0.111657	-0.549143	-0.302815	0.224868	0.0249176	-0.0763838	-0.304576	0.39788	-0.0757021	-0.234781	-0.209457	-0.40711	-0.0188738	0.0752683	-0.193199
-3.1301	1.73973	0.00386723	-0.486533	-0.393267	0.350258	-0.0688878	-0.0391412	-0.31613	0.396658	-0.0110726	-0.215678	-0.254552	-0.33754	-0.104055	0.144562	-0.146865
-3.20768	1.86589	-0.0374416	-0.484763	-0.453651	0.382923	-0.0314925	-0.0945607	-0.29014	0.339966	-0.00493938	-0.158211	-0.175709	-0.4414	-0.0890308	0.101867	-0.110046
-3.1577	1.74042	0.0497044	-0.530668	-0.536905	0.38567	-0.00940141	-0.0840944	-0.348375	0.358879	-0.082257	-0.0985443	-0.217586	-0.429353	-0.109234	0.0908356	-0.149385
-3.43128	2.13077	0.0249493	-0.557403	-0.570905	0.231619	0.186207	-0.106146	-0.315111	0.155847	0.0674965	-0.114998	-0.142887	-0.395488	-0.196158	0.145942	-0.198272
-3.25835	1.80279	0.152099	-0.643854	-0.564007	0.351048	0.0755538	-0.116183	-0.43018	0.337597	-0.0990674	0.0126628	-0.274762	-0.452205	-0.126996	0.0469481	-0.174924
-3.53835	2.16867	0.122076	-0.646284	-0.648468	0.28072	0.214368	-0.158163	-0.419749	0.173456	0.0229704	-0.0364441	-0.170364	-0.463227	-0.167736	0.0607736	-0.21566
-3.37269	1.89036	0.166393	-0.627328	-0.647298	0.343353	0.0493595	-0.133796	-0.356537	0.248218	-0.135284	0.031877	-0.21601	-0.439113	-0.104822	-0.0675698	-0.136565
-3.36016	1.7984	0.309692	-0.617163	-0.707892	0.360471	0.0464301	-0.098148	-0.403846	0.248673	-0.134231	0.078002	-0.170194	-0.452912	-0.101745	-0.099092	-0.126285
-3.3335	1.74221	0.303704	-0.646946	-0.730877	0.333744	-0.0206159	-0.0746843	-0.413995	0.223002	-0.199441	0.111156	-0.186793	-0.395253	-0.154133	-0.143316	-0.208123
-3.37862	1.71456	0.355084	-0.651536	-0.779476	0.29781	-0.0276788	-0.0943047	-0.349397	0.16649	-0.243069	0.0861336	-0.120779	-0.393395	-0.143427	-0.21043	-0.219812
-3.42188	1.77381	0.41232	-0.654034	-0.701113	0.270957	0.0242345	-0.0859631	-0.338634	0.202225	-0.204801	0.19594	-0.256582	-0.33816	-0.145682	-0.152767	-0.10025
-3.50229	1.84072	0.440359	-0.619907	-0.849234	0.299759	0.0208077	-0.0552282	-0.394124	0.169681	-0.253374	0.210978	-0.161141	-0.338224	-0.161374	-0.178224	-0.173267
-3.65637	2.01531	0.37148	-0.553128	-0.886541	0.279771	0.0649359	-0.0531383	-0.394629	0.189682	-0.281994	0.204433	-0.13435	-0.317503	-0.146526	-0.210948	-0.162823
-3.62216	1.95372	0.413232	-0.645723	-0.764985	0.315557	0.074997	-0.0910388	-0.346422	0.196601	-0.294559	0.267278	-0.231717	-0.266999	-0.143116	-0.247684	-0.0921123
-3.7342	2.09662	0.338776	-0.570109	-0.789356	0.334655	0.042189	-0.0714251	-0.349874	0.232187	-0.352441	0.317897	-0.270235	-0.219843	-0.141737	-0.290876	-0.101527
-3.68048	1.9184	0.4918	-0.587998	-0.653843	0.38263	0.0272613	-0.100369	-0.286773	0.0559117	-0.141967	0.2438	-0.139792	-0.234617	-0.16766	-0.336902	-0.111545
-3.8162	1.84894	0.566557	-0.664943	-0.799389	0.25767	0.116902	-0.0435599	-0.201338	0.0900433	-0.203264	0.365994	-0.187656	-0.182021	-0.193504	-0.264765	0.0749727
-4.0847	1.95411	0.679887	-0.577483	-0.886486	0.34488	0.0934537	-0.322702	-0.242939	0.106023	-0.15914	0.228567	-0.271772	-0.16228	-0.250937	-0.308159	0.0458228
-4.23796	1.98527	0.535826	-0.508789	-0.873912	0.197651	-0.0155723	-0.25835	-0.254378	0.0716321	-0.289363	0.179571	-0.175799	-0.192528	-0.296015	-0.276994	-0.062033
-4.44828	2.22381	0.631259	-0.434438	-0.822108	0.340986	0.0528999	-0.297717	-0.237268	0.139868	-0.165335	0.20163	-0.245655	-0.0960257	-0.264199	-0.309472	0.118991
-4.5088	2.22675	0.675667	-0.391518	-0.688936	0.238217	0.178223	-0.32006	-0.231886	0.155449	-0.200427	0.343586	-0.364105	-0.0683454	-0.238024	-0.194433	0.0446364
-4.68662	2.26913	0.891726	-0.487105	-0.6715	0.248903	0.209989	-0.284346	-0.296213	0.142588	-0.254186	0.355596	-0.392623	-0.118886	-0.269427	-0.0982363	0.0564987
-4.77653	2.26991	0.79092	-0.615098	-0.461028	0.281007	0.204024	-0.519722	-0.287555	0.129224	-0.10023	0.280614	-0.402244	-0.140789	-0.343791	-0.0832009	-0.0364518
-4.78847	2.36965	0.789093	-0.523869	-0.534017	0.327057	0.142669	-0.560839	-0.163246	0.124904	-0.102798	0.314638	-0.510353	-0.0885428	-0.338475	-0.0307696	0.0648584
-4.83449	2.26633	0.83157	-0.550096	-0.397454	0.25157	-0.117876	-0.394422	-0.181414	0.168132	-0.0869832	0.144266	-0.520471	-0.10531	-0.28773	0.0658506	-0.100132
-5.02707	2.23525	0.888529	-0.389854	-0.383236	0.120494	0.0224193	-0.333783	-0.271218	0.277884	-0.100916	0.0696374	-0.452271	-0.171264	-0.274182	0.115474	-0.177396
-5.31167	2.03191	0.900029	-0.38597	-0.322894	0.138993	0.00221208	-0.424925	-0.232914	0.199238	-0.0355029	0.0441196	-0.547186	-0.119618	-0.301166	0.172407	-0.285226
-5.11635	2.62259	1.19567	0.332699	0.22529	0.394866	0.0764766	-0.396858	-0.152091	0.758648	0.142355	0.404529	-0.162507	-0.232657	0.091435	0.253938	-0.068703
-5.68811	2.4035	1.20565	0.408007	-0.206916	0.341615	0.178446	-0.557053	-0.416138	0.355768	0.170472	0.212266	-0.424931	-0.144136	-0.259088	0.174633	-0.418647
-6.20361	2.66052	1.12898	0.372554	0.130594	0.827737	0.368407	-0.229024	0.010348	0.437109	-0.0155316	0.300679	-0.0119056	-0.0177893	-0.304979	0.098495	-0.200367
-7.12365	2.55417	1.44267	0.71604	0.622406	0.679207	0.458385	-0.165848	-0.177029	0.147897	-0.0517072	0.429041	0.245442	0.04695	-0.210745	-0.10109	-0.303304
-7.50718	2.59686	1.48581	0.877043	0.3367	0.485475	0.324231	-0.167474	-0.209782	0.28091	0.385515	0.00648461	-0.110457	-0.0294366	-0.310834	-0.0279672	-0.048006
-7.9193	2.65796	1.58428	1.1341	0.435506	0.489431	0.115782	0.14348	0.123345	-0.0865764	-0.158843	0.288519	0.307052	-0.0106123	0.122515	0.0797616	-0.263419
-7.80529	2.41484	1.24794	1.01612	0.563516	0.300853	0.189215	0.398172	0.0552008	0.20625	0.229194	0.184236	0.15687	0.028476	-0.118622	0.118311	0.146687
-7.39843	1.31955	0.541362	0.697242	0.342885	0.264133	0.0652579	0.0882336	-0.0695547	0.0431073	-0.0338601	0.016949	-0.216886	-0.217487	-0.211022	-0.0230281	-0.126693
-7.30951	0.941488	0.339938	0.578694	0.421785	0.314326	0.151935	0.121598	-0.0806172	0.0202874	-0.031838	-0.00515629	-0.16215	-0.0199851	-0.0947629	0.0316147	0.0066133
-7.1416	0.72049	0.306734	0.486949	0.40575	0.359298	0.192459	0.236589	0.0265164	-0.145847	-0.0397272	-0.0348141	-0.0848674	0.0404215	-0.00837572	-0.0514999	-0.042946
-7.08596	0.736012	0.381867	0.435197	0.314385	0.269348	0.114104	0.190531	0.053723	-0.0845939	0.0572506	0.048094	-0.0951764	0.100394	0.0849457	0.0289029	-0.0595437
-6.58738	1.34779	0.273571	0.190837	0.209478	0.365807	-0.140634	0.0183294	0.0143447	0.0212406	-0.00927099	-0.00775775	0.174857	0.184085	-0.0170556	-0.136088	-0.168319
-5.43943	1.55769	-0.144739	0.0882723	-0.0649458	0.378751	-0.430012	-0.016373	-0.0642423	-0.0388194	-0.0747411	-0.000496152	0.240284	0.16303	0.0814724	-0.0821248	-0.115601
-4.82075	1.47137	-0.0348731	0.165361	0.0237465	0.377022	-0.389352	0.000728774	-0.02573	-0.109033	-0.0192592	-0.0351863	0.285764	0.233825	0.0557555	-0.150405	-0.100511
-4.69702	1.63626	0.207667	0.280706	0.148095	0.456991	-0.337589	-0.0449457	-0.0620338	-0.102185	-0.0635983	-0.117062	0.0933807	-0.0314494	-0.116386	-0.172507	-0.107013
-5.57307	2.59182	0.763025	0.505875	0.172936	0.416439	0.0146572	0.228647	0.00177312	0.247747	0.0522972	-0.185056	-0.0488468	0.114506	0.0489977	0.102675	-0.0213373
-3.30297	2.58046	0.0751351	0.523879	0.0490985	0.431671	-0.172948	-0.0165698	-0.0550846	0.298027	0.0733604	-0.0109559	0.189732	-0.0215985	-0.0943404	0.0415613	0.00494833
-3.12339	2.42674	0.302451	0.146763	0.105692	0.425285	-0.132446	-0.409564	0.0534385	0.352059	-0.272534	0.0146792	-0.0016235	0.197016	-0.0432316	0.154696	0.000496537
-2.88566	2.30489	0.176655	0.305447	0.0240527	0.442118	-0.303465	-0.0864129	-0.146683	0.415246	-0.0963473	-0.0752567	0.0510813	0.174305	0.0306455	-0.00300719	0.090655
-2.74069	2.28025	0.13192	0.356292	0.0798101	0.403666	-0.275326	-0.0543777	-0.0273647	0.364028	0.0307173	-0.0832958	0.117214	0.211948	-0.0309105	-0.0189868	0.208514
-2.83681	2.46287	0.045384	0.436504	-0.0201246	0.34918	-0.109701	-0.183564	0.0358648	0.342484	0.0185729	0.0482404	0.0589486	0.237844	-0.0158037	0.0494279	0.128256
-2.82305	2.48898	-0.0782794	0.547853	-0.120867	0.459448	-0.258942	-0.0837403	-0.0556345	0.412751	-0.0364099	0.0392231	0.0494092	0.300605	-0.102479	0.0880179	0.100647
-2.90113	2.53734	0.105566	0.536283	0.0563055	0.489435	-0.095891	-0.0358083	-0.114985	0.480027	0.0327486	0.0399162	0.0832948	0.312312	0.0366182	0.0291542	0.249825
-3.23466	2.60702	0.0172857	0.541736	0.0684263	0.597596	-0.107277	-0.0993906	-0.164987	0.388477	-0.110625	0.0320727	-0.0587533	0.343563	0.0457296	0.036363	0.198202
-3.9642	2.99448	0.131688	0.81115	0.0501285	0.674942	0.213051	0.011897	0.0318473	0.569604	0.207294	0.0742345	-0.00914496	0.501919	0.103	0.0761962	0.171755
-5.27083	3.53895	0.587662	0.851587	0.436109	0.675653	0.205238	0.0492381	-0.178674	0.575538	0.426616	-0.0258664	-0.0484915	0.182087	-0.101688	-0.00822204	0.46887
-6.10162	3.72583	1.00476	0.832612	0.408877	0.406352	0.203314	0.189414	0.0914345	0.154198	0.0252224	-0.157349	-0.032801	0.274618	-0.0876105	-0.0550162	0.143303
-4.6334	3.03372	-0.443963	1.1693	0.514783	0.40078	-0.271476	-0.00525416	-0.185291	-0.13072	-0.038482	-0.1563	-0.202814	-0.124679	0.0523063	0.0487271	-0.0374525
-5.04963	3.21151	0.516464	0.989557	0.836916	0.455801	-0.151173	0.215164	-0.0834823	-0.0085616	0.166325	-0.551064	-0.374667	0.281098	0.282296	0.144372	-0.11574
-4.8849	3.28655	0.412289	0.918382	0.547364	0.420105	-0.325626	0.124472	-0.450346	0.0231294	0.058809	-0.33812	-0.263811	0.194629	-0.0650917	0.0321778	0.0391211
-4.73031	3.42752	0.600039	1.17667	0.876585	0.633098	-0.276137	0.129413	-0.231078	0.20283	0.405925	-0.0792874	-0.288877	0.1918	0.055815	0.159914	0.279166
-4.70542	3.25257	0.534898	0.996585	0.796069	0.451674	-0.397277	-0.0167012	-0.362898	0.111714	0.257892	-0.0806835	-0.554939	0.267898	-0.14831	0.221082	0.0453314
-4.71069	3.41495	0.875326	0.884138	1.1894	0.494786	-0.262711	0.00830929	-0.0879783	0.0767682	0.614536	0.0142793	-0.577612	0.326337	-0.0343981	0.204748	0.33324
-4.73592	3.25959	0.458435	1.04355	1.10201	0.27579	-0.47791	-0.278134	-0.0985509	0.0735882	0.366053	-0.0582008	-0.706513	0.155453	-0.147938	0.254367	0.117548
-4.6861	3.41442	0.364218	1.13399	0.826192	0.571226	-0.490592	-0.0999936	-0.244575	0.233959	0.318677	-0.112629	-0.581911	0.190539	-0.00896681	0.158369	0.140548
-4.66116	3.43583	0.421307	1.25855	0.912965	0.632397	-0.538767	0.0412042	-0.117712	0.142125	0.464083	-0.0600511	-0.560791	0.253514	0.011768	0.161638	0.247894
-4.65496	3.49837	0.358051	1.21595	1.10926	0.534694	-0.505915	0.042422	-0.127113	0.240977	0.415786	-0.0493681	-0.595925	0.270231	0.0238685	0.0802579	0.388248
-4.59939	3.40983	0.416365	1.11845	1.20006	0.32921	-0.333371	0.0111355	-0.217944	0.279409	0.419229	-0.114429	-0.563385	0.330121	-0.0677593	0.247975	0.236396
-4.49617	3.26049	0.547201	0.950051	1.21811	0.449793	-0.45016	0.120609	-0.14393	0.0813559	0.497303	-0.144018	-0.586694	0.519612	-0.120683	0.224966	0.200386
-4.48534	3.28953	0.416953	1.16868	0.980326	0.545885	-0.387262	0.171989	-0.253779	0.223493	0.281534	-0.00749025	-0.570387	0.398729	-0.00535898	0.295033	0.121947
-4.4923	3.34747	0.37746	1.09855	0.990435	0.580535	-0.300454	0.163023	-0.221438	0.178521	0.227747	-0.0176576	-0.579503	0.544907	-0.0135685	0.249601	0.142509
-4.46295	3.29119	0.405301	1.10752	1.05529	0.609956	-0.277081	0.25704	-0.311294	0.161757	0.303006	-0.066298	-0.4505	0.488071	0.0836027	0.160682	0.21147
-4.55149	3.3248	0.396445	1.07678	1.04546	0.500199	-0.153044	0.106861	-0.101901	-0.116104	0.409573	-0.169268	-0.460826	0.673553	0.016607	0.230238	0.0196296
-4.53907	3.35582	0.429156	0.855236	0.963308	0.605294	-0.164135	0.225216	-0.233472	-0.0251811	0.271441	-0.076186	-0.463336	0.51039	0.126597	0.138342	0.0799672
-2.9224	2.88343	-0.301801	0.700295	0.209796	0.441668	-0.0466158	0.190575	0.130611	0.316291	0.0901566	0.0147782	-0.0602667	0.315518	-0.220719	0.0711339	0.0286611
-2.50285	2.67225	-0.868727	0.641787	-0.210081	0.21089	-0.33733	0.246846	0.111641	0.410616	0.0236601	0.231839	0.173193	0.216325	-0.355913	0.075271	0.0399102
-2.01008	2.14247	-0.442159	0.404948	-0.0558385	-0.0307484	0.0245958	0.147897	0.308614	0.251599	0.0310824	0.168143	0.0527866	0.173913	-0.319247	0.185472	-0.0616579
-1.9952	1.95978	-0.413354	0.431008	-0.207223	0.0558266	-0.0963519	0.335802	0.162131	0.289963	-0.0271623	0.242543	-0.110815	0.154925	-0.220426	0.207622	-0.10317
-2.09346	2.10858	-0.363185	0.430746	-0.113808	-0.00801945	-0.090495	0.409341	0.0592798	0.285677	0.0299625	0.254401	-0.107881	0.143741	-0.148493	0.171045	-0.0818127
-2.14989	2.00279	-0.237688	0.359428	-0.0951088	-0.09822	-0.0189706	0.328029	0.0513007	0.243456	-0.0253914	0.265685	-0.169613	0.0684996	-0.144984	0.209002	-0.186525
-2.29851	2.00154	-0.147594	0.32947	-0.1703	-0.0959863	-0.239591	0.413839	-0.0639381	0.154423	0.0419692	0.132004	-0.1635	-0.0130009	-0.105342	0.206337	-0.290011
-2.70236	2.37774	0.00737479	0.649369	-0.172467	-0.139212	0.0259789	0.295911	0.140945	0.289072	0.0376853	0.123352	0.0518238	-0.0200537	-0.176694	0.290777	-0.214065
-3.20994	2.17186	0.274681	0.621776	-0.27384	-0.592528	-0.115628	0.318666	-0.134452	0.0752295	0.0184711	0.0304074	-0.245966	0.048442	-0.341038	0.287773	-0.565997
-3.4148	2.1005	0.426522	0.964751	0.0545404	-0.381828	-0.238212	0.379478	0.0025803	0.413223	0.075776	0.0518589	-0.180783	0.0536943	-0.196157	0.229865	-0.39753
-3.88168	2.00225	0.913548	1.12704	0.305278	-0.406648	0.127555	0.530461	-0.500606	0.217122	0.368506	0.105884	0.0400066	-0.265165	-0.0934478	0.498578	-0.387134
-4.18102	1.91075	0.684803	1.35573	0.411481	-0.222463	0.0147264	0.18919	-0.0716536	0.544341	-0.0417414	0.140106	-0.13112	0.0626765	-0.0998737	0.0100876	0.0606054
-4.33889	1.15771	0.193769	0.878087	0.331673	0.0828508	0.306839	0.776386	0.0792145	0.272579	-0.0678178	0.059644	-0.151918	-0.223142	0.0294455	-0.201957	0.00191595
-4.81687	0.648594	0.217698	1.04862	0.274738	-0.086584	0.204811	0.389313	-0.128296	0.148348	0.208536	-0.0729876	-0.122268	-0.0429037	0.129664	-0.0534955	-0.242045
-5.86072	1.36176	0.691151	1.17516	0.637425	-0.163425	0.353495	0.17903	-0.0239803	0.269266	0.321881	0.209175	-0.118971	0.0876031	0.245777	-0.140286	-0.309229
-7.04645	1.57105	1.10756	1.0794	0.705164	-0.119417	-0.0407957	0.416533	0.274728	0.259053	0.257319	0.0562073	-0.127326	-0.107802	-0.0214479	-0.109953	-0.243276
-7.26403	1.51179	0.748507	0.815603	0.462649	0.0151782	0.17915	0.238897	-0.0656801	0.115053	0.213634	0.0549629	-0.154382	-0.0476212	-0.0279101	-0.179164	-0.181096
-7.30765	1.51801	0.618353	0.59863	0.494644	0.0534942	0.243365	0.16984	0.0226962	-0.0537369	0.105923	0.003233	-0.1478	-0.0116925	-0.0287142	-0.0168509	-0.0838718
-7.34484	0.993707	0.466081	0.54005	0.922842	-0.0166615	0.0925268	0.244006	-0.00100143	-0.14504	0.159883	0.148341	-0.250729	-0.123842	0.0576273	0.0405832	-0.116924
-7.09601	0.674726	0.246402	0.282437	0.814279	-0.0510852	0.0246968	0.296561	0.0284646	-0.18706	0.105989	0.269391	-0.22792	-0.159027	0.0274866	0.175231	-0.234011
-6.12574	1.21265	-0.0355227	-0.0907653	0.877565	0.0290769	-0.168336	-0.0123372	0.287904	0.188165	0.0807833	0.122351	-0.243413	-0.192357	-0.063189	0.13995	-0.273813
-5.36487	1.39951	0.0503087	0.00795681	0.815692	0.126638	-0.204208	-0.177855	0.325014	0.294533	0.161991	0.0634242	-0.133184	-0.0989661	0.0279719	0.074462	-0.0731008
-4.90093	1.00953	0.0748618	0.179314	0.670367	0.236118	-0.198954	-0.0606551	0.14926	0.360399	0.196096	0.0672875	-0.0526178	0.0561443	0.0176429	-0.0220149	0.0395246
-4.53826	0.672652	-0.0772548	0.146992	0.515437	0.263694	-0.0630337	-0.0446412	-0.0466018	0.379977	0.34147	0.0863765	0.0522334	0.296111	0.183704	-0.0132783	0.0731608
-4.42004	0.30707	-0.135878	0.147936	0.541461	0.148113	-0.0481677	-0.132842	-0.0550389	0.290386	0.320838	0.170499	0.00475786	0.2006	0.141091	0.17402	0.0991551
-4.49117	0.0702956	-0.200571	0.118877	0.431089	0.0854609	0.0414755	-0.0706963	0.144255	0.301376	0.26907	0.201798	-0.047906	0.0759594	0.0525474	0.118687	0.0828773
-4.67024	-0.00333783	-0.166965	0.10288	0.343312	0.0115442	0.0326376	-0.189909	0.129681	0.26872	0.304282	0.241218	0.0576983	0.0225403	0.0717621	0.0706081	0.0401273
-4.77923	0.055927	-0.236542	0.0447493	0.393502	-0.17908	0.186533	-0.0465158	0.0803472	0.0897919	0.122047	0.231145	0.22833	0.17513	0.195365	-0.0334216	0.0015569
-4.83886	0.171627	-0.235053	-0.0782237	0.370542	-0.285309	0.229097	0.122741	0.198723	0.0163849	-0.0893733	0.14769	0.143151	0.115967	0.1151	-0.00518573	0.035592
-4.91272	0.151154	-0.282128	-0.252729	0.258701	-0.139147	0.181427	0.235282	0.229821	-0.0948961	-0.239004	0.113332	0.0281004	0.00261365	0.0370499	-0.017464	-0.0547825
-4.97561	0.0979458	-0.294438	-0.258869	0.217842	-0.173128	0.135571	0.212942	0.203448	-0.206985	-0.179398	0.277674	0.00716341	-0.0883408	-0.119778	-0.0405192	-0.0284195
-5.10103	0.0456374	-0.243501	-0.187999	0.225197	-0.231272	-0.00656549	0.0929139	0.154203	-0.186428	-0.126871	0.263395	0.00252501	-0.116008	-0.0993964	0.0169333	0.129491
-5.12642	-0.0989856	-0.100501	-0.0846388	0.361924	-0.0629949	0.226787	0.0977152	0.0158791	-0.0850123	-0.0676572	0.149746	-0.000707812	0.0638729	0.00637742	-0.0393562	0.165602
-5.06007	-0.0372374	-0.154747	-0.104179	0.505912	-0.100073	0.102152	0.0218869	0.0140471	-0.0380444	-0.115858	0.234293	0.19175	0.00878826	-0.034843	0.0360247	0.166915
-4.99198	-0.00711564	-0.270489	-0.107262	0.484615	-0.0350306	0.0775211	-0.0832785	0.139763	0.119143	-0.0175477	0.273364	0.205948	-0.0306902	0.032869	0.169484	0.158033
-4.89908	-0.0819153	-0.23847	-0.163536	0.351078	-0.121257	0.111608	-0.0506533	0.313706	0.229696	0.059028	0.255001	0.18197	0.0241851	0.206126	0.206104	0.182935
-4.85404	-0.00562498	-0.087825	-0.143526	0.215249	-0.175522	0.11379	0.0604378	0.292838	0.241777	0.0968738	0.152842	0.0824926	0.0334002	0.220906	0.252513	0.175118
-4.67822	0.109554	-0.0413178	-0.137333	0.13678	-0.197313	0.164686	0.135249	0.187159	0.0847002	0.0751937	0.13833	0.157835	0.138937	0.206737	0.179237	0.179513
-4.67865	0.0618664	0.132234	-0.0907978	0.0884213	-0.257221	0.191595	0.162991	0.131085	0.0598032	0.0447166	0.170742	0.304888	0.0103417	0.0878727	0.190894	0.155513
-4.68915	-0.0616082	0.196581	-0.0419525	0.276282	-0.32325	-0.00415463	0.0311061	0.0704769	-0.0312855	0.047263	0.214885	0.420648	-0.217084	-0.13804	0.0313978	0.0408711
-4.58393	0.000624317	0.220396	-0.2106	0.245233	-0.367848	-0.0617199	0.143829	0.1609	-0.0282087	0.0421139	0.223667	0.416915	-0.19435	-0.217851	0.0245507	0.0879423
-4.53058	-0.0646206	0.193544	-0.304649	0.218525	-0.299656	-0.127068	0.205318	0.0696277	-0.132395	-0.0171919	0.162749	0.416728	-0.123862	-0.131368	0.133035	0.0972438
-4.42237	-0.00230989	0.444598	0.0378399	0.278306	-0.220484	-0.0887144	0.102748	0.0453636	-0.0613305	-0.0685022	0.119989	0.350149	-0.0112783	-0.065629	0.0853541	-0.00807593
-4.31338	0.081494	0.373291	0.194246	0.0118404	-0.662716	-0.0117666	0.084055	0.0931724	-0.172193	-0.273451	0.326691	0.409899	-0.211147	-0.142378	-0.0254714	-0.0134215
-4.40358	0.589663	0.131917	0.231203	0.241965	-0.153615	-0.138572	0.113785	0.000247217	-0.308445	-0.258517	0.135032	0.304926	-0.00962155	0.146306	0.181127	0.217825
-4.56473	0.872706	0.413858	0.771899	0.258482	-0.284276	-0.427582	0.228618	0.237357	-0.223866	-0.27489	0.0576684	0.125908	0.103643	-0.0720029	0.282067	0.106094
-4.47859	1.75823	0.732034	1.37054	0.485104	-0.0322872	-0.0986668	0.0303553	0.134853	-0.0967003	-0.308048	-0.0643012	-0.108295	0.0693831	0.212593	0.303443	-0.252625
-4.14312	2.43419	0.618049	1.06468	0.395569	-0.00180444	0.215349	0.278998	-0.42484	0.125668	-0.0842623	-0.189228	-0.0799832	0.110848	-0.132306	0.123454	0.0403202
-4.48041	2.19223	0.84188	1.6038	0.485619	-0.0287934	0.234257	0.338935	-0.463837	-0.0584143	-0.0120423	-0.201053	-0.480399	0.320077	0.227934	0.309344	0.453764
-5.20951	1.64689	1.30311	0.97239	0.0136792	-0.0715607	0.17198	0.135733	-0.372419	0.330333	-0.192901	-0.31581	-0.0105494	0.354172	-0.272474	-0.0111103	0.438511
-7.01774	2.16489	1.31229	1.43353	0.490376	-0.340329	-0.126352	0.0369817	-0.372714	0.0915558	0.0183734	0.36717	0.00767478	-0.0645861	-0.424208	-0.534179	0.0837374
-7.95385	2.48289	1.41851	1.45333	0.516772	-0.153849	-0.0759538	0.10421	-0.135478	-0.049872	0.00949692	-0.167544	-0.0755192	0.113464	-0.12917	0.0821355	0.329378
-7.58825	2.01009	0.839378	0.756059	0.379183	0.175028	0.13814	0.0651526	-0.173443	-0.0663973	-0.0781548	-0.181742	-0.0960806	-0.0920332	-0.161899	-0.129773	-0.0271048
-7.95038	1.90364	0.826188	0.716985	0.373914	0.119107	0.0787316	-0.0235897	-0.180413	-0.0940626	-0.140544	-0.16581	-0.111937	-0.112421	-0.157478	-0.0923132	-0.0894555
-8.49522	1.86574	0.912828	0.901058	0.555063	0.133518	0.0402771	0.0249335	-0.216713	-0.0481859	-0.109079	-0.0888367	-0.172703	-0.118986	-0.157014	-0.0579299	-0.0734149
-8.60127	1.79066	0.872684	0.790295	0.489981	0.242708	0.194235	0.108168	-0.0690317	-0.00697457	-0.0739475	-0.114761	-0.0826958	-0.023685	-0.121063	0.0274002	0.0332589
-8.6096	1.63363	0.781955	0.690566	0.417649	0.291917	0.242484	0.194535	0.0669207	0.112104	0.100804	-0.00938218	-0.0332646	0.0639302	-0.0633036	0.0326339	0.069481
-8.90148	1.61681	0.83796	0.736392	0.4501	0.263661	0.199028	0.308649	0.0250644	-0.00417976	0.0130704	0.0749012	0.00509575	-0.000596086	-0.0669968	0.0940553	0.0690095
-8.84923	1.55353	0.601444	0.570098	0.429314	0.292833	0.153323	0.218961	0.149682	0.117922	0.108257	0.1011	0.053796	0.0609441	-0.00397727	0.0167236	0.0341424
-7.17918	1.54092	0.356396	-0.0285589	-0.0115676	0.151094	0.0229408	0.027524	-0.00577849	0.13924	-0.0254495	-0.00138174	0.153349	-0.0743674	0.075918	-0.000768494	0.0680643
-5.54828	1.43	0.019073	0.677814	0.328228	0.0400297	0.0702366	0.161024	-0.319153	0.171081	-0.0607464	-0.111703	0.0163038	-0.127141	0.0648094	-0.036806	-0.0807838
-4.49353	1.1428	0.0397285	0.773599	0.357928	0.120085	0.0721696	0.185343	-0.355434	0.202986	-0.0317748	-0.118736	0.00661867	-0.108058	0.0529736	-0.0125709	-0.104915
-3.97518	0.941596	0.123659	0.801292	0.215229	0.131724	0.102982	0.0409428	-0.374408	0.171426	-0.046665	-0.151575	-0.0326513	-0.186417	0.0740873	0.0757174	0.000699467
-4.00803	0.867409	0.343522	0.940804	0.54795	0.569298	0.416992	-0.390049	-0.451894	-0.0697596	-0.170629	-0.0351517	0.2516	-0.0681787	0.112302	0.0655944	0.188952
-4.12922	0.648654	0.632177	0.905468	0.1513	0.328829	0.316501	-0.123132	-0.230858	0.0989512	-0.117343	-2.8458e-05	-0.0110183	-0.18748	-0.0981966	0.0340065	-0.140041
-4.36052	0.804985	0.994139	1.1618	0.257257	0.370402	0.25582	-0.200369	-0.218618	0.109507	-0.151201	-0.105639	-0.142708	-0.0296816	0.134072	0.29247	0.0150264
-4.1278	1.37916	1.08865	1.26491	0.104576	0.211054	0.216232	-0.1815	-0.318887	0.082575	-0.0805797	-0.11548	-0.0279101	0.0912772	0.0518996	0.0951118	-0.0570727
-3.62051	2.125	0.888017	1.47356	0.0330395	0.278926	0.34612	0.181286	-0.5339	-0.0237258	-0.0308412	-0.366358	-0.131796	0.26239	0.203373	0.430735	0.0231746
-3.55352	2.41703	0.811206	1.17848	0.0587194	0.278203	0.124309	0.0781108	-0.434624	0.252477	-0.163657	-0.342697	-0.175491	0.391329	-0.00401186	0.424856	0.186415
-3.31809	2.24082	0.391095	1.2979	-0.357089	0.291591	0.0823171	0.0955125	-0.309362	0.306795	-0.114551	-0.170967	-0.224126	0.186787	-0.0416589	0.185185	0.0402863
-3.51527	2.536	0.438679	0.796169	-0.0337489	0.300893	-0.0225995	0.143346	0.0696456	0.0296483	-0.02376	0.0985254	-0.500057	0.110367	-0.0386885	0.134082	0.0120174
-3.13345	2.23291	0.228096	1.10923	-0.252551	0.299834	-0.037226	0.39243	-0.210968	0.283152	-0.0995198	0.0168697	-0.469178	0.109188	-0.0550073	0.135363	0.0876465
-3.18303	2.31983	0.181298	0.891831	-0.0215314	0.108318	-0.01534	0.433346	-0.17989	0.221221	0.0933171	-0.114506	-0.297658	-0.0399542	-0.0950451	0.141349	0.0247177
-2.96146	2.03761	0.413426	0.846006	0.109166	-0.045529	0.205505	0.298862	0.0291978	0.0869439	0.123876	-0.216963	-0.285254	-0.164694	0.136301	0.135675	0.332625
-3.13753	2.2066	0.0581399	0.898422	-0.0144441	-0.117759	0.158722	0.270793	-0.0964451	0.263036	0.0170404	0.163729	-0.443064	0.0407532	-0.167463	-0.00696215	-0.127009
-3.17287	2.28455	-0.00509446	1.00444	-0.0883779	0.0186859	-0.00514354	0.425247	-0.104592	0.264048	-0.0304989	0.142623	-0.437844	0.00745461	-0.183839	0.153361	-0.103357
-3.26825	2.2411	0.079269	0.77727	0.0964947	-0.0686483	-0.0687541	0.382484	-0.0370017	0.192296	-0.0188356	0.163759	-0.284126	-0.0653636	-0.257174	0.202249	-0.410177
-3.63696	2.61338	0.0281037	0.979021	0.25887	0.182793	-0.224143	0.44452	0.0241278	0.100337	-0.106159	0.0912089	-0.197195	-0.0598781	-0.332758	0.422968	-0.0221481
-4.6926	2.96746	0.715482	1.33798	0.589038	0.450003	-0.724577	0.264257	0.345417	-0.057765	0.0498093	-0.307427	-0.284912	-0.0276936	0.0395319	0.462556	-0.033401
-4.83403	3.26138	0.411729	1.37875	0.72336	0.639569	-0.534957	0.315642	0.0250126	-0.555429	0.128595	-0.408312	0.135976	0.0672191	-0.11019	0.465537	-0.143119
-4.75625	2.95441	0.566211	1.31774	0.897451	0.621446	-0.448836	0.392662	-0.243423	-0.512787	0.00859691	-0.350569	0.213205	0.127265	-0.113897	0.381551	-0.0333771
-4.94427	3.02167	0.713772	1.05331	0.983486	0.542893	-0.458421	0.272639	-0.114677	-0.591304	0.0898141	-0.223649	0.143505	0.184508	-0.290403	0.39088	-0.281644
-5.02333	3.22974	0.737512	1.26799	0.872092	0.673787	-0.446629	0.435599	-0.157653	-0.390279	-0.0299353	-0.307854	0.0302449	0.146383	-0.277549	0.58966	0.101996
-5.35033	3.25378	1.08427	1.21902	0.838095	0.419372	-0.326113	0.576738	-0.246181	-0.51002	0.219181	-0.306066	0.0268109	-0.0717236	-0.299022	0.629222	0.103439
-5.3828	2.94853	1.12348	1.18153	1.0128	0.349635	-0.418607	0.612861	-0.320138	-0.398897	0.308526	-0.19912	-0.0925861	-0.0463612	-0.413439	0.600976	-0.128879
-5.75751	2.81629	1.03199	1.27708	1.07253	0.521248	-0.507359	0.359766	-0.15495	-0.343754	0.207102	-0.00662573	-0.0372668	-0.0488253	-0.433235	0.140954	-0.300016
-5.79731	2.8446	1.00032	1.29706	1.02684	0.547481	-0.526437	0.361805	-0.128664	-0.340412	0.207749	-0.105142	0.158741	-0.0964036	-0.560258	0.261176	-0.309389
-6.01821	2.82633	0.966351	1.44815	0.793414	0.636099	-0.602252	0.453764	0.0614561	-0.323295	0.281584	-0.492469	0.0801171	0.0448085	-0.27471	0.0173551	-0.440845
-4.91677	2.12928	0.755125	1.4428	0.100384	0.446887	-0.127141	0.118979	-0.00802492	0.0414347	-0.216783	0.0405982	0.134852	-0.0715939	-0.304664	-0.0619945	-0.441575
-4.3691	2.0688	0.12581	1.32899	0.16599	0.276971	0.0868591	0.499663	-0.0592014	0.17862	-0.0120064	-0.16494	-0.432023	-0.0509935	-0.0196863	0.169096	-0.207439
-4.60467	1.56454	0.274921	1.37947	0.471254	0.221647	0.263126	0.310959	0.0382107	0.2415	0.0722555	-0.244148	-0.28491	-0.147906	-0.209752	0.202746	-0.28438
-4.62617	1.59156	0.591006	1.11617	-0.0738097	0.0911372	0.501774	0.168249	-0.230861	0.0224397	-0.0017502	-0.327029	-0.0741008	0.173602	-0.16671	-0.0114656	-0.267849
-4.50603	1.75943	0.302507	0.751613	-0.17956	0.376759	0.430975	0.281585	-0.0812264	-0.0348491	-0.0342466	-0.0484256	-0.0950098	-0.0848307	-0.33176	0.218593	-0.159673
-4.62445	1.33899	0.0286432	0.801164	-0.350089	0.147803	0.607999	0.474968	-0.0160443	0.332186	0.155999	-0.323055	-0.0960921	-0.152105	-0.190874	-0.0882801	-0.542144
-4.4903	1.5007	0.100144	0.707112	-0.350485	0.148958	0.237755	0.0690314	-0.0176025	0.131432	0.0984298	-0.0823325	-0.448273	0.221927	-0.148185	0.0516766	-0.353383
-4.68248	1.25605	0.350444	0.706873	-0.438863	0.21329	0.39539	0.112991	-0.0311724	0.51569	-0.00318155	-0.27435	-0.286644	-0.189847	-0.109322	0.278247	-0.0324781
-4.79999	1.25187	0.162531	0.743521	-0.50018	0.0336291	0.50922	0.222142	0.0124768	0.263555	0.133917	-0.327561	-0.177866	-0.0680895	-0.318123	0.2504	-0.238048
-4.79183	0.817147	-0.256143	0.461219	-0.698049	0.0589735	0.15904	0.0419746	-0.170437	-0.0518178	-0.0488736	-0.265462	-0.262905	-0.0385394	-0.276203	-0.118066	-0.219564
-4.80902	0.769901	-0.269086	0.562335	-0.689599	-0.0330705	0.226409	0.107928	-0.138656	0.0124454	-0.0364265	-0.136631	-0.128112	0.0482516	-0.22935	-0.0889036	-0.241333
-4.68354	0.800212	-0.242208	0.634223	-0.743394	-0.18116	0.208106	0.26029	0.0616778	0.169838	-0.115301	-0.2091	-0.0985169	0.11318	-0.0738134	0.104975	-0.210176
-4.70259	0.716685	-0.463161	0.606605	-0.724505	-0.117271	0.22593	0.296889	0.0893957	0.243969	0.041591	-0.253083	-0.0861408	0.204183	0.0879385	0.133661	-0.241946
-4.73614	0.723164	-0.638934	0.603932	-0.513288	-0.00274692	0.258011	0.309424	0.0571109	0.21342	0.163108	-0.309628	-0.259184	0.18102	0.136634	0.225769	-0.196764
-4.67864	0.855303	-0.569372	0.459951	-0.501592	0.00226614	0.311082	0.171425	0.107156	0.286348	0.204394	-0.161873	-0.2303	0.0922321	0.0781745	0.0740808	-0.111145
-4.61766	0.892819	-0.421489	0.573311	-0.645444	-0.0607369	0.309163	0.257924	0.149651	0.241649	0.170298	-0.247753	-0.132663	0.0528823	-0.0814033	0.0817609	-0.0366878
-4.58691	0.871237	-0.466125	0.658292	-0.804031	0.0386792	0.385461	0.223035	0.00890954	0.0815459	0.0569056	-0.239397	-0.197661	-0.0263692	-0.20795	-0.0128854	-0.0458531
-4.54292	0.762803	-0.67543	0.438914	-0.854333	-0.0103253	0.442165	0.290697	0.103907	0.0263759	-0.0576408	-0.261652	-0.264608	-0.0207781	-0.249901	0.0118677	-0.105505
-4.5566	0.803921	-0.641941	0.455772	-0.817071	0.0658119	0.386711	0.215628	0.144164	0.0983092	0.0291656	-0.214197	-0.163093	0.0200625	-0.147416	0.0718032	-0.264492
-4.59521	0.809776	-0.585784	0.516734	-0.78958	0.0598289	0.358155	0.166114	0.118259	0.0205712	0.11002	-0.244531	-0.165762	-0.0524238	0.000123144	0.130457	-0.342049
-4.5344	0.905248	-0.700381	0.394114	-0.836021	-0.0206724	0.136686	0.0643601	-0.0110074	-0.0973434	0.0641752	-0.206557	-0.0681494	-0.0568369	0.035462	0.26087	-0.0821064
-4.49964	0.890116	-0.64739	0.507745	-0.762878	-0.0407593	0.152563	0.040079	-0.14122	-0.204829	0.0891049	-0.305597	-0.155817	0.0196421	-0.0450297	0.083527	-0.0441702
-4.33882	0.818775	-0.819438	0.470988	-0.644114	-0.112358	0.250218	-0.0527792	-0.0717184	-0.0526304	0.0987569	-0.431951	-0.123402	0.123002	-0.15331	-0.000723499	-0.0589879
-4.25192	0.9269	-0.853135	0.26545	-0.697817	-0.242263	0.221271	0.0728071	0.0997376	0.148075	0.120616	-0.483943	-0.179106	0.0377694	-0.181775	0.053705	-0.174191
-4.26288	1.06549	-0.587177	0.315673	-0.708662	-0.316753	0.209166	0.0958008	0.0888019	0.143958	0.087135	-0.436611	-0.192282	0.0512327	-0.119086	0.012697	-0.24218
-4.14936	1.10871	-0.653163	0.431036	-0.662842	-0.239577	0.13487	0.0632801	0.0377756	-0.0120208	-0.00432218	-0.274731	-0.179681	-0.11942	-0.205456	0.0805282	-0.126203
-4.1772	1.14901	-0.650175	0.416062	-0.562767	-0.17351	-0.273618	-0.245588	0.0215423	0.318741	0.370052	-0.15913	0.0413187	-0.0748054	-0.343144	0.169552	0.137152
-4.03127	1.46462	-0.466792	0.508575	-0.402635	-0.0634989	-0.00911289	0.363537	0.18239	-0.047415	0.0180102	-0.108048	0.107912	0.0451686	-0.379088	-0.119427	-0.31879
-4.04977	2.21861	0.459556	0.394852	-0.556046	0.198944	0.264148	0.165418	0.21991	-0.0249092	0.185721	-0.182913	-0.237297	0.0938736	-0.0895252	-0.242135	-0.159382
-3.81618	2.25651	0.257335	0.799065	0.11513	-0.404239	-0.0122686	0.278469	0.347637	0.133774	0.0128991	-0.132677	0.00730783	-0.138471	-0.146871	-0.2322	-0.362815
-3.51934	2.36398	0.291527	0.330418	0.222545	-0.122066	0.0259803	0.0383887	0.225197	0.00493886	0.26912	0.117149	0.0791495	-0.214349	-0.144792	-0.204384	-0.06176
-3.05685	2.59498	-0.414303	0.4229	0.182104	-0.284255	-0.0249055	0.259479	0.223295	-0.0524131	0.255079	0.10379	-0.091321	-0.00965706	-0.00411724	-0.0480343	-0.0800106
-2.79188	2.51793	-0.659279	0.613407	0.100125	-0.249928	0.0440431	0.238775	0.397967	-0.00961902	0.300796	0.190714	-0.108088	0.0393706	-0.054379	-0.00842805	0.0189381
-2.57499	2.2721	-0.715563	0.600722	0.100673	-0.249663	-0.0430538	0.22039	0.331686	-0.0384928	0.199705	0.248221	-0.13434	0.036642	-0.066288	-0.0466398	0.0127937
-2.53667	2.08864	-0.695924	0.57359	0.0200437	-0.202187	-0.263948	0.258545	0.25162	-0.0871537	0.183869	0.169508	-0.140525	-0.0716556	-0.0427354	-0.158941	-0.0192559
-2.58651	2.28077	-0.687289	0.583045	0.130614	-0.129111	-0.215761	0.339445	0.294094	-0.0375889	0.259374	0.178299	-0.0106724	-0.127051	0.0725319	-0.126056	0.0332936
-2.5711	2.2702	-0.630517	0.578035	0.19867	-0.126379	-0.18095	0.297699	0.330806	0.0593977	0.127612	0.301586	-0.0990462	-0.0877949	0.0645564	-0.14971	0.129037
-2.54249	2.25964	-0.539006	0.537809	0.230188	-0.090312	-0.281447	0.367668	0.306936	0.0172606	0.188416	0.295717	0.0206613	-0.0575872	0.0524785	-0.0903788	0.0962405
-2.62949	2.30875	-0.635548	0.541478	0.175956	-0.00958338	-0.400643	0.354019	0.239276	0.0740026	0.110021	0.304631	-0.0906085	-0.0968075	0.0539176	-0.135704	0.0606389
-2.62103	2.45339	-0.5353	0.589388	0.283849	0.0450755	-0.355257	0.439236	0.268434	0.160694	0.176837	0.345519	0.088048	-0.0646676	0.114123	-0.134581	0.240516
-2.63478	2.49737	-0.534316	0.579491	0.330406	0.0875849	-0.391722	0.467653	0.295051	0.162453	0.196223	0.349344	0.0676207	-0.0149186	0.127531	-0.108731	0.214148
-2.82303	2.8226	-0.536833	0.733159	0.304621	0.295311	-0.449446	0.511977	0.386047	0.17144	0.292997	0.344809	0.25828	-0.0889706	0.243849	-0.13784	0.357067
-2.7489	2.62908	-0.292513	0.570441	0.453575	0.213458	-0.422858	0.527403	0.366402	0.210117	0.214691	0.46002	0.14167	0.0744346	0.159345	-0.0440628	0.330009
-2.85058	2.70479	-0.331185	0.611217	0.464292	0.210926	-0.450809	0.554545	0.35629	0.174615	0.273513	0.427381	0.161346	0.0169394	0.203647	-0.0785675	0.346406
-2.97567	2.67134	-0.290155	0.482998	0.400342	0.232407	-0.585576	0.484439	0.319564	0.119708	0.183405	0.444376	0.052814	0.0427787	0.0896479	-0.0556361	0.234646
-2.97333	2.58569	-0.288245	0.560769	0.32884	0.245588	-0.649815	0.498194	0.261881	0.105675	0.16305	0.428259	0.0463939	0.00792983	0.158935	-0.137991	0.232843
-2.95214	2.44345	-0.259076	0.478161	0.277621	0.233982	-0.749141	0.465001	0.176621	0.178562	0.0147436	0.414954	-0.0331518	0.123753	-0.0443613	-0.0583877	0.151144
-2.97632	2.36304	-0.263814	0.36244	0.332922	0.0605154	-0.642837	0.291303	0.198853	0.0796187	0.0210206	0.410901	-0.15496	0.135774	-0.0805562	-0.0840153	0.0655064
-2.95765	2.24537	-0.163311	0.257694	0.393583	-0.111717	-0.53716	0.206061	0.185175	0.109223	-0.0311464	0.394135	-0.191865	0.152989	-0.130298	-0.0499868	0.0423045
-2.98982	2.13136	-0.222564	0.274392	0.167748	-0.00658992	-0.6797	0.199964	-0.0198996	0.190843	-0.181526	0.394083	-0.310743	0.143367	-0.184407	-0.134689	-0.0375524
-2.87843	1.98589	0.0748973	0.14341	0.350668	-0.187887	-0.310123	0.0369602	0.154922	0.132293	0.0816373	0.200052	-0.0654155	0.068496	-0.0356887	-0.144681	0.121818
-2.92139	1.96679	-0.100199	0.229535	0.0986419	-0.0675352	-0.47375	-0.0107756	0.0580988	0.177876	-0.132948	0.247019	-0.222966	0.116065	-0.12519	-0.184641	-0.011371
-2.95992	2.04725	-0.0370654	0.240281	0.106574	-0.0232185	-0.398417	-0.00721975	0.0619234	0.263062	-0.120144	0.255051	-0.196584	0.297724	-0.234463	-0.0487885	0.0240084
-2.98905	2.06416	-0.0234476	0.279975	0.0197895	0.035512	-0.374689	0.016723	-0.0940318	0.395836	-0.162452	0.276573	-0.226312	0.248963	-0.159844	-0.066271	0.0161883
-3.01266	2.07181	-0.0209375	0.313025	-0.0582786	0.0511098	-0.292305	-0.061688	-0.189315	0.499834	-0.168322	0.230385	-0.22581	0.25898	-0.160377	-0.0765926	0.0193619
-3.09946	2.09645	0.0282797	0.19281	-0.0294228	0.0261395	-0.270525	-0.124631	-0.207088	0.470564	-0.191492	0.246521	-0.293425	0.2534	-0.164549	-0.0455002	-0.0637989
-3.03825	2.0223	0.179257	0.144402	-0.0558245	0.172493	-0.159065	-0.219104	-0.176554	0.566936	-0.158623	0.235807	-0.245172	0.307241	-0.134173	0.0717484	-0.0403178
-3.25736	2.25014	0.143848	0.194749	-0.240784	0.350947	-0.150941	-0.221797	-0.299919	0.581869	-0.139652	0.234004	-0.217571	0.256136	-0.15197	0.143878	-0.0863508
-3.32509	2.32194	0.289394	0.196858	-0.2777	0.455984	0.00119988	-0.191503	-0.342014	0.540322	-0.0458348	0.322612	-0.122909	0.18303	-0.0818338	0.247382	0.0101955
-3.50184	2.43255	0.389938	0.170932	-0.283716	0.447739	0.117385	-0.167444	-0.425981	0.466241	-0.0398922	0.35766	-0.0523	0.16675	-0.0897413	0.237899	0.0569946
-3.62318	2.33899	0.472513	0.0998393	-0.350677	0.382549	0.0538934	-0.173389	-0.499405	0.330945	-0.125705	0.352201	-0.0789044	0.134929	-0.206499	0.21309	-0.0597955
-3.72844	2.37861	0.473135	0.0968944	-0.394182	0.398192	0.0206421	-0.0860989	-0.602898	0.341843	-0.24057	0.373207	-0.0568516	0.087873	-0.199804	0.159168	-0.0416824
-3.86985	2.36535	0.65551	0.0625084	-0.335461	0.403027	0.0800755	-0.0542123	-0.590804	0.260926	-0.212642	0.40469	-0.0506291	0.08901	-0.176544	0.0997814	0.0601063
-3.97711	2.33963	0.646201	0.00592406	-0.377491	0.47089	0.00420682	-0.0714593	-0.626158	0.220731	-0.254324	0.365686	-0.0860779	0.0174988	-0.214926	0.126554	-0.0183517
-4.12718	2.41757	0.640835	0.108799	-0.432092	0.52744	0.0164953	-0.0214273	-0.641483	0.168232	-0.212529	0.333821	-0.0578556	-0.0324372	-0.137699	0.0919364	0.0194621
-4.12368	2.40972	0.593411	0.124033	-0.325629	0.549488	0.0852322	-0.146448	-0.525185	0.124957	-0.1369	0.29761	-0.0288133	-0.0322075	-0.0813855	0.0446836	0.0875202
-4.14911	2.59033	0.451927	0.217456	-0.323988	0.644978	0.0400093	-0.123833	-0.52001	0.235572	-0.135388	0.322467	-0.0252384	-0.0199836	-0.0639734	0.0852376	0.152848
-3.99245	2.4023	0.500952	0.095567	-0.204072	0.547379	0.0137014	-0.269585	-0.43246	0.23043	-0.0947412	0.228029	-0.0690889	-0.0115981	-0.0563053	0.135241	0.037801
-3.76814	2.24555	0.432714	0.125886	-0.115346	0.487185	-0.0539163	-0.355449	-0.374553	0.332901	-0.070827	0.163284	-0.121516	0.0547392	-0.0142104	0.193721	-0.0514657
-3.44172	2.036	0.43947	0.114404	0.00380516	0.374025	-0.0482945	-0.354715	-0.282186	0.387794	-0.0857353	0.208074	-0.101035	0.149591	-0.0245171	0.189842	0.00675664
-3.22703	1.87711	0.249465	0.101005	0.0271099	0.258567	-0.263919	-0.359763	-0.221319	0.404864	-0.240093	0.121513	-0.0670956	0.213313	-0.0193577	0.0729624	-0.151357
-2.95818	1.73116	0.215156	0.206929	0.124402	0.149997	-0.260273	-0.237904	-0.0962821	0.437383	-0.287845	0.228363	0.0511764	0.269652	-0.0389922	0.111102	-0.0201908
-3.20628	1.88321	0.247228	-0.0223573	0.192401	-0.0680931	-0.473245	-0.111333	-0.0095688	0.323792	-0.4039	0.300779	0.0295564	0.0370623	-0.050392	0.0459765	-0.0881879
-2.94225	1.55186	0.103456	0.308952	0.106311	-0.0563889	-0.23271	-0.101522	0.0005684	0.293277	-0.330307	0.279717	0.00414139	0.131158	-0.118477	0.176708	0.00334175
-2.84343	1.53083	0.100214	0.413355	0.142577	-0.00392323	-0.249179	0.0523384	-0.0496558	0.37369	-0.32366	0.350767	0.070098	0.133631	-0.041034	0.213793	0.117942
-2.78017	1.41547	0.178216	0.406202	0.199837	-0.136938	-0.173105	0.0379712	-0.0140176	0.279268	-0.249983	0.375523	0.0708634	0.0977525	0.0268826	0.269376	0.08232
-2.71849	1.29143	0.230129	0.452854	0.250157	-0.155892	-0.127705	0.0952832	-0.0275349	0.249631	-0.195653	0.391551	0.0667313	0.0981865	0.0742801	0.285841	0.149995
-2.77102	1.35303	0.200713	0.498896	0.253735	-0.193373	-0.121665	0.134833	-0.0467453	0.243415	-0.151445	0.394938	0.0587898	0.100542	0.121361	0.282058	0.169735
-2.83908	1.37171	0.132027	0.524034	0.114823	-0.139606	-0.187857	0.0885387	-0.0926258	0.218821	-0.156449	0.388819	-0.0755745	0.116182	0.0483537	0.226657	0.0888661
-2.81239	1.33006	0.208613	0.60709	0.190608	-0.196159	-0.0928706	0.135838	-0.122522	0.253397	-0.11146	0.379649	0.0121713	0.140447	0.143174	0.236689	0.167827
-2.89155	1.43159	0.158723	0.691382	0.135317	-0.19616	-0.0898019	0.145813	-0.142397	0.253739	-0.102538	0.387207	-0.00455168	0.134357	0.153435	0.211815	0.171884
-2.8763	1.38305	0.160078	0.663188	0.147631	-0.237317	-0.084446	0.138817	-0.18884	0.242646	-0.135735	0.395053	-0.0577712	0.168288	0.115453	0.237681	0.0881044
-2.88197	1.36438	0.211888	0.680391	0.179786	-0.253373	-0.0528466	0.150838	-0.203772	0.270525	-0.108609	0.404869	-0.0144378	0.153796	0.0860275	0.21672	0.135255
-2.88589	1.37219	0.250498	0.71187	0.201569	-0.229315	-0.0428143	0.15261	-0.188737	0.244499	-0.0627337	0.405938	0.0133314	0.143139	0.0964898	0.220193	0.145779
-2.9254	1.37751	0.284727	0.702655	0.226685	-0.212807	-0.0695159	0.149196	-0.203758	0.240954	-0.0880005	0.408791	0.0595143	0.153806	0.0557334	0.176255	0.11859
-2.92746	1.26962	0.346084	0.667415	0.218164	-0.284901	-0.0762411	0.121992	-0.248454	0.209297	-0.0990322	0.413176	0.0026654	0.134765	0.00255927	0.157607	0.0167877
-3.1478	1.50455	0.416981	0.673594	0.293888	-0.234743	-0.0736359	0.165776	-0.222403	0.236816	-0.0836671	0.440906	0.0369996	0.157965	-0.0506138	0.234473	0.0700509
-3.50699	1.79896	0.360928	0.769651	0.198751	-0.329343	0.0328002	0.103613	-0.210783	0.166518	0.000231627	0.340304	0.0236367	0.0759407	0.0337804	0.195481	-0.0377891
-4.03014	2.08552	0.656284	0.676351	0.565407	-0.452529	0.171998	0.177635	-0.156061	0.283488	-0.300167	0.6708	-0.0265994	0.166781	0.062918	0.232721	-0.0153703
-4.48557	1.81379	1.41694	1.06227	0.500582	-0.212398	0.179174	0.127929	-0.0547415	0.220311	0.0493451	0.648135	0.213203	0.21482	-0.0247075	0.318513	0.186529
-4.90792	1.90447	1.44669	1.41497	0.980761	-0.0746804	0.264082	0.0168406	0.0188992	0.404878	0.101506	0.79861	0.271998	0.256704	0.0848278	0.490556	0.015603
-4.93698	2.21283	1.47993	0.973507	0.509062	0.0294031	0.714533	0.458768	-0.062228	0.245475	0.450974	0.545659	-0.0360633	0.119933	0.132691	0.562274	-0.0111309
-5.31347	1.7341	0.873689	1.06731	0.851632	-0.000668432	-0.0456853	0.155969	-0.22151	0.239832	0.157241	0.0100613	-0.0956068	-0.210192	-0.314387	0.350757	0.00306153
-5.48641	1.88281	0.84317	0.921142	0.784651	0.119869	-0.0956443	0.108381	0.0525499	0.13129	0.0142069	0.24725	0.0902052	-0.10623	-0.241528	0.528295	-0.364292
-5.32302	0.98132	0.678763	0.787962	0.595861	-0.00815575	0.102696	0.0635357	0.148515	-0.0427595	0.00317943	0.105301	-0.162551	-0.24589	-0.139166	0.0672631	-0.118882
-5.35167	0.829533	0.809864	0.942315	0.702314	0.469814	0.257565	0.331973	0.586403	0.301847	0.478378	0.0317604	0.0351709	-0.0460818	0.135762	0.42827	0.183536
-5.15767	0.233474	0.527321	0.0666381	0.135466	0.181213	0.201719	0.235002	0.274169	0.0735774	-0.0432934	0.105095	-0.0022781	-0.169518	-0.0342526	0.115475	-0.0615192
-5.22637	0.132821	0.534212	-0.0596114	0.0909242	0.125232	0.203949	0.211987	0.114336	0.019492	-0.0259262	0.249628	-0.0148905	-0.228023	0.0576451	0.214673	0.0995998
-5.1994	0.0180457	0.595259	-0.11398	0.205294	0.0496918	0.234348	0.196848	-0.0136889	-0.00851396	0.0674144	0.342656	0.0392521	-0.0136445	0.138618	0.184254	0.104046
-5.18469	-0.208195	0.542068	-0.0769427	0.303554	0.00871691	0.228764	0.128047	-0.028671	0.0711102	0.160305	0.257637	0.111862	0.0252725	0.0761787	0.0291298	0.129995
-5.32249	-0.360148	0.335421	-0.071039	0.324725	0.00244478	0.277803	0.217094	-0.0406833	0.044002	0.275771	0.175892	0.0553222	-0.0714535	0.107743	0.159706	0.110677
-5.51317	-0.218691	0.358934	-0.0537098	0.384595	-0.0560503	0.194983	0.234031	0.0669456	0.00124209	0.285107	0.301759	0.0605707	-0.175065	-0.0390103	0.19358	0.0804994
-5.67169	-0.278852	0.389589	-0.114537	0.426049	-0.0743858	0.171451	0.2042	0.152356	0.0452611	0.187261	0.162948	0.104262	-0.0983301	-0.0262194	0.338645	0.0762046
-5.84685	-0.447921	0.405822	-0.124584	0.462331	0.0956185	0.263239	0.222598	0.090942	0.0593142	0.157389	0.0642859	0.0401057	-0.0905411	-0.00251104	0.376026	-0.0257285
-5.97873	-0.43865	0.542527	-0.122699	0.336006	0.0230929	0.214509	0.187453	0.00562282	0.0617534	0.199175	0.147805	0.166745	0.164624	0.0883902	0.405435	-0.00926629
-6.23308	-0.396655	0.549208	-0.0653696	0.364862	-0.0366684	0.253175	0.169239	0.090169	0.202594	0.271232	0.116176	0.200324	0.336072	0.123731	0.226957	-0.0479632
-6.3618	-0.470524	0.551182	0.0845352	0.349879	0.0101633	0.191355	0.211186	0.0271847	0.27498	0.336524	0.26167	0.212302	0.137252	-0.0308099	0.20521	-0.0431881
-6.44149	-0.42168	0.762268	0.0657526	0.382886	0.0125739	0.221676	0.309298	0.0748791	0.0993942	0.187787	0.217718	0.177439	-0.00113215	0.00724341	0.260908	-0.0448603
-6.48988	-0.187423	0.898168	0.0329541	0.558267	0.0610077	0.157245	0.365504	0.245208	-0.0498134	0.155046	0.258492	0.184889	0.0755185	-0.0246284	0.0548541	-0.0158522
-6.29896	0.320884	1.26836	0.255126	0.786268	0.102159	0.0996946	0.190653	0.0889749	-0.207472	-0.0520059	-0.0375255	-0.0212989	-0.130488	-0.168382	0.027006	0.112596
-6.12049	0.679828	1.55932	0.392	0.742488	0.0644504	0.0805255	0.123536	0.0381487	-0.136065	-0.0029212	-0.244699	-0.230799	-0.220141	-0.186272	-0.01073	0.0851667
-6.24267	0.764982	1.61189	0.410217	0.745907	0.0732478	0.180707	0.210837	-0.14511	-0.160409	0.130354	-0.448798	-0.371006	-0.270844	-0.194835	0.00863925	0.0293191
-6.45249	0.550919	1.44738	0.439634	0.828498	0.111517	0.105415	0.108962	-0.240344	-0.177313	0.0927093	-0.450746	-0.350068	-0.214856	-0.163663	-0.00445754	0.0765268
-6.50232	0.228714	0.889155	0.242567	0.764179	0.0283364	-0.0657319	0.0158035	-0.180823	-0.282621	-0.063966	-0.353495	-0.1977	-0.130611	0.0561093	0.122337	0.0457388
-6.31761	0.025419	0.478548	0.161157	0.88075	0.122252	-0.0558085	0.190351	0.00805342	-0.242559	0.065459	-0.33051	-0.280247	-0.231819	0.0301355	0.075596	0.0110933
-6.04841	-0.0271774	0.225123	0.100562	0.889754	0.224815	-0.0942381	0.235105	-0.0651943	-0.200498	0.356453	-0.311907	-0.3935	-0.22483	0.034719	0.112536	0.103078
-5.88788	-0.159379	-0.0644764	-0.0372888	0.854466	0.315428	0.00646498	0.261937	-0.0669133	-0.155368	0.329848	-0.163243	-0.172798	-0.046087	-0.0138235	0.102389	0.056325
-5.79943	-0.216964	-0.00379622	0.012796	0.708825	0.187724	-0.0275834	0.22799	-0.134145	-0.107038	0.229198	0.0244479	-0.0412954	-0.0647607	-0.129178	0.0103794	0.0315107
-5.87154	-0.127846	0.20151	0.178224	0.599266	0.0493036	-0.109633	0.174096	-0.246478	-0.186555	0.172793	0.124577	0.00664211	-0.0949373	-0.0733729	-0.0200104	0.0361638
-5.95062	0.180164	0.210816	0.167943	0.550608	0.199157	-0.0256268	0.111778	-0.288515	-0.0564926	0.166635	0.132967	0.202628	0.0883762	-0.0403912	-0.0386375	-0.132012
-6.04239	0.615713	0.0369666	0.209744	0.381318	0.196846	-0.0517073	0.0454143	-0.0932846	0.0244174	0.0639154	0.119111	0.232895	0.102135	0.150754	0.234304	-0.0987561
-6.17137	0.807639	0.0544095	0.277013	0.199437	0.155707	0.0323626	-0.0376397	0.0445045	0.0446421	0.14446	0.230462	0.103708	-0.106794	0.0623945	0.309881	-0.13678
-6.55265	0.892147	0.173596	0.280092	0.185072	0.0876897	0.081395	0.104311	0.186206	0.0888764	0.137434	0.276827	0.0356259	-0.22217	0.0693912	0.42328	-0.0964691
-7.21518	1.34372	0.129434	0.142325	0.143469	-0.01519	-0.0205074	0.128161	0.223019	0.134812	0.00699612	0.0325138	-0.0846442	-0.228713	0.00140794	0.38936	-0.132457
-7.53389	1.74034	0.0698456	0.306849	0.164907	-0.056346	-0.0220057	0.207626	0.13713	0.224793	-0.115334	0.0136746	-0.235832	-0.248754	-0.149723	0.155994	-0.25024
-7.57125	1.76882	0.0906393	0.354795	0.167478	0.139054	0.142588	0.299744	0.19912	0.197772	-0.171743	-0.0658902	-0.192681	-0.191493	-0.12363	0.181381	-0.219379
-7.67942	1.68764	0.0503486	0.369841	0.235535	0.27611	0.189604	0.427391	0.213719	0.0641312	-0.160237	-0.0211628	-0.0336462	-0.0956712	-0.0610681	0.191373	-0.292423
-7.78869	1.78967	0.131823	0.373996	0.196645	0.197101	0.189523	0.546106	0.43144	0.133219	-0.0931775	-0.0232133	-0.0145367	-0.0594839	-0.136295	0.233973	-0.249562
-7.86181	1.92358	0.109385	0.251761	0.143531	0.129752	0.259618	0.543221	0.38377	0.154187	-0.0936941	-0.0312249	-0.0241589	0.0192217	-0.069326	0.179209	-0.163867
-7.94972	2.05249	0.070813	0.220575	0.125625	0.177803	0.352429	0.594516	0.308951	0.0957529	-0.135366	-0.0459845	-0.156945	-0.0743957	-0.0542164	0.0421279	-0.224664
-8.16834	1.95478	0.144902	0.276944	0.19106	0.203417	0.273786	0.582765	0.299359	0.035469	-0.0771403	0.109333	-0.0512095	-0.138834	0.0206643	0.0138077	-0.263148
-8.3175	1.95288	0.304094	0.214456	0.226944	0.20617	0.122603	0.438747	0.316163	0.0554998	0.00798873	0.0526943	-0.0353696	-0.139754	0.0310929	0.041705	-0.21208
-7.73261	1.52143	0.475505	0.301386	0.258429	0.228567	0.176839	0.130303	0.130212	0.0785345	0.0741154	0.0298823	0.0233023	0.00374619	0.0722823	0.0839526	0.0284002
-7.07331	1.43148	0.488872	0.249135	0.189001	0.20551	0.174032	0.120905	0.11071	0.0907875	0.107483	0.0358484	0.0578591	0.0457153	0.0154683	0.0357165	0.0701308
