0
0
0
0
0
0
0
0
0
0
0
0
0
0
0
0
0
0
0
0
0
0
0
1234.38
1562.5
2231.85
2231.85
2231.85
3043.58
2231.85
4115.33
4859.84
4115.33
4024.41
4859.84
5411.56
4024.41
4024.41
2984.38
2784.64
2784.64
2984.38
3523.69
3523.69
3523.69
3348.79
3179.95
3144.77
2896.89
3144.77
3144.77
3144.77
3010.12
3396.85
3010.12
3734.38
4211.22
4211.22
4211.22
4211.22
3827.46
3492.5
3202.88
1571.66
1389.34
1389.34
2397.71
2397.71
4096.98
5236.63
5236.63
5390.78
7426.91
7426.91
5153.78
7457.59
6359.38
6359.38
6359.38
6359.38
3247.07
3223.07
3223.07
3223.07
5099.02
5099.02
5457.89
5799.7
5099.02
5467.73
5799.7
5467.73
5467.73
6236.21
6236.21
5217.02
4688.16
2312.5
2276.09
1379.24
1168.81
1168.81
1379.24
1181.87
1181.87
1181.87
0
0
0
0
0
0
0
0
1184.32
1187.5
1538.31
5241.67
5241.67
6062.5
6062.5
6062.5
5449.23
5449.23
5449.23
5968.75
5968.75
5968.75
7419.82
7419.82
5542
5096.78
5031.25
2626.12
2626.12
2135.94
2135.94
2817.27
2817.27
2290.5
2290.5
1295.69
0
0
0
0
0
0
0
0
0
0
0
0
0
0
0
0
0
0
0
1204.48
1233.67
1918.07
5366.59
5366.59
5366.59
4337.15
4337.15
4337.15
4851.36
7090.07
7090.07
7090.07
5306.83
4730.53
4730.53
3473.13
3174.93
3174.93
3057.13
3057.13
3432.58
3432.58
3302.63
3302.63
3302.63
3302.63
3843.75
4360.26
5609.38
4360.26
5609.38
5609.38
3811.73
2101.84
3811.73
1796.45
2278.5
2278.5
2333.97
2333.97
4427.73
4427.73
4427.73
3952.51
3515.28
3451.48
3515.28
3952.51
5667.54
5667.54
5667.54
5667.54
5928.64
4335.26
4335.26
5375.1
4335.26
4335.26
5375.1
6062.35
6257.8
6257.8
6257.8
6257.8
6660.98
7093.75
7476.96
7476.96
7093.75
6623.17
6606.8
6056.93
6056.93
6056.93
6069.22
6069.22
7015.62
7362.92
7387.25
7387.25
7387.25
7387.25
6510.62
6510.62
5372.14
5272.16
5372.14
5272.16
5272.16
6156.25
6156.25
6062.5
6062.5
5436.86
2807.94
2568.27
2807.94
5436.86
5526.35
6123.95
7484.38
7484.38
7692.15
7692.15
7156.5
7156.5
7706.94
7156.5
7651.32
7651.32
6091.09
6091.09
7225.01
5783.1
5757.17
7225.01
5737.29
5737.29
7109.38
7212.21
7212.21
7614.96
7595.31
7595.31
7595.31
6609.38
6609.38
6609.38
6609.38
6186.87
6186.87
5187.5
5047.38
5047.38
5047.38
5478.18
5641.59
7484.12
7484.12
7484.12
7408.44
6981.59
6359.38
6359.38
6566.8
6566.8
6085.58
5864.3
5864.3
5743.5
4849.35
3531.25
2167.53
2167.53
1629.58
1629.58
1629.58
1586.6
1586.6
1586.6
1066.65
0
0
0
0
0
0
0
0
0
0
0
0
0
0
0
0
1211.48
1550.23
1550.23
2515.62
1550.23
1196.2
1171.06
1196.2
1196.2
1283.34
1294.88
1407.71
1407.71
1407.71
1294.88
0
0
0
0
0
0
0
0
0
3718.75
4359.38
4359.38
4359.38
5125
5125
5372.07
5722.63
5722.63
6939.38
6939.38
7125
7125
7125
7125
7125
6307.69
6307.69
1149.03
0
0
0
0
0
0
0
0
0
0
0
0
4066.81
5181.24
5955.55
5955.55
5955.55
5335.27
4891.79
4390.62
4390.62
3755.68
2895.5
2773.32
2337.17
1906.82
1906.82
2328.12
2337.17
3240.23
3483.61
3423.15
3423.15
3483.61
3423.15
3115.53
2130.77
1754.09
1329.29
1142.05
0
0
0
0
0
1304.69
5203.12
6289.06
7578.12
7820.89
7820.89
7578.12
7341.97
7341.97
7341.97
7341.97
7341.97
6769.99
6769.99
5128.63
5047.96
5047.96
7779.88
6287.27
6671.88
6671.88
6287.27
6287.27
5754.46
5754.46
5754.46
5754.46
4593.75
4320.31
4320.31
4320.31
4593.75
5653.01
6575.46
5653.01
5653.01
5558.36
4312.5
0
0
0
0
1167.68
1607.24
2088.93
1831.12
1831.12
1607.24
0
0
0
0
0
0
0
0
0
0
0
0
0
