1.137680000000000064e+03
1.137680000000000064e+03
1.137680000000000064e+03
1.137680000000000064e+03
1.137680000000000064e+03
1.137680000000000064e+03
1.137680000000000064e+03
1.137680000000000064e+03
1.137680000000000064e+03
1.137680000000000064e+03
1.137680000000000064e+03
1.137680000000000064e+03
1.137680000000000064e+03
1.137680000000000064e+03
1.137680000000000064e+03
1.137680000000000064e+03
1.137680000000000064e+03
1.145240000000000009e+03
1.387569999999999936e+03
1.145240000000000009e+03
1.137680000000000064e+03
1.145240000000000009e+03
1.124980000000000018e+03
1.093750000000000000e+03
1.100990689655172446e+03
1.108231379310344892e+03
1.115472068965517337e+03
1.122712758620689556e+03
1.129953448275862002e+03
1.137194137931034447e+03
1.144434827586206893e+03
1.151675517241379339e+03
1.158916206896551785e+03
1.166156896551724230e+03
1.173397586206896449e+03
1.180638275862068895e+03
1.187878965517241340e+03
1.195119655172413786e+03
1.202360344827586232e+03
1.209601034482758678e+03
1.216841724137931124e+03
1.224082413793103569e+03
1.231323103448275788e+03
1.238563793103448234e+03
1.245804482758620679e+03
1.253045172413793125e+03
1.260285862068965571e+03
1.267526551724138017e+03
1.274767241379310462e+03
1.282007931034482681e+03
1.289248620689655127e+03
1.296489310344827572e+03
1.303730000000000018e+03
1.303730000000000018e+03
2.312500000000000000e+03
2.312500000000000000e+03
1.820220000000000027e+03
2.296880000000000109e+03
2.296880000000000109e+03
2.296880000000000109e+03
2.296880000000000109e+03
2.786750000000000000e+03
3.031250000000000000e+03
3.031250000000000000e+03
3.077179999999999836e+03
3.077179999999999836e+03
2.623480000000000018e+03
2.623480000000000018e+03
2.623480000000000018e+03
2.411750000000000000e+03
2.411750000000000000e+03
2.266440000000000055e+03
1.864119999999999891e+03
2.266440000000000055e+03
2.468750000000000000e+03
1.781250000000000000e+03
1.750000000000000000e+03
1.031250000000000000e+03
1.498406666666666752e+03
1.965563333333333503e+03
2.432720000000000255e+03
2.899876666666667006e+03
3.367033333333333303e+03
3.834190000000000055e+03
3.960440000000000055e+03
3.960440000000000055e+03
3.834190000000000055e+03
2.532369999999999891e+03
2.532369999999999891e+03
2.532369999999999891e+03
5.075930000000000291e+03
6.515619999999999891e+03
7.347930000000000291e+03
6.515619999999999891e+03
6.515619999999999891e+03
6.423189999999999600e+03
6.217659999999999854e+03
5.241579999999999927e+03
5.095140000000000327e+03
5.095140000000000327e+03
5.095140000000000327e+03
5.095140000000000327e+03
5.095140000000000327e+03
5.005949999999999818e+03
2.068739999999999782e+03
1.921880000000000109e+03
1.649990000000000009e+03
1.649990000000000009e+03
1.527369999999999891e+03
1.342420000000000073e+03
1.527369999999999891e+03
1.437500000000000000e+03
1.116319999999999936e+03
1.437500000000000000e+03
1.437500000000000000e+03
1.406250000000000000e+03
1.175079999999999927e+03
1.175079999999999927e+03
1.175079999999999927e+03
1.286319999999999936e+03
1.073910000000000082e+03
1.031940000000000055e+03
1.034294705882352901e+03
1.036649411764705974e+03
1.039004117647058820e+03
1.041358823529411893e+03
1.043713529411764739e+03
1.046068235294117585e+03
1.048422941176470658e+03
1.050777647058823504e+03
1.053132352941176578e+03
1.055487058823529424e+03
1.057841764705882497e+03
1.060196470588235343e+03
1.062551176470588189e+03
1.064905882352941262e+03
1.067260588235294108e+03
1.069615294117647181e+03
1.071970000000000027e+03
2.638460000000000036e+03
3.040980000000000018e+03
3.040980000000000018e+03
3.040980000000000018e+03
3.581070000000000164e+03
3.859380000000000109e+03
3.859380000000000109e+03
4.237289999999999964e+03
4.862869999999999891e+03
4.862869999999999891e+03
4.328119999999999891e+03
4.237289999999999964e+03
3.908289999999999964e+03
3.908289999999999964e+03
3.906250000000000000e+03
3.864510000000000218e+03
3.906250000000000000e+03
4.786500000000000000e+03
5.562500000000000000e+03
5.984380000000000109e+03
7.350220000000000255e+03
5.984380000000000109e+03
5.984380000000000109e+03
5.437500000000000000e+03
5.437500000000000000e+03
5.437500000000000000e+03
3.593750000000000000e+03
3.593750000000000000e+03
5.625000000000000000e+03
4.131619999999999891e+03
1.967779999999999973e+03
1.967779999999999973e+03
4.131619999999999891e+03
4.131619999999999891e+03
5.221789999999999964e+03
5.221789999999999964e+03
5.221789999999999964e+03
3.187500000000000000e+03
3.187500000000000000e+03
3.143597446808510540e+03
3.099694893617021080e+03
3.055792340425532075e+03
3.011889787234042615e+03
2.967987234042553155e+03
2.924084680851063695e+03
2.880182127659574689e+03
2.836279574468085229e+03
2.792377021276595769e+03
2.748474468085106309e+03
2.704571914893616849e+03
2.660669361702127389e+03
2.616766808510638384e+03
2.572864255319148924e+03
2.528961702127659464e+03
2.485059148936170459e+03
2.441156595744680999e+03
2.397254042553191539e+03
2.353351489361702079e+03
2.309448936170212619e+03
2.265546382978723159e+03
2.221643829787234154e+03
2.177741276595744694e+03
2.133838723404255234e+03
2.089936170212766228e+03
2.046033617021276541e+03
2.002131063829787308e+03
1.958228510638297848e+03
1.914325957446808616e+03
1.870423404255319156e+03
1.826520851063829923e+03
1.782618297872340463e+03
1.738715744680851003e+03
1.694813191489361770e+03
1.650910638297872310e+03
1.607008085106383078e+03
1.563105531914893618e+03
1.519202978723404385e+03
1.475300425531914925e+03
1.431397872340425693e+03
1.387495319148936233e+03
1.343592765957446773e+03
1.299690212765957540e+03
1.255787659574468080e+03
1.211885106382978847e+03
1.167982553191489387e+03
1.124079999999999927e+03
1.140619999999999891e+03
1.161500000000000000e+03
2.875000000000000000e+03
3.510480000000000018e+03
4.031250000000000000e+03
5.299189999999999600e+03
5.299189999999999600e+03
5.299189999999999600e+03
4.718750000000000000e+03
4.659680000000000291e+03
4.328779999999999745e+03
3.084380000000000109e+03
3.084380000000000109e+03
3.012530000000000200e+03
2.870449999999999818e+03
2.870449999999999818e+03
1.227170000000000073e+03
1.254775200000000041e+03
1.282380400000000009e+03
1.309985599999999977e+03
1.337590799999999945e+03
1.365196000000000140e+03
1.392801200000000108e+03
1.420406400000000076e+03
1.448011600000000044e+03
1.475616800000000012e+03
1.503221999999999980e+03
1.530827200000000175e+03
1.558432400000000143e+03
1.586037600000000111e+03
1.613642800000000079e+03
1.641248000000000047e+03
1.668853200000000015e+03
1.696458399999999983e+03
1.724063599999999951e+03
1.751668799999999919e+03
1.779273999999999887e+03
1.806879199999999855e+03
1.834484400000000051e+03
1.862089600000000019e+03
1.889694799999999987e+03
1.917299999999999955e+03
1.917299999999999955e+03
2.448090000000000146e+03
2.448090000000000146e+03
2.448090000000000146e+03
2.448090000000000146e+03
2.448090000000000146e+03
2.609380000000000109e+03
1.911650000000000091e+03
1.911650000000000091e+03
2.552360000000000127e+03
3.117409999999999854e+03
3.639170000000000073e+03
3.968750000000000000e+03
3.968750000000000000e+03
5.718750000000000000e+03
5.718750000000000000e+03
6.487350000000000364e+03
6.487350000000000364e+03
6.487350000000000364e+03
5.155789999999999964e+03
4.753760000000000218e+03
4.753760000000000218e+03
5.155789999999999964e+03
4.753760000000000218e+03
4.753760000000000218e+03
5.710189999999999600e+03
6.624300000000000182e+03
5.390619999999999891e+03
5.390619999999999891e+03
5.390619999999999891e+03
4.020800000000000182e+03
4.020800000000000182e+03
4.020800000000000182e+03
5.078119999999999891e+03
5.078119999999999891e+03
5.495970000000000255e+03
5.495970000000000255e+03
4.943649999999999636e+03
3.615880000000000109e+03
4.943649999999999636e+03
3.615880000000000109e+03
2.197460000000000036e+03
2.197460000000000036e+03
2.197460000000000036e+03
2.174920000000000073e+03
2.197460000000000036e+03
2.185420000000000073e+03
2.174920000000000073e+03
2.185420000000000073e+03
2.185420000000000073e+03
2.185420000000000073e+03
1.444869999999999891e+03
1.684690000000000055e+03
1.684690000000000055e+03
1.687500000000000000e+03
1.965970000000000027e+03
1.687500000000000000e+03
