-8.16152	1.65657	0.305736	0.480761	0.199104	0.262329	0.128462	0.147947	0.114576	0.151953	0.0863994	0.105286	0.0857297	0.133404	0.0446969	0.0538476	0.0495521
-8.22266	1.72124	0.279175	0.538971	0.183781	0.316629	0.125516	0.204409	0.110808	0.195147	0.0917119	0.148323	0.0932769	0.163651	0.0658761	0.0865511	0.0638483
-9.20303	1.50515	0.438218	0.437016	0.341488	0.330658	0.155002	0.213294	0.233582	0.204248	0.171382	0.157033	0.153096	0.233342	0.127757	0.143211	0.114922
-9.37066	1.295	0.47762	0.470279	0.426654	0.316839	0.265006	0.308956	0.259027	0.275747	0.246508	0.21531	0.159291	0.206047	0.179312	0.216265	0.163885
-9.28677	1.37474	0.469121	0.499227	0.418678	0.333629	0.272329	0.30078	0.230699	0.225272	0.155578	0.24653	0.210488	0.202922	0.189439	0.190194	0.171909
-9.47794	1.35039	0.471726	0.510991	0.448181	0.450359	0.264681	0.246187	0.210154	0.248592	0.0953176	0.237155	0.19226	0.165781	0.143206	0.137075	0.253712
-9.21005	1.45623	0.580121	0.436077	0.362903	0.363257	0.227732	0.240006	0.203817	0.234104	0.168298	0.189152	0.148764	0.108631	0.123646	0.170298	0.175842
-9.31656	1.4013	0.567604	0.443167	0.372085	0.369268	0.248245	0.305958	0.272279	0.244677	0.18131	0.223974	0.173071	0.118576	0.136622	0.125921	0.137633
-9.46186	1.32339	0.498138	0.486985	0.397994	0.327326	0.183158	0.266507	0.332699	0.265481	0.190771	0.294231	0.24947	0.134211	0.187289	0.193957	0.131109
-9.28426	1.35666	0.470538	0.435403	0.357278	0.278791	0.221953	0.278962	0.232086	0.192517	0.184624	0.22903	0.165055	0.113791	0.196584	0.169781	0.128222
-9.52862	1.33669	0.548097	0.520929	0.402847	0.302747	0.171247	0.259533	0.25533	0.147342	0.168934	0.187029	0.167453	0.0941341	0.13217	0.194272	0.0873505
-9.60867	1.34121	0.467251	0.517326	0.370165	0.298338	0.136102	0.202651	0.19145	0.148625	0.30723	0.24974	0.120543	0.0544525	0.106989	0.268824	0.10046
-9.55383	1.25779	0.364569	0.325472	0.301996	0.315533	0.10861	0.167465	0.119046	0.151297	0.269489	0.244922	0.14689	0.11208	0.114598	0.165947	0.113384
-9.58673	1.36114	0.49079	0.383765	0.308762	0.313936	0.0977023	0.240919	0.185297	0.16637	0.0994942	0.173949	0.235949	0.172568	0.149892	0.142157	0.0917524
-9.59956	1.31048	0.552393	0.485188	0.322412	0.328235	0.112461	0.325542	0.322769	0.302231	0.147656	0.127287	0.229166	0.177454	0.150564	0.077899	-0.00174716
-9.61697	1.21044	0.529475	0.443542	0.27022	0.230388	0.106523	0.407583	0.34933	0.315789	0.230742	0.28089	0.262128	0.177255	0.188324	0.0823278	0.0563362
-9.65976	1.19945	0.501389	0.412064	0.355739	0.299139	0.0793591	0.296722	0.232754	0.22283	0.21088	0.33424	0.284039	0.120658	0.152636	0.0779875	0.134305
-9.52359	1.24206	0.456906	0.448366	0.410274	0.389556	0.195303	0.278362	0.188463	0.233403	0.147603	0.238766	0.211213	0.100399	0.180198	0.148902	0.161743
-9.52672	1.27898	0.512007	0.422098	0.348806	0.342202	0.20637	0.287355	0.156383	0.167667	0.143095	0.244972	0.190819	0.135402	0.136956	0.139356	0.197434
-9.49619	1.37363	0.609589	0.392746	0.362402	0.287884	0.189682	0.275615	0.246078	0.180442	0.0834308	0.288858	0.177652	0.0557488	0.112031	0.238242	0.282838
-9.30009	1.42655	0.570093	0.373593	0.385982	0.305635	0.202136	0.266767	0.269631	0.253982	0.115017	0.238868	0.189034	0.110033	0.104731	0.192921	0.140655
-9.31903	1.3535	0.570985	0.365094	0.33403	0.366308	0.249725	0.339599	0.264004	0.21348	0.129927	0.205677	0.196225	0.220388	0.204867	0.178012	0.103198
-9.44903	1.26533	0.595837	0.411928	0.299079	0.377783	0.34709	0.412216	0.313413	0.186907	0.144933	0.290126	0.206618	0.189901	0.204486	0.228363	0.151906
-9.18406	1.387	0.522283	0.457174	0.374185	0.317128	0.245369	0.35059	0.267715	0.215979	0.181107	0.255216	0.168446	0.179119	0.176431	0.200081	0.170853
-9.32636	1.40616	0.514026	0.452841	0.416304	0.405221	0.244321	0.290205	0.25682	0.307954	0.184782	0.254139	0.167257	0.173858	0.197722	0.208451	0.15644
-9.40172	1.37146	0.509739	0.507913	0.380733	0.327122	0.264007	0.298724	0.295093	0.373407	0.196588	0.341256	0.168582	0.0444186	0.212919	0.224723	0.1157
-9.16983	1.41265	0.527247	0.451894	0.316165	0.284288	0.224675	0.293006	0.21777	0.26092	0.139447	0.273771	0.146678	0.118476	0.200143	0.144085	0.127612
-9.34876	1.15153	0.560569	0.530893	0.24603	0.191391	0.172685	0.41334	0.20922	0.325606	0.072518	0.358896	0.0245044	0.122669	0.19339	0.153505	0.187589
-8.94034	1.05788	0.439168	0.368005	0.159699	0.148675	0.159967	0.627766	0.127734	0.3576	-0.113137	0.304495	-0.110221	0.168753	0.146804	0.28117	0.179202
-8.36659	0.79788	0.329724	0.451521	0.103982	0.0652397	0.0659827	0.43633	0.137865	0.228515	-0.254537	0.173533	-0.130936	0.0361751	-0.015011	0.280181	-0.0334602
-7.77844	0.870376	0.213217	0.598455	0.255312	0.0754177	-0.0984895	0.229562	0.152418	0.165434	-0.212246	0.0301392	-0.275951	-0.132938	-0.0831362	0.277191	-0.0886661
-7.65182	1.1062	0.334054	0.684422	0.46035	0.361326	-0.0927895	0.209419	0.348646	0.151944	-0.646167	-0.0593251	-0.331821	0.102523	-0.0490131	0.283337	0.122258
-6.95566	1.45279	0.744096	1.02274	0.499481	0.0555985	-0.0658405	0.491066	0.103276	-0.0171992	-0.27638	-0.228835	-0.346917	0.167675	-0.0179742	0.231097	-0.45141
-6.01683	2.7852	0.999229	0.418207	0.301863	-0.113356	-0.229972	0.222465	0.0471698	-0.144017	0.0197623	-0.00258363	-0.240365	0.223438	-0.185667	0.191071	-0.279963
-4.6753	2.89951	0.537558	0.527117	-0.158915	0.143897	-0.310265	0.349236	-0.0348817	0.22109	-0.275089	0.31839	-0.390341	0.0814711	-0.317371	0.174457	-0.397045
-3.97854	2.46422	0.105093	0.718244	-0.167707	0.0618311	-0.210149	0.366139	-0.327275	0.42557	0.0322131	0.0748185	-0.0142778	-0.141517	-0.344777	-0.187033	-0.748583
-3.86617	2.1165	-0.0836916	0.960424	0.00480456	0.165087	-0.358621	0.191679	0.0538389	0.0143319	-0.164545	0.160233	0.153259	-0.150913	-0.260581	0.0911361	-0.347974
-4.2004	2.14137	0.062898	1.32375	0.385093	0.704025	-0.1427	0.324586	-0.168027	-0.308575	-0.365254	-0.0295271	0.0824271	0.165413	-0.148162	0.354182	-0.336145
-4.59751	2.49561	0.207825	1.20907	0.404912	0.633848	-0.305479	0.341458	-0.214378	-0.18657	-0.375993	-0.010574	0.0931577	0.223035	-0.328265	0.310525	-0.4623
-4.95811	2.99592	0.345612	1.07061	0.611062	0.155956	-0.0490463	0.196377	-0.108951	-0.188189	-0.379745	0.1474	0.0600031	0.20105	-0.289164	0.0695536	-0.400176
-4.99286	2.90446	0.609242	1.12419	0.28972	0.185871	-0.210909	0.329105	-0.088201	-0.269672	-0.275472	0.0435744	0.269079	0.140408	-0.308735	-0.0718199	-0.551749
-5.10217	2.94514	0.641852	1.13011	0.198707	0.349213	-0.303797	0.409006	-0.191949	-0.251981	-0.229408	0.0333495	0.256794	0.0951343	-0.41625	0.16991	-0.750943
-5.21661	2.86229	1.03347	1.33219	0.204889	0.170596	0.0885069	0.406918	-0.00579657	-0.380545	-0.355931	0.154577	0.141173	0.00550574	-0.526578	0.419552	-0.281839
-5.3883	2.90959	1.19079	0.89375	0.491717	0.183096	0.0298553	0.371161	-0.222632	-0.0171817	-0.289652	0.00828866	0.0770252	-0.0366898	-0.417244	0.322434	-0.325333
-5.53528	2.48446	1.12353	1.23204	0.753207	0.157715	-0.143619	0.0226204	0.000309276	0.350761	-0.02805	-0.266263	-0.131132	-0.115319	-0.206885	0.30715	-0.490013
-5.82126	1.68028	1.30432	1.08891	1.02904	0.461329	0.10558	0.468935	0.477634	0.425589	0.0197429	-0.318915	-0.403993	-0.57613	-0.0686552	0.218391	-0.326687
-5.25248	1.82738	1.03809	0.698172	0.850081	0.278152	0.0755756	0.0402568	-0.55606	-0.0944513	0.230422	0.152417	-0.0271344	0.00803133	-0.15177	-0.145173	-0.289813
-5.73778	0.950319	0.968073	0.469475	0.857621	0.0670137	0.666957	0.4441	-0.48236	-0.467006	-0.0170547	0.0964961	0.0946626	0.0104883	0.0453221	0.0870295	-0.310925
-5.44067	0.366676	0.908258	0.394082	0.807061	0.355173	0.599483	0.130359	-0.0448064	-0.025608	-0.280827	-0.053084	0.0346339	-0.0320742	0.0263218	-0.211445	-0.169541
-5.74558	0.0928586	0.869058	1.14626	1.25682	0.383525	0.23263	0.134709	0.000153546	-0.266642	-0.439706	-0.230288	-0.0282315	-0.0350734	0.390752	0.172155	0.027639
-5.32646	-0.184666	0.438411	0.159716	0.509768	0.0933643	0.313783	0.263961	0.139519	0.0268818	-0.126932	-0.129088	-0.350282	-0.434473	-0.216033	-0.125154	-0.0296604
-5.24473	-0.288149	0.389644	-0.0226854	0.34823	0.258642	0.419305	0.139121	0.225926	0.0780058	-0.0902703	-0.0885469	-0.312619	-0.318044	-0.20534	-0.157221	-0.0732412
-5.31867	-0.468557	0.295237	0.0193265	0.34855	0.147382	0.362946	0.104175	0.118506	0.0599279	-0.0230885	0.191975	-0.119632	-0.0801741	-0.10087	-0.142412	-0.0159232
-5.31491	-0.538282	0.325122	0.209123	0.352248	0.0345388	0.254864	0.0891731	-0.0179099	-0.0750143	0.0385015	0.227832	-0.0387439	0.0086132	-0.0417319	-0.0221072	0.102852
-5.26685	-0.489457	0.249159	0.0842698	0.1625	0.0233778	0.308688	0.143998	0.098347	-0.0614288	0.0434348	0.111667	-0.0704833	-0.141316	0.0609485	0.110713	0.102217
-5.19373	-0.525098	0.263173	-0.0686693	0.12616	0.15139	0.405796	0.14594	0.185126	0.0919963	-0.0957994	-0.0311374	-0.191536	-0.285093	0.146777	0.0742231	0.146327
-5.14729	-0.643996	0.245837	-0.23126	0.130128	0.0727389	0.330471	0.184264	0.118017	0.0624903	-0.0449552	0.0504164	-0.0817612	-0.115474	0.216491	0.0126435	0.0677058
-5.05429	-0.583571	0.308334	-0.275695	0.0448159	-0.0287715	0.27258	0.224952	0.0886422	-0.0199072	0.0995961	0.062972	-0.0487955	-0.0108923	0.230968	-0.017366	0.0738583
-5.15322	-0.490059	0.378154	-0.293942	-0.0300092	-0.0325502	0.3351	0.258991	0.0833272	-0.0214052	0.0841379	0.119849	-0.0328898	-0.0908647	0.200106	0.112875	0.0894154
-5.11516	-0.38268	0.276531	-0.322172	-0.0697593	-0.144294	0.24682	0.40485	0.212212	-0.000373777	0.102582	0.225724	0.164091	-0.127372	0.0980498	0.116551	0.126394
-5.15003	-0.596833	0.283848	-0.295744	-0.111351	-0.235153	0.360157	0.407002	0.194993	-0.0469635	0.10296	0.214107	0.150085	-0.0474171	0.21276	0.118082	0.157346
-5.21998	-0.713966	0.323372	-0.166622	0.0582907	-0.0953445	0.310297	0.164946	0.0974374	-0.0260457	0.122733	0.178044	0.15153	0.115051	0.312444	0.0939403	0.167829
-5.04822	-0.59733	0.234263	-0.263835	0.127143	0.103358	0.27568	0.109271	0.127776	0.132153	0.100112	0.250211	0.111349	-0.102018	0.136381	-0.00095078	0.169425
-5.04613	-0.596727	0.139295	-0.34531	0.0813629	0.0850876	0.254886	0.0634482	0.152143	0.0856587	0.072618	0.251103	0.0855947	-0.0766556	0.0794088	-0.0473933	0.134873
-5.13145	-0.579015	0.0934192	-0.222958	0.172525	0.149821	0.312242	-0.016246	0.130964	0.0341791	0.0544247	0.190826	-0.0120389	-0.0517361	0.209597	0.015779	0.102279
-5.27321	-0.698358	0.0593554	-0.0959728	0.199785	0.196932	0.355759	0.065085	0.121163	-0.0305237	0.146212	0.252055	0.0804782	-0.0974846	0.0925556	-0.000121816	0.0404563
-5.35737	-0.640691	0.0821869	-0.178458	0.126554	-0.0203198	0.303054	0.162788	0.0667987	0.0283111	0.300859	0.387265	0.289879	-0.0853786	0.106486	0.179435	-0.0406174
-5.40465	-0.629394	0.0437417	-0.166651	0.0204436	-0.127978	0.260883	0.128287	-0.0480502	-0.0233795	0.167995	0.322659	0.22265	-0.0441778	0.259265	0.224186	0.0658459
-5.44865	-0.638818	0.0672007	-0.309754	0.0157505	-0.0321565	0.37028	0.0238084	0.0170361	-0.0694444	0.0831387	0.139573	0.0417034	-0.11051	0.219757	0.202364	0.190212
-5.33197	-0.63322	0.0913222	-0.413761	0.00851765	-0.0306197	0.255077	-0.0888055	-0.012421	0.0331934	0.0375266	0.07028	0.158512	-0.128549	0.127645	0.158153	0.25847
-5.09802	-0.605944	0.0621909	-0.31456	-0.00731895	0.0683898	0.135018	-0.161426	0.12178	0.183593	0.128947	0.0209212	0.198746	-0.084535	0.228913	0.0820099	0.00154362
-4.79068	-0.333932	0.179359	-0.0898847	-0.0298304	0.114003	0.16056	-0.0800636	0.18997	0.185425	0.0432844	0.0555022	0.219919	0.0925232	0.197565	0.161689	-0.0990428
-4.48649	0.0798094	0.133977	0.072457	-0.164539	-0.197762	0.0166502	0.0160875	0.226143	0.100171	0.0786861	0.181325	0.184871	0.0782556	-0.0133263	0.28834	-0.0602243
-4.51603	0.582445	0.240893	0.275488	-0.155904	-0.376995	-0.045925	0.000605044	0.0987282	-0.0445462	-0.00253005	0.0976187	-0.013216	-0.0406167	-0.0948718	0.214613	-0.101339
-4.17076	1.57161	0.123711	0.347937	0.0481823	-0.275833	-0.251919	-0.091361	-0.04141	-0.0691522	-0.188824	0.00300753	-0.0487963	-0.137575	-0.19422	0.192441	-0.0860979
-4.15581	2.59799	0.126369	0.451595	0.145392	-0.176633	-0.127273	0.130778	-0.04357	0.0546068	-0.182131	0.0978736	-0.000881944	-0.0915473	0.0012272	0.269075	-0.0158263
-2.57744	2.04755	-0.30783	0.607987	-0.0751775	-0.219697	-0.279136	0.0497419	0.0622242	0.108348	-0.169369	0.112717	0.0553057	-0.016003	-0.19777	0.363087	-0.347645
-2.66129	2.43638	-0.430591	0.594649	-0.167345	-0.0326695	-0.416669	0.242955	-0.0695451	0.203408	-0.333362	0.170185	-0.0743317	0.0623388	-0.071158	0.401256	-0.0123412
-2.61158	2.19797	-0.337142	0.37318	-0.118422	-0.088143	-0.350575	0.280622	0.0170256	0.229407	-0.291339	0.188695	-0.109647	-0.00893762	-0.217657	0.400188	-0.145255
-2.56321	2.12698	-0.378387	0.392308	-0.141331	-0.204356	-0.238921	0.209194	0.151246	0.168726	-0.186168	0.14612	-0.127399	-0.0888161	-0.126657	0.276086	-0.0792246
-2.51854	2.10085	-0.441918	0.418027	-0.276382	-0.177364	-0.300886	0.270305	0.0960364	0.225892	-0.132956	0.176781	-0.105643	-0.188833	-0.0915902	0.10769	-0.0761557
-2.50786	2.05177	-0.371224	0.258297	-0.25328	-0.221836	-0.305221	0.27416	0.0841976	0.267612	-0.120025	0.262561	-0.134157	-0.186753	-0.190102	0.0735134	-0.188151
-2.46754	2.00601	-0.371612	0.277117	-0.274735	-0.187958	-0.302076	0.259984	0.108564	0.261238	-0.0913461	0.290498	-0.222167	-0.107683	-0.284108	0.115134	-0.140994
-2.42904	1.98909	-0.469669	0.311094	-0.328298	-0.166959	-0.324272	0.293393	0.101263	0.250358	-0.0782667	0.297304	-0.162685	-0.187004	-0.280244	0.0680199	-0.169636
-2.5336	2.22255	-0.565065	0.281749	-0.235378	-0.215377	-0.242511	0.273947	0.0808664	0.288675	-0.12289	0.283093	-0.176801	-0.199826	-0.195843	0.0489481	-0.0823514
-2.53335	2.18818	-0.584831	0.221068	-0.258777	-0.205732	-0.239541	0.251761	0.120765	0.252234	-0.0928826	0.32707	-0.206768	-0.153436	-0.310633	0.0455141	-0.187023
-2.44704	2.241	-0.56305	0.294358	-0.20284	-0.122941	-0.186577	0.260072	0.186434	0.148187	-0.135369	0.171546	-0.173293	-0.195652	-0.0606241	0.112585	0.14936
-2.57733	2.23683	-0.644936	0.160107	-0.183603	-0.268722	-0.159144	0.274123	0.1211	0.252208	-0.129421	0.351734	-0.255396	-0.131958	-0.341478	0.0639176	-0.22387
-2.48878	2.20064	-0.597446	0.26379	-0.257159	-0.101166	-0.307477	0.367524	0.108283	0.184791	-0.0766864	0.199315	-0.184472	-0.151215	-0.23828	0.110776	-0.0357036
-2.66108	2.56595	-0.702044	0.366925	-0.111236	-0.183239	-0.151588	0.291131	0.110127	0.215166	-0.22748	0.199019	-0.255327	-0.114646	-0.067803	0.205257	0.245572
-2.64339	2.39585	-0.609324	0.223596	0.00597055	-0.425245	-0.0285082	0.158141	0.213336	0.158725	-0.0949729	0.219349	-0.250091	-0.111364	-0.229267	0.17121	0.038994
-2.65491	2.17906	-0.527406	0.285813	-0.290438	-0.213565	-0.418029	0.408683	0.0117002	0.332272	-0.0936165	0.3934	-0.302625	-0.0614338	-0.515504	0.115979	-0.234667
-2.79459	2.20423	-0.246675	0.109515	-0.0504679	-0.401951	-0.363215	0.378907	0.0856575	0.187863	0.0503238	0.236778	-0.195054	-0.1264	-0.398762	0.0403753	-0.0923992
-2.97372	2.35658	-0.238719	0.35829	-0.189793	-0.370251	-0.250152	0.208988	0.183995	0.188524	-0.0791356	0.270526	-0.153322	-0.218696	-0.251341	0.0372095	0.00861161
-2.90899	2.16167	0.0230703	0.398863	-0.116859	-0.338069	-0.198892	0.274513	-0.00450256	0.25554	-0.0592536	0.060245	-0.139196	-0.0860009	-0.305342	0.39413	-0.00460669
-3.03013	2.16464	-0.0552058	0.627295	-0.30157	-0.202233	-0.248398	0.139394	0.0708718	0.117588	0.0547276	0.127984	-0.125164	-0.163447	-0.288777	0.34333	-0.222542
-3.69618	2.96268	0.141571	0.570682	-0.1887	0.0769342	-0.245064	0.201876	-0.0808234	-0.0290777	-0.0541725	-0.0369211	-0.042495	-0.0580083	0.0252897	0.657152	-0.164192
-3.98177	2.76855	0.135965	0.991915	-0.115616	-0.124747	-0.199777	0.146789	-0.0811752	-0.219992	0.188057	-0.0499192	-0.0416595	0.0644355	-0.0203264	0.220534	-0.376134
-4.76085	2.2582	0.563568	1.09978	-0.0736529	0.346076	-0.288525	0.501506	0.106535	-0.127126	-0.258749	0.106466	-0.214026	-0.173775	-0.00957895	0.211311	0.0236561
-5.30503	2.75665	0.488458	0.992804	0.232877	0.370292	-0.43829	0.233804	-0.0629746	-0.0964332	0.176795	-0.275047	-0.130121	0.128589	0.0612123	-0.200225	-0.286879
-6.48625	3.41538	1.22194	1.14906	0.139502	0.0525104	0.0950615	0.315708	-0.181019	0.0261516	0.0174034	-0.150952	0.13041	-0.290671	-0.501827	-0.0331725	-0.278883
-6.66941	2.99737	1.53839	1.56043	0.477728	0.0114213	-0.164252	0.0752501	0.0766496	0.047068	-0.407062	-0.245734	0.223441	-0.127141	0.013513	0.228907	0.170753
-6.72647	2.46543	1.06795	0.652141	0.538391	0.392117	-0.142598	-0.00567472	0.557321	-0.3837	-0.111887	-0.44168	0.0126762	-0.0392978	0.415215	-0.111865	0.0706973
-4.7757	1.68297	-0.134482	0.773537	0.0828525	0.184717	-0.233006	0.297768	-0.237434	0.00842621	-0.0282539	0.037104	-0.046184	-0.109345	0.035216	-0.00532912	-0.109337
-4.41802	0.918083	-0.0535107	0.612487	-0.0522502	-0.525806	-0.233859	0.264229	0.21384	-0.131243	-0.0806564	0.0746848	0.064822	-0.156062	0.120549	0.11358	-0.43116
-5.07186	0.465688	0.11645	0.974852	0.114875	-0.0497343	0.0806493	0.311413	-0.410028	-0.343189	-0.0458234	0.338767	-0.00424809	-0.0319887	0.044163	0.017364	-0.187633
-5.20154	0.874786	0.41179	0.837683	0.106325	-0.301256	0.295105	0.370765	-0.298348	-0.2408	-0.147842	0.199436	0.0296693	-0.231619	0.228665	0.121536	-0.122167
-5.55331	1.18059	0.294821	1.35405	0.340796	-0.193667	0.169072	-0.00517323	-0.205256	0.108072	0.123636	-0.0431413	-0.288636	-0.10911	-0.149663	0.157295	-0.322669
-5.3956	1.16654	0.280417	1.24794	0.242798	0.124801	0.843966	0.394672	-0.421394	0.142075	-0.185611	-0.237489	-0.281783	-0.157266	-0.0522706	-0.0106722	-0.376445
-5.24928	1.57219	0.785039	1.44259	0.341871	0.333019	0.205161	-0.0220354	-0.117469	0.160396	-0.205062	-0.0505574	-0.499112	-0.0236215	0.238842	0.115785	-0.213117
-5.06407	1.5947	1.16723	1.37918	0.303074	-0.0166593	0.301703	0.321434	-0.286833	0.117624	-0.355862	0.0990506	-0.219673	-0.195687	-0.103535	0.0327908	-0.184005
-4.82736	1.69944	1.12613	1.52482	0.0811812	-0.0346694	0.423543	0.0299191	-0.428674	0.268693	-0.170723	-0.0365405	-0.169058	-0.0495901	-0.255438	-0.0211824	0.0191669
-4.95082	1.77359	1.26102	1.53088	0.0826824	0.403544	0.353191	-0.0360561	-0.270758	0.0562716	-0.232173	-0.0734194	-0.232318	0.0873596	-0.113001	0.00156513	-0.246436
-4.60598	1.8799	1.14074	1.60707	-0.254504	0.278764	0.404791	-0.0668628	-0.299212	0.260192	-0.217383	-0.342262	0.0048827	0.168506	-0.26246	-0.161389	-0.311085
-4.6314	1.87305	1.32028	1.92488	-0.0665262	0.0682249	-0.0171241	0.00891555	-0.263789	0.188412	0.0153535	-0.0716364	-0.415259	0.0225915	-0.179999	0.378742	-0.205809
-4.56962	1.89614	1.36486	1.84591	-0.022017	-0.056448	0.22546	0.2993	-0.398317	0.164151	-0.384722	0.0157594	-0.223005	0.143799	-0.276466	0.210354	-0.320033
-4.49294	1.95078	1.28463	1.58964	0.0451263	0.21334	0.443878	0.462727	-0.332431	-0.0599578	-0.379049	-0.365579	-0.0437341	0.177353	-0.0846513	-0.0555856	-0.499244
-4.27574	1.76432	1.34104	1.63303	-0.172573	0.256546	0.391755	0.645152	-0.364398	0.0733889	-0.528508	-0.505311	0.035018	0.350546	-0.309289	-0.0779553	-0.377614
-4.21062	2.22278	0.811168	1.66881	-0.0923155	0.238253	0.411641	0.139815	-0.167438	0.0907405	-0.315068	-0.386549	-0.117385	0.0952349	-0.0750322	0.149035	-0.451501
-3.90018	2.23836	0.592519	1.60612	-0.22722	0.371818	0.149679	0.292872	-0.385878	-0.0274823	-0.0579871	-0.163066	-0.217007	0.00827761	-0.1045	0.288492	-0.368305
-3.89282	2.43125	0.41876	1.48193	-0.104616	0.266007	0.104699	0.234937	-0.422218	-0.096511	0.107366	-0.152754	-0.0665286	-0.13244	-0.198102	0.494476	-0.31122
-4.00949	2.79256	0.132183	1.35042	0.0104396	0.328869	-0.0285005	0.225538	-0.359855	-0.059068	-0.0466508	-0.0404128	0.023231	-0.200976	-0.234434	0.490093	-0.28421
-3.94763	2.8566	-0.0307629	1.19131	0.280709	0.264893	-0.0581607	0.0454417	-0.0932202	-0.14205	-0.122213	-0.0423081	0.0404628	-0.00483697	-0.368911	0.433752	-0.26608
-4.04089	2.9927	-0.0992577	1.15851	0.117675	0.530069	-0.0641611	-0.0736916	-0.045028	-0.0516	-0.195043	-0.105941	0.0426342	0.0597392	-0.270474	0.188813	-0.267496
-4.18547	3.22148	-0.0406301	1.05539	0.0115992	0.579849	0.0121069	-0.258258	-0.191401	-0.0511131	0.0316218	-0.00997873	-0.0671704	0.0441194	-0.270421	0.328598	-0.00812872
-4.46404	3.39807	0.243478	0.908533	-0.240297	0.645511	0.239146	-0.280234	-0.398761	-0.0377909	0.141951	0.0954919	-0.187877	-0.0179385	-0.29638	0.4729	-0.0317877
-4.6964	3.4983	0.322236	0.886	-0.281532	0.540665	0.306396	0.0873275	-0.335836	-0.0970382	-0.267914	0.11542	-0.0256921	0.115625	-0.322993	0.102659	-0.158993
-4.78016	3.64072	0.448071	0.57189	-0.288743	0.535795	0.487167	-0.0381717	-0.391986	-0.0969278	-0.15724	0.0889945	0.0384856	-0.0487178	-0.285244	0.234097	-0.0356151
-4.79377	3.55293	0.561106	0.530233	-0.344374	0.590671	0.365107	-0.0866288	-0.18138	-0.0456785	-0.347327	0.0609774	0.147209	0.0172277	-0.471635	0.300338	0.0591899
-5.00876	3.42459	0.839549	0.906622	-0.532863	0.0187399	0.607799	0.658826	-0.157604	-0.565906	-0.510455	0.148556	0.23532	0.132455	-0.472111	0.0539078	-0.221726
-4.64175	3.53894	0.449165	0.521817	-0.340632	0.541893	0.275971	-0.00158034	-0.217658	-0.072824	-0.272402	0.105691	0.0488408	-0.0556288	-0.259678	0.274005	-0.0238885
-4.61929	3.62282	0.319343	0.684384	-0.440132	0.362652	0.438595	-0.0425903	-0.226375	-0.146531	-0.215266	0.223432	-0.105423	0.0429378	-0.280892	0.268841	-0.117126
-4.43443	3.45342	0.47202	0.598772	-0.602324	0.447571	0.316703	-0.0451473	-0.320119	-0.113904	-0.105203	0.302845	-0.134231	-0.0236664	-0.278533	0.395926	-0.114775
-4.24648	3.46384	0.208981	0.509577	-0.421283	0.431258	0.215634	-0.16232	-0.243771	-0.0641551	-0.0724766	0.259894	-0.116842	0.0303133	-0.294661	0.323911	-0.103211
-4.07281	3.3424	0.11948	0.562626	-0.505662	0.557595	0.262026	-0.141611	-0.287112	-0.185028	-0.0420829	0.307675	-0.087493	0.0751948	-0.379948	0.245857	-0.271844
-3.86442	3.1892	0.153918	0.300745	-0.383857	0.363495	0.246319	-0.327608	-0.192997	-0.151855	0.223641	0.181461	-0.098904	-0.0250989	-0.258143	0.330818	-0.0550274
-3.71954	3.14381	-0.00897192	0.357805	-0.392446	0.346072	0.274893	-0.368293	-0.227172	-0.169318	0.279729	0.196671	-0.0326131	-0.078622	-0.274143	0.295942	-0.0682281
-3.5406	2.9962	-0.0986437	0.423311	-0.330598	0.377829	0.321462	-0.470883	-0.195914	-0.208716	0.290432	0.218233	-0.064567	0.0433902	-0.398441	0.294247	-0.26292
-3.40793	2.83183	-0.0729297	0.470141	-0.259048	0.373329	0.172293	-0.468287	-0.116983	-0.153047	0.296183	0.0938338	-0.0474641	0.0871216	-0.354167	0.268124	-0.362922
-3.30051	2.72571	-0.106329	0.550388	-0.307847	0.344408	0.0570697	-0.460956	-0.0548884	-0.0939637	0.316694	0.0163953	-0.0405566	0.0720772	-0.288465	0.284252	-0.289593
-3.41291	2.99021	-0.414929	0.865323	-0.382785	0.583643	0.043842	-0.384369	-0.135077	-0.116126	0.172236	0.0627605	-0.0483857	0.237191	-0.461015	0.271286	-0.657003
-3.44093	3.07522	-0.501946	0.877263	-0.234774	0.473051	0.23163	-0.648911	0.125825	-0.295121	0.272372	-0.033719	-0.0455404	0.30768	-0.519271	0.329974	-0.746538
-3.30369	2.84301	-0.313599	0.766924	-0.278269	0.568036	-0.04354	-0.451105	-0.063239	-0.0330708	0.260436	-0.0956988	-0.0661256	0.114659	-0.217461	0.280743	-0.508348
-3.32342	2.87243	-0.376007	0.833003	-0.20314	0.73503	-0.0343144	-0.358041	-0.137072	0.00616686	0.03753	-0.0226416	-0.118462	0.277416	-0.375683	0.306926	-0.725905
-3.36692	2.82184	-0.191468	0.74582	-0.142244	0.681889	0.0668805	-0.464388	-0.07285	-0.0755251	0.224761	-0.148888	-0.125981	0.131282	-0.206957	0.37785	-0.628474
-3.47216	2.82532	-0.125115	0.736661	-0.0372408	0.727151	-0.0961598	-0.312769	-0.146852	0.0899207	0.0819053	-0.102577	-0.2473	0.127032	-0.176409	0.460088	-0.406024
-4.10277	3.0059	0.11741	0.735907	0.0995144	0.855051	-0.0267403	-0.154699	-0.406865	0.0139724	0.355243	-0.198378	-0.335491	-0.139976	-0.133189	0.748702	-0.0532038
-4.73783	3.38672	0.632047	0.468764	0.0588509	0.925237	0.0631501	-0.0928429	-0.339456	-0.11209	0.293923	-0.232979	-0.169729	-0.141634	-0.136059	0.477989	-0.185264
-5.60824	3.6744	0.905332	0.635785	0.224443	0.544261	0.196016	0.122807	-0.154991	0.0762538	0.0908383	-0.495355	-0.148075	-0.185375	0.089581	0.111297	-0.439648
-6.10627	3.8357	0.726988	1.22953	0.354997	0.449668	0.107794	0.201194	-0.21	0.10272	0.103428	-0.492806	-0.171229	-0.105293	-0.0683676	0.114438	-0.218618
-6.32234	3.85527	1.14978	1.10805	0.265975	0.22019	-0.0111334	0.374972	0.0725683	-0.0412685	-0.366289	-0.484142	0.263081	0.00422801	0.0624024	-0.199965	-0.10236
-6.53257	3.68209	1.17119	0.974635	0.409514	0.407939	-0.145837	0.0313744	-0.237415	-0.0332376	0.150522	-0.357503	0.127365	-0.0206759	-0.0734344	-0.251566	-0.236615
-6.69678	3.35791	1.36136	1.19125	0.0945834	0.345648	-0.131908	0.239054	0.0979987	0.110587	0.00548706	-0.473759	-0.352269	0.186128	0.0331848	-0.0538637	0.045487
-7.23384	2.56329	1.17008	1.02931	0.52021	0.371366	-0.471983	0.067586	-0.120493	0.770148	0.396543	-0.33139	-0.670697	-0.317501	-0.148661	-0.40181	-0.172549
-7.39975	1.95451	0.621488	0.851983	0.275711	0.388408	-0.269451	-0.118842	-0.379076	0.0528898	0.268525	-0.253492	0.0873014	-0.172748	0.221504	0.201658	0.0395128
-6.9016	1.43793	0.379671	0.26851	0.115291	0.0951408	-0.128595	-0.0794022	-0.182726	-0.164604	-0.116527	-0.252072	-0.155698	-0.152755	-0.0743505	-0.0641636	-0.0898671
-7.83358	1.51493	0.149116	0.695293	0.389718	0.414736	-0.230109	0.0285889	-0.222509	-0.137085	0.0422496	-0.26779	0.000398921	-0.0279691	-0.111145	-0.204102	-0.0435168
-8.2169	1.35013	0.0367075	0.675416	0.395156	0.318694	-0.159059	0.0490709	-0.213669	0.00536469	0.158552	-0.183604	-0.0830851	-0.0771239	-0.113662	-0.0985739	-0.051772
-8.42315	1.47533	0.0571956	0.815848	0.656757	0.506642	0.058443	0.0884674	-0.151806	-0.0300161	0.0863838	-0.224554	-0.116796	-0.0645853	-0.0555583	-0.0734414	-0.0352163
-8.69502	1.54496	0.253856	0.835412	0.718491	0.43787	0.174675	0.211266	-0.125325	-0.114041	0.0370979	-0.0497985	-0.0795208	-0.129729	-0.0764566	0.0843255	-0.138608
-9.02269	1.50134	0.394234	0.658866	0.714638	0.445919	0.153458	0.171489	-0.100355	-0.00295926	0.0527428	0.0221387	-0.123992	-0.0349672	-0.0230498	0.00451269	-0.219618
-8.81268	1.36138	0.218823	0.426577	0.679371	0.525201	-0.133495	0.0369513	0.0545234	0.160484	0.0157471	-0.141921	-0.0398075	-0.0949487	0.108844	0.040459	-0.123143
-7.61955	0.875389	0.126377	0.342143	0.278654	0.100213	0.0889914	0.0704477	0.0461692	0.111796	0.0440217	-0.0321058	-0.0566328	0.0193362	0.10844	0.050391	0.019978
-6.41109	2.3332	-0.297994	-0.574927	0.338189	0.567573	-0.348994	0.276255	0.339494	-0.00505594	0.0466146	-0.15505	0.323958	-0.0590956	0.203273	-0.0413609	0.0900318
-5.35365	2.17758	-0.185436	-0.734681	0.408316	0.569677	-0.357517	0.124203	0.241394	0.0486332	0.0229522	-0.162731	0.252792	-0.012737	0.294163	0.000827683	0.0624724
-4.8807	1.92459	-0.00453739	-0.597726	0.401069	0.596074	-0.328855	0.0339866	0.184042	0.0659232	0.0957641	-0.191686	0.196457	0.0426371	0.309825	0.115058	-0.0672611
-4.87604	1.50852	0.129606	-0.431986	0.293948	0.56489	-0.292545	-0.0155912	0.191839	0.158071	0.179324	-0.235814	0.143056	0.0438996	0.287276	0.167942	-0.066262
-5.04356	1.21135	0.164072	-0.332621	0.180429	0.415519	-0.120178	0.060019	0.184083	0.161925	0.173025	-0.149636	0.112192	0.0645443	0.156308	0.211063	-0.112912
-5.52163	1.04699	0.31365	-0.19179	0.235838	0.443306	-0.0448763	-0.0535364	-0.115364	-0.0302143	0.13464	-0.15387	-0.0931827	0.0881565	-0.00140788	0.0530883	-0.0130059
-4.95839	1.94975	0.308704	-0.138079	0.623793	0.876787	-0.213016	-0.232529	-0.225436	0.148709	-0.110923	-0.027901	-0.0185989	-0.141055	0.184823	0.191816	-0.385147
-3.49435	3.09658	0.117151	0.262524	0.0148481	0.415787	-0.0215973	-0.206951	-0.121784	0.146419	0.0772174	-0.372352	0.0407063	0.0147688	0.197551	0.154427	0.288774
-3.4937	3.21853	0.299183	0.208524	-0.18344	0.388208	-0.254829	-0.128325	-0.239435	0.203382	-0.0143304	-0.066284	-0.114556	0.247933	-0.0775044	0.268071	0.195416
-3.47407	3.23235	0.279038	-0.015476	-0.391305	0.566964	-0.2085	-0.248926	-0.137012	0.22903	0.162278	-0.0964462	-0.177586	0.0185695	0.0857716	0.241288	0.0466154
-3.38198	3.15528	0.0949875	0.0536074	-0.44362	0.551495	-0.101142	-0.148324	-0.165657	0.344924	0.163556	-0.135513	-0.124358	-0.112463	-0.0190835	0.365254	0.0969692
-3.30233	3.16921	0.136331	0.0335561	-0.376479	0.406018	0.0812194	-0.200724	-0.196165	0.40082	0.173443	-0.160751	-0.105005	-0.106491	-0.105198	0.34968	0.279736
-3.26177	3.0813	0.142477	-0.096061	-0.264826	0.300663	0.0573749	-0.127585	-0.20893	0.379258	0.199514	-0.0575457	-0.196369	-0.0472094	-0.169094	0.274075	0.203925
-3.2482	3.04158	0.0758821	-0.171689	-0.310157	0.352111	-0.122969	0.0360269	-0.302453	0.359515	0.180962	0.0517395	-0.245772	-0.0161624	-0.14997	0.165752	0.106491
-3.17094	2.99417	-0.00132216	-0.168136	-0.262468	0.200193	0.052677	-0.0533534	-0.310251	0.494576	0.036899	0.136272	-0.250432	-0.0204003	-0.127486	0.112634	0.0869885
-3.09462	2.8136	0.129703	-0.175196	-0.330177	0.225682	0.0109748	0.00697923	-0.329964	0.378696	0.20253	0.0224995	-0.189964	-0.0747134	-0.156225	0.174724	0.0823895
-3.18973	2.99071	0.04637	-0.0493351	-0.479804	0.324978	0.0805312	-0.112576	-0.198241	0.351111	0.198473	0.0677188	-0.21787	-0.0200094	-0.227056	0.191096	0.158389
-3.21643	3.03135	-0.0029244	0.00743242	-0.509293	0.340151	0.0609211	0.00284523	-0.341568	0.455356	0.204622	0.0161892	-0.147237	-0.0839493	-0.210987	0.190387	0.205544
-3.38516	3.20355	-0.172569	-0.0130194	-0.524941	0.194128	0.157316	-0.180191	-0.215398	0.233739	0.275956	0.0223064	-0.161381	-0.00463505	-0.307355	0.238779	-0.0165145
-3.23082	2.97173	0.00857653	-0.0451073	-0.480949	0.200006	0.226601	-0.136516	-0.249162	0.352674	0.146296	0.192125	-0.237376	0.00824366	-0.263683	0.156989	0.126832
-3.48589	3.20675	0.0723364	-0.0714365	-0.671058	0.471336	0.0252354	-0.0845006	-0.19399	0.265801	0.176144	0.17725	-0.160626	-0.118307	-0.16848	0.0806004	0.180268
-3.41358	3.05033	0.214894	-0.158305	-0.669103	0.47569	-0.0412824	0.109023	-0.45082	0.419031	0.194129	0.0681505	-0.0808373	-0.0843012	-0.191308	0.111771	0.095745
-3.55579	3.17789	0.234709	-0.274548	-0.493499	0.260615	0.0838913	0.0575856	-0.424292	0.417984	0.105379	0.148542	-0.0833171	-0.130568	-0.164748	0.132189	0.0566501
-3.60141	3.28995	0.126064	-0.0462638	-0.625561	0.396728	-0.014912	0.200854	-0.446723	0.437321	0.137088	0.105871	-0.0601413	0.00792929	-0.268808	0.108866	0.142536
-3.82712	3.4356	0.0851911	-0.155366	-0.64869	0.225843	-0.0326549	0.119358	-0.384624	0.271085	0.0369705	0.102174	-0.0146749	0.0302821	-0.224004	-0.00753644	-0.0840687
-3.71658	3.34994	0.408612	-0.103943	-0.595455	0.37981	0.0683318	0.224659	-0.239351	0.281276	0.246273	0.0338934	0.0827914	0.0533745	-0.206028	-0.00985328	0.20157
-3.96474	3.58887	0.311215	-0.190246	-0.492431	0.0434613	0.295114	0.00338495	-0.189735	0.324426	-0.0255877	0.135712	0.117125	0.00177361	-0.145463	0.00602752	-0.05393
-3.69238	3.31486	0.399796	-0.085523	-0.61292	0.323908	0.0740013	0.278561	-0.18976	0.22106	0.0596111	0.166648	0.0699753	0.126389	-0.190933	0.0175258	0.0424092
-3.89999	3.49472	0.577458	-0.150745	-0.454658	0.135063	0.162405	0.361785	-0.199518	0.279021	-0.0357661	0.204864	0.0155091	0.286284	-0.21451	-0.086846	0.18515
-3.93696	3.53877	0.417381	-0.116437	-0.449552	-0.00256002	0.257861	0.350642	-0.297524	0.260686	-0.126934	0.16067	0.125706	0.205503	-0.174547	-0.0591021	0.0324805
-4.01776	3.63981	0.341393	-0.0118901	-0.571779	0.113662	0.252666	0.325735	-0.200305	0.145505	-0.0810359	0.0888351	0.211539	0.142621	-0.132894	-0.0685989	0.05218
-4.01392	3.60008	0.386401	0.0621769	-0.654189	0.256853	0.151281	0.460132	-0.269759	0.164182	-0.107801	0.09655	0.176334	0.19826	-0.192861	-0.038937	0.112984
-4.05573	3.52903	0.403744	-0.0558651	-0.685709	0.307021	0.060599	0.47706	-0.397985	0.213991	-0.185401	0.122469	0.125645	0.175162	-0.216665	0.00187449	-0.0337704
-3.86761	3.33388	0.354593	0.00281146	-0.635733	0.267028	0.0994193	0.432686	-0.336873	0.236478	-0.222875	0.202904	0.050374	0.237063	-0.243244	-0.0281867	-0.0283459
-3.78409	3.31973	0.193004	0.100534	-0.696182	0.45553	0.0445516	0.407706	-0.293821	0.240362	-0.136422	0.199083	-0.005799	0.190448	-0.268	-0.016805	0.0586411
-3.7675	3.40302	0.100209	0.181612	-0.474181	0.33127	0.117835	0.399802	-0.296596	0.342393	0.00856066	0.123966	-0.0130226	0.0837298	-0.245125	-0.0067249	0.250387
-3.65587	3.3076	-0.0252551	0.29781	-0.523017	0.452398	0.0427043	0.340371	-0.272362	0.3851	0.184267	-0.0130183	0.0191232	-0.108586	-0.192606	0.000860404	0.326779
-3.62414	3.34643	-0.332042	0.341698	-0.514115	0.39002	-0.00669474	0.275388	-0.393304	0.553908	0.00127813	0.136382	-0.107616	-0.126053	-0.225244	0.0470486	0.133148
-3.40371	3.21694	-0.393535	0.321417	-0.3589	0.369086	0.143106	0.0673389	-0.190931	0.565347	0.0681142	0.175823	-0.259239	-0.0319142	-0.291365	0.0811392	0.240633
-3.27047	2.99317	-0.45338	0.362623	-0.368127	0.388436	-0.0271264	0.0902593	-0.104777	0.553743	0.0636626	0.0475382	-0.115603	-0.0872027	-0.162582	-0.0691834	0.0976899
-3.18087	2.97079	-0.565119	0.533485	-0.281052	0.356672	-0.0392353	0.113294	0.0816037	0.528813	0.119983	-0.0724768	-0.00478713	-0.0856402	-0.0688011	-0.210127	0.187151
-3.18676	2.95614	-0.614652	0.591821	-0.149502	0.192434	0.0338524	0.106739	0.161993	0.538667	0.00678348	0.0204301	-0.0806884	0.00922031	-0.147609	-0.196554	0.190319
-3.1452	2.75356	-0.597103	0.689435	-0.13816	0.0860769	-0.0328694	0.152643	0.315587	0.331443	-0.00760476	-0.0537942	0.046233	-0.0334476	-0.263545	-0.163234	0.189035
-3.16585	2.73746	-0.649866	0.835192	-0.135689	0.0515971	-0.0706236	0.285256	0.195154	0.454874	-0.234484	0.153651	-0.0659164	-0.000580632	-0.338851	-0.112645	0.219774
-3.15986	2.57671	-0.447475	0.838767	-0.0604527	-0.0354277	0.0107997	0.313909	0.222811	0.345897	-0.115346	0.114352	-0.0305	-0.0706411	-0.278917	-0.11169	0.223466
-3.27263	2.639	-0.369908	0.971927	-0.0274487	-0.0285041	0.0435318	0.341815	0.218167	0.320144	-0.07207	0.158975	-0.0881763	-0.100742	-0.21476	-0.146016	0.338034
-3.4069	2.61869	-0.277829	1.01678	-0.00592778	-0.0840236	0.0581281	0.392422	0.122694	0.264523	-0.00622097	0.118156	-0.00674544	-0.17818	-0.161592	-0.136664	0.207567
-3.70488	2.87658	-0.300653	1.04496	0.0262345	-0.1157	0.031174	0.465813	-0.0267497	0.301848	-0.0866807	0.258637	-0.174825	0.0154417	-0.268482	-0.029296	-0.00580684
-3.87829	2.78561	0.0225358	1.04723	0.120424	-0.0952378	-0.0402107	0.565497	0.0507214	0.0835511	0.116598	0.0415603	-0.0493319	0.100204	-0.336651	-0.0235382	-0.00379431
-4.26489	2.80175	0.266135	1.10421	0.000530202	0.123783	-0.151679	0.443993	0.103523	-0.0803382	0.114482	0.103099	-0.0182255	0.0665698	-0.259627	-0.0861181	-0.222044
-4.667	2.64283	0.735433	1.30165	-0.0163031	0.269301	-0.22192	0.382625	-0.0857847	-0.156002	-0.0229065	0.139163	0.0813846	0.209421	-0.213003	-0.290135	-0.20958
-5.16258	3.21927	0.98097	1.1234	0.350931	0.38657	-0.268498	0.417448	-0.629752	0.107428	0.087856	-0.230771	0.199506	0.185872	-0.426671	-0.0434254	0.12329
-5.11805	3.23536	0.908847	1.08115	0.352025	0.472282	-0.304776	0.375463	-0.505161	0.118651	0.168866	-0.341921	0.149987	0.0581704	-0.315737	0.0878027	-0.129453
-5.22904	3.38817	0.969442	1.15375	0.570428	0.32147	-0.0946244	0.41947	-0.553263	0.11271	0.0939459	-0.287415	-0.0894255	0.233287	-0.41821	0.419849	0.0439904
-5.24165	3.21688	0.98925	1.12072	0.503621	0.327289	-0.0780219	0.468308	-0.799345	0.294676	0.141519	-0.501072	0.14517	-0.0275961	-0.106341	0.254088	-0.262206
-5.30709	3.09876	1.12206	1.18914	0.697429	0.218711	0.141925	0.260911	-0.467961	0.00962362	0.105548	-0.518072	0.165169	-0.0740082	0.00373802	0.244521	-0.0594911
-5.86886	2.86245	1.06057	1.21494	0.969156	0.51959	0.129803	0.0947927	-0.775647	-0.109048	-0.138618	-0.202495	0.369267	0.235396	-0.284827	0.068117	-0.652201
-6.07157	2.88345	1.37192	1.16987	0.488458	0.584326	0.374524	0.19162	-0.976316	-0.0050165	0.203405	-0.100957	0.0601065	0.0255012	-0.41992	0.186529	-0.195075
-5.86208	2.38887	0.914004	1.03578	0.477748	0.311927	0.222856	0.380026	-0.41974	-0.0289889	-0.125645	0.0285653	0.301819	-0.166866	-0.324656	-0.214096	-0.618604
-5.49177	1.74709	0.462278	0.959034	0.691868	0.579286	-0.100084	-0.045338	-0.413758	0.249296	-0.027269	-0.232465	0.124051	0.109232	-0.300399	-0.16065	-0.166627
-5.62156	1.50863	0.259435	0.645653	0.827105	0.462778	-0.361045	-0.00489897	-0.230539	0.18933	0.340093	-0.0760989	-0.219537	-0.0354448	-0.382352	0.155469	0.204286
-5.82412	1.67055	0.559647	0.964565	0.821918	0.725468	-0.145882	0.191722	-0.400149	0.166504	0.154004	-0.0520488	-0.0347821	-0.216464	-0.247594	-0.113976	-0.128086
-5.80378	1.27024	0.292908	0.511091	0.497101	0.644063	0.166308	0.322526	-0.152721	0.0577286	-0.0122894	-0.476185	-0.313557	-0.0752066	-0.440989	-0.215467	-0.192305
-5.87062	1.29551	0.0607261	0.38456	0.281427	0.589178	0.159596	0.203733	-0.117895	0.150328	0.102431	-0.397619	-0.314447	-0.147783	-0.306331	-0.0929535	-0.118443
-5.87132	1.33872	3.94578e-05	0.642312	0.502695	0.537306	-0.0299187	0.232244	-0.0590738	0.103777	0.0525436	-0.250447	-0.152472	-0.23272	-0.182311	0.0436543	-0.0566786
-5.53104	1.21167	-0.0612604	0.587113	0.624111	-0.00827938	-0.423998	0.119642	0.208826	-0.0286632	-0.0869292	0.108541	0.12054	-0.214097	-0.117369	0.156895	0.064117
-4.91316	1.38256	0.035896	0.488973	0.674332	-0.0711084	-0.471395	0.00192625	0.321688	-0.0152084	-0.122358	0.221241	0.166581	-0.105326	-0.0831045	0.173064	0.0576875
-4.81006	1.33209	0.0809788	0.483382	0.710869	-0.101836	-0.491671	0.0558247	0.323472	-0.0503721	-0.138482	0.321287	0.190962	-0.0909958	0.0266169	0.143269	-0.0129122
-4.66995	1.11047	-0.11582	0.411827	0.468103	-0.106303	-0.130154	0.169523	0.19762	-0.201891	-0.156836	0.387655	0.214715	-0.0649362	0.0748881	0.0893614	-0.240788
-4.37888	0.949827	-0.319826	0.300367	0.280754	-0.241397	-0.212195	0.100741	0.0343385	-0.248691	-0.0527826	0.331489	0.0861639	-0.151399	-0.0134777	0.178078	-0.255686
-5.72992	0.881072	-0.420209	0.363998	0.0381374	-0.633502	0.0143331	0.114998	-0.184271	0.0799809	-0.171596	0.223984	0.127412	-0.0227822	0.0181847	0.336562	-0.251211
-5.48903	1.47794	0.613842	0.933549	0.242714	0.175097	0.0616134	-0.0856424	0.111699	0.419741	-0.659931	-0.0834441	0.172825	-0.00577953	-0.360237	-0.106887	-0.231397
-4.51333	2.54389	0.553818	1.09339	0.417817	0.310988	-0.123146	0.279108	-0.209129	-0.00898874	-0.595135	0.128833	0.159329	-0.0294536	-0.0265672	0.202545	0.123978
-3.99833	2.66669	0.635731	1.01655	0.355803	0.0472492	-0.260123	0.221468	-0.0190011	0.0268937	-0.300564	-0.0710098	0.0839562	0.153	-0.301552	0.0848683	0.0672831
-4.30113	2.68743	0.783409	1.06135	0.620985	0.303288	-0.0863089	0.108994	0.0095563	0.0523846	-0.31004	-0.519179	-0.0185164	0.374869	0.130966	0.255113	0.204642
-5.25918	2.75922	0.705893	1.1452	0.718363	0.677695	-0.064834	0.0304845	-0.0384294	0.089419	-0.329356	-0.133104	-0.197139	0.00781237	0.126596	0.118716	-0.145488
-5.74298	3.09528	1.03395	1.33984	0.889623	0.742302	-0.145191	0.0952886	-0.0343161	0.136522	-0.152335	-0.380615	-0.227395	-0.106905	0.0391851	0.51044	-0.0326934
-5.66534	2.94421	1.056	1.16084	1.01656	0.467998	-0.30469	0.178733	0.0093879	0.397133	-0.0546444	-0.301072	-0.285659	-0.156342	-0.23288	0.285708	-0.22892
-5.73962	2.84535	1.32018	1.29853	0.790197	0.428762	-0.442375	0.405601	-0.111954	0.364908	-0.0520084	-0.453084	-0.114012	0.0939501	-0.412398	0.162691	-0.109507
-5.81768	2.74407	1.14687	1.432	0.675839	0.542142	-0.467453	0.0603754	0.0621292	0.144536	0.225701	-0.194817	-0.0892996	-0.00707799	-0.637784	-0.0803364	-0.166559
-6.11909	2.78319	1.08767	1.12364	0.751604	0.355476	-0.17129	0.136216	0.00253882	0.200481	-0.101157	-0.18181	0.1447	0.0372792	-0.540146	-0.458466	-0.629218
-6.07947	2.789	1.21096	1.33253	1.08302	0.699806	-0.230324	0.265642	-0.177596	0.0457195	0.0081284	-0.625454	-0.206356	0.342768	0.028251	-0.0787843	-0.0340926
-6.32859	2.25292	1.65196	1.73702	1.28975	0.951842	-0.0493863	0.0113138	-0.28545	-0.379931	-0.239304	-0.398137	-0.21303	0.385099	0.328883	0.215817	0.185801
-6.08822	2.33585	1.4849	1.11975	0.638676	0.309644	-0.195957	0.296959	-0.152523	-0.0616516	-0.274226	-0.189731	0.225912	0.120027	-0.237542	-0.119479	-0.0825163
-4.97097	1.91135	1.20999	0.274467	0.20695	0.247686	0.0877261	-0.0208028	0.18621	-0.177796	-0.238858	0.223871	-0.0863301	-0.199108	-0.10406	0.464071	-0.135465
-5.5025	0.701132	0.907203	0.136528	0.565038	0.195313	0.107011	-0.0964748	0.0452764	-0.060791	-0.267926	-0.160257	0.0751598	0.123083	-0.0179274	0.180668	0.237768
-5.26595	0.462344	0.951444	0.441758	0.693783	0.213736	0.23527	0.265162	-0.0128851	-0.104795	-0.435834	0.0806919	-0.0208367	-0.19569	0.0039464	0.352439	0.284898
-5.20171	0.129267	0.657652	0.386686	0.630167	0.237348	0.0724149	0.057825	0.0202726	-0.0737786	-0.145181	0.0461026	-0.0826104	-0.117979	-0.0851842	0.0686261	-0.263618
-5.2836	-0.0575176	0.63817	0.322414	0.584894	0.250561	0.170164	0.00536371	0.00346966	-0.0280847	0.0202252	-0.0470321	-0.0383866	-0.125807	-0.182654	-0.00444281	-0.165083
-5.28827	-0.121285	0.59346	0.228462	0.509114	0.0650637	0.155749	0.0758924	0.0213773	-0.16262	-0.0527185	0.0661325	0.024858	-0.14396	-0.0776532	0.120907	-0.0057741
-5.37272	-0.40843	0.487215	0.139316	0.494084	0.0504185	0.150192	0.16147	0.151179	-0.226776	-0.0988008	0.154973	0.0623522	-0.0701975	-0.0690612	0.263214	0.0768497
-5.5346	-0.720877	0.174153	-0.0242902	0.404468	-0.0194447	0.236817	0.259715	0.154096	-0.0365716	0.141616	0.165407	0.15129	0.089864	-0.00206519	0.231349	0.176591
-5.55162	-0.833749	0.106156	-0.087007	0.37967	0.101302	0.154758	0.215154	0.125598	0.0754564	0.21357	0.0953727	0.116623	0.100552	0.030801	0.129761	0.119596
-5.43497	-0.706654	0.247579	-0.120743	0.300423	-0.0103345	0.0425297	0.131486	0.149831	0.018949	0.0224703	0.0415678	0.129056	0.0380089	0.133401	0.191215	-0.00792888
-5.47311	-0.691907	0.340496	-0.152574	0.231692	-0.124231	0.124878	0.158425	0.0370734	-0.17755	-0.0969858	-0.04584	0.0478455	0.0924431	0.205769	0.167792	-0.124744
-5.54821	-0.713944	0.186507	-0.368031	0.160464	-0.126231	0.128781	0.114222	0.0243814	-0.207928	-0.0373757	-0.0720941	-0.035783	-0.00919995	0.0445758	-0.0507126	-0.140881
-5.64872	-0.86532	0.199158	-0.33963	0.201334	-0.00487851	0.246653	0.177718	0.123532	0.0514161	0.0671004	0.0471229	0.14665	0.0449084	0.00965324	-0.0664762	-0.139873
-5.76423	-0.914492	0.160941	-0.337779	0.306222	0.0964329	0.208685	0.0675452	0.106506	0.21984	0.151847	0.11095	0.22059	0.0824833	0.0105736	-0.0885992	-0.0921852
-5.89637	-0.840087	0.178576	-0.357719	0.329208	-0.0289368	0.0866583	0.157401	0.183572	0.233999	0.106018	0.066103	0.120394	0.00604418	-0.0253998	0.0525594	-0.0350285
-5.83404	-0.829056	0.278697	-0.28828	0.313313	-0.0629265	0.21656	0.161504	0.187761	0.231733	0.0422603	0.116561	0.0517054	-0.10718	-0.00289742	0.133436	0.0442098
-5.62107	-0.755525	0.143409	-0.316413	0.29079	0.0560364	0.363855	0.185142	0.298522	0.0615775	-0.100351	0.233891	0.171259	-0.0693169	0.116594	0.223984	0.0456374
-5.5362	-0.644567	0.133033	-0.330872	0.226296	0.0216958	0.329178	0.233305	0.336538	0.158686	-0.0112336	0.326364	0.209514	-0.0976154	0.0893057	0.0777917	0.0338014
-5.46431	-0.546378	0.285652	-0.245626	0.0921249	-0.0500575	0.169741	0.186697	0.139389	0.119399	0.173373	0.280979	0.0657168	-0.0220671	0.0160138	0.20173	0.119358
-5.29389	-0.600551	0.236734	-0.30285	0.172204	0.0472496	0.11566	0.055538	0.131859	0.252047	0.208631	0.174506	0.171269	0.110522	-0.0133743	0.0954798	0.0725121
-5.17915	-0.614513	-0.000650503	-0.394768	0.181635	0.0359038	0.15274	0.139174	0.186418	0.257821	0.137032	0.0889717	0.239863	0.165636	0.0938926	0.102728	0.00227319
-4.99431	-0.296068	-0.0744012	-0.305317	0.252123	-0.0112943	0.14936	0.198366	0.272569	0.219875	0.0510293	0.0523589	0.201571	0.109902	0.167733	0.197533	-0.103421
-4.85477	0.329146	0.171752	-0.111041	0.221618	-0.106326	0.132959	0.0357144	0.104138	0.0647613	-0.00508407	0.160271	0.185376	0.0775077	0.117371	0.093946	-0.0970465
-4.76847	1.08711	0.252462	0.00356667	0.268047	-0.161346	-0.0854052	-0.0859124	0.0280901	0.028888	-0.0609152	-0.0801484	-0.0459603	-0.0974144	-0.0213056	0.106365	-0.046954
-4.318	2.09198	0.233079	-0.226968	-0.0914504	-0.00219036	-0.108526	-0.156862	-0.246315	0.00877291	-0.0435349	-0.0375868	-0.0986527	-0.180949	-0.0703515	0.013019	-0.140976
-4.45696	2.86777	0.948879	-0.100302	-0.407416	0.173097	-0.019041	-0.10187	-0.190687	0.410742	0.00732068	0.0661299	-0.110033	-0.280283	0.136956	0.354401	-0.497929
-3.32121	2.99097	0.0811144	-0.106871	-0.203918	0.289328	0.0390658	0.038232	-0.392558	0.565302	0.072303	0.185206	-0.00198643	-0.0823329	0.034627	0.146564	-0.32961
-3.44145	2.87703	0.29994	-0.0644978	-0.326272	0.429542	0.0598441	0.0123682	-0.247338	0.664073	-0.107812	0.363926	-0.140272	0.0333351	0.076488	0.047725	-0.0785064
-3.11901	2.592	0.296434	-0.35471	-0.192177	0.30466	-0.0290331	0.14354	-0.150188	0.413808	0.119032	0.151537	-0.0945372	0.0722058	-0.030112	0.057777	-0.0302835
-2.96111	2.52357	0.0941294	-0.175516	-0.401566	0.371846	0.0304495	0.0921578	-0.135569	0.498185	-0.0276283	0.324648	-0.160148	0.0536939	-0.0598536	0.101574	-0.0184703
-3.00887	2.54468	0.0481897	-0.233498	-0.39048	0.192563	0.243461	-0.0422403	-0.0991547	0.432036	-0.0307046	0.301767	-0.0727068	-0.112573	0.0127246	0.0698284	-0.0113807
-2.98633	2.29097	0.0595717	-0.308554	-0.596596	0.222942	0.136621	-0.124467	-0.178896	0.266777	-0.106368	0.255859	-0.203662	-0.117939	-0.149314	0.0712005	-0.147107
-2.91876	2.18785	0.160324	-0.292188	-0.644787	0.323744	0.124581	0.00472998	-0.200605	0.272502	-0.141809	0.317493	-0.193227	-0.117912	-0.109562	-0.00726009	-0.0311646
-3.00661	2.15775	0.244436	-0.356118	-0.781137	0.255244	0.254971	-0.162571	-0.125996	0.11709	-0.10932	0.210289	-0.156762	-0.24597	-0.123616	-0.0124241	-0.0739382
-2.98821	1.97191	0.306529	-0.409602	-0.87152	0.251574	0.123522	-0.0679392	-0.232584	0.139563	-0.275398	0.28571	-0.239598	-0.210325	-0.182714	-0.103031	-0.117608
-3.13787	2.01415	0.268567	-0.322035	-1.03783	0.233345	0.0975032	-0.036387	-0.24715	0.0435532	-0.307185	0.249773	-0.237309	-0.249379	-0.122737	-0.225803	-0.138111
-3.13943	1.79475	0.429443	-0.453458	-1.07365	0.274973	-0.0148016	0.0243489	-0.313802	0.0608729	-0.441152	0.299261	-0.325932	-0.199067	-0.192806	-0.258251	-0.155216
-3.25624	1.92018	0.465019	-0.339941	-1.10366	0.280073	0.0286914	0.0743163	-0.245457	0.0986743	-0.440682	0.278765	-0.220615	-0.156642	-0.0853171	-0.266941	-0.0803324
-3.45657	1.79876	0.520204	-0.493621	-1.04382	0.234493	0.0131664	-0.00449556	-0.292972	0.0165368	-0.492588	0.228208	-0.400522	-0.18367	-0.223205	-0.242213	-0.181493
-3.44459	1.75299	0.642856	-0.388722	-1.08104	0.260611	0.0384521	0.103348	-0.220621	0.0975623	-0.560289	0.298072	-0.316348	-0.165682	-0.0772561	-0.239688	-0.107247
-3.61176	1.93181	0.569315	-0.320433	-1.0978	0.365559	0.0282892	0.0815353	-0.201783	0.0932654	-0.48858	0.328564	-0.36875	-0.104217	-0.0676362	-0.192042	-0.113549
-3.65521	1.9203	0.689373	-0.351564	-1.02185	0.318021	0.0862299	0.0578931	-0.131157	0.124186	-0.463007	0.345192	-0.334229	-0.066507	-0.00708196	-0.198039	-0.0369137
-3.7515	2.00065	0.749005	-0.337444	-0.982486	0.284796	0.00910303	0.0979824	-0.0521232	0.147157	-0.408529	0.306095	-0.309144	-0.0485215	0.00412269	-0.186447	-0.00760768
-3.72876	1.99922	0.76474	-0.310049	-0.986686	0.176093	0.0707924	0.0877557	-0.087266	0.224995	-0.520297	0.413406	-0.327201	-0.0280587	-0.0094823	-0.199672	-0.0257318
-3.72901	2.02686	0.755375	-0.372362	-1.05156	0.193809	0.0522179	0.0739821	-0.137817	0.190819	-0.524436	0.389184	-0.355834	0.00744327	-0.0637566	-0.179572	-0.107529
-4.08576	1.9695	0.589901	-0.58383	-1.27881	0.0604265	-0.0784136	-0.0499086	-0.242092	0.00262719	-0.509864	0.2824	-0.462237	-0.0269142	-0.118853	-0.273275	-0.0738924
-3.99109	2.03809	0.74858	-0.556107	-1.10368	-0.0606654	0.0730206	0.0525984	-0.19505	-0.0515612	-0.44848	0.344418	-0.270841	-0.0384053	-0.217609	-0.203817	0.0652043
-3.9687	2	0.739542	-0.636663	-0.92112	0.0114899	-0.0115112	-0.183648	-0.240062	0.101025	-0.536414	0.333104	-0.281796	-0.0996973	-0.273973	-0.128333	-0.103699
-4.07782	1.90748	0.861127	-0.544136	-0.889336	0.113861	-0.0767151	-0.285201	-0.253171	0.118074	-0.433288	0.293776	-0.336016	-0.0457753	-0.326079	-0.0228119	-0.0366497
-4.3967	1.83519	0.986281	-0.337403	-0.799622	0.178343	0.0224239	-0.167242	-0.253927	0.0283065	-0.381082	0.436242	-0.334309	-0.0411824	-0.240924	0.0104616	-0.0601167
-4.73949	1.67502	1.04085	-0.314718	-0.522335	0.302597	0.0902743	-0.132276	-0.357064	-0.0909303	-0.323561	0.388002	-0.301932	0.0392127	-0.159574	-0.0546024	-0.148935
-5.2783	1.49485	1.04496	-0.0562102	-0.124291	0.390484	0.140798	0.142131	-0.446078	-0.189101	-0.157419	0.130765	-0.101839	-0.103548	-0.0466656	-0.105035	-0.183635
-6.00111	0.990742	0.989883	0.289229	0.0967308	0.311615	0.211223	0.147193	-0.361813	-0.0997064	0.148991	0.0853877	0.0020543	-0.394483	-0.110733	-0.195529	-0.159748
-6.47453	0.877287	0.910989	0.396303	0.0120324	0.152157	0.135125	0.188683	-0.168836	0.0307642	0.033282	0.000532389	0.123101	-0.106822	-0.0135044	-0.0314125	-0.177864
-7.1918	1.13384	0.826054	0.515989	0.132908	0.00573122	0.0800647	0.0689648	-0.0970249	0.0996343	0.00303914	0.181709	0.230961	-0.150225	-0.0686496	0.0628338	-0.101134
-7.86104	1.37353	0.69411	0.364243	0.275724	-0.0515618	-0.0328661	-0.149282	-0.0457333	0.200738	0.0367855	0.123421	0.00745557	0.0144135	-0.0700133	-0.0994898	-0.0821817
-8.08567	1.22423	0.719807	0.39819	0.394276	0.0273148	-0.0133307	-0.212118	-0.0707541	0.221164	0.0674075	0.0487801	-0.107641	0.0464641	-0.0740542	-0.204274	-0.0971612
-8.745	1.39842	0.81788	0.43995	0.38517	0.0196194	-0.0263807	-0.165471	-0.0701905	0.232892	0.0322873	0.00153561	-0.128281	-0.00309508	-0.0655002	-0.191098	-0.0263816
-9.32217	1.38792	0.753266	0.519186	0.173754	0.0578802	-0.171651	-0.064136	0.0320263	0.200594	0.140577	0.0612629	-0.0524588	-0.0180322	-0.0262152	-0.0787872	0.0179223
-9.43832	1.50362	0.802749	0.541684	0.134997	0.156783	0.0723282	0.120227	0.0573138	0.13701	0.0341988	0.0950114	0.0932643	0.0972591	-0.0297339	-0.0670523	0.0304465
-9.42274	1.38556	0.834852	0.464213	0.217109	0.0739327	0.144536	0.178188	0.129199	0.0117202	-0.0519635	0.0826897	0.111107	0.0608479	-0.0234893	0.0469739	0.0337008
-7.92391	0.979944	0.194358	-0.205617	0.211912	0.278323	-0.0983601	0.0475864	0.193881	-0.104271	0.0645401	0.109635	-0.07534	0.0835447	0.0814658	-0.00049645	0.083292
-6.42948	1.06161	0.0610719	-0.417025	0.32072	0.0827642	-0.181025	0.0138956	0.0435749	-0.143653	0.0337871	0.096583	-0.0731974	0.0898707	0.0566685	0.0271757	0.0894463
-5.60119	0.989822	0.157882	-0.449709	0.404024	0.0625381	-0.194431	0.0772924	-0.0201252	-0.132006	0.0287367	0.0212811	0.00190099	-0.0308695	0.0179483	0.0474074	-0.0258714
-5.06213	0.725364	0.393734	-0.119698	0.576285	0.0199908	-0.277462	0.182934	0.0531704	-0.29331	0.0721834	0.181202	0.0240676	-0.0494707	0.0438529	0.0857917	-0.0749789
-4.80719	0.375008	0.552308	0.175851	0.64005	0.037972	-0.264577	0.0559666	0.09867	-0.303919	0.0535048	0.299584	0.178772	0.09229	0.0502952	0.0233515	-0.133967
-4.67193	0.221117	0.631852	0.133068	0.52175	0.013324	-0.10748	-0.0301889	0.0689574	-0.166646	0.06292	0.25947	0.151691	0.0786887	-0.0319444	0.0761256	-0.14527
-4.87672	-0.407919	0.261498	0.0516438	0.328854	-0.382595	-0.00437244	0.260831	0.258296	-0.276099	-0.336071	0.226715	-0.000228255	0.0430668	-0.19357	0.262721	0.0539723
-4.85949	-0.288272	-0.0285123	-0.0490231	0.0626146	-0.61031	-0.0485802	0.691909	0.110896	-0.309379	-0.149563	-0.0290776	0.252222	-0.0723086	-0.0989684	0.152179	0.148017
-5.06862	-0.183193	-0.449307	-0.127643	0.0527692	-0.307773	-0.374251	0.128997	0.322603	-0.203405	0.135934	0.252409	0.0575239	-0.150952	-0.282818	0.265697	-0.0671878
-4.56608	0.653399	0.0811087	0.539116	0.211216	-0.450219	-0.331499	0.388733	0.107419	-0.233951	-0.0988988	0.175837	0.224353	-0.268116	-0.247059	0.35179	0.23173
-4.9978	0.709618	0.222551	0.616909	0.481313	-0.104864	-0.26321	0.404995	0.231758	-0.0472852	-0.337837	0.104478	0.00876751	-0.343075	-0.00803898	0.513875	-0.154842
-5.16447	0.921854	0.178765	0.42634	0.0539302	-0.14682	-0.0494387	-0.0285091	-0.0710811	0.249744	-0.402684	0.184163	0.12776	0.0417305	-0.203948	0.156442	-0.473374
-5.15198	1.4196	0.497651	0.530422	-0.0159855	-0.391605	0.343332	0.166065	-0.130621	-0.14483	-0.267584	0.194382	0.0848765	0.161475	-0.159991	0.475455	-0.301073
-5.06876	1.52634	0.600533	0.964313	0.422236	0.150847	0.125577	0.28399	0.0309752	-0.118285	-0.185743	0.121563	-0.216355	-0.0661083	0.00906335	0.316918	-0.351668
-4.08534	2.0729	0.706752	0.785901	0.210185	-0.0252577	0.181323	0.31488	0.12006	0.037596	-0.0760953	0.295801	-0.135816	-0.118971	-0.159545	0.405993	-0.237484
-3.7517	2.12518	0.240938	0.686466	0.273791	-0.348101	-0.0948908	-0.0942927	-0.107371	-0.0428811	-0.190157	0.0926334	-0.0362161	0.00406902	-0.24493	0.393459	-0.186003
-3.51352	2.04562	0.00709999	0.908083	0.2344	0.0138173	-0.193508	0.138185	-0.0742094	0.0354248	-0.292108	0.174743	0.0710988	0.0732568	-0.188351	0.448866	-0.0531636
-3.37584	1.6631	0.155455	0.856135	0.276709	0.0211128	-0.177975	0.116053	-0.0738251	-0.0430866	-0.296066	0.0798353	0.0792391	0.057913	-0.130585	0.39867	-0.0625416
-3.48881	1.64734	0.238526	0.821037	0.292469	0.0809003	-0.230283	0.136066	-0.10841	-0.0278091	-0.346922	0.102712	0.0194641	0.127695	-0.196581	0.425377	-0.11046
-3.7784	1.69426	0.189316	0.883442	0.422948	0.276008	-0.127644	0.179759	-0.105718	-0.0248595	-0.52597	0.0551373	-0.0785654	0.17486	-0.242464	0.483822	0.019294
-4.06547	1.82376	0.297003	0.892248	0.479531	0.267447	-0.127343	0.0864276	-0.0240907	0.00134524	-0.42144	0.0675146	0.0791202	0.164468	-0.191073	0.408199	-0.0590972
-4.52982	1.86727	0.371452	0.685937	0.411284	0.116692	-0.124671	-0.0166976	-0.234694	0.101943	-0.380396	0.0263778	-0.0650401	0.0397373	-0.186015	0.247174	-0.241056
-4.8294	1.72995	0.909646	0.46704	0.719884	0.189613	-0.0396049	0.00137596	0.0151149	0.218511	-0.190835	0.0193588	-0.00812236	0.130494	-0.170782	0.215037	-0.0193385
-5.22091	1.26923	1.48834	0.582204	0.928955	0.0196771	0.00246976	0.0441661	-0.000187878	0.131919	0.0298912	0.0351671	0.109064	0.112725	-0.173768	0.0248863	0.029421
-4.50114	1.45936	0.69685	0.515058	0.768704	0.322773	-0.00290274	0.725917	0.394445	0.255664	0.251415	0.381327	0.137754	-0.0431369	-0.0745736	-0.0174042	-0.0154513
-5.25302	0.413966	1.41877	0.755693	0.797098	0.742648	0.311242	0.127593	0.109378	-0.21874	-0.320346	-0.196486	0.352528	0.0315013	-0.257393	0.0310334	0.0790924
-5.19666	0.49054	1.5578	0.565396	0.696899	0.269461	0.445521	0.303807	0.0663427	-0.235791	-0.2024	0.272978	0.237852	0.0471581	-0.182224	0.160358	-0.0860816
-5.40629	-0.0376887	1.07054	0.369623	0.624844	0.140305	0.149742	0.0721042	-0.238685	-0.217467	-0.148762	0.102112	-0.067932	-0.0744114	-0.229717	-0.0784649	-0.182039
-5.57654	-0.700527	0.867376	0.468032	0.560833	-0.0404259	0.178428	0.105487	-0.123596	-0.263914	-0.0882072	-0.0640023	-0.277423	-0.234647	-0.502222	0.00349269	-0.111967
-5.54053	-0.553561	0.823789	0.00769012	0.557417	-0.0132511	0.240755	0.28165	0.0109205	-0.0688412	0.0329489	0.105222	-0.0514712	-0.154078	-0.293634	0.107327	-0.0234162
-5.61635	-0.499815	0.813523	-0.148457	0.458794	0.104633	0.280228	0.313184	-0.00586199	-0.114416	-0.0125355	0.190336	0.105096	-0.227189	-0.107015	0.113313	-0.0432058
-5.33936	-0.125637	1.01224	0.0390961	0.612991	0.10439	0.160014	0.185747	-0.0917268	-0.250869	-0.0100537	-0.0537386	-0.0590793	-0.175445	-0.00572435	0.15188	-0.0506763
-5.0819	0.259833	1.16566	-0.0362049	0.766296	0.201855	0.156313	0.173209	-0.0765482	-0.25434	-0.0928955	-0.195234	-0.178687	-0.0406653	-0.0157078	0.14752	-0.183115
-5.04423	0.296008	1.06878	-0.0690022	0.902696	0.236961	0.253955	0.149269	-0.0793358	-0.279791	-0.159505	-0.128106	-0.129539	-0.177969	-0.129857	0.106871	-0.0574163
-5.29917	0.528328	1.09577	-0.151297	0.689075	0.273344	0.303502	0.296234	0.0405283	-0.338462	-0.13379	-0.218474	0.0828852	0.169677	-0.253135	-0.0403643	0.158049
-5.55544	0.406382	0.843716	0.374712	0.550691	0.0482604	-0.121928	0.277318	0.22828	-0.0623672	-0.131877	0.0425684	0.0515765	-0.307606	-0.0804552	0.0175016	-0.0601266
-5.60615	0.666061	1.25381	0.851692	0.83624	0.174586	0.117037	0.587474	0.411674	-0.165722	-0.385066	-0.105014	-0.0145446	0.130156	-0.169359	-0.0409828	0.0837468
-5.2653	1.79301	1.16374	0.957881	1.13207	0.128017	-0.348745	0.217121	-0.0258886	-0.0844436	-0.396171	-0.0956858	0.234168	-0.084248	-0.031346	0.15517	-0.0552237
-5.49231	2.89654	1.0867	0.788164	1.00315	0.52996	-0.135926	0.314928	0.0300175	-0.223276	-0.0531452	-0.30705	0.194844	0.246445	-0.13089	0.300652	-0.123571
-5.73347	2.94178	0.957702	1.00765	1.17446	0.143819	-0.20832	0.509948	-0.156401	0.0539575	-0.0685779	-0.237581	0.124024	0.273351	-0.0384982	0.262225	-0.324013
-5.71343	2.91348	0.686594	0.945248	0.867211	0.128266	-0.245937	-0.110829	-0.279277	-0.0356991	-0.229349	-0.302027	0.00456152	0.0791864	-0.424592	0.25276	-0.181862
-5.83442	2.57686	0.583834	0.90224	0.650307	-0.439588	-0.598227	0.132965	-0.301915	-0.287234	-0.706428	-0.547854	-0.159088	0.0645452	-0.461919	-0.184206	-0.300674
-5.54687	2.83274	0.599374	0.917765	0.865049	-0.106937	-0.343248	0.108834	-0.294703	-0.0345262	-0.301515	-0.407355	-0.14866	0.130056	-0.315262	0.0567028	-0.146616
-5.55656	3.12849	0.623144	0.864162	0.961638	0.041156	-0.22272	0.154742	-0.348421	0.215723	-0.227242	-0.331157	-0.159844	0.176054	-0.115229	0.0389437	-0.0309091
-5.55794	3.18012	0.48688	1.08987	0.745083	0.0897841	-0.310831	0.150641	-0.0920964	-0.0535871	-0.17106	-0.286452	-0.257611	0.383972	-0.197022	-0.0119013	-0.0124959
-5.46141	3.00053	0.639271	0.81542	0.830307	0.160292	-0.359087	0.118205	-0.151876	-0.0197912	-0.232792	-0.196308	-0.334822	0.411191	-0.243907	0.00223163	-0.0442293
-5.25636	2.88441	0.779827	0.848574	0.791116	0.326111	-0.132625	0.053356	-0.18512	0.0721099	0.013182	-0.25834	-0.349224	0.579994	-0.132513	-0.0230072	0.0545939
-5.07913	3.17129	0.857172	0.899148	1.15557	0.629535	-0.00389561	0.238926	0.0183451	0.323919	0.174442	-0.00570711	-0.0957485	0.727594	-0.158515	0.295639	0.351465
-5.01052	3.17443	0.782963	0.965334	1.23266	0.481966	0.148534	0.231861	0.0608547	0.325908	0.103667	0.209066	-0.244089	0.740091	0.15141	0.018779	0.522528
-5.04729	2.85109	0.566876	0.650032	0.869282	0.523458	-0.243856	0.0347826	-0.10954	-0.0493669	-0.0279018	-0.00239068	-0.464484	0.501917	-0.0447806	-0.0313629	0.0792214
-4.90928	2.93835	0.468281	0.887022	0.871767	0.577191	-0.079508	0.148383	-0.125347	0.0943167	0.0640853	0.0936384	-0.297641	0.489526	0.0184046	0.0592291	0.24705
-4.9803	2.95835	0.104884	0.648361	0.644626	0.555774	-0.0113157	0.0321317	-0.197049	-0.078694	-0.0869706	-0.0621086	-0.435061	0.205259	-0.0536219	-0.0209373	0.096523
-4.50202	2.81969	0.0972617	0.314065	0.477049	0.42265	0.0189413	0.104737	-0.0586518	-0.0342013	-0.131394	0.0847444	-0.416794	0.12075	0.0545609	-0.122732	0.0626567
-3.53364	2.57991	-0.14176	0.286112	0.033471	0.461628	0.26704	0.357898	0.351104	0.584758	0.0815509	0.135856	-0.00329971	0.204134	-0.0526131	0.0828126	0.0989232
-3.16709	2.09428	-0.520178	0.210678	-0.150652	0.130812	0.0628307	0.201111	0.0773645	0.229409	-0.359477	0.0257842	-0.335216	0.0377411	-0.21894	0.026497	-0.0877444
-2.93244	1.99491	-0.34861	0.240342	-0.000680288	0.235004	0.177499	0.4465	0.236457	0.352952	-0.31733	0.171958	-0.168681	0.123153	-0.0601775	0.171055	0.148715
-2.88111	1.96512	-0.376957	0.101444	0.136002	0.307752	0.212862	0.536076	0.314694	0.41261	-0.233068	0.23103	-0.11092	0.127029	-0.0237264	0.149636	0.111759
-2.81648	1.8901	-0.482278	0.0937433	0.0451958	0.308905	0.130379	0.531928	0.0980817	0.349887	-0.31503	0.176726	-0.14855	0.0284633	-5.96492e-05	0.0941935	0.0822659
-2.73268	1.80762	-0.497823	0.131779	0.0236779	0.366334	0.141556	0.491176	0.0600633	0.324295	-0.297266	0.14399	-0.0902106	0.0169296	0.0221861	0.00369106	0.179192
-2.68458	1.69054	-0.569793	0.0806829	-0.00123069	0.369785	0.0767832	0.461923	-0.0370117	0.27809	-0.34465	0.128172	-0.115625	-0.015977	-0.0489108	-0.026718	0.0759592
-2.81553	1.76057	-0.580111	-0.0356421	-0.0781909	0.487984	-0.00237407	0.430028	-0.0943791	0.286865	-0.344123	0.0727548	-0.169116	-0.0158739	-0.0213785	-0.178643	0.0397093
-2.79402	1.74607	-0.650481	0.053525	-0.00490832	0.449216	0.0705624	0.413677	-0.0679364	0.239083	-0.329504	0.116091	-0.080763	-0.0685057	-0.0386914	-0.171069	0.0785749
-2.8967	1.73539	-0.729509	-0.0927998	-0.0271082	0.338927	0.0406151	0.226365	-0.153065	0.178364	-0.457143	0.0294021	-0.18151	-0.0867286	-0.240683	-0.102135	-0.0979553
-2.92023	1.93752	-0.909962	0.0972084	-0.0657949	0.462235	0.037629	0.423727	-0.159348	0.28632	-0.286809	0.0425929	-0.0857508	-0.0952874	-0.0612011	-0.169369	-0.0809938
-2.85766	1.82154	-0.80256	0.0293615	-0.0469449	0.490839	0.00240369	0.455262	-0.255554	0.305128	-0.337215	0.106281	-0.17177	-0.0468747	-0.124699	-0.162616	-0.0183044
-2.87405	1.80673	-0.7669	-0.128577	0.0498083	0.325912	0.122224	0.35512	-0.174282	0.271571	-0.298188	0.0346301	-0.125072	-0.0902308	-0.136883	-0.148253	-0.137005
-2.98542	2.18871	-0.966929	0.133867	0.0686715	0.497847	0.175349	0.3226	0.0541591	0.180016	-0.0915368	-0.00724224	0.0720818	-0.131609	-0.0240839	-0.184767	0.125737
-2.87674	1.94591	-0.938767	-0.00555938	0.0091239	0.442493	0.104643	0.439685	-0.161231	0.369896	-0.262068	0.0778236	-0.119413	-0.0361881	-0.136551	-0.133704	-0.10991
-2.95238	2.00201	-0.837081	-0.0442315	0.167535	0.363568	0.211358	0.417615	-0.000443436	0.368048	-0.248164	0.136018	-0.0522528	0.000899262	-0.20677	-0.0545175	-0.101475
-2.96201	2.09908	-0.757537	-0.0410043	0.237376	0.386534	0.227284	0.559163	-0.0492802	0.446723	-0.16691	0.0952349	0.0172254	-0.0020875	-0.0854974	-0.116752	0.0308777
-3.11855	2.25261	-0.609313	-0.0280345	0.289276	0.323503	0.236717	0.611296	0.0138917	0.444728	-0.271469	0.181239	0.0173429	0.0718061	-0.0879088	-0.0629002	0.00349396
-3.2069	2.05262	-0.191378	-0.263013	0.348784	0.305278	0.128649	0.718178	-0.0458528	0.301704	-0.182687	0.0522698	0.0570085	-0.00897697	-0.0853569	-0.024601	-0.085062
-3.26319	2.12151	-0.0977176	0.388676	0.328293	0.139415	0.467594	0.792228	0.12337	0.443786	-0.184763	0.188447	0.251447	0.153412	0.0516221	-0.0752866	0.0770455
-3.68733	2.3621	0.190262	0.509103	0.310393	0.229196	0.472011	0.628797	0.0484827	0.500723	-0.238517	0.254383	0.279009	0.299498	-0.0324343	0.167204	-0.183592
-3.83713	2.27869	0.16756	0.520788	0.466155	0.488485	0.480526	0.53179	0.319847	0.506547	-0.0705221	0.272481	0.367664	0.142541	-0.139462	0.0264886	-0.00595809
-4.26752	2.01952	0.628887	0.69515	0.225998	0.124353	0.28323	0.483691	-0.0256892	0.239431	0.0945109	0.238288	-0.160269	-0.226108	-0.0977221	0.186844	-0.0316919
-4.23315	1.89144	0.118974	0.432469	0.0468969	0.278152	0.217029	0.429264	-0.153114	0.366565	-0.0874721	-0.0514428	0.0105104	-0.0923108	-0.224348	-0.146998	-0.32405
-4.60443	1.93525	0.9236	0.695753	-0.0345723	-0.051195	0.0701154	0.415952	0.25369	0.586787	-0.217091	-0.26208	-0.348133	-0.185826	-0.248768	0.189475	0.182088
-4.39666	2.00311	0.595753	0.704595	0.137554	-0.271395	0.141652	0.783092	0.0924782	0.111435	0.0055163	-0.109435	-0.238913	-0.511621	-0.0222266	0.559719	-0.186306
-4.32914	1.83007	0.31437	0.385917	0.449457	-0.117444	-0.176121	0.566261	0.4699	0.108128	-0.118782	-0.297958	-0.289323	-0.175976	0.0509605	0.165489	-0.140545
-4.66724	1.3714	0.422199	0.56654	0.484111	0.169804	0.120981	0.283598	0.341523	0.342963	-0.0371879	-0.0178225	-0.0106131	-0.148839	-0.119775	0.214124	-0.22147
-4.81858	0.814639	0.734481	0.0773728	0.528102	0.34019	0.646036	0.747629	0.375681	0.195232	0.23899	0.262708	-0.20962	0.00162986	-0.188753	0.0504885	-0.0871596
-4.96217	0.263425	0.623862	-0.276734	0.347265	0.479841	0.0996615	0.112754	0.258905	-0.0159925	-0.211174	0.193111	-0.0175892	-0.197556	-0.182212	0.151555	-0.25343
-4.81364	0.105344	0.704597	-0.0833661	0.401095	0.229766	0.141586	0.14578	-0.00888779	-0.0932845	0.0670477	0.0537864	-0.0115079	-0.144363	-0.140698	0.106357	-0.110419
-4.96071	0.0550165	0.79123	0.0847025	0.872149	0.454619	-0.0357327	0.0569939	-0.0545585	-0.306026	0.0211067	-0.0181688	0.0847405	-0.259475	-0.0571898	0.254938	-0.0848027
-4.98289	0.188231	1.08952	0.510603	0.979551	0.158963	0.126446	-0.0997326	-0.0307494	-0.191127	-0.184358	0.131301	-0.079892	-0.246791	0.144649	0.0173706	-0.230749
-5.07561	0.249547	0.919173	0.241269	1.06644	0.737555	0.198662	-0.131596	0.0208837	-0.264265	-0.143106	-0.165782	-0.0754557	-0.0394075	-0.157668	0.070045	-0.241245
-4.84912	0.37672	1.03767	0.15275	0.7786	0.370142	0.26362	0.113767	-0.0707368	-0.430055	-0.0300564	0.0742921	-0.222499	-0.0811371	-0.116896	0.240942	-0.201226
-5.15674	0.2524	1.09796	0.0382594	0.796466	0.146426	0.355397	0.0935136	-0.167822	-0.398434	0.196812	-0.126693	-0.235679	0.0749424	-0.0334726	-0.0275362	-0.125036
-4.97529	-0.247139	0.746884	0.115593	0.775038	0.226431	0.0941424	0.055832	0.0943164	-0.185883	0.107714	-0.333542	-0.22158	0.0284157	-0.117112	0.253066	0.0297712
-5.26406	-0.573209	0.616889	-0.248162	0.342526	-0.0218203	0.194639	-0.0247036	-0.144479	-0.0439289	-0.0282353	-0.0729582	-0.0820621	-0.0941992	-0.117421	-0.00981211	-0.259773
-5.37305	-0.590455	0.531945	-0.279037	0.375732	0.0214542	0.207013	0.0604955	-0.110599	0.0178664	0.0185	0.139633	0.113603	-0.114916	-0.0860021	0.0313007	-0.308987
-5.47323	-0.758698	0.587223	-0.110791	0.460702	0.104879	0.1399	0.0766338	-0.0905365	0.0628606	0.114599	0.227932	0.0218737	-0.13258	-0.0687188	0.0729516	-0.288634
-5.62309	-0.832893	0.725156	-0.158793	0.471154	0.156314	0.246878	0.162028	-0.0218944	0.0289292	0.22863	0.238203	-0.0869033	-0.176608	-0.126387	0.162096	-0.0717022
-5.69199	-0.935959	0.790614	-0.00782555	0.5006	0.111341	0.258748	0.124964	-0.0950433	-0.0311241	0.169447	0.202146	-0.0569675	-0.247053	-0.0519937	0.244633	0.0182447
-5.77718	-1.18069	0.624866	0.0577947	0.587357	0.106461	0.246784	0.0851543	-0.220432	-0.0468511	0.150796	0.12849	0.125285	-0.127833	0.00832967	0.33413	-0.11076
-5.7426	-1.2224	0.634451	0.0128278	0.308325	0.032173	0.329256	0.271233	-0.0881618	-0.0153239	0.153275	0.103611	0.112962	-0.29463	-0.0726699	0.27278	-0.141712
-5.70506	-1.0318	0.656303	-0.0979965	0.202721	0.0840146	0.233258	0.362517	-0.0374997	0.118604	0.28777	0.142677	0.159612	-0.174935	-0.0606927	0.122208	-0.166202
-5.72095	-1.1073	0.854666	-0.0178012	0.248391	0.211241	0.116606	0.281026	0.042227	0.112411	0.3126	0.191114	0.180672	-0.0860069	0.0255389	0.0968729	-0.0330266
-5.66381	-1.25816	0.959451	-0.0230736	0.19189	0.191197	0.144947	0.310642	0.0516507	0.147696	0.303413	0.141922	0.152483	-0.0266726	0.0453893	0.186752	-0.042711
-5.55449	-1.32958	0.970004	0.0584964	0.18855	0.172064	0.167677	0.388775	0.0819941	0.0966642	0.274263	0.190924	0.251292	0.0188077	-0.0667468	0.121923	-0.170926
-5.47627	-1.52124	0.77025	0.0250656	0.254075	0.202206	0.185201	0.370177	-0.00274698	0.130816	0.265929	0.162447	0.0697727	-0.0525738	-0.0073179	0.118056	-0.0808237
-5.47162	-1.643	0.74648	0.111952	0.173116	0.230506	0.199903	0.361149	-0.00876861	0.182164	0.289021	0.134863	0.137416	0.0497544	0.0253767	0.0626257	-0.115705
-5.45178	-1.47046	0.585217	0.195857	0.168668	0.281066	0.0968189	0.363753	0.129065	0.106962	0.0971472	0.095586	0.155529	0.11309	0.111211	0.14124	0.0464923
-5.43211	-1.23911	0.381032	0.283096	0.030984	0.244259	-0.0846369	0.290201	0.080161	0.0694945	0.0691354	0.151549	0.167829	0.107171	0.0752801	0.161081	0.0423666
-5.03778	-0.640417	0.4045	0.427624	-0.159798	0.135892	-0.184775	-0.033362	-0.047399	-0.0612387	0.0573668	0.18156	0.0742691	0.0124039	0.105791	0.179278	-0.0469342
-4.62715	-0.436086	0.257305	0.50585	-0.223642	0.193466	-0.149912	-0.0524853	-0.115679	-0.0307411	0.0492864	0.223804	0.0880639	0.0463085	0.101979	0.168106	0.0256967
-4.53492	-0.567651	0.23722	0.531398	-0.154148	0.368644	-0.00630785	-0.00593014	-0.20962	-0.0795633	0.0961005	0.231332	0.153315	0.148344	-0.0727264	0.11044	0.0435934
-4.52636	-0.819329	0.339768	0.591455	-0.158911	0.355805	0.148204	0.0845869	-0.0257064	0.0116687	0.0213198	0.181906	0.122231	0.0574802	-0.0205106	0.202618	0.040608
-4.30266	-1.10119	0.397882	0.726596	-0.199054	0.147845	0.0482057	0.123751	0.033296	0.0829843	0.119596	0.256942	0.0576558	0.0455743	-0.095776	0.126534	-0.0546051
-3.97947	-0.967876	0.355833	0.833291	-0.185498	0.00185543	-0.000633714	-0.0173177	-0.0144773	0.0502104	0.0523071	0.318621	0.0122016	0.0631722	-0.0309156	0.121527	-0.120497
-3.97656	-0.838049	0.213936	0.856954	-0.219509	-0.171328	-0.00926585	0.00441577	-0.110561	0.0944588	-0.0583105	0.212377	-0.0770132	-0.0669588	0.0375946	0.103976	-0.0292905
-3.96754	-0.263889	0.245429	0.994071	-0.26015	-0.24033	-0.105246	-0.0284262	-0.255962	-0.0190601	-0.163689	0.0426623	-0.0931876	-0.233515	-0.124656	0.0149775	-0.0730988
-3.98398	0.694264	0.174191	1.04566	-0.0893799	-0.287888	-0.295482	-0.0308641	-0.333883	0.0564286	-0.178236	-0.043662	0.0116492	-0.139962	-0.0677162	-0.000539222	-0.14699
-4.01466	1.27311	0.0143792	0.94734	-0.0320944	-0.2846	-0.357881	0.178517	-0.310228	0.0715528	-0.172437	-0.0191643	0.0223322	-0.127696	0.103727	0.0728424	-0.299949
-4.00438	1.55563	-0.0522193	0.725866	0.0102166	-0.391658	-0.4794	0.248488	-0.337315	0.0174447	-0.285031	-0.00821896	0.0175964	-0.13064	0.114062	0.109754	-0.268158
-3.99656	1.59556	-0.206197	0.545551	-0.102222	-0.412693	-0.578939	0.351147	-0.292683	-0.111912	-0.19298	0.0359618	-0.0431447	-0.174067	0.0944581	0.106255	-0.314813
-3.97046	1.63763	-0.449984	0.402585	-0.0621327	-0.314255	-0.720594	0.299779	-0.321023	-0.116202	-0.112798	-0.00375339	-0.067418	-0.143127	0.064501	0.0460908	-0.428403
-3.86551	1.59709	-0.44319	0.420939	0.0359207	-0.299221	-0.654058	0.328473	-0.28376	-0.0871701	-0.0785762	0.0964814	-0.00987134	-0.0892168	0.115746	0.0332887	-0.381338
-3.85691	1.63456	-0.507837	0.495586	-0.0596854	-0.301958	-0.587549	0.307984	-0.26256	-0.141765	-0.0881838	0.00717265	-0.110904	-0.187947	0.119613	0.0382582	-0.345966
-3.87137	1.63762	-0.462073	0.469841	-0.0540373	-0.219932	-0.588351	0.349361	-0.275329	-0.201811	-0.0741293	0.0474836	-0.0158093	-0.160933	0.0977923	-0.0261996	-0.409368
-3.87229	1.59059	-0.552182	0.362035	-0.058254	-0.227454	-0.710375	0.299282	-0.27746	-0.215368	-0.0125621	0.0586719	-0.0044553	-0.131107	0.0410228	-0.070474	-0.485486
-4.01576	2.06701	-0.608202	0.517844	-0.0801614	-0.151	-0.753901	0.428888	-0.248168	-0.0903748	0.0583841	0.164206	0.0506713	-0.155343	0.0971524	0.000792289	-0.433178
-4.14795	2.1927	-0.486766	0.342662	0.142423	-0.194063	-0.797901	0.506462	-0.161717	-0.166547	0.164571	0.0900542	-0.0741846	-0.0169081	0.0407048	-0.0706203	-0.258544
-4.28652	2.29632	-0.536679	0.283718	0.138442	-0.218364	-0.644063	0.293949	-0.0188744	-0.35914	0.0800695	0.206905	-0.129549	0.0322584	0.111895	-0.0624078	-0.385805
-4.14859	2.14656	-0.595298	0.346104	0.0974401	-0.233406	-0.667534	0.43222	-0.17065	-0.35289	0.177492	0.134527	-0.0392274	-0.0828398	0.15777	-0.0750524	-0.430537
-4.17015	2.14887	-0.657385	0.440176	0.0413714	-0.214571	-0.663132	0.415914	-0.132399	-0.272288	0.166099	0.113641	-0.0270207	-0.195634	0.166108	-0.103899	-0.294353
-4.20834	2.12036	-0.685026	0.496413	-0.0271948	-0.13657	-0.724409	0.432314	-0.144969	-0.224767	0.117352	0.118138	-0.0687055	-0.211162	0.158022	-0.0999918	-0.318731
-4.13219	1.8261	-0.494466	0.549372	-0.0359929	-0.107883	-0.744841	0.48836	-0.153783	-0.0828405	0.0408227	0.203479	-0.0984499	-0.216159	0.118418	0.0190518	-0.376145
-4.44654	1.61202	-0.315064	0.461374	0.0553608	-0.286879	-0.489498	0.543539	-0.0543893	-0.0053701	0.526069	0.326841	-0.185541	-0.390364	0.215203	0.0299608	-0.287382
-4.34584	1.72801	-0.445892	0.43343	0.0585794	-0.237059	-0.601393	0.438442	-0.11411	-0.21505	0.0279899	0.156273	-0.133852	-0.246903	0.0349456	-0.1051	-0.156498
-4.47655	1.69938	-0.424459	0.506578	0.0129889	-0.308637	-0.666116	0.5001	-0.0739	-0.168995	0.0386156	0.236762	-0.0671455	-0.204769	0.138905	-0.0545494	-0.163496
-4.97013	1.74798	-0.303442	0.576317	0.0785054	-0.271584	-0.602436	0.515949	-0.0547113	-0.0538478	0.0691685	0.270662	-0.083171	-0.173693	0.0645841	-0.096357	-0.268301
-5.04996	2.02353	-0.361792	0.460549	0.156818	-0.36923	-0.473243	0.504191	0.0581907	-0.114294	0.0139624	0.198292	-0.104942	-0.294944	0.0662957	-0.160747	-0.343493
-5.09521	2.16156	-0.470513	0.593188	0.260486	-0.31788	-0.527542	0.551051	0.0465302	-0.136489	0.069758	0.170743	-0.117557	-0.288478	0.16172	-0.181367	-0.232499
-5.2427	2.02343	-0.435091	0.758994	0.260167	-0.144428	-0.484381	0.548551	0.0883283	-0.18336	0.0494098	0.144679	-0.194821	-0.369055	0.0745041	-0.298284	-0.282876
-5.29066	1.99721	-0.439036	0.743864	0.34696	-0.0996998	-0.27806	0.653677	0.0569466	-0.273525	-0.032553	0.0125577	-0.322751	-0.465674	-0.00273556	-0.218662	-0.217155
-5.45028	2.13638	-0.314865	0.69787	0.333383	-0.105604	-0.162003	0.620637	0.141471	-0.137526	-0.0983259	0.133414	-0.486506	-0.427483	-0.0335779	-0.126004	-0.21929
-5.75281	1.75605	-0.237963	0.797029	0.352974	-0.227458	-0.0168266	0.440575	0.230092	-0.103808	-0.0963386	0.123438	-0.455031	-0.442713	-0.074808	-0.0303842	-0.125983
-6.02483	1.39666	-0.485609	0.647995	0.237379	-0.269116	-0.044253	0.383689	0.103235	-0.127649	-0.08304	-0.0177362	-0.43439	-0.312106	-0.0546925	0.115644	0.0354554
-5.83061	1.51296	-0.352293	0.658411	0.168639	-0.0469527	0.0848566	0.622897	0.167657	-0.10858	-0.0561304	0.157966	-0.332256	-0.339044	-0.0415866	0.0561122	0.0168393
-5.67893	1.55752	-0.177163	0.819295	0.072262	-0.120669	0.0634376	0.804404	0.241688	-0.306661	-0.0607672	0.254074	-0.288109	-0.303004	-0.00484693	-0.00802952	-0.00595538
-5.7401	1.59532	-0.384707	0.930228	-0.0557613	-0.128747	-0.0949794	0.830407	0.369314	-0.360232	-0.0501329	0.246805	-0.342212	-0.307224	0.112456	0.00396939	-0.120028
-5.77061	1.48054	-0.519261	0.883401	-0.00647728	-0.013075	-0.0946514	0.806285	0.171269	-0.406116	0.00714623	0.0694993	-0.406451	-0.277466	0.212023	-0.124194	-0.113364
-5.73101	1.34908	-0.62706	0.739582	0.00738586	-0.0103848	-0.201823	0.725568	0.119343	-0.361628	0.0639481	-0.032143	-0.472571	-0.213197	-0.0228972	-0.25813	-0.111015
-5.82268	1.18679	-0.633258	0.754466	-0.167767	-0.0799512	-0.252434	0.561852	0.106644	-0.331678	0.10126	-0.0490721	-0.377587	-0.14108	-0.0483415	-0.147117	-0.140453
-5.92422	1.10251	-0.585957	0.730718	-0.234822	0.0689631	-0.0951679	0.589189	0.0896701	-0.377251	-0.0532092	-0.114687	-0.420463	-0.251992	-0.0483255	0.011783	-0.0566362
-6.00482	1.17344	-0.550938	0.680736	-0.207941	0.163458	-0.143565	0.513292	0.0192978	-0.384359	-0.226392	-0.179211	-0.412487	-0.18589	0.025777	0.179176	-0.146283
-6.12036	1.3348	-0.560053	0.62007	-0.102397	0.302394	-0.065415	0.55055	0.117948	-0.375511	-0.150912	-0.159311	-0.372619	-0.0899764	-0.00708862	0.1754	-0.0324646
-6.3705	1.45644	-0.516826	0.585522	-0.0561131	0.250327	0.0256008	0.668362	0.224113	-0.391042	-0.0477799	-0.18298	-0.389327	-0.0472103	-0.0652119	0.0409308	0.070166
-6.62123	1.45698	-0.379548	0.641291	-0.019772	0.109363	-0.0305232	0.624255	0.246932	-0.437208	-0.0284473	-0.117109	-0.449444	-0.0668233	-0.0773866	0.0856598	0.0514222
-6.79116	1.56612	-0.397974	0.675538	0.0410648	0.174723	-0.0583119	0.527805	0.307356	-0.319956	-0.129577	-0.111411	-0.422816	0.0140833	-0.0846093	0.0460175	-0.0801104
-7.09888	1.50177	-0.422266	0.604891	0.0317578	0.277977	-0.0483482	0.504455	0.330235	-0.196847	-0.235339	-0.206348	-0.425318	-0.0960578	-0.272644	0.0541725	0.0757173
-7.43105	1.58414	-0.314081	0.605978	0.102689	0.339796	-0.00579736	0.489364	0.306129	-0.266313	-0.194589	-0.109287	-0.357288	-0.0961495	-0.303945	-0.162357	0.0461763
-7.64876	1.64804	-0.269275	0.6233	0.143866	0.305913	0.02072	0.532552	0.272977	-0.281765	-0.256074	-0.163041	-0.308686	0.0966652	-0.172063	-0.0810993	0.0267936
-8.02699	1.56714	-0.332816	0.600981	0.225351	0.234966	-0.0189666	0.569427	0.188861	-0.293514	-0.0793612	-0.0107221	-0.224481	0.152883	-0.142998	-0.0306118	0.10867
-8.52104	1.52908	-0.0806646	0.607917	0.352636	0.112829	0.0203749	0.440597	0.208956	-0.169844	0.0632727	0.190622	-0.101445	0.0847928	0.0122249	0.112123	0.202539
-9.08364	1.41355	0.314981	0.497958	0.452044	0.227768	0.0729302	0.331335	0.236156	-0.0269719	0.105174	0.318397	0.0911933	0.163043	0.226638	0.197617	0.145763
-9.48975	1.25173	0.599766	0.507315	0.44805	0.326033	0.213249	0.345005	0.162242	0.187786	0.173859	0.252654	0.136936	0.255836	0.298814	0.185501	0.0852958
-9.35316	1.31741	0.63258	0.457421	0.382648	0.312514	0.262011	0.325573	0.135367	0.264577	0.143931	0.186275	0.131709	0.178646	0.216249	0.14929	0.176622
-9.44319	1.24852	0.525073	0.401112	0.355063	0.310352	0.271233	0.348764	0.186912	0.203861	0.188731	0.186608	0.186281	0.203364	0.197461	0.205074	0.251094
-9.5448	1.30509	0.613385	0.556937	0.374772	0.351042	0.318931	0.407979	0.250342	0.166416	0.0622949	0.124872	0.137503	0.123987	0.172397	0.226348	0.239389
-9.324	1.37371	0.587858	0.555203	0.41543	0.344585	0.206586	0.349424	0.200836	0.2195	0.079117	0.170706	0.192117	0.0798951	0.155681	0.198556	0.136133
-9.55723	1.35052	0.591734	0.611241	0.536841	0.376949	0.146711	0.346089	0.218518	0.281263	-0.00878973	0.159889	0.282359	0.0966625	0.073414	0.239156	0.197891
-9.52449	1.36919	0.577381	0.587316	0.531265	0.345066	0.110126	0.234055	0.199395	0.319899	0.12994	0.265268	0.19634	0.162954	0.126984	0.149658	0.113955
-9.53265	1.32811	0.567631	0.633201	0.519802	0.351305	0.153034	0.249763	0.2669	0.203486	0.141744	0.26234	0.147322	0.175652	0.198547	0.146296	0.0139887
-9.67262	1.2772	0.633027	0.64228	0.566518	0.399608	0.210806	0.364859	0.250202	0.00711567	0.146337	0.312344	0.183377	0.146709	0.139249	0.233093	0.103772
-9.51197	1.28546	0.551018	0.512141	0.403481	0.324804	0.236259	0.226429	0.190604	0.218074	0.260576	0.317211	0.198805	0.188462	0.168119	0.158126	0.1129
-9.60786	1.19045	0.526122	0.604018	0.398504	0.258475	0.217805	0.261038	0.183721	0.21895	0.180422	0.329632	0.207664	0.177856	0.189948	0.115949	0.0716911
-9.75016	1.12867	0.612556	0.613821	0.468412	0.28441	0.1363	0.266024	0.158975	0.244986	0.19453	0.353475	0.21724	0.138226	0.142098	0.135682	0.103467
-9.54942	1.17784	0.555298	0.510877	0.351466	0.20839	0.155295	0.18608	0.110633	0.148128	0.0631187	0.145689	0.131373	0.0644389	0.0990441	0.115483	0.00775409
-9.58567	1.2604	0.637894	0.52779	0.428153	0.368743	0.286466	0.247576	0.197968	0.298467	0.170259	0.191693	0.199199	0.0702154	0.0997068	0.124106	0.0462243
-9.68275	1.24248	0.605517	0.619298	0.485304	0.494854	0.399553	0.296243	0.181233	0.234438	0.189977	0.226096	0.230928	0.0706554	0.0522696	0.0027154	0.0299496
-9.09733	1.48898	0.554065	0.504715	0.37999	0.322799	0.328884	0.252826	0.211986	0.220401	0.17825	0.118773	0.140407	0.115853	0.133965	0.146349	0.0627565
-7.8481	1.46012	0.42854	0.366961	0.271374	0.232756	0.204486	0.152927	0.137234	0.131324	0.102474	0.0689267	0.0673556	0.0732625	0.0717256	0.0640782	0.0346303
