0
0
0
0
0
0
0
0
0
0
0
0
0
0
0
0
0
0
0
0
0
0
0
0
0
0
0
0
1015.62
1499.98
1499.98
1499.98
1358.95
1254.59
1159.67
1051.1
1051.1
1051.1
1040.3
1033.91
0
0
0
0
0
0
0
0
0
0
0
0
0
0
0
0
0
0
0
0
0
0
0
0
1008.29
1468.75
1823.32
1966.41
2082.73
2594.84
2617.09
2617.09
6865.86
7162.54
7162.54
7536.25
7162.54
7536.25
7501.6
7562.5
7501.6
7501.6
7435.69
7339.92
6329.94
5527.32
5527.32
5527.32
6395.52
6395.52
6395.52
6218.75
5874.86
5244.95
5244.95
5244.95
5244.95
5328.12
5328.12
5755.46
6159.28
5755.46
3362.47
5755.46
3362.47
2698.22
2952.09
2952.09
2391.4
2952.09
6536.56
6536.56
2960.04
2978.69
2978.69
2978.69
2978.69
2978.69
1156.25
1156.25
1156.25
1218.75
1218.75
1281.26
1281.26
1282.78
1402.15
1440.14
1517.9
1579.77
1579.77
1579.77
1662.29
2143.26
5499.47
5798.07
5798.07
6381.44
6729.42
6729.42
6381.44
6381.44
5812.5
3599.63
3310.34
3310.34
3010.22
3010.22
3865.21
3865.21
1887.78
3865.21
5571.01
3927.89
5902.96
5902.96
5848.88
5848.88
5984.38
5848.88
6489.12
6489.12
4030.63
4030.63
3112.9
3112.9
3419.46
3419.46
3419.46
3531.25
3964.52
3531.25
3964.52
3964.52
3673.34
3673.34
4659.64
6158.48
6400.64
6823.56
7199.76
6823.56
6823.56
7199.76
7199.76
6817.68
7225.51
7225.51
7340.58
6801.46
7340.58
7350.57
7359.38
7350.57
7350.57
7070.31
7070.31
3353.73
3353.73
4461.07
3353.73
2236.43
2016.11
1391.62
1132.13
1132.13
0
0
0
0
0
0
0
0
0
0
0
0
0
0
0
0
0
0
0
0
0
0
