5.588940000000000019e+00
5.588940000000000019e+00
5.588940000000000019e+00
5.588940000000000019e+00
5.588940000000000019e+00
5.588940000000000019e+00
5.588940000000000019e+00
5.588940000000000019e+00
5.588940000000000019e+00
5.588940000000000019e+00
5.588940000000000019e+00
5.588940000000000019e+00
5.588940000000000019e+00
5.588940000000000019e+00
5.588940000000000019e+00
5.588940000000000019e+00
5.588940000000000019e+00
5.588940000000000019e+00
5.588940000000000019e+00
5.588940000000000019e+00
5.588940000000000019e+00
5.588940000000000019e+00
5.588940000000000019e+00
5.588940000000000019e+00
5.588940000000000019e+00
5.588940000000000019e+00
5.588940000000000019e+00
5.588940000000000019e+00
5.588940000000000019e+00
5.588940000000000019e+00
5.588940000000000019e+00
5.588940000000000019e+00
5.588940000000000019e+00
5.588940000000000019e+00
5.588940000000000019e+00
5.588940000000000019e+00
5.588940000000000019e+00
5.588940000000000019e+00
5.588940000000000019e+00
5.588940000000000019e+00
5.578969999999999985e+00
5.559040000000000425e+00
5.538929999999999687e+00
5.526049999999999685e+00
5.520030000000000214e+00
5.518369999999999997e+00
5.519630000000000258e+00
5.521889999999999965e+00
5.524180000000000312e+00
5.526089999999999947e+00
5.527499999999999858e+00
5.528679999999999595e+00
5.530120000000000147e+00
5.532329999999999970e+00
5.535569999999999879e+00
5.539659999999999584e+00
5.544059999999999988e+00
5.548269999999999591e+00
5.552100000000000257e+00
5.555920000000000414e+00
5.560190000000000410e+00
5.565019999999999634e+00
5.570159999999999556e+00
5.574779999999999625e+00
5.577600000000000335e+00
5.577659999999999840e+00
5.574010000000000353e+00
5.564059999999999562e+00
5.541470000000000340e+00
5.522669999999999746e+00
5.522439999999999571e+00
5.528920000000000279e+00
5.533170000000000144e+00
5.529060000000000308e+00
5.516060000000000407e+00
5.517986666666667261e+00
5.519913333333334116e+00
5.521840000000000082e+00
5.523766666666666936e+00
5.525693333333333790e+00
5.527620000000000644e+00
5.529546666666666610e+00
5.531473333333333464e+00
5.533400000000000318e+00
5.535326666666667172e+00
5.537253333333333138e+00
5.539179999999999993e+00
5.541106666666666847e+00
5.543033333333333701e+00
5.544959999999999667e+00
5.546886666666666521e+00
5.548813333333333375e+00
5.550740000000000229e+00
5.552666666666666195e+00
5.554593333333333049e+00
5.556519999999999904e+00
5.538870000000000182e+00
5.514249999999999652e+00
5.476090000000000124e+00
5.423779999999999824e+00
5.377100000000000435e+00
5.352719999999999700e+00
5.342789999999999928e+00
5.336269999999999847e+00
5.329629999999999868e+00
5.323610000000000397e+00
5.319340000000000401e+00
5.317540000000000155e+00
5.318270000000000053e+00
5.320400000000000240e+00
5.321089999999999876e+00
5.319709999999999717e+00
5.317330000000000112e+00
5.315199999999999925e+00
5.313559999999999839e+00
5.312030000000000030e+00
5.310089999999999755e+00
5.308080000000000354e+00
5.307109999999999772e+00
5.307640000000000136e+00
5.308819999999999872e+00
5.309239999999999959e+00
5.308300000000000018e+00
5.306619999999999671e+00
5.305220000000000269e+00
5.304879999999999818e+00
5.305880000000000152e+00
5.308069999999999844e+00
5.311309999999999754e+00
5.315610000000000390e+00
5.320739999999999803e+00
5.325350000000000250e+00
5.328359999999999985e+00
5.329690000000000261e+00
5.330029999999999824e+00
5.329830000000000290e+00
5.329270000000000174e+00
5.328260000000000218e+00
5.326789999999999914e+00
5.324989999999999668e+00
5.323059999999999903e+00
5.321200000000000152e+00
5.319589999999999819e+00
5.318559999999999732e+00
5.318609999999999616e+00
5.320070000000000299e+00
5.322320000000000384e+00
5.323400000000000354e+00
5.320619999999999905e+00
5.314119999999999955e+00
5.309630000000000294e+00
5.306790000000000340e+00
5.297810000000000130e+00
5.285669999999999646e+00
5.284278536585365948e+00
5.282887073170731362e+00
5.281495609756097664e+00
5.280104146341463078e+00
5.278712682926829380e+00
5.277321219512194794e+00
5.275929756097561096e+00
5.274538292682926510e+00
5.273146829268292812e+00
5.271755365853658226e+00
5.270363902439024528e+00
5.268972439024389942e+00
5.267580975609756244e+00
5.266189512195121658e+00
5.264798048780487960e+00
5.263406585365853374e+00
5.262015121951219676e+00
5.260623658536585090e+00
5.259232195121951392e+00
5.257840731707316806e+00
5.256449268292683108e+00
5.255057804878048522e+00
5.253666341463414824e+00
5.252274878048780238e+00
5.250883414634146540e+00
5.249491951219511954e+00
5.248100487804878256e+00
5.246709024390243670e+00
5.245317560975609972e+00
5.243926097560975386e+00
5.242534634146341688e+00
5.241143170731707102e+00
5.239751707317073404e+00
5.238360243902438818e+00
5.236968780487805120e+00
5.235577317073170533e+00
5.234185853658536836e+00
5.232794390243902249e+00
5.231402926829268552e+00
5.230011463414633965e+00
5.228620000000000267e+00
5.220790000000000042e+00
5.211800000000000210e+00
5.166290000000000049e+00
5.160700000000000287e+00
5.156360000000000277e+00
5.149049999999999905e+00
5.148104444444443928e+00
5.147158888888888839e+00
5.146213333333332862e+00
5.145267777777777773e+00
5.144322222222221797e+00
5.143376666666666708e+00
5.142431111111110731e+00
5.141485555555555642e+00
5.140539999999999665e+00
5.145640000000000214e+00
5.187030000000000030e+00
5.191069999999999851e+00
5.195429999999999993e+00
5.210709999999999731e+00
5.249660000000000437e+00
5.281640000000000335e+00
5.284760000000000346e+00
5.282750000000000057e+00
5.284152888888889343e+00
5.285555777777777742e+00
5.286958666666667028e+00
5.288361555555555427e+00
5.289764444444444713e+00
5.291167333333333112e+00
5.292570222222222398e+00
5.293973111111110796e+00
5.295376000000000083e+00
5.296778888888889369e+00
5.298181777777777768e+00
5.299584666666667054e+00
5.300987555555555453e+00
5.302390444444444739e+00
5.303793333333333138e+00
5.305196222222222424e+00
5.306599111111110822e+00
5.308002000000000109e+00
5.309404888888889396e+00
5.310807777777777794e+00
5.312210666666667080e+00
5.313613555555555479e+00
5.315016444444444765e+00
5.316419333333333164e+00
5.317822222222222450e+00
5.319225111111110849e+00
5.320628000000000135e+00
5.322030888888889422e+00
5.323433777777777820e+00
5.324836666666667107e+00
5.326239555555555505e+00
5.327642444444444791e+00
5.329045333333333190e+00
5.330448222222222476e+00
5.331851111111110875e+00
5.333254000000000161e+00
5.334656888888889448e+00
5.336059777777777846e+00
5.337462666666667133e+00
5.338865555555555531e+00
5.340268444444444818e+00
5.341671333333333216e+00
5.343074222222222502e+00
5.344477111111110901e+00
5.345880000000000187e+00
5.335950000000000415e+00
5.337030000000000385e+00
5.340270000000000294e+00
5.343230000000000146e+00
5.344820000000000348e+00
5.344969999999999999e+00
5.343300000000000161e+00
5.339199999999999946e+00
5.332309999999999661e+00
5.321810000000000151e+00
5.309239999999999959e+00
5.299190000000000289e+00
5.297719999999999985e+00
5.311580000000000190e+00
5.338000000000000078e+00
5.334174545454545502e+00
5.330349090909090926e+00
5.326523636363636349e+00
5.322698181818181773e+00
5.318872727272727197e+00
5.315047272727272620e+00
5.311221818181818044e+00
5.307396363636363468e+00
5.303570909090908891e+00
5.299745454545454315e+00
5.295919999999999739e+00
5.292094545454545162e+00
5.288269090909090586e+00
5.284443636363636010e+00
5.280618181818181434e+00
5.276792727272726857e+00
5.272967272727273169e+00
5.269141818181818593e+00
5.265316363636364017e+00
5.261490909090909440e+00
5.257665454545454864e+00
5.253840000000000288e+00
5.250014545454545711e+00
5.246189090909091135e+00
5.242363636363636559e+00
5.238538181818181982e+00
5.234712727272727406e+00
5.230887272727272830e+00
5.227061818181818253e+00
5.223236363636363677e+00
5.219410909090909101e+00
5.215585454545454525e+00
5.211759999999999948e+00
5.204349999999999810e+00
5.195120000000000182e+00
5.187229999999999563e+00
5.182330000000000325e+00
5.180419999999999803e+00
5.181199999999999584e+00
5.184160000000000323e+00
5.184160000000000323e+00
5.184160000000000323e+00
5.184160000000000323e+00
5.184160000000000323e+00
5.184160000000000323e+00
5.184160000000000323e+00
5.184160000000000323e+00
5.184160000000000323e+00
5.184160000000000323e+00
5.184160000000000323e+00
5.184160000000000323e+00
5.184160000000000323e+00
5.184160000000000323e+00
5.184160000000000323e+00
5.184160000000000323e+00
5.184160000000000323e+00
5.184160000000000323e+00
5.184160000000000323e+00
5.184160000000000323e+00
5.184160000000000323e+00
5.184160000000000323e+00
5.184160000000000323e+00
5.184160000000000323e+00
5.184160000000000323e+00
5.184160000000000323e+00
5.184160000000000323e+00
5.184160000000000323e+00
5.184160000000000323e+00
5.184160000000000323e+00
5.184160000000000323e+00
5.184160000000000323e+00
5.184160000000000323e+00
5.184160000000000323e+00
5.184160000000000323e+00
5.184160000000000323e+00
5.184160000000000323e+00
5.184160000000000323e+00
5.184160000000000323e+00
5.184160000000000323e+00
5.184160000000000323e+00
5.184160000000000323e+00
5.184160000000000323e+00
5.184160000000000323e+00
5.184160000000000323e+00
5.184160000000000323e+00
5.184160000000000323e+00
5.184160000000000323e+00
5.184160000000000323e+00
5.184160000000000323e+00
5.184160000000000323e+00
5.184160000000000323e+00
5.184160000000000323e+00
5.184160000000000323e+00
5.184160000000000323e+00
5.184160000000000323e+00
5.184160000000000323e+00
5.184160000000000323e+00
5.184160000000000323e+00
5.184160000000000323e+00
5.184160000000000323e+00
5.184160000000000323e+00
5.184160000000000323e+00
5.184160000000000323e+00
5.184160000000000323e+00
5.184160000000000323e+00
5.184160000000000323e+00
5.184160000000000323e+00
5.184160000000000323e+00
