1.136970000000000027e+03
1.136970000000000027e+03
1.136970000000000027e+03
1.136970000000000027e+03
1.136970000000000027e+03
1.136970000000000027e+03
1.136970000000000027e+03
1.136970000000000027e+03
1.136970000000000027e+03
1.136970000000000027e+03
1.136970000000000027e+03
1.136970000000000027e+03
1.136970000000000027e+03
1.136970000000000027e+03
1.136970000000000027e+03
1.136970000000000027e+03
1.136970000000000027e+03
1.136970000000000027e+03
1.136970000000000027e+03
1.136970000000000027e+03
1.136970000000000027e+03
1.136970000000000027e+03
1.136970000000000027e+03
1.136970000000000027e+03
1.136970000000000027e+03
1.136970000000000027e+03
1.136970000000000027e+03
1.136970000000000027e+03
1.136970000000000027e+03
1.136970000000000027e+03
1.136970000000000027e+03
1.136970000000000027e+03
1.210480000000000018e+03
2.715530000000000200e+03
3.750000000000000000e+03
5.968750000000000000e+03
3.829699999999999818e+03
3.829699999999999818e+03
3.829699999999999818e+03
3.829699999999999818e+03
3.156250000000000000e+03
3.156250000000000000e+03
1.335319999999999936e+03
1.211470000000000027e+03
1.335319999999999936e+03
1.335319999999999936e+03
1.261460000000000036e+03
1.261460000000000036e+03
1.459410000000000082e+03
1.459410000000000082e+03
1.928420000000000073e+03
2.511010000000000218e+03
7.077050000000000182e+03
7.112079999999999927e+03
7.112079999999999927e+03
7.104279999999999745e+03
7.077050000000000182e+03
7.104279999999999745e+03
7.104279999999999745e+03
6.079039999999999964e+03
6.079039999999999964e+03
5.562500000000000000e+03
1.845990000000000009e+03
1.828119999999999891e+03
1.828119999999999891e+03
1.819439999999999827e+03
1.810759999999999991e+03
1.802079999999999927e+03
1.793399999999999864e+03
1.784720000000000027e+03
1.776039999999999964e+03
1.767359999999999900e+03
1.758680000000000064e+03
1.750000000000000000e+03
3.000000000000000000e+03
3.812500000000000000e+03
5.156250000000000000e+03
3.812500000000000000e+03
5.792699999999999818e+03
6.158060000000000400e+03
5.792699999999999818e+03
3.278349999999999909e+03
2.788570000000000164e+03
2.788570000000000164e+03
1.918170000000000073e+03
1.669450000000000045e+03
1.649218333333333476e+03
1.628986666666666679e+03
1.608755000000000109e+03
1.588523333333333312e+03
1.568291666666666742e+03
1.548059999999999945e+03
1.527828333333333376e+03
1.507596666666666806e+03
1.487365000000000009e+03
1.467133333333333439e+03
1.446901666666666642e+03
1.426670000000000073e+03
1.406438333333333276e+03
1.386206666666666706e+03
1.365974999999999909e+03
1.345743333333333339e+03
1.325511666666666770e+03
1.305279999999999973e+03
1.285048333333333403e+03
1.264816666666666606e+03
1.244585000000000036e+03
1.224353333333333467e+03
1.204121666666666670e+03
1.183889999999999873e+03
1.163658333333333303e+03
1.143426666666666733e+03
1.123194999999999936e+03
1.102963333333333367e+03
1.082731666666666570e+03
1.062500000000000000e+03
1.093750000000000000e+03
1.437500000000000000e+03
4.478359999999999673e+03
6.573699999999999818e+03
7.591310000000000400e+03
7.612130000000000109e+03
7.613670000000000073e+03
7.613670000000000073e+03
7.613670000000000073e+03
7.040920000000000073e+03
7.040920000000000073e+03
7.040920000000000073e+03
6.258630000000000109e+03
5.200500000000000000e+03
4.819380000000000109e+03
4.819380000000000109e+03
3.681750000000000000e+03
2.395050000000000182e+03
2.120389999999999873e+03
2.120389999999999873e+03
1.665380000000000109e+03
1.665380000000000109e+03
1.665380000000000109e+03
5.038199999999999818e+03
5.310970000000000255e+03
7.184630000000000109e+03
7.572170000000000073e+03
7.695260000000000218e+03
7.622890000000000327e+03
7.622890000000000327e+03
7.622890000000000327e+03
6.173409999999999854e+03
6.045500000000000000e+03
6.045500000000000000e+03
6.173409999999999854e+03
7.578119999999999891e+03
7.578119999999999891e+03
7.578119999999999891e+03
6.774050000000000182e+03
6.774050000000000182e+03
6.050510000000000218e+03
5.505510000000000218e+03
5.120409999999999854e+03
4.901090000000000146e+03
4.609149999999999636e+03
4.609149999999999636e+03
4.901090000000000146e+03
6.231369999999999891e+03
6.231369999999999891e+03
6.231369999999999891e+03
4.828430000000000291e+03
3.926429999999999836e+03
3.926429999999999836e+03
4.781250000000000000e+03
3.926429999999999836e+03
3.906019999999999982e+03
3.671880000000000109e+03
3.614730000000000018e+03
3.614730000000000018e+03
3.671880000000000109e+03
4.335199999999999818e+03
5.390619999999999891e+03
5.390619999999999891e+03
5.453119999999999891e+03
5.515619999999999891e+03
5.390619999999999891e+03
3.859380000000000109e+03
1.765619999999999891e+03
1.313470000000000027e+03
1.313470000000000027e+03
1.346410000000000082e+03
1.642410000000000082e+03
1.642410000000000082e+03
2.765159999999999854e+03
4.397350000000000364e+03
4.592960000000000036e+03
4.706109999999999673e+03
7.410500000000000000e+03
5.044170000000000073e+03
7.410500000000000000e+03
7.410500000000000000e+03
7.410500000000000000e+03
5.985779999999999745e+03
5.985779999999999745e+03
5.985779999999999745e+03
5.985779999999999745e+03
5.678090000000000146e+03
5.678090000000000146e+03
3.750150000000000091e+03
2.937500000000000000e+03
2.156250000000000000e+03
1.800640000000000100e+03
1.800640000000000100e+03
1.420119999999999891e+03
1.289690000000000055e+03
1.081170000000000073e+03
1.089467777777777883e+03
1.097765555555555693e+03
1.106063333333333503e+03
1.114361111111111086e+03
1.122658888888888896e+03
1.130956666666666706e+03
1.139254444444444516e+03
1.147552222222222326e+03
1.155850000000000136e+03
1.164147777777777947e+03
1.172445555555555529e+03
1.180743333333333339e+03
1.189041111111111150e+03
1.197338888888888960e+03
1.205636666666666770e+03
1.213934444444444580e+03
1.222232222222222390e+03
1.230530000000000200e+03
1.238827777777777783e+03
1.247125555555555593e+03
1.255423333333333403e+03
1.263721111111111213e+03
1.272018888888889023e+03
1.280316666666666833e+03
1.288614444444444416e+03
1.296912222222222226e+03
1.305210000000000036e+03
1.313507777777777846e+03
1.321805555555555657e+03
1.330103333333333467e+03
1.338401111111111277e+03
1.346698888888889087e+03
1.354996666666666670e+03
1.363294444444444480e+03
1.371592222222222290e+03
1.379890000000000100e+03
5.168489999999999782e+03
5.168489999999999782e+03
5.191340000000000146e+03
6.516699999999999818e+03
6.516699999999999818e+03
4.379829999999999927e+03
4.379829999999999927e+03
4.071230000000000018e+03
4.071230000000000018e+03
4.379829999999999927e+03
5.567949999999999818e+03
5.656250000000000000e+03
6.153569999999999709e+03
6.267390000000000327e+03
6.267390000000000327e+03
6.153569999999999709e+03
6.037696111111110440e+03
5.921822222222222081e+03
5.805948333333332812e+03
5.690074444444444453e+03
5.574200555555555184e+03
5.458326666666665915e+03
5.342452777777777555e+03
5.226578888888888287e+03
5.110704999999999927e+03
4.994831111111110658e+03
4.878957222222222299e+03
4.763083333333333030e+03
4.647209444444444671e+03
4.531335555555555402e+03
4.415461666666666133e+03
4.299587777777777774e+03
4.183713888888888505e+03
4.067839999999999691e+03
3.951966111111110877e+03
3.836092222222222063e+03
3.720218333333333248e+03
3.604344444444444434e+03
3.488470555555555165e+03
3.372596666666666351e+03
3.256722777777777537e+03
3.140848888888888723e+03
3.024974999999999909e+03
2.909101111111111095e+03
2.793227222222221826e+03
2.677353333333333012e+03
2.561479444444444198e+03
2.445605555555555384e+03
2.329731666666666570e+03
2.213857777777777756e+03
2.097983888888888941e+03
1.982109999999999900e+03
2.640619999999999891e+03
2.874690000000000055e+03
2.874690000000000055e+03
3.158929999999999836e+03
5.617189999999999600e+03
5.639829999999999927e+03
6.273659999999999854e+03
6.814250000000000000e+03
7.101329999999999927e+03
7.638819999999999709e+03
7.101810000000000400e+03
7.101810000000000400e+03
7.633220000000000255e+03
7.633220000000000255e+03
7.101810000000000400e+03
7.633220000000000255e+03
7.031250000000000000e+03
7.031250000000000000e+03
7.593750000000000000e+03
7.593750000000000000e+03
7.031250000000000000e+03
7.180329999999999927e+03
5.560069999999999709e+03
5.530850000000000364e+03
5.560069999999999709e+03
6.578770000000000437e+03
5.583819999999999709e+03
6.162229999999999563e+03
6.162229999999999563e+03
5.608279999999999745e+03
5.583819999999999709e+03
5.468750000000000000e+03
5.468750000000000000e+03
3.872469999999999800e+03
3.436159999999999854e+03
3.436159999999999854e+03
3.429000000000000000e+03
3.429000000000000000e+03
3.429000000000000000e+03
1.764660000000000082e+03
1.553000000000000000e+03
1.610880000000000109e+03
1.553000000000000000e+03
1.225099999999999909e+03
1.218289999999999964e+03
1.218289999999999964e+03
1.218289999999999964e+03
1.218289999999999964e+03
1.218289999999999964e+03
1.117799999999999955e+03
1.117799999999999955e+03
1.117799999999999955e+03
1.117799999999999955e+03
1.117799999999999955e+03
1.117799999999999955e+03
1.117799999999999955e+03
1.117799999999999955e+03
1.117799999999999955e+03
1.117799999999999955e+03
1.117799999999999955e+03
1.117799999999999955e+03
1.117799999999999955e+03
1.117799999999999955e+03
1.117799999999999955e+03
1.117799999999999955e+03
1.117799999999999955e+03
1.117799999999999955e+03
1.117799999999999955e+03
1.117799999999999955e+03
1.117799999999999955e+03
1.117799999999999955e+03
1.117799999999999955e+03
1.117799999999999955e+03
