1.112809999999999945e+03
1.112809999999999945e+03
1.112809999999999945e+03
1.112809999999999945e+03
1.112809999999999945e+03
1.112809999999999945e+03
1.112809999999999945e+03
1.112809999999999945e+03
1.112809999999999945e+03
1.112809999999999945e+03
1.112809999999999945e+03
1.112809999999999945e+03
1.112809999999999945e+03
1.112809999999999945e+03
1.112809999999999945e+03
1.112809999999999945e+03
1.112809999999999945e+03
1.112809999999999945e+03
1.112809999999999945e+03
1.112809999999999945e+03
1.112809999999999945e+03
1.112809999999999945e+03
1.112809999999999945e+03
1.112809999999999945e+03
1.112809999999999945e+03
1.112809999999999945e+03
1.112809999999999945e+03
1.112809999999999945e+03
1.112809999999999945e+03
1.112809999999999945e+03
1.112809999999999945e+03
1.112809999999999945e+03
1.112809999999999945e+03
1.112809999999999945e+03
1.112809999999999945e+03
1.112809999999999945e+03
1.112809999999999945e+03
1.112809999999999945e+03
1.112809999999999945e+03
1.112809999999999945e+03
1.112809999999999945e+03
1.112809999999999945e+03
1.112809999999999945e+03
1.112809999999999945e+03
1.112809999999999945e+03
1.112809999999999945e+03
1.112809999999999945e+03
1.112809999999999945e+03
1.112809999999999945e+03
1.112809999999999945e+03
1.112809999999999945e+03
1.112809999999999945e+03
1.112809999999999945e+03
1.112809999999999945e+03
1.112809999999999945e+03
1.112809999999999945e+03
1.112809999999999945e+03
1.112809999999999945e+03
1.112809999999999945e+03
1.112809999999999945e+03
1.112809999999999945e+03
1.112809999999999945e+03
1.112809999999999945e+03
1.112809999999999945e+03
1.223980000000000018e+03
5.093750000000000000e+03
5.445819999999999709e+03
5.445819999999999709e+03
5.719020000000000437e+03
5.445819999999999709e+03
4.294670000000000073e+03
2.654710000000000036e+03
2.654710000000000036e+03
2.031250000000000000e+03
1.406250000000000000e+03
1.109349999999999909e+03
1.390619999999999891e+03
1.383960000000000036e+03
1.383960000000000036e+03
1.390619999999999891e+03
1.390619999999999891e+03
6.171880000000000109e+03
6.171880000000000109e+03
7.477630000000000109e+03
6.774500000000000000e+03
6.774500000000000000e+03
6.774500000000000000e+03
6.774500000000000000e+03
6.774500000000000000e+03
6.843329999999999927e+03
7.508600000000000364e+03
6.843329999999999927e+03
6.848659999999999854e+03
6.848659999999999854e+03
6.848659999999999854e+03
6.416920000000000073e+03
6.416920000000000073e+03
5.426039999999999964e+03
2.540739999999999782e+03
1.573839999999999918e+03
1.573839999999999918e+03
1.250000000000000000e+03
1.154759999999999991e+03
1.154759999999999991e+03
1.154759999999999991e+03
1.137680000000000064e+03
1.137680000000000064e+03
1.137680000000000064e+03
1.137680000000000064e+03
1.624680000000000064e+03
2.211630000000000109e+03
4.808050000000000182e+03
6.686699999999999818e+03
6.686699999999999818e+03
6.324569999999999709e+03
7.340810000000000400e+03
6.324569999999999709e+03
6.272510000000000218e+03
3.010119999999999891e+03
3.010119999999999891e+03
3.010119999999999891e+03
2.484380000000000109e+03
2.484380000000000109e+03
2.484380000000000109e+03
1.989670000000000073e+03
1.961735862068965616e+03
1.933801724137931160e+03
1.905867586206896704e+03
1.877933448275862020e+03
1.849999310344827563e+03
1.822065172413793107e+03
1.794131034482758650e+03
1.766196896551724194e+03
1.738262758620689738e+03
1.710328620689655054e+03
1.682394482758620597e+03
1.654460344827586141e+03
1.626526206896551685e+03
1.598592068965517228e+03
1.570657931034482772e+03
1.542723793103448315e+03
1.514789655172413859e+03
1.486855517241379403e+03
1.458921379310344946e+03
1.430987241379310262e+03
1.403053103448275806e+03
1.375118965517241350e+03
1.347184827586206893e+03
1.319250689655172209e+03
1.291316551724137753e+03
1.263382413793103296e+03
1.235448275862068840e+03
1.207514137931034384e+03
1.179579999999999927e+03
1.843750000000000000e+03
2.074000000000000000e+03
2.187500000000000000e+03
3.152469999999999800e+03
3.663559999999999945e+03
4.960310000000000400e+03
5.177859999999999673e+03
6.754300000000000182e+03
6.754300000000000182e+03
6.754300000000000182e+03
6.858529999999999745e+03
6.858529999999999745e+03
6.858529999999999745e+03
6.858529999999999745e+03
6.381060000000000400e+03
6.234380000000000109e+03
6.234380000000000109e+03
5.984380000000000109e+03
5.984380000000000109e+03
5.302140000000000327e+03
5.046310000000000400e+03
4.126229999999999563e+03
4.126229999999999563e+03
4.765619999999999891e+03
5.046310000000000400e+03
4.958340000000000146e+03
5.070659999999999854e+03
5.070659999999999854e+03
5.372579999999999927e+03
4.958340000000000146e+03
5.372579999999999927e+03
4.713760000000000218e+03
4.713760000000000218e+03
4.713760000000000218e+03
6.557350000000000364e+03
3.310619999999999891e+03
3.310619999999999891e+03
6.390619999999999891e+03
3.310619999999999891e+03
1.343750000000000000e+03
1.343750000000000000e+03
1.343750000000000000e+03
1.343750000000000000e+03
1.358740000000000009e+03
1.358740000000000009e+03
1.358740000000000009e+03
2.640619999999999891e+03
2.953190000000000055e+03
7.392810000000000400e+03
7.397000000000000000e+03
7.413600000000000364e+03
7.397000000000000000e+03
7.430689999999999600e+03
7.440060000000000400e+03
7.493130000000000109e+03
7.650630000000000109e+03
7.650630000000000109e+03
7.440060000000000400e+03
4.914710000000000036e+03
4.612329999999999927e+03
2.055949999999999818e+03
1.296880000000000109e+03
1.296880000000000109e+03
1.276759999999999991e+03
1.296880000000000109e+03
1.110299999999999955e+03
1.110299999999999955e+03
1.107607666666666546e+03
1.104915333333333365e+03
1.102222999999999956e+03
1.099530666666666548e+03
1.096838333333333367e+03
1.094145999999999958e+03
1.091453666666666550e+03
1.088761333333333369e+03
1.086068999999999960e+03
1.083376666666666551e+03
1.080684333333333370e+03
1.077991999999999962e+03
1.075299666666666553e+03
1.072607333333333372e+03
1.069914999999999964e+03
1.067222666666666555e+03
1.064530333333333374e+03
1.061837999999999965e+03
1.059145666666666557e+03
1.056453333333333376e+03
1.053760999999999967e+03
1.051068666666666559e+03
1.048376333333333378e+03
1.045683999999999969e+03
1.042991666666666561e+03
1.040299333333333379e+03
1.037606999999999971e+03
1.034914666666666562e+03
1.032222333333333381e+03
1.029529999999999973e+03
1.123930000000000064e+03
1.625000000000000000e+03
1.204720000000000027e+03
1.204720000000000027e+03
2.631429999999999836e+03
5.915470000000000255e+03
5.915470000000000255e+03
6.393659999999999854e+03
5.915470000000000255e+03
5.626380000000000109e+03
5.626380000000000109e+03
5.994600000000000364e+03
5.994600000000000364e+03
6.334350000000000364e+03
6.781869999999999891e+03
6.781869999999999891e+03
6.781869999999999891e+03
6.781869999999999891e+03
6.937489999999999782e+03
6.988930000000000291e+03
6.988930000000000291e+03
6.863510000000000218e+03
6.863510000000000218e+03
2.538659999999999854e+03
1.629609999999999900e+03
1.629609999999999900e+03
1.482359999999999900e+03
1.562799999999999955e+03
1.482359999999999900e+03
1.263650000000000091e+03
1.252218461538461725e+03
1.240786923076923131e+03
1.229355384615384764e+03
1.217923846153846171e+03
1.206492307692307804e+03
1.195060769230769210e+03
1.183629230769230844e+03
1.172197692307692250e+03
1.160766153846153884e+03
1.149334615384615290e+03
1.137903076923076924e+03
1.126471538461538330e+03
1.115039999999999964e+03
1.115039999999999964e+03
1.120319999999999936e+03
1.115039999999999964e+03
1.093750000000000000e+03
1.096589999999999918e+03
1.099430000000000064e+03
1.102269999999999982e+03
1.105110000000000127e+03
1.107950000000000045e+03
1.110789999999999964e+03
1.113630000000000109e+03
1.116470000000000027e+03
1.119309999999999945e+03
1.122150000000000091e+03
1.124990000000000009e+03
1.127830000000000155e+03
1.130670000000000073e+03
1.226910000000000082e+03
1.605630000000000109e+03
1.605630000000000109e+03
1.708829999999999927e+03
1.984380000000000109e+03
1.984380000000000109e+03
1.294369999999999891e+03
1.542230000000000018e+03
1.294369999999999891e+03
1.269240000000000009e+03
1.294369999999999891e+03
1.542230000000000018e+03
6.528119999999999891e+03
6.785479999999999563e+03
7.124039999999999964e+03
6.859380000000000109e+03
7.124039999999999964e+03
7.124039999999999964e+03
7.124039999999999964e+03
6.859380000000000109e+03
6.330310000000000400e+03
6.097199999999999818e+03
6.097199999999999818e+03
6.330310000000000400e+03
6.330310000000000400e+03
5.707829999999999927e+03
5.203560000000000400e+03
5.203560000000000400e+03
5.203560000000000400e+03
5.203560000000000400e+03
5.484750000000000000e+03
5.484750000000000000e+03
4.796640000000000327e+03
4.766739999999999782e+03
4.069949999999999818e+03
3.781869999999999891e+03
3.781869999999999891e+03
4.069949999999999818e+03
4.069949999999999818e+03
3.746559999999999945e+03
3.746559999999999945e+03
2.295340000000000146e+03
2.295340000000000146e+03
2.281250000000000000e+03
2.295340000000000146e+03
2.281250000000000000e+03
2.281250000000000000e+03
2.016009999999999991e+03
2.016009999999999991e+03
1.517220000000000027e+03
1.517220000000000027e+03
1.517750000000000000e+03
1.518279999999999973e+03
1.518809999999999945e+03
1.519339999999999918e+03
1.519870000000000118e+03
1.520400000000000091e+03
1.520930000000000064e+03
1.521460000000000036e+03
1.521990000000000009e+03
1.522519999999999982e+03
1.523049999999999955e+03
1.523579999999999927e+03
1.524110000000000127e+03
1.524640000000000100e+03
1.525170000000000073e+03
1.525700000000000045e+03
1.526230000000000018e+03
1.526759999999999991e+03
1.527289999999999964e+03
1.527819999999999936e+03
1.528350000000000136e+03
1.528880000000000109e+03
1.529410000000000082e+03
1.529940000000000055e+03
1.530470000000000027e+03
1.531000000000000000e+03
1.531529999999999973e+03
1.532059999999999945e+03
1.532590000000000146e+03
1.533120000000000118e+03
1.533650000000000091e+03
1.534180000000000064e+03
1.534710000000000036e+03
1.535240000000000009e+03
1.535769999999999982e+03
1.536299999999999955e+03
1.536830000000000155e+03
1.537360000000000127e+03
1.537890000000000100e+03
1.538420000000000073e+03
1.538950000000000045e+03
1.538950000000000045e+03
1.538950000000000045e+03
1.170690000000000055e+03
1.140619999999999891e+03
1.104130000000000109e+03
1.104130000000000109e+03
1.140619999999999891e+03
1.084910000000000082e+03
1.515049999999999955e+03
1.515049999999999955e+03
1.084910000000000082e+03
1.089273333333333312e+03
1.093636666666666770e+03
1.098000000000000000e+03
1.102363333333333230e+03
1.106726666666666688e+03
1.111089999999999918e+03
1.581750000000000000e+03
1.773279999999999973e+03
1.796130000000000109e+03
1.796130000000000109e+03
1.796130000000000109e+03
1.153890000000000100e+03
1.153890000000000100e+03
1.153890000000000100e+03
1.153890000000000100e+03
1.153890000000000100e+03
1.153890000000000100e+03
1.153890000000000100e+03
1.153890000000000100e+03
1.153890000000000100e+03
1.153890000000000100e+03
1.153890000000000100e+03
1.153890000000000100e+03
1.153890000000000100e+03
1.153890000000000100e+03
1.153890000000000100e+03
1.153890000000000100e+03
1.153890000000000100e+03
1.153890000000000100e+03
1.153890000000000100e+03
1.153890000000000100e+03
1.153890000000000100e+03
1.153890000000000100e+03
1.153890000000000100e+03
1.153890000000000100e+03
1.153890000000000100e+03
1.153890000000000100e+03
1.153890000000000100e+03
1.153890000000000100e+03
1.153890000000000100e+03
1.153890000000000100e+03
1.153890000000000100e+03
1.153890000000000100e+03
1.153890000000000100e+03
1.153890000000000100e+03
1.153890000000000100e+03
1.153890000000000100e+03
1.153890000000000100e+03
1.153890000000000100e+03
1.153890000000000100e+03
1.153890000000000100e+03
1.153890000000000100e+03
1.153890000000000100e+03
1.153890000000000100e+03
1.153890000000000100e+03
1.153890000000000100e+03
1.153890000000000100e+03
1.153890000000000100e+03
1.153890000000000100e+03
1.153890000000000100e+03
1.153890000000000100e+03
