5.685089999999999755e+00
5.685089999999999755e+00
5.685089999999999755e+00
5.685089999999999755e+00
5.685089999999999755e+00
5.685089999999999755e+00
5.685089999999999755e+00
5.685089999999999755e+00
5.685089999999999755e+00
5.685089999999999755e+00
5.685089999999999755e+00
5.685089999999999755e+00
5.685089999999999755e+00
5.685089999999999755e+00
5.685089999999999755e+00
5.685089999999999755e+00
5.685089999999999755e+00
5.685089999999999755e+00
5.685089999999999755e+00
5.685089999999999755e+00
5.685089999999999755e+00
5.685089999999999755e+00
5.685089999999999755e+00
5.685089999999999755e+00
5.685089999999999755e+00
5.685089999999999755e+00
5.685089999999999755e+00
5.685089999999999755e+00
5.685089999999999755e+00
5.685089999999999755e+00
5.685089999999999755e+00
5.685089999999999755e+00
5.666350000000000442e+00
5.645559999999999690e+00
5.615169999999999995e+00
5.573459999999999859e+00
5.519440000000000346e+00
5.495800000000000018e+00
5.494500000000000384e+00
5.498240000000000016e+00
5.501039999999999708e+00
5.501909999999999634e+00
5.500709999999999766e+00
5.497700000000000031e+00
5.494040000000000035e+00
5.491340000000000110e+00
5.491660000000000430e+00
5.497279999999999944e+00
5.509009999999999962e+00
5.516560000000000130e+00
5.519548461538462014e+00
5.522536923076923010e+00
5.525525384615384894e+00
5.528513846153845890e+00
5.531502307692307774e+00
5.534490769230769658e+00
5.537479230769230654e+00
5.540467692307692538e+00
5.543456153846154422e+00
5.546444615384615417e+00
5.549433076923077302e+00
5.552421538461538297e+00
5.555410000000000181e+00
5.558398461538462065e+00
5.561386923076923061e+00
5.564375384615384945e+00
5.567363846153845941e+00
5.570352307692307825e+00
5.573340769230769709e+00
5.576329230769230705e+00
5.579317692307692589e+00
5.582306153846154473e+00
5.585294615384615469e+00
5.588283076923077353e+00
5.591271538461538348e+00
5.594260000000000232e+00
5.594969999999999999e+00
5.593519999999999825e+00
5.590019999999999989e+00
5.584959999999999702e+00
5.579989999999999561e+00
5.576959999999999695e+00
5.576130000000000031e+00
5.576699999999999768e+00
5.578269999999999840e+00
5.580560000000000187e+00
5.583230000000000359e+00
5.586059999999999803e+00
5.588779999999999859e+00
5.591039999999999566e+00
5.592559999999999754e+00
5.593519999999999825e+00
5.594719999999999693e+00
5.597129999999999939e+00
5.601580000000000226e+00
5.608670000000000044e+00
5.617210000000000036e+00
5.625060000000000393e+00
5.630779999999999674e+00
5.634529999999999816e+00
5.640270000000000117e+00
5.648069999999999702e+00
5.654919999999999725e+00
5.658909999999999663e+00
5.660169999999999924e+00
5.661990000000000300e+00
5.689820000000000100e+00
5.683740000000000236e+00
5.672670000000000101e+00
5.674229999999999663e+00
5.680509999999999948e+00
5.689799999999999969e+00
5.700709999999999944e+00
5.710989999999999789e+00
5.719920000000000115e+00
5.727949999999999875e+00
5.735269999999999868e+00
5.741279999999999717e+00
5.745260000000000034e+00
5.747010000000000396e+00
5.746839999999999726e+00
5.745429999999999815e+00
5.743420000000000414e+00
5.741179999999999950e+00
5.738959999999999617e+00
5.737119999999999997e+00
5.736220000000000319e+00
5.737180000000000391e+00
5.741209999999999702e+00
5.748910000000000409e+00
5.759730000000000238e+00
5.771919999999999717e+00
5.783990000000000187e+00
5.794719999999999871e+00
5.803550000000000431e+00
5.809420000000000250e+00
5.812520000000000131e+00
5.813159999999999883e+00
5.811589999999999812e+00
5.808399999999999785e+00
5.804829999999999934e+00
5.801580000000000403e+00
5.797990000000000421e+00
5.793169999999999931e+00
5.786229999999999762e+00
5.774840000000000195e+00
5.755329999999999835e+00
5.721759999999999735e+00
5.685660000000000380e+00
5.664830000000000254e+00
5.652020000000000266e+00
5.643049999999999677e+00
5.636079999999999757e+00
5.631079999999999863e+00
5.628969999999999807e+00
5.630325000000000024e+00
5.631680000000000241e+00
5.633034999999999570e+00
5.634389999999999787e+00
5.635745000000000005e+00
5.637100000000000222e+00
5.638455000000000439e+00
5.639809999999999768e+00
5.641164999999999985e+00
5.642520000000000202e+00
5.643875000000000419e+00
5.645229999999999748e+00
5.646584999999999965e+00
5.647940000000000182e+00
5.626369999999999649e+00
5.605450000000000266e+00
5.582110000000000127e+00
5.558539999999999814e+00
5.538490000000000357e+00
5.522610000000000241e+00
5.510620000000000296e+00
5.501610000000000333e+00
5.494439999999999991e+00
5.489069999999999894e+00
5.484860000000000291e+00
5.481279999999999930e+00
5.478189999999999671e+00
5.475290000000000212e+00
5.472260000000000346e+00
5.469059999999999810e+00
5.466039999999999566e+00
5.463599999999999568e+00
5.461739999999999817e+00
5.460060000000000358e+00
5.458289999999999864e+00
5.456710000000000171e+00
5.455849999999999866e+00
5.456050000000000288e+00
5.457379999999999676e+00
5.459710000000000285e+00
5.462629999999999875e+00
5.465379999999999683e+00
5.467220000000000191e+00
5.468560000000000088e+00
5.470530000000000115e+00
5.473019999999999996e+00
5.475200000000000067e+00
5.476790000000000269e+00
5.478110000000000035e+00
5.479440000000000310e+00
5.480909999999999727e+00
5.482789999999999608e+00
5.485420000000000407e+00
5.488889999999999603e+00
5.492989999999999817e+00
5.497569999999999624e+00
5.502510000000000012e+00
5.510519999999999641e+00
5.524399999999999977e+00
5.538590000000000124e+00
5.547460000000000058e+00
5.551639999999999908e+00
5.552800000000000402e+00
5.552069999999999617e+00
5.550029999999999575e+00
5.546979999999999578e+00
5.543529999999999625e+00
5.540670000000000428e+00
5.539360000000000284e+00
5.541310000000000180e+00
5.564077499999999787e+00
5.586845000000000283e+00
5.609612499999999891e+00
5.632379999999999498e+00
5.655147499999999994e+00
5.677914999999999601e+00
5.700682500000000097e+00
5.723449999999999704e+00
5.671710000000000029e+00
5.668180000000000440e+00
5.658039999999999736e+00
5.641980000000000217e+00
5.619749999999999801e+00
5.596140000000000114e+00
5.580930000000000391e+00
5.575450000000000017e+00
5.572659999999999947e+00
5.569029999999999703e+00
5.565669999999999895e+00
5.563559999999999839e+00
5.562050000000000161e+00
5.560229999999999784e+00
5.557719999999999771e+00
5.554820000000000313e+00
5.552690000000000126e+00
5.548181304347826526e+00
5.543672608695652038e+00
5.539163913043478438e+00
5.534655217391304838e+00
5.530146521739130350e+00
5.525637826086956750e+00
5.521129130434783150e+00
5.516620434782608662e+00
5.512111739130435062e+00
5.507603043478261462e+00
5.503094347826086974e+00
5.498585652173913374e+00
5.494076956521738886e+00
5.489568260869565286e+00
5.485059565217391686e+00
5.480550869565217198e+00
5.476042173913043598e+00
5.471533478260869998e+00
5.467024782608695510e+00
5.462516086956521910e+00
5.458007391304348310e+00
5.453498695652173822e+00
5.448990000000000222e+00
5.444560000000000066e+00
5.433539999999999814e+00
5.411789999999999878e+00
5.382369999999999877e+00
5.356849999999999667e+00
5.334259999999999557e+00
5.315159999999999663e+00
5.300830000000000375e+00
5.289179999999999993e+00
5.277759999999999785e+00
5.265100000000000335e+00
5.250169999999999781e+00
5.231700000000000017e+00
5.213160000000000238e+00
5.197750000000000092e+00
5.186759999999999593e+00
5.181930000000000369e+00
5.182800000000000296e+00
5.185909999999999798e+00
4.506179999999999630e+00
4.511779999999999902e+00
4.513869999999999827e+00
4.514680000000000248e+00
4.515880000000000116e+00
4.590735555555555791e+00
4.665591111111111466e+00
4.740446666666667141e+00
4.815302222222221928e+00
4.890157777777777603e+00
4.965013333333333279e+00
5.039868888888888954e+00
5.114724444444444629e+00
5.189579999999999416e+00
5.264435555555555091e+00
5.339291111111110766e+00
5.414146666666666441e+00
5.489002222222222116e+00
5.563857777777776903e+00
5.638713333333333466e+00
5.713568888888888253e+00
5.788424444444443928e+00
5.863279999999999603e+00
5.875259999999999927e+00
5.882319999999999993e+00
5.886700000000000266e+00
5.600900000000000212e+00
5.597610000000000419e+00
5.514079999999999870e+00
5.478989999999999583e+00
5.396519999999999762e+00
5.373090000000000366e+00
5.360660000000000203e+00
5.350550000000000139e+00
5.342270000000000074e+00
5.334719999999999906e+00
5.325910000000000366e+00
5.312929999999999708e+00
5.300119999999999720e+00
5.305340000000000167e+00
5.338420000000000165e+00
5.361509999999999998e+00
5.369369999999999976e+00
5.362879999999999647e+00
5.349849999999999994e+00
5.391289999999999694e+00
5.432730000000000281e+00
5.474169999999999980e+00
5.515609999999999680e+00
5.557050000000000267e+00
5.598489999999999966e+00
5.533170000000000144e+00
5.497569999999999624e+00
5.462950000000000195e+00
5.429599999999999760e+00
5.401150000000000340e+00
5.381190000000000140e+00
5.370000000000000107e+00
5.363430000000000142e+00
5.356799999999999784e+00
5.349230000000000373e+00
5.341960000000000264e+00
5.335659999999999847e+00
5.329399999999999693e+00
5.322869999999999990e+00
5.316769999999999996e+00
5.311749999999999972e+00
5.303519999999999790e+00
5.293379999999999974e+00
5.288949999999999818e+00
5.287410000000000387e+00
5.285800000000000054e+00
5.283319999999999794e+00
5.280640000000000001e+00
5.279189999999999827e+00
5.279329999999999856e+00
5.280630000000000379e+00
5.282849999999999824e+00
5.286050000000000360e+00
5.289559999999999818e+00
5.292510000000000048e+00
5.294950000000000045e+00
5.297909999999999897e+00
5.302399999999999558e+00
5.308709999999999596e+00
5.315640000000000143e+00
5.322669999999999568e+00
5.329399999999999693e+00
5.337729999999999642e+00
5.351759999999999629e+00
5.383189999999999920e+00
5.406240000000000379e+00
5.428009999999999557e+00
5.440990000000000215e+00
5.439059999999999562e+00
5.430620000000000225e+00
5.418490000000000251e+00
5.401659999999999684e+00
5.317140000000000200e+00
5.479710000000000747e+00
5.642280000000000406e+00
5.694860000000000255e+00
5.708669999999999689e+00
5.716700000000000337e+00
5.722070000000000434e+00
5.725699999999999790e+00
5.695727272727272528e+00
5.665754545454545266e+00
5.635781818181818004e+00
5.605809090909090742e+00
5.575836363636363480e+00
5.545863636363636218e+00
5.515890909090908956e+00
5.485918181818181694e+00
5.455945454545454432e+00
5.425972727272727170e+00
5.395999999999999908e+00
5.366027272727272646e+00
5.336054545454545384e+00
5.306081818181818122e+00
5.276109090909090860e+00
5.246136363636363598e+00
5.216163636363636336e+00
5.186190909090909074e+00
5.156218181818181812e+00
5.126245454545454550e+00
5.096272727272727288e+00
5.066300000000000026e+00
5.036327272727272764e+00
5.006354545454545502e+00
4.976381818181818240e+00
4.946409090909090978e+00
4.916436363636363716e+00
4.886463636363636454e+00
4.856490909090909192e+00
4.826518181818181930e+00
4.796545454545454668e+00
4.766572727272727406e+00
4.736600000000000144e+00
4.739499999999999602e+00
4.740779999999999994e+00
4.739799999999999791e+00
4.738209999999999589e+00
4.737630000000000230e+00
4.738010000000000055e+00
4.738279999999999603e+00
4.738279999999999603e+00
4.738279999999999603e+00
4.738279999999999603e+00
4.738279999999999603e+00
4.738279999999999603e+00
4.738279999999999603e+00
4.738279999999999603e+00
4.738279999999999603e+00
4.738279999999999603e+00
4.738279999999999603e+00
4.738279999999999603e+00
4.738279999999999603e+00
4.738279999999999603e+00
4.738279999999999603e+00
4.738279999999999603e+00
4.738279999999999603e+00
4.738279999999999603e+00
4.738279999999999603e+00
4.738279999999999603e+00
4.738279999999999603e+00
4.738279999999999603e+00
4.738279999999999603e+00
4.738279999999999603e+00
4.738279999999999603e+00
4.738279999999999603e+00
4.738279999999999603e+00
4.738279999999999603e+00
4.738279999999999603e+00
4.738279999999999603e+00
4.738279999999999603e+00
4.738279999999999603e+00
4.738279999999999603e+00
4.738279999999999603e+00
4.738279999999999603e+00
4.738279999999999603e+00
4.738279999999999603e+00
4.738279999999999603e+00
4.738279999999999603e+00
4.738279999999999603e+00
4.738279999999999603e+00
4.738279999999999603e+00
4.738279999999999603e+00
4.738279999999999603e+00
4.738279999999999603e+00
4.738279999999999603e+00
