5.400730000000000253e+00
5.400730000000000253e+00
5.400730000000000253e+00
5.400730000000000253e+00
5.400730000000000253e+00
5.400730000000000253e+00
5.400730000000000253e+00
5.400730000000000253e+00
5.400730000000000253e+00
5.400730000000000253e+00
5.400730000000000253e+00
5.400730000000000253e+00
5.400730000000000253e+00
5.400730000000000253e+00
5.400730000000000253e+00
5.400730000000000253e+00
5.400730000000000253e+00
5.400730000000000253e+00
5.400730000000000253e+00
5.400730000000000253e+00
5.400730000000000253e+00
5.400730000000000253e+00
5.400730000000000253e+00
5.400730000000000253e+00
5.400730000000000253e+00
5.400730000000000253e+00
5.400730000000000253e+00
5.400730000000000253e+00
5.400730000000000253e+00
5.400730000000000253e+00
5.400730000000000253e+00
5.400730000000000253e+00
5.400730000000000253e+00
5.400730000000000253e+00
5.400730000000000253e+00
5.400730000000000253e+00
5.404939999999999856e+00
5.406640000000000335e+00
5.407849999999999824e+00
5.409379999999999633e+00
5.411299999999999777e+00
5.412889999999999979e+00
5.413759999999999906e+00
5.413520000000000110e+00
5.411739999999999995e+00
5.405470000000000219e+00
5.389280000000000292e+00
5.396410000000000373e+00
5.444160000000000110e+00
5.477750000000000341e+00
5.494640000000000413e+00
5.502180000000000071e+00
5.504059999999999953e+00
5.501769999999999605e+00
5.491439999999999877e+00
5.466890000000000249e+00
5.449440000000000062e+00
5.431049999999999933e+00
5.397649999999999615e+00
5.367359999999999687e+00
5.333560000000000301e+00
5.319440000000000168e+00
5.324394615384615115e+00
5.329349230769230950e+00
5.334303846153845896e+00
5.339258461538461731e+00
5.344213076923076677e+00
5.349167692307692512e+00
5.354122307692307459e+00
5.359076923076923293e+00
5.364031538461538240e+00
5.368986153846154075e+00
5.373940769230769021e+00
5.378895384615384856e+00
5.383849999999999802e+00
5.400210000000000399e+00
5.407339999999999591e+00
5.418009999999999771e+00
5.431289999999999729e+00
5.441530000000000200e+00
5.447000000000000064e+00
5.449049999999999727e+00
5.448579999999999757e+00
5.445960000000000356e+00
5.441679999999999851e+00
5.436759999999999593e+00
5.432540000000000369e+00
5.429009999999999891e+00
5.424489999999999590e+00
5.416619999999999990e+00
5.404639999999999667e+00
5.388410000000000366e+00
5.367449999999999832e+00
5.343539999999999957e+00
5.329640000000000377e+00
5.337320000000000064e+00
5.363990000000000258e+00
5.372780322580645418e+00
5.381570645161290578e+00
5.390360967741935738e+00
5.399151290322580898e+00
5.407941612903226059e+00
5.416731935483871219e+00
5.425522258064516379e+00
5.434312580645161539e+00
5.443102903225806699e+00
5.451893225806451859e+00
5.460683548387097019e+00
5.469473870967742180e+00
5.478264193548387340e+00
5.487054516129032500e+00
5.495844838709677660e+00
5.504635161290322820e+00
5.513425483870967980e+00
5.522215806451613140e+00
5.531006129032258301e+00
5.539796451612903461e+00
5.548586774193548621e+00
5.557377096774193781e+00
5.566167419354838941e+00
5.574957741935484101e+00
5.583748064516129261e+00
5.592538387096774422e+00
5.601328709677419582e+00
5.610119032258064742e+00
5.618909354838709902e+00
5.627699677419355062e+00
5.636490000000000222e+00
5.646049999999999791e+00
5.637609999999999566e+00
5.623920000000000030e+00
5.532659999999999911e+00
5.522439999999999571e+00
5.515500000000000291e+00
5.510200000000000209e+00
5.507799999999999585e+00
5.507509999999999906e+00
5.509170000000000122e+00
5.513189999999999813e+00
5.519330000000000069e+00
5.525409999999999933e+00
5.531539999999999679e+00
5.536200000000000010e+00
5.540160000000000196e+00
5.543459999999999610e+00
5.544850000000000279e+00
5.541870000000000296e+00
5.469210000000000349e+00
5.446609999999999729e+00
5.414699999999999847e+00
5.402650000000000396e+00
5.397509999999999586e+00
5.398699999999999832e+00
5.403080000000000105e+00
5.406039999999999957e+00
5.423160000000000203e+00
5.574889999999999901e+00
5.586689999999999934e+00
5.552800000000000402e+00
5.525179999999999758e+00
5.451229999999999798e+00
5.432760000000000034e+00
5.414130000000000109e+00
5.393489999999999895e+00
5.374080000000000190e+00
5.350869999999999571e+00
5.323140000000000427e+00
5.288529999999999731e+00
5.263690000000000424e+00
5.242070000000000007e+00
5.223980000000000068e+00
5.198199999999999932e+00
5.185760000000000147e+00
5.178079999999999572e+00
5.168919999999999959e+00
5.161059999999999981e+00
5.157189999999999941e+00
5.155109999999999637e+00
5.152250000000000441e+00
5.146790000000000198e+00
5.139700000000000379e+00
4.435330000000000439e+00
4.433869999999999756e+00
4.434910000000000352e+00
4.438769999999999882e+00
4.441530000000000200e+00
4.440780000000000172e+00
4.318060000000000009e+00
4.318159999999999776e+00
4.318939999999999557e+00
4.347101219512194525e+00
4.375262439024389494e+00
4.403423658536585350e+00
4.431584878048780318e+00
4.459746097560975286e+00
4.487907317073170255e+00
4.516068536585365223e+00
4.544229756097561079e+00
4.572390975609756048e+00
4.600552195121951016e+00
4.628713414634145984e+00
4.656874634146340952e+00
4.685035853658536809e+00
4.713197073170731777e+00
4.741358292682926745e+00
4.769519512195121713e+00
4.797680731707316681e+00
4.825841951219512538e+00
4.854003170731707506e+00
4.882164390243902474e+00
4.910325609756097442e+00
4.938486829268292411e+00
4.966648048780488267e+00
4.994809268292683235e+00
5.022970487804878204e+00
5.051131707317073172e+00
5.079292926829268140e+00
5.107454146341463996e+00
5.135615365853658965e+00
5.163776585365853933e+00
5.191937804878048901e+00
5.220099024390243869e+00
5.248260243902439726e+00
5.276421463414634694e+00
5.304582682926829662e+00
5.332743902439024630e+00
5.360905121951219598e+00
5.389066341463415455e+00
5.417227560975609535e+00
5.445388780487805391e+00
5.473550000000000360e+00
5.459060000000000024e+00
5.430279999999999774e+00
5.381770000000000387e+00
5.370140000000000136e+00
5.361570000000000391e+00
5.353919999999999568e+00
5.346300000000000274e+00
5.337209999999999788e+00
5.328990000000000116e+00
5.323570000000000135e+00
5.320429999999999993e+00
5.316900000000000404e+00
5.313869999999999649e+00
5.313089999999999868e+00
5.323719565217390759e+00
5.334349130434782538e+00
5.344978695652173428e+00
5.355608260869565207e+00
5.366237826086956098e+00
5.376867391304347876e+00
5.387496956521738767e+00
5.398126521739130546e+00
5.408756086956521436e+00
5.419385652173913215e+00
5.430015217391304105e+00
5.440644782608695884e+00
5.451274347826086775e+00
5.461903913043478553e+00
5.472533478260869444e+00
5.483163043478261223e+00
5.493792608695652113e+00
5.504422173913043892e+00
5.515051739130434783e+00
5.525681304347826561e+00
5.536310869565217452e+00
5.546940434782609231e+00
5.557570000000000121e+00
5.512509999999999799e+00
5.485579999999999679e+00
5.453929999999999723e+00
5.421090000000000408e+00
5.404829999999999579e+00
5.395579999999999821e+00
5.389730000000000132e+00
5.383860000000000312e+00
5.371859999999999857e+00
5.333870000000000111e+00
5.309359999999999857e+00
5.267249999999999766e+00
5.247779999999999667e+00
5.207810000000000272e+00
5.197709999999999830e+00
5.205074444444444559e+00
5.212438888888888400e+00
5.219803333333333129e+00
5.227167777777777857e+00
5.234532222222221698e+00
5.241896666666666427e+00
5.249261111111111155e+00
5.256625555555554996e+00
5.263989999999999725e+00
5.271354444444444454e+00
5.278718888888888294e+00
5.286083333333333023e+00
5.293447777777777752e+00
5.300812222222221592e+00
5.308176666666666321e+00
5.315541111111111050e+00
5.322905555555554891e+00
5.330269999999999619e+00
5.337640000000000384e+00
5.342399999999999594e+00
5.343449999999999811e+00
5.340849999999999653e+00
5.336079999999999934e+00
5.330199999999999605e+00
5.322569999999999801e+00
5.313629999999999853e+00
5.305390000000000050e+00
5.296570000000000000e+00
5.286069999999999602e+00
5.275739999999999874e+00
5.269560000000000244e+00
5.279959999999999987e+00
5.354599999999999582e+00
5.379730000000000345e+00
5.361699999999999910e+00
5.323369999999999713e+00
5.287379999999999747e+00
5.265049999999999564e+00
5.253169999999999895e+00
5.246080000000000076e+00
5.240560000000000329e+00
5.236349999999999838e+00
5.231989999999999696e+00
5.223840000000000039e+00
5.221119999999999983e+00
5.222010000000000041e+00
5.222660000000000302e+00
5.221460000000000434e+00
5.219369999999999621e+00
5.220589999999999620e+00
5.230279999999999596e+00
5.246879999999999988e+00
5.261860000000000426e+00
5.284659999999999691e+00
5.339229999999999698e+00
5.387990000000000279e+00
5.408400000000000318e+00
5.409819999999999851e+00
5.398930000000000007e+00
5.378919999999999924e+00
5.355209999999999582e+00
5.334760000000000169e+00
5.322250000000000369e+00
5.280563500000000410e+00
5.238877000000000450e+00
5.197190500000000490e+00
5.155504000000000531e+00
5.113817500000000571e+00
5.072131000000000611e+00
5.030444500000000652e+00
4.988758000000000692e+00
4.947071500000000732e+00
4.905385000000000773e+00
4.863698499999999925e+00
4.822012000000000853e+00
4.780325500000000005e+00
4.738639000000000046e+00
4.696952500000000086e+00
4.655266000000000126e+00
4.613579500000000166e+00
4.571893000000000207e+00
4.530206500000000247e+00
4.488520000000000287e+00
4.492750000000000021e+00
4.498829999999999885e+00
4.498759999999999870e+00
4.496570000000000178e+00
4.493319999999999759e+00
4.491959999999999731e+00
4.491319999999999979e+00
4.490070000000000228e+00
4.488540000000000418e+00
4.488269999999999982e+00
4.489779999999999660e+00
4.491570000000000285e+00
4.490669999999999717e+00
4.487000000000000099e+00
4.484169999999999767e+00
4.482560000000000322e+00
4.481770000000000032e+00
4.481410000000000338e+00
4.481519999999999726e+00
4.482669999999999710e+00
4.484399999999999942e+00
4.485210000000000363e+00
4.484490000000000087e+00
4.483550000000000146e+00
4.483999999999999986e+00
4.482109999999999594e+00
4.473259999999999792e+00
4.460890000000000022e+00
4.748560000000000336e+00
5.036229999999999762e+00
5.323900000000000077e+00
5.313749999999999751e+00
5.339470000000000383e+00
5.360229999999999606e+00
5.364060000000000272e+00
5.355500000000000149e+00
5.339990000000000236e+00
5.323579999999999757e+00
5.308099999999999596e+00
5.290619999999999656e+00
5.276860000000000106e+00
5.271729999999999805e+00
5.271729999999999805e+00
5.271729999999999805e+00
5.271729999999999805e+00
5.271729999999999805e+00
5.271729999999999805e+00
5.271729999999999805e+00
5.271729999999999805e+00
5.271729999999999805e+00
5.271729999999999805e+00
5.271729999999999805e+00
5.271729999999999805e+00
5.271729999999999805e+00
5.271729999999999805e+00
5.271729999999999805e+00
5.271729999999999805e+00
5.271729999999999805e+00
5.271729999999999805e+00
5.271729999999999805e+00
5.271729999999999805e+00
5.271729999999999805e+00
5.271729999999999805e+00
5.271729999999999805e+00
5.271729999999999805e+00
