1.039400000000000091e+03
1.039400000000000091e+03
1.039400000000000091e+03
1.039400000000000091e+03
1.039400000000000091e+03
1.039400000000000091e+03
1.039400000000000091e+03
1.039400000000000091e+03
1.039400000000000091e+03
1.039400000000000091e+03
1.039400000000000091e+03
1.039400000000000091e+03
1.039400000000000091e+03
1.039400000000000091e+03
1.039400000000000091e+03
1.039400000000000091e+03
1.039400000000000091e+03
1.039400000000000091e+03
1.039400000000000091e+03
1.039400000000000091e+03
1.039400000000000091e+03
1.039400000000000091e+03
1.039400000000000091e+03
1.039400000000000091e+03
1.039400000000000091e+03
1.039400000000000091e+03
1.039400000000000091e+03
1.046420000000000073e+03
1.374230000000000018e+03
1.579799999999999955e+03
1.423109999999999900e+03
1.536500000000000000e+03
1.579799999999999955e+03
1.579799999999999955e+03
1.536500000000000000e+03
1.536500000000000000e+03
1.280930000000000064e+03
1.271789999999999964e+03
1.271789999999999964e+03
1.271789999999999964e+03
1.271789999999999964e+03
2.063050000000000182e+03
2.063050000000000182e+03
1.042700000000000045e+03
1.058300909090909045e+03
1.073901818181818271e+03
1.089502727272727270e+03
1.105103636363636269e+03
1.120704545454545496e+03
1.136305454545454495e+03
1.151906363636363722e+03
1.167507272727272721e+03
1.183108181818181720e+03
1.198709090909090946e+03
1.214309999999999945e+03
1.473490000000000009e+03
2.193559999999999945e+03
4.242539999999999964e+03
4.242539999999999964e+03
4.246750000000000000e+03
5.081430000000000291e+03
5.198149999999999636e+03
5.938350000000000364e+03
5.938350000000000364e+03
5.250000000000000000e+03
5.198149999999999636e+03
4.550840000000000146e+03
4.550840000000000146e+03
5.194109999999999673e+03
5.194109999999999673e+03
6.031250000000000000e+03
7.122619999999999891e+03
7.122619999999999891e+03
7.122619999999999891e+03
6.479319999999999709e+03
6.479319999999999709e+03
5.953119999999999891e+03
3.878969999999999800e+03
3.878969999999999800e+03
3.419086666666666588e+03
2.959203333333333376e+03
2.499319999999999709e+03
2.039436666666666724e+03
1.579553333333333285e+03
1.119670000000000073e+03
1.417599999999999909e+03
3.531250000000000000e+03
3.531250000000000000e+03
3.531250000000000000e+03
3.447525882352941153e+03
3.363801764705882306e+03
3.280077647058823459e+03
3.196353529411764612e+03
3.112629411764705765e+03
3.028905294117646918e+03
2.945181176470588071e+03
2.861457058823529223e+03
2.777732941176470376e+03
2.694008823529411529e+03
2.610284705882353137e+03
2.526560588235294290e+03
2.442836470588235443e+03
2.359112352941176596e+03
2.275388235294117749e+03
2.191664117647058902e+03
2.107940000000000055e+03
2.640619999999999891e+03
2.640619999999999891e+03
2.640619999999999891e+03
2.640619999999999891e+03
3.402360000000000127e+03
7.281050000000000182e+03
7.281050000000000182e+03
7.440489999999999782e+03
7.625569999999999709e+03
7.440489999999999782e+03
4.789449999999999818e+03
4.789449999999999818e+03
4.236909999999999854e+03
1.267130000000000109e+03
1.246349999999999909e+03
1.218750000000000000e+03
1.246349999999999909e+03
1.148500000000000000e+03
1.097750000000000000e+03
1.099296666666666624e+03
1.100843333333333248e+03
1.102389999999999873e+03
1.103936666666666724e+03
1.105483333333333348e+03
1.107029999999999973e+03
1.108576666666666597e+03
1.110123333333333221e+03
1.111670000000000073e+03
1.113216666666666697e+03
1.114763333333333321e+03
1.116309999999999945e+03
1.117856666666666570e+03
1.119403333333333194e+03
1.120949999999999818e+03
1.122496666666666670e+03
1.124043333333333294e+03
1.125589999999999918e+03
1.127136666666666542e+03
1.128683333333333167e+03
1.130230000000000018e+03
1.131776666666666642e+03
1.133323333333333267e+03
1.134869999999999891e+03
1.168730000000000018e+03
1.951190000000000055e+03
2.072340000000000146e+03
4.134340000000000146e+03
5.643960000000000036e+03
7.501090000000000146e+03
7.501090000000000146e+03
7.501090000000000146e+03
7.443920000000000073e+03
7.186939999999999600e+03
7.186939999999999600e+03
7.186939999999999600e+03
6.177789999999999964e+03
6.177789999999999964e+03
6.139680000000000291e+03
6.139680000000000291e+03
6.406250000000000000e+03
6.406250000000000000e+03
6.065300000000000182e+03
6.406250000000000000e+03
7.028859999999999673e+03
6.065300000000000182e+03
6.142569999999999709e+03
7.078119999999999891e+03
6.142569999999999709e+03
6.106180000000000291e+03
6.142569999999999709e+03
7.111380000000000109e+03
6.106180000000000291e+03
6.106180000000000291e+03
4.963229999999999563e+03
1.921880000000000109e+03
1.921880000000000109e+03
2.515619999999999891e+03
1.921880000000000109e+03
1.921880000000000109e+03
1.957946800000000167e+03
1.994013600000000224e+03
2.030080400000000054e+03
2.066147200000000339e+03
2.102213999999999942e+03
2.138280799999999999e+03
2.174347600000000057e+03
2.210414400000000114e+03
2.246481200000000172e+03
2.282548000000000229e+03
2.318614800000000287e+03
2.354681599999999889e+03
2.390748399999999947e+03
2.426815200000000004e+03
2.462882000000000062e+03
2.498948800000000119e+03
2.535015600000000177e+03
2.571082400000000234e+03
2.607149199999999837e+03
2.643216000000000349e+03
2.679282799999999952e+03
2.715349600000000009e+03
2.751416400000000067e+03
2.787483200000000124e+03
2.823550000000000182e+03
2.823550000000000182e+03
4.957229999999999563e+03
4.957229999999999563e+03
2.937739999999999782e+03
2.937739999999999782e+03
2.937739999999999782e+03
1.141000000000000000e+03
1.072970000000000027e+03
1.031250000000000000e+03
1.036832916666666733e+03
1.042415833333333239e+03
1.047998749999999973e+03
1.053581666666666706e+03
1.059164583333333439e+03
1.064747499999999945e+03
1.070330416666666679e+03
1.075913333333333412e+03
1.081496249999999918e+03
1.087079166666666652e+03
1.092662083333333385e+03
1.098244999999999891e+03
1.103827916666666624e+03
1.109410833333333358e+03
1.114993750000000091e+03
1.120576666666666597e+03
1.126159583333333330e+03
1.131742500000000064e+03
1.137325416666666570e+03
1.142908333333333303e+03
1.148491250000000036e+03
1.154074166666666770e+03
1.159657083333333276e+03
1.165240000000000009e+03
1.234380000000000109e+03
1.555269999999999982e+03
1.555269999999999982e+03
1.234380000000000109e+03
1.555269999999999982e+03
1.628109999999999900e+03
1.628109999999999900e+03
2.002099999999999909e+03
2.002099999999999909e+03
2.000000000000000000e+03
2.002099999999999909e+03
2.002099999999999909e+03
2.431269999999999982e+03
2.586510000000000218e+03
2.586510000000000218e+03
2.437500000000000000e+03
2.431269999999999982e+03
2.437500000000000000e+03
2.437500000000000000e+03
2.867460000000000036e+03
5.184680000000000291e+03
5.184680000000000291e+03
2.867460000000000036e+03
1.567720000000000027e+03
1.550119999999999891e+03
1.537599999999999909e+03
1.537599999999999909e+03
1.537599999999999909e+03
1.537599999999999909e+03
1.537599999999999909e+03
1.549480000000000018e+03
1.549480000000000018e+03
2.291619999999999891e+03
2.681269999999999982e+03
3.390619999999999891e+03
3.390619999999999891e+03
3.390619999999999891e+03
2.762360000000000127e+03
3.390619999999999891e+03
2.992769999999999982e+03
2.762360000000000127e+03
2.007559999999999945e+03
1.307109999999999900e+03
1.271099999999999909e+03
1.271099999999999909e+03
1.250000000000000000e+03
1.250000000000000000e+03
1.250000000000000000e+03
1.113309999999999945e+03
1.314569523809523844e+03
1.515829047619047742e+03
1.717088571428571413e+03
1.918348095238095311e+03
2.119607619047619210e+03
2.320867142857142881e+03
2.522126666666667006e+03
2.723386190476190677e+03
2.924645714285714348e+03
3.125905238095238474e+03
3.327164761904762145e+03
3.528424285714285816e+03
3.729683809523809941e+03
3.930943333333333612e+03
4.132202857142858193e+03
4.333462380952381864e+03
4.534721904761905535e+03
4.735981428571429205e+03
4.937240952380952876e+03
5.138500476190476547e+03
5.339760000000000218e+03
5.339760000000000218e+03
5.339760000000000218e+03
3.933590000000000146e+03
3.835480000000000018e+03
1.510430000000000064e+03
1.492190000000000055e+03
1.039650000000000091e+03
2.011897500000000036e+03
2.984145000000000437e+03
3.956392500000000382e+03
4.928640000000000327e+03
4.928640000000000327e+03
4.928640000000000327e+03
3.609380000000000109e+03
1.326599999999999909e+03
1.171880000000000109e+03
1.171880000000000109e+03
1.171880000000000109e+03
1.171880000000000109e+03
1.102880000000000109e+03
1.099948846153846262e+03
1.097017692307692414e+03
1.094086538461538566e+03
1.091155384615384719e+03
1.088224230769230871e+03
1.085293076923077024e+03
1.082361923076923176e+03
1.079430769230769329e+03
1.076499615384615481e+03
1.073568461538461634e+03
1.070637307692307786e+03
1.067706153846153939e+03
1.064775000000000091e+03
1.061843846153846243e+03
1.058912692307692396e+03
1.055981538461538548e+03
1.053050384615384701e+03
1.050119230769230853e+03
1.047188076923077006e+03
1.044256923076923158e+03
1.041325769230769311e+03
1.038394615384615463e+03
1.035463461538461615e+03
1.032532307692307768e+03
1.029601153846153920e+03
1.026670000000000073e+03
1.031180000000000064e+03
1.055700000000000045e+03
2.018420000000000073e+03
2.018420000000000073e+03
2.018420000000000073e+03
1.966980000000000018e+03
1.966980000000000018e+03
1.379750000000000000e+03
1.966980000000000018e+03
1.966980000000000018e+03
1.379750000000000000e+03
1.379750000000000000e+03
1.801680000000000064e+03
1.257490000000000009e+03
1.257490000000000009e+03
1.257490000000000009e+03
1.121089999999999918e+03
1.121089999999999918e+03
1.121089999999999918e+03
1.125930000000000064e+03
1.185839999999999918e+03
1.185839999999999918e+03
1.125930000000000064e+03
1.185839999999999918e+03
1.185839999999999918e+03
1.087970000000000027e+03
1.470779999999999973e+03
1.470779999999999973e+03
1.470779999999999973e+03
1.551829999999999927e+03
1.652630000000000109e+03
1.652630000000000109e+03
1.652630000000000109e+03
1.652630000000000109e+03
1.652630000000000109e+03
1.652630000000000109e+03
1.652630000000000109e+03
1.652630000000000109e+03
1.652630000000000109e+03
1.652630000000000109e+03
1.652630000000000109e+03
1.652630000000000109e+03
1.652630000000000109e+03
1.652630000000000109e+03
1.652630000000000109e+03
1.652630000000000109e+03
1.652630000000000109e+03
1.652630000000000109e+03
1.652630000000000109e+03
1.652630000000000109e+03
1.652630000000000109e+03
1.652630000000000109e+03
1.652630000000000109e+03
1.652630000000000109e+03
1.652630000000000109e+03
1.652630000000000109e+03
1.652630000000000109e+03
1.652630000000000109e+03
1.652630000000000109e+03
1.652630000000000109e+03
1.652630000000000109e+03
1.652630000000000109e+03
1.652630000000000109e+03
1.652630000000000109e+03
1.652630000000000109e+03
1.652630000000000109e+03
1.652630000000000109e+03
1.652630000000000109e+03
1.652630000000000109e+03
1.652630000000000109e+03
1.652630000000000109e+03
1.652630000000000109e+03
1.652630000000000109e+03
1.652630000000000109e+03
