-1e+10
-1e+10
-1e+10
-1e+10
-1e+10
-1e+10
-1e+10
-1e+10
-1e+10
-1e+10
-1e+10
-1e+10
-1e+10
-1e+10
-1e+10
-1e+10
-1e+10
-1e+10
-1e+10
-1e+10
-1e+10
-1e+10
-1e+10
-1e+10
-1e+10
-1e+10
-1e+10
-1e+10
-1e+10
-1e+10
-1e+10
-1e+10
-1e+10
-1e+10
-1e+10
-1e+10
-1e+10
-1e+10
-1e+10
-1e+10
-1e+10
-1e+10
-1e+10
-1e+10
-1e+10
-1e+10
-1e+10
5.37379
5.38132
5.38832
5.39348
5.39701
5.40018
5.40344
5.40646
5.40976
5.41386
5.41835
5.42271
5.42693
5.43159
5.43787
5.44612
5.45554
5.46495
5.47408
5.48276
5.49144
5.50038
5.50957
5.5187
5.52698
5.53451
5.54114
5.5471
5.5522
5.55641
5.55947
5.56051
5.55809
5.55254
5.55001
5.55681
5.57157
5.58887
5.6057
5.62211
5.63804
5.65144
5.66017
5.66499
5.66703
5.66815
5.67003
5.67335
5.67749
5.68167
5.68491
5.68665
5.68663
5.68418
5.67782
5.66678
5.64776
5.63147
5.57085
5.56892
5.57214
-1e+10
-1e+10
-1e+10
-1e+10
-1e+10
-1e+10
-1e+10
-1e+10
-1e+10
-1e+10
-1e+10
-1e+10
-1e+10
-1e+10
-1e+10
-1e+10
-1e+10
-1e+10
-1e+10
-1e+10
-1e+10
-1e+10
-1e+10
-1e+10
-1e+10
-1e+10
-1e+10
-1e+10
-1e+10
-1e+10
-1e+10
-1e+10
-1e+10
-1e+10
-1e+10
-1e+10
-1e+10
-1e+10
-1e+10
-1e+10
5.64829
5.5865
5.56569
5.55939
5.55707
5.55631
5.55636
5.55697
5.5584
5.56091
5.5641
5.56754
5.57162
5.57699
5.58326
5.58928
5.59526
5.60016
5.6045
5.60931
5.61482
5.61949
5.62364
5.62822
5.63335
5.63827
5.64293
5.64721
5.65055
5.65321
5.65538
5.65706
5.65838
5.65965
5.66129
5.66366
5.66667
5.6698
5.67251
5.67436
5.67479
5.67331
5.66967
5.66381
5.65528
5.64465
5.63719
5.62831
-1e+10
-1e+10
-1e+10
-1e+10
-1e+10
-1e+10
-1e+10
-1e+10
-1e+10
-1e+10
-1e+10
-1e+10
-1e+10
-1e+10
-1e+10
5.77008
5.77227
5.7527
5.73546
5.72181
5.71079
5.70164
5.69404
5.68774
5.68252
5.67842
5.67516
5.67226
5.66964
5.66752
5.66592
5.66436
5.66198
5.65804
5.65148
5.6406
5.62624
5.60311
5.5897
5.58867
-1e+10
-1e+10
-1e+10
-1e+10
-1e+10
-1e+10
-1e+10
-1e+10
-1e+10
-1e+10
-1e+10
-1e+10
-1e+10
-1e+10
-1e+10
-1e+10
-1e+10
-1e+10
-1e+10
-1e+10
-1e+10
-1e+10
-1e+10
-1e+10
-1e+10
-1e+10
-1e+10
-1e+10
-1e+10
-1e+10
5.30705
5.30249
5.24279
5.23689
5.22347
5.21393
5.20874
5.20401
5.20053
5.19861
5.19898
5.20123
5.20396
5.20558
5.20464
5.20093
5.19517
5.19035
5.18694
5.1851
5.18547
5.18703
5.18784
5.18714
5.18477
5.18073
5.17435
5.16217
5.13833
-1e+10
-1e+10
-1e+10
-1e+10
-1e+10
-1e+10
-1e+10
-1e+10
-1e+10
-1e+10
-1e+10
-1e+10
-1e+10
-1e+10
-1e+10
-1e+10
-1e+10
-1e+10
-1e+10
-1e+10
-1e+10
-1e+10
-1e+10
-1e+10
-1e+10
-1e+10
-1e+10
-1e+10
-1e+10
-1e+10
-1e+10
-1e+10
-1e+10
-1e+10
-1e+10
-1e+10
-1e+10
-1e+10
-1e+10
-1e+10
-1e+10
-1e+10
-1e+10
-1e+10
-1e+10
-1e+10
-1e+10
-1e+10
-1e+10
-1e+10
-1e+10
-1e+10
-1e+10
-1e+10
-1e+10
-1e+10
-1e+10
-1e+10
-1e+10
-1e+10
-1e+10
-1e+10
-1e+10
-1e+10
-1e+10
-1e+10
