5.573170000000000179e+00
5.573170000000000179e+00
5.573170000000000179e+00
5.573170000000000179e+00
5.573170000000000179e+00
5.573170000000000179e+00
5.573170000000000179e+00
5.573170000000000179e+00
5.573170000000000179e+00
5.573170000000000179e+00
5.573170000000000179e+00
5.573170000000000179e+00
5.573170000000000179e+00
5.573170000000000179e+00
5.573170000000000179e+00
5.573170000000000179e+00
5.573170000000000179e+00
5.573170000000000179e+00
5.573170000000000179e+00
5.573170000000000179e+00
5.573170000000000179e+00
5.573170000000000179e+00
5.573170000000000179e+00
5.573170000000000179e+00
5.573170000000000179e+00
5.573170000000000179e+00
5.573170000000000179e+00
5.573170000000000179e+00
5.573170000000000179e+00
5.573170000000000179e+00
5.573170000000000179e+00
5.573170000000000179e+00
5.573170000000000179e+00
5.573170000000000179e+00
5.573170000000000179e+00
5.573170000000000179e+00
5.573170000000000179e+00
5.573170000000000179e+00
5.573170000000000179e+00
5.573170000000000179e+00
5.573170000000000179e+00
5.573170000000000179e+00
5.573170000000000179e+00
5.573170000000000179e+00
5.573170000000000179e+00
5.563559999999999839e+00
5.562540000000000262e+00
5.563180000000000014e+00
5.563679999999999737e+00
5.563769999999999882e+00
5.563860000000000028e+00
5.564479999999999649e+00
5.565559999999999619e+00
5.566480000000000317e+00
5.566499999999999559e+00
5.564809999999999590e+00
5.559420000000000250e+00
5.543820000000000192e+00
5.498639999999999972e+00
5.456050000000000288e+00
5.437030000000000030e+00
5.424260000000000304e+00
5.413649999999999629e+00
5.405649999999999622e+00
5.399820000000000064e+00
5.395400000000000418e+00
5.392389999999999795e+00
5.391000000000000014e+00
5.390740000000000087e+00
5.391490000000000116e+00
5.395290000000000141e+00
5.410490000000000244e+00
5.471230000000000260e+00
5.555990000000000428e+00
5.569099999999999717e+00
5.578140000000000320e+00
5.586420000000000385e+00
5.591560000000000308e+00
5.594149999999999956e+00
5.594109999999999694e+00
5.591540000000000177e+00
5.587679999999999758e+00
5.584489999999999732e+00
5.582810000000000272e+00
5.582419999999999938e+00
5.583140000000000214e+00
5.584789999999999921e+00
5.586929999999999730e+00
5.589120000000000310e+00
5.591269999999999740e+00
5.593709999999999738e+00
5.596879999999999633e+00
5.600679999999999659e+00
5.605000000000000426e+00
5.609700000000000131e+00
5.614989999999999704e+00
5.620730000000000004e+00
5.626900000000000013e+00
5.632590000000000430e+00
5.635939999999999728e+00
5.636680000000000135e+00
5.636190000000000033e+00
5.635889999999999844e+00
5.635970000000000368e+00
5.635959999999999859e+00
5.635570000000000412e+00
5.634879999999999889e+00
5.634229999999999627e+00
5.633790000000000298e+00
5.633359999999999701e+00
5.632819999999999716e+00
5.632299999999999862e+00
5.631910000000000416e+00
5.631109999999999616e+00
5.628779999999999895e+00
5.622449999999999726e+00
5.607750000000000234e+00
5.564799999999999969e+00
5.530610000000000248e+00
5.514549999999999841e+00
5.509689999999999976e+00
5.509780000000000122e+00
5.512209999999999610e+00
5.524205833333333260e+00
5.536201666666666021e+00
5.548197499999999671e+00
5.560193333333333321e+00
5.572189166666666083e+00
5.584184999999999732e+00
5.596180833333333382e+00
5.608176666666666144e+00
5.620172499999999793e+00
5.632168333333333443e+00
5.644164166666666205e+00
5.656159999999999854e+00
5.653599999999999959e+00
5.649569999999999759e+00
5.634380000000000166e+00
5.615300000000000402e+00
5.595589999999999620e+00
5.576920000000000321e+00
5.562179999999999680e+00
5.553849999999999731e+00
5.551459999999999617e+00
5.551650000000000418e+00
5.551789999999999559e+00
5.551720000000000432e+00
5.551750000000000185e+00
5.551599999999999646e+00
5.550980000000000025e+00
5.549970000000000070e+00
5.549059999999999881e+00
5.548890000000000100e+00
5.549680000000000391e+00
5.551330000000000098e+00
5.555130000000000123e+00
5.563130000000000130e+00
5.574250000000000149e+00
5.584539999999999615e+00
5.589719999999999800e+00
5.589349999999999596e+00
5.586540000000000283e+00
5.583219999999999850e+00
5.580079999999999707e+00
5.578229999999999578e+00
5.578369999999999607e+00
5.579979999999999940e+00
5.582119999999999749e+00
5.584329999999999572e+00
5.587030000000000385e+00
5.590970000000000439e+00
5.596709999999999852e+00
5.603679999999999772e+00
5.610920000000000130e+00
5.617420000000000080e+00
5.622639999999999638e+00
5.627100000000000435e+00
5.631789999999999630e+00
5.637669999999999959e+00
5.645710000000000228e+00
5.655979999999999563e+00
5.667629999999999946e+00
5.679700000000000415e+00
5.691550000000000331e+00
5.702560000000000073e+00
5.712089999999999890e+00
5.719809999999999839e+00
5.724990000000000023e+00
5.727310000000000123e+00
5.726700000000000124e+00
5.723510000000000097e+00
5.718149999999999622e+00
5.710700000000000109e+00
5.700999999999999623e+00
5.688649999999999984e+00
5.674769999999999648e+00
5.677229090909090559e+00
5.679688181818181469e+00
5.682147272727272380e+00
5.684606363636363291e+00
5.687065454545454202e+00
5.689524545454545112e+00
5.691983636363636023e+00
5.694442727272726934e+00
5.696901818181817845e+00
5.699360909090908756e+00
5.701819999999999666e+00
5.704279090909090577e+00
5.706738181818181488e+00
5.709197272727272399e+00
5.711656363636363309e+00
5.714115454545454220e+00
5.716574545454545131e+00
5.719033636363636042e+00
5.721492727272726952e+00
5.723951818181817863e+00
5.726410909090908774e+00
5.728869999999999685e+00
5.702569999999999695e+00
5.610909999999999620e+00
5.592999999999999972e+00
5.578909999999999592e+00
5.565389999999999837e+00
5.551319999999999588e+00
5.535969999999999835e+00
5.519730000000000025e+00
5.505259999999999820e+00
5.493929999999999758e+00
5.485009999999999941e+00
5.477039999999999687e+00
5.470369999999999955e+00
5.464789999999999814e+00
5.460210000000000008e+00
5.455610000000000070e+00
5.450700000000000323e+00
5.446189999999999642e+00
5.441930000000000156e+00
5.437339999999999840e+00
5.432409999999999961e+00
5.427139999999999631e+00
5.421120000000000161e+00
5.414360000000000284e+00
5.406410000000000160e+00
5.398480000000000167e+00
5.391020000000000145e+00
5.384269999999999889e+00
5.377460000000000129e+00
5.370499999999999829e+00
5.362899999999999778e+00
5.354009999999999714e+00
5.343329999999999913e+00
5.332959999999999923e+00
5.325470000000000148e+00
5.320949999999999847e+00
5.317569999999999908e+00
5.314549999999999663e+00
5.312240000000000073e+00
5.310629999999999740e+00
5.309800000000000075e+00
5.309910000000000352e+00
5.311020000000000074e+00
5.312429999999999986e+00
5.312429999999999986e+00
5.309580000000000410e+00
5.303079999999999572e+00
5.295799999999999841e+00
5.289410000000000167e+00
5.285569999999999879e+00
5.282930000000000348e+00
5.279840000000000089e+00
5.272800000000000153e+00
5.265959999999999752e+00
5.276697999999999666e+00
5.287435999999999581e+00
5.298173999999999495e+00
5.308911999999999409e+00
5.319649999999999324e+00
5.330388000000000126e+00
5.341126000000000040e+00
5.351863999999999955e+00
5.362601999999999869e+00
5.373339999999999783e+00
5.359040000000000248e+00
5.345119999999999649e+00
5.340010000000000367e+00
5.339610000000000412e+00
5.339080000000000048e+00
5.335320000000000285e+00
5.326399999999999579e+00
5.309450000000000003e+00
5.283050000000000246e+00
5.255390000000000228e+00
5.260120370370370502e+00
5.264850740740740775e+00
5.269581111111111049e+00
5.274311481481481323e+00
5.279041851851852485e+00
5.283772222222222759e+00
5.288502592592593032e+00
5.293232962962963306e+00
5.297963333333333580e+00
5.302693703703703854e+00
5.307424074074074127e+00
5.312154444444444401e+00
5.316884814814814675e+00
5.321615185185185837e+00
5.326345555555556111e+00
5.331075925925926384e+00
5.335806296296296658e+00
5.340536666666666932e+00
5.345267037037037205e+00
5.349997407407407479e+00
5.354727777777777753e+00
5.359458148148148027e+00
5.364188518518519189e+00
5.368918888888889462e+00
5.373649259259259736e+00
5.378379629629630010e+00
5.383110000000000284e+00
5.382649999999999935e+00
5.381689999999999863e+00
5.381409999999999805e+00
5.382769999999999833e+00
5.385580000000000034e+00
5.387360000000000149e+00
5.387109999999999843e+00
5.385570000000000412e+00
5.384070000000000356e+00
5.384599999999999831e+00
5.389649999999999608e+00
5.397199999999999775e+00
5.400450000000000195e+00
5.400299999999999656e+00
5.401469999999999771e+00
5.405140000000000278e+00
5.409720000000000084e+00
5.414600000000000080e+00
5.420530000000000292e+00
5.427509999999999835e+00
5.433500000000000441e+00
5.436869999999999870e+00
5.437890000000000335e+00
5.438139999999999752e+00
5.438699999999999868e+00
5.439300000000000246e+00
5.439600000000000435e+00
5.439869999999999983e+00
5.440360000000000085e+00
5.441519999999999690e+00
5.443089999999999762e+00
5.444239999999999746e+00
5.444090000000000096e+00
5.442239999999999966e+00
5.438699999999999868e+00
5.433790000000000120e+00
5.427159999999999762e+00
5.418770000000000309e+00
5.410050000000000026e+00
5.401740000000000208e+00
5.394120000000000026e+00
5.387159999999999727e+00
5.380700000000000038e+00
5.374769999999999825e+00
5.369139999999999802e+00
5.363730000000000331e+00
5.358389999999999986e+00
5.352809999999999846e+00
5.346540000000000070e+00
5.339260000000000339e+00
5.331140000000000434e+00
5.322420000000000151e+00
5.313159999999999883e+00
5.303510000000000169e+00
5.294419999999999682e+00
5.287250000000000227e+00
5.282680000000000042e+00
5.280459999999999710e+00
5.280429999999999957e+00
5.282469999999999999e+00
5.286150000000000126e+00
5.290849999999999831e+00
5.296009999999999884e+00
5.301300000000000345e+00
5.306020000000000181e+00
5.308550000000000324e+00
5.308340000000000281e+00
5.306070000000000064e+00
5.302669999999999995e+00
5.298700000000000188e+00
5.294179999999999886e+00
5.289959999999999773e+00
5.287130000000000329e+00
5.284909999999999997e+00
5.282070000000000043e+00
5.278310000000000279e+00
5.274750000000000050e+00
5.271349999999999980e+00
5.267220000000000013e+00
5.262909999999999755e+00
5.259170000000000122e+00
5.254419999999999646e+00
5.248470000000000191e+00
5.240000000000000213e+00
5.231760000000000410e+00
5.227360000000000007e+00
5.225150000000000183e+00
5.222419999999999618e+00
5.218119999999999870e+00
5.213689999999999714e+00
5.209399999999999586e+00
5.205729999999999968e+00
5.205700000000000216e+00
5.210060000000000358e+00
5.215499999999999581e+00
5.217789999999999928e+00
5.217450000000000365e+00
5.216339999999999755e+00
5.215300000000000047e+00
5.215130000000000265e+00
5.216149999999999842e+00
5.216649999999999565e+00
5.215639999999999610e+00
5.214570000000000149e+00
5.215160000000000018e+00
5.217240000000000322e+00
5.218519999999999825e+00
5.217360000000000220e+00
5.214000000000000412e+00
5.209419999999999717e+00
5.203430000000000000e+00
5.195739999999999803e+00
5.186280000000000001e+00
5.175460000000000171e+00
5.166400000000000325e+00
5.164889999999999759e+00
5.174120000000000275e+00
5.174120000000000275e+00
5.174120000000000275e+00
5.174120000000000275e+00
5.174120000000000275e+00
5.174120000000000275e+00
5.174120000000000275e+00
5.174120000000000275e+00
5.174120000000000275e+00
5.174120000000000275e+00
5.174120000000000275e+00
5.174120000000000275e+00
5.174120000000000275e+00
5.174120000000000275e+00
5.174120000000000275e+00
5.174120000000000275e+00
5.174120000000000275e+00
5.174120000000000275e+00
5.174120000000000275e+00
5.174120000000000275e+00
5.174120000000000275e+00
5.174120000000000275e+00
5.174120000000000275e+00
5.174120000000000275e+00
5.174120000000000275e+00
5.174120000000000275e+00
5.174120000000000275e+00
5.174120000000000275e+00
5.174120000000000275e+00
5.174120000000000275e+00
5.174120000000000275e+00
5.174120000000000275e+00
5.174120000000000275e+00
5.174120000000000275e+00
5.174120000000000275e+00
5.174120000000000275e+00
5.174120000000000275e+00
5.174120000000000275e+00
5.174120000000000275e+00
5.174120000000000275e+00
5.174120000000000275e+00
5.174120000000000275e+00
5.174120000000000275e+00
5.174120000000000275e+00
5.174120000000000275e+00
5.174120000000000275e+00
5.174120000000000275e+00
5.174120000000000275e+00
