1.001080000000000041e+03
1.001080000000000041e+03
1.001080000000000041e+03
1.001080000000000041e+03
1.001080000000000041e+03
1.001080000000000041e+03
1.001080000000000041e+03
1.001080000000000041e+03
1.001080000000000041e+03
1.001080000000000041e+03
1.001080000000000041e+03
1.001080000000000041e+03
1.001080000000000041e+03
1.001080000000000041e+03
1.001080000000000041e+03
1.001080000000000041e+03
1.001080000000000041e+03
1.001080000000000041e+03
1.001080000000000041e+03
1.001080000000000041e+03
1.001080000000000041e+03
1.001080000000000041e+03
1.001080000000000041e+03
1.001080000000000041e+03
1.001080000000000041e+03
1.001080000000000041e+03
1.131579999999999927e+03
1.172200000000000045e+03
1.453119999999999891e+03
1.750000000000000000e+03
1.845690000000000055e+03
1.845690000000000055e+03
1.845690000000000055e+03
1.826789999999999964e+03
1.826789999999999964e+03
1.826789999999999964e+03
1.883390000000000100e+03
3.116739999999999782e+03
4.328579999999999927e+03
4.742130000000000109e+03
4.742130000000000109e+03
4.871010000000000218e+03
5.906250000000000000e+03
5.906250000000000000e+03
6.241539999999999964e+03
6.364670000000000073e+03
6.364670000000000073e+03
6.546880000000000109e+03
6.546880000000000109e+03
5.169909999999999854e+03
3.468750000000000000e+03
2.344139999999999873e+03
2.233730000000000018e+03
1.935119999999999891e+03
1.935119999999999891e+03
1.935119999999999891e+03
6.994500000000000000e+03
6.994500000000000000e+03
6.994500000000000000e+03
5.500000000000000000e+03
5.500000000000000000e+03
5.500000000000000000e+03
5.390619999999999891e+03
6.782250000000000000e+03
7.499270000000000437e+03
6.782250000000000000e+03
6.386630000000000109e+03
6.386630000000000109e+03
6.386630000000000109e+03
6.386630000000000109e+03
6.582439999999999600e+03
6.985920000000000073e+03
7.615250000000000000e+03
6.985920000000000073e+03
6.733439999999999600e+03
6.870500000000000000e+03
6.870500000000000000e+03
6.870500000000000000e+03
6.939130000000000109e+03
7.343750000000000000e+03
7.533939999999999600e+03
7.533939999999999600e+03
7.533939999999999600e+03
7.533939999999999600e+03
7.730350000000000364e+03
6.733819999999999709e+03
6.427420000000000073e+03
7.292979999999999563e+03
7.292979999999999563e+03
6.427420000000000073e+03
7.292979999999999563e+03
7.292979999999999563e+03
6.379170000000000073e+03
4.899869999999999891e+03
3.564519999999999982e+03
2.842989999999999782e+03
2.812500000000000000e+03
2.812500000000000000e+03
2.842989999999999782e+03
2.812500000000000000e+03
3.672449999999999818e+03
4.505020000000000437e+03
4.505020000000000437e+03
1.725130000000000109e+03
1.489740000000000009e+03
1.203119999999999891e+03
1.002730000000000018e+03
1.003504561403508774e+03
1.004279122807017529e+03
1.005053684210526285e+03
1.005828245614035154e+03
1.006602807017543910e+03
1.007377368421052665e+03
1.008151929824561421e+03
1.008926491228070176e+03
1.009701052631578932e+03
1.010475614035087801e+03
1.011250175438596557e+03
1.012024736842105312e+03
1.012799298245614068e+03
1.013573859649122824e+03
1.014348421052631579e+03
1.015122982456140448e+03
1.015897543859649204e+03
1.016672105263157960e+03
1.017446666666666715e+03
1.018221228070175471e+03
1.018995789473684226e+03
1.019770350877192982e+03
1.020544912280701851e+03
1.021319473684210607e+03
1.022094035087719362e+03
1.022868596491228118e+03
1.023643157894736873e+03
1.024417719298245629e+03
1.025192280701754498e+03
1.025966842105263140e+03
1.026741403508772009e+03
1.027515964912280879e+03
1.028290526315789521e+03
1.029065087719298390e+03
1.029839649122807032e+03
1.030614210526315901e+03
1.031388771929824543e+03
1.032163333333333412e+03
1.032937894736842281e+03
1.033712456140350923e+03
1.034487017543859793e+03
1.035261578947368434e+03
1.036036140350877304e+03
1.036810701754385946e+03
1.037585263157894815e+03
1.038359824561403684e+03
1.039134385964912326e+03
1.039908947368421195e+03
1.040683508771929837e+03
1.041458070175438706e+03
1.042232631578947576e+03
1.043007192982456218e+03
1.043781754385965087e+03
1.044556315789473729e+03
1.045330877192982598e+03
1.046105438596491240e+03
1.046880000000000109e+03
1.395359999999999900e+03
1.448029999999999973e+03
1.448029999999999973e+03
1.484380000000000109e+03
2.140619999999999891e+03
2.511559999999999945e+03
3.316980000000000018e+03
4.710420000000000073e+03
4.941829999999999927e+03
4.941829999999999927e+03
6.234789999999999964e+03
6.234789999999999964e+03
6.383949999999999818e+03
6.234789999999999964e+03
4.813789999999999964e+03
4.347609999999999673e+03
4.090030000000000200e+03
2.161099999999999909e+03
1.660450000000000045e+03
1.660450000000000045e+03
1.281250000000000000e+03
1.660450000000000045e+03
3.453119999999999891e+03
3.453119999999999891e+03
1.281250000000000000e+03
1.800559999999999945e+03
1.273049999999999955e+03
1.091680000000000064e+03
1.253116363636363758e+03
1.414552727272727225e+03
1.575989090909090919e+03
1.737425454545454613e+03
1.898861818181818080e+03
2.060298181818181547e+03
2.221734545454545241e+03
2.383170909090908935e+03
2.544607272727272630e+03
2.706043636363636324e+03
2.867479999999999563e+03
3.028916363636363712e+03
3.190352727272726952e+03
3.351789090909090191e+03
3.513225454545454340e+03
3.674661818181817580e+03
3.836098181818181729e+03
3.997534545454544968e+03
4.158970909090908208e+03
4.320407272727272357e+03
4.481843636363635596e+03
4.643279999999999745e+03
5.468750000000000000e+03
6.748680000000000291e+03
5.468750000000000000e+03
5.468750000000000000e+03
5.495079999999999927e+03
5.328550000000000182e+03
5.328550000000000182e+03
5.495079999999999927e+03
6.786380000000000109e+03
6.786380000000000109e+03
6.786380000000000109e+03
6.718750000000000000e+03
6.718750000000000000e+03
6.718750000000000000e+03
6.718750000000000000e+03
6.718750000000000000e+03
6.648579999999999927e+03
5.474050000000000182e+03
2.426679999999999836e+03
1.117190000000000055e+03
1.109380000000000109e+03
1.109380000000000109e+03
1.109380000000000109e+03
1.109380000000000109e+03
1.109380000000000109e+03
1.109380000000000109e+03
1.109380000000000109e+03
1.109380000000000109e+03
1.109380000000000109e+03
1.109380000000000109e+03
1.109380000000000109e+03
1.109380000000000109e+03
1.109380000000000109e+03
1.109380000000000109e+03
1.109380000000000109e+03
1.109380000000000109e+03
1.109380000000000109e+03
1.109380000000000109e+03
1.109380000000000109e+03
1.109380000000000109e+03
1.109380000000000109e+03
1.109380000000000109e+03
1.109380000000000109e+03
1.109380000000000109e+03
1.109380000000000109e+03
1.109380000000000109e+03
1.109380000000000109e+03
1.109380000000000109e+03
1.109380000000000109e+03
1.109380000000000109e+03
1.109380000000000109e+03
1.109380000000000109e+03
1.109380000000000109e+03
1.109380000000000109e+03
1.109380000000000109e+03
1.109380000000000109e+03
1.109380000000000109e+03
1.109380000000000109e+03
1.109380000000000109e+03
1.109380000000000109e+03
1.109380000000000109e+03
1.109380000000000109e+03
1.109380000000000109e+03
1.109380000000000109e+03
1.109380000000000109e+03
