5.516140000000000043e+00
5.516140000000000043e+00
5.516140000000000043e+00
5.516140000000000043e+00
5.516140000000000043e+00
5.516140000000000043e+00
5.516140000000000043e+00
5.516140000000000043e+00
5.516140000000000043e+00
5.516140000000000043e+00
5.516140000000000043e+00
5.516140000000000043e+00
5.516140000000000043e+00
5.516140000000000043e+00
5.516140000000000043e+00
5.516140000000000043e+00
5.516140000000000043e+00
5.516140000000000043e+00
5.516140000000000043e+00
5.516140000000000043e+00
5.516140000000000043e+00
5.516140000000000043e+00
5.516140000000000043e+00
5.516140000000000043e+00
5.516140000000000043e+00
5.516140000000000043e+00
5.516140000000000043e+00
5.480970000000000120e+00
5.451859999999999928e+00
5.430039999999999978e+00
5.413730000000000153e+00
5.402050000000000018e+00
5.394479999999999720e+00
5.389339999999999797e+00
5.384319999999999773e+00
5.377880000000000216e+00
5.369100000000000428e+00
5.357420000000000293e+00
5.343069999999999986e+00
5.329019999999999868e+00
5.324239999999999640e+00
5.336850000000000094e+00
5.357520000000000060e+00
5.372480000000000366e+00
5.385167272727272803e+00
5.397854545454546127e+00
5.410541818181818563e+00
5.423229090909090999e+00
5.435916363636363435e+00
5.448603636363636760e+00
5.461290909090909196e+00
5.473978181818181632e+00
5.486665454545454068e+00
5.499352727272727392e+00
5.512039999999999829e+00
5.516210000000000058e+00
5.518849999999999589e+00
5.521069999999999922e+00
5.524040000000000283e+00
5.528649999999999842e+00
5.534790000000000099e+00
5.540759999999999685e+00
5.546330000000000204e+00
5.551800000000000068e+00
5.557929999999999815e+00
5.564669999999999561e+00
5.569890000000000008e+00
5.572409999999999641e+00
5.572149999999999714e+00
5.569630000000000081e+00
5.565210000000000434e+00
5.558740000000000236e+00
5.550900000000000389e+00
5.541570000000000107e+00
5.531850000000000378e+00
5.521840000000000082e+00
5.512859999999999872e+00
5.505349999999999966e+00
5.499460000000000015e+00
5.513926666666666421e+00
5.528393333333333715e+00
5.542860000000000120e+00
5.557326666666666526e+00
5.571793333333333820e+00
5.586260000000000225e+00
5.578879999999999839e+00
5.587170000000000414e+00
5.605070000000000441e+00
5.628230000000000288e+00
5.636253529411765051e+00
5.644277058823529813e+00
5.652300588235294576e+00
5.660324117647059339e+00
5.668347647058824101e+00
5.676371176470588864e+00
5.684394705882353627e+00
5.692418235294118389e+00
5.700441764705882264e+00
5.708465294117647026e+00
5.716488823529411789e+00
5.724512352941176552e+00
5.732535882352941314e+00
5.740559411764706077e+00
5.748582941176470840e+00
5.756606470588235602e+00
5.764630000000000365e+00
5.777929999999999566e+00
5.790099999999999802e+00
5.798020000000000174e+00
5.802439999999999820e+00
5.804570000000000007e+00
5.805080000000000240e+00
5.804210000000000313e+00
5.802399999999999558e+00
5.800119999999999720e+00
5.797279999999999767e+00
5.793339999999999712e+00
5.786699999999999733e+00
5.771200000000000330e+00
5.715440000000000076e+00
5.709590000000000387e+00
5.711459999999999759e+00
5.716829999999999856e+00
5.721610000000000085e+00
5.725850000000000328e+00
5.733470833333333516e+00
5.741091666666666704e+00
5.748712499999999892e+00
5.756333333333333968e+00
5.763954166666667156e+00
5.771575000000000344e+00
5.779195833333333532e+00
5.786816666666666720e+00
5.794437500000000796e+00
5.802058333333333984e+00
5.809679166666667172e+00
5.817300000000000360e+00
5.824920833333333547e+00
5.832541666666666735e+00
5.840162499999999923e+00
5.847783333333333999e+00
5.855404166666667187e+00
5.863025000000000375e+00
5.870645833333333563e+00
5.878266666666666751e+00
5.885887500000000827e+00
5.893508333333334015e+00
5.901129166666667203e+00
5.908750000000000391e+00
5.910529999999999617e+00
5.892859999999999765e+00
5.858109999999999928e+00
5.850130000000000052e+00
5.843989999999999796e+00
5.839859999999999829e+00
5.837259999999999671e+00
5.835009999999999586e+00
5.832709999999999617e+00
5.830619999999999692e+00
5.829010000000000247e+00
5.827779999999999738e+00
5.826670000000000016e+00
5.825429999999999886e+00
5.824089999999999989e+00
5.822869999999999990e+00
5.821819999999999773e+00
5.820809999999999818e+00
5.819840000000000124e+00
5.819189999999999863e+00
5.819180000000000241e+00
5.819740000000000357e+00
5.820439999999999614e+00
5.820829999999999949e+00
5.820570000000000022e+00
5.819189999999999863e+00
5.816060000000000230e+00
5.811169999999999725e+00
5.804759999999999920e+00
5.795370000000000132e+00
5.785669999999999646e+00
5.777199999999999669e+00
5.771189999999999820e+00
5.765659999999999563e+00
5.760500000000000398e+00
5.752959999999999852e+00
5.746410400000000251e+00
5.739860799999999763e+00
5.733311200000000163e+00
5.726761599999999675e+00
5.720212000000000074e+00
5.713662399999999586e+00
5.707112799999999986e+00
5.700563199999999497e+00
5.694013599999999897e+00
5.687464000000000297e+00
5.680914399999999809e+00
5.674364800000000209e+00
5.667815199999999720e+00
5.661265600000000120e+00
5.654715999999999632e+00
5.648166400000000031e+00
5.641616800000000431e+00
5.635067199999999943e+00
5.628517600000000343e+00
5.621967999999999854e+00
5.615418400000000254e+00
5.608868799999999766e+00
5.602319200000000166e+00
5.595769599999999677e+00
5.589220000000000077e+00
5.583149999999999835e+00
5.577589999999999826e+00
5.574300000000000033e+00
5.575700000000000323e+00
5.579229999999999912e+00
5.580189999999999984e+00
5.577329999999999899e+00
5.569110000000000227e+00
5.556630000000000180e+00
5.558799583333333238e+00
5.560969166666667185e+00
5.563138750000000243e+00
5.565308333333333302e+00
5.567477916666666360e+00
5.569647500000000306e+00
5.571817083333333365e+00
5.573986666666666423e+00
5.576156250000000369e+00
5.578325833333333428e+00
5.580495416666666486e+00
5.582665000000000433e+00
5.584834583333333491e+00
5.587004166666666549e+00
5.589173749999999607e+00
5.591343333333333554e+00
5.593512916666666612e+00
5.595682499999999671e+00
5.597852083333333617e+00
5.600021666666666675e+00
5.602191249999999734e+00
5.604360833333332792e+00
5.606530416666666738e+00
5.608699999999999797e+00
5.578649999999999665e+00
5.510939999999999728e+00
5.494250000000000078e+00
5.475819999999999688e+00
5.355699999999999683e+00
5.325319999999999609e+00
5.315660000000000274e+00
5.310599999999999987e+00
5.306750000000000078e+00
5.303740000000000343e+00
5.301960000000000228e+00
5.301449999999999996e+00
5.302010000000000112e+00
5.303550000000000431e+00
5.305839999999999890e+00
5.308419999999999916e+00
5.310679999999999623e+00
5.312129999999999797e+00
5.312509999999999621e+00
5.311560000000000059e+00
5.308600000000000207e+00
5.302489999999999704e+00
5.292110000000000092e+00
5.277400000000000091e+00
5.263600000000000279e+00
5.268250000000000099e+00
5.303560000000000052e+00
5.372720000000000162e+00
5.433840000000000003e+00
5.449390000000000178e+00
5.420679999999999943e+00
5.375049999999999883e+00
5.360030000000000072e+00
5.354650000000000354e+00
5.353180000000000049e+00
5.353670000000000151e+00
5.355220000000000091e+00
5.357169999999999987e+00
5.358929999999999971e+00
5.360490000000000421e+00
5.361069999999999780e+00
5.358649999999999913e+00
5.350100000000000300e+00
5.342640000000000278e+00
5.340230000000000032e+00
5.339070000000000427e+00
5.320219999999999949e+00
5.314169999999999838e+00
5.313970000000000304e+00
5.276506190476190739e+00
5.239042380952381173e+00
5.201578571428571607e+00
5.164114761904762041e+00
5.126650952380952475e+00
5.089187142857142909e+00
5.051723333333333343e+00
5.014259523809523778e+00
4.976795714285714212e+00
4.939331904761905534e+00
4.901868095238095080e+00
4.864404285714286402e+00
4.826940476190476836e+00
4.789476666666667271e+00
4.752012857142857705e+00
4.714549047619048139e+00
4.677085238095238573e+00
4.639621428571429007e+00
4.602157619047619441e+00
4.564693809523809875e+00
4.527230000000000310e+00
4.523570000000000313e+00
4.519529999999999603e+00
4.515979999999999883e+00
4.514820000000000277e+00
4.539620000000000211e+00
4.539220000000000255e+00
4.536229999999999762e+00
4.711594999999999978e+00
4.886960000000000193e+00
5.062324999999999520e+00
5.237689999999999735e+00
5.245739999999999625e+00
5.247860000000000191e+00
5.247749999999999915e+00
5.248479999999999812e+00
5.263600000000000279e+00
5.276030000000000442e+00
5.276539999999999786e+00
5.274429999999999730e+00
5.272840000000000416e+00
5.245431923076923297e+00
5.218023846153846179e+00
5.190615769230769949e+00
5.163207692307692831e+00
5.135799615384615713e+00
5.108391538461538595e+00
5.080983461538461476e+00
5.053575384615385246e+00
5.026167307692308128e+00
4.998759230769231010e+00
4.971351153846153892e+00
4.943943076923076774e+00
4.916534999999999656e+00
4.889126923076923426e+00
4.861718846153846307e+00
4.834310769230769189e+00
4.806902692307692071e+00
4.779494615384614953e+00
4.752086538461538723e+00
4.724678461538461605e+00
4.697270384615384486e+00
4.669862307692307368e+00
4.642454230769230250e+00
4.615046153846154020e+00
4.587638076923076902e+00
4.560229999999999784e+00
4.549319999999999808e+00
4.542159999999999975e+00
4.517470000000000319e+00
4.515489999999999782e+00
4.515340000000000131e+00
4.516490000000000116e+00
4.489919999999999689e+00
4.491100000000000314e+00
4.489489999999999981e+00
4.456299999999999706e+00
4.451780000000000292e+00
4.481969999999999565e+00
4.484440000000000204e+00
4.483920000000000350e+00
4.486189999999999678e+00
4.496920000000000250e+00
4.537840000000000096e+00
4.540499999999999758e+00
4.535849999999999937e+00
4.536999999999999922e+00
4.545580000000000176e+00
4.555900000000000283e+00
4.570330000000000226e+00
4.589220000000000077e+00
4.603439999999999976e+00
4.616430000000000256e+00
4.622090000000000032e+00
4.622700000000000031e+00
4.620370000000000310e+00
4.617239999999999789e+00
4.613800000000000345e+00
4.611880000000000202e+00
4.620250000000000412e+00
4.620250000000000412e+00
4.620250000000000412e+00
4.620250000000000412e+00
4.620250000000000412e+00
4.620250000000000412e+00
4.620250000000000412e+00
4.620250000000000412e+00
4.620250000000000412e+00
4.620250000000000412e+00
4.620250000000000412e+00
4.620250000000000412e+00
4.620250000000000412e+00
4.620250000000000412e+00
4.620250000000000412e+00
4.620250000000000412e+00
4.620250000000000412e+00
4.620250000000000412e+00
4.620250000000000412e+00
4.620250000000000412e+00
4.620250000000000412e+00
4.620250000000000412e+00
4.620250000000000412e+00
4.620250000000000412e+00
4.620250000000000412e+00
4.620250000000000412e+00
4.620250000000000412e+00
4.620250000000000412e+00
4.620250000000000412e+00
4.620250000000000412e+00
4.620250000000000412e+00
4.620250000000000412e+00
4.620250000000000412e+00
4.620250000000000412e+00
4.620250000000000412e+00
4.620250000000000412e+00
4.620250000000000412e+00
4.620250000000000412e+00
4.620250000000000412e+00
4.620250000000000412e+00
4.620250000000000412e+00
4.620250000000000412e+00
