6.926989999999999782e+03
6.926989999999999782e+03
6.926989999999999782e+03
6.926989999999999782e+03
6.926989999999999782e+03
6.926989999999999782e+03
6.926989999999999782e+03
6.926989999999999782e+03
6.926989999999999782e+03
6.926989999999999782e+03
6.926989999999999782e+03
6.926989999999999782e+03
6.926989999999999782e+03
6.926989999999999782e+03
6.926989999999999782e+03
6.926989999999999782e+03
6.926989999999999782e+03
6.926989999999999782e+03
6.926989999999999782e+03
6.926989999999999782e+03
6.926989999999999782e+03
6.926989999999999782e+03
6.926989999999999782e+03
6.926989999999999782e+03
6.926989999999999782e+03
6.926989999999999782e+03
6.926989999999999782e+03
6.926989999999999782e+03
6.926989999999999782e+03
6.926989999999999782e+03
6.926989999999999782e+03
6.926989999999999782e+03
6.926989999999999782e+03
6.926989999999999782e+03
6.926989999999999782e+03
6.926989999999999782e+03
6.926989999999999782e+03
6.926989999999999782e+03
6.926989999999999782e+03
6.926989999999999782e+03
6.926989999999999782e+03
6.926989999999999782e+03
6.926989999999999782e+03
6.926989999999999782e+03
6.926989999999999782e+03
6.926989999999999782e+03
6.926989999999999782e+03
6.926989999999999782e+03
6.926989999999999782e+03
6.926989999999999782e+03
6.926989999999999782e+03
6.926989999999999782e+03
6.926989999999999782e+03
6.926989999999999782e+03
6.926989999999999782e+03
6.926989999999999782e+03
6.926989999999999782e+03
6.926989999999999782e+03
6.926989999999999782e+03
6.926989999999999782e+03
6.926989999999999782e+03
6.926989999999999782e+03
6.926989999999999782e+03
6.926989999999999782e+03
6.926989999999999782e+03
6.926989999999999782e+03
6.808100000000000364e+03
6.461220000000000255e+03
6.748649999999999636e+03
6.748649999999999636e+03
6.461220000000000255e+03
3.991170000000000073e+03
2.995239999999999782e+03
2.995239999999999782e+03
3.204400000000000091e+03
3.103300000000000182e+03
3.204400000000000091e+03
3.711409999999999854e+03
3.711409999999999854e+03
5.875000000000000000e+03
5.875000000000000000e+03
5.875000000000000000e+03
1.818769999999999982e+03
1.818769999999999982e+03
1.637140000000000100e+03
1.429589999999999918e+03
1.052380000000000109e+03
1.037049999999999955e+03
1.068047826086956547e+03
1.099045652173912913e+03
1.130043478260869506e+03
1.161041304347826099e+03
1.192039130434782692e+03
1.223036956521739057e+03
1.254034782608695650e+03
1.285032608695652243e+03
1.316030434782608609e+03
1.347028260869565202e+03
1.378026086956521794e+03
1.409023913043478387e+03
1.440021739130434753e+03
1.471019565217391346e+03
1.502017391304347711e+03
1.533015217391304304e+03
1.564013043478260897e+03
1.595010869565217490e+03
1.626008695652174083e+03
1.657006521739130449e+03
1.688004347826087042e+03
1.719002173913043407e+03
1.750000000000000000e+03
1.777900000000000091e+03
4.374750000000000000e+03
4.869760000000000218e+03
4.869760000000000218e+03
4.869760000000000218e+03
4.869760000000000218e+03
4.256979999999999563e+03
3.515619999999999891e+03
3.515619999999999891e+03
3.281250000000000000e+03
3.080860000000000127e+03
3.080860000000000127e+03
3.281250000000000000e+03
3.080860000000000127e+03
4.006059999999999945e+03
4.006059999999999945e+03
2.925710000000000036e+03
2.555659999999999854e+03
2.555659999999999854e+03
2.555659999999999854e+03
6.007149999999999636e+03
6.007149999999999636e+03
6.007149999999999636e+03
4.657020000000000437e+03
4.638550000000000182e+03
2.054650000000000091e+03
1.944869999999999891e+03
1.194599999999999909e+03
1.190242424242424249e+03
1.185884848484848362e+03
1.181527272727272702e+03
1.177169696969696815e+03
1.172812121212121156e+03
1.168454545454545269e+03
1.164096969696969609e+03
1.159739393939393949e+03
1.155381818181818062e+03
1.151024242424242402e+03
1.146666666666666515e+03
1.142309090909090855e+03
1.137951515151514968e+03
1.133593939393939309e+03
1.129236363636363649e+03
1.124878787878787762e+03
1.120521212121212102e+03
1.116163636363636215e+03
1.111806060606060555e+03
1.107448484848484895e+03
1.103090909090909008e+03
1.098733333333333348e+03
1.094375757575757461e+03
1.090018181818181802e+03
1.085660606060605915e+03
1.081303030303030255e+03
1.076945454545454595e+03
1.072587878787878708e+03
1.068230303030303048e+03
1.063872727272727161e+03
1.059515151515151501e+03
1.055157575757575614e+03
1.050799999999999955e+03
1.117190000000000055e+03
1.117190000000000055e+03
1.085940000000000055e+03
1.050799999999999955e+03
1.027829999999999927e+03
1.060679999999999836e+03
1.093529999999999973e+03
1.126379999999999882e+03
1.159230000000000018e+03
1.192079999999999927e+03
1.224930000000000064e+03
1.257779999999999973e+03
1.290630000000000109e+03
1.323480000000000018e+03
1.813500000000000000e+03
1.813500000000000000e+03
1.323480000000000018e+03
1.323480000000000018e+03
1.813500000000000000e+03
1.266710000000000036e+03
2.250000000000000000e+03
2.312500000000000000e+03
2.312500000000000000e+03
3.334329999999999927e+03
3.334329999999999927e+03
3.334329999999999927e+03
2.749579999999999927e+03
1.678519999999999982e+03
1.678519999999999982e+03
1.676309999999999945e+03
1.676009999999999991e+03
1.676009999999999991e+03
1.050359999999999900e+03
1.044430000000000064e+03
1.050359999999999900e+03
1.109369999999999891e+03
1.050359999999999900e+03
1.109369999999999891e+03
1.162480000000000018e+03
1.162480000000000018e+03
1.162480000000000018e+03
1.162480000000000018e+03
1.162480000000000018e+03
1.162339999999999918e+03
1.660079999999999927e+03
1.660079999999999927e+03
1.660079999999999927e+03
1.518369999999999891e+03
1.518369999999999891e+03
1.518369999999999891e+03
1.400970000000000027e+03
1.400970000000000027e+03
1.400970000000000027e+03
1.400970000000000027e+03
1.400970000000000027e+03
1.400970000000000027e+03
1.400970000000000027e+03
1.400970000000000027e+03
1.400970000000000027e+03
1.400970000000000027e+03
1.400970000000000027e+03
1.400970000000000027e+03
1.400970000000000027e+03
1.400970000000000027e+03
1.400970000000000027e+03
1.400970000000000027e+03
1.400970000000000027e+03
1.400970000000000027e+03
1.400970000000000027e+03
1.400970000000000027e+03
1.400970000000000027e+03
1.400970000000000027e+03
1.400970000000000027e+03
1.400970000000000027e+03
1.400970000000000027e+03
1.400970000000000027e+03
1.400970000000000027e+03
1.400970000000000027e+03
1.400970000000000027e+03
1.400970000000000027e+03
1.400970000000000027e+03
1.400970000000000027e+03
1.400970000000000027e+03
1.400970000000000027e+03
1.400970000000000027e+03
1.400970000000000027e+03
1.400970000000000027e+03
1.400970000000000027e+03
1.400970000000000027e+03
1.400970000000000027e+03
1.400970000000000027e+03
1.400970000000000027e+03
1.400970000000000027e+03
1.400970000000000027e+03
1.400970000000000027e+03
1.400970000000000027e+03
1.400970000000000027e+03
1.400970000000000027e+03
1.400970000000000027e+03
1.400970000000000027e+03
1.400970000000000027e+03
1.400970000000000027e+03
