0
0
0
0
0
0
0
0
0
0
0
0
0
0
0
0
0
0
0
0
0
0
0
0
0
0
0
0
0
0
0
0
0
0
0
0
0
0
0
0
0
0
0
0
1044.13
1248.81
4171.88
5997.67
6231.03
6231.03
6792.13
6792.13
6792.13
6292.36
6292.36
6035.7
5965.31
4218.75
4218.75
3151.89
4218.75
4640.72
4698.76
4799.88
4799.88
4698.76
3734.38
2917.11
2917.11
2917.11
3734.38
2004.72
2004.72
2004.72
5123.09
5123.09
5462.81
6144.29
6968.75
7468.8
7468.8
7720.04
7468.8
7720.04
7736.38
7736.38
7248.68
7500
7500
7248.68
7248.68
6500
4434.35
4434.35
6360.58
5921.68
6140.62
6201.25
6201.25
6140.62
6201.25
6201.25
5663.91
5663.91
6078.18
6078.18
6705.63
6705.63
7000
6705.63
6263.81
5404.3
5404.3
4985.2
4480.7
4444.67
3457.26
1572.84
1484.38
1572.84
1572.84
1484.38
1234.38
0
0
0
0
0
0
0
0
0
0
0
1127.84
1235.88
1945.29
1945.29
2751.48
2751.48
2751.48
2751.48
3320.65
3875
3889.74
3889.74
5091.33
5670.63
5670.63
5670.63
6297.61
6297.61
4730.52
4730.52
6834.67
4730.52
4640.62
3440.96
3440.96
3440.96
6350.07
6350.07
6361.41
6350.07
6046.36
6046.36
6598.92
6046.36
6598.92
6598.92
7625.67
4972.44
6880.4
6880.4
6983.6
6983.6
7300.09
7300.09
7300.09
7127.77
7127.77
7127.77
6354.74
6354.74
6745.48
6354.74
6354.74
6247.22
6247.22
5584.18
4647.54
2191.56
1187.5
1187.5
1187.5
1187.5
0
0
0
0
0
0
0
0
0
0
0
0
0
0
0
0
0
0
0
0
0
1035.47
1078.12
2493.73
2783.14
3350.09
3350.09
3466.64
3350.09
3350.09
3000.56
3438.97
3438.97
4741.86
4182.97
4741.86
4741.86
6466.53
4182.97
4339.06
4155.48
4155.48
3474.15
3427.8
3427.8
3474.15
3733.15
3733.15
3984.38
3984.38
3733.15
3419.39
6453.12
6453.12
4126.44
7140.91
7140.91
5334.24
5086.12
5334.24
5334.24
5086.12
5086.12
4619.87
4619.87
4607.32
4619.87
4634.7
4685.39
5378.07
6546.35
6546.35
6546.35
5914.45
5712.47
1191.91
0
0
0
0
0
0
0
0
0
2518.29
2530.24
4885.46
4885.46
5381.81
4885.46
4801.61
4655.97
2750
1744.17
1385.64
0
0
0
0
0
0
0
0
0
0
0
0
0
0
0
0
0
0
0
0
0
0
0
0
0
0
3587.68
6951.86
6951.86
6951.86
6908.16
6908.16
6109.38
5973.41
5973.41
5973.41
5632.55
5632.55
6255.35
5351.74
5351.74
5351.74
4341.75
3845.36
3591.06
3572.72
3572.72
3443
3443
4936.05
4936.05
6671.88
6671.88
6384.29
6234.38
6234.38
5969.94
5969.94
6234.38
7156.25
7520.1
7520.1
7156.25
6527.48
5301.61
4714.51
4714.51
4714.51
5260
5260
5634.94
5260
5260
5706.89
5706.89
6406.94
6406.94
7532.65
4921.88
6522.97
5014.51
5459.4
5014.51
5459.4
5459.4
5459.4
4897.14
4897.14
4290.12
3294.81
3294.81
3294.81
4640.62
4640.62
4640.62
3362.42
2579.58
2579.58
2579.58
2579.58
2579.58
3123.5
3529.28
3529.28
3529.28
4096.21
3488.38
3377.31
3488.38
4857.29
4857.29
5481.64
5945.31
5945.31
5945.31
5945.31
6060.37
4796.58
6060.37
6612.1
6612.1
6612.1
6762.23
7722.22
7722.22
7722.06
7722.06
6610.36
6610.36
6295.57
6295.57
4735.2
4735.2
4735.2
6572.13
6572.13
6635.99
6572.13
6546.88
1582.52
1223.55
1106.51
1028.43
1022.13
0
0
0
0
0
0
0
0
0
0
0
0
0
0
0
0
0
0
0
0
0
0
0
0
0
0
0
0
0
0
0
0
0
0
0
0
0
0
0
0
0
0
0
0
0
0
0
