-7.67775	1.5689	0.226303	0.427681	0.139678	0.235631	0.0686009	0.137376	0.0824186	0.0800892	-0.00519235	0.0692784	0.0664993	0.031487	-0.0008274	0.0174207	0.0220664
-7.94181	1.61306	0.297203	0.47453	0.20336	0.282949	0.127548	0.184832	0.136805	0.124281	0.0425152	0.113399	0.116695	0.0731928	0.038425	0.0546762	0.0619639
-9.13012	1.49808	0.514069	0.467273	0.369842	0.30403	0.21773	0.292524	0.239635	0.173992	0.0893642	0.191566	0.190147	0.0948274	0.112037	0.148543	0.0728222
-9.5366	1.25366	0.539378	0.44529	0.361263	0.296873	0.224304	0.284462	0.24676	0.164301	0.0636256	0.219337	0.17223	0.116436	0.120149	0.165255	0.0791219
-9.47124	1.21189	0.492492	0.427683	0.310584	0.231463	0.197926	0.221593	0.288411	0.169586	0.100222	0.250612	0.138487	0.0648827	0.138497	0.162068	0.0829396
-9.4681	1.30055	0.531214	0.457537	0.373671	0.209611	0.158897	0.352658	0.393017	0.119924	0.0947314	0.150247	0.100436	0.0951762	0.184128	0.196654	0.0834217
-9.3682	1.38192	0.514764	0.376135	0.364223	0.330047	0.207371	0.334581	0.255766	0.136445	0.185873	0.175556	0.156646	0.177251	0.151132	0.201459	0.169876
-9.51572	1.32912	0.607024	0.336786	0.312733	0.406902	0.327084	0.394703	0.231615	0.329697	0.321677	0.287688	0.185782	0.160229	0.133109	0.215887	0.188606
-9.29134	1.41134	0.652672	0.465492	0.350237	0.334147	0.184973	0.28134	0.213823	0.302133	0.272592	0.248005	0.147404	0.158313	0.128575	0.148165	0.136873
-9.11796	1.47756	0.590113	0.489775	0.33931	0.322081	0.219581	0.2502	0.206815	0.206375	0.207433	0.175736	0.165646	0.139724	0.148363	0.115413	0.120423
-9.40389	1.37963	0.56527	0.517952	0.431041	0.388135	0.183628	0.340158	0.313201	0.267247	0.174087	0.163626	0.148395	0.0823784	0.141045	0.229136	0.17925
-9.10693	1.37816	0.532737	0.505298	0.344321	0.348885	0.277017	0.37115	0.286345	0.267521	0.192019	0.161478	0.160915	0.149168	0.116543	0.175232	0.176584
-9.15426	1.40867	0.543693	0.529091	0.331106	0.334699	0.248782	0.337348	0.294085	0.299703	0.243708	0.177451	0.252304	0.194976	0.1607	0.184205	0.216391
-9.35793	1.3963	0.523259	0.455369	0.319919	0.280031	0.246507	0.43204	0.372207	0.328202	0.285928	0.273836	0.365013	0.191733	0.0758273	0.208425	0.186849
-8.76323	2.12441	0.888075	0.409445	0.216597	0.232822	0.180213	0.252527	0.166088	0.128026	0.107417	0.136316	0.147717	0.100442	0.0807466	0.0980863	0.0947508
-8.54477	2.65403	1.01522	0.263736	0.0271538	0.1884	0.278149	0.199899	0.0412092	0.104825	0.0713275	0.141544	0.0882074	-0.0399202	0.0908235	0.0966	0.0232227
-8.58193	2.68762	1.03253	0.301076	0.0361115	0.134439	0.328736	0.248029	0.0379482	0.0522521	0.136348	0.159669	0.0736564	-0.0246175	0.0876255	0.11757	0.00410157
-8.8783	2.16667	0.898023	0.432473	0.21855	0.166883	0.199143	0.264262	0.17426	0.0968369	0.119782	0.161023	0.123672	0.0224336	0.0680273	0.145332	0.0333956
-9.37064	1.3857	0.564284	0.491799	0.338779	0.372374	0.166174	0.209145	0.207578	0.167264	0.186544	0.25211	0.246526	0.0953917	0.239189	0.228596	0.130642
-9.41702	1.24529	0.580444	0.550215	0.3915	0.393764	0.221066	0.273679	0.242495	0.240427	0.128893	0.246438	0.205845	0.127727	0.287291	0.263305	0.135003
-9.57771	1.18378	0.537696	0.594246	0.489186	0.454053	0.214395	0.266218	0.231169	0.375204	0.182741	0.228619	0.233867	0.265548	0.206101	0.278584	0.20664
-9.38375	1.37193	0.549855	0.505383	0.379211	0.322296	0.263637	0.284531	0.143729	0.289971	0.215161	0.191188	0.224562	0.211917	0.175307	0.188927	0.187179
-9.64159	1.33642	0.653541	0.539619	0.349175	0.243177	0.233717	0.301878	0.0286433	0.23279	0.236473	0.246534	0.212257	0.112309	0.120269	0.186995	0.374485
-9.48366	1.44887	0.672088	0.46454	0.272574	0.346705	0.307104	0.312032	0.146094	0.23737	0.217986	0.207088	0.217979	0.114425	0.107712	0.144484	0.103307
-9.48607	1.38309	0.647268	0.422811	0.195161	0.330344	0.27162	0.269344	0.28398	0.258458	0.227652	0.128359	0.247333	0.154722	0.135132	0.142277	0.0659373
-9.40259	1.32068	0.568341	0.433418	0.28663	0.387196	0.29708	0.273717	0.249446	0.244448	0.198978	0.138092	0.176765	0.186956	0.15791	0.141122	0.162022
-9.59417	1.26599	0.67258	0.516764	0.40955	0.459454	0.380762	0.344912	0.32083	0.258938	0.145224	0.246299	0.34272	0.216658	0.116232	0.135551	0.153673
-9.47899	1.30955	0.620469	0.476716	0.361343	0.478311	0.388882	0.303043	0.334342	0.330393	0.223101	0.274778	0.230657	0.184085	0.163097	0.0702342	0.0670392
-9.28139	1.39977	0.556815	0.454476	0.353386	0.370485	0.308465	0.247829	0.259715	0.281724	0.106685	0.182511	0.166299	0.246634	0.250295	0.138779	0.117036
-9.46794	1.26473	0.684108	0.573298	0.460493	0.363165	0.222498	0.177959	0.182464	0.300934	0.138689	0.190162	0.112936	0.192246	0.293546	0.200866	0.173375
-9.24233	1.39699	0.742797	0.574596	0.373811	0.356744	0.268452	0.210676	0.215902	0.257253	0.134951	0.221609	0.226167	0.157101	0.211927	0.183699	0.144449
-9.1414	1.42889	0.582513	0.456338	0.40034	0.417212	0.266537	0.245978	0.224499	0.184272	0.172587	0.1135	0.191505	0.171754	0.193463	0.195457	0.0961029
-8.84465	1.40361	0.411308	0.40551	0.291697	0.340884	0.199329	0.310967	0.245819	0.21286	0.258293	0.0419707	0.144584	0.283578	0.199805	0.248774	0.106005
-8.6205	1.41487	0.341557	0.502112	0.321537	0.32279	0.166954	0.299275	0.185461	0.229083	0.263054	0.107763	0.101253	0.266609	0.175578	0.188788	0.0286571
-8.1223	1.28826	0.0875906	0.344305	0.216498	0.449545	0.358356	0.136694	0.0979289	0.32544	0.271578	0.213363	0.227909	0.233905	0.198987	-0.00218669	-0.0931226
-7.18066	0.931429	-0.241985	0.0625357	0.205698	0.543531	0.313827	0.0404401	0.0914171	0.160958	0.226724	0.137131	0.116568	0.247485	0.0401485	0.0199029	-0.0378912
-6.3845	0.657801	-0.336651	0.107338	0.264532	0.522992	0.264426	0.00739264	-0.0185856	-0.133342	0.169277	-0.00971324	-0.0660598	0.124598	0.0421651	0.00984986	0.0409992
-5.96636	0.635117	-0.293485	0.179217	0.292639	0.31065	0.0816526	-0.122095	-0.116136	-0.183383	0.187124	0.0271291	-0.0344962	0.11082	0.0333497	0.0673968	0.0732976
-5.69537	0.616703	-0.238832	0.234602	0.244698	0.186564	0.0119984	-0.142308	-0.0605687	0.0250583	0.30843	0.0593247	0.0231331	0.158043	0.0628162	0.0999461	0.122282
-5.67532	0.587953	-0.243994	0.297581	0.24339	0.220658	0.0222852	-0.0595441	0.0756656	0.207872	0.416621	0.194853	0.0796954	0.146824	0.00863502	0.154892	0.146486
-5.74591	0.724537	-0.102641	0.29865	0.167095	0.236738	-0.160013	-0.0853774	0.168888	0.325806	0.372221	0.274485	0.0819889	0.0686331	0.0038993	0.149133	0.136416
-5.87995	0.879594	-0.26394	0.0679526	0.019036	0.274668	-0.0906822	-0.0662352	0.0609948	0.216172	0.358498	0.373235	0.208217	0.0409888	0.00139847	0.0543443	0.0789836
-5.89658	1.25476	-0.229913	0.31094	0.0977533	0.325072	0.0470103	-0.0745086	-0.185678	-0.00292308	0.139305	0.0662477	-0.0121816	-0.142478	-0.0642229	0.0836705	-0.0561683
-5.47484	2.3175	-0.282722	0.157793	-0.0216428	0.0822434	-0.187526	-0.206634	-0.220463	-0.212152	-0.0447221	-0.0668693	-0.150307	-0.277275	-0.057924	0.0614327	-0.134928
-6.16642	2.92815	0.173064	0.40831	0.61176	0.763918	0.0738887	-0.306337	-0.126414	-0.242112	0.31747	-0.0331654	-0.201159	0.0275027	0.00128924	-0.200678	0.0451778
-4.21743	3.41081	-0.561788	0.83536	0.285342	0.746206	-0.00197073	-0.0973553	-0.0613875	-0.30111	0.168185	-0.196549	-0.0737473	-0.0902132	0.186148	0.227472	0.212026
-3.95959	3.52457	-0.516066	0.562338	0.300803	0.1334	-0.432534	-0.101797	0.164702	-0.289659	0.236756	-0.193862	0.033757	-0.143875	0.374175	0.106495	0.252068
-3.59794	3.54457	-0.856708	0.751023	0.065948	0.284307	-0.24552	-0.323362	0.211936	-0.48927	0.327917	-0.0840659	-0.0760764	-0.0445193	0.392362	0.0683199	0.209657
-3.33974	3.19774	-0.732271	0.763315	0.112384	0.238339	-0.326548	-0.346464	0.188223	-0.424939	0.291643	-0.0348121	-0.0751853	-0.0180517	0.375258	-0.00191378	0.113086
-3.23691	3.11605	-0.66031	0.876527	0.0892088	0.214828	-0.33199	-0.251423	0.044014	-0.24528	0.071789	0.0640062	-0.163439	0.0970272	0.331584	0.042812	0.208775
-3.10909	2.86036	-0.520414	0.88932	0.0597373	0.200894	-0.338634	-0.302705	0.0162486	-0.210245	0.121904	-0.0512161	-0.0542158	0.207057	0.222267	-0.0533617	0.162938
-3.02941	2.74441	-0.400404	0.996472	-0.0481404	0.423268	-0.456501	-0.233646	-0.0587486	-0.111901	-0.0419761	-0.0829165	0.0312896	0.172451	0.262467	0.0224418	0.291928
-2.92993	2.53033	-0.194307	0.909975	0.125917	0.187422	-0.218216	-0.4091	0.0345404	-0.163115	0.000207611	-0.181511	0.123161	0.153508	0.241881	0.0717743	0.273066
-2.91877	2.46469	-0.0757896	0.942373	0.159414	0.240143	-0.155418	-0.464424	0.071777	-0.184085	-0.0327782	-0.252289	0.220568	0.0919012	0.29869	0.125124	0.331224
-2.97586	2.45078	-0.109235	0.964254	0.136005	0.20723	-0.190743	-0.437227	0.0321127	-0.124013	-0.0773757	-0.11973	0.204528	0.118139	0.113984	0.157255	0.130285
-3.00013	2.35729	0.111737	0.930559	0.246115	0.290126	-0.153405	-0.36411	0.0539874	-0.145372	-0.082817	-0.308255	0.264581	0.0150924	0.287755	0.198963	0.375257
-3.29956	2.35576	0.215364	0.810215	0.326536	0.352985	-0.141569	-0.202793	0.0243216	-0.00279882	-0.0747098	-0.329691	0.0367885	0.131479	0.170195	0.200151	0.46823
-3.9286	2.395	0.254463	0.878265	0.165632	0.507326	-0.00816353	-0.112998	0.0299336	0.0836791	0.0802999	-0.542582	0.132337	-0.089406	0.29242	-0.00312515	0.286547
-4.39732	2.40649	0.449037	0.763149	0.422971	0.596954	-0.0724954	0.0420723	0.192605	0.108938	-0.164797	-0.253032	-0.223602	0.168171	-0.0533602	0.18756	0.0384646
-4.65724	2.6738	0.428452	0.910609	0.533707	0.537818	0.328013	-0.0190782	0.160962	0.196464	-0.137355	-0.355891	-0.0210369	0.223498	-0.119218	0.171584	0.291263
-4.83861	2.55493	0.696147	0.945079	0.552413	0.243138	0.348038	-0.0450219	0.089073	0.259698	-0.19431	-0.472108	0.126734	0.170638	0.0875892	0.0658183	0.10653
-4.95746	2.62274	0.779219	0.915267	0.565728	0.387985	0.289593	0.228579	-0.011276	0.330603	-0.00162657	-0.369473	0.038184	0.198057	0.180472	0.0646444	0.0569517
-5.35278	2.67159	1.04896	0.696891	0.388477	0.507705	0.385474	0.0420135	-0.182424	0.357368	0.0942523	-0.349837	-0.22904	0.137914	0.109544	0.0872473	0.0766876
-5.67362	2.78558	0.910595	0.626288	0.559943	0.276705	0.221161	-0.120797	0.0462136	0.10055	0.0327004	-0.603926	-0.0984477	-0.0536923	-0.00288499	0.260987	-0.103392
-5.59641	2.34999	1.07337	0.702768	0.415808	0.421809	0.0963052	-0.0357283	-0.0652787	0.165604	-0.137782	-0.505927	-0.265999	0.0426365	-0.0105706	0.224092	-0.151692
-5.67699	2.35117	1.05662	0.656355	0.465426	0.261287	0.149981	-0.110262	-0.0569407	0.129448	-0.118686	-0.532647	-0.291781	0.0847873	-0.108501	0.242691	-0.195184
-5.94369	2.26601	1.2356	0.553879	0.355744	0.144203	-0.0106092	0.0609526	-0.272651	0.138765	-0.253456	-0.615413	-0.269251	0.0779161	-0.31075	0.221109	-0.249223
-6.00246	2.18739	1.1108	0.529107	0.465474	0.303393	-0.0902319	-0.0629829	-0.215773	0.0148475	-0.165751	-0.567019	-0.457586	-0.130646	-0.0844503	0.113171	-0.178828
-5.88716	2.13978	1.24802	0.644882	0.494952	0.42965	0.0159085	0.0109719	-0.190659	0.166932	-0.0401715	-0.553767	-0.360377	-0.0575067	-0.00826868	0.0456563	0.0252928
-5.90623	2.1311	1.39571	0.523842	0.93768	0.478385	0.000672372	-0.0763637	0.0448286	0.321006	-0.0393606	-0.529077	-0.230821	-0.0233043	-0.309962	0.229872	0.279957
-5.90575	2.1228	1.15188	0.879435	0.789894	0.6346	-0.105133	-0.00035304	-0.0105906	0.334185	-0.00336304	-0.503664	-0.297571	-0.126413	-0.118099	0.111462	0.391309
-6.06511	2.1226	1.04352	0.684673	0.709171	0.574322	0.00773241	-0.145031	0.200782	-0.0444884	-0.432699	-0.365752	-0.401693	-0.0927718	0.0347908	-0.0134076	0.224011
-5.06444	1.4481	0.735685	1.03404	0.606697	0.558631	0.0735836	-0.113909	-0.284031	-0.101395	-0.0989797	0.165486	0.105261	-0.087492	-0.0418145	-0.141201	-0.203751
-5.75009	2.18303	1.02379	1.05132	0.740199	0.586329	0.113681	0.100458	-0.253706	0.213239	-0.183408	-0.251977	-0.281551	0.0256873	0.0509711	0.266265	0.348489
-4.44051	1.8499	0.494463	0.924319	0.15976	0.312634	-0.050178	0.188744	-0.290419	-0.0543149	-0.134671	-0.0412199	0.107352	0.172813	-0.113905	-0.185298	-0.0709228
-3.31131	2.16219	-0.0123851	0.85203	0.387377	-0.0234607	-0.184949	0.100416	-0.228595	-0.0869503	-0.194106	-0.0451867	0.306699	-0.0875059	0.0902311	0.226439	0.0166035
-2.56977	1.92236	-0.01036	1.03204	0.158718	0.138341	-0.206855	-0.103511	-0.067113	-0.302379	-0.224593	0.0294465	0.162695	0.00676873	0.370867	0.319296	0.357483
-2.20082	1.85991	-0.142813	1.22174	-0.075563	0.158519	-0.338656	-0.0310042	-0.168787	-0.245244	-0.247006	-0.00690284	0.172922	0.127704	0.327519	0.57007	0.295684
-2.12041	1.9565	-0.187269	1.18793	-0.135197	0.0949747	-0.282862	-0.0542529	-0.141334	-0.250098	-0.249692	0.00407873	0.14353	0.120368	0.398004	0.60564	0.316275
-2.09286	1.8925	-0.297602	1.11656	-0.324015	0.0530907	-0.296594	-0.0772501	-0.0514694	-0.271802	-0.156419	0.117237	0.0461379	0.130547	0.313217	0.444073	0.148054
-2.11445	1.90355	-0.343087	1.09366	-0.374158	0.0550581	-0.266794	-0.0591666	-0.00782525	-0.258826	-0.111537	0.075857	0.0446984	0.0640117	0.332438	0.349477	0.174157
-2.06674	1.7649	-0.327655	1.0565	-0.446693	0.12583	-0.368701	0.0851994	-0.066431	-0.136229	-0.164252	0.159174	-0.0715824	0.0760916	0.258075	0.318573	0.137737
-2.1545	1.90681	-0.493545	1.15782	-0.539484	0.161159	-0.384462	0.102895	-0.0864529	-0.0489857	-0.226806	0.221287	-0.142038	0.130352	0.156177	0.34293	0.107336
-2.13885	1.96592	-0.462164	1.14229	-0.410273	0.101595	-0.26381	0.0675214	0.000266921	-0.135375	-0.198205	0.0793835	-0.114735	0.0808565	0.30636	0.392533	0.335713
-2.12222	1.94765	-0.432162	1.05182	-0.330461	0.0305071	-0.189425	0.0270988	0.0200794	-0.0957397	-0.245008	0.0910576	-0.158588	0.132805	0.242167	0.457077	0.349004
-2.23254	2.07016	-0.61857	1.02234	-0.340537	-0.00906193	-0.262045	0.0391591	0.0269513	-0.0767541	-0.190718	0.149837	-0.169672	0.176754	0.07584	0.371093	0.146881
-2.33048	2.25807	-0.697593	1.00904	-0.232422	-0.114392	-0.188208	-0.00379276	0.118252	-0.192256	-0.0882717	0.0216689	-0.104524	0.138879	0.138974	0.36731	0.201594
-2.38412	2.45038	-0.738029	1.05162	-0.186255	-0.0289641	-0.229176	0.0908238	0.0630915	-0.162941	-0.209784	0.0162764	-0.170465	0.208106	0.24491	0.419826	0.41344
-2.45355	2.55822	-0.784446	0.928365	-0.0542891	-0.0984652	-0.284345	0.148798	0.0315102	-0.149692	-0.210974	0.0780681	-0.221123	0.264134	0.181963	0.381737	0.330485
-2.49852	2.59065	-0.716889	0.754355	0.0692907	-0.131567	-0.34337	0.175304	0.0443402	-0.182348	-0.158501	0.071445	-0.208456	0.261194	0.178862	0.318572	0.285129
-2.60683	2.83792	-0.891863	0.894873	0.0458918	-0.103678	-0.369269	0.263	-0.0575512	-0.113458	-0.264733	0.152586	-0.305806	0.32952	0.245579	0.301438	0.383134
-2.69555	2.89409	-0.874346	0.722332	0.165745	-0.218522	-0.278995	0.0698183	0.118164	-0.238358	-0.103148	0.105558	-0.229264	0.272567	0.225496	0.165038	0.244958
-2.88193	3.09827	-0.935393	0.609891	0.158668	-0.152694	-0.447224	0.165492	-0.0175078	-0.0893758	-0.0991771	0.115149	-0.12212	0.190716	0.193548	-0.0256296	0.125315
-2.89956	3.0559	-0.832023	0.460535	0.206	-0.126688	-0.456603	0.0736501	-0.00111872	-0.0227925	-0.123713	0.139615	-0.0686601	0.155399	0.200876	-0.196698	0.105214
-3.01886	3.23724	-0.73199	0.409039	0.150414	0.133014	-0.609092	0.136844	-0.028683	-0.113085	0.0164555	-0.0875219	-0.00291787	0.255166	0.187397	-0.0658136	0.172926
-3.23006	3.55194	-0.694863	0.406851	0.206062	0.199615	-0.560567	0.133043	-0.0736774	-0.274659	0.180644	-0.189382	-0.0439234	0.300872	0.312888	0.0549043	0.241076
-3.35678	3.61873	-0.55872	0.269921	0.159824	0.308368	-0.438036	-0.114705	-0.0058115	-0.227164	0.205484	-0.0916593	-0.123142	0.164539	0.424444	0.0836895	0.0218605
-3.41112	3.6158	-0.395214	0.191824	0.25649	0.266014	-0.316059	-0.000896401	-0.337768	-0.179878	0.301868	-0.150917	-0.145631	0.291231	0.374834	0.0775128	0.0967547
-3.59692	3.7425	-0.320699	0.483744	-0.0764112	0.456915	-0.288221	0.133293	-0.463497	-0.406541	0.271368	0.0301092	-0.0916373	0.22657	0.490191	-0.0792816	0.357882
-3.61368	3.6803	-0.291203	0.425409	-0.0886424	0.490795	-0.112984	0.0319252	-0.53694	-0.435882	0.35486	-0.0704425	0.0909913	0.211512	0.294016	0.00714394	0.270769
-3.785	3.78029	-0.237685	0.344703	-0.159409	0.441829	-0.0366902	0.125012	-0.604996	-0.398858	0.361769	0.0525995	-0.0258177	0.210881	0.126073	0.0116437	0.200918
-3.82932	3.80934	-0.251562	0.385545	-0.157061	0.500687	-0.0753006	0.125968	-0.590963	-0.376286	0.30593	0.0113751	0.0204419	0.244807	0.102155	0.0223628	0.266652
-3.67859	3.55439	-0.10108	0.442821	-0.180313	0.405882	0.105594	0.00781841	-0.483862	-0.397166	0.195154	0.0147477	0.0419581	0.249249	0.189154	0.0212373	0.30747
-3.64815	3.52208	-0.113064	0.471652	-0.123106	0.334792	0.126159	0.0224132	-0.538218	-0.298759	0.143709	-0.00571805	0.0198674	0.330823	0.119067	0.0560794	0.349344
-3.59128	3.46432	-0.129485	0.42288	-0.0751012	0.308922	0.24713	-0.179325	-0.365032	-0.430529	0.248825	-0.0199273	0.0194533	0.25785	0.189334	-0.00427627	0.33798
-3.58651	3.50262	-0.176527	0.499722	-0.155247	0.433901	0.18544	-0.184833	-0.464935	-0.316256	0.153299	0.0846234	-0.0220246	0.222968	0.210942	0.0993655	0.322047
-3.34685	3.23186	-0.24555	0.639126	-0.157754	0.448693	0.103672	-0.221434	-0.415171	-0.315359	0.220982	-0.07513	0.123114	0.192986	0.198305	0.0714576	0.350397
-3.33089	3.25042	-0.294985	0.810369	-0.102999	0.445948	-0.0174032	-0.225152	-0.323872	-0.277218	0.145901	-0.255655	0.169667	0.277292	0.407122	0.0545334	0.382784
-3.28033	3.15808	-0.29554	0.741597	0.0603821	0.165386	0.203715	-0.45113	-0.111855	-0.265877	0.174589	-0.269334	0.0447454	0.337501	0.340085	0.155159	0.159732
-3.08261	2.99456	-0.393118	0.951352	0.076923	0.31295	-0.0468871	-0.356019	-0.158507	-0.169673	-0.0397454	-0.213372	0.0521485	0.45375	0.368038	0.155146	0.316493
-2.95101	2.69594	-0.223471	0.877794	0.127262	0.233763	-0.123982	-0.231122	-0.152576	-0.173118	-0.0729097	-0.205342	0.156293	0.363333	0.310913	0.0889132	0.299522
-2.98238	2.67286	-0.412072	1.04928	0.0605081	0.173965	-0.165097	-0.266754	-0.00618329	-0.284123	0.0367645	-0.252953	0.368442	0.205164	0.0967779	0.0739087	0.190821
-2.95733	2.67192	-0.396367	1.08165	0.145751	0.0752053	-0.0495096	-0.281127	0.0310014	-0.238948	-0.190551	-0.0884876	0.195015	0.353955	0.0733873	0.185021	0.254101
-3.01365	2.6355	-0.432278	1.05949	0.173357	0.0845766	-0.084346	-0.243052	0.109251	-0.352476	0.000200591	-0.187018	0.254929	0.249049	-0.0100259	0.157499	0.130672
-3.04434	2.50755	-0.261236	1.06749	0.21541	0.156798	-0.0507506	-0.118962	-0.0125761	-0.269896	-0.130066	-0.254827	0.315374	0.189786	0.142836	0.174703	0.267869
-3.33781	2.45233	-0.0951691	0.773456	0.333562	0.126742	0.0370552	-0.0478811	-0.00666528	-0.0659658	-0.203736	-0.192758	0.136514	0.18839	-0.0665609	0.191159	0.0736737
-4.14473	2.46814	0.653189	0.150789	0.636893	0.462537	-0.169164	-0.0510791	0.270998	0.065858	-0.728655	0.135053	0.0766727	-0.142175	0.113993	0.518109	-0.23682
-4.20978	2.04816	0.76682	0.45941	0.68235	-0.190704	0.123922	0.0805125	0.0269183	-0.0465266	-0.100276	-0.203031	0.11841	-0.0423983	-0.0566582	0.131602	-0.0416488
-4.65248	1.34094	1.82535	0.693919	0.535079	-0.234565	-0.0118031	0.229501	0.182425	0.0500227	-0.33499	-0.102875	-0.00893769	0.127091	0.0332249	-0.0123269	-0.144538
-4.59423	1.04707	1.43751	0.522769	0.861403	0.060395	0.106949	0.347404	0.0374566	-0.151689	-0.336199	-0.110014	0.00558099	0.0651249	-0.0924533	0.0811916	-0.0582025
-4.79098	0.649213	1.80618	0.239479	0.621501	0.153242	0.290693	0.0616059	-0.456528	0.339129	-0.0135181	0.227931	0.00756356	-0.211745	-0.228886	-0.0633324	-0.495394
-4.93051	0.366111	1.65597	0.550537	0.652357	-0.0385246	0.146459	0.252289	0.251365	0.156183	-0.210687	0.0298169	-0.332838	-0.213514	0.00940698	0.0952238	-0.0148111
-5.26419	-0.402871	1.09233	0.493499	0.768318	0.284261	0.348497	0.341881	0.201259	0.051711	-0.307249	-0.0266796	-0.192858	-0.107554	-0.191642	0.0364773	0.0370898
-5.30959	-0.516733	0.968183	0.018946	0.407471	-0.165828	0.147612	0.0925196	-0.207286	-0.175937	-0.280152	0.0268046	-0.324467	-0.234564	-0.0739262	0.0508871	-0.146198
-5.43186	-0.718958	0.932714	0.101268	0.39624	-0.12829	0.0199608	0.109968	-0.189887	-0.20454	-0.286631	0.0738825	-0.276138	-0.275833	-0.168102	-0.045174	-0.0943979
-5.53172	-0.850613	0.689184	0.0298777	0.377985	-0.0183101	0.071705	0.258299	-0.0644282	-0.129999	-0.183465	0.115408	-0.288021	-0.360857	-0.26837	-0.155067	-0.0900564
-5.5362	-0.763636	0.539945	-0.0285057	0.338241	0.0212542	0.178622	0.329353	-0.0147976	-0.0540098	-0.204402	0.187695	-0.07873	-0.137933	-0.0424506	-0.0222865	-0.149688
-5.51053	-0.669001	0.655891	0.0081362	0.322615	-0.107764	0.167713	0.414252	0.0716557	-0.0479475	-0.0751327	0.286078	0.148805	-0.0922026	-0.130607	0.0293863	-0.0982969
-5.63335	-0.729646	0.636115	-0.0807013	0.27362	-0.0841989	0.221999	0.403187	-0.039141	-0.057865	-0.014656	0.32723	0.216546	-0.0726821	-0.160463	0.198979	-0.000896583
-5.75543	-0.804966	0.610748	-0.0269943	0.246011	-0.119627	0.236617	0.375858	-0.182536	-0.139987	0.014986	0.337619	0.0603212	-0.0595205	-0.0897089	0.258358	0.116222
-5.89157	-0.874233	0.688998	-0.012043	0.276488	-0.038444	0.262204	0.467995	-0.0354486	-0.0369477	-0.0279103	0.319492	-0.013015	-0.0150694	-0.00801931	0.215304	0.114388
-6.15058	-0.9678	0.782237	0.0137644	0.267141	0.0532289	0.245732	0.391588	-0.109313	0.00476716	-2.6603e-05	0.361197	0.238107	0.0789439	0.0103506	0.227102	0.145634
-6.26765	-0.811374	0.936106	0.246072	0.436846	0.260622	0.154056	0.291652	-0.0515214	0.142482	0.0273247	0.191133	0.136937	0.0523658	0.0594789	0.145129	0.093005
-5.8214	-0.012499	0.893958	0.165391	0.573195	0.337997	0.0900821	0.14429	-0.157106	0.128816	-0.0672211	-0.147254	-0.0466614	0.105432	-0.120123	0.0434592	-0.0148952
-6.23529	0.326852	1.18533	0.0971877	0.351396	0.210248	0.0663176	0.052723	-0.176957	0.012943	0.00264525	-0.198587	0.0598319	-0.11046	0.0704228	0.148671	-0.061861
-5.10727	1.16525	0.467879	0.387156	0.56713	0.364378	-0.130004	0.508238	-0.299799	0.255775	-0.137484	-0.713386	0.171812	0.239387	-0.109356	-0.0405333	0.0075124
-5.3307	0.779546	0.686216	0.547055	0.754892	0.559572	-0.17793	0.156835	-0.306744	-0.0575694	-0.0121708	-0.307227	0.169191	-0.105459	0.032837	0.189222	0.285025
-5.33182	0.634429	0.610926	0.436823	0.653024	0.806243	-0.253358	0.278677	-0.579011	-0.137871	-0.0927387	-0.370946	0.420329	0.0775417	0.0605339	0.25258	0.0199734
-5.24018	1.30318	1.09331	1.01914	0.974487	0.686685	-0.507284	0.309383	-0.322171	0.0432719	-0.144693	-0.309734	-0.137208	0.0852052	0.307464	0.196965	-0.0633854
-4.66906	1.99104	1.54458	0.841805	0.78682	0.510378	-0.252942	0.015067	-0.448264	-0.0467761	0.110151	-0.161338	-0.110292	0.0739612	0.0674004	0.122877	-0.0252791
-4.72432	2.58484	1.09413	0.839161	0.694559	0.303356	-0.108296	0.444998	-0.413776	0.297228	0.0816359	-0.512327	0.105674	-0.170341	-0.112891	0.0253408	-0.143071
-4.99528	2.69742	1.48872	1.0157	0.278014	0.222103	0.101275	0.477904	-0.633917	0.204852	0.297217	-0.619809	0.0183071	0.0736561	-0.0356339	0.10267	-0.21538
-5.09093	3.2757	1.01902	0.851344	0.789041	0.243827	-0.0274084	0.419853	-0.409176	0.00931843	0.00555136	-0.465192	0.245947	0.00311512	-0.386059	0.459535	-0.0314044
-5.13356	3.49838	1.07201	1.22012	0.704277	0.0992565	0.054149	0.513065	-0.298599	-0.256055	0.123874	-0.50075	0.259037	-0.349059	-0.0540598	0.509947	0.433308
-5.27975	3.83453	0.954919	1.15493	0.851187	-0.000706426	-0.0265045	0.624069	-0.439773	-0.0696544	0.158141	-0.639327	0.178604	-0.146388	-0.252075	0.866264	0.155928
-5.02793	3.42392	1.04136	1.28778	0.701729	0.154934	-0.0917346	0.464254	-0.220366	-0.136169	0.109821	-0.624023	0.274602	-0.28806	-0.0408174	0.575653	0.238007
-5.08024	3.51712	1.04589	1.10815	0.690783	0.224841	-0.16372	0.510375	-0.412386	0.0151071	0.082163	-0.630198	0.449701	-0.40059	-0.0822137	0.592695	0.0406071
-5.08906	3.68646	0.697225	1.37918	0.603476	0.0947855	-0.0445821	0.377922	-0.313073	-0.111639	0.112424	-0.513304	0.411921	-0.438585	0.0213819	0.385889	0.0870784
-5.03133	3.61765	0.816629	1.2013	0.668919	0.129426	-0.12697	0.496399	-0.423801	-0.0553225	0.0921266	-0.509012	0.473405	-0.402631	-0.104444	0.461394	0.0120885
-4.961	3.56157	0.771015	1.39653	0.617219	0.130186	-0.0762374	0.486409	-0.451789	-0.0145579	0.0807469	-0.523131	0.42354	-0.437169	0.029084	0.406102	0.167194
-5.01085	3.52092	0.799074	1.22912	0.605776	0.123826	-0.110516	0.378978	-0.344237	-0.138534	0.100224	-0.398362	0.46264	-0.400063	-0.0663836	0.246931	-0.00368547
-5.04863	3.66792	0.762145	1.28035	0.690474	0.155665	-0.119032	0.491247	-0.428203	-0.0594814	0.0265779	-0.412284	0.325739	-0.321436	-0.00383752	0.284212	0.265754
-5.00536	3.58118	0.779969	1.25591	0.708299	0.0966715	-0.0337146	0.408611	-0.383043	-0.107598	0.0225281	-0.388218	0.409629	-0.424555	-0.000387153	0.353093	0.156374
-5.01192	3.57973	0.770393	1.28182	0.687724	0.181518	-0.0888494	0.536924	-0.513177	0.00986703	-0.0451023	-0.432358	0.439523	-0.415114	-0.0333634	0.394801	0.209346
-5.08393	3.69731	0.688098	1.35897	0.722049	0.156941	-0.125169	0.475187	-0.320064	-0.134991	0.0650627	-0.567068	0.48487	-0.458096	0.0776084	0.324781	0.270232
-5.06504	3.6683	0.828188	1.40223	0.579869	0.300901	-0.146172	0.522923	-0.353077	-0.076241	-0.0815077	-0.491228	0.425354	-0.437682	0.00640847	0.562903	0.324131
-5.11063	3.74957	0.655523	1.40886	0.648585	0.228379	-0.195377	0.515268	-0.404622	-0.0659667	-0.0326948	-0.377525	0.222156	-0.285646	0.0468903	0.405163	0.208367
-4.82657	3.47395	0.777952	1.34473	0.655449	0.198814	-0.00288651	0.155716	-0.143116	-0.032148	-0.269676	-0.270062	0.120635	-0.144958	0.160914	0.314787	0.288459
-3.65494	2.19816	0.853632	1.1768	0.522285	0.32275	-0.19855	-0.264739	-0.0680315	-0.106235	0.0668678	0.0332021	0.0418466	-0.264817	-0.00949733	0.272921	-0.0591136
-3.64658	3.13792	0.277722	0.862247	0.323364	0.00351722	-0.173905	0.216429	-0.0345418	-0.208921	-0.194952	-0.118378	0.27423	-0.343783	0.37707	0.271924	0.267481
-3.05889	2.69091	0.127144	1.09257	0.106884	0.141391	-0.0272638	0.0194793	0.0915153	-0.141082	-0.228567	-0.219309	0.0691214	-0.154609	0.381042	0.482256	0.558001
-2.9068	2.65588	-0.226234	0.927181	0.131565	0.0500735	-0.127177	0.073739	0.0910182	0.0208386	-0.128607	-0.23734	0.175235	-0.19739	0.173816	0.0884967	0.282041
-2.92997	2.73863	-0.289744	0.910913	0.0710104	0.0678867	-0.0414401	0.10171	0.153641	0.0119801	-0.13429	-0.320236	0.115652	-0.110874	0.207427	0.0724901	0.481317
-3.02195	2.90382	-0.612952	0.903951	-0.0950094	0.085662	-0.0977597	-0.00567904	0.163354	0.114269	-0.0303004	-0.288044	0.196307	-0.186882	0.13867	-0.253028	0.21677
-2.90999	2.77964	-0.401345	0.706548	-0.00961838	0.103362	0.0242567	-0.156195	0.295168	0.114892	-0.0538828	-0.335382	0.0670236	-0.0559723	0.172215	-0.181815	0.339505
-3.01916	3.04319	-0.481198	0.709751	-0.0577226	0.19341	0.0228398	-0.122827	0.259472	0.168056	-0.129526	-0.306515	0.00118353	-0.055969	0.220028	-0.0900533	0.401727
-3.02929	3.03645	-0.336356	0.492177	0.102073	0.00745135	0.161166	-0.103779	0.176331	0.178815	-0.109435	-0.2798	-0.0513302	-0.0708586	0.253036	-0.0593017	0.357629
-3.00887	3.08223	-0.362684	0.52212	0.0785747	0.0783777	0.113697	-0.028049	0.146743	0.118954	-0.0531633	-0.35717	-0.0963646	-0.0699787	0.368361	0.00433856	0.421694
-3.0387	3.19205	-0.418422	0.630879	-0.121285	0.277188	0.0910667	0.0179226	0.0392519	0.139484	0.00168405	-0.44405	-0.0856289	-0.137737	0.483677	0.0984558	0.416353
-2.97932	3.16647	-0.32562	0.568059	-0.0733021	0.31095	0.171657	-0.0610949	0.0610301	0.126901	-0.0586563	-0.386169	-0.223747	0.00477482	0.471646	0.187211	0.492712
-3.04932	3.17837	-0.201117	0.395241	0.0343846	0.186424	0.30673	-0.086903	0.0426112	0.0642898	0.0321293	-0.463264	-0.142865	-0.0510373	0.482006	0.232282	0.426193
-3.17287	3.37519	-0.265656	0.361557	0.0744777	0.0993421	0.364566	-0.0754588	-0.0575351	0.12722	-0.126357	-0.275242	-0.156586	-0.0222231	0.478988	0.0868639	0.46056
-3.27682	3.32478	-0.226816	0.286267	-0.0909043	0.14201	0.144217	0.20374	-0.281666	0.202444	-0.0392389	-0.247366	0.0503836	-0.15118	0.263344	-0.0777376	0.216397
-3.28415	3.26915	-0.139444	0.268823	-0.212158	0.264115	0.141854	0.150166	-0.147952	-0.0682456	0.123809	-0.244643	0.017282	-0.0278359	0.109166	-0.0626587	0.25242
-3.21748	3.35412	-0.0840635	0.389447	-0.208192	0.337703	0.261112	0.0953713	-0.214497	-0.207045	0.0917395	-0.333906	0.149477	-0.0340447	0.295179	0.0842175	0.521486
-3.26509	3.34709	-0.086532	0.345592	-0.25351	0.296006	0.326692	0.0203772	-0.211232	-0.222228	0.0996731	-0.182457	0.126782	-0.0320336	0.156486	-0.0327195	0.469481
-3.26779	3.37676	-0.00940437	0.225519	-0.170621	0.275998	0.386596	-0.031639	-0.235897	-0.260336	0.114598	-0.177608	0.133745	-0.0109531	0.165011	0.0530429	0.422981
-3.34916	3.38405	0.124811	0.0387427	-0.126741	0.31745	0.205148	0.126469	-0.371008	-0.235695	0.201871	-0.14426	0.135665	-0.0128849	0.0794562	-0.101559	0.411124
-3.32937	3.38738	0.100034	0.263038	-0.282194	0.416548	0.185263	0.0788953	-0.34359	-0.245642	0.136564	-0.180002	0.174482	0.0279409	0.176535	-0.0507109	0.436388
-3.31574	3.28863	0.14809	0.336483	-0.320863	0.354276	0.193317	0.0149743	-0.234148	-0.303191	0.171094	-0.218795	0.209635	0.068254	0.114392	-0.0198594	0.238895
-3.38789	3.40397	0.209846	0.324108	-0.237138	0.322404	0.18406	-0.0547059	-0.231285	-0.340455	0.149643	-0.177382	0.237424	0.183413	0.0269075	-0.0707981	0.426113
-3.48061	3.40669	0.249013	0.421116	-0.354596	0.332113	0.152843	-0.131066	-0.169948	-0.336207	0.212949	-0.174843	0.378805	-0.0393978	0.00691442	-0.204287	0.416119
-3.52729	3.49615	0.267206	0.52822	-0.430494	0.454909	-0.023514	-0.0617445	-0.217686	-0.367134	0.182231	-0.000275336	0.280787	-0.0429069	0.0596604	-0.193723	0.497538
-3.51302	3.46566	0.293383	0.589527	-0.408781	0.357497	0.0186462	-0.0650005	-0.346005	-0.251514	0.199667	0.115797	0.172547	-0.0779871	-0.0610237	-0.0676498	0.567224
-3.514	3.44789	0.241886	0.53919	-0.271692	0.334873	0.0686142	-0.158505	-0.247699	-0.239478	0.288987	-0.0445161	0.216568	-0.163998	-0.0551839	-0.0138359	0.374733
-3.53697	3.45626	0.290079	0.487825	-0.106518	0.2105	0.154291	-0.270182	-0.303237	-0.251595	0.458038	-0.00931672	0.130979	-0.257893	-0.0853951	0.153592	0.477676
-3.48185	3.4	0.262195	0.571202	-0.0526102	0.275434	0.0353039	-0.273466	-0.431678	-0.0843175	0.394672	0.0695176	0.0500116	-0.258118	-0.0562514	0.284806	0.565929
-3.48095	3.41622	0.0245142	0.670614	0.0879205	0.368412	0.0415687	-0.383388	-0.133913	-0.0576604	0.266762	-0.187873	0.0695635	-0.113835	-0.00958633	0.187973	0.253903
-3.43352	3.07004	0.334248	0.671217	0.187691	0.201786	0.144576	-0.324622	-0.110623	-0.0415228	0.175702	-0.21796	0.0521515	-0.0697055	0.0411646	0.0205996	0.325075
-3.50325	2.8951	0.348425	0.820705	0.319843	0.172734	0.0462055	-0.121048	-0.0179671	0.0160442	-0.0884106	-0.28733	0.106157	0.0289509	-0.052372	-0.0639412	0.215011
-3.61773	2.74829	0.27871	0.987325	0.504405	0.194367	-0.139423	0.106645	-0.0626311	0.0404417	-0.202131	-0.319659	0.190415	0.000752231	-0.194803	0.0979447	0.209492
-3.9975	2.47274	1.00108	0.676558	0.637019	0.293075	-0.437475	0.210416	-0.192988	0.132574	-0.363874	-0.0517217	0.135992	-0.0248368	-0.146405	0.224634	0.00868192
-4.2279	1.65684	1.31676	0.733884	0.585012	0.06303	-0.116655	-0.057814	-0.0530748	0.197834	-0.387276	-0.120017	0.177836	0.0803706	-0.384834	0.0983285	-0.115511
-4.59456	0.94809	1.19941	0.502732	0.863083	0.133127	-0.0759742	0.117356	-0.0285823	-0.050472	-0.417175	-0.069797	0.0681197	0.183829	-0.120749	-0.0450001	-0.029177
-4.85154	-0.0106791	0.559769	-0.0205856	0.496426	-0.0283957	0.225782	-0.323821	-0.165833	-0.121792	-0.157671	0.25934	0.18052	0.00400508	-0.069123	0.179874	-0.0730557
-4.49494	0.360497	0.442562	-0.12953	0.628914	-0.272856	0.233027	-0.0256771	0.00771634	0.301221	-0.491246	0.0489284	0.0934907	-0.104438	-0.0890468	-0.0354752	0.377121
-4.61276	-0.0220589	0.418031	-0.318726	0.238478	-0.289666	0.119679	0.165766	0.029866	-0.0265669	-0.309857	0.134019	0.151204	-0.127568	-0.107327	0.0361446	0.0466255
-4.65211	-0.204069	0.453403	-0.306795	0.212062	-0.391778	0.0755467	0.187996	0.0351229	0.0104331	-0.338421	0.132003	0.137547	-0.180398	-0.117228	0.020448	0.0335381
-4.66397	-0.293045	0.317972	-0.304303	0.327512	-0.382969	0.0727877	0.256596	-0.0290277	-0.0794565	-0.247804	0.182234	0.22051	-0.136355	-0.0920392	0.0426216	0.0769179
-4.65961	-0.405409	0.315023	-0.245852	0.339333	-0.301719	0.0483709	0.0920165	-0.0877073	-0.138428	-0.207918	0.162518	0.173417	-0.17494	-0.104023	0.0636894	0.0635604
-4.62286	-0.46047	0.349263	-0.344637	0.156353	-0.321102	0.0879104	0.0435775	-0.0717817	-0.0851861	-0.258425	0.161651	0.0540947	-0.215736	0.00714033	0.0552278	0.00328487
-4.74351	-0.485901	0.345826	-0.31247	0.346346	-0.32366	0.0197779	0.0247844	-0.0486192	-0.0560533	-0.250946	0.242231	0.0328876	-0.218733	0.010565	0.127305	-0.0514386
-4.83981	-0.398522	0.27301	-0.492793	0.304625	-0.324051	-0.00225098	0.0559209	-0.0131295	-0.0616757	-0.0721415	0.252484	-0.00970273	-0.091849	0.0483904	0.283847	0.036946
-4.92773	-0.471241	0.258948	-0.608955	0.296158	-0.21411	0.0640275	0.145852	0.117061	-0.0302523	-0.219567	0.161573	0.0245839	-0.171559	0.0529866	0.141005	-0.0497042
-4.96274	-0.491958	0.250971	-0.447338	0.326077	-0.250228	0.164931	0.147901	0.0753699	-0.00489023	-0.0948717	0.209405	0.0225165	-0.146578	0.193073	0.22608	0.00551841
-5.02704	-0.508533	0.352266	-0.461912	0.241923	-0.250204	0.217134	0.24976	0.0662132	0.0484281	-0.0855353	0.20207	0.0503647	-0.141154	0.200489	0.310861	0.139688
-5.01258	-0.43947	0.437384	-0.372719	0.202077	-0.272101	0.0876296	0.209242	0.0266534	0.00801157	-0.00612493	0.213976	0.0761064	-0.14032	0.180368	0.231624	0.0514964
-5.07315	-0.516162	0.394976	-0.327769	0.150575	-0.391182	0.080999	0.261607	0.0637851	0.0165888	0.0623859	0.287003	0.1456	-0.043947	0.149898	0.236005	-0.0338749
-5.20079	-0.661507	0.322948	-0.213922	0.2801	-0.233722	0.213374	0.163949	0.0484198	0.0699416	0.194436	0.278381	0.158188	0.070009	0.103506	0.0403278	-0.201184
-5.16949	-0.571941	0.299932	-0.253512	0.313284	-0.103669	0.181003	0.109677	0.0688632	0.0412025	0.253215	0.327489	0.248448	0.131424	0.150297	0.213425	-0.0918796
-5.17987	-0.548196	0.514448	-0.223525	0.298187	-0.118465	0.251533	0.164415	0.0858786	0.00459487	0.196059	0.278993	0.252071	0.0244154	0.215368	0.305726	-0.0283142
-5.19092	-0.587025	0.47364	-0.184827	0.210691	-0.177936	0.23571	0.229557	0.0694859	-0.0232941	0.182899	0.262593	0.23854	-0.00440622	0.318497	0.311748	-0.001216
-5.07674	-0.425134	0.45887	-0.215524	0.248744	-0.269989	0.0632332	0.0760125	0.201963	0.0578514	0.115963	0.324582	0.253449	-0.0865553	0.148769	0.16963	-0.080122
-5.13825	-0.473492	0.365193	-0.30772	0.248153	-0.283503	0.0539118	0.218543	0.180375	0.175698	0.112816	0.33479	0.328782	0.00111162	0.08557	0.189649	0.0536172
-5.11612	-0.475215	0.377755	-0.308343	0.12341	-0.261018	0.107032	0.305206	0.0908731	0.222903	0.0112444	0.266253	0.430744	0.0665906	-0.021804	0.194501	0.114809
-4.93147	-0.276675	0.464602	-0.190214	0.215973	-0.0582174	0.0995736	0.119914	-0.0752947	0.128971	0.0281452	0.229661	0.354573	0.0106686	-0.0996896	0.23631	-0.026883
-4.65567	0.124744	0.576028	-0.266344	0.235397	-0.158061	0.00413823	0.0863666	-0.0403125	0.069747	-0.0427566	0.0858039	0.239994	-0.0164088	-0.0972838	0.280228	-0.0269887
-4.78073	0.353656	0.532477	-0.290329	0.179892	0.0427877	0.110454	-0.0586028	-0.0170278	0.0593461	-0.215771	-0.169905	0.375	0.102227	-0.275785	-0.0129396	0.181669
-5.48353	0.115182	0.202884	0.525103	-0.087294	-0.283746	-0.190909	0.156683	0.250619	-0.192048	-0.122626	-0.187527	0.346619	0.128588	-0.0422128	-0.0233272	-0.201946
-4.6633	1.57412	0.690419	0.554298	0.318637	0.505282	0.134246	-0.118714	0.0461478	-0.0727022	-0.337429	-0.114131	-0.114241	0.107816	0.273147	0.328022	0.038108
-3.32475	2.71704	-0.00585714	0.300009	0.302381	0.427453	-0.142879	-0.120514	-0.108	0.325958	-0.463323	-0.0520368	0.0794216	0.0447919	0.154278	0.0731525	0.101721
-3.24426	3.47348	-0.279636	0.238487	0.20755	0.216154	-0.171315	0.301959	-0.00437732	0.457511	-0.385877	-0.421628	-0.126689	0.0987627	0.162192	0.506641	0.490821
-3.08754	3.09677	-0.539935	-0.0643967	0.205842	0.0685334	0.119998	0.158403	0.090847	0.530118	-0.423096	-0.0778687	-0.236715	-0.101646	0.166718	0.040512	0.45159
-2.91269	2.9133	-0.477015	-0.180747	-0.120728	0.501606	-0.166368	0.315825	0.116516	0.334649	-0.1554	-0.170887	-0.158402	-0.0513926	0.0162855	-0.0174829	0.170214
-3.11681	3.09903	-0.577657	-0.185897	-0.213997	0.53973	-0.0833085	0.313341	0.140765	0.371266	-0.290767	0.00256811	-0.299978	0.085096	-0.0564199	-0.0425665	0.0512162
-3.1094	3.02565	-0.482459	-0.182684	-0.210272	0.625482	0.00761838	0.250552	0.195882	0.310775	-0.232029	-0.0180125	-0.335341	0.0447738	0.0840702	-0.129541	0.158206
-3.13723	2.82011	-0.442861	-0.370132	-0.207418	0.787113	-0.108044	0.241581	0.13256	0.179295	-0.0266578	-0.0489144	-0.260474	-0.0397908	0.14427	-0.221851	-0.117588
-3.03365	2.66046	-0.600825	-0.271749	-0.163543	0.896632	-0.0840567	0.384575	-0.148853	0.409862	-0.17601	0.0205843	-0.173685	-0.0991363	0.0274398	-0.169402	-0.0945141
-3.25271	2.8802	-0.551876	-0.401854	-0.107996	0.900555	0.0700569	0.270742	-0.0240069	0.286282	-0.134511	0.0414	-0.0635587	-0.237874	0.0760912	-0.19382	-0.0529392
-3.35166	2.86132	-0.475233	-0.41067	-0.271552	1.01894	0.110193	0.225008	-0.0310087	0.288566	-0.211548	0.138343	-0.149971	-0.182	0.0833697	-0.239892	-0.0986317
-3.44638	2.80629	-0.473502	-0.337658	-0.447182	1.11674	0.14475	0.281416	-0.12018	0.346769	-0.154002	-0.0651528	0.0390409	-0.303964	-0.0473913	-0.233103	-0.00456708
-3.30081	2.58411	-0.601596	-0.312992	-0.316699	0.909338	0.130349	0.34164	-0.050917	0.143429	-0.143737	0.147632	-0.190039	-0.235065	-0.00362906	-0.226347	-0.234761
-3.41935	2.72178	-0.534113	-0.289327	-0.393692	0.921048	0.293287	0.144055	0.131102	0.00882932	-0.13871	0.210626	-0.184936	-0.26963	-0.0134553	-0.223771	-0.117379
-3.52103	2.65881	-0.558623	-0.31399	-0.574477	1.05273	0.0203232	0.30891	-0.0819262	-0.0466471	-0.164537	0.189819	-0.259468	-0.274103	0.0671688	-0.298565	-0.317001
-3.57878	2.81976	-0.403195	-0.303126	-0.44723	0.998792	0.213564	0.258841	-0.111446	0.194907	-0.21577	0.131368	-0.155167	-0.205431	-0.00374711	-0.349196	0.00215738
-3.4424	2.76805	-0.595109	-0.101759	-0.377561	0.904735	0.14146	0.500156	-0.238023	0.212761	-0.160836	0.14845	-0.181898	-0.12342	-0.0673459	-0.320188	-0.00314621
-3.52458	2.86755	-0.547176	-0.0161675	-0.440688	0.825855	0.289657	0.360502	-0.0304048	-0.0766168	0.0553804	0.00206233	-0.049244	-0.177699	-0.051435	-0.253626	-0.0175603
-3.52235	2.79556	-0.393568	-0.0894035	-0.537766	0.924526	0.318897	0.235964	-0.0387289	-0.0431415	0.110603	-0.108483	-0.00828282	-0.201285	0.0196228	-0.3326	0.00711439
-3.52412	2.80985	-0.552379	-0.132818	-0.570468	0.931392	0.10887	0.206971	-0.039708	-0.10522	-0.0264872	-0.093314	-0.0836436	-0.157387	0.0158371	-0.274208	-0.179846
-3.36487	2.68618	-0.481539	-0.233685	-0.370509	0.841759	0.0972881	0.330292	-0.267485	0.175907	-0.191791	-0.0537499	-0.0308463	-0.217604	0.0831791	-0.214288	-0.180395
-3.38303	2.81355	-0.590551	-0.0340425	-0.496008	1.01547	0.0913292	0.325835	-0.0711074	0.102171	-0.0872725	-0.00364373	-0.0771278	-0.174291	0.154729	-0.241523	-0.165741
-3.44421	2.85313	-0.499399	-0.177261	-0.537938	0.988975	0.00149662	0.319312	-0.279536	0.178387	-0.119354	-0.130804	-0.15782	-0.0281611	0.122281	-0.225174	-0.218122
-3.3531	2.83871	-0.730086	-0.153777	-0.394457	0.821779	0.0212648	0.25383	-0.241153	0.163611	-0.224441	-0.133309	-0.0417187	-0.251966	0.189589	-0.133159	-0.323048
-3.13434	2.64357	-0.687235	-0.0581566	-0.33585	0.809965	0.0539677	0.211345	-0.0951628	0.0378341	-0.114844	-0.0659825	-0.163443	-0.145546	0.245205	-0.18532	-0.217819
-3.10605	2.73918	-0.854346	0.0478395	-0.162776	0.651303	0.0135318	0.346975	-0.208742	0.0785482	-0.0187386	-0.261438	-0.0189137	-0.130161	0.159996	-0.149571	-0.145507
-3.16415	2.66443	-0.598526	-0.221566	-0.073305	0.599095	-0.0130952	0.409622	-0.314936	0.215228	-0.225682	-0.0927875	-0.136215	-0.169474	0.244703	-0.272424	-0.118871
-3.11278	2.56912	-0.672352	-0.061295	-0.311602	0.690145	-0.0619108	0.233594	-0.238736	0.219878	-0.399327	-0.150561	-0.0532782	-0.253942	0.202939	-0.222219	-0.169966
-3.01756	2.51851	-0.909784	-0.00462665	-0.111566	0.351644	-0.0366616	0.221267	-0.217616	0.0871489	-0.362775	-0.27745	-0.0103969	-0.277702	0.0969876	-0.159986	-0.215946
-3.03909	2.77558	-0.831397	0.140664	0.0227601	0.434394	0.0377273	0.470337	-0.1501	0.235925	-0.278845	-0.10549	-0.0441367	-0.0502707	0.107814	-0.21566	0.0929921
-3.03553	2.6953	-0.88474	0.134762	0.014049	0.306074	-0.00309624	0.424403	-0.258522	0.316952	-0.515352	-0.0965604	-0.0572919	-0.121385	0.0896052	-0.207099	0.0417285
-2.99781	2.68891	-0.87884	0.239346	-0.00542243	0.245994	-0.014582	0.486628	-0.167676	0.204859	-0.408106	-0.107535	-0.125761	-0.0250899	-0.00586484	-0.135185	0.080052
-2.90971	2.42103	-0.907804	0.298986	-0.106031	0.126249	-0.0569232	0.435585	-0.308313	0.146159	-0.481123	-0.260892	-0.0369292	-0.263964	0.0239225	-0.139045	0.0309012
-2.99883	2.55861	-1.06718	0.352071	-0.0853088	-0.0765154	-0.0253078	0.272015	-0.142421	-0.047669	-0.340919	-0.340569	-0.101985	-0.312334	-0.0085728	-0.106075	-0.0721058
-2.90315	2.65271	-0.947767	0.701806	-0.0131662	0.0875469	0.127192	0.532634	-0.109212	0.234411	-0.366154	0.0166521	-0.152493	-0.103895	0.121391	-0.0688171	0.315962
-3.06455	2.53855	-1.04118	0.584458	-0.167544	-0.153178	-0.0101374	0.303604	-0.135774	-0.076362	-0.229186	-0.307464	-0.154596	-0.389559	0.0525858	-0.195347	0.056926
-3.0303	2.35611	-0.907877	0.697265	-0.245433	-0.0544316	0.00752613	0.362612	-0.253868	0.0256274	-0.254995	-0.233039	-0.300394	-0.274969	0.0171712	-0.165232	0.154967
-3.0831	2.26223	-0.865733	0.750513	-0.282478	-0.178305	-0.0775727	0.293732	-0.322551	0.0887626	-0.364286	-0.0544921	-0.562033	-0.158228	-0.187479	-0.072211	0.0427194
-3.19427	2.2626	-0.838194	0.822147	-0.341821	-0.221245	-0.0507501	0.229218	-0.302963	-0.0261133	-0.197612	-0.192352	-0.464691	-0.282266	-0.111548	-0.165836	0.0271809
-3.3041	2.33877	-0.880349	0.955939	-0.340536	-0.272078	0.0125424	0.182778	-0.325238	0.0217334	-0.230671	-0.144621	-0.589851	-0.152117	-0.178684	-0.1778	0.0954226
-3.31568	2.49155	-0.688101	1.0825	-0.228839	-0.143554	0.0698244	0.349122	-0.265695	0.122951	-0.0494152	-0.0707976	-0.461509	-0.0449147	-0.0510254	-0.125996	0.291792
-3.38605	2.36046	-0.51543	0.952181	-0.222871	-0.253045	0.0738862	0.252965	-0.285024	0.102065	-0.0572222	-0.173362	-0.376258	-0.213187	0.0451678	-0.251009	0.206764
-3.36967	2.39092	-0.427639	1.04185	-0.188062	-0.164593	0.125488	0.319585	-0.282537	0.170217	-0.0464883	-0.0389479	-0.394287	-0.0309988	-0.00645813	-0.150217	0.263791
-3.48141	2.57107	-0.568882	1.17446	-0.340322	-0.0795614	0.0393597	0.337291	-0.304765	0.140234	0.0185176	-0.0816325	-0.316167	-0.0884589	0.0557033	-0.217805	0.196947
-3.47671	2.39677	-0.443411	0.970154	-0.236299	-0.278094	0.14476	0.173395	-0.311141	0.0459233	0.000468307	-0.180608	-0.368065	-0.081086	-0.0465259	-0.183658	0.122526
-3.44821	2.54964	-0.561687	1.17556	-0.257919	-0.143964	0.0584585	0.289285	-0.279189	0.121873	0.0565108	-0.131325	-0.176489	-0.176089	0.0979831	-0.136657	0.143098
-3.2903	2.09386	-0.371321	1.04348	-0.295215	-0.235136	-0.00212079	0.242376	-0.410887	0.101024	-0.0740351	-0.109238	-0.336641	-0.115525	-0.0396521	-0.0651034	0.00108085
-3.31624	2.23417	-0.519222	1.23348	-0.28115	-0.140687	-0.0497503	0.242169	-0.288779	0.0221105	0.0368539	-0.148624	-0.150208	-0.186462	0.0591247	-0.0505244	0.0635802
-3.24958	2.17368	-0.463329	1.25776	-0.101327	-0.0835995	-0.0608153	0.294085	-0.266471	0.0977012	-0.0138773	-0.0790589	-0.0484287	-0.161542	0.120777	-0.0199859	0.19908
-3.50059	2.36072	-0.430898	1.26125	0.218814	-0.00458908	-0.0836701	0.343868	-0.209273	0.0427364	0.00335931	-0.0405723	0.11917	-0.103767	0.11338	0.0882699	0.279277
-4.19743	2.41215	-0.285897	1.21073	0.459141	-0.126865	-0.26892	0.159658	-0.519993	0.0758069	-0.221794	-0.228536	0.180574	-0.21912	-0.0607767	0.00964013	0.0980413
-4.60809	2.71878	0.104829	1.29875	0.757177	0.147514	-0.335471	0.221794	-0.518951	0.119581	-0.00357457	-0.293525	0.444676	0.233888	0.0566874	0.0832006	0.103418
-5.00992	2.68612	0.264156	1.20986	0.309221	0.00643702	-0.539316	0.0131134	-0.551071	0.293882	-0.157106	-0.411232	0.443876	0.070075	-0.0993685	0.0909975	0.22215
-4.82871	2.14901	0.370915	0.854635	0.434828	-0.0199538	-0.310032	-0.0763448	-0.491416	-0.096415	-0.364003	-0.488534	0.182126	-0.0072558	-0.12096	-0.0574387	-0.0263047
-4.93247	2.05848	0.296793	0.793504	0.39873	-0.0329738	-0.299709	-0.0885725	-0.384741	0.0363959	-0.353944	-0.441682	0.201575	0.0388833	-0.10487	-0.102993	0.00121163
-4.85246	2.10697	0.0520655	0.880244	0.187355	-0.0350818	-0.211221	-0.179166	-0.382477	0.0787475	-0.432769	-0.451205	0.0155444	-0.104519	-0.153337	-0.175185	0.0355051
-4.53101	2.04487	-0.102364	0.840221	0.0945604	-0.0979713	-0.194285	-0.0796506	-0.244717	0.0849441	-0.41763	-0.325679	0.0244677	-0.207403	-0.239154	-0.137164	-0.00673998
-4.19825	2.12158	-0.206142	0.743295	-0.164764	-0.238569	-0.282645	-0.0327882	-0.13198	0.11727	-0.444677	-0.0458586	-0.0120955	-0.214448	-0.19777	0.0402997	-0.132586
-4.16672	1.92945	-0.223155	0.540865	-0.195749	-0.339148	-0.370612	-0.0323159	-0.162925	0.145108	-0.488207	0.0574842	-0.0945185	-0.212688	-0.332751	-0.0256029	-0.228714
-4.11673	1.87156	0.0798225	0.465544	-0.216147	-0.429767	-0.457985	0.0923542	-0.126987	0.203608	-0.493558	0.0108242	-0.181142	-0.190237	-0.369455	0.0278159	-0.11985
-3.89208	1.81344	0.0320584	0.360063	-0.0777826	-0.202025	-0.390684	0.19014	-0.250454	0.339248	-0.356664	0.127239	-0.161986	-0.185084	-0.401872	-0.103801	-0.0211583
-3.67859	1.78689	-0.000953542	0.233242	-0.173549	-0.143416	-0.479581	0.145595	-0.257381	0.352419	-0.501858	0.156077	-0.201882	-0.101484	-0.396641	-0.172663	-0.00674028
-3.45977	2.35172	0.24591	0.302579	0.0323398	0.115321	-0.376402	0.254934	-0.122626	0.601907	-0.372091	0.338891	0.0806893	0.0218278	-0.144873	0.107639	0.00597722
-3.28044	2.23822	0.106176	0.0103233	0.185872	0.301035	-0.383297	0.53381	0.102135	0.635423	-0.0866449	0.321421	0.145619	0.0827954	-0.101712	-0.12038	0.0358368
-3.06019	1.92161	0.00392595	0.374364	-0.142994	0.263716	-0.351661	0.413517	-0.159385	0.516244	-0.316759	0.161622	-0.14921	-0.00969856	-0.168351	0.0487626	0.0787265
-3.15544	2.22164	0.0020766	0.501775	-0.0869425	0.308381	-0.28117	0.385518	-0.0600764	0.703377	-0.340554	0.236513	-0.0319333	0.152079	-0.142954	-0.0489267	0.140186
-3.34915	2.54756	-0.00277849	0.762925	-0.0703979	0.469758	-0.200914	0.242946	-0.0129796	0.67731	-0.0841402	0.249923	0.112518	0.221821	-0.0346824	-0.0621214	0.173764
-3.52004	2.62149	-0.0407252	0.491117	0.0149668	0.257456	-0.266619	0.242042	-0.184324	0.553845	-0.21783	0.258886	-0.0127614	0.141946	-0.113225	0.0533069	-0.0924418
-3.65105	2.69686	0.230178	0.763971	-0.0280235	0.496042	0.018965	0.216416	0.00651154	0.587046	-0.0254676	0.314702	0.112344	0.294317	-0.03426	-0.0233214	0.253955
-4.09323	2.78511	0.168119	0.754365	0.197868	0.529078	0.0609603	0.230619	-0.0256125	0.562993	0.00565789	0.277136	0.0582649	0.17035	0.195099	-0.114831	0.278152
-4.86949	2.67604	0.425443	0.627054	0.0839997	0.590664	-0.0152993	0.172521	-0.25711	0.372764	-0.0899921	0.245804	-0.110943	0.0868685	0.00545035	-0.0557292	0.0592608
-5.39048	2.78133	0.518046	0.639482	-0.0678629	0.730825	0.138203	0.12123	-0.424116	0.490282	0.0362685	-0.0740721	-0.0554689	0.248369	-0.0540331	-0.163015	0.14367
-5.65294	2.65067	0.637865	0.628514	0.339078	0.386066	0.290463	0.191563	-0.31407	0.239652	0.0447716	0.137626	-0.146339	0.129053	0.0655033	-0.0190773	0.225808
-6.08023	2.15241	0.650826	0.563144	0.112705	0.42919	0.14021	0.0446512	-0.276876	0.0920968	-0.157357	-0.181523	-0.203263	-0.0545022	-0.236337	-0.173372	-0.00939654
-6.24317	2.07208	0.779914	0.637525	0.10166	0.555323	0.108515	0.00038123	-0.295003	0.0354271	-0.142337	-0.188714	-0.271583	-0.159329	-0.189777	-0.0425972	0.0170256
-6.62194	2.01681	0.807501	0.638723	0.120923	0.628819	0.137654	0.0833683	-0.333164	0.0566679	-0.132276	-0.301225	-0.327494	-0.193003	-0.154991	-0.0705874	0.139703
-7.65603	1.81709	0.91781	0.797485	0.0371113	0.444463	0.0757169	0.0837319	-0.461302	0.216177	-0.107118	-0.149805	-0.363041	-0.234229	-0.041813	-0.146101	0.156498
-7.65381	1.58384	0.59434	0.556108	0.186968	0.259559	0.0671566	0.0358926	-0.170437	0.0609793	-0.105793	-0.0511417	-0.0171345	-0.0402126	-0.0119738	-0.042276	0.135359
-6.9954	1.69225	0.174161	1.11252	0.217526	0.280869	-0.347794	-0.17944	-0.138508	0.135952	-0.127133	-0.120416	-0.0262383	0.00377678	-0.116777	0.030489	0.279065
-6.46994	1.84256	0.155676	1.0986	0.332572	0.330241	-0.335482	-0.204335	-0.203735	0.0696772	-0.219565	-0.14861	0.0442053	0.111358	-0.128962	-0.0372895	0.310655
-5.97333	1.66106	-0.131254	1.18821	0.121281	0.207801	-0.27736	0.111351	-0.173813	0.0965101	-0.433417	-0.066083	-0.0435825	0.261305	-0.0970546	0.109564	0.209332
-5.52053	1.56079	-0.417046	1.06688	-0.156249	0.0625297	-0.432813	0.125186	-0.239863	0.14042	-0.413678	0.104204	-0.000151469	0.360145	-0.119917	0.236996	0.202454
-5.37439	1.408	-0.32424	1.01753	-0.142846	-0.1589	-0.507847	0.136298	-0.275615	0.0806376	-0.264762	0.200098	0.0326651	0.170955	-0.0606766	0.259146	0.0996887
-5.57573	1.37202	-0.430608	1.04137	-0.269259	-0.123337	-0.566777	0.241112	-0.284426	0.148939	-0.149277	0.351078	0.000348422	0.111823	-0.11035	0.292518	0.0714537
-6.31315	1.27428	-0.237635	0.946806	-0.137569	-0.306958	-0.499239	0.106305	-0.216404	0.0493752	-0.0577465	0.32827	0.0855398	0.0580164	-0.0875656	0.321761	0.134311
-7.28234	1.34037	0.404545	0.654008	0.139426	-0.365454	-0.284745	0.107728	0.0770137	-0.129492	0.0428299	0.328946	0.334074	-0.139077	0.0410801	0.326196	-0.289248
-8.22507	1.64192	0.568536	0.790691	0.15622	-0.334337	-0.206766	0.094596	0.0674924	-0.0447143	0.125637	0.407457	0.226314	-0.0291125	0.00479896	0.181619	-0.238543
-8.67559	1.67858	0.627019	0.704176	0.284089	-0.216002	-0.32438	0.0329667	0.0614694	0.00404058	0.240447	0.466317	0.207751	0.0157141	0.0690128	0.162217	-0.197334
-8.89963	1.62627	0.686757	0.603054	0.154737	-0.0775741	-0.231396	0.128697	0.229095	0.0455417	0.118197	0.426974	0.159122	0.0419732	0.0268166	0.134524	-0.105971
-8.62381	1.09043	0.853749	0.703341	0.0131282	0.0178748	-0.0974986	0.304009	0.099954	0.25194	0.178995	0.469466	0.0423345	0.238773	-0.08431	0.242489	-0.235051
-8.39459	0.679684	0.889102	0.859341	0.1294	0.198313	-0.115318	0.309644	0.0871412	0.228639	0.0714136	0.431222	0.0338996	0.320684	-0.122158	0.25862	-0.237732
-8.37128	0.750887	0.963379	0.908045	0.172541	0.094788	-0.167409	0.235323	0.0569324	0.187337	0.122619	0.491422	0.0333606	0.120067	-0.263532	0.210916	-0.206145
-8.22441	0.948394	0.786156	0.825619	0.0417834	-0.11087	-0.279014	0.128308	-0.0596234	0.304732	0.096262	0.451055	-0.0437904	0.0492451	-0.0450037	0.00385169	-0.27437
-6.96779	1.03562	0.120831	0.750492	0.00697047	-0.187492	0.0888791	0.128448	-0.209778	0.208441	-0.0654462	0.268164	0.134143	0.0520262	-0.012141	-0.12005	-0.12202
-5.35452	1.44773	-0.416961	0.792973	-0.146742	-0.347701	-0.295947	0.103882	-0.254258	0.154518	-0.111711	0.0615586	-0.117005	-0.216344	-0.0200878	-0.0526685	-0.168709
-4.43829	1.53578	-0.545373	0.722869	-0.195067	-0.419695	-0.467743	0.188685	-0.226822	0.139294	-0.0649825	0.0585563	-0.231938	-0.243477	-0.0773774	-0.10423	-0.229084
-3.98512	1.49053	-0.374231	0.694096	-0.173179	-0.368814	-0.322608	0.206628	-0.244896	0.0670568	-0.073834	0.0807595	-0.319116	-0.284792	-0.22644	-0.207949	-0.271123
-3.76693	1.57555	-0.27466	0.632854	-0.336836	-0.298681	-0.0260843	0.0962537	-0.18178	0.123556	-0.0740116	0.0432401	-0.401336	-0.255209	-0.236305	-0.173784	-0.23297
-3.55536	1.67796	-0.344339	0.697016	-0.372502	-0.308517	0.0709382	0.102436	-0.173029	0.0641059	-0.0820322	0.0234573	-0.391182	-0.182257	-0.215609	-0.0737194	-0.174841
-3.24451	2.27588	-0.241778	0.825027	-0.142389	-0.323415	0.110586	0.328982	-0.0216213	0.229775	0.0833902	0.242043	-0.220793	0.0202819	0.0215767	0.0194776	-0.0442869
-3.18552	1.45728	-0.17421	0.953726	-0.29063	-0.0853468	0.110351	0.444271	-0.138974	0.0730612	-0.196682	0.021256	-0.507944	-0.128715	-0.148569	0.111376	-0.0860322
-3.00007	1.77647	0.0147272	1.04604	-0.15154	-0.136831	0.316616	0.474315	0.053951	0.30253	0.0781299	0.416842	-0.253559	0.0860672	-0.0532463	0.0780108	-0.0336472
-3.10131	1.92052	-0.0558487	1.07895	-0.264121	-0.0771796	0.219024	0.38768	-0.0248442	0.202769	0.116962	0.32699	-0.249535	0.0566387	-0.0302026	0.0216459	-0.142714
-3.21224	2.05987	-0.265765	1.26043	-0.374807	-0.0357659	0.115028	0.467758	-0.104084	0.292512	0.0712926	0.338674	-0.305744	0.0978087	-0.108639	-0.0331012	-0.149453
-3.42675	2.42584	-0.186899	1.17819	-0.210499	0.0210537	0.223686	0.402994	0.0400246	0.206099	0.257278	0.298803	-0.0423388	-0.0904686	0.0484397	-0.0621245	-0.126502
-3.24163	2.20704	-0.142512	1.25794	-0.319357	-0.0248442	0.184069	0.345837	-0.0340375	0.187455	0.269045	0.249293	-0.138566	0.0452126	0.010127	-0.088957	-0.0829265
-3.26205	2.16831	-0.337211	1.334	-0.398114	-0.0141378	0.0927158	0.249896	-0.110605	0.180928	0.175355	0.152807	-0.142068	0.037687	-0.075347	-0.0890697	-0.199264
-3.40451	2.3778	-0.295623	1.52103	-0.337278	0.166132	0.119211	0.364651	-0.0985529	0.198884	0.299084	0.195999	-0.056077	0.0720505	-0.00236197	-0.040138	-0.13336
-3.50388	2.35823	-0.260229	1.55157	-0.217318	0.0814138	0.179665	0.28586	-0.139718	0.166642	0.201748	0.158718	-0.0671194	0.0506865	0.0265153	-0.0110992	-0.0904708
-3.85345	2.55664	-0.178042	1.61518	0.112338	0.291465	0.221899	0.370176	0.0116889	0.0236428	0.148695	0.0724191	-0.0269041	0.117677	0.0616461	0.17376	0.0628345
-4.79102	3.09813	0.515556	1.77272	0.485952	0.0171656	-0.111239	0.288417	-0.0536411	0.199359	-0.134772	-0.227074	0.155225	0.227883	0.055015	0.211467	0.0622651
-4.92876	3.30762	0.644334	1.28493	0.57257	0.0867729	-0.0864538	0.293535	-0.305908	0.197657	-0.105047	-0.229567	0.253644	0.128084	-0.203902	0.271311	0.0307931
-4.94317	3.42305	0.762293	1.36159	0.701495	0.263286	-0.0714521	0.419609	-0.215407	0.200019	0.152683	-0.27691	0.437628	0.176618	-0.0759132	0.184054	0.278361
-4.94165	3.49391	0.739711	1.34441	0.793606	0.23807	0.0127222	0.443341	-0.32556	0.285687	0.0808836	-0.116652	0.289017	0.371725	-0.230796	0.253843	0.301623
-5.06539	3.48854	0.788973	1.33051	0.648725	0.301711	-0.115282	0.394293	-0.25009	0.270396	0.0176009	-0.305729	0.433306	0.20461	-0.0321176	0.220551	0.125118
-5.179	3.80473	0.796904	1.18887	0.991348	0.053775	0.235024	0.499982	-0.417246	0.338112	0.214527	-0.318277	0.568402	0.179174	-0.190224	0.357772	0.247992
-5.28285	3.9274	0.650474	1.20786	0.805308	0.0613568	0.151407	0.357545	-0.323971	0.234894	0.214599	-0.402569	0.467047	0.29338	-0.303991	0.397939	0.111229
-5.22498	3.87565	0.907762	1.11937	0.976428	0.207902	0.172562	0.498757	-0.358193	0.33606	0.381868	-0.43181	0.587987	0.193141	-0.0943234	0.316572	0.22524
-5.30838	3.89094	0.757713	1.17953	0.862913	0.19343	0.110229	0.343745	-0.325419	0.304867	0.297477	-0.547487	0.621866	0.129725	-0.00526264	0.236833	0.115831
-5.1162	3.63037	0.688867	1.18771	0.691721	0.273881	0.145171	0.149488	-0.306764	0.222964	0.237245	-0.487247	0.461179	0.135021	0.0359366	0.0232941	0.216785
-4.2394	2.4475	0.630375	1.38645	0.152361	0.222191	0.208998	0.166077	-0.243673	0.111707	0.200116	-0.33405	0.023461	0.105296	0.105001	0.0385023	-0.0362199
-4.27116	2.58441	0.353509	1.70775	0.032956	0.286187	0.585012	-0.0864164	-0.414343	0.0468772	0.00514887	-0.262909	-0.0762543	0.459623	0.101771	0.136616	-0.0208789
-4.18711	2.36245	0.594212	1.54215	-0.00529517	0.418765	0.51581	-0.00598842	-0.341531	0.0913347	0.122321	-0.391891	0.186789	0.155181	0.191608	0.0929149	-0.0100314
-4.07341	2.12948	0.88668	1.41135	-0.0781164	0.482188	0.494632	-0.107037	-0.381085	0.186883	-0.0423874	-0.283897	0.109787	0.235134	0.205716	0.0355171	0.008025
-4.1636	2.19976	0.96423	1.38342	-0.0995802	0.47519	0.536533	-0.192037	-0.349002	0.222306	-0.0659132	-0.2209	0.073996	0.233071	0.205488	0.0689005	-0.0205382
-4.19388	2.29935	1.01595	1.37682	-0.0717738	0.558513	0.594373	-0.245595	-0.266498	0.295869	-0.124152	-0.16407	0.0809922	0.17565	0.228811	-0.0105631	0.205188
-4.05765	2.00263	1.15023	1.31716	-0.0957989	0.531343	0.612207	-0.344848	-0.189989	0.131919	-0.00711038	-0.252373	0.0748409	0.237962	0.180021	0.0253468	0.0929537
-4.1458	2.05722	1.12896	1.28228	-0.168697	0.6332	0.489029	-0.370588	-0.231874	0.144444	-0.0499682	-0.326536	0.143123	0.0935854	0.236813	0.00043231	0.0973794
-4.17838	2.23668	1.12452	1.54397	-0.337695	0.906506	0.421113	-0.145979	-0.231455	0.240326	0.0247292	-0.265044	0.130175	0.126254	0.288089	-0.0284843	0.309873
-4.03522	1.93804	1.14225	1.45206	-0.292561	0.7794	0.474867	-0.235051	-0.294813	0.209907	-0.0468604	-0.325036	0.142816	0.107891	0.235043	0.0231986	0.191563
-4.24806	2.18652	0.935479	1.35617	-0.0464933	0.487228	0.597803	-0.387156	-0.242196	0.0704146	0.0340302	-0.512348	0.22292	0.0673935	0.198763	0.0979978	0.0567226
-4.14086	2.06833	1.02369	1.44193	-0.143033	0.667841	0.586659	-0.314356	-0.205635	0.0935109	0.00315227	-0.399959	0.154958	0.118682	0.211723	0.134805	0.0874895
-4.24582	2.19943	0.948377	1.3407	0.0159888	0.616557	0.444781	-0.124582	-0.380067	0.113144	0.0824625	-0.574578	0.268802	-0.00106499	0.298992	0.0785727	0.136136
-4.3138	2.26803	0.910546	1.32719	0.110724	0.492079	0.501996	-0.0694332	-0.43122	0.102541	0.0910355	-0.575475	0.281049	-0.00328895	0.237352	0.143098	0.129314
-4.30076	2.3205	0.751517	1.39105	0.154277	0.572632	0.406476	0.0506697	-0.478717	0.106329	0.0463942	-0.555332	0.207382	0.109952	0.168821	0.210512	0.151976
-4.24947	2.22778	0.865274	1.38635	0.150357	0.595116	0.424344	0.0679934	-0.323933	-0.0117347	0.141607	-0.507812	0.196403	0.0425131	0.244774	0.173439	0.232955
-4.30989	2.25891	0.66073	1.32202	0.284966	0.469772	0.304154	0.140491	-0.346452	-0.198548	0.136885	-0.549859	0.105441	0.00117017	0.301914	0.141807	0.181334
-4.51056	2.54313	0.6189	1.185	0.2944	0.43482	0.305947	0.0167024	-0.199103	-0.233767	0.0885706	-0.438425	-0.0133936	0.077075	0.197101	0.177991	0.155884
-4.57048	2.66621	0.552327	1.24786	0.284348	0.481494	0.14448	0.122228	-0.040513	-0.335175	0.138646	-0.397617	0.105369	-0.117177	0.349337	0.0436274	0.254547
-4.68332	2.73459	0.669165	0.998597	0.291258	0.537595	0.0596902	0.0581502	-0.00366375	-0.230084	-0.059449	-0.386683	0.172661	-0.132376	0.256198	0.131497	0.127023
-4.66392	2.8607	0.398323	1.18487	0.118644	0.618485	0.165459	-0.123331	0.102075	-0.249801	0.0766722	-0.53369	0.254693	-0.0627807	0.1523	0.0729911	0.17502
-4.84028	2.96761	0.481566	0.994547	0.13647	0.527951	0.285386	-0.318537	0.0617136	-0.222144	0.178103	-0.63537	0.132308	0.0519749	0.0788492	0.0290312	0.113511
-4.85924	3.03558	0.616823	0.787581	0.156047	0.664606	0.266435	-0.253916	-0.00182605	-0.216021	0.301066	-0.567598	0.142282	0.0152369	0.073074	0.0648464	0.10219
-5.0379	3.11956	0.735887	0.717211	-0.173854	0.72852	0.429183	-0.251112	-0.269568	-0.176138	0.327883	-0.595396	0.0740853	0.09106	0.0355774	-0.165845	0.179265
-5.16985	3.36899	0.789153	0.609261	-0.0730672	0.689799	0.365552	-0.0665813	-0.283784	-0.109446	0.14298	-0.257036	-0.0155263	0.184096	-0.0747579	-0.151143	0.249433
-5.18027	3.39104	0.747141	0.660933	-0.0133491	0.547602	0.396651	0.0993924	-0.131053	-0.330791	0.25346	-0.457136	0.219427	0.163271	-0.082716	-0.0718974	0.15369
-5.35521	3.42215	1.00413	0.626371	0.00620673	0.35352	0.400318	0.191563	-0.0710942	-0.288421	0.141134	-0.514463	0.257542	0.281773	-0.0341521	-0.141518	0.126526
-5.62321	3.66543	0.987541	0.705149	-0.0691617	0.125494	0.445108	0.131473	-0.066742	-0.130211	0.114931	-0.695141	0.204931	0.334713	0.00663696	-0.154495	0.0329062
-5.50621	3.57443	1.03203	0.761277	0.131864	0.143236	0.329986	0.12246	0.234348	-0.178182	0.177073	-0.511789	0.201014	0.154985	0.0341726	0.103712	0.0189072
-5.70531	3.59691	0.983465	0.861101	0.143579	-0.0533747	0.115542	0.0612537	0.165821	-0.161986	0.323219	-0.66889	0.177963	0.0301412	-0.205568	0.0868903	0.118092
-5.91089	3.48766	0.954296	0.881283	-0.0554353	-0.135014	-0.14427	-0.0690335	0.0109996	-0.0795298	0.134883	-0.648062	0.0219453	-0.206634	-0.209882	-0.061463	0.00131515
-5.94921	3.33629	0.918172	1.02367	-0.146706	-0.468011	-0.13683	-0.0977006	-0.0471727	-0.0562984	0.0209813	-0.713719	-0.110368	-0.114491	-0.229525	-0.276867	-0.0203551
-5.75744	3.73829	1.08017	1.04767	0.125055	0.0566212	0.123012	0.0427649	0.216319	0.294664	0.199425	-0.422968	0.208139	0.0204701	-0.0403778	-0.0128238	0.415875
-6.06249	3.89166	1.19994	0.644241	0.31769	0.0606126	-0.141617	0.0197595	0.105417	0.283704	0.165246	-0.38954	-0.0137668	-0.0619483	-0.0951637	0.256991	0.0925799
-5.87459	3.75837	1.1651	1.04995	0.284458	0.0239335	-0.0445729	0.0620438	0.149361	0.479296	0.215682	-0.434681	0.14238	-0.0459532	0.00769275	0.353152	0.235819
-5.78372	3.717	0.990497	1.18747	0.154479	0.00527609	0.141695	-0.00725078	0.0837438	0.308446	0.284909	-0.310365	0.163201	-0.113281	0.0307151	0.216976	0.327077
-5.8398	3.66593	0.86122	1.0318	0.0238343	-0.0691204	0.00346842	-0.00576468	-0.0624718	0.186927	0.0900862	-0.295912	-0.0606527	0.0257711	-0.185989	0.0703656	0.229886
-5.70277	3.67196	0.875713	0.855989	0.116505	-0.134148	0.17072	0.0344681	-0.0433047	0.170741	0.0578808	-0.25553	0.0430229	-0.0708499	-0.0403739	0.0279492	0.282766
-5.61674	3.78274	0.766155	0.82978	-0.0194843	-0.0602585	0.23255	0.115903	-0.0611667	0.128689	0.0463021	-0.323249	0.172534	-0.0643078	-0.111734	0.135791	0.256348
-5.48596	3.73107	0.741205	0.765251	-0.221028	-0.0736512	0.396585	0.0449733	0.0322955	-0.133506	0.0975427	-0.324263	0.0589511	0.0399416	-0.132961	0.200709	0.110187
-5.33414	3.72021	0.878841	0.662597	-0.166723	0.0568802	0.40648	0.255937	0.0134042	-0.00267863	-0.0319051	-0.153673	0.104357	0.142697	-0.0222789	0.0889745	0.276264
-5.22976	3.88168	0.758866	1.00648	-0.176723	0.076517	0.46545	0.481693	0.129666	-0.019873	0.119024	-0.152959	0.299259	0.223513	0.16436	-0.0206555	0.493569
-5.09811	3.47132	0.907281	0.610365	-0.201467	-0.0224138	0.390187	0.271832	-0.0322102	-0.144527	-0.0702544	-0.0964074	0.251061	0.056328	-0.0701916	-0.0564111	0.242731
-4.99347	3.12084	0.989974	0.427091	-0.436831	0.0925744	0.307809	0.126338	-0.282061	-0.255372	-0.210469	0.176809	0.227255	-0.229898	-0.355521	-0.137569	0.182622
-4.90871	3.45723	0.816462	0.554284	-0.292996	0.282945	0.385925	0.198467	-0.193966	-0.103865	0.110571	0.13207	0.225644	0.00467068	-0.0505358	-0.143366	0.250697
-4.44887	3.22215	0.72462	0.566849	-0.0687008	0.544436	0.410574	-0.00739536	-0.134147	0.229763	0.431958	0.175652	0.0267224	0.0938601	0.133173	-0.000466957	0.262067
-4.37408	3.12862	0.485472	0.626199	0.0948394	0.262322	0.221223	0.143973	-0.18501	0.26733	0.338706	0.14643	0.0580046	0.0775764	0.0174757	-0.084512	0.203568
-4.22582	3.18626	0.0711513	0.853771	0.16361	0.0268427	0.249437	-0.134509	0.0222858	0.395988	-0.00797414	0.203422	0.11083	0.0325109	0.126656	-0.16774	0.170194
-4.07086	2.82273	0.314683	0.811379	0.101346	-0.0326431	0.0916242	0.0306635	-0.071104	0.386362	-0.0144559	0.170564	0.210737	-0.0577419	0.129161	-0.157331	0.0762034
-3.81789	2.44154	0.518075	1.02796	-0.0539032	0.0294868	0.0976856	0.178247	-0.0289856	0.351423	-0.0264727	0.496785	0.171605	-0.150228	0.136645	-0.00667	0.104064
-3.95795	2.65396	0.33648	0.92467	0.0464147	-0.192784	0.0851327	0.193469	-0.197637	0.298057	-0.0125455	0.383111	0.10218	-0.150342	0.19611	0.00332993	-0.0699456
-3.81037	2.39623	0.349913	1.15598	-0.0724745	-0.199527	-0.0513143	0.356626	-0.29285	0.275651	-0.0252303	0.449862	0.115849	-0.207728	0.242388	-0.132163	0.0636769
-3.80794	2.04346	0.582545	0.751466	-0.186421	-0.295008	-0.226703	0.316705	-0.420707	0.0868	-0.0820895	0.283851	-0.0372368	-0.335906	0.13034	-0.110658	-0.258638
-3.76691	2.39996	0.21461	1.14095	-0.175332	-0.168559	-0.0192297	0.330586	-0.334194	0.213529	0.0888862	0.289025	0.0542032	-0.167766	0.291298	-0.204076	0.0364257
-3.82497	2.28289	0.411011	0.887814	-0.0181945	-0.333413	0.0457523	0.319116	-0.401649	0.324819	-0.0643011	0.433141	-0.0227077	-0.253675	0.366593	-0.300134	-0.0281459
-3.84167	2.23858	0.228162	1.03113	-0.273451	-0.342703	-0.113256	0.382991	-0.624233	0.312263	-0.086127	0.195542	-0.129946	-0.0269513	0.022165	-0.107586	-0.21982
-3.66878	1.98091	0.323135	0.955706	-0.244394	-0.351206	-0.0427179	0.228871	-0.528138	0.255304	-0.101502	0.220138	-0.169246	-0.0868568	0.077553	-0.172258	-0.136748
-3.66979	1.90374	0.354238	0.928891	-0.246978	-0.295838	-0.0785376	0.21352	-0.3979	0.0822037	0.0548572	0.0966444	-0.061874	-0.173417	0.114091	-0.250963	-0.128211
-3.96083	2.21268	0.414072	0.899726	-0.495724	-0.153624	0.0642835	0.0340873	-0.423068	0.251242	-0.0815094	-0.040389	-0.0460448	-0.0340527	0.0845678	-0.389971	0.0445297
-3.77655	1.85109	0.45929	0.87409	-0.283384	-0.261302	-0.127367	0.346008	-0.664981	0.197805	-0.113798	0.205417	-0.1943	-0.188545	0.0615009	-0.151103	-0.197588
-3.66498	1.69867	0.361506	0.813401	-0.373898	-0.297994	0.0234517	-0.0288583	-0.546416	0.180355	-0.13204	-0.0158084	-0.186641	-0.150802	0.0218603	-0.320823	-0.186896
-3.76256	1.73927	0.3556	0.836262	-0.195853	-0.451349	-0.00969969	0.101694	-0.55093	0.0829072	-0.15886	0.0432526	-0.228422	-0.203542	0.0566547	-0.267802	-0.204362
-3.77789	1.72965	0.396318	0.736427	-0.139774	-0.468482	-0.0757039	0.124909	-0.568113	0.172286	-0.268601	0.0113664	-0.238522	-0.189123	0.0331026	-0.289422	-0.160587
-3.75107	1.55328	0.107619	0.852425	-0.446749	-0.34673	-0.275423	0.0433443	-0.678148	-0.0473704	-0.31756	-0.169688	-0.410536	-0.230346	-0.145361	-0.214706	-0.510251
-3.77769	1.69008	0.303808	0.925728	-0.467127	-0.118825	-0.119267	0.0900658	-0.681378	0.194056	-0.269345	-0.218778	-0.211461	-0.213702	0.0541629	-0.282103	-0.114148
-3.6255	1.44351	0.198755	0.935962	-0.435798	-0.248056	-0.159503	0.0953438	-0.724817	0.0731897	-0.396796	-0.132601	-0.427997	-0.217787	0.000990206	-0.221466	-0.299404
-3.51539	1.30112	0.393684	0.833893	-0.26602	-0.218195	-0.127679	0.127172	-0.710937	0.0976948	-0.33372	-0.156129	-0.312351	-0.253574	0.102903	-0.268172	-0.14782
-3.51519	1.30412	0.358885	0.90322	-0.407624	-0.175259	-0.214463	0.16428	-0.731902	0.0604154	-0.341112	-0.126223	-0.322872	-0.262213	0.1042	-0.232165	-0.23698
-3.59525	1.17482	0.412825	0.865955	-0.246956	-0.143764	-0.223775	0.144353	-0.737897	-0.0216068	-0.391917	-0.181166	-0.391201	-0.245036	0.0659844	-0.224901	-0.243835
-3.62534	1.27897	0.31567	0.945114	-0.278488	-0.118536	-0.22663	0.173914	-0.70524	-0.0655572	-0.379312	-0.175135	-0.342464	-0.279102	0.100031	-0.174464	-0.258432
-3.70857	1.2857	0.396811	0.913356	-0.0985795	-0.0498158	-0.204579	0.212145	-0.688024	-0.102605	-0.377782	-0.182843	-0.296265	-0.271149	0.139285	-0.120406	-0.173147
-4.25548	1.57736	0.361458	1.12648	0.00464768	0.149725	-0.191319	0.297392	-0.723151	-0.197114	-0.432133	-0.160914	-0.292807	-0.246642	0.236965	0.00631648	-0.181371
-4.56363	1.86644	0.618871	1.19684	0.245755	0.16082	-0.366242	0.450353	-0.692831	-0.120005	-0.368436	-0.0789272	-0.119688	-0.109852	0.179193	0.121848	-0.0668877
-5.14274	2.29967	0.930442	1.15925	0.344232	0.284464	-0.505941	0.401212	-0.491797	-0.0576462	-0.266652	-0.339824	0.228148	-0.0966975	0.0416489	0.00376346	-0.00759039
-5.21013	2.67734	0.744517	1.25504	0.289708	0.0730446	-0.35231	0.458555	-0.734115	0.131793	-0.223298	-0.195042	0.380038	-0.129493	-0.0340204	0.153963	0.11245
-5.03278	2.33039	0.863016	1.14485	0.348239	0.0374262	-0.384394	0.462982	-0.796231	-0.0190602	-0.156709	-0.311483	0.277449	-0.119149	-0.00975238	0.13448	-0.094291
-4.97855	2.25412	0.820753	1.0649	0.454499	-0.02876	-0.494214	0.535845	-0.895476	0.127525	-0.282437	-0.30101	0.350468	-0.17355	-0.00403792	0.0812918	-0.123969
-4.9779	2.27511	0.868756	1.0803	0.484808	-0.112753	-0.388655	0.565508	-0.901269	0.12838	-0.27941	-0.279843	0.368463	-0.173733	0.0790756	0.109256	-0.107246
-4.9439	2.25319	0.971814	1.13231	0.415816	-0.096764	-0.29985	0.542633	-0.855107	0.0973851	-0.187532	-0.188039	0.280219	-0.131266	0.0806384	0.201236	-0.0689636
-4.93716	2.27767	0.906912	1.16701	0.459782	-0.0572225	-0.376169	0.578833	-0.845736	0.158514	-0.241094	-0.173183	0.29914	-0.0951921	0.0821198	0.183479	-0.0266317
-4.98489	2.32889	0.826917	1.1548	0.423006	-0.0397503	-0.371294	0.581621	-0.91639	0.124195	-0.208443	-0.218679	0.277657	-0.0742056	0.0385184	0.17586	-0.0761562
-4.94686	2.32861	0.802871	1.23652	0.500253	0.0641243	-0.410677	0.626792	-0.845879	0.151353	-0.211217	-0.240817	0.425263	-0.0463463	0.0859634	0.173075	0.0260633
-5.06259	2.34562	0.903405	1.19377	0.426255	-0.0662087	-0.3337	0.614221	-0.895767	0.0971844	-0.204281	-0.198346	0.321456	-0.0882669	0.112133	0.173801	-0.0603253
-5.01453	2.34946	0.8543	1.18783	0.485357	0.0262737	-0.429549	0.602597	-0.845523	0.202197	-0.265104	-0.232426	0.333568	-0.0067468	0.0342446	0.135249	0.0293284
-5.2487	2.53547	0.798046	0.954057	0.410665	0.0118371	-0.553372	0.414114	-0.831313	0.00375143	-0.218163	-0.212594	0.159821	-0.200245	0.0149079	0.116164	-0.169146
-5.1675	2.34621	0.973033	1.13423	0.649667	0.107266	-0.394657	0.450736	-0.643312	0.234285	-0.350315	-0.248164	0.346996	-0.000492021	0.0637361	0.06194	0.0962241
-5.24856	2.51299	0.784788	1.13381	0.457696	-0.0931182	-0.391698	0.408674	-0.745414	0.0837384	-0.299777	-0.172558	0.258389	-0.185677	0.0511607	0.12017	-0.0708622
-5.36348	2.5645	0.889674	1.15826	0.557266	-0.0771489	-0.350438	0.529297	-0.774716	0.0241827	-0.118096	-0.344806	0.275786	-0.0561237	-0.0525959	0.140183	0.0145258
-5.34781	2.36728	0.879467	1.22678	0.414839	-0.122733	-0.404859	0.517329	-0.80999	0.0740723	-0.31845	-0.288752	0.252804	-0.174078	-0.0449643	0.0311253	-0.0371514
-5.42852	2.40208	0.866778	1.16504	0.540459	-0.199298	-0.295491	0.418192	-0.80765	0.0833991	-0.293646	-0.336762	0.182021	-0.176194	-0.0924371	0.0480791	-0.00900279
-5.65004	2.57439	0.856509	1.14609	0.541938	-0.249582	-0.269008	0.355143	-0.807128	0.134195	-0.358598	-0.301457	0.116268	-0.143388	-0.101171	-0.0582053	0.0391766
-5.85459	2.47141	0.974806	1.05196	0.339617	-0.231766	-0.190428	0.335698	-0.93158	0.0879817	-0.250541	-0.434085	0.00342565	-0.355098	-0.025688	-0.0727623	-0.130352
-6.13171	2.57375	0.895982	1.16155	0.314606	-0.165066	-0.217812	0.44803	-0.819267	0.00788476	-0.315981	-0.380262	0.107571	-0.3845	-0.162491	-0.0503928	-0.0209588
-6.88242	2.67094	1.22711	1.34212	0.549529	-0.193032	-0.333225	0.32052	-0.715626	-0.00985094	-0.241857	-0.183711	0.126285	-0.497828	-0.304685	-0.00447296	0.279679
-7.20794	2.47907	1.17246	1.41363	0.655009	0.331703	0.302364	0.549743	-0.52227	-0.396835	-0.350114	-0.412427	0.0392175	-0.126976	0.0202276	0.238899	0.167076
-7.61043	2.67761	1.15134	1.16132	0.505335	0.229749	-0.196007	0.124483	-0.344551	-0.211875	-0.0591417	-0.342337	-0.0797077	-0.336638	-0.492847	-0.00498364	0.194658
-7.80247	2.24133	0.96263	1.26994	0.50679	0.490409	0.10054	0.29272	-0.122384	0.00636068	-0.0151168	-0.429618	0.0162392	0.00770405	0.0131165	0.169575	0.27094
-6.15328	1.44937	0.747929	0.22907	0.364188	0.186017	-0.105635	0.236658	-0.201201	-0.275379	-0.129135	0.0836658	-0.334021	0.0325059	-0.124735	0.0697972	0.032831
-4.91993	0.706179	0.603378	-0.105433	0.111829	0.0603731	-0.192245	0.191452	-0.27556	-0.206161	0.0141314	0.0455813	-0.0807034	-0.0359469	0.0170358	0.128431	-0.0289715
-4.3505	0.409922	0.712436	0.00120319	0.0869099	0.0338816	-0.152149	0.239121	-0.21991	-0.149713	0.092308	0.102265	-0.0521126	-0.0600339	-0.00124975	0.0937876	-0.0411582
-4.363	0.215289	0.904019	0.0878508	0.10834	-0.00190796	-0.257277	0.22175	-0.175459	-0.110207	0.131858	0.138776	-0.0950284	-0.0765874	0.0300119	0.099888	-0.00245644
-4.90341	-0.10241	0.955922	0.254608	0.120041	0.0220974	-0.271878	0.193474	-0.0529966	-0.136332	0.0715555	0.221648	-0.0171165	-0.14378	-0.00207063	0.263242	-0.036242
-5.22075	-0.369432	0.58884	0.223939	0.110108	0.169232	-0.0259305	0.386348	-0.049646	-0.0928319	-0.0861913	0.187787	0.0963326	-0.14528	-0.0521582	0.312768	-0.0944222
-5.30653	-0.249869	0.398394	0.18025	0.0780967	0.201296	-0.156637	0.419403	-0.112921	-0.155739	-0.0621394	0.0986252	0.181012	-0.214414	0.0236052	0.384828	-0.0347345
-5.49585	-0.159812	0.380256	0.352489	0.102734	0.367113	-0.196433	0.342279	0.0146727	-0.195443	-0.103514	0.237719	0.207392	-0.167149	0.20266	0.424518	-0.022829
-5.66562	0.106607	0.277619	0.530381	0.0909621	0.2808	-0.2387	0.220805	0.010232	-0.269079	-0.172118	0.299328	0.232026	-0.13549	0.205101	0.441278	-0.0221464
-5.86961	0.401588	0.176219	0.450517	0.0343246	0.179709	-0.292655	0.215967	0.0717826	-0.108494	-0.238172	0.243921	0.0463061	-0.129387	0.0827189	0.189123	-0.133458
-6.10658	0.65683	-0.0640605	0.290176	0.148064	0.282702	-0.223082	0.33509	0.0872009	-0.116855	-0.0955798	0.263628	0.0732636	0.0297518	0.0188257	0.0249038	-0.199906
-6.32073	0.845569	-0.203861	0.337097	0.0600598	0.290193	-0.120911	0.293772	0.0249535	-0.120724	-0.149435	0.136083	0.0968591	-0.0987885	-0.0250627	0.140351	-0.170548
-6.59388	1.11091	-0.0537405	0.481705	0.0319219	0.2586	-0.061075	0.34019	0.247679	0.105464	-0.0142243	0.236275	0.141572	-0.182825	0.0156708	0.143299	-0.199346
-6.92385	1.36163	0.00614268	0.726745	0.0641363	0.09357	-0.169343	0.411359	0.228393	0.253871	-0.000670189	0.217333	0.100094	-0.0528476	0.0560295	0.263947	-0.178657
-7.27404	1.32907	-0.0401324	0.707376	0.0959121	0.142555	-0.28585	0.398306	0.104991	0.344377	0.00248218	0.146595	0.18057	-0.0263661	0.103692	0.398725	-0.119972
-7.70233	1.22468	0.0356063	0.721987	0.21656	0.276069	-0.19106	0.342744	0.0836448	0.235361	0.0101299	0.177962	0.262909	-0.106098	0.108747	0.276208	-0.14198
-8.27798	1.28012	0.0467882	0.624776	0.231282	0.329353	0.0745454	0.405716	0.292015	0.273062	0.00260716	0.140823	0.210582	-0.0127243	0.116857	0.260902	-0.11977
-8.92921	1.31063	0.212973	0.490999	0.276918	0.160528	0.226404	0.437256	0.248027	0.210035	0.0249991	0.113547	0.194341	0.11559	0.229374	0.365714	0.0589363
-9.27664	1.37569	0.483839	0.429953	0.370114	0.286588	0.273418	0.381698	0.276116	0.232413	0.101834	0.0993828	0.109798	0.0933826	0.173745	0.256214	0.16301
-9.22434	1.34393	0.538343	0.46154	0.306669	0.27749	0.186467	0.201217	0.172245	0.217678	0.166847	0.265617	0.205068	0.176382	0.22753	0.185308	0.176488
-9.40335	1.26353	0.520483	0.51048	0.346101	0.298512	0.15459	0.198898	0.19149	0.206721	0.209017	0.427278	0.239569	0.216209	0.318129	0.195367	0.131719
-9.41105	1.30169	0.462102	0.405758	0.40609	0.42278	0.211182	0.227547	0.278544	0.256614	0.279866	0.429174	0.307288	0.183388	0.139382	0.122163	0.111507
-9.3097	1.34017	0.51389	0.380232	0.367121	0.369061	0.248997	0.290326	0.279489	0.223578	0.243576	0.313677	0.219024	0.209547	0.14913	0.164313	0.165801
-9.49215	1.26052	0.611867	0.387487	0.374554	0.435369	0.283323	0.263775	0.240335	0.243637	0.157638	0.302151	0.235332	0.181172	0.281856	0.223987	0.138056
-9.37025	1.33398	0.619731	0.433701	0.375884	0.426955	0.263864	0.274342	0.172254	0.23113	0.194855	0.299605	0.185429	0.129203	0.18812	0.224564	0.136138
-9.42383	1.25424	0.556088	0.391725	0.428556	0.463307	0.303967	0.321985	0.201715	0.249583	0.128792	0.303072	0.173285	0.148416	0.0950371	0.157345	0.13676
-9.52876	1.2062	0.607275	0.461125	0.362553	0.290226	0.215268	0.190433	0.162072	0.202585	0.164675	0.255121	0.145105	0.126632	0.15948	0.206608	0.215578
-9.48319	1.20001	0.539407	0.421405	0.344364	0.30357	0.242183	0.259561	0.226578	0.154216	0.171735	0.22885	0.100165	0.21208	0.187547	0.142	0.1465
-9.58974	1.20773	0.534194	0.466608	0.43181	0.339683	0.263737	0.322026	0.134253	0.0505716	0.0654667	0.224277	0.0268409	0.266607	0.146176	0.123168	0.066194
-9.53939	1.21685	0.452607	0.440877	0.318921	0.28203	0.247388	0.225597	0.0566892	0.0919884	0.0576579	0.138634	-0.0562352	0.182623	0.232121	0.272152	0.105232
-9.50686	1.19355	0.389009	0.488243	0.282998	0.22302	0.162642	0.220291	0.0726887	0.0685273	0.046782	0.131222	0.0534571	0.202984	0.189225	0.244025	0.080692
-9.5229	1.18013	0.351793	0.587231	0.400907	0.25488	0.161726	0.237716	0.201546	0.161168	0.0408492	0.171137	0.198778	0.282241	0.195444	0.18631	0.12931
-9.44525	1.23102	0.447331	0.545619	0.386113	0.280884	0.207097	0.166351	0.214642	0.193827	0.118158	0.249351	0.186505	0.176438	0.122708	0.167225	0.126747
-9.36699	1.27826	0.524089	0.46891	0.290388	0.212695	0.217988	0.264577	0.247805	0.256259	0.186503	0.26001	0.175874	0.142432	0.117336	0.17957	0.108908
-9.50334	1.35909	0.62229	0.51662	0.457634	0.280075	0.192952	0.334956	0.275358	0.290792	0.192052	0.386968	0.186461	0.130663	0.0478356	0.223344	0.173179
-9.19229	1.43648	0.574603	0.470855	0.4451	0.296933	0.182843	0.270595	0.267054	0.229698	0.0904386	0.309102	0.182331	0.169813	0.200394	0.169649	0.114718
-9.15191	1.34411	0.500696	0.471277	0.400515	0.311102	0.262395	0.313208	0.249542	0.232497	0.152784	0.289178	0.170537	0.132796	0.173367	0.165651	0.114737
-9.36915	1.27755	0.501419	0.480341	0.476826	0.331499	0.184897	0.34529	0.229994	0.231525	0.22292	0.381778	0.217136	0.11926	0.194601	0.22316	0.151313
-9.10067	1.39681	0.518769	0.469375	0.375001	0.331687	0.266222	0.270745	0.209839	0.236582	0.238294	0.217534	0.201399	0.183863	0.171738	0.166247	0.126902
-9.25829	1.3743	0.547357	0.511158	0.2869	0.301028	0.25201	0.30298	0.258917	0.248314	0.2695	0.293617	0.297638	0.160664	0.147233	0.150857	0.120792
-9.38859	1.4175	0.584135	0.569795	0.356998	0.291361	0.248849	0.302117	0.245333	0.182671	0.288207	0.269509	0.137668	0.164355	0.170127	0.141156	0.0881026
-9.16486	1.41729	0.496863	0.480376	0.362818	0.328614	0.277909	0.247257	0.233122	0.208239	0.198139	0.222488	0.146171	0.190831	0.174043	0.11544	0.112405
-9.32401	1.37434	0.590388	0.522315	0.423678	0.297238	0.198326	0.276776	0.187045	0.208871	0.109724	0.177232	0.128878	0.110744	0.181408	0.210024	0.0995257
-9.43459	1.26347	0.514684	0.423027	0.391081	0.348743	0.219818	0.243221	0.130623	0.287207	0.189658	0.171497	0.128589	0.184394	0.217038	0.281703	0.0995883
-9.41885	1.26728	0.605202	0.411079	0.378747	0.380931	0.277545	0.298021	0.135865	0.260666	0.187461	0.112794	0.147106	0.260088	0.145513	0.181095	0.0732219
-9.11799	1.4774	0.53647	0.451424	0.344381	0.329216	0.19949	0.279713	0.175019	0.250688	0.116942	0.138801	0.0829694	0.143868	0.108491	0.158033	0.130765
-8.17829	1.73945	0.22126	0.505287	0.10848	0.318918	0.0930058	0.207427	0.0558934	0.163348	0.0452772	0.0953887	0.00232811	0.0862086	0.0324191	0.048425	0.0643987
