-8.1771	1.63569	0.383409	0.423698	0.299257	0.247477	0.190281	0.130222	0.169066	0.143309	0.158751	0.0967697	0.137039	0.118307	0.0744334	0.0949739	0.0625388
-8.2633	1.74831	0.309289	0.517164	0.240593	0.325208	0.161462	0.204965	0.143958	0.203254	0.141046	0.159927	0.12599	0.169178	0.0853135	0.133419	0.080885
-9.15163	1.51678	0.472698	0.488197	0.339882	0.3618	0.196884	0.264314	0.163782	0.253309	0.164848	0.246319	0.175404	0.213998	0.170395	0.177594	0.136101
-9.25088	1.3795	0.47491	0.492377	0.423076	0.326628	0.264961	0.316414	0.191117	0.228392	0.18308	0.264947	0.212747	0.149573	0.181861	0.197201	0.1451
-9.2786	1.38969	0.50611	0.527041	0.382913	0.325338	0.261692	0.243516	0.203057	0.24471	0.197886	0.255259	0.258702	0.176292	0.197374	0.177095	0.123619
-9.46577	1.38118	0.567454	0.569219	0.297589	0.29094	0.363751	0.295657	0.266611	0.284792	0.214759	0.249429	0.227015	0.189731	0.122791	0.074696	0.115711
-9.2946	1.43456	0.503715	0.541781	0.345064	0.305697	0.306502	0.255805	0.251827	0.210287	0.189876	0.215224	0.194078	0.166748	0.157655	0.135368	0.105814
-9.30605	1.41348	0.51708	0.515388	0.382592	0.293178	0.218068	0.318276	0.259021	0.212549	0.159089	0.153973	0.0920828	0.0884909	0.143821	0.122688	0.12812
-9.4777	1.33444	0.498026	0.429918	0.433632	0.383487	0.217014	0.238728	0.201813	0.237334	0.188164	0.199385	0.102021	0.11042	0.214237	0.227549	0.118658
-9.51554	1.2151	0.545194	0.375462	0.405026	0.376959	0.208865	0.272856	0.131073	0.239339	0.171823	0.181593	0.124844	0.24776	0.211721	0.218767	0.0807053
-9.44339	1.27505	0.560121	0.440166	0.449727	0.342714	0.252645	0.290142	0.144776	0.291806	0.216163	0.19828	0.132074	0.193171	0.13815	0.1441	0.0833526
-9.5635	1.27714	0.559903	0.391718	0.375515	0.304482	0.309469	0.37609	0.161138	0.192066	0.142189	0.237283	0.245196	0.272028	0.203146	0.0993545	0.0991915
-9.72479	1.14746	0.512905	0.407709	0.279029	0.218381	0.214665	0.322569	0.217608	0.0856907	0.179783	0.330617	0.331109	0.311867	0.246504	0.153584	0.127202
-9.55385	1.20445	0.465988	0.470415	0.326426	0.216422	0.16873	0.269971	0.298454	0.218926	0.229533	0.308675	0.218196	0.231058	0.188079	0.115266	0.135417
-9.56587	1.19888	0.474841	0.488066	0.362925	0.279188	0.176836	0.243257	0.204215	0.187424	0.229004	0.282491	0.209662	0.238683	0.176505	0.185709	0.109793
-9.54531	1.18616	0.429032	0.470454	0.355558	0.310393	0.195693	0.324101	0.146142	0.128438	0.193993	0.257066	0.161879	0.13253	0.179139	0.249338	0.184269
-9.50535	1.19552	0.451662	0.419795	0.384148	0.263283	0.233909	0.339018	0.22422	0.187982	0.167079	0.229931	0.148605	0.0785767	0.174907	0.177906	0.156036
-9.46989	1.30966	0.481278	0.442036	0.446806	0.316437	0.245044	0.280497	0.247902	0.227572	0.197247	0.23971	0.0962879	0.0404212	0.164164	0.158611	0.164105
-9.56864	1.25281	0.385784	0.404831	0.506746	0.375873	0.280526	0.236433	0.243337	0.230693	0.184394	0.274028	0.151197	0.130771	0.277148	0.225297	0.14784
-9.59883	1.19492	0.389613	0.328354	0.447237	0.355038	0.199596	0.192761	0.213242	0.295145	0.0783058	0.19241	0.188363	0.207224	0.283073	0.222311	0.144378
-9.37557	1.54691	0.63676	0.429487	0.42724	0.241326	0.0946829	0.196473	0.211794	0.20924	0.0539953	0.150869	0.138859	0.0865449	0.135902	0.125824	-0.034768
-8.95506	2.31699	0.886903	0.200058	0.0693665	0.155075	0.114843	0.0917635	0.109795	-0.00385647	-0.0318103	0.13342	-0.0221758	-0.0534326	0.0374411	0.0514672	-0.0581067
-8.78393	2.48157	0.940527	0.0995936	-0.0327443	0.151252	0.187356	-0.00476677	0.0151861	0.0385236	-0.0426598	0.0854403	-0.0563988	-0.0961217	0.0432598	0.00444956	-0.0966182
-8.90716	2.31981	0.941923	0.227575	0.131523	0.162952	0.17974	0.144269	0.0734393	0.115211	0.0136764	0.117323	0.0699407	-0.0396146	0.0462753	0.112516	-0.0524492
-9.44629	1.55679	0.779818	0.494422	0.368523	0.156088	0.0960041	0.223521	0.214632	0.182456	0.015799	0.197195	0.153675	0.00321961	0.0293034	0.159996	0.102885
-9.54173	1.26946	0.570001	0.485957	0.357148	0.19105	0.139805	0.202438	0.133593	0.211383	0.122048	0.138622	0.172232	0.0643831	0.0978956	0.183571	0.18058
-9.51392	1.28958	0.543997	0.496649	0.3962	0.233576	0.17985	0.242745	0.0851876	0.16543	0.131579	0.115552	0.170275	0.183755	0.117058	0.224966	0.153739
-9.46121	1.27435	0.472308	0.431227	0.340037	0.311236	0.331752	0.257753	0.0932795	0.16261	0.189739	0.230486	0.197827	0.181931	0.129322	0.202783	0.136001
-9.60506	1.25017	0.436928	0.498656	0.470304	0.340179	0.389734	0.311598	0.183177	0.185804	0.291762	0.313812	0.205386	0.253172	0.101696	0.132313	0.152356
-9.51108	1.3312	0.45831	0.480579	0.526824	0.305947	0.285404	0.351213	0.18624	0.176229	0.284608	0.348716	0.188729	0.178583	0.13182	0.133027	0.101304
-9.54874	1.28996	0.551015	0.531449	0.462695	0.248821	0.200263	0.268879	0.137962	0.205635	0.185208	0.202766	0.151257	0.141303	0.173507	0.139951	0.0418697
-9.67114	1.16674	0.603957	0.68311	0.560174	0.282687	0.135488	0.309715	0.230498	0.253553	0.181475	0.181183	0.14619	-0.0079476	0.0614882	0.177944	0.0731974
-9.47647	1.35683	0.637124	0.581733	0.434208	0.308716	0.108888	0.311736	0.362967	0.259712	0.092456	0.259712	0.202939	-0.0251887	0.0236462	0.117291	0.200259
-9.63086	1.30229	0.655016	0.579925	0.423344	0.367697	0.0989384	0.211396	0.42221	0.350417	0.300389	0.330625	0.178006	-0.0422499	0.0617206	0.149547	0.212355
-9.6189	1.36038	0.639085	0.57399	0.400316	0.335037	0.201138	0.208914	0.35725	0.23959	0.360923	0.327813	0.126995	0.0652617	0.164024	0.121317	0.0552398
-9.46335	1.35493	0.554715	0.479064	0.36415	0.236323	0.162415	0.242861	0.257217	0.207961	0.231758	0.258505	0.119513	0.181024	0.159295	0.144329	0.0976813
-9.57455	1.30751	0.56967	0.463506	0.350963	0.193623	0.209345	0.345279	0.255428	0.278269	0.249935	0.209719	0.0385497	0.166378	0.150726	0.121678	0.232663
-9.47507	1.35091	0.558725	0.456601	0.343835	0.208013	0.197237	0.312039	0.192158	0.250019	0.21581	0.150456	0.0805595	0.0947498	0.147962	0.157587	0.162005
-9.49327	1.2638	0.518592	0.489423	0.400313	0.214483	0.140088	0.295327	0.23385	0.2185	0.201018	0.219694	0.164615	0.0831047	0.082062	0.168483	0.140187
-9.49384	1.23399	0.497323	0.455377	0.344538	0.242362	0.0943021	0.271801	0.278697	0.191112	0.161166	0.274706	0.227876	0.105061	0.129746	0.158868	0.147448
-9.46661	1.28102	0.55066	0.374925	0.263829	0.246882	0.185205	0.220444	0.250644	0.248885	0.0731304	0.218807	0.175288	0.195497	0.240317	0.326317	0.229761
-9.43665	1.3017	0.595379	0.341907	0.258441	0.235752	0.272838	0.221707	0.224404	0.230721	0.101199	0.156094	0.035022	0.163707	0.241577	0.232369	0.195012
-9.4835	1.29392	0.600332	0.387546	0.282989	0.2275	0.224977	0.181132	0.217136	0.186194	0.191085	0.248216	0.0640379	0.12426	0.162428	0.162852	0.156033
-9.43366	1.2805	0.486709	0.370454	0.329921	0.250451	0.235933	0.24515	0.181263	0.193358	0.198745	0.250444	0.111016	0.146908	0.161351	0.181573	0.135228
-9.50552	1.266	0.505531	0.404014	0.39374	0.367393	0.316141	0.347671	0.202173	0.201793	0.159043	0.259343	0.107215	0.127605	0.217989	0.198832	0.163231
-9.46395	1.35745	0.559028	0.510107	0.393597	0.374746	0.271489	0.399074	0.234394	0.27803	0.110112	0.193243	0.155435	0.0851914	0.213257	0.142304	0.0943998
-9.24553	1.37799	0.450623	0.415998	0.391989	0.35906	0.210726	0.300756	0.232435	0.232243	0.234564	0.237814	0.149817	0.130504	0.186526	0.158034	0.145851
-9.33663	1.43917	0.507819	0.455794	0.398314	0.297321	0.215649	0.3396	0.317168	0.2558	0.218617	0.243998	0.166838	0.148664	0.13276	0.14204	0.167708
-9.40923	1.37171	0.523289	0.467103	0.362814	0.309927	0.235218	0.35148	0.312459	0.295653	0.299153	0.254241	0.196551	0.175075	0.18916	0.118727	0.162428
-9.23506	1.35871	0.536234	0.491671	0.382144	0.360476	0.251211	0.288138	0.258191	0.286967	0.234924	0.14352	0.191844	0.164431	0.174856	0.179154	0.157461
-9.59257	1.39102	0.676685	0.566083	0.443478	0.329673	0.281306	0.331879	0.216728	0.382721	0.238868	0.233503	0.244585	0.132306	0.158199	0.177605	0.0865507
-8.89573	2.14978	0.866769	0.47259	0.262139	0.18279	0.209097	0.238412	0.150607	0.184533	0.0855846	0.197292	0.130902	0.0692684	0.127661	0.107071	-0.00492273
-8.63436	2.47247	0.93706	0.312958	0.149553	0.207347	0.22205	0.195159	0.10447	0.124545	0.0970821	0.174874	0.0820763	0.0592331	0.0739583	0.0837861	0.0258381
-8.83735	2.47349	0.99646	0.21965	0.150087	0.244188	0.203482	0.183668	0.067997	0.115038	0.174873	0.113317	0.0336425	0.104304	0.0822581	0.0844261	-0.0274553
-9.0553	1.73845	0.721484	0.414976	0.339536	0.268137	0.137842	0.226946	0.185788	0.17615	0.114659	0.139271	0.141838	0.125075	0.142523	0.144317	0.0582328
-9.47182	1.31052	0.516963	0.397535	0.418779	0.411555	0.184052	0.305992	0.243353	0.262416	0.211886	0.194478	0.235115	0.21467	0.160961	0.168264	0.114588
-9.50279	1.34505	0.517214	0.442069	0.400272	0.379629	0.217235	0.362849	0.226001	0.259865	0.219933	0.200531	0.23736	0.240209	0.183412	0.218409	0.176826
-9.2606	1.38258	0.507303	0.45592	0.346593	0.325694	0.233977	0.310985	0.301738	0.266513	0.205104	0.242228	0.172465	0.186737	0.176048	0.145419	0.202067
-9.44147	1.32278	0.523885	0.561654	0.420215	0.38128	0.309071	0.283162	0.245225	0.234507	0.134516	0.224376	0.203244	0.192205	0.145773	0.175258	0.224685
-9.31925	1.37861	0.532112	0.431395	0.377898	0.372597	0.263046	0.256505	0.201814	0.197921	0.156535	0.198211	0.18935	0.140845	0.13238	0.196161	0.201653
-9.16127	1.42426	0.562335	0.430824	0.359274	0.351341	0.209998	0.25845	0.226189	0.240726	0.15344	0.172584	0.157059	0.129684	0.142611	0.231073	0.175755
-9.40731	1.39836	0.573757	0.476931	0.399235	0.371902	0.196389	0.304457	0.322142	0.245912	0.127609	0.320758	0.220133	0.058056	0.0940973	0.221627	0.157814
-9.36583	1.31563	0.469445	0.432291	0.377944	0.327533	0.18856	0.282545	0.274761	0.235562	0.183009	0.347368	0.22818	0.109624	0.182075	0.261807	0.111064
-9.4008	1.30961	0.489143	0.458484	0.333561	0.315024	0.229073	0.27022	0.24013	0.178596	0.169459	0.243693	0.161886	0.0837666	0.157397	0.253252	0.114921
-9.60991	1.31521	0.546325	0.611408	0.374266	0.274282	0.135028	0.21801	0.198396	0.139616	0.226219	0.270872	0.109657	0.0380941	0.15124	0.291711	0.0979311
-9.52979	1.26662	0.423672	0.430825	0.303372	0.244101	0.159208	0.150171	0.103433	0.185875	0.233957	0.302512	0.143407	0.0930205	0.155706	0.235612	0.0994033
-9.51247	1.35707	0.462785	0.250793	0.260329	0.323034	0.104174	0.217875	0.1505	0.191796	0.20114	0.226573	0.174733	0.148349	0.134574	0.0941235	0.0668563
-9.58061	1.38242	0.557011	0.368501	0.353045	0.323481	0.128078	0.2919	0.255543	0.281911	0.0656775	0.146076	0.224618	0.191921	0.12021	0.0529021	0.0740157
-9.51651	1.31584	0.543897	0.400189	0.279363	0.276772	0.142161	0.341594	0.304081	0.35241	0.181535	0.237766	0.241779	0.173619	0.158083	-0.00108857	0.0726087
-9.62587	1.17681	0.517917	0.392619	0.302736	0.207666	0.0977229	0.425852	0.317552	0.293079	0.195964	0.35719	0.345776	0.181456	0.153567	0.01349	0.104403
-9.5151	1.20998	0.499458	0.400876	0.423488	0.345369	0.141244	0.307063	0.236696	0.241858	0.125107	0.242116	0.26861	0.174715	0.150413	0.06902	0.0943056
-9.46394	1.25024	0.499838	0.462834	0.405619	0.322204	0.167629	0.287643	0.214245	0.221404	0.132879	0.141865	0.151925	0.196149	0.140893	0.136903	0.179191
-9.54839	1.28994	0.605384	0.49115	0.372878	0.348676	0.179161	0.248679	0.195772	0.193787	0.139099	0.209613	0.0967361	0.168701	0.0933308	0.21952	0.27985
-9.39545	1.42086	0.549331	0.424939	0.372221	0.269196	0.194233	0.303876	0.283312	0.220818	0.104932	0.21809	0.196707	0.151027	0.0778708	0.229491	0.207306
-9.26169	1.39177	0.498136	0.412983	0.345501	0.338369	0.263627	0.338919	0.287953	0.188711	0.114005	0.193441	0.150797	0.161839	0.161408	0.214009	0.154923
-9.55205	1.25426	0.543226	0.394367	0.321668	0.40401	0.337774	0.408429	0.354218	0.20254	0.0999678	0.198109	0.170889	0.232735	0.22165	0.205279	0.156012
-9.33636	1.38202	0.527315	0.465611	0.343062	0.364264	0.308238	0.262732	0.228602	0.222221	0.18419	0.324142	0.185793	0.221005	0.180098	0.132607	0.130049
-9.2176	1.4484	0.504253	0.445549	0.376215	0.373413	0.297989	0.274452	0.262233	0.225477	0.170369	0.306976	0.183939	0.133099	0.118857	0.1793	0.189516
-9.49605	1.34677	0.508303	0.551212	0.480204	0.416532	0.276196	0.296764	0.33438	0.308196	0.196198	0.324369	0.152938	0.0988641	0.187377	0.1337	0.068417
-9.26746	1.42461	0.532039	0.484517	0.359934	0.311052	0.279399	0.305247	0.249143	0.244148	0.172766	0.277273	0.20087	0.143378	0.21068	0.161817	0.119301
-9.26085	1.41048	0.555165	0.487932	0.370041	0.295529	0.253595	0.264495	0.180832	0.24193	0.14521	0.284007	0.150036	0.0986387	0.176852	0.143227	0.0899178
-9.41399	1.25788	0.530366	0.436847	0.312813	0.309474	0.210213	0.254874	0.218662	0.310655	0.206947	0.278459	0.137994	0.154673	0.121157	0.146371	0.120826
-9.36482	1.24651	0.481017	0.392349	0.265348	0.270267	0.231622	0.232534	0.190045	0.24868	0.171484	0.135528	0.116679	0.17692	0.14351	0.18206	0.208755
-9.43733	1.30878	0.507594	0.391421	0.33951	0.294968	0.293046	0.298367	0.17379	0.18018	0.107193	0.135288	0.179062	0.206107	0.188439	0.140795	0.151714
-9.47061	1.2626	0.560251	0.415432	0.349772	0.36057	0.299107	0.26469	0.198382	0.203673	0.122462	0.155438	0.186834	0.18282	0.212731	0.106655	0.0385215
-9.51058	1.20065	0.534101	0.478266	0.339577	0.339185	0.284454	0.277837	0.223378	0.269124	0.188415	0.26985	0.234168	0.124646	0.206327	0.139307	0.124353
-9.53384	1.20868	0.423699	0.608589	0.458057	0.29083	0.235948	0.353525	0.287993	0.307248	0.177567	0.352729	0.300515	0.113067	0.13312	0.158825	0.201308
-9.38966	1.31342	0.440209	0.533331	0.430251	0.281557	0.192981	0.320157	0.216246	0.251744	0.15291	0.259902	0.306831	0.132256	0.116962	0.153277	0.20425
-9.39441	1.32777	0.498332	0.475943	0.377321	0.316108	0.2363	0.339809	0.309517	0.288599	0.142525	0.198086	0.173854	0.115379	0.137531	0.0650442	0.137616
-9.51001	1.31303	0.585909	0.407002	0.473689	0.359108	0.257753	0.365527	0.27643	0.236319	0.118971	0.208292	0.128064	0.0411816	0.0939471	0.00866933	0.0892613
-9.34168	1.34401	0.592997	0.405425	0.444023	0.312805	0.1955	0.307912	0.180961	0.256685	0.19237	0.20702	0.127792	0.109264	0.145892	0.081927	0.121654
-9.27091	1.29253	0.519293	0.445092	0.35059	0.298772	0.250669	0.276514	0.209661	0.237283	0.1495	0.25424	0.139448	0.115502	0.215767	0.154706	0.138198
-9.11928	0.977144	0.396616	0.547276	0.293384	0.135869	0.262352	0.481043	0.103602	0.349524	0.228691	0.300872	0.0543263	0.260631	0.194488	0.174774	0.223959
-8.31755	0.801091	0.218728	0.714824	0.0786989	-0.086952	0.113217	0.505485	-0.0453875	0.49264	0.40266	0.338993	-0.108137	0.147609	0.0207578	0.218349	0.0660426
-7.74352	0.561344	0.0733558	0.727332	0.0467711	-0.0901409	0.141012	0.583445	-0.143344	0.456671	0.329253	0.390952	-0.151942	0.0652654	-0.0697038	0.337906	0.00837064
-7.33587	0.450041	0.0285942	0.715799	-0.135715	-0.0393652	0.174829	0.612275	-0.096813	0.296445	0.137936	0.274634	-0.180253	0.0992763	0.0605114	0.35491	-0.0497954
-6.87853	0.570748	-0.0957723	0.699691	-0.269102	-0.00921359	0.0736889	0.365727	-0.189633	0.174332	-0.0399072	0.13665	-0.179004	0.088071	0.0112159	0.180327	-0.254756
-6.3472	1.11826	0.193328	1.12579	-0.103931	-0.0298451	0.181763	0.296435	-0.166561	0.0601491	-0.0967352	-0.0648831	-0.312891	-0.00774976	-0.127639	0.0503939	-0.542258
-5.71415	1.61285	0.286121	1.31381	-0.0423683	-0.222712	0.0673005	0.141803	-0.132832	0.0542222	-0.164653	-0.259617	-0.353496	-0.0786043	-0.133146	0.12016	-0.397499
-5.58338	2.12991	0.349215	1.45607	-0.297117	-0.261713	0.0837119	0.237788	-0.255513	-0.130442	-0.179397	-0.172832	-0.31798	0.019335	-0.270315	0.136307	-0.285414
-4.99474	2.72394	-0.0026279	1.41041	0.0729347	0.0280247	-0.170326	0.144311	-0.0612712	-0.189454	-0.0689426	-0.118536	-0.0910265	-0.044518	-0.0225803	0.32542	-0.299856
-5.8175	2.5244	0.280755	1.21197	0.467084	0.102031	-0.0994002	0.309802	-0.391155	-0.411087	-0.55422	-0.369206	-0.224555	-0.224659	-0.192118	0.248669	-0.232924
-5.76931	2.97842	0.887734	1.28581	0.650601	0.193312	-0.409455	0.492454	-0.283956	-0.0385844	-0.274388	-0.272202	0.213655	-0.0100764	-0.125006	0.433472	-0.260924
-5.82387	3.07635	0.899583	1.2313	0.672491	0.0656848	-0.35244	0.442376	-0.165435	-0.147442	-0.15657	-0.248857	0.155045	0.0883402	-0.189546	0.460784	-0.269364
-6.01085	3.11688	0.821001	1.05518	0.604407	-0.173032	-0.31631	0.394032	-0.461497	-0.101564	-0.32884	-0.393014	0.0701704	-0.13937	-0.143766	0.360756	-0.387858
-6.19734	3.15955	0.818905	1.15253	0.437037	-0.0900309	-0.42337	0.388715	-0.344527	-0.151725	-0.408611	-0.378279	-0.0798969	-0.219776	-0.0124948	0.272422	-0.3697
-6.21422	2.85522	0.635221	1.0461	0.405382	-0.240847	-0.530754	0.185047	-0.597522	-0.163214	-0.442932	-0.690008	-0.186107	-0.365619	-0.293776	0.260671	-0.478067
-6.30871	2.97528	0.656197	0.984207	0.392367	0.0691638	-0.488314	0.226232	-0.559008	-0.123259	-0.365376	-0.691999	-0.0656163	-0.460341	-0.331178	0.271636	-0.243609
-6.35021	3.11108	0.506238	1.00223	0.263179	0.0491107	-0.379785	0.162639	-0.481185	-0.284355	-0.366539	-0.342399	-0.358204	-0.325671	-0.296489	0.264429	-0.270703
-6.64349	3.24838	0.73537	1.1397	0.277634	0.294575	-0.565846	0.395769	-0.344727	-0.216012	-0.245182	-0.366694	-0.079497	-0.212985	-0.259402	0.453849	-0.163383
-6.90888	2.63733	0.893162	1.16946	0.224285	0.0349632	-0.501302	0.0587616	-0.470155	-0.426987	-0.393246	-0.284601	0.0564647	-0.405819	-0.427761	-0.0612847	-0.204226
-7.14452	2.47442	1.29988	1.00391	0.183659	0.0328372	-0.260326	0.00808784	-0.350302	-0.296389	-0.19247	-0.291165	-0.234583	-0.217786	-0.207314	-0.074847	-0.152392
-7.50612	1.83006	1.3964	1.40404	0.852767	0.401675	0.324184	0.426804	0.140749	0.0511019	0.330941	0.073302	-0.0356859	-0.111183	-0.203443	0.396002	-0.152848
-6.3349	1.61781	0.378767	0.835962	-0.0978476	0.469326	-0.213974	0.416474	0.263001	-0.467107	-0.140973	0.0710856	-0.196768	-0.180389	-0.138887	-0.0318078	-0.126038
-4.79821	1.32584	-0.0163177	0.571987	-0.387727	0.503584	-0.318482	0.392752	0.123402	-0.306268	-0.0562843	0.227556	-0.0414377	-0.128911	0.0865681	0.101069	-0.099325
-4.0356	1.19883	0.0778525	0.471175	-0.375843	0.505756	-0.326634	0.384488	0.0419461	-0.238808	-0.028029	0.225148	0.0523207	-0.131765	0.165665	0.23967	-0.12857
-3.93947	1.17658	0.287345	0.532732	-0.250135	0.528538	-0.26825	0.412139	-0.0436059	-0.214928	-0.0251328	0.125454	0.0212259	-0.194556	0.0818067	0.208244	-0.201676
-4.47774	1.24673	0.655121	0.893865	0.0559021	0.395859	-0.423791	0.218387	0.0362926	-0.150335	-0.0181727	-0.0966312	0.0636908	-0.0710883	-0.279505	0.149577	-0.190578
-3.82949	2.35477	0.0334825	1.18786	-0.0707965	0.0836591	-0.296461	0.34277	0.0926634	0.0220044	0.0485872	0.0771718	0.152828	0.0227908	0.0635302	0.318645	-0.0397235
-3.8059	2.73111	-0.403207	0.963118	-0.32514	0.0534911	-0.344477	0.192277	-0.105547	0.0682899	0.0198384	-0.00394475	0.124894	-0.100329	-0.146394	0.236673	-0.187583
-3.38694	2.41445	-0.434291	0.745427	-0.368411	-0.140286	-0.424412	0.22221	0.00933729	0.00226064	-0.0527886	0.00619785	-0.00196821	-0.163244	-0.201496	0.300313	-0.274544
-3.46088	2.41569	-0.479524	0.650127	-0.387225	-0.276718	-0.277853	0.230291	-0.0280548	0.021315	-0.160014	-0.00352351	-0.149688	-0.186145	-0.319033	0.275468	-0.262341
-3.2503	2.17781	-0.502337	0.429117	-0.326377	-0.284506	-0.250101	0.165687	-0.038976	-0.00805931	-0.143585	-0.0408238	-0.257223	-0.189355	-0.390589	0.104177	-0.12395
-3.32649	2.39317	-0.572113	0.0652047	-0.328928	-0.190433	-0.328595	0.244465	-0.0227337	-0.098264	-0.148243	-0.210804	-0.216156	-0.279027	-0.249578	0.170984	-0.30302
-3.00464	2.07671	-0.558423	0.195058	-0.401965	-0.0356826	-0.170772	0.22181	0.145688	-0.0750434	-0.199529	-0.152602	-0.224708	-0.0607686	-0.244429	0.0507166	-0.121351
-3.03528	2.16752	-0.550562	0.0776132	-0.188144	-0.0154149	-0.0648458	0.357545	0.00308085	-0.0248414	-0.140309	-0.0741414	-0.21692	0.0445369	-0.224287	0.131149	-0.0173444
-3.03975	2.07097	-0.71561	0.04205	-0.263397	-0.0919529	-0.00682223	0.206838	0.0715098	-0.171255	-0.266246	-0.160994	-0.243592	-0.0504393	-0.174744	-0.0848535	-0.0898423
-3.0167	1.93023	-0.727447	-0.0609206	-0.129292	0.0137346	-0.0995565	0.263479	-0.0862235	-0.122593	-0.192253	-0.250048	-0.245277	-0.00841339	-0.207761	-0.0655073	-0.124249
-3.11075	2.12784	-0.891184	-0.0453498	0.0558783	0.0883267	-0.0145015	0.369249	-0.241791	0.0456841	-0.274844	-0.139841	-0.175352	0.0525438	-0.147563	-0.136814	0.0363418
-3.12442	1.77502	-0.909365	-0.0693993	-0.17647	0.165102	-0.0305524	0.248523	-0.36221	-0.167366	-0.207934	-0.30653	-0.1892	-0.0641653	-0.16664	-0.141839	-0.354602
-3.29573	1.87936	-0.884982	-0.0795783	-0.0518738	0.212606	-0.045116	0.429342	-0.364195	-0.121715	-0.202537	-0.256587	-0.170091	0.0176929	-0.129461	-0.148049	-0.266856
-3.24737	1.7009	-0.795396	-0.163268	0.0955304	0.196165	-0.107515	0.510584	-0.351458	-0.0754893	-0.202097	-0.23944	-0.0993935	-0.00657504	-0.213944	-0.0754284	-0.225457
-3.30029	1.673	-0.755721	-0.0498641	-0.0951869	0.222539	-0.148128	0.612713	-0.303441	-0.013454	-0.209915	-0.273345	-0.0536613	-0.0221083	-0.156767	-0.147743	-0.212497
-3.49321	1.69236	-0.519647	-0.309466	-0.00909757	0.171484	-0.110182	0.549539	-0.383056	-0.173295	-0.338782	-0.181041	-0.127517	-0.0562563	-0.276345	-0.0874192	-0.28801
-3.26011	1.65989	-0.584373	-0.0782259	0.0223079	0.12646	-0.076594	0.509342	-0.32059	0.00752049	-0.172974	-0.235592	-0.0384424	-0.0681385	-0.175161	-0.0579794	-0.146198
-3.19418	1.6804	-0.64513	-0.0550169	-0.00705322	0.149752	-0.0827973	0.652894	-0.377137	-0.0147256	-0.257975	-0.175374	-0.0626999	-0.098632	-0.0844868	-0.0454022	-0.13718
-3.09426	1.56414	-0.586544	-0.113817	0.0818679	-0.0354371	-0.0713886	0.546907	-0.240951	-0.0764186	-0.194406	-0.261482	-0.0735959	-0.1386	-0.158427	-0.080527	-0.179191
-3.1662	1.68536	-0.463422	0.0490367	-0.022526	-0.0334739	-0.0640177	0.684755	-0.342433	0.114766	-0.222838	-0.186292	-0.0581147	-0.205196	-0.0331018	-0.110957	-0.0360204
-3.07222	1.67578	-0.448853	0.0708012	0.0410872	-0.20955	-0.0407534	0.677911	-0.223916	0.0722136	-0.183928	-0.13436	-0.170846	-0.250525	-0.0334785	-0.0506775	-0.00575236
-2.97258	1.77059	-0.339535	0.18542	-0.0928384	-0.109562	-0.0631962	0.61947	-0.11421	0.16148	-0.177406	-0.00208092	-0.176417	-0.217354	0.077579	-0.0248394	0.0822738
-2.97427	1.79328	-0.284233	0.295492	0.0220652	-0.284496	0.0241808	0.552975	-0.0713757	0.175249	-0.162213	0.0246297	-0.173861	-0.199191	0.049705	-0.0496816	0.135027
-3.03773	1.81703	-0.205778	0.299111	0.00302993	-0.335785	0.0724011	0.300014	-0.105434	0.0273097	-0.0020423	0.144531	-0.34014	-0.0887151	-0.145421	-0.100972	0.124789
-3.20007	1.75685	-0.203283	0.278573	-0.0999404	-0.437492	-0.138812	0.141743	-0.186337	-0.0953266	-0.00708482	0.00631173	-0.457152	-0.173687	-0.3255	-0.0334944	-0.183672
-3.30195	1.60791	0.371598	0.194786	-0.107847	-0.257527	-0.366739	0.186074	-0.252254	0.103439	-0.0895184	0.143389	-0.358028	-0.216655	-0.246407	-0.0591148	-0.153308
-3.46995	2.0263	0.587479	0.62072	-0.137453	-0.397387	0.215161	0.209588	-0.164441	0.322827	0.12198	0.0880879	-0.12575	0.0886972	-0.115668	0.0714786	0.0299579
-3.81995	2.24252	0.726662	0.559773	-0.265833	-0.162679	0.108452	0.158604	-0.247084	0.195919	0.116633	0.0884935	-0.0527938	0.0652237	-0.0158895	0.08102	-0.222311
-3.95862	2.04185	0.911235	0.632964	0.0510142	-0.53837	0.137819	0.323436	-0.441708	0.131994	0.136611	-0.0368507	0.115164	0.177781	-0.290646	0.0615521	-0.208888
-4.21694	1.80071	0.778374	1.13222	-0.0643806	-0.485911	0.0237669	0.311836	-0.440608	0.108208	-0.0273042	0.0219381	-0.0796724	0.000797794	-0.100881	0.0235778	-0.286259
-5.13217	1.8941	1.20008	1.09875	0.415613	-0.044236	-0.0881204	0.459527	-0.20431	0.315757	-0.230092	0.0664153	0.0151626	0.179634	-0.0394299	0.122422	-0.173768
-5.83991	1.82046	0.744442	1.11215	0.291132	-0.097091	-0.0408209	-0.018706	-0.348739	0.206441	-0.0445738	-0.0634601	-0.165195	-0.374333	-0.364773	-0.0940806	0.00989939
-5.9616	1.67643	0.65558	1.16715	0.488654	-0.0919541	0.0509837	0.317434	-0.284114	0.151945	0.0937805	0.0869953	-0.164925	-0.0351484	-0.0402973	-0.077827	0.0597594
-6.87133	1.76379	0.853177	1.17089	0.439432	-0.356997	-0.133231	0.266657	-0.430634	0.367129	-0.0130486	0.298782	-0.344508	-0.127305	-0.202359	-0.0471763	-0.0821666
-8.11226	2.67791	1.41795	1.14379	0.250535	-0.219799	-0.116068	0.558999	-0.0958158	-0.0280376	0.228904	0.235858	-0.000302154	-0.0146838	0.113694	-0.132442	0.064653
-8.55643	2.56718	1.14318	1.14855	0.592572	0.0355384	0.0199282	0.0179757	-0.128941	0.328939	0.132907	0.140519	-0.118002	-0.0109785	0.177833	-0.128255	-0.0733752
-8.48909	1.96591	0.87324	0.792487	0.475251	0.22331	0.106633	-0.0161782	-0.178026	-0.0722852	-0.120518	-0.120172	-0.0961049	0.0220657	0.0464163	-0.0726786	-0.0677495
-8.90413	1.81279	1.05816	0.704745	0.510041	0.309631	0.206305	0.0716893	-0.216898	-0.00458491	-0.0391655	-0.0459685	-0.0148416	0.055146	0.0411544	-0.139404	-0.051952
-8.7311	1.21643	1.17055	0.793439	0.633722	0.127167	0.101598	0.279384	-0.238722	0.0365659	0.0391517	0.0330716	-0.125107	-0.0372172	0.103687	-0.116524	-0.0571637
-8.83178	0.749154	1.09431	0.871235	0.70981	0.0671716	0.0939877	0.421555	-0.177603	0.106376	0.12944	0.0530218	-0.0772119	0.0321444	0.0689184	-0.207305	-0.0958069
-8.04178	0.550516	-0.382594	0.944674	0.803117	0.32315	0.309614	0.289023	-0.184484	0.135424	0.0472263	0.0567494	0.0626088	-6.4235e-05	-0.0712396	-0.0825699	-0.0918739
-6.39898	0.810151	-0.676123	0.442378	0.304225	-0.278967	-0.0708493	0.391395	-0.547421	0.0551623	0.183001	0.165094	-0.100922	0.00432135	0.172092	-0.174667	-0.0241677
-5.15627	0.758385	-0.623855	0.370423	0.0959555	-0.222663	-0.157591	0.366974	-0.453073	0.0495842	0.0837932	0.187427	-0.0711572	0.0238416	0.280209	-0.0449168	0.0499833
-4.48438	0.773019	-0.577379	0.272973	0.00827905	-0.200767	-0.083719	0.332951	-0.39028	0.110148	0.199057	0.314443	0.0665822	-0.104099	0.0915452	-0.0743677	0.0929074
-4.35348	0.775278	-0.412071	0.225146	0.0270985	-0.153989	0.0559602	0.361879	-0.338223	0.0988617	0.301282	0.390403	0.152999	-0.169896	0.0395812	-0.141579	0.0643335
-4.59019	0.698444	-0.103575	0.206148	0.0653898	-0.0992917	-0.0104909	0.227205	-0.265232	0.00358539	0.300112	0.387735	0.110748	-0.142124	-0.0599985	-0.0459676	0.0409563
-4.97674	0.260339	0.0245682	0.336185	0.0479582	-0.0165747	0.0548182	0.332183	-0.235528	-0.0970386	0.169175	0.185551	0.0227157	0.0350926	0.12906	-0.0531779	-0.0749018
-4.82018	0.219731	-0.0699109	0.222178	-0.020106	0.0450989	0.207581	0.51669	-0.136511	0.0967773	0.0796972	0.0848807	-0.144526	-0.0643708	0.0049396	-0.200624	-0.168781
-4.39577	0.416426	0.0859802	0.312488	-0.0390348	-0.00410725	0.0339763	0.447435	-0.138131	0.108064	0.129693	0.133246	-0.125508	-0.0780145	0.0258334	-0.221088	-0.14179
-4.37971	0.382058	0.152992	0.504296	-0.00199592	0.0315469	-0.0486233	0.328463	-0.171477	0.212978	0.231824	0.102176	-0.0700363	-0.0439516	0.14632	-0.233158	-0.14633
-4.536	0.316307	0.0842835	0.585639	0.0327932	-0.0984393	-0.103524	0.304881	-0.163933	0.140907	0.276784	0.0731309	0.0494549	-0.00575185	0.227666	0.0108111	-0.041092
-4.51704	0.151068	-0.323268	0.457886	0.0197829	-0.165907	-0.27593	0.193538	-0.385999	-0.286216	0.206749	0.12965	0.26722	0.0249312	-0.0699518	-0.0813616	-0.229291
-4.86886	0.295136	-0.157888	1.05367	0.368739	0.232653	0.05632	0.546693	-0.356961	-0.235722	-0.226634	-0.0593641	-0.264828	-0.040713	0.627645	0.401225	0.0778579
-4.80174	1.16414	0.448042	1.01687	0.675152	0.456041	0.25022	0.324257	-0.386072	-0.340886	-0.188062	-0.0102776	-0.238107	0.126749	0.282758	0.180382	0.159711
-4.18389	1.94336	0.531121	1.0788	0.267496	0.205612	-0.195976	0.471075	-0.0448287	0.0279456	-0.0485992	-0.0853579	-0.168546	-0.131702	0.0558969	0.0502438	-0.140572
-3.98018	2.38354	0.522578	1.18295	-0.00915962	0.0349955	-0.16889	0.288168	-0.394455	0.16284	-0.230945	0.0797736	0.337723	-0.205826	-0.106011	-0.022186	0.00887118
-3.59368	2.42763	0.238205	0.912955	-0.00900881	0.188973	-0.19535	0.230089	-0.223154	0.0134176	-0.0463136	0.123569	0.0679482	-0.00981773	0.0707348	0.0659026	-0.127418
-3.50239	2.54033	0.164813	0.68141	0.11869	0.219832	-0.257739	0.337071	-0.322063	0.0630165	-0.0401771	0.145654	0.0124516	0.074247	0.00548207	0.180635	-0.139008
-3.28034	2.38689	-0.0691249	0.798421	0.0327291	0.183072	-0.300673	0.270222	-0.210937	0.0850469	-0.0970204	0.16619	0.00904228	-0.0019354	0.105811	0.0426672	-0.00258636
-3.25024	2.54375	-0.279961	1.0272	0.151991	-0.00678685	-0.0372467	0.242533	-0.140536	0.117597	0.0573015	0.115326	0.0820536	0.136135	-0.0443672	0.249741	-0.0620327
-3.38041	2.70535	-0.570969	1.22846	-0.148607	0.173936	-0.108812	0.0150381	0.032138	-0.058885	0.135074	-0.0238806	0.0600834	0.123373	-0.0514395	0.159769	-0.0375774
-3.74657	2.77639	-0.723855	1.32451	-0.056948	0.163455	0.117123	-0.152704	0.0923262	-0.115208	0.085076	-0.101181	0.116209	0.024085	-0.00140272	0.200701	-0.135782
-5.04982	3.15844	0.119911	1.04393	0.425003	0.309318	0.173325	0.114048	-0.306296	0.0156152	0.0314607	-0.270876	0.0119491	0.0767572	0.149736	0.176967	-0.0100578
-5.09703	3.14091	0.271772	1.33155	0.34122	0.485229	-0.1968	0.138886	-0.195846	-0.00175945	0.151526	-0.628635	0.165317	0.0432457	0.0623529	0.116841	-0.227699
-5.05067	3.13023	0.201365	1.35506	0.354562	0.354356	-0.379273	0.0270677	-0.259732	0.0690957	-0.0417455	-0.576525	0.303196	0.0320541	-0.141586	0.206307	-0.194119
-4.80327	2.98569	0.22237	1.21043	0.344544	0.39301	-0.42191	-0.0328721	-0.330767	0.052845	-0.0379935	-0.547417	0.332885	-0.0847292	-0.0825649	0.177818	-0.128449
-4.81824	3.10406	0.17848	1.21645	0.505737	0.304026	-0.462036	-0.000231503	-0.327161	0.099933	0.103422	-0.674024	0.443163	-0.183313	-0.0746922	0.202062	-0.0639462
-4.78963	2.95883	0.308294	0.976127	0.636644	0.187131	-0.510053	0.127881	-0.475306	0.179656	0.0133333	-0.712227	0.460139	-0.122209	-0.216229	0.322261	-0.185874
-4.87764	3.06485	0.184834	1.0739	0.444782	0.243873	-0.624874	0.227724	-0.550896	0.215406	-0.130233	-0.660284	0.448128	-0.0651002	-0.317153	0.378796	-0.308682
-4.91485	3.10526	0.153545	1.14168	0.448341	0.137927	-0.584003	0.271144	-0.503036	0.174188	-0.148249	-0.681056	0.536331	-0.137092	-0.213785	0.22995	-0.221779
-4.86373	3.04794	0.287733	1.10869	0.378725	0.332942	-0.33828	-0.0652274	-0.285075	0.0821574	0.0215077	-0.689544	0.436213	-0.0564443	-0.0529322	0.0830403	-0.163941
-3.89593	2.35306	-0.310702	1.32125	0.144966	0.102876	-0.0830343	-0.352312	-0.247698	0.0752334	-0.140789	0.102583	-0.0852291	-0.00805045	-0.207833	0.0169425	-0.332796
-4.21815	2.9125	-0.369791	1.02044	0.241612	0.148548	0.00852509	-0.112812	0.0442642	0.209708	-0.292619	-0.171496	0.0893469	-0.0649684	0.0320057	0.0228528	-0.0975968
-4.12019	2.6875	0.0124426	0.965753	0.0180908	0.260451	0.285126	0.106653	0.0110206	0.445393	-0.127974	0.0111143	0.096033	-0.0773685	-0.0611278	-0.0176579	-0.219459
-4.1506	2.98709	0.0121238	0.739927	0.226841	0.239246	0.161447	0.0926637	0.0286346	0.211514	0.0334374	0.0879478	0.0836991	0.0437577	-0.0963344	0.0584654	-0.2432
-4.07295	2.89671	-0.115066	0.681569	0.0506233	0.257665	-0.0111177	0.0108397	0.053515	0.156947	-0.043272	0.0152177	0.093554	0.00464785	-0.177361	0.0418604	-0.331744
-4.06912	3.04337	-0.290937	0.774899	0.183295	0.160635	0.0533981	0.092783	-0.090499	0.30721	-0.149425	0.0115426	-0.00103315	0.0873201	-0.1788	0.0193127	-0.18071
-4.1495	3.05977	-0.115615	0.590717	0.212212	0.349423	-0.0852867	0.113889	-0.157529	0.302143	-0.152592	-0.0935455	-0.0310261	0.141734	-0.147025	0.0123453	-0.111283
-4.38973	3.10994	-0.040708	0.653149	0.37336	0.5658	-0.00556257	0.38971	-0.318413	0.32212	0.0135248	-0.184245	-0.0144192	0.0766401	0.026712	0.00557472	0.0577984
-5.13654	3.25211	0.150409	0.827531	0.175947	0.744248	0.29297	0.112862	-0.292681	0.0985693	-0.0456513	-0.0840211	-0.15115	0.0360802	0.0027151	0.206705	-0.138507
-5.84328	3.50459	0.567264	0.804279	0.507394	0.640893	0.339244	0.235663	-0.222756	-0.10998	0.221724	-0.228096	-0.112898	0.198771	-0.128504	0.107916	-0.075095
-6.24704	3.39473	1.09372	0.902007	0.337768	0.696091	0.449685	0.170887	-0.510302	-0.0814764	0.378367	-0.109676	-0.00232259	-0.0655232	0.0828525	0.100648	-0.0517218
-6.58222	3.15351	1.30751	0.82612	0.706978	0.881615	0.035193	0.176285	0.0278844	0.247453	0.0560199	-0.0776338	0.199157	0.0593428	-0.271161	0.112568	0.110984
-7.09439	3.06461	0.991001	1.07941	0.78201	0.355552	0.378052	0.187818	-0.0248708	0.123754	0.183886	-0.190533	-0.119029	-0.019605	-0.132334	-0.0870738	0.0438034
-7.50628	3.37736	1.45919	0.978312	0.575808	0.539328	0.503768	0.2064	-0.0849611	0.180692	0.193957	-0.284312	0.214981	-0.0150577	-0.0523318	0.235007	-0.190355
-7.96769	3.24355	1.44975	1.00501	0.456005	0.160294	0.0945783	0.260696	-0.117296	-0.157922	-0.0900493	-0.298692	-0.154802	-0.0645296	-0.0801731	0.143849	-0.0681643
-8.21191	2.98815	1.65328	1.15211	0.876678	0.645327	0.233156	0.197577	0.171937	0.159307	0.106478	-0.26581	-0.109987	-0.138893	0.0164919	0.126608	0.395217
-8.56967	2.75755	1.502	1.20684	0.991644	0.808679	0.260991	0.283856	-0.058942	-0.101168	-0.338244	-0.0666842	0.143134	-0.100335	0.0866608	0.0323104	0.350872
-8.76352	2.24168	1.212	1.04387	0.990368	0.97214	0.201422	0.262594	-0.162904	-0.350781	-0.0652472	-0.0637662	0.0323789	0.0829048	-0.0413613	-0.17864	-0.126831
-9.14047	2.13037	1.41498	0.993151	0.680974	0.694455	0.232677	0.382036	0.0439358	-0.198488	-0.237735	-0.35473	-0.273323	-0.257904	0.258321	-0.0594046	0.0667941
-9.28731	1.89636	1.05235	0.981877	0.771005	0.250026	0.308699	0.517582	-0.191175	-0.353789	-0.403918	-0.00572952	-0.193892	-0.51307	-0.369154	0.16036	0.0423185
-9.13711	1.80088	0.912169	0.667165	0.630453	0.452194	0.224525	0.282698	0.110664	0.0631921	-0.102126	-0.137218	-0.158136	-0.214393	-0.197911	-0.158218	-0.0760338
-9.21774	1.66265	0.848398	0.616705	0.538636	0.451119	0.328092	0.240058	0.16166	0.114749	-0.0150267	-0.0829248	-0.108894	-0.0442034	-0.0410136	-0.0628421	-0.0525129
-9.29751	1.61453	0.723955	0.562024	0.554343	0.47851	0.27951	0.251108	0.176941	0.144741	0.091538	0.0159592	-0.0325152	-0.0192927	-0.0540047	0.0612943	0.0128488
-9.4391	1.53253	0.729164	0.64398	0.633511	0.469386	0.230026	0.205671	0.137345	0.242481	0.222033	0.168109	-0.0099008	0.0187062	-0.0175237	0.100776	0.149549
-9.1769	1.54957	0.679141	0.489025	0.427333	0.384258	0.301059	0.27935	0.210618	0.254427	0.167473	0.186183	0.0921799	0.0186393	0.0610353	0.072872	0.0887793
-9.20062	1.50973	0.64583	0.515888	0.511815	0.458945	0.247012	0.261474	0.207537	0.206628	0.0602782	0.122681	0.0303158	-0.0874662	0.0339677	0.0714388	0.077973
-7.66313	1.67573	0.323925	0.345691	0.338512	0.194603	0.0390776	0.129426	0.137973	0.0911444	0.0357658	0.127183	0.117196	0.0993308	0.015295	0.157437	0.0174094
-6.39675	1.67341	0.0681649	0.370849	0.347263	0.411528	0.317903	0.0147275	-0.311179	-0.0304672	-0.0269749	0.303638	0.0515805	-0.0824338	-0.0208129	0.150181	-0.132016
-5.48437	1.68362	-0.0472331	0.209517	0.343744	0.463209	0.214684	0.0205259	-0.174598	0.076998	0.000883698	0.0850767	-0.00415242	-0.048898	-0.00940623	0.150935	-0.0390007
-5.25672	1.67133	-0.300622	-0.0574543	-0.100561	0.273404	-0.0732218	-0.0110987	0.0305607	0.106942	0.00342944	-0.176902	0.0632087	-0.0339061	0.010031	-0.0261457	-0.24738
-5.57663	1.36937	-0.0930028	0.315691	0.729924	0.67791	-0.251114	-0.248604	-0.344672	-0.235999	0.156187	0.141734	0.188894	-0.24478	0.0868048	-0.0274369	-0.121757
-4.37473	3.27933	0.327133	0.0202554	-0.497247	0.634828	0.097359	-0.351978	-0.275227	0.294406	0.1855	-0.0243466	-0.0791269	-0.00370475	-0.195155	-0.0751445	-0.170942
-3.70324	3.00356	0.230831	0.0961931	-0.513772	0.497425	-0.124404	-0.216649	-0.375109	0.230872	0.0823544	0.150422	0.0831798	-0.0905723	-0.078104	-0.086089	-0.21035
-4.13794	2.97119	0.818096	-0.282793	-0.50947	0.345236	-0.175804	-0.249827	-0.30005	0.21435	0.193911	-0.0626016	0.237965	0.163953	-0.329848	-0.345982	-0.171175
-4.17933	3.07412	0.75103	-0.0512079	-0.698739	0.575376	-0.188422	-0.196981	-0.387736	0.236062	0.0765409	0.0614034	0.00194815	0.243196	-0.15419	-0.339641	0.0688315
-4.19185	3.07134	0.749126	-0.26295	-0.474055	0.541918	-0.262514	-0.305886	-0.246869	0.0939828	0.156349	0.107433	-0.0317922	0.115469	0.0515087	-0.333313	-0.280675
-4.09255	2.86274	0.774687	0.0720394	-0.617022	0.543459	-0.0795427	-0.307846	-0.346183	0.165338	0.161264	0.0741967	0.00831968	-0.0312812	0.100133	-0.0991888	-0.269951
-4.226	2.92435	0.82264	0.0718258	-0.556363	0.602561	-0.139208	-0.240341	-0.37226	0.148821	0.108875	0.19578	-0.0733025	-0.103444	0.213869	-0.149561	-0.160964
-4.57642	3.07583	0.987742	-0.167655	-0.530941	0.634229	-0.108905	-0.286569	-0.473047	0.0949264	0.199239	-0.0729951	-0.00299394	0.120435	0.0699878	-0.270342	-0.178778
-4.4817	3.11363	0.953047	0.0351549	-0.416078	0.704742	0.0581272	-0.262962	-0.241206	0.12822	-0.0591192	0.0275223	0.0740716	-0.0752537	0.156192	-0.141887	0.239374
-4.68325	3.07364	1.11067	0.109707	-0.547913	0.668724	0.177043	-0.224645	-0.421914	0.309525	-0.296539	0.120535	0.125296	-0.0132375	0.0169699	-0.0401568	0.122933
-4.89811	3.10617	1.11957	-0.114902	-0.330308	0.521427	-0.0261124	-0.00381846	-0.570892	0.176993	-0.297289	0.116152	0.11771	0.0427891	0.149306	-0.205017	-0.105362
-4.98673	3.14298	1.07146	0.108968	-0.399148	0.439082	0.179041	-0.141153	-0.335612	0.0576922	-0.344226	0.114386	0.239429	-0.0711451	0.214471	-0.0978123	-0.19302
-4.94829	3.12712	1.07323	0.163236	-0.330315	0.486066	0.196544	0.131159	-0.554957	0.132155	-0.310715	0.199429	0.142175	-0.0680797	0.252009	-0.107398	-0.0349814
-5.05567	2.96001	1.22934	0.227031	-0.387836	0.467433	0.229842	0.0320584	-0.514409	0.0951027	-0.293196	-0.0565299	0.152044	0.105166	0.142976	-0.0714994	-0.0859693
-5.09495	3.16482	1.07257	0.527057	-0.326282	0.665462	0.23231	0.250794	-0.524954	0.0621025	-0.139171	0.0998372	0.167031	-0.0684294	0.347145	-0.0728987	0.122056
-5.04986	3.10893	1.11268	0.466773	-0.009948	0.495553	0.450311	0.182955	-0.434254	0.125866	-0.236572	0.150835	0.1606	-0.0136628	0.323972	-0.14859	0.352568
-5.32593	3.11958	0.912951	0.33724	-0.472332	0.783605	0.166559	0.041674	-0.708368	-0.127362	-0.113332	-0.267768	0.174325	-0.199233	0.199431	-0.174501	0.115959
-5.3153	3.32566	0.880148	0.37544	0.129433	0.644754	0.325058	0.139751	-0.558603	0.0104404	-0.0687707	0.0738265	0.167418	-0.21302	0.283172	-0.0191918	0.233471
-5.45669	3.0278	1.00648	0.22869	0.0969722	0.718928	0.163879	-0.0154185	-0.565573	-0.0522403	-0.292004	0.0921104	0.137303	-0.178696	0.153337	-0.0806188	0.0281509
-5.44966	2.78686	1.04679	0.406491	0.178705	0.587016	0.321048	-0.0733907	-0.507619	-0.02135	-0.245674	0.101444	0.164442	-0.169209	0.109986	-0.0609715	-4.75412e-05
-5.69857	2.8255	0.939729	0.382125	0.263895	0.449824	0.188653	-0.203875	-0.46957	-0.0720877	-0.249831	-0.0592577	0.0789411	-0.161105	0.0914648	-0.23587	-0.0337441
-6.08526	3.21205	1.63376	0.402261	0.211496	0.551222	0.458859	0.448024	-0.559971	-0.20948	0.24576	0.52265	0.097359	-0.459845	0.357034	0.278442	0.118785
-6.00973	2.79726	1.0744	0.232104	0.22626	0.512612	-0.0269704	-0.318892	-0.146864	0.0670394	-0.360707	0.162721	0.0324912	-0.380807	0.06472	-0.134046	-0.150662
-5.29532	2.2336	0.277841	0.745906	0.676652	0.112596	-0.258094	0.0788058	-0.398719	0.0905876	-0.581033	0.0183394	-0.148767	-0.25126	0.000602011	0.0435605	-0.193451
-5.06655	2.41923	0.631995	0.659878	0.714533	0.201473	-0.0197386	0.0606713	-0.263851	0.0601777	-0.311556	-0.0926711	0.070317	-0.0381864	0.0107407	0.0909619	0.142118
-4.65139	2.32217	0.488586	1.03566	0.487833	0.243912	0.0503999	0.233122	-0.313523	-0.0653945	-0.235048	0.0127872	-0.0536338	-0.0422679	0.187235	0.245127	0.180784
-4.65113	2.20082	0.393423	1.15542	0.280666	-0.119477	0.190974	0.137679	-0.519174	-0.206564	-0.155462	-0.104784	-0.261573	-0.0292739	0.126232	0.0919719	-0.0303923
-4.66567	1.91868	0.703439	1.00151	0.243913	-0.100239	0.285565	-0.0579217	-0.525591	-0.186892	-0.167957	-0.174444	-0.232273	-0.0324335	0.138211	0.0248885	-0.0805466
-4.58544	1.75204	0.594417	1.3389	0.0402109	0.012777	0.327949	-0.0882122	-0.533257	-0.215609	-0.117147	-0.306258	-0.193363	0.0422961	0.0535537	0.0620938	-0.0523594
-4.61664	1.93906	0.642737	1.35262	0.177229	0.0739826	0.550916	-0.0556387	-0.539432	-0.00619756	-0.13683	-0.247277	-0.0895234	0.14156	0.0821954	0.0653497	0.264594
-4.61529	1.72894	0.603525	1.33151	-0.0297593	0.0279183	0.514976	-0.161482	-0.527979	-0.0862902	-0.297389	-0.345133	-0.135055	-0.00337809	-0.0332803	0.0763952	0.0936732
-4.50999	1.59985	0.720972	1.35479	-0.0692841	0.224692	0.463135	-0.00786318	-0.588266	0.00541531	-0.24155	-0.325868	-0.0757847	0.00100007	0.0557335	0.142968	0.160482
-4.30935	1.40455	0.791064	1.4564	0.00121689	0.292046	0.538536	0.00758097	-0.522475	0.0396918	-0.23149	-0.287372	-0.00451312	0.0649081	0.186209	0.180067	0.271726
-4.33788	1.41381	0.833051	1.44148	-0.106253	0.296889	0.48409	-0.046413	-0.390604	0.00244854	-0.27298	-0.294075	0.0162842	0.0541164	0.140052	0.148779	0.306391
-4.42696	1.28049	0.63948	1.50388	-0.283771	0.32064	0.334961	0.0306028	-0.600245	-0.0209598	-0.457846	-0.249884	-0.138435	0.0361932	-0.0204666	0.0798389	0.0961193
-4.38563	1.31001	0.695476	1.44344	-0.200885	0.510702	0.32735	0.0662509	-0.528256	-0.0641256	-0.361067	-0.162859	-0.155641	0.0590169	0.0873619	0.152706	0.161638
-4.24005	1.15748	0.82345	1.4588	-0.0581278	0.440478	0.467541	0.02045	-0.463654	-0.0121542	-0.336467	-0.238328	0.0423575	0.0822214	0.170585	0.199254	0.293561
-4.32087	1.20122	0.75295	1.58736	-0.10901	0.524543	0.407865	0.159572	-0.504037	-0.0261057	-0.326866	-0.221952	-0.0178533	0.150669	0.186042	0.200975	0.325685
-4.24664	1.1241	0.873782	1.61086	-0.0338558	0.557462	0.516285	0.053491	-0.451021	-0.0331522	-0.333333	-0.142744	0.0395791	0.341487	0.288276	0.326301	0.299961
-4.26982	1.06872	0.83262	1.7081	-0.0225942	0.701826	0.544589	0.106127	-0.52524	0.00505738	-0.381792	-0.154657	0.0786255	0.377356	0.362764	0.29438	0.345795
-4.18385	1.10704	0.805097	1.60761	-0.149466	0.509811	0.461232	0.0611258	-0.449207	0.100453	-0.269279	-0.167171	0.045864	0.185982	0.258433	0.229686	0.455122
-4.24512	1.06363	0.874286	1.60365	-0.00814709	0.52766	0.542782	0.0786383	-0.492694	0.0416102	-0.352126	-0.150864	0.0358726	0.306867	0.360625	0.332415	0.352805
-4.3074	1.23089	0.75512	1.63129	-0.212713	0.523343	0.402639	0.0858209	-0.557546	0.116914	-0.345394	-0.137101	-0.0281229	0.25308	0.297619	0.318397	0.277226
-4.33965	1.23147	0.712759	1.60144	-0.115388	0.508278	0.412512	0.0945977	-0.516494	0.0610538	-0.384986	-0.148106	-0.0423349	0.292437	0.235953	0.356867	0.259832
-4.33747	1.2196	0.645245	1.78938	-0.130964	0.59514	0.461755	0.146048	-0.533992	0.0147465	-0.339881	-0.133132	0.0141783	0.359795	0.356755	0.408726	0.321636
-4.34694	1.34647	0.580812	1.78794	-0.130638	0.599954	0.439317	0.200006	-0.56304	0.129513	-0.359602	-0.114221	0.00205625	0.344353	0.322836	0.395682	0.443145
-4.34411	1.21048	0.726395	1.49727	-0.0544695	0.380817	0.438737	0.0555755	-0.560826	0.106463	-0.332428	-0.207739	-0.0307775	0.25488	0.247396	0.329185	0.312195
-4.38501	1.37917	0.601949	1.47493	-0.0161725	0.385577	0.364529	0.150315	-0.613515	0.0427152	-0.273957	-0.16286	-0.0762955	0.331847	0.230789	0.310718	0.311113
-4.40529	1.33742	0.563194	1.35935	0.0252291	0.138469	0.410684	-0.0721459	-0.441505	-0.0719276	-0.200156	-0.304544	-0.0374894	0.191425	0.0575352	0.290309	0.189585
-4.61152	1.6158	0.352238	1.54064	0.160182	0.328722	0.36072	0.281529	-0.631176	0.0231562	-0.270934	-0.227565	-0.145559	0.292596	0.163305	0.315136	0.306426
-4.68375	1.50249	0.634499	1.57089	-0.332534	-0.0260008	0.264617	-0.0079167	-0.596685	-0.0666293	-0.128839	-0.22938	-0.178602	0.300543	0.0294605	0.0881636	0.125612
-4.60792	1.54882	0.588619	1.37229	0.406855	0.217382	0.416961	0.387889	-0.557082	-0.152912	-0.15259	-0.290406	-0.089904	0.403884	0.135524	0.423908	0.298449
-4.56745	1.66127	0.287495	1.67925	-0.136772	0.127828	0.0970099	0.275031	-0.610085	-0.102314	-0.193649	-0.0899159	-0.185109	0.259593	0.238218	0.165094	0.152828
-4.49867	1.5914	0.506528	1.41218	0.0909206	0.149916	0.102946	0.347819	-0.526004	-0.148628	-0.15586	-0.0164078	-0.171526	0.187061	0.137247	0.200861	0.246836
-4.59805	1.69059	0.320155	1.41098	0.0842742	0.276481	0.0607336	0.298835	-0.387266	-0.172747	-0.208704	-0.0365964	-0.215203	0.185159	0.118095	0.300753	0.207717
-4.77071	1.76822	0.289895	1.26054	0.146331	0.241587	-0.0833205	0.202706	-0.403676	-0.154451	-0.319444	-0.0158808	-0.112643	0.112466	-0.00719274	0.26711	0.00966116
-5.23061	1.86936	0.321932	1.3834	0.284396	0.427318	0.138864	0.303116	-0.299983	-0.254552	-0.382449	-0.00321535	-0.129667	0.16647	0.117098	0.418205	0.190777
-5.83159	2.09088	0.742188	1.27757	0.37629	0.501119	0.0824888	0.168859	-0.240458	-0.258515	-0.279943	0.195329	0.220395	0.0908597	-0.00127738	0.253989	0.337004
-6.09454	2.02234	0.792057	0.893594	0.672167	0.464732	0.0241848	-0.125804	-0.0501006	-0.0565204	-0.164755	-0.148809	0.127125	0.362635	-0.132213	0.124625	-0.0275812
-6.33252	1.65637	0.600291	1.01507	0.924225	0.193269	0.150049	-0.0231019	0.0212809	0.194972	-0.0182849	-0.202307	-0.33706	-0.0954349	0.0617842	0.304301	-0.177913
-6.48935	1.11966	0.79912	0.866132	0.747157	0.0635553	-0.218034	0.143376	0.177666	-0.304167	-0.1507	-0.0718973	-0.181325	-0.25278	-0.143175	-0.219066	-0.101413
-6.33546	0.912689	0.572913	0.781483	0.889722	0.252783	0.117229	-0.0141057	-0.143003	0.0191725	-0.177101	0.0935223	0.12551	0.142366	0.253007	0.0409612	-0.0181067
-6.29277	0.490094	0.344441	0.686985	0.632942	0.238358	0.0523941	0.153713	0.0584245	-0.134758	-0.243213	-0.0981027	0.00996024	-0.0744623	0.0798336	0.0324905	-0.248226
-6.38769	0.258411	0.310617	0.635888	0.625146	0.250957	0.124879	0.248613	0.167063	-0.0289407	-0.200333	-0.184667	0.0544535	-0.0701813	-0.00114485	0.0309483	-0.181923
-6.50185	0.173894	0.215513	0.516495	0.495113	0.160413	0.0840186	0.159807	0.286005	0.123165	-0.0737032	-0.164892	0.0472515	0.052259	0.0898186	-0.0616116	-0.138981
-6.53546	0.1375	0.151344	0.441323	0.571762	0.0562587	0.0550209	0.11161	0.21066	-0.0122565	-0.0516993	0.0095382	-0.0397043	-0.00362866	0.0774008	0.118652	-0.0212268
-6.38606	0.242654	0.267011	0.627834	0.658153	0.171736	0.190428	0.0638974	0.0956319	-0.0557942	-0.0743919	0.0413353	-0.0745733	-0.138523	0.00494255	0.138197	-0.100178
-5.99144	0.841224	0.350208	0.589757	0.52345	0.101154	-0.0479421	-0.00319244	0.0739707	-0.00841185	-0.060731	-0.0347734	-0.10687	-0.18171	0.064509	0.17754	-0.0806019
-5.8151	1.35287	0.430823	0.48227	0.572826	0.246474	-0.0500152	-0.0315279	-0.0504403	0.0251985	0.0203945	-0.173894	-0.104421	-0.121669	0.0990627	0.0271822	0.0323317
-5.921	1.38039	0.434683	0.459715	0.638423	0.324422	-0.0979484	-0.0152123	-0.0362215	0.0409893	0.0453747	-0.262736	-0.0709941	-0.00539308	-0.00427934	0.0512632	0.111162
-6.12835	1.4754	0.252274	0.493683	0.65318	0.333701	-0.0751881	-0.0172052	-0.0439647	0.0183825	0.164802	-0.233594	0.0490165	0.0275821	0.00696756	0.108162	0.0205565
-6.40418	1.63055	0.017917	0.521103	0.680044	0.363081	-0.157569	-0.0576681	-0.141389	-0.11214	0.0734542	-0.283751	0.140115	0.110921	0.0633641	0.161555	-0.148586
-6.56962	1.65154	0.0979809	0.708202	0.617067	0.266601	-0.267749	-0.0318056	-0.130797	-0.203478	-0.0596132	-0.332128	0.0321244	0.0752157	-0.155908	0.0108556	-0.317547
-6.7312	1.96805	0.510422	0.96518	0.758395	0.273464	-0.0990907	-0.163356	-0.12576	-0.0624015	0.429665	-0.102741	0.341998	0.0788457	-0.0536493	0.0526836	-0.332156
-6.69647	2.14302	0.421234	0.853548	0.631843	0.331904	0.141484	-0.172551	-0.340458	-0.0567485	0.0628421	-0.0908892	0.0687598	0.0957374	0.0378847	0.122294	-0.120997
-6.76634	2.30638	0.48484	1.10138	1.02537	0.697354	0.00479315	-0.308862	-0.538709	0.0697972	0.240557	-0.224524	0.121796	0.101353	-0.168832	0.133426	-0.177211
-6.78147	2.66288	0.592908	1.10986	0.857144	0.579408	0.175281	-0.084603	-0.0653376	-0.1675	-0.202498	-0.464043	-0.34644	0.11432	0.00768422	0.345476	-0.10654
-6.6486	2.7222	1.0561	1.07205	0.996621	0.568091	0.288575	0.228247	-0.00368339	0.129003	0.248228	-0.20293	-0.15476	0.0684695	-0.36494	0.203538	0.0682823
-6.53738	2.73502	0.763521	1.43455	0.991433	0.59642	0.304662	0.0480082	0.00323296	0.0618355	0.0749054	-0.230555	-0.262138	0.025367	-0.208736	0.369103	-0.0899274
-6.29333	2.63801	0.877652	1.15593	1.10098	0.800099	0.344231	0.201135	-0.0910919	0.0428691	0.0324146	-0.273635	-0.249497	0.348777	-0.145591	0.0169894	0.0493064
-6.23983	2.73562	0.74628	0.930477	1.08417	0.737847	0.386768	0.167727	-0.109395	0.124345	-0.0905374	0.100992	-0.0104063	-0.0843353	-0.300115	-0.00569477	-0.0910602
-6.07799	2.86705	0.989486	0.884963	1.06618	0.577236	0.388997	0.485296	-0.262302	0.231804	0.279731	0.200532	-0.136621	-0.0783039	-0.258822	0.111429	0.106082
-5.85768	2.61073	0.682509	0.957039	0.843298	0.262052	-0.176794	-0.0693564	-0.303424	0.315601	-0.175055	-0.0920515	-0.293589	0.0619856	-0.229274	-0.0135353	-0.0461764
-5.77689	2.57494	0.590665	0.397016	1.11573	0.0885871	-0.275245	0.10058	-0.510154	-0.0515275	-0.229116	-0.31662	-0.338101	0.0923637	-0.466193	-0.0536628	0.078848
-5.8755	2.53543	0.491604	0.602984	0.949138	0.153021	-0.112366	0.119777	-0.635672	-0.180718	-0.140186	-0.254788	-0.306257	-0.0371963	-0.338819	-0.181273	-0.0381214
-6.01069	2.2837	0.692468	0.598926	0.46201	-0.0338467	-0.13562	0.00337217	-0.737047	-0.179351	-0.390525	-0.527205	-0.3803	-0.0584402	-0.39496	-0.290735	-0.311536
-6.00084	2.21447	0.491764	0.520566	0.209454	-0.224376	-0.105556	-0.111286	-0.676508	-0.515222	-0.69387	-0.480484	-0.149056	-0.46871	-0.806999	-0.431217	-0.120873
-6.14108	1.64979	-0.110418	-0.0935292	0.121509	0.0260138	-0.133497	-0.112893	-1.00147	-0.713535	-1.12552	-1.25724	-1.0484	-0.668177	-0.734651	-0.439426	-0.576139
-5.62524	2.36179	0.748597	0.25349	-0.0822843	-0.190129	-0.170365	-0.0826134	-0.464215	-0.0743646	-0.319694	-0.0885129	-0.42332	-0.200366	-0.193158	-0.359162	-0.55425
-4.75086	2.7258	0.404415	0.138566	-0.0547692	0.0550092	0.519827	0.357868	-0.0388684	0.299995	-0.202623	-0.011729	-0.00334225	-0.0842178	0.0334356	-0.085724	0.108629
-4.42184	2.43913	-0.129377	-0.0230248	-0.121851	0.252814	0.461955	0.482247	-0.359191	0.0907739	-0.156219	-0.138887	-0.093974	-0.234277	-0.0977942	-0.0384874	-0.135603
-4.33216	2.13885	-0.112699	-0.141911	-0.0536741	0.516307	-0.0186553	0.121348	-0.447196	0.089717	-0.339089	-0.127086	-0.221022	-0.292309	-0.263656	-0.0635059	-0.199591
-4.4986	2.0695	0.110583	-0.273124	-0.107469	0.375753	0.144283	0.108266	-0.416845	0.0945101	-0.452126	-0.28141	-0.0452762	-0.347444	-0.330898	-0.143411	-0.227563
-4.29939	1.9933	-0.122856	-0.417918	0.0108065	0.429029	-0.0401084	0.255649	-0.526327	0.0793539	-0.390666	-0.593439	-0.128301	-0.212826	-0.362002	-0.258352	-0.197743
-4.24693	1.77812	-0.218125	-0.00480118	-0.0290027	0.147871	-0.092842	0.498836	-0.528411	-0.111644	-0.410945	-0.485951	-0.146077	-0.224207	-0.415486	-0.0962888	-0.361323
-4.17318	1.77896	-0.0515197	0.0631758	-0.202405	0.150809	0.0540524	0.451496	-0.507784	-0.0083424	-0.447338	-0.498104	0.0331872	-0.258292	-0.213715	-0.347733	-0.121662
-4.1793	1.8082	-0.149576	0.149186	-0.242179	0.141964	0.0349381	0.470528	-0.389451	-0.204611	-0.539805	-0.280512	-0.100892	-0.259468	-0.345036	-0.304101	-0.049641
-3.99566	1.75963	-0.229871	0.0985506	-0.16593	0.115014	0.0231154	0.359978	-0.376578	-0.0739294	-0.500488	-0.241586	-0.207766	-0.147273	-0.386297	-0.0683096	-0.262772
-3.98412	1.92292	-0.1393	0.152873	-0.0564342	0.110673	0.0036868	0.636109	-0.360388	-0.080917	-0.304183	-0.103615	-0.124088	-0.171462	-0.297052	-0.117436	0.0715335
-3.62855	1.75368	-0.486086	0.246001	-0.0967303	0.0263175	0.0385618	0.388773	-0.233818	-0.014663	-0.470146	-0.0902054	-0.269975	-0.173329	-0.193424	-0.209327	0.0495166
-3.54388	1.6745	-0.557124	0.191303	-0.145742	-0.0235031	-0.183042	0.524351	-0.418625	0.101517	-0.504329	-0.137737	-0.357695	-0.164055	-0.279413	-0.0625275	-0.228494
-3.51067	1.73202	-0.384421	0.228197	-0.0554138	0.0114155	0.112062	0.36833	-0.193746	0.137794	-0.466943	-0.11498	-0.163456	-0.295083	0.0292273	-0.0830918	0.127418
-3.52045	1.48037	-0.223677	0.11088	-0.191157	-0.0612048	-0.0267501	0.340685	-0.296228	0.0724269	-0.546892	-0.109216	-0.429947	-0.270821	-0.0775433	-0.109266	-0.0758715
-3.9176	1.47143	-0.266783	0.301071	-0.122873	-0.184983	-0.13335	0.352571	-0.327594	-0.0320497	-0.558731	-0.232465	-0.587545	-0.214567	-0.211915	-0.0432533	0.00941527
-3.80154	1.58061	-0.185576	0.0617829	-0.15657	-0.117141	-0.158287	0.451404	-0.419795	0.00637232	-0.521118	-0.158257	-0.518299	-0.250483	-0.273267	-0.0339274	-0.0987051
-4.3029	1.76621	0.0849324	0.113321	0.0847524	-0.37598	-0.0435948	0.455528	-0.40241	0.0846041	-0.441574	-0.134371	-0.573336	-0.340769	-0.368515	-0.0198867	-0.200604
-4.0961	1.88057	-0.136192	-0.081589	-0.215232	0.0360184	-0.00343938	0.308806	-0.304227	0.270573	-0.518375	-0.178975	-0.337491	-0.2939	-0.0710638	-0.0602236	-0.0381608
-4.27287	1.5981	-0.17572	0.084275	-0.0473753	-0.200985	0.0673005	0.436381	-0.237096	0.148166	-0.351447	-0.118363	-0.362258	-0.221943	-0.130748	-0.0751972	0.00795191
-4.20945	1.54717	-0.273529	0.21066	0.0579491	-0.201479	0.021384	0.407481	-0.259722	0.150653	-0.264812	-0.100609	-0.292136	-0.162179	-0.26865	-0.00895345	-0.0833549
-3.93354	1.55201	-0.281691	0.179905	-0.00441464	-0.150515	0.0639952	0.47003	-0.206172	0.0937389	-0.293657	-0.231455	-0.296925	-0.117209	-0.214689	0.0318964	-0.0571455
-3.92093	1.41202	-0.191419	0.155122	-0.0874016	-0.196049	0.0861528	0.457792	-0.205772	0.0570971	-0.315806	-0.238381	-0.337448	-0.0659217	-0.0763792	0.0303515	-0.143666
-4.15325	1.48293	-0.101479	0.069951	-0.0146056	-0.00326698	0.234724	0.382615	-0.182022	0.0494193	-0.237833	-0.151426	-0.350146	-0.0938963	-0.143754	-0.0418252	-0.0928782
-4.28926	1.82688	-0.373087	-0.136998	0.0583873	0.0771374	0.290699	0.331174	-0.0646537	0.110483	-0.255627	-0.148984	-0.203797	-0.109777	-0.153072	-0.0142073	-0.0756218
-4.20197	1.73604	-0.326022	-0.132243	0.189436	0.070916	0.112881	0.383647	-0.182691	0.104513	-0.331724	-0.198674	-0.169218	-0.0930693	-0.171263	-0.0947569	0.0311353
-4.01937	1.69107	-0.386036	-0.191005	0.135626	0.0633424	0.105453	0.432529	-0.24424	0.0887788	-0.360606	-0.274547	-0.218625	-0.128194	-0.28205	-0.200012	0.025161
-3.99775	1.64404	-0.380893	-0.186456	0.109548	0.210336	0.113728	0.369575	-0.258755	0.0983917	-0.315915	-0.231777	-0.146543	-0.138294	-0.298598	-0.204729	-0.111065
-3.90461	1.60372	-0.462652	-0.252082	0.121767	0.181917	0.111166	0.246012	-0.293173	0.0463725	-0.269229	-0.311113	-0.081407	-0.0610115	-0.304905	-0.232616	-0.0665476
-3.89398	1.53993	-0.45352	-0.275299	0.216019	0.163656	-0.11909	0.203005	-0.298992	-0.0366375	-0.397796	-0.393107	-0.0197387	-0.13979	-0.322351	-0.265256	-0.175611
-3.79557	1.3	-0.550474	-0.256581	0.308705	0.232285	-0.0370857	0.202811	-0.425721	0.00185636	-0.30661	-0.342609	0.0140733	-0.207782	-0.416326	-0.366673	-0.28831
-3.86009	1.19733	-0.70462	-0.355052	0.161347	0.195653	0.0497523	0.28326	-0.430106	0.00461885	-0.26559	-0.28571	-0.0949544	-0.0690068	-0.307162	-0.192611	-0.169316
-4.14377	1.19841	-0.866526	-0.334297	0.199047	0.202689	-0.025694	0.22715	-0.537414	-0.0564941	-0.41054	-0.441135	-0.195539	-0.0736896	-0.406317	-0.33558	-0.233765
-4.22333	1.12854	-0.961887	-0.39749	0.124764	0.299136	-0.0417574	0.313436	-0.64599	0.0275023	-0.276039	-0.443443	-0.124475	-0.246524	-0.317172	-0.3369	-0.285586
-4.28109	1.15402	-0.939846	-0.328924	0.156311	0.431457	0.0607173	0.325013	-0.61884	0.16811	-0.119268	-0.397597	-0.0903352	-0.168059	-0.260433	-0.208957	-0.318063
-4.25699	1.14759	-0.886549	-0.274921	0.232013	0.44599	0.0645711	0.219857	-0.563514	0.0119617	-0.20458	-0.393063	-0.141168	-0.0968167	-0.305785	-0.174917	-0.28686
-4.51583	1.00667	-0.81347	-0.258982	0.177119	0.502497	0.168884	0.250879	-0.488106	-0.026702	-0.224549	-0.343026	-0.210694	-0.176591	-0.398284	-0.252291	-0.182265
-4.28403	1.05428	-0.752729	-0.188677	-0.0015017	0.443957	0.0412365	0.214476	-0.617445	0.0345693	-0.229879	-0.2714	-0.192606	-0.323902	-0.303642	-0.165881	-0.320083
-4.3102	1.03767	-0.655932	-0.0829784	0.216747	0.451577	0.114335	0.166159	-0.548013	0.0186792	-0.208706	-0.243479	-0.0928735	-0.317566	-0.370456	-0.18786	-0.298686
-4.27267	1.14332	-0.6963	-0.127408	0.187054	0.331828	0.249601	0.184179	-0.480609	-0.012303	-0.243386	-0.333153	-0.118489	-0.236157	-0.342333	-0.183394	-0.273738
-4.28911	1.14061	-0.602264	-0.238264	0.0978183	0.293544	0.22757	0.294951	-0.62523	0.0461423	-0.258577	-0.407397	-0.152167	-0.337812	-0.286894	-0.216487	-0.299171
-4.34746	1.07655	-0.773806	-0.267425	0.0692194	0.342767	0.160668	0.301509	-0.583319	0.0107758	-0.284475	-0.453555	-0.182627	-0.349743	-0.347761	-0.312515	-0.233324
-4.46249	1.00436	-0.683771	-0.201066	0.144033	0.398073	0.177002	0.463443	-0.453208	0.0609969	-0.253096	-0.309711	-0.0659078	-0.194143	-0.351373	-0.274367	-0.171905
-4.61077	0.946137	-0.714569	-0.202377	0.360046	0.544043	0.125603	0.421878	-0.504475	0.234468	-0.291686	-0.329698	-0.125951	-0.212359	-0.252174	-0.0393123	-0.115668
-4.64891	0.859748	-0.588013	-0.258542	0.230493	0.407608	0.0849822	0.4937	-0.447002	0.325841	-0.21117	-0.258098	-0.151484	-0.201273	-0.245663	-0.0637529	-0.21025
-4.68502	0.933762	-0.622573	-0.20735	0.169063	0.272276	0.0209861	0.456096	-0.447871	0.216878	-0.247181	-0.116911	-0.16203	-0.177095	-0.259718	-0.0880575	-0.194331
-4.71461	0.983392	-0.731324	-0.381081	0.192043	0.189833	0.10448	0.34868	-0.367758	0.0816697	-0.324802	-0.194613	-0.267614	-0.295634	-0.322555	-0.144175	-0.153521
-4.84513	1.07817	-0.719789	-0.413364	0.151719	0.311638	0.147445	0.364322	-0.488293	0.128843	-0.293836	-0.337771	-0.142831	-0.287148	-0.377137	-0.152836	-0.150351
-4.75345	1.14121	-0.553712	-0.123369	0.188991	0.286108	0.0862609	0.549539	-0.546982	-0.0136382	-0.460187	-0.26506	0.0399122	-0.3024	-0.455241	-0.126641	-0.106033
-4.7943	1.19494	-0.683905	-0.231648	0.228348	0.180024	-0.0661893	0.593912	-0.434102	0.0189851	-0.351139	-0.394113	0.0432591	-0.32159	-0.479201	-0.21201	-0.16078
-4.83595	1.14022	-0.708275	-0.276426	0.25201	0.115374	0.12545	0.551499	-0.645143	-0.0739482	-0.213418	-0.365043	-0.154158	-0.229581	-0.271891	-0.234568	-0.256049
-4.63424	1.15003	-0.581701	-0.301412	0.260657	-0.0258326	0.0658213	0.689716	-0.660964	0.0225075	-0.278587	-0.361327	-0.141583	-0.337451	-0.296706	-0.106843	-0.24908
-4.56368	1.28935	-0.655621	-0.216229	0.222595	0.133737	-0.0190766	0.665245	-0.497856	0.00260162	-0.211037	-0.409804	-0.170356	-0.191261	-0.281933	-0.175383	-0.181164
-4.62597	1.24599	-0.685972	-0.251337	0.113975	-0.0047168	0.0200822	0.587704	-0.551719	-0.100861	-0.342352	-0.399988	-0.198072	-0.258702	-0.300866	-0.209049	-0.225171
-4.691	1.21256	-0.65007	-0.212271	0.102756	-0.0920327	-0.00968895	0.595467	-0.546563	-0.104322	-0.352109	-0.421519	-0.220804	-0.292614	-0.248854	-0.199332	-0.162635
-4.61718	1.41298	-0.625368	-0.0403022	0.0973107	0.0915097	0.00220801	0.732299	-0.469225	0.0578934	-0.448886	-0.282826	-0.249269	-0.276276	-0.173117	-0.0730324	-0.130091
-4.56914	1.36422	-0.424988	-0.152735	0.0941314	0.0169852	0.103663	0.626888	-0.419047	0.0888939	-0.366872	-0.311828	-0.153488	-0.328454	-0.212678	-0.0413891	-0.172519
-4.50058	1.1405	-0.402236	-0.0153724	0.027208	-0.180951	0.0283167	0.553316	-0.507406	0.0437302	-0.356219	-0.268849	-0.229915	-0.364984	-0.213147	0.00977557	-0.274333
-4.61761	1.04767	-0.366711	0.0621229	0.00992437	-0.357863	-0.0462861	0.58022	-0.529351	0.121796	-0.367037	-0.33719	-0.393944	-0.431287	-0.226283	-0.0482815	-0.296271
-4.58884	1.0955	-0.218818	0.299398	-0.0349091	-0.374836	0.0465441	0.545747	-0.282812	0.129847	-0.20916	-0.216184	-0.455545	-0.322876	-0.121838	-0.0266051	-0.165838
-4.58084	0.99393	-0.203968	0.227234	-0.0838309	-0.340468	0.0716117	0.575011	-0.280634	0.152708	-0.234195	-0.157618	-0.499905	-0.288135	-0.183931	-0.0794163	-0.161931
-4.37794	1.33185	0.235436	0.301585	0.0962728	-0.452912	0.0336837	0.556457	-0.367745	0.133305	-0.369707	-0.310959	-0.41836	-0.343666	-0.176587	0.00428276	-0.00532867
-4.43232	1.40037	0.147576	0.337477	-0.00357033	-0.364932	0.0406767	0.377262	-0.328471	0.0420915	-0.239072	-0.300536	-0.509785	-0.315381	-0.0844065	-0.209091	0.0116361
-4.53829	1.3885	0.0968576	0.445892	-0.0952412	-0.391822	0.238216	0.263146	-0.457378	0.100219	-0.199689	-0.326115	-0.637308	-0.221381	-0.18736	-0.209685	0.00231242
-4.47192	1.29669	0.206366	0.476714	-0.0853882	-0.411598	0.160232	0.237671	-0.435059	0.02738	-0.15756	-0.287271	-0.447952	-0.230857	-0.321941	-0.129963	-0.0914077
-4.52246	1.29712	0.194173	0.727446	-0.0996375	-0.321483	0.0554979	0.39528	-0.52743	0.115528	-0.121812	-0.216888	-0.455227	-0.153069	-0.1821	-0.261345	0.0606717
-4.53989	1.13304	0.343724	0.753552	-0.0840494	-0.477098	0.325554	0.160118	-0.518745	0.20733	-0.122135	-0.145296	-0.630837	-0.10033	-0.148728	-0.224162	-0.00919198
-4.78089	1.24185	0.50854	0.622103	-0.0502183	-0.363437	0.237237	0.241453	-0.433844	-0.0265554	-0.125417	-0.0163066	-0.660682	-0.0977372	-0.273075	-0.0896822	-0.0638751
-4.79056	1.29403	0.640716	0.624733	-0.0939856	-0.472144	0.400274	0.197623	-0.468271	0.0446717	-0.027647	-0.182486	-0.473672	0.0280568	-0.505547	0.134978	-0.121055
-4.92614	1.107	0.581875	0.94308	-0.0909951	-0.318033	0.491459	-0.0996878	-0.492746	0.0472236	-0.0521184	0.00693193	-0.372827	-0.0276056	-0.379433	-0.228058	-0.016015
-4.81968	1.21519	0.400454	0.531749	0.0877434	-0.272413	0.168859	0.078298	-0.432285	0.0477338	-0.13445	-0.106819	-0.431633	-0.0912075	-0.419523	0.00648717	-0.356033
-4.9555	1.32603	0.200677	0.791056	0.0748375	-0.463501	0.324059	-0.118876	-0.424885	0.116091	-0.294447	-0.115308	-0.53461	-0.105118	-0.376288	-0.0999155	-0.273548
-5.25414	1.50299	0.706552	0.66662	0.0658845	-0.335366	0.232473	0.0695802	-0.568837	0.316036	-0.121378	-0.187883	-0.480172	0.130223	-0.389013	-0.0678092	-0.148639
-5.27634	1.42031	0.994311	0.789466	0.17198	-0.212553	0.527387	-0.023032	-0.315179	0.167571	0.0126975	0.0768576	-0.245781	0.181443	-0.48642	0.159596	0.01605
-5.36914	1.41138	0.827357	0.961998	0.466872	-0.361188	0.35533	0.315495	0.0527875	0.271456	0.159181	0.206866	-0.401171	0.132735	-0.191109	0.382994	-0.437598
-5.63926	1.71336	0.838015	0.827009	0.189476	-0.47033	0.376452	0.153424	-0.43374	0.0229528	0.072179	0.216246	-0.355504	0.0288696	-0.353008	-0.00135543	-0.148524
-5.88517	1.64961	0.742308	1.0733	0.94587	-0.413335	0.600496	0.159634	-0.314737	0.0297769	0.0779323	0.269826	-0.170235	0.245152	-0.279462	0.256882	-0.514223
-6.1466	2.05493	0.813841	1.05851	0.802007	-0.15291	0.628742	0.33862	0.191799	0.149995	0.0653371	0.0420247	-0.174751	0.252554	-0.269354	0.581847	-0.299987
-6.29976	1.77313	0.890485	1.22506	0.967387	-0.0108693	0.290771	0.0718544	-0.0814375	-0.000391573	0.125054	-0.176151	-0.139268	0.0501164	-0.293612	0.240647	-0.00256693
-6.27493	1.39024	0.919822	1.09434	0.746929	0.0623561	0.190531	0.0243938	0.053428	0.157182	0.225637	-0.124642	0.00610882	-0.175182	-0.496806	-0.078634	0.24309
-5.91067	1.23199	1.36652	1.14147	0.793432	0.381315	0.601434	0.744538	0.526765	0.175669	0.317085	0.496524	0.272335	0.184009	-0.0354286	0.322155	0.347537
-6.07563	0.409887	1.11481	0.736911	0.903479	-0.0854433	0.246767	0.424998	0.109425	0.0253306	0.0346147	0.27166	0.0573554	-0.251443	0.0235962	0.194029	0.0943165
-6.16119	-0.219685	0.654427	0.430052	0.647024	-0.0767356	0.134372	0.122071	-0.151839	-0.268168	-0.167776	0.138984	-0.237636	-0.283165	-0.0491335	0.000213939	-0.194018
-6.29641	-0.421148	0.678861	0.237093	0.51405	-0.0707379	0.164426	0.0540964	-0.152795	-0.443817	-0.0729905	0.156721	-0.212346	-0.402173	-0.216228	-0.0585896	-0.0565769
-6.16552	-0.332382	0.770378	0.138927	0.400996	-0.0873368	0.169059	0.185906	-0.135292	-0.379444	0.0534433	0.0989603	-0.235581	-0.305382	-0.115354	-0.0123032	0.123962
-6.12718	-0.336284	0.668193	0.0992584	0.434868	0.000796008	0.159214	0.287631	-0.0206165	-0.268413	0.12955	0.132587	-0.204088	-0.166415	0.0345567	-0.00860004	0.0173541
-6.14693	-0.432651	0.515838	0.122776	0.509444	0.082229	0.140647	0.379738	-0.00428305	-0.174401	0.170938	0.190244	-0.170565	-0.121609	0.0174312	0.0663329	-0.0139019
-6.08854	-0.389189	0.390363	0.0832689	0.430748	0.0176804	0.161287	0.361063	0.0114416	-0.127619	0.198698	0.24022	-0.205584	-0.133027	0.0614632	0.156758	0.0113262
-6.20015	-0.508203	0.349122	0.0468258	0.430432	-0.0244324	0.261236	0.441028	0.0821187	-0.119053	0.0969037	0.254232	-0.188212	-0.168529	0.126773	0.186339	-0.0695999
-6.34231	-0.559753	0.333948	0.0756691	0.522601	-0.138233	0.348096	0.483347	0.0182967	-0.205719	0.0401268	0.276038	-0.0814396	-0.179385	0.0557512	0.168941	-0.0865124
-6.38289	-0.629132	0.246518	-0.00376844	0.561008	-0.117362	0.242224	0.361953	-0.0893278	-0.14166	0.205037	0.320857	-0.00640404	-0.212081	0.0902831	0.144379	-0.0114874
-6.38877	-0.804447	0.280613	-0.124925	0.487255	-0.0507545	0.22706	0.28254	-0.014223	-0.198526	0.134466	0.201392	0.0972567	-0.24094	0.0705372	0.175026	0.174274
-6.33576	-0.752881	0.326266	-0.153594	0.530007	-0.109882	0.235497	0.282623	0.0734603	-0.148792	0.125668	0.1657	0.0808921	-0.1018	0.0778938	0.0899622	0.173843
-6.29772	-0.590088	0.502349	-0.165786	0.516575	-0.0583904	0.274726	0.311255	0.0322857	-0.0941448	0.137359	0.098588	0.0567577	-0.0768704	0.125389	0.141201	0.102553
-6.31978	-0.744526	0.476571	-0.1892	0.53344	0.062357	0.183844	0.38686	0.0713052	-0.0422146	0.121581	0.134278	-0.100442	-0.0770989	0.121041	0.167769	0.110446
-6.26202	-0.668535	0.460877	-0.0573199	0.664543	0.139377	0.0284501	0.395393	-0.00171225	-0.132269	0.0415882	0.163881	0.0739067	-0.0923964	-0.00985116	-0.00806944	0.0587726
-6.31528	-0.653608	0.569257	-0.00278039	0.580059	0.108251	0.059741	0.341377	0.102666	-0.0840523	0.0126063	0.102298	0.123184	-0.173541	-0.0980866	0.0321488	0.093832
-6.41021	-0.65735	0.599082	0.0411547	0.597182	0.17576	0.0803339	0.272796	-0.0564451	-0.153203	0.0506947	0.157296	0.262741	-0.029225	-0.0691188	0.120119	0.109605
-6.30536	-0.437147	0.487593	-0.0916416	0.433866	0.0883383	-0.030754	0.20552	-0.0190012	-0.132051	0.196707	0.212671	0.332531	0.128021	0.0397488	0.248806	-0.0567517
-6.07677	-0.234883	0.621435	-0.0488248	0.296149	0.0240342	0.132998	0.176655	-0.00546158	-0.110892	0.0697291	-0.0129591	0.182942	0.0634714	-0.0183038	0.237267	-0.164941
-6.0229	-0.113013	0.578031	-0.0460528	0.394818	0.188858	0.238724	0.198339	0.0731809	0.0689982	0.0691471	-0.0240054	0.0442641	-0.00393832	-0.156763	0.0945823	-0.258855
-6.10698	-0.136804	0.542044	0.0506645	0.47881	0.251596	0.198826	0.185841	0.0838203	0.0891982	0.0821788	-0.134283	-0.15992	-0.0950693	-0.0903843	-0.0270369	-0.187421
-6.15259	-0.237512	0.507393	-0.044622	0.308713	0.0715508	-0.135544	0.000699219	-0.0519713	0.00305564	0.00289705	-0.177963	-0.134853	0.0593916	-0.0582209	-0.026812	-0.0146556
-6.08421	-0.0983869	0.398288	-0.166722	0.240863	0.13594	-0.0834677	0.00894598	0.0231073	-0.0271034	-0.0310933	-0.144257	-0.00674386	0.00139103	-0.0488466	0.168071	0.0926766
-6.05527	0.074982	0.303434	-0.232567	0.499133	0.166902	0.0643391	0.178322	0.12705	0.00235822	-0.054693	-0.235833	-0.082771	-0.0790029	-0.0574213	0.198686	0.0132442
-6.1385	0.230171	0.338206	-0.176239	0.619806	0.112577	0.197048	0.249401	0.20752	0.022129	-0.192865	-0.23198	-0.130457	-0.0596415	-0.0702559	0.0585707	-0.122067
-6.09717	0.376185	0.536605	-0.0498358	0.540655	0.291624	0.253349	0.296012	0.128716	-0.0211718	-0.0795107	-0.139886	-0.162116	-0.135784	-0.173761	0.0940479	0.0254812
-6.19539	0.477393	0.643807	-0.00220264	0.560679	0.364221	0.223717	0.297133	-0.0277603	-0.110221	-0.175159	-0.0535879	-0.0455028	-0.129805	-0.14105	0.197899	0.164876
-6.43527	0.492616	0.605359	0.0408235	0.408694	0.214512	0.0214361	0.205407	0.0462269	-0.0588321	-0.128438	0.092345	0.0328536	0.0424527	-0.00444316	0.137807	0.178577
-6.73021	0.5319	0.387623	0.0243634	0.36655	0.187663	0.0928866	0.109582	0.010801	-0.030724	-0.0478251	0.12338	0.10437	0.150485	-0.053498	0.120669	0.158738
-6.88674	0.963735	0.354103	0.12483	0.400424	0.0206917	0.0270868	0.106725	0.0334268	-0.056312	-0.0942152	0.0818689	0.27097	0.176358	0.0885276	0.206631	0.166747
-7.02588	1.5031	0.295677	0.131296	0.360718	0.0294053	-0.13108	0.135719	0.190576	-0.0679368	-0.107091	-0.119351	0.285348	0.210881	-0.044196	0.0998737	0.124907
-7.14106	1.53593	0.000917607	0.136655	0.341257	0.180733	-0.104667	0.194308	0.232004	0.00704078	0.0361878	-0.0854868	0.16585	0.190514	-0.161214	0.0338353	0.0653561
-7.41087	1.47019	-0.0599927	0.161896	0.454446	0.334206	0.0126611	0.210403	0.355806	0.102872	0.0599531	-0.0126908	0.110994	0.065256	-0.124426	0.109756	0.00188127
-7.7212	1.63139	0.0869237	0.257359	0.336971	0.230064	0.0731154	0.0434546	0.451937	0.230811	-0.0602729	-0.100953	-0.0415993	0.0601001	0.00286109	0.19466	0.0234429
-8.0633	1.71763	0.187298	0.302212	0.310741	0.269629	0.0591208	0.0989263	0.439085	0.313446	-0.0671219	-0.102076	-0.0762464	0.0169902	-0.0263851	0.246959	0.137214
-8.55498	1.67085	0.181633	0.334547	0.327002	0.315822	0.0552735	0.224749	0.303153	0.177109	-0.0765785	-0.148655	0.0268019	0.0790125	0.101448	0.432452	0.224584
-8.98827	1.68468	0.424252	0.405235	0.402398	0.356178	0.0354158	0.285229	0.315877	0.16145	-0.0457802	-0.128201	0.014699	0.0234335	0.114997	0.401157	0.0604701
-9.21779	1.43941	0.591594	0.449169	0.372974	0.231986	0.153899	0.293264	0.257169	0.16016	0.0905197	0.152136	0.0953809	0.0951018	0.119621	0.19118	0.0831393
-9.53175	1.25725	0.548057	0.492451	0.405131	0.251398	0.211904	0.274914	0.227468	0.141691	0.176293	0.297562	0.0912745	0.0551212	0.163111	0.241451	0.0895507
-9.56029	1.22711	0.470474	0.472389	0.366184	0.247215	0.192831	0.227594	0.174221	0.193207	0.250171	0.266484	0.108638	0.115297	0.112107	0.257467	0.132706
-9.51038	1.27023	0.461072	0.301141	0.245156	0.244431	0.0902419	0.200637	0.0738613	0.165269	0.226918	0.278137	0.169523	0.159668	0.130878	0.203402	0.115336
-9.54286	1.32828	0.56761	0.369767	0.31939	0.309622	0.081624	0.264157	0.203563	0.195227	0.148567	0.179788	0.204038	0.160255	0.0587374	0.117356	0.133484
-9.5332	1.2012	0.602746	0.47033	0.357066	0.297042	0.0666592	0.3123	0.351506	0.347247	0.261012	0.166304	0.174502	0.130664	0.117237	0.031632	0.0153901
-9.57648	1.20239	0.552027	0.398865	0.231072	0.260136	0.0872963	0.365109	0.345484	0.280447	0.199083	0.281752	0.293499	0.178906	0.140065	0.119884	0.13005
-9.60187	1.1664	0.548829	0.419304	0.427886	0.34778	0.0403053	0.306736	0.246855	0.226996	0.201751	0.266666	0.235489	0.171986	0.0872025	0.129212	0.14872
-9.45544	1.24022	0.488094	0.427898	0.41348	0.360765	0.139406	0.286627	0.261303	0.233424	0.162217	0.13739	0.164968	0.176557	0.125201	0.140761	0.146531
-9.55133	1.32218	0.600427	0.427706	0.32695	0.34044	0.139928	0.221538	0.18514	0.201921	0.203045	0.201173	0.134141	0.168474	0.123093	0.174951	0.250809
-9.49374	1.39409	0.566225	0.436576	0.351048	0.328028	0.154632	0.260669	0.322684	0.250445	0.0781421	0.238436	0.127874	0.137905	0.0999996	0.243913	0.255531
-9.31381	1.38787	0.529433	0.411234	0.354795	0.306181	0.230971	0.341775	0.325825	0.218061	0.0841408	0.226447	0.141291	0.158163	0.155796	0.220919	0.129567
-9.38905	1.35715	0.529151	0.40361	0.358867	0.342884	0.275122	0.321488	0.304162	0.213721	0.116094	0.199449	0.19278	0.233448	0.211152	0.171566	0.100377
-9.40061	1.32134	0.524652	0.472643	0.361783	0.3442	0.362018	0.380038	0.294405	0.260419	0.19044	0.219475	0.148935	0.189545	0.16253	0.191712	0.13979
-9.18688	1.39336	0.510695	0.442817	0.386592	0.348935	0.272521	0.241867	0.247484	0.251767	0.24231	0.287295	0.220357	0.180646	0.152965	0.153779	0.17673
-9.38667	1.38435	0.526973	0.464139	0.424675	0.371037	0.271028	0.244415	0.307746	0.272085	0.183108	0.320245	0.175175	0.153267	0.230284	0.204032	0.115452
-9.33625	1.42691	0.532166	0.467533	0.423504	0.328299	0.286966	0.295731	0.244972	0.25139	0.198039	0.288268	0.155616	0.0839477	0.214739	0.157768	0.120906
-9.19867	1.40694	0.535159	0.439248	0.346314	0.290442	0.265381	0.268653	0.216592	0.279789	0.174179	0.253641	0.171924	0.13472	0.188137	0.140941	0.134085
-9.40998	1.27407	0.539854	0.493852	0.337569	0.293175	0.204461	0.231297	0.171088	0.226162	0.212915	0.286604	0.148272	0.139845	0.19022	0.180896	0.125277
-9.37838	1.26489	0.50296	0.377907	0.276306	0.31617	0.26408	0.241082	0.142201	0.201081	0.2192	0.25736	0.168793	0.110526	0.126496	0.19645	0.13227
-9.41943	1.28103	0.49833	0.367736	0.294107	0.290383	0.291868	0.252996	0.207061	0.200074	0.10624	0.154296	0.16962	0.173783	0.168987	0.154684	0.122359
-9.50548	1.27875	0.54055	0.376427	0.342492	0.411282	0.342038	0.247719	0.190356	0.153972	0.109284	0.20214	0.183392	0.187522	0.162048	0.11809	0.0917509
-9.54994	1.20899	0.4699	0.417697	0.345759	0.390104	0.228687	0.244718	0.204249	0.189892	0.208163	0.22247	0.212428	0.143854	0.16957	0.154275	0.160131
-9.5536	1.21533	0.49153	0.524114	0.405573	0.320917	0.237366	0.354397	0.298901	0.25401	0.261028	0.307408	0.230572	0.132415	0.139465	0.184755	0.283334
-9.43631	1.36234	0.441736	0.453893	0.418779	0.300461	0.193624	0.343795	0.266347	0.237069	0.172209	0.289671	0.298462	0.144085	0.0901044	0.162732	0.269462
-9.45814	1.35608	0.503808	0.459561	0.389452	0.295184	0.217408	0.336805	0.240171	0.214888	0.172429	0.230095	0.244641	0.164149	0.158066	0.0754206	0.176084
-9.6023	1.35104	0.541781	0.385322	0.519079	0.429417	0.357675	0.437941	0.254433	0.240971	0.153901	0.129925	0.0791297	0.0551633	0.0826622	-0.0187191	0.181215
-9.4802	1.30027	0.497397	0.427905	0.48309	0.349821	0.241486	0.339411	0.2444	0.303432	0.174501	0.253578	0.152186	0.0746705	0.0828086	0.0455527	0.155387
-9.36202	1.30782	0.501623	0.480172	0.392956	0.342833	0.231832	0.318917	0.22336	0.175589	0.116402	0.240995	0.172596	0.142094	0.158637	0.143732	0.158821
-9.56313	1.18502	0.531168	0.474903	0.378846	0.242337	0.139125	0.272182	0.260046	0.289219	0.256049	0.324835	0.238976	0.0890661	0.128001	0.170676	0.147344
-9.34469	1.34432	0.524557	0.435445	0.345149	0.273337	0.151854	0.262797	0.254954	0.215747	0.281075	0.300128	0.201888	0.10278	0.182518	0.172157	0.160956
-9.36852	1.37872	0.565096	0.430412	0.273409	0.25625	0.219217	0.346873	0.210781	0.175435	0.220245	0.23104	0.202124	0.132456	0.206215	0.112422	0.146416
-9.59737	1.30772	0.599288	0.419961	0.425948	0.351422	0.240735	0.364055	0.22601	0.218848	0.275817	0.217391	0.219923	0.225364	0.262273	0.112156	0.0340988
-9.36018	1.32355	0.513432	0.453798	0.382697	0.326974	0.190387	0.309764	0.250645	0.21899	0.263248	0.232837	0.170811	0.190894	0.228612	0.159446	0.131716
-9.43095	1.30704	0.53724	0.488019	0.335499	0.297452	0.224067	0.421416	0.247321	0.16589	0.21715	0.230516	0.16333	0.134263	0.123264	0.0167794	0.0964067
-9.59324	1.3359	0.577423	0.587924	0.408616	0.30302	0.258355	0.354985	0.166495	0.191905	0.258836	0.0527349	0.124772	0.172307	0.0468921	-0.0352856	0.0850634
-9.60792	1.2233	0.502381	0.534979	0.339285	0.263888	0.207893	0.205282	0.0838625	0.170748	0.175227	0.0656047	0.148504	0.138207	0.0957268	0.0273675	0.0638187
-9.69798	1.13634	0.496307	0.41893	0.299016	0.156703	0.135506	0.214393	0.112888	0.185827	0.038698	0.0760997	0.0833986	0.133916	0.151845	0.123048	0.142803
-9.56436	1.36941	0.512965	0.324105	0.38018	0.17376	0.0999123	0.157542	0.0757693	0.18361	0.104267	0.177704	0.106359	0.141134	0.157237	0.113756	0.0471879
-9.60746	1.30027	0.585896	0.374124	0.38641	0.315701	0.0899751	0.221872	0.0916581	0.129516	0.135288	0.227441	0.239703	0.125129	0.130748	0.0743845	0.0643634
-9.72717	1.27394	0.539644	0.433968	0.502163	0.524779	0.276057	0.377903	0.182731	0.217147	0.15029	0.217198	0.13754	-0.0958919	0.0717577	0.100653	0.0841806
-9.59224	1.41139	0.63093	0.470613	0.385563	0.402184	0.266545	0.346832	0.10114	0.213153	0.2284	0.288158	0.196182	-0.0183655	0.0480793	0.169174	0.0922602
-9.48941	1.29905	0.564533	0.481038	0.31533	0.330187	0.231124	0.268092	0.192206	0.239364	0.19453	0.202536	0.182849	0.163003	0.111962	0.146725	0.129239
-9.58739	1.29699	0.634565	0.591966	0.43189	0.391805	0.242407	0.298516	0.20646	0.281219	0.185288	0.173738	0.234707	0.146866	0.10879	0.0203375	0.0912345
-9.37187	1.38003	0.566589	0.523978	0.470449	0.415231	0.212095	0.346276	0.272123	0.240326	0.200154	0.174615	0.178666	0.111031	0.124975	0.0872576	0.0798423
-9.29815	1.33975	0.529376	0.465802	0.403792	0.371871	0.181776	0.298312	0.258598	0.242682	0.267005	0.199577	0.174113	0.175278	0.14926	0.157788	0.149285
-9.62421	1.22738	0.558804	0.40116	0.417952	0.41108	0.261214	0.358472	0.264987	0.235223	0.306612	0.44495	0.233711	0.122223	0.150611	0.183334	0.136602
-9.36048	1.31345	0.490797	0.445343	0.423901	0.368729	0.280318	0.350206	0.261557	0.179435	0.156823	0.306673	0.197914	0.148516	0.190107	0.177504	0.174069
-9.46488	1.35015	0.498898	0.552784	0.526089	0.477337	0.295483	0.319572	0.216537	0.182463	0.172147	0.354027	0.205442	0.0738332	0.187383	0.186006	0.0827657
-9.55157	1.38036	0.560283	0.650333	0.414195	0.431001	0.348238	0.294064	0.163619	0.202461	0.115546	0.307698	0.199737	0.075243	0.15367	0.303843	0.15461
-9.32633	1.38102	0.533331	0.458444	0.29751	0.278973	0.26949	0.290087	0.204888	0.277711	0.155224	0.239052	0.210407	0.169465	0.125916	0.214786	0.11841
-9.6045	1.41333	0.672357	0.444625	0.300848	0.282581	0.304481	0.313341	0.161239	0.221963	0.0922504	0.198717	0.157825	0.10362	0.175751	0.194691	0.055348
-9.42118	1.48175	0.551322	0.371528	0.318696	0.225316	0.229004	0.265651	0.139836	0.186372	0.149046	0.294863	0.141279	0.0550125	0.142501	0.0513233	0.034016
-9.54808	1.27533	0.416503	0.403775	0.334673	0.156842	0.165952	0.220516	0.158931	0.2257	0.206471	0.353006	0.214588	0.0894888	0.1353	0.0820638	0.0459044
-9.72953	1.17839	0.405048	0.495332	0.391002	0.147916	0.0812059	0.0833704	0.237508	0.284834	0.180489	0.272988	0.148301	0.0816607	0.04643	0.0698944	-0.0392801
-9.59619	1.30331	0.47431	0.510593	0.401284	0.252572	0.199502	0.168668	0.288353	0.224464	0.102839	0.203726	0.125989	0.120171	0.0703275	0.0876442	0.058643
-9.53462	1.3175	0.557396	0.480919	0.332683	0.243129	0.180812	0.224751	0.318921	0.2855	0.0881893	0.267624	0.199798	0.149378	0.156574	0.160333	0.0821052
-9.53836	1.35314	0.562264	0.397883	0.243584	0.200701	0.205926	0.216386	0.221951	0.274261	0.0637626	0.274613	0.160484	0.0588997	0.129318	0.172471	0.171966
-9.33231	1.39541	0.512718	0.450158	0.350622	0.243525	0.193873	0.24145	0.225119	0.181529	0.0532136	0.22377	0.172086	0.0945391	0.109526	0.173083	0.193791
-9.3327	1.43972	0.516821	0.485992	0.436462	0.309363	0.210079	0.264775	0.226806	0.184233	0.113728	0.247161	0.17259	0.168185	0.110992	0.236008	0.160371
-9.56556	1.45097	0.602066	0.561369	0.479831	0.422469	0.298498	0.266323	0.270327	0.21781	0.11617	0.310975	0.146384	0.153158	0.0877315	0.211489	0.178427
-9.2934	1.47686	0.489214	0.44066	0.374054	0.337245	0.265099	0.272791	0.247074	0.252952	0.188128	0.324228	0.180666	0.13972	0.163653	0.219312	0.262084
-9.40817	1.49598	0.460693	0.395053	0.406405	0.378229	0.21082	0.345082	0.200232	0.148318	0.174034	0.359105	0.245753	0.0985635	0.241183	0.292787	0.262874
-9.4359	1.45333	0.499498	0.455691	0.418041	0.397815	0.184793	0.392269	0.206335	0.19137	0.257275	0.337499	0.198978	0.124806	0.273198	0.228148	0.121848
-9.3046	1.41684	0.567633	0.504471	0.370788	0.294465	0.212348	0.340612	0.227366	0.260737	0.265242	0.262813	0.187951	0.182354	0.180746	0.151081	0.124389
-9.72926	1.15991	0.558765	0.544111	0.354411	0.186624	0.0480096	0.342415	0.401405	0.391811	0.42234	0.415069	0.207362	0.227587	0.32044	0.158349	0.0836731
-9.44698	1.3363	0.563082	0.523267	0.37376	0.301612	0.160173	0.275654	0.269134	0.301365	0.256071	0.283355	0.22929	0.20954	0.281017	0.194638	0.0604633
-9.52275	1.29008	0.527386	0.520434	0.441245	0.364717	0.22326	0.274361	0.212987	0.294438	0.206465	0.281985	0.229419	0.219203	0.273153	0.14128	0.111872
-9.55146	1.28639	0.487092	0.519637	0.520914	0.424684	0.182314	0.271967	0.156653	0.296579	0.133803	0.301319	0.269653	0.198982	0.179027	0.0957995	0.160651
-9.42793	1.29374	0.529187	0.502436	0.386579	0.335166	0.21319	0.310226	0.169543	0.23579	0.111591	0.287033	0.251458	0.117573	0.120715	0.146322	0.182686
-9.56009	1.23958	0.517272	0.506509	0.345452	0.272565	0.220873	0.265187	0.154238	0.269064	0.101082	0.201988	0.155397	0.0643564	0.053766	0.100528	0.142906
-8.86432	1.43065	0.408832	0.343802	0.17807	0.218507	0.210312	0.104359	0.121666	0.160459	0.150838	0.0770988	0.0232561	0.0737768	0.029159	0.0473488	0.126016
