3.662650000000000091e+03
3.662650000000000091e+03
3.662650000000000091e+03
3.662650000000000091e+03
3.662650000000000091e+03
3.662650000000000091e+03
3.662650000000000091e+03
3.662650000000000091e+03
3.662650000000000091e+03
3.662650000000000091e+03
3.662650000000000091e+03
3.662650000000000091e+03
3.662650000000000091e+03
3.662650000000000091e+03
3.662650000000000091e+03
3.662650000000000091e+03
3.662650000000000091e+03
3.662650000000000091e+03
3.662650000000000091e+03
3.662650000000000091e+03
3.662650000000000091e+03
3.662650000000000091e+03
3.662650000000000091e+03
3.662650000000000091e+03
3.662650000000000091e+03
3.662650000000000091e+03
3.662650000000000091e+03
3.662650000000000091e+03
3.662650000000000091e+03
3.662650000000000091e+03
3.662650000000000091e+03
3.662650000000000091e+03
3.662650000000000091e+03
3.662650000000000091e+03
3.662650000000000091e+03
3.662650000000000091e+03
3.662650000000000091e+03
3.662650000000000091e+03
3.662650000000000091e+03
3.662650000000000091e+03
3.662650000000000091e+03
3.662650000000000091e+03
3.662650000000000091e+03
3.662650000000000091e+03
3.662650000000000091e+03
3.662650000000000091e+03
3.662650000000000091e+03
3.662650000000000091e+03
3.662650000000000091e+03
3.662650000000000091e+03
4.078119999999999891e+03
4.078119999999999891e+03
3.662650000000000091e+03
3.453119999999999891e+03
2.665900000000000091e+03
2.665900000000000091e+03
2.665900000000000091e+03
6.343750000000000000e+03
6.343750000000000000e+03
6.343750000000000000e+03
5.807409999999999854e+03
5.538949999999999818e+03
5.516180000000000291e+03
5.516180000000000291e+03
5.807409999999999854e+03
5.516180000000000291e+03
7.527899999999999636e+03
7.527899999999999636e+03
6.220479999999999563e+03
6.220479999999999563e+03
6.220479999999999563e+03
6.186460000000000036e+03
4.562500000000000000e+03
4.562500000000000000e+03
3.646929999999999836e+03
3.646929999999999836e+03
3.758059999999999945e+03
3.758059999999999945e+03
3.758059999999999945e+03
3.758059999999999945e+03
3.234380000000000109e+03
3.234380000000000109e+03
5.234439999999999600e+03
3.984380000000000109e+03
3.984380000000000109e+03
5.782000000000000000e+03
5.782000000000000000e+03
5.124420000000000073e+03
5.124420000000000073e+03
5.782000000000000000e+03
5.863390000000000327e+03
5.124420000000000073e+03
5.863390000000000327e+03
5.863390000000000327e+03
3.986800000000000182e+03
3.075880000000000109e+03
1.938130000000000109e+03
1.938130000000000109e+03
1.938130000000000109e+03
1.565180000000000064e+03
1.547720740740740894e+03
1.530261481481481496e+03
1.512802222222222326e+03
1.495342962962962929e+03
1.477883703703703759e+03
1.460424444444444589e+03
1.442965185185185192e+03
1.425505925925926022e+03
1.408046666666666624e+03
1.390587407407407454e+03
1.373128148148148284e+03
1.355668888888888887e+03
1.338209629629629717e+03
1.320750370370370320e+03
1.303291111111111150e+03
1.285831851851851752e+03
1.268372592592592582e+03
1.250913333333333412e+03
1.233454074074074015e+03
1.215994814814814845e+03
1.198535555555555675e+03
1.181076296296296277e+03
1.163617037037037107e+03
1.146157777777777710e+03
1.128698518518518540e+03
1.111239259259259143e+03
1.093779999999999973e+03
1.097619999999999891e+03
2.407239999999999782e+03
2.460269999999999982e+03
2.802860000000000127e+03
4.851989999999999782e+03
5.300539999999999964e+03
4.851989999999999782e+03
5.300539999999999964e+03
4.851989999999999782e+03
4.276159999999999854e+03
4.002719999999999800e+03
4.002719999999999800e+03
4.002719999999999800e+03
4.036750000000000000e+03
5.075659999999999854e+03
5.075659999999999854e+03
5.075659999999999854e+03
4.036750000000000000e+03
5.300359999999999673e+03
6.365270000000000437e+03
6.375000000000000000e+03
6.375000000000000000e+03
7.125000000000000000e+03
6.375000000000000000e+03
3.687500000000000000e+03
3.406250000000000000e+03
3.406250000000000000e+03
1.175880000000000109e+03
1.175880000000000109e+03
1.147829999999999927e+03
1.138880000000000109e+03
1.138880000000000109e+03
1.190789999999999964e+03
1.190789999999999964e+03
2.490389999999999873e+03
4.010570000000000164e+03
4.079159999999999854e+03
4.620430000000000291e+03
4.079159999999999854e+03
4.010570000000000164e+03
4.079159999999999854e+03
3.907730000000000018e+03
3.127280000000000200e+03
1.985430000000000064e+03
1.912240000000000009e+03
1.468750000000000000e+03
1.468750000000000000e+03
1.306700000000000045e+03
1.306700000000000045e+03
1.304062608695652216e+03
1.301425217391304386e+03
1.298787826086956557e+03
1.296150434782608727e+03
1.293513043478260897e+03
1.290875652173913068e+03
1.288238260869565238e+03
1.285600869565217408e+03
1.282963478260869579e+03
1.280326086956521749e+03
1.277688695652173919e+03
1.275051304347826090e+03
1.272413913043478260e+03
1.269776521739130430e+03
1.267139130434782601e+03
1.264501739130434771e+03
1.261864347826086941e+03
1.259226956521739112e+03
1.256589565217391282e+03
1.253952173913043453e+03
1.251314782608695623e+03
1.248677391304347793e+03
1.246039999999999964e+03
1.246039999999999964e+03
1.469420000000000073e+03
1.829359999999999900e+03
1.938910000000000082e+03
1.829359999999999900e+03
1.829359999999999900e+03
1.829359999999999900e+03
1.924210000000000036e+03
1.924210000000000036e+03
1.924210000000000036e+03
2.492949999999999818e+03
2.921880000000000109e+03
2.921880000000000109e+03
6.484380000000000109e+03
6.538310000000000400e+03
6.818000000000000000e+03
6.538310000000000400e+03
6.538310000000000400e+03
6.238069999999999709e+03
4.192130000000000109e+03
3.203119999999999891e+03
2.785039999999999964e+03
2.012509999999999991e+03
1.491849999999999909e+03
1.186410000000000082e+03
1.186410000000000082e+03
1.186410000000000082e+03
1.035690000000000055e+03
1.037058709677419301e+03
1.038427419354838776e+03
1.039796129032258023e+03
1.041164838709677497e+03
1.042533548387096744e+03
1.043902258064516218e+03
1.045270967741935465e+03
1.046639677419354939e+03
1.048008387096774186e+03
1.049377096774193660e+03
1.050745806451612907e+03
1.052114516129032154e+03
1.053483225806451628e+03
1.054851935483870875e+03
1.056220645161290349e+03
1.057589354838709596e+03
1.058958064516129070e+03
1.060326774193548317e+03
1.061695483870967792e+03
1.063064193548387038e+03
1.064432903225806285e+03
1.065801612903225760e+03
1.067170322580645006e+03
1.068539032258064481e+03
1.069907741935483728e+03
1.071276451612903202e+03
1.072645161290322449e+03
1.074013870967741923e+03
1.075382580645161170e+03
1.076751290322580644e+03
1.078119999999999891e+03
1.102259999999999991e+03
2.790760000000000218e+03
4.021070000000000164e+03
5.293899999999999636e+03
5.534470000000000255e+03
5.533250000000000000e+03
5.534470000000000255e+03
5.533250000000000000e+03
6.230130000000000109e+03
6.230130000000000109e+03
7.341340000000000146e+03
7.793300000000000182e+03
7.793300000000000182e+03
7.793300000000000182e+03
6.887119999999999891e+03
3.394210000000000036e+03
3.394210000000000036e+03
3.394210000000000036e+03
3.394210000000000036e+03
2.428730000000000018e+03
2.428730000000000018e+03
2.428730000000000018e+03
2.428730000000000018e+03
2.428730000000000018e+03
2.428730000000000018e+03
2.428730000000000018e+03
2.428730000000000018e+03
2.428730000000000018e+03
2.428730000000000018e+03
2.428730000000000018e+03
2.428730000000000018e+03
2.428730000000000018e+03
2.428730000000000018e+03
2.428730000000000018e+03
2.428730000000000018e+03
2.428730000000000018e+03
2.428730000000000018e+03
2.428730000000000018e+03
2.428730000000000018e+03
2.428730000000000018e+03
2.428730000000000018e+03
2.428730000000000018e+03
2.428730000000000018e+03
2.428730000000000018e+03
2.428730000000000018e+03
2.428730000000000018e+03
2.428730000000000018e+03
2.428730000000000018e+03
2.428730000000000018e+03
2.428730000000000018e+03
2.428730000000000018e+03
2.428730000000000018e+03
2.428730000000000018e+03
2.428730000000000018e+03
2.428730000000000018e+03
2.428730000000000018e+03
2.428730000000000018e+03
2.428730000000000018e+03
2.428730000000000018e+03
2.428730000000000018e+03
2.428730000000000018e+03
2.428730000000000018e+03
2.428730000000000018e+03
2.428730000000000018e+03
2.428730000000000018e+03
2.428730000000000018e+03
2.428730000000000018e+03
2.428730000000000018e+03
2.428730000000000018e+03
2.428730000000000018e+03
2.428730000000000018e+03
2.428730000000000018e+03
2.428730000000000018e+03
2.428730000000000018e+03
2.428730000000000018e+03
2.428730000000000018e+03
2.428730000000000018e+03
2.428730000000000018e+03
2.428730000000000018e+03
2.428730000000000018e+03
2.428730000000000018e+03
2.428730000000000018e+03
2.428730000000000018e+03
