-8.55886	1.44206	0.499685	0.359035	0.324604	0.120142	0.18373	0.219648	0.202973	0.208087	0.160012	0.078048	0.1485	0.0823281	0.120044	0.106594	0.0167403
-8.66274	1.57745	0.432297	0.43012	0.294496	0.20901	0.163534	0.262283	0.188902	0.228419	0.173151	0.122522	0.153291	0.120123	0.123627	0.147366	0.0483403
-9.33037	1.40509	0.552316	0.483182	0.414701	0.312936	0.139132	0.365955	0.174603	0.24928	0.135023	0.240939	0.128492	0.20784	0.228475	0.222008	0.123968
-8.90475	2.0157	0.896003	0.442996	0.187956	0.205091	0.172296	0.372	0.122492	0.147033	-0.00693851	0.180213	0.0768038	0.133087	0.0968099	0.110438	0.0426176
-8.63896	2.25206	0.945944	0.332116	0.0687049	0.191162	0.217865	0.300979	0.0456238	0.122248	-0.000761409	0.105804	0.0491784	0.121824	0.0748658	0.0340046	0.00275468
-8.81062	2.17949	0.915967	0.270266	0.124095	0.183194	0.126415	0.314852	0.0554201	0.0922718	-0.0481917	0.111266	0.0621352	0.0983444	0.0335374	0.00707402	0.0133971
-9.21685	1.60886	0.681262	0.414052	0.358269	0.306278	0.125517	0.335403	0.11609	0.148073	0.102856	0.191548	0.105491	0.0401986	0.162536	0.107498	0.111691
-9.43389	1.35305	0.578924	0.451688	0.466983	0.452788	0.25244	0.352154	0.143757	0.247743	0.148263	0.197658	0.0932248	0.0623474	0.0878064	0.150932	0.148584
-9.35731	1.28901	0.560201	0.465533	0.313594	0.288795	0.207007	0.256797	0.169008	0.248921	0.179656	0.184809	0.139529	0.202331	0.170203	0.139358	0.0969293
-9.44933	1.25328	0.602569	0.618026	0.550175	0.420806	0.223824	0.300571	0.200227	0.230822	0.210761	0.229133	0.190331	0.144957	0.100221	0.0548294	0.121283
-9.20156	1.38163	0.574259	0.533628	0.488546	0.373181	0.213269	0.35316	0.201835	0.134536	0.187102	0.209831	0.186247	0.125413	0.173417	0.165965	0.13083
-9.20762	1.31567	0.589667	0.482852	0.410124	0.393072	0.204837	0.296824	0.215755	0.150941	0.268346	0.278806	0.151487	0.132919	0.180717	0.181634	0.13146
-9.48084	1.14535	0.567358	0.424048	0.415263	0.447773	0.273933	0.382557	0.269636	0.208922	0.33634	0.493771	0.187377	0.095625	0.197006	0.174564	0.165302
-9.18735	1.31052	0.522393	0.415789	0.359651	0.356944	0.263251	0.336313	0.199782	0.241526	0.201152	0.381126	0.249951	0.149369	0.197829	0.187151	0.165022
-9.41391	1.31706	0.511946	0.550235	0.531829	0.54508	0.275667	0.30761	0.0896685	0.186206	0.176878	0.401435	0.199198	0.0305694	0.154318	0.234352	0.104423
-9.3295	1.36294	0.599057	0.593117	0.377848	0.389864	0.342296	0.291733	0.241541	0.236154	0.127445	0.272823	0.240356	0.0780965	0.172699	0.269209	0.148044
-9.24974	1.39911	0.637025	0.509859	0.347908	0.234771	0.289362	0.285207	0.254284	0.258142	0.14412	0.202106	0.228334	0.150778	0.153292	0.185684	0.1062
-9.40509	1.41674	0.716088	0.546137	0.395342	0.276933	0.331802	0.358985	0.275733	0.225997	0.189125	0.281112	0.132651	0.0964324	0.0907688	0.120672	0.039609
-9.22657	1.41168	0.613561	0.502259	0.366795	0.283464	0.322266	0.372847	0.259947	0.254985	0.227772	0.423533	0.198755	0.149413	0.119155	0.0632886	0.0921899
-9.44411	1.19478	0.586861	0.535816	0.431495	0.25081	0.171344	0.317009	0.293517	0.373665	0.36852	0.507763	0.351089	0.206888	0.183882	0.14334	0.130746
-9.28725	1.35717	0.570917	0.548351	0.35919	0.279442	0.193529	0.20764	0.285521	0.367529	0.255045	0.284782	0.208881	0.217537	0.218373	0.176406	0.152621
-9.25678	1.39656	0.63158	0.555036	0.296479	0.336232	0.282067	0.267228	0.324235	0.299287	0.272228	0.149622	0.14733	0.185413	0.164338	0.183779	0.116332
-7.83039	2.02468	0.403742	-0.0494114	-0.0532749	-0.0810317	0.112667	0.398343	0.444842	0.250015	-0.0526514	7.33882e-05	-0.0702206	0.00798561	-0.0369952	0.310702	0.0690364
-6.46231	2.05134	0.177747	-0.0396698	-0.150041	-0.123068	-0.146386	0.55757	0.42086	0.342137	-0.380819	-0.0206423	-0.0748328	-0.0384367	-0.141442	0.133656	0.0582587
-5.68155	1.73972	-0.0728643	0.116199	-0.225279	-0.0501477	-0.13655	0.57061	0.424114	0.425783	-0.345266	-0.0805975	-0.10227	-0.166931	-0.156029	0.210316	0.114554
-5.13518	1.50645	-0.252459	0.0735487	-0.415714	0.0724605	0.0774046	0.477876	0.256013	0.191803	-0.371089	-0.0518248	-0.0513206	-0.298041	-0.238779	0.107933	-0.0857074
-4.49345	1.76313	-0.192732	0.273772	-0.372133	-0.00866082	-0.0450769	0.253854	0.013448	0.0179714	-0.401533	0.0202518	-0.0249793	-0.266473	-0.241669	0.050547	-0.213043
-3.76088	2.04594	-0.174851	0.275119	-0.256987	-0.119288	-0.11901	0.355211	0.119952	0.030602	-0.525111	0.0765248	-0.0984253	-0.278165	-0.217089	0.102638	-0.179489
-3.3807	1.95965	-0.285931	0.335622	-0.314092	-0.169909	-0.0958228	0.288807	0.11522	0.0408652	-0.493944	0.0579299	-0.163392	-0.313234	-0.136808	0.115921	-0.200956
-3.04783	2.17551	-0.434642	0.602217	-0.139602	0.209391	0.0563275	0.47938	0.288853	0.316559	-0.197051	0.226526	-0.0738695	-0.203151	-0.110817	0.156048	-0.093781
-2.90962	2.0653	-0.24179	0.507817	-0.185876	0.118337	-0.0685673	0.295385	0.223353	0.191261	-0.133975	0.0565802	-0.0142634	-0.132505	-0.0574262	0.197889	-0.0932871
-3.15528	2.28108	-0.0770337	0.533074	-0.0895434	0.0954406	0.0868456	0.314334	0.299521	0.28246	-0.0662521	0.11164	0.0161382	-0.127177	-0.108899	0.125182	-0.0615551
-3.4565	2.7311	-0.17497	0.599334	0.0227423	0.190211	0.0051241	0.266227	0.368933	0.270039	0.0557513	0.0401004	0.174917	-0.100794	-0.132834	0.122565	-0.0391949
-3.92386	2.84001	0.192063	0.536479	0.319839	0.386849	0.156647	0.484436	0.32721	0.465566	0.151082	0.176664	0.112475	0.104756	-0.230502	0.0380705	0.185054
-4.67137	2.89438	0.401557	0.737352	0.563126	0.547648	-0.0444154	0.17557	-0.0218375	0.0683873	-0.187572	-0.310109	0.10359	0.196062	-0.0794643	0.151988	-0.00749411
-5.03577	3.17012	0.441752	0.870316	0.628973	0.423399	-0.0014524	0.235654	-0.156219	-0.0752714	-0.0586061	-0.618791	0.112763	0.250957	-0.0659812	0.13155	0.00597063
-5.11872	3.16235	0.68039	0.719333	0.73575	0.313124	-0.21757	0.208433	-0.305755	0.0288166	-0.0438488	-0.571013	0.165934	0.150495	-0.0136462	0.086146	-0.124663
-5.16019	3.10554	0.660015	0.794063	0.801168	0.0228117	-0.0615249	0.111934	-0.438473	0.0585906	0.0806322	-0.896606	0.346403	0.180154	-0.127067	0.101846	-0.184865
-5.09897	3.27697	0.508754	0.817538	0.989354	0.0155363	-0.0988111	0.107308	-0.251948	0.0206018	0.102252	-0.673527	0.24884	0.283615	-0.248999	0.122432	-0.0102498
-4.99985	2.95473	0.671548	0.729041	0.794823	0.186369	-0.273245	0.0693312	-0.247159	-0.0978762	0.140471	-0.822121	0.298783	0.126616	-0.223008	0.140701	-0.0599732
-5.15438	3.291	0.417254	0.934247	0.773144	0.2038	-0.254671	0.200451	-0.298338	-0.00511059	0.136638	-0.742641	0.29266	0.17806	-0.232217	0.171738	-0.0447015
-5.16883	3.14278	0.29265	0.926266	0.75465	-0.0193995	-0.175149	-0.0380662	-0.227626	-0.118297	0.101914	-0.827925	0.207943	0.1121	-0.261571	0.245419	-0.237561
-5.11929	3.03788	0.330236	0.69585	0.928017	-0.0247409	-0.204873	-0.0353133	-0.269251	-0.0987872	0.0759026	-0.780584	0.101114	0.00926911	-0.126771	0.0370499	-0.0481107
-5.21414	2.82914	0.224788	0.699606	0.752943	0.0454702	-0.35327	-0.138287	-0.365427	-0.0681898	-0.119563	-0.813577	-0.0901194	-0.0562903	-0.288944	0.106967	-0.138767
-4.91908	2.62193	0.21733	0.869901	0.634177	0.419604	-0.227906	-0.0498544	-0.224782	-0.051235	-0.218292	-0.573281	-0.100252	-0.0380416	-0.156497	0.11147	0.0930729
-3.77468	2.08355	0.298559	0.821899	0.102482	0.323776	-0.123064	0.00639328	0.214466	0.404878	-0.0503762	-0.279143	-0.0155674	0.210164	-0.352029	-0.0483135	0.0484518
-3.07518	2.09471	-0.157668	0.848859	-0.00332349	0.124513	-0.230871	0.0839134	0.17517	0.151044	-0.122488	-0.121373	0.216941	-0.224132	-0.146573	0.13927	-0.0145123
-2.73021	1.81382	-0.0981528	0.818865	-0.0945422	0.104381	-0.225015	0.0959877	0.235054	0.113308	0.0287058	-0.113576	0.308774	-0.340015	-0.0695399	0.0170882	0.00122179
-2.64807	1.88713	-0.240478	0.936127	-0.259596	0.125294	-0.314246	0.19863	0.173947	0.105326	0.0864882	0.0079445	0.208064	-0.277081	-0.0775486	0.0660729	-0.0603605
-2.53779	1.79415	-0.154877	0.83165	-0.176983	-0.0113219	-0.265873	0.202242	0.130282	0.132935	0.098733	0.092906	0.184457	-0.263267	-0.0137822	0.0602712	-0.134926
-2.54161	1.79287	-0.145683	0.894683	-0.187538	-0.0614511	-0.247922	0.152311	0.155646	0.138003	0.0893626	0.107427	0.188692	-0.24961	-0.0587043	0.0956096	-0.107935
-2.58997	1.87074	-0.165407	0.97634	-0.172698	0.0400371	-0.271276	0.185763	0.19291	0.134846	0.122797	0.106271	0.228435	-0.269946	0.0219491	0.0382713	1.27382e-05
-2.68947	1.95561	-0.240839	1.095	-0.147497	0.0613481	-0.26247	0.221558	0.140334	0.140362	0.0881465	0.131967	0.209789	-0.258017	0.0381791	0.0325992	0.0420393
-2.88373	2.00316	-0.20915	1.0232	0.0134293	-0.0549922	-0.171338	0.0951818	0.138696	0.073651	0.00109718	0.0367491	0.194778	-0.233512	-0.0585383	0.161981	-0.00415744
-3.43991	2.20918	-0.282142	1.19873	-0.00214944	0.127466	0.0370506	0.0160589	0.212004	-0.0029608	-0.0365742	-0.078914	0.16911	-0.243331	0.0377628	0.073299	0.0536175
-4.80931	2.17368	0.134007	0.862296	0.377174	0.231371	-0.164158	-0.135672	0.0219062	-0.521579	-0.578609	-0.258312	-0.368997	-0.345581	0.15316	-0.0247222	0.0927846
-5.82975	2.98099	0.319943	1.2265	0.449153	0.127188	0.0279176	-0.0265717	0.0622902	0.174394	0.0898826	-0.389436	-0.0424695	-0.301925	-0.393439	-0.0639564	-0.0435162
-5.1188	2.56232	0.234755	1.40696	0.129078	0.346436	0.178474	0.207202	-0.211562	-0.00531289	0.0590315	-0.0315614	-0.0462085	-0.392933	0.037632	0.0677415	-0.0434981
-6.42052	3.40519	1.11061	1.24127	0.109255	0.0817898	0.370277	0.299739	0.259925	0.0711525	0.0101332	-0.10138	-0.0679592	-0.10603	0.0249044	0.245002	0.0466845
-6.29602	2.67884	0.751565	1.37989	-0.167821	0.633631	-0.222546	0.0103754	0.323723	0.0243437	-0.271865	-0.368751	-0.332449	-0.216806	-0.172305	0.03772	0.0929129
-6.98837	2.93225	0.796627	1.07824	0.160228	0.16395	-0.0388193	-0.244166	0.147548	0.0691075	-0.362408	-0.344193	-0.197271	-0.31014	-0.42454	-0.142015	-0.0881772
-7.37052	3.48061	0.984252	1.25916	0.334782	0.228794	0.0868031	0.155656	0.248735	0.213436	-0.0764864	-0.234154	0.0682173	-0.160766	-0.0773841	-0.0630583	0.290609
-7.61674	3.28177	1.33249	1.41829	0.475584	0.331591	0.220741	0.381215	0.366046	0.307651	-0.071329	-0.300278	0.11653	0.241121	0.189643	0.112001	0.0689891
-7.8672	3.38667	1.45606	1.36764	0.565649	0.0331897	0.0138827	0.384061	0.475061	0.12841	-0.38487	-0.0884367	-0.12757	0.133081	0.00553057	0.182912	0.0519633
-8.25517	3.57403	1.70679	1.00054	0.789733	0.41136	0.311215	0.320038	0.269647	-0.0487799	0.197658	0.256715	-0.0584806	-0.212373	0.151873	0.175138	0.305955
-7.67929	2.71301	0.221352	0.212086	0.7331	0.901175	0.660747	0.252156	0.223375	0.173117	0.12651	-0.125464	-0.0595086	-0.142361	-0.0160677	-0.269635	-0.230306
-7.80768	2.10553	0.469833	0.423521	0.407535	0.859976	0.269843	0.0462752	-0.0107939	-0.0939995	0.0197019	-0.167126	-0.0671276	-0.0581701	-0.0832106	-0.103354	-0.245984
-8.4566	1.81583	0.783007	0.779473	0.402169	0.700051	0.254304	0.232514	0.0361259	-0.0464518	0.0800067	-0.109694	-0.0489508	-0.0261883	0.0200673	0.196354	-0.0739841
-9.01058	1.69798	0.849021	0.707266	0.37634	0.443363	0.248917	0.309143	0.102852	0.0494251	0.0394166	-0.0402898	-0.0463639	-0.045609	-0.0339038	0.155492	0.0291527
-8.99018	1.51163	0.68133	0.595096	0.462011	0.486361	0.288081	0.350094	0.189272	0.180678	0.172631	0.136022	0.0463043	0.0855036	0.0682463	0.0747863	0.101465
-9.37131	1.46263	0.841177	0.628848	0.528692	0.657755	0.278296	0.37508	0.070498	0.156162	0.247039	0.203427	-0.0144338	-0.0309308	-0.0892678	-0.0383902	0.126207
-8.98326	1.57875	0.675246	0.520043	0.453017	0.451937	0.268596	0.239751	0.15326	0.220611	0.195379	0.230352	0.121329	0.0926827	0.0470476	0.053624	0.0761802
-9.07531	1.6148	0.745119	0.617403	0.489325	0.386701	0.254026	0.282088	0.236955	0.327679	0.160951	0.240235	0.172558	0.0330423	0.0642254	-0.00201859	-0.025167
-7.18372	1.64763	0.929267	0.222333	-0.247828	0.424457	0.321593	0.289467	0.10611	-0.330701	0.0663646	0.0421305	0.174642	0.096555	-0.0854403	0.121679	0.0242284
-5.40955	1.303	1.16052	0.153447	-0.531248	0.262766	0.405676	0.172824	-0.205386	-0.138418	-0.00265838	0.0709192	0.157696	0.0347144	-0.12028	0.155589	0.130183
-4.47217	1.08086	1.10865	0.30278	-0.424825	0.221387	0.401465	0.161446	-0.177344	-0.0288976	-0.118964	0.0850773	0.173152	0.0670655	-0.164571	0.143054	0.120417
-4.31746	0.677139	1.49703	0.996611	-0.274953	0.0460646	0.285596	0.309717	-0.139511	-0.148541	-0.22921	0.0422568	0.043829	-0.105426	-0.194034	0.33293	0.345187
-4.65941	0.68293	0.907733	1.06597	0.183228	0.214625	0.135766	0.156267	0.390728	-0.00608793	-0.15495	-0.0688067	-0.0562077	-0.222573	-0.361201	0.213085	0.0954969
-3.89113	2.13718	0.0413899	1.07471	0.452001	0.430716	0.288625	-0.0945326	0.112842	0.04152	-0.235686	-0.276209	-0.150195	-0.0371272	0.230388	0.209109	-0.0283168
-3.12657	2.32432	-0.066248	0.764415	-0.12507	-0.0124154	0.000649148	-0.476873	0.23555	0.04391	-0.102467	-0.225346	0.0210806	0.0493875	-0.0356357	0.166376	-0.0649258
-3.23862	2.58531	-0.262353	0.492444	-0.127699	-0.148803	-0.0897335	-0.420872	0.0680017	0.358654	-0.142426	-0.204387	-0.0916206	-0.0698468	-0.00320237	0.0187048	-0.0604902
-3.13479	2.61338	-0.380531	0.529667	-0.233011	-0.189574	-0.0273328	-0.342915	0.193965	0.177254	-0.0234933	-0.221435	-0.0254518	-0.0952647	-0.226708	0.0802368	0.0432539
-3.11014	2.74192	-0.222103	0.115494	-0.243759	-0.0827917	0.057006	-0.219841	0.068247	0.290649	0.0848279	-0.150076	-0.0836448	-0.0690002	-0.098756	-0.0209959	0.0149059
-3.12339	2.84097	-0.0425129	-0.130484	-0.334544	0.232996	-0.11037	0.0152716	0.0687019	0.25602	0.221376	-0.0572012	-0.222306	0.0612922	-0.117669	0.041107	-0.0358745
-3.03643	2.72135	0.0550062	-0.190311	-0.5485	0.311809	0.115671	-0.147754	-0.0132476	0.325422	0.292006	-0.144584	-0.163992	-0.100489	0.0397911	0.0244549	-0.0650736
-2.85202	2.72078	-0.346389	0.0841156	-0.561855	0.177102	0.200177	-0.125491	0.131641	0.267446	0.123516	-0.129536	-0.067703	-0.222386	-0.00341347	-0.0130892	0.15503
-2.73804	2.52362	-0.200785	0.0942367	-0.676801	0.330456	0.148662	0.032924	0.082129	0.302682	0.0678045	-0.0254769	-0.124876	-0.205657	-0.0748345	0.0689568	0.206753
-2.95171	2.7985	-0.225282	-0.0863755	-0.561354	0.157122	0.34496	-0.00541334	-0.0274673	0.449427	-0.115271	0.0755362	-0.146935	-0.252018	-0.0558355	-0.00423306	0.274238
-3.22259	3.14932	-0.328869	-0.288153	-0.330876	0.0415379	0.34577	0.028149	-0.0989866	0.429292	-0.0224352	-0.127894	0.0112558	-0.393766	-0.0262526	0.0614254	0.219548
-3.08478	2.93125	0.07874	-0.375276	-0.512596	0.427627	0.210095	0.134459	0.0551492	0.464552	-0.243036	0.258181	-0.113093	-0.206433	-0.171138	0.13012	0.315832
-3.03737	2.9303	-0.0150179	-0.407739	-0.406821	0.287827	0.283874	0.253428	-0.0255215	0.243009	0.0989805	0.0708111	-0.15506	-0.150304	-0.136447	-0.0886516	0.510461
-3.01578	2.84828	-0.225203	-0.136363	-0.727295	0.269131	0.327509	0.181026	-0.18551	0.413528	-0.261428	0.214566	-0.136486	-0.280919	-0.0960908	-0.0969303	0.37702
-2.94879	2.80897	-0.140434	-0.300455	-0.624402	0.369219	0.288795	0.242645	-0.148475	0.277334	-0.0839312	0.188436	-0.20551	-0.174008	-0.109941	-0.071649	0.390356
-3.02685	2.8198	0.0494478	-0.515885	-0.587097	0.452313	0.313376	0.107309	-0.138845	0.459211	-0.308556	0.280184	-0.0727295	-0.388582	-0.0293066	0.0657093	0.257517
-3.10002	2.92036	-0.168129	-0.384827	-0.603887	0.161272	0.399926	0.272123	-0.278999	0.246462	-0.121316	0.0992925	-0.0370262	-0.355737	-0.055815	-0.0872947	0.302565
-2.94718	2.85744	-0.208129	-0.257565	-0.719817	0.334096	0.530978	0.0414456	-0.0262379	0.204484	-0.164203	0.262918	-0.177073	-0.180471	-0.130638	0.019419	0.29431
-2.86759	2.90462	-0.18939	-0.155089	-0.732765	0.434075	0.488227	0.238547	-0.0653358	0.24303	0.0124032	0.140103	0.00706458	-0.245932	-0.0569958	-0.0712244	0.470636
-2.9875	2.98351	-0.417799	-0.178525	-0.70383	0.126142	0.645124	-0.00977066	-0.0268127	0.108964	-0.0505915	0.120704	-0.111188	-0.242137	-0.13203	0.0438739	0.232576
-2.82469	2.82984	-0.167182	-0.298093	-0.660659	0.356788	0.420248	0.254325	-0.157318	0.386564	-0.16447	0.1857	-0.032463	-0.336322	-0.00569502	0.0124213	0.359439
-2.83101	2.8945	-0.231497	-0.183113	-0.654118	0.332916	0.435651	0.352388	-0.142098	0.280747	-0.0196751	0.171153	-0.105917	-0.258123	-0.0465687	-0.0426421	0.535231
-2.79649	2.87181	-0.442095	-0.0461463	-0.736489	0.142551	0.59956	0.0676452	0.0539564	0.104554	-0.00811917	0.108458	-0.0640369	-0.334867	-0.053879	-0.0186329	0.445647
-2.81112	2.9765	-0.529098	-0.0581899	-0.593559	0.0515162	0.717112	-0.00117331	0.0433275	0.26024	-0.139767	0.214509	-0.149518	-0.323304	-0.0187739	-0.0557898	0.558921
-2.74028	2.83872	-0.452615	-0.0477817	-0.735768	0.217924	0.552779	0.080018	-0.00295627	0.267996	-0.107594	0.163089	-0.137993	-0.319188	-0.02144	-0.0243779	0.500929
-2.75238	2.90874	-0.626261	0.034964	-0.717171	0.17847	0.510556	0.0547097	0.0512534	0.157829	0.02653	0.04187	-0.109629	-0.341349	-0.00125933	0.0105013	0.428336
-2.76453	2.9807	-0.546387	-0.111816	-0.6272	0.215794	0.479233	0.121379	-0.0405724	0.27878	0.0386527	-0.00345808	-0.0636941	-0.363395	0.0779105	-0.0192616	0.427457
-2.71045	2.93647	-0.625814	-0.0603221	-0.6585	0.194145	0.497801	0.052958	-0.0128851	0.245715	0.0789672	-0.100622	0.0312868	-0.388342	0.0333387	0.0693488	0.326492
-2.58664	2.83281	-0.651915	0.0788425	-0.68749	0.185204	0.524272	0.0349594	0.0920632	0.157615	0.0680395	0.0102828	-0.0960571	-0.35234	0.0376708	0.0153007	0.477493
-2.44509	2.6492	-0.485348	-0.0794321	-0.559254	0.111038	0.506404	0.122781	-0.0338619	0.240555	-0.070999	0.177296	-0.276838	-0.240849	0.0038925	-0.00152405	0.540647
-2.46664	2.79634	-0.781115	0.171685	-0.838035	0.346186	0.370693	0.028866	0.0711074	0.0563525	0.159596	-0.0453727	-0.112928	-0.237629	-0.00538623	0.0475772	0.322727
-2.43196	2.78832	-0.748461	0.118916	-0.718813	0.303541	0.371032	-0.0258783	0.0617985	0.0603966	0.204965	-0.0710739	-0.108017	-0.244397	0.0348992	-0.0114471	0.363045
-2.37566	2.68518	-0.690907	0.105998	-0.677711	0.294803	0.320129	-0.0671008	0.0290451	0.0398941	0.267467	-0.0831019	-0.0731818	-0.185301	-0.0439734	0.0147301	0.256382
-2.50397	2.83713	-0.725764	0.19897	-0.639081	0.260524	0.355787	-0.178444	0.061106	0.0630239	0.17667	-0.00501167	-0.11901	-0.223312	0.0419405	0.0365922	0.275587
-2.60711	2.75307	-0.473439	0.123767	-0.506136	0.387088	0.0182922	-0.0168013	-0.0328545	-0.00459567	0.313272	-0.0562459	-0.114554	-0.16485	-0.0336761	-0.00279067	0.345134
-2.70001	2.5872	-0.219879	0.143303	-0.448676	0.370861	-0.0232703	-0.0981305	-0.0593534	0.0928986	0.291187	-0.159225	-0.0268544	-0.198808	-0.0420531	0.15923	0.171039
-2.99138	2.80133	-0.235738	0.3129	-0.366901	0.412617	-0.0260099	-0.133531	-0.0796889	0.0926737	0.312028	-0.274005	-0.00745402	-0.167274	-0.00421152	0.271022	0.12871
-3.29458	2.71385	-0.0842095	0.297103	-0.280239	0.562472	-0.190548	-0.139396	-0.166807	-0.0970644	0.372917	-0.219742	0.0639916	-0.0905315	0.00146571	0.143999	-0.110182
-3.96348	2.71318	0.0783915	0.731927	0.0804607	0.745788	-0.0459269	-0.101426	-0.383992	-0.0937318	0.314701	-0.373087	0.0959239	-0.189564	0.132488	0.298788	0.166726
-4.84705	2.84251	0.558827	0.923766	0.214936	0.458816	-0.0394184	0.15543	-0.266999	0.12332	0.350071	-0.405697	-0.210014	-0.385553	0.0148112	0.59386	0.282773
-5.5277	3.11379	0.908963	0.540854	0.485813	0.52795	-0.172508	0.0974053	-0.247545	0.27242	0.214201	-0.411835	-0.0522428	-0.219992	-0.133635	0.354375	0.0740258
-6.30012	3.83521	0.692121	0.855769	0.250616	0.345837	-0.0709609	0.308944	-0.408816	0.254781	0.271126	-0.481131	-0.00475474	0.0319786	-0.162483	0.0682828	-0.0289808
-6.73063	3.60643	1.27587	0.50877	0.455378	0.187551	-0.03212	0.317395	-0.0641321	0.147513	0.156958	-0.302912	-0.0413789	0.291018	-0.0641079	-0.337181	-0.216638
-6.83051	3.67373	1.15492	0.555028	0.626299	0.349328	0.168035	0.0815652	-0.0631591	0.374439	-0.0386675	-0.351387	0.0795703	0.0662177	-0.119248	0.0103898	0.0131503
-7.21245	3.29684	1.05081	1.11959	0.941881	0.101157	0.172522	0.0461131	-0.0810199	-0.0808874	-0.220848	-0.361296	-0.0849771	0.430106	0.038267	0.067327	-0.0370858
-7.46218	3.0076	1.5237	0.782084	0.53404	0.120411	-0.0790037	0.0986051	0.0922935	-0.219426	-0.185057	-0.281626	-0.0886771	0.036125	-0.0671266	0.242705	0.2305
-8.10983	2.18948	0.725725	0.84052	0.15207	-0.185075	-0.277772	-0.344515	-0.0315432	-0.03442	-0.18711	-0.165532	0.0458387	0.166095	0.108385	0.216121	0.0386069
-5.01354	2.08058	-0.228741	-0.750907	1.14063	0.518581	-0.179728	-0.162489	-0.0707929	0.08586	-0.290158	0.0728463	0.196126	-0.0424823	0.134111	0.0541971	-0.0796562
-4.66718	1.67019	-0.179387	-0.625551	0.945234	0.308095	-0.028332	-0.158014	-0.0748633	0.26707	-0.175681	-0.0367146	0.166579	-0.0752191	0.0989689	0.0463551	-0.0188453
-4.6507	1.25275	-0.00215091	-0.280672	0.634203	0.112893	0.143457	-0.0504551	-0.0238653	0.315787	-0.107113	-0.00809597	0.0986334	0.0154614	0.0757294	0.0261617	-0.0621296
-4.7173	0.766121	0.0448277	-0.020314	0.617289	0.0205142	0.0936228	0.0703551	0.100636	0.215312	-0.15861	0.00104441	0.00275148	0.0159502	0.0660642	0.0600158	-0.14519
-4.72148	0.348052	-0.0956309	0.093348	0.574551	-0.0593899	-0.0723108	0.016174	0.17412	0.179433	-0.114468	0.0868669	0.00325445	0.0167755	0.141342	0.0489159	-0.133308
-4.7304	0.372681	-0.0751759	0.196289	0.475539	-0.0601621	-0.0398097	-0.105991	0.246104	0.299853	0.041427	0.0530914	-0.0468674	0.156119	0.163659	0.0176044	-0.0294959
-4.82881	0.353933	-0.00525597	-0.00263593	0.3583	-0.0634305	0.201764	-0.0717864	0.208976	0.345766	0.0906971	0.0347164	0.0309507	0.175099	0.188608	-0.164789	0.0243691
-4.9913	0.164854	-0.0909291	-0.128143	0.440974	-0.121727	0.200207	-0.0157431	0.24534	0.335819	0.100365	0.199575	0.142001	0.251403	0.273527	-0.179472	-0.173686
-5.07635	0.162286	-0.0979721	-0.110227	0.507438	-0.267514	0.310738	0.0971864	0.351596	0.350876	0.0800377	0.194713	0.139881	0.239468	0.27569	-0.0934317	-0.141624
-5.32048	0.0524807	0.0530699	-0.0934439	0.543851	-0.234038	0.319428	0.219592	0.30082	0.24278	0.0521528	0.120751	0.0862979	0.239352	0.25246	0.00260736	-0.0122395
-5.51928	-0.00701329	0.243295	0.177971	0.555023	-0.0787011	0.42106	0.173467	0.315436	0.106406	-0.0471375	0.191303	0.0695801	0.21158	0.192771	-0.028478	0.0236322
-5.75312	0.0359063	0.335914	0.169754	0.398547	-0.0790638	0.410715	0.231219	0.284058	0.0228054	-0.0260528	0.247356	0.138245	0.150982	0.228642	0.0987095	0.131848
-6.13197	-0.0337072	0.387613	0.284096	0.416683	-0.0966324	0.472026	0.269546	0.230363	0.109949	0.00495033	0.169329	0.232846	0.192854	0.222798	0.250542	0.162188
-6.46847	0.0747692	0.426817	0.458901	0.465744	0.0552916	0.40872	0.261994	0.189025	0.0846318	0.0824553	0.134113	0.147826	0.169747	0.140881	0.250001	0.133212
-6.48726	0.20276	0.12403	0.59814	0.420211	0.138785	0.438345	0.188204	0.175764	0.0617144	0.0535465	0.16432	0.233519	0.132546	0.108222	0.182817	0.11201
-6.2763	0.253117	-0.0322686	0.622496	0.308726	0.132688	0.360609	0.117733	0.205194	0.034956	0.02644	0.121523	0.139757	0.135189	0.134209	0.220054	0.113038
-6.11521	0.34653	-0.0425544	0.445846	0.0722866	-0.0255371	0.17849	0.0838976	0.170943	0.00933719	-0.0411366	0.0414473	0.125935	0.107883	0.0715033	0.129622	0.0819869
-5.88007	0.584487	0.10375	0.483038	0.266575	-0.0136639	-0.0219247	0.0265582	0.123211	0.0205619	-0.0426435	0.0671027	0.185344	-0.012136	-0.116913	0.031078	0.1355
-6.33423	0.298434	0.214987	0.435296	0.303236	0.0227392	-0.426939	-0.0280038	0.24444	0.0632892	-0.175468	-0.191015	0.0350441	0.482842	-0.226063	-0.418254	-0.182296
-5.94291	1.13588	0.183563	0.396018	0.372116	-0.15211	-0.0302287	0.113648	-0.12333	0.0654054	-0.166362	-0.0399038	0.161749	-0.0677474	-0.313233	0.475066	0.0150024
-4.83131	1.38583	0.317087	0.895033	0.0367404	-0.515679	0.0330331	0.523822	-0.28489	-0.463585	-0.0722909	0.650249	-0.0287649	-0.384193	-0.0735913	0.327811	0.153033
-4.36104	2.79231	-0.000439894	1.40606	0.816368	-0.0772073	-0.0488916	-0.0448346	-0.605803	-0.0862994	-0.0258562	0.328305	-0.0780366	0.0897078	-0.0585385	0.0387739	0.23952
-3.45843	2.44354	0.283772	1.31087	0.197299	-0.0406325	-0.123505	0.264307	-0.350673	-0.36248	-0.0937959	-0.0399299	0.334395	0.15402	0.173339	0.111232	0.209802
-3.49391	2.27217	0.503213	1.01786	0.0460375	0.126245	-0.06117	0.191378	-0.269997	-0.242486	0.0689331	-0.159643	0.130925	0.179602	0.0013787	-0.0631028	-0.00307615
-3.53461	2.29418	0.521897	0.948403	0.166025	0.0126434	0.0317086	0.297808	-0.434462	-0.129379	0.0244947	-0.331044	0.295138	0.0139796	0.241759	0.111723	-0.118319
-3.51538	2.14268	0.628647	0.774672	0.2731	-0.106297	0.0808976	0.235068	-0.340699	-0.110236	0.0226795	-0.299608	0.180132	0.089091	0.161055	0.129187	-0.183043
-3.36938	1.92486	0.603983	1.06517	-0.0312114	0.100787	0.0525992	0.168601	-0.306342	-0.120548	-0.063409	-0.208643	0.124654	0.0726283	0.345066	0.00827942	-0.0335556
-3.4754	2.01435	0.678718	1.00862	-0.0320109	0.152993	0.00453039	0.192917	-0.224537	-0.266699	0.0172073	-0.18129	0.0316576	0.147108	0.303471	-0.0256297	0.0345638
-3.5251	2.16399	0.748812	0.959791	0.143136	0.13804	-0.0635493	0.390641	-0.349363	-0.38195	0.155629	-0.412228	0.0366213	0.271583	0.385584	0.150787	0.209639
-3.56754	2.32398	0.752305	1.17206	-0.00405863	0.192581	0.274828	0.0500617	-0.261082	-0.277301	-0.0637906	-0.55741	0.20507	0.214289	0.509664	0.38825	0.444769
-3.68963	2.50504	0.522082	1.26191	-0.154294	0.292362	0.118308	0.117004	-0.13686	-0.41571	0.164092	-0.492012	0.052635	0.122311	0.481242	0.347464	0.22465
-3.62759	2.29806	0.606011	1.1056	-0.117849	0.210442	0.0597413	0.0219952	0.0112746	-0.36173	0.186413	-0.471729	0.166064	-0.0153807	0.292376	0.298491	0.0367855
-3.66807	2.50648	0.381951	1.06539	0.0245521	0.140668	0.00903425	0.0397234	0.0648131	-0.41547	0.227371	-0.403422	0.129582	-0.0407402	0.171582	0.404121	-0.00804152
-3.7848	2.74125	0.33299	0.993598	0.071665	0.359733	-0.332455	0.118931	0.241334	-0.586591	0.235292	-0.313309	0.0329423	-0.0744063	0.365945	0.193374	0.224295
-3.81025	2.78205	0.241603	1.10206	-0.0189082	0.220909	-0.116277	-0.0466118	0.117103	-0.33216	0.160575	-0.425802	0.241299	-0.144344	0.170091	0.35011	0.133609
-4.00856	3.1023	0.16079	0.914677	-0.0482467	0.44131	-0.266169	-0.183139	0.193374	-0.201954	0.0900651	-0.365956	0.198179	0.00591113	0.133297	0.0280878	0.19476
-4.11447	3.15973	0.426082	0.508635	0.0445697	0.45102	-0.117762	-0.297479	0.116508	-0.240713	0.192907	-0.337357	0.211695	-0.0592316	0.102308	0.0929935	0.12605
-4.32419	3.34689	0.416998	0.678405	-0.259755	0.444455	0.062961	-0.264983	-0.000438319	-0.448742	0.378836	-0.289878	0.234709	-0.179267	0.151632	0.0912581	0.0990763
-4.74376	3.54876	0.675802	0.577298	-0.387414	0.274552	0.171803	-0.158116	-0.0820804	-0.552394	0.399141	-0.319387	0.437353	-0.063955	0.0590346	-0.143625	-0.036896
-5.04858	3.4943	0.95043	0.70048	-0.506319	0.0638773	0.0405889	0.103572	-0.00986959	-0.421491	-0.100278	-0.18992	0.494	0.193651	-0.0605266	-0.197662	-0.254579
-5.39119	3.77353	0.963022	0.852875	-0.806656	0.181927	0.261082	0.0935559	-0.136088	-0.442783	0.0685706	-0.189234	0.155767	0.00175835	-0.0120303	0.119535	-0.0880774
-5.39174	3.79768	0.90426	0.731771	-0.186287	0.070153	0.138319	0.0712788	0.235412	-0.19697	-0.00147278	-0.258676	0.0719569	-0.0879464	0.167992	0.269427	-0.0723605
-5.13632	3.6112	0.796901	0.702157	-0.078163	-0.0490583	-0.128364	0.235134	0.280382	-0.132172	0.108372	-0.431462	-0.0257996	0.17978	0.0265906	0.0264596	-0.122653
-4.97547	3.72356	0.417849	0.708762	-0.160811	0.0563629	0.105246	0.138219	0.133764	-0.0792873	0.25045	-0.451794	0.0469936	-0.0201699	-0.0268141	0.0136473	-0.0331704
-4.99194	3.67846	0.0440319	0.808268	-0.0794856	-0.0976647	0.147591	0.110441	0.12678	0.00978106	0.00576555	-0.285096	0.039508	-0.235894	0.0336505	-0.154429	-0.0370617
-4.78967	3.71953	0.0929631	0.758602	0.274208	0.00771533	0.213619	0.279723	0.225552	-0.0107751	0.233846	-0.255135	0.0672785	0.0664229	-0.261366	0.0389027	0.120072
-4.62509	3.36565	0.110596	0.707268	0.040257	-0.138895	0.139214	0.24946	0.0914222	-0.0754253	0.0891935	-0.25549	-0.0185514	-0.0958501	-0.186428	-0.0257032	-0.0476388
-4.54197	3.2432	0.167351	0.568489	-0.0878635	-0.300182	0.0391289	0.248566	0.0893583	-0.162633	-0.111089	-0.235524	-0.0381209	-0.0734687	-0.358907	-0.134642	0.0371132
-4.51027	3.27298	0.16097	0.477867	-0.219736	-0.249831	-0.0380009	0.0112699	0.238295	-0.153909	-0.0967256	-0.290292	-0.0399578	-0.10099	-0.370171	-0.19685	0.0503837
-4.35127	2.9768	0.0246816	0.623622	-0.346127	-0.475017	-0.0894099	-0.0694196	0.0970691	-0.138059	-0.0426165	-0.401973	-0.0958029	-0.152003	-0.408424	-0.291539	-0.0115923
-4.02033	2.61629	0.154227	0.567159	-0.14493	-0.308775	-0.159145	-0.13535	0.220693	-0.0826661	0.185622	-0.226068	-0.165565	-0.288324	-0.306579	-0.263688	0.0801177
-3.94059	2.67096	0.029364	0.631808	-0.23104	-0.257675	-0.137722	-0.143607	0.308671	-0.0635994	0.159781	-0.234029	-0.106718	-0.245496	-0.214214	-0.307852	0.0480652
-3.94816	2.62521	-0.0883863	0.567709	-0.436377	-0.370671	-0.253708	-0.200158	0.220031	-0.173909	0.0182286	-0.290424	-0.157212	-0.179462	-0.291931	-0.351537	-0.157728
-3.88762	2.78912	-0.0925101	0.533445	-0.441219	-0.363801	-0.175152	-0.135447	0.259145	-0.0907438	0.0352231	-0.196493	-0.067418	-0.082663	-0.225307	-0.413962	-0.153184
-3.74184	2.96098	-0.208117	0.483701	-0.468206	-0.310351	-0.103782	-0.0198809	0.337842	0.0380991	0.012266	-0.104858	-0.113123	-0.0409167	-0.126214	-0.374308	-0.128619
-3.53338	2.66677	-0.138524	0.272788	-0.457861	-0.316816	-0.0646277	0.01828	0.292051	-0.0511985	-0.0538338	-0.318331	-0.184929	-0.0576219	-0.114708	-0.220218	-0.165955
-3.44525	2.41518	-0.303001	0.202912	-0.51751	-0.361037	0.0351238	0.00457466	0.307744	-0.189377	-0.280748	-0.455909	-0.318527	-0.184076	-0.0165291	-0.280884	-0.163941
-3.43856	2.5162	-0.316558	0.139582	-0.593477	-0.279293	0.0373174	0.0811373	0.316362	-0.183515	-0.252445	-0.604873	-0.306452	-0.237773	0.0358071	-0.125903	-0.18569
-3.45397	2.5731	-0.57681	0.269431	-0.691178	-0.397089	0.0662706	-0.0143067	0.353622	-0.197373	-0.394735	-0.546626	-0.43905	-0.223807	0.00234271	-0.1075	-0.294927
-3.25317	2.3886	-0.654843	0.248016	-0.655902	-0.209631	0.101763	0.0755198	0.265825	-0.328267	-0.374416	-0.534338	-0.250409	-0.172054	0.054869	-0.213231	-0.355794
-3.19167	2.4838	-0.729408	0.265225	-0.62009	-0.161303	0.299469	-0.0140656	0.286103	-0.365992	-0.347268	-0.496159	-0.123174	-0.158923	0.153351	-0.251002	-0.325854
-3.08041	2.32187	-0.779872	0.0414554	-0.578078	-0.245454	0.334208	-0.0323111	0.173051	-0.428599	-0.475577	-0.508581	-0.175811	-0.141792	0.0589915	-0.182941	-0.475956
-3.0495	2.29227	-0.945922	0.0237934	-0.699558	-0.167399	0.339402	-0.0862003	0.090918	-0.491953	-0.484657	-0.543525	-0.114697	-0.271725	0.0320349	-0.195284	-0.552727
-3.01666	2.43064	-1.09378	0.15287	-0.738984	-0.0487405	0.362613	-0.0214619	0.0705267	-0.479951	-0.424943	-0.47785	-0.0221484	-0.35254	0.0905096	-0.209593	-0.446171
-2.90802	2.3658	-0.953498	-0.011696	-0.636521	-0.00825996	0.448691	-0.0259032	0.0552337	-0.490942	-0.299465	-0.420759	0.000933189	-0.396849	0.0895575	-0.182383	-0.370515
-2.88293	2.39087	-1.07643	0.0877613	-0.678136	-0.0119984	0.490582	-0.0328364	-0.0489551	-0.37177	-0.350924	-0.323186	-0.0347709	-0.423061	0.0242513	-0.133711	-0.336186
-2.83171	2.45096	-0.909125	0.145117	-0.556743	0.0195925	0.647581	-0.0100783	0.059485	-0.357261	-0.195378	-0.173124	-0.0413171	-0.326521	-0.0142674	-0.0313468	-0.129647
-2.73097	2.37184	-0.977035	0.130051	-0.407394	0.0772097	0.581682	-0.0847226	0.115263	-0.197834	-0.102285	-0.248893	-0.0525267	-0.324527	0.0413711	-0.00772549	-0.141136
-2.68169	2.34539	-0.937875	0.250841	-0.35506	0.130506	0.501383	-0.00156351	0.182914	-0.116766	0.00294257	-0.335114	0.027223	-0.316395	0.130366	-0.0196666	-0.0652515
-2.87837	2.60086	-0.859466	0.300105	-0.209195	0.173173	0.455789	0.129583	0.273906	0.0247393	0.058385	-0.311083	-0.00184833	-0.0828703	0.076457	-0.00891605	0.0616441
-3.0708	2.69591	-0.849537	0.308425	-0.124652	0.0936545	0.358426	0.0694623	0.356977	-0.0405178	0.0998467	-0.439849	0.0317845	-0.135058	0.0905789	-0.127904	0.105831
-3.44552	2.82691	-0.667427	0.32511	-0.102951	-0.0256358	0.401625	0.0187377	0.423946	-0.0107772	0.00539867	-0.344028	-0.102431	-0.0581681	-0.0423578	-0.173171	0.100086
-3.85309	2.80915	-0.502239	0.370754	-0.0922195	0.0755346	0.264813	0.0968768	0.550972	0.206066	-0.0868228	-0.282432	0.145936	-0.176899	-0.202949	-0.361844	0.100511
-4.01302	2.7133	1.65001e-05	0.453665	0.191182	-0.107792	0.540861	0.0549292	0.527382	0.0293155	0.4008	-0.2266	0.197436	-0.427807	0.164274	-0.2471	0.0675677
-4.65953	2.88001	0.120282	0.849967	0.145525	-0.0753196	0.273665	0.227886	0.0194731	0.281417	0.0828503	-0.301073	0.329858	-0.49597	0.226142	0.097442	-0.293722
-5.6049	2.89481	0.498412	1.2248	0.471615	0.0998733	0.116195	-0.0300011	-0.214866	-0.169192	-0.0717144	-0.687248	0.236234	-0.26585	0.0164726	0.0409548	-0.114697
-6.09737	2.62803	0.945271	1.8441	0.947227	0.0785187	0.208968	0.547598	0.0989975	0.154711	0.326102	-0.39469	0.116061	-0.0510951	-0.149747	0.252862	0.113948
-6.36355	2.12784	0.737157	1.23194	0.486762	0.187796	-0.446288	-0.08568	-0.144624	-0.260075	-0.349186	-0.460028	-0.014303	-0.0796013	-0.0135891	0.110732	-0.235689
-6.18383	1.80208	0.701491	1.0438	0.789182	0.0694916	-0.296541	0.0716501	-0.077852	-0.282588	0.0679499	-0.502321	-0.130287	-0.0929837	-0.0109687	-0.0505604	0.0332822
-5.56181	1.84238	0.351703	0.708401	0.594491	0.198405	-0.126323	0.142227	-0.225744	-0.0972789	0.149869	-0.273693	-0.261594	-0.0817617	-0.136434	-0.13525	-0.0816555
-5.54739	1.87133	0.450896	0.688487	0.587306	0.0101543	-0.277983	0.0259052	-0.0667279	-0.0952935	0.174824	-0.418894	-0.316653	-0.0433135	-0.0495022	-0.189793	-0.0159169
-5.42176	1.9685	0.379395	0.717768	0.674178	0.115913	-0.203682	0.0374195	-0.0801462	-0.128817	0.0664027	-0.463487	-0.30346	-0.00123518	0.0801271	-0.0574674	0.0369933
-5.71062	2.1005	0.143006	0.757755	0.60125	0.304298	-0.0472206	0.114585	-0.158586	-0.167563	0.0537805	-0.41245	-0.118662	0.00604051	-0.0654774	-0.0403043	0.0895092
-5.85047	1.95524	0.0555279	0.844451	0.471257	0.409047	0.0437739	0.10819	-0.244822	-0.206268	0.018657	-0.381583	-0.106513	0.122332	-0.0825803	-0.132649	-0.0295343
-5.80161	1.52408	0.00235153	0.963816	0.0860367	0.633025	-0.13902	0.0438829	-0.266474	-0.133603	-0.0750883	-0.24115	-0.0756074	0.149306	-0.0595557	-0.14661	-0.163807
-6.08767	1.14074	0.123596	0.962296	0.0179112	0.710692	-0.0218196	0.142894	-0.0773271	-0.11516	-0.150552	-0.199394	0.0448491	0.129864	-0.0211939	-0.0244067	-0.0750194
-6.41075	1.16715	0.411798	0.583271	-0.120424	0.377388	0.0187974	0.215333	-0.0100277	-0.0896041	-0.0168867	-0.110438	0.0316763	-0.0250276	-0.00870975	0.0735098	0.142503
-4.90445	0.860894	0.449778	0.0823167	-0.0566334	0.136118	0.0659714	0.245139	-0.169662	-0.136505	0.199053	0.052836	0.0297424	0.0819043	0.263263	0.292823	0.0490164
-4.04606	0.422731	0.423881	0.0394396	-0.0804773	0.0438535	0.124324	0.218823	-0.156095	-0.0529708	0.214098	0.139851	0.12259	0.173224	0.333207	0.465089	-0.0459708
-3.76582	0.137388	0.495235	0.140472	0.0675667	0.117417	0.126268	0.289168	-0.0479387	-0.0728232	0.19411	0.201944	0.20307	0.223293	0.364933	0.480902	-0.094114
-3.97732	-0.188887	0.65959	0.319008	0.084979	0.133297	0.0972088	0.326403	0.0816672	-0.0834833	0.0994411	0.298946	0.277389	0.16566	0.299301	0.35935	-0.132692
-4.30293	-0.553145	0.612867	0.583096	0.124255	0.104783	0.0264714	0.546089	0.325841	0.0855894	-0.00866746	0.192613	0.282091	0.0453765	0.0627515	0.259916	-0.0709665
-4.30132	-0.443232	0.41533	0.561108	0.113559	-0.0283935	-0.0508935	0.482271	0.20429	-0.0135187	0.0350977	0.387185	0.230056	-0.0775173	0.104415	0.248835	-0.15772
-4.42598	-0.166123	0.397811	0.559911	0.0766456	-0.144445	-0.0752392	0.376831	0.00976539	-0.0989112	0.0164379	0.292374	0.139911	-0.147017	0.0869969	0.221827	-0.195195
-4.63023	0.139185	0.211129	0.410593	-0.0532093	-0.25822	-0.0859513	0.268461	-0.185445	-0.0367857	-0.109843	0.131875	0.0821346	-0.01956	0.0350256	0.0777423	-0.355894
-4.68225	0.757988	0.0592069	0.633013	0.171139	-0.322913	-0.484449	0.298119	-0.028455	0.131258	-0.149127	-0.231619	0.0565489	0.0246505	0.215024	0.517228	0.108654
-4.86744	0.646087	-0.237498	0.642783	-0.20167	-0.181138	0.190743	0.399767	0.270621	0.222061	-0.0971526	-0.270314	-0.155989	-0.168553	0.101447	-0.0137547	-0.0304796
-5.08113	1.01725	0.526031	1.39223	0.115843	-0.244401	0.138807	0.576892	0.074755	-0.455271	-0.15723	0.102021	0.185017	-0.0240536	-0.270957	-0.383758	0.0509621
-4.44693	1.87174	0.748505	1.37981	-0.0407957	-0.175363	0.100494	0.276384	-0.00504729	-0.154128	0.0369998	-0.166242	0.165376	-0.0380422	-0.215101	-0.0435315	-0.212765
-3.68715	2.07816	0.696069	1.03207	-0.0878042	0.0844938	-0.0785188	-0.0555844	0.0533239	-0.0928969	-0.024926	0.0812958	0.253357	-0.357667	0.0266382	0.0695151	-0.120604
-3.86774	2.48387	0.292919	1.17011	-0.182128	-0.124766	-0.0249884	-0.0212999	-0.320739	-0.0974553	0.183231	-0.0485183	0.203305	-0.0796601	-0.023988	-0.00020091	-0.134582
-3.78062	2.40142	0.236151	1.33631	-0.257989	-0.119777	-0.0253272	-0.185863	-0.176969	-0.221109	0.147973	0.0697405	0.161428	-0.0645136	0.0761638	-0.104313	-0.093413
-3.77399	2.47109	0.277316	1.33456	-0.262865	-0.0172721	-0.0430707	-0.221971	-0.217	-0.136135	0.229934	-0.210083	0.288116	-0.0958648	0.0688258	-0.0818358	0.157057
-3.9222	2.67519	0.0676925	1.49763	-0.191349	-0.0502664	-0.0781786	-0.202217	-0.0975508	-0.217094	0.0774198	0.0293524	0.279149	-0.109406	0.0798439	0.0808207	-0.1043
-4.09571	2.83465	0.00764394	1.30353	0.145382	-0.245627	-0.0540085	-0.17769	-0.0132802	-0.434486	0.152921	0.011867	0.249422	-0.0097825	0.0672135	0.0444123	-0.218822
-4.30397	2.94517	-0.0211117	1.41148	0.255098	-0.152125	-0.000269018	-0.145711	0.0611519	-0.251276	-0.0681164	-0.00144289	0.264711	-0.0513486	0.0568889	0.082444	0.0450203
-4.65695	2.23526	0.249668	1.37567	0.103089	-0.0526031	-0.116568	0.0490586	0.338115	-0.0331541	-0.479223	0.131133	0.248281	-0.0806458	0.100708	-0.134689	-0.127953
-5.79555	2.63951	0.630203	1.37871	0.26908	0.31378	0.0739724	0.290036	0.240917	0.270798	-0.330008	-0.0773002	0.0178125	-0.208615	-0.195585	0.189172	0.311868
-6.98652	3.00839	1.31323	1.53318	0.384198	0.294017	0.235251	0.345046	0.379403	0.53261	0.126659	-0.0554596	0.204206	-0.403336	-0.313099	0.106387	0.255201
-7.49527	2.75687	1.20908	1.42353	0.348334	0.365896	-0.0673293	0.205956	0.493304	0.232522	-0.156722	-0.398504	-0.210978	-0.30563	-0.21994	0.132476	0.0748925
-7.38431	3.03113	1.07081	1.29788	0.418559	0.293744	-0.212421	0.148384	-0.100906	0.0767471	-0.150555	-0.327321	-0.184568	-0.0517194	-0.111904	0.24766	0.00172541
-6.17245	1.99291	-0.0206685	0.831366	0.635895	0.0938727	0.165307	0.154843	-0.0260565	0.120738	-0.0590841	-0.0733662	-0.142007	0.0338788	-0.139278	0.063749	-0.0999766
-4.16093	2.08209	-0.400144	0.440804	0.400701	-0.281234	-0.078837	0.174066	-0.201055	0.0858169	-0.0384383	0.0255165	-0.00791103	0.00352731	-0.075039	0.0151974	-0.229801
-4.53392	0.961057	-0.170943	1.17386	0.561173	0.10355	-0.271849	-0.0449533	-0.0240028	-0.109972	-0.139018	0.0219389	-0.15036	0.111149	0.299615	0.116118	-0.0853092
-4.8146	1.41304	-0.104	1.37893	1.08264	0.460849	-0.132228	0.0264233	-0.0101546	-0.056068	-0.177035	-0.165037	0.0614172	-0.126643	-0.136868	0.247972	-0.139063
-4.57947	3.07281	-0.191159	0.647208	0.647717	0.30779	0.232624	0.178117	0.0784245	0.0176774	-0.0944044	-0.0374474	-0.183943	-0.140506	-0.0226129	0.101784	0.00130265
-5.03053	3.33125	-0.390343	0.802633	0.531738	0.42693	0.246763	-0.179395	-0.109972	-0.253994	-0.191847	-0.214358	-0.287456	0.0520824	0.481408	0.143821	-0.134378
-5.14278	3.30249	-0.305039	0.4328	0.435058	0.119943	0.257729	-0.0656153	-0.509876	-0.289265	-0.279332	-0.360669	-0.253603	-0.1152	0.198919	0.141528	-0.0843886
-5.06905	3.18831	-0.408584	0.179754	0.460575	0.192007	0.0871869	0.0440927	-0.417384	-0.450829	-0.414371	-0.285241	-0.302168	-0.301729	0.241407	0.0722389	-0.0650775
-4.98425	3.26968	-0.678293	0.279354	0.351293	0.457478	0.278215	-0.0777583	-0.192829	-0.795422	-0.298122	-0.309541	-0.472111	-0.198249	0.228534	0.186294	0.00841954
-4.80363	3.47605	-0.606322	0.390758	0.185142	0.438219	0.150975	-0.0922009	-0.0338538	-0.617145	-0.190263	-0.157733	-0.258058	-0.158632	0.20609	0.110618	0.0212391
-4.53697	3.57078	-0.463724	0.410049	0.204533	0.565078	0.0657504	0.182511	-0.065907	-0.582367	0.0197393	0.0461294	-0.0380146	-0.145059	0.363746	-0.0506676	0.214781
-4.40437	3.57431	-0.464252	0.339371	0.209026	0.494382	0.0602209	0.123895	-0.02112	-0.524263	0.00826426	0.0569916	-0.0588123	-0.0925336	0.282643	-0.0339926	0.226025
-4.36176	3.5981	-0.438753	0.189307	0.295497	0.514475	0.167514	0.0568717	0.0319449	-0.623114	0.0812908	0.0218671	-0.0471077	-0.0981124	0.330198	-0.00308939	0.214285
-4.37478	3.65482	-0.512291	0.150222	0.125188	0.395975	-0.00194597	0.0415142	0.0663368	-0.642943	0.0161402	-0.0629915	-0.0331901	-0.210684	0.200484	-0.0195498	0.150166
-4.27782	3.75195	-0.379932	0.1377	0.176317	0.498886	0.0662884	0.0661679	0.053556	-0.417976	0.0980539	0.164601	-0.0711196	-0.112788	0.263527	0.00547266	0.217313
-4.46757	4.06732	-0.228922	0.0265561	0.26407	0.46501	0.0610575	0.113777	0.118873	-0.27806	0.237859	0.204236	-0.0566064	-0.11644	0.368792	-0.0447609	0.243478
-4.77122	4.09778	0.0479197	-0.0983452	0.239127	0.18756	0.242665	0.137192	-0.0451804	-0.227328	0.14692	0.340855	-0.124218	-0.175914	0.071678	0.140689	0.142339
-4.80917	3.93269	-0.0428781	0.0832656	0.317821	0.207204	0.081269	0.053623	0.253467	0.0118079	0.149164	0.181822	-0.209303	-0.185845	0.359858	-0.139014	0.240975
-5.1711	3.54742	0.0156632	0.239784	0.643869	0.436389	-0.0333129	-0.0411406	0.1127	0.0124293	0.305862	0.458768	-0.203057	-0.271544	0.139059	-0.0245342	0.011673
-5.37709	3.3355	0.00100375	0.810212	0.955005	1.11569	0.720567	0.617417	0.837797	0.665174	0.662702	0.640762	0.260132	0.0918369	0.456928	0.22477	-0.0997793
-5.14567	2.86733	-0.257175	0.250019	0.608716	0.325576	-0.038601	-0.0773907	0.238328	-0.181465	0.0802991	0.048805	-0.174922	-0.0959416	0.0708061	-0.153015	-0.154287
-4.87218	2.44463	-0.242633	0.593637	0.453435	0.315021	0.00640739	-0.0201595	0.517505	0.170703	0.0812314	-0.0776403	0.102035	-0.157074	0.404687	-0.11327	0.0149327
-5.12814	1.62204	-0.797821	0.0429152	-0.0346441	-0.0828197	-0.379253	-0.326005	0.374975	-0.173531	-0.300052	-0.327579	-0.407008	-0.510342	-0.0302918	-0.367455	-0.225613
-4.90914	1.42804	-0.583326	0.424869	0.103153	-0.154999	-0.207026	0.00395224	0.697655	0.130252	0.0292674	0.0204048	-0.130021	-0.287883	0.201647	-0.0901424	0.0886534
-4.97081	1.1315	-0.673366	0.548475	0.145214	-0.178265	-0.311724	0.09613	0.706657	0.0498201	0.03596	0.0987868	-0.180555	-0.292191	0.169999	0.044089	0.0444313
-4.92265	0.872271	-0.658786	0.643751	0.138914	-0.343269	-0.266291	0.306131	0.642306	-0.00124931	-0.046853	0.0381393	-0.16981	-0.464564	0.19881	0.0792145	0.031069
-4.96661	0.694159	-0.644655	0.63767	-0.0225965	-0.344474	-0.081736	0.431345	0.59093	0.0194267	0.0386185	0.121984	-0.0410165	-0.473889	0.255987	-0.00910389	0.110725
-4.78261	0.61897	-0.67842	0.633676	-0.000326589	-0.146567	-0.0776612	0.562473	0.724617	-0.0207894	0.068825	0.13316	-0.106911	-0.422109	0.178269	-0.155571	-0.0434386
-4.61642	0.482584	-0.849604	0.795343	0.0193193	-0.152719	-0.0315749	0.536067	0.504481	0.0111614	0.193112	0.212078	-0.0644473	-0.244015	0.379585	-0.0544168	-0.00670737
-4.47739	0.449058	-0.937623	0.687658	-0.106691	-0.16849	0.218902	0.671468	0.428419	0.0812674	0.219111	0.15137	-0.0773769	-0.0587142	0.499696	-0.0579114	-0.0310991
-4.31087	0.502696	-0.894107	0.568117	-0.31807	-0.211647	0.375149	0.861127	0.538538	0.0337598	0.0323139	0.064885	-0.101185	-0.124107	0.334816	-0.0329971	-0.022086
-4.15691	0.491061	-1.03891	0.436072	-0.326216	-0.209358	0.463456	0.794522	0.369219	-0.0404494	0.127975	0.143589	0.00697949	0.013526	0.189935	0.116116	0.0997061
-4.18172	0.267077	-1.11232	0.522375	-0.401171	-0.0848454	0.42028	0.668	0.217714	-0.00705105	0.129951	0.179838	0.0337647	0.076408	0.177137	0.122359	0.00970005
-3.99439	0.422646	-0.933137	0.56131	-0.419038	0.00789935	0.478126	0.634777	0.12311	0.0210144	0.126408	0.0860774	-0.202202	-0.0125576	0.112623	0.122551	-0.0452747
-3.89212	0.380985	-0.894081	0.38617	-0.390596	0.0145589	0.448789	0.636835	0.247904	0.00583493	0.092754	0.0423731	-0.330624	0.00703103	0.115287	0.077809	-0.00668868
-3.82253	0.150396	-0.945186	0.361452	-0.471393	-0.130937	0.335724	0.523917	0.302154	-0.0394096	-0.0689964	0.030104	-0.274184	0.0252271	0.218428	0.199976	-0.0569052
-3.70197	0.0446779	-1.04888	0.305016	-0.380343	-0.226387	0.36507	0.593693	0.325232	0.0760855	-0.00764392	0.0172873	-0.22835	0.0689744	0.312553	0.196908	-0.184618
-3.57808	-0.103231	-1.18129	0.238273	-0.313801	0.00876898	0.527011	0.703155	0.458209	0.204302	0.0760083	-0.0124107	-0.228235	-0.0763631	0.188278	0.0517351	-0.162382
-3.53935	-0.139687	-1.18087	0.200068	-0.462636	0.0695525	0.504939	0.736137	0.443687	0.140053	0.147416	0.13252	0.0227369	0.0775806	0.265603	0.00710306	-0.171215
-3.47986	-0.0673015	-1.00742	0.270053	-0.51431	0.167069	0.595698	0.560329	0.451816	0.130183	0.122129	0.0918839	0.00519541	0.0576795	0.177538	-0.0768013	-0.350856
-3.50112	-0.187335	-1.08869	0.243661	-0.479652	0.146213	0.74575	0.448395	0.365165	0.0352569	0.06008	0.084253	-0.0585957	0.0802598	0.11028	-0.0796037	-0.305192
-3.5464	-0.144729	-1.11257	0.224601	-0.359408	0.201517	0.817524	0.453516	0.373877	0.0810564	0.0962084	0.0574935	-0.135848	-0.0724071	0.0539919	-0.00204782	-0.212935
-3.54822	-0.147618	-1.00065	0.236364	-0.349685	0.20207	0.693598	0.497687	0.367561	0.0797441	0.0640988	0.0789317	-0.117163	-0.173644	0.139997	0.0868463	-0.126773
-3.60525	-0.126902	-1.03821	0.1177	-0.397878	0.295333	0.678114	0.434535	0.288285	0.0377387	-0.0551849	-0.0984541	-0.0823077	-0.0653416	0.182268	-0.0801513	-0.0971577
-3.63284	-0.2404	-1.15632	0.0812782	-0.408644	0.19809	0.449067	0.285579	0.0267047	-0.214455	-0.102051	-0.118969	-0.0913976	-0.0285388	0.130337	-0.24477	-0.211808
-3.69931	-0.25664	-1.18822	0.0346511	-0.357697	0.102194	0.410864	0.21423	-0.0595571	-0.0993515	0.144625	0.0629077	-0.0648174	0.15253	0.191722	-0.113282	-0.31632
-3.64651	-0.0600899	-1.17379	0.0860975	-0.314592	0.0364677	0.435136	0.17493	0.0135011	0.0411851	0.209571	-0.0170731	-0.143436	0.106474	0.184983	-0.00496474	-0.260601
-3.65111	-0.0209203	-1.11331	0.187877	-0.310313	0.0240608	0.419419	0.24797	0.0405581	-0.00942312	0.179188	0.0863301	-0.0436913	0.0607499	0.226729	0.0380422	-0.165865
-3.60529	0.090586	-1.16568	0.0908647	-0.262257	0.180899	0.470452	0.302437	0.163164	-0.024207	0.00384156	0.0494907	0.0323404	0.0614709	0.234277	0.112008	-0.100239
-3.56755	0.219517	-1.09838	0.116802	-0.315056	0.205024	0.581304	0.446465	0.10419	-0.0872616	0.0234126	-0.00248498	-0.0596197	0.0802628	0.283601	0.159506	-0.0434252
-3.65738	0.211622	-1.03559	0.163492	-0.305317	0.0869828	0.628873	0.475862	0.0704074	-0.125267	0.108026	-0.0161372	-0.0818707	0.168751	0.319637	0.0301619	-0.0767641
-3.57974	0.391824	-0.94311	0.298219	-0.183294	-0.0199884	0.505375	0.378956	0.19	-0.113358	0.123522	-0.0718373	0.000610446	0.0663452	0.151086	-0.024312	-0.259689
-3.57147	0.345233	-0.997666	0.309129	-0.135665	-0.0925045	0.37619	0.393654	0.304772	-0.0022208	0.0368359	-0.160345	-0.0480854	0.070131	0.123418	0.0928783	-0.123918
-3.57789	0.414558	-1.05627	0.373796	-0.0524031	-0.0623831	0.377664	0.437714	0.216762	-0.0866665	-0.0306882	-0.178897	-0.161841	0.0712986	0.0417362	0.137713	-0.0847487
-3.60445	0.474796	-1.00656	0.56434	-0.0339276	-0.0983072	0.338539	0.482265	0.0673636	-0.117939	0.0306446	0.0397544	-0.207068	0.00767778	-0.00700149	0.165492	-0.135035
-3.64155	0.549584	-0.99775	0.550622	0.0793519	-0.196416	0.329493	0.446558	0.161676	-0.0960941	-0.0412499	-0.00159605	-0.0822304	0.0781672	0.0402694	0.180167	-0.270152
-3.76681	0.688392	-0.942784	0.540519	0.119658	-0.15442	0.384127	0.36203	0.0832643	-0.136944	-0.10093	-0.151206	-0.117623	0.134236	-0.00548612	0.133739	-0.284252
-3.903	0.664594	-0.982785	0.49035	0.211799	-0.0199856	0.385779	0.289793	0.0959973	-0.0830436	-0.21699	-0.134596	-0.131042	0.169648	0.0392231	0.149486	-0.145627
-4.0809	0.758947	-1.01511	0.37234	0.117414	-0.0666419	0.338318	0.225454	0.0306324	-0.0326629	-0.120828	-0.159235	-0.14039	0.145753	-0.00547385	0.10183	0.0448998
-4.17623	0.741665	-1.03025	0.346727	0.0674714	-0.214862	0.173708	0.238952	0.0658101	0.0422826	-0.0389176	-0.0959118	-0.0656827	0.0557057	-0.0693009	0.276888	0.0123456
-4.17815	0.784198	-1.12653	0.345967	0.142997	-0.172534	0.160601	0.343432	0.114612	0.179564	-0.123365	-0.114145	-0.102056	-0.0351477	-0.15293	0.165317	-0.0294475
-4.22065	0.768314	-1.01275	0.348298	0.142761	-0.225252	0.0587141	0.415456	0.066372	0.0446274	-0.104153	-0.199725	-0.282711	-0.0596875	-0.0608527	0.153384	-0.0246761
-4.14816	1.06667	-0.62892	0.633586	0.016568	-0.454696	-0.0179656	0.27498	-0.104337	-0.106877	-0.00629278	-0.00522531	-0.266245	-0.236746	-0.152576	0.0993147	0.00747847
-3.96439	1.90024	-0.0885092	0.751669	0.249346	-0.292109	0.114805	0.541529	-0.111143	0.0285867	0.141993	0.05604	-0.208896	-0.0142688	-0.252362	0.33832	0.049167
-3.82287	2.30669	0.179991	0.899312	0.0594881	-0.176406	0.0943793	0.573305	0.183779	0.233454	0.030884	0.125173	0.102397	0.0650778	-0.0183188	-0.0419693	0.10593
-3.69272	2.42865	0.108018	0.520902	0.00836339	-0.173895	-0.2949	0.404453	0.201218	0.12325	0.0872851	0.318746	-0.246769	0.0515472	-0.255196	0.236394	-0.108184
-3.83584	2.57508	0.368509	0.602215	-0.219719	-0.161462	-0.184407	0.286426	0.149216	0.346268	0.0536182	-0.0933358	-0.0345795	0.247393	-0.237033	-0.0238345	0.05382
-3.623	2.60798	0.172464	0.695853	0.00339813	-0.376681	0.202698	0.26988	-0.0841224	0.199698	0.181574	0.156572	-0.202606	0.0325194	-0.0356674	0.111206	0.0615439
-3.7096	2.63255	-0.0319669	1.04926	0.0505824	-0.365421	0.00149442	0.410603	0.171608	-0.0436598	0.0226126	0.0440428	0.115918	-0.236411	-0.166625	0.138213	0.331057
-4.23264	2.70561	0.232541	1.10156	0.242193	0.027175	-0.143635	0.0940624	0.406247	0.192226	0.337995	0.0405686	-0.296948	-0.236102	0.072248	0.152875	0.28611
-4.42118	2.41291	0.629315	0.79074	0.284869	0.320599	0.0454409	0.0966996	0.299372	0.11341	0.195354	0.0172966	-0.0878021	-0.0497259	-0.0521642	-0.0828486	0.32361
-4.58117	2.25801	0.527406	1.3433	0.521222	0.132855	0.123322	0.252594	0.192226	0.377086	-0.00517575	-0.0958514	-0.0576987	0.199042	0.0671561	0.148511	-0.0422897
-4.8098	2.25185	0.592588	1.18489	0.577994	0.27999	0.0572874	0.111685	0.204301	0.123968	0.0784225	-0.0864553	0.0848522	-0.0721924	-0.251102	0.0848515	0.240412
-5.13444	2.32153	0.747172	1.06825	0.530509	0.270261	0.12274	0.118664	0.0369873	0.147952	0.0184047	-0.126147	-0.176563	0.0886428	-0.108023	0.0525243	0.0600741
-5.45011	1.98779	0.836294	1.10244	0.361046	0.186471	0.225461	0.0868139	-0.0510317	-0.123428	0.0145538	-0.342146	-0.125462	-0.423744	-0.385211	0.112841	0.208736
-5.44168	1.90864	0.687447	0.716536	0.458833	0.0182787	0.27012	-0.229577	-0.0211672	-0.197989	-0.195543	-0.475312	-0.182797	-0.382593	-0.465652	-0.00537266	0.00762289
-5.21802	1.69296	0.653817	1.11067	0.396807	0.0120772	0.137114	-0.0136141	0.00812239	-0.0980645	-0.217596	-0.304741	-0.173548	-0.235879	-0.38437	0.0377873	-0.0164208
-5.1388	1.55812	0.572945	0.963655	0.510379	0.177513	0.146244	-0.12742	-0.0510337	-0.0189883	-0.260316	-0.142034	-0.300247	-0.349503	-0.446488	0.114297	0.0233104
-4.94992	1.52187	0.546695	0.927596	0.428042	0.20998	-0.0570656	-0.0285649	0.0497621	-0.178196	-0.176676	-0.157178	-0.301119	-0.291954	-0.164325	-0.200212	0.0781165
-5.05055	1.26197	0.742527	0.652695	0.362017	0.122084	-0.23405	0.0419108	0.113112	-0.350581	-0.471973	-0.323673	-0.337382	-0.323318	-0.27221	-0.221702	-0.0837331
-4.91671	1.48994	0.629996	0.628864	0.171221	0.00586444	0.00251127	-0.00716079	-0.163036	-0.328895	-0.203009	-0.343152	-0.459754	-0.103225	-0.357342	-0.264766	-0.0300954
-4.59641	1.69296	0.800745	0.742237	0.55316	0.0243713	0.0998853	0.217248	0.0556627	-0.102267	-0.214387	-0.0740108	-0.170333	-0.109015	-0.0157964	0.0492585	0.0594847
-4.45524	2.17979	0.670242	0.865008	0.560532	0.347518	0.178726	0.20539	0.0792069	0.0370016	-0.0673251	-0.14973	0.0116149	0.0873014	-0.0793097	0.128427	0.311477
-4.40156	2.18767	0.730447	1.18942	0.0909299	0.206239	0.505784	0.241694	-0.140876	-0.278996	-0.160632	-0.0648681	-0.206447	-0.0183328	0.202373	0.0949193	0.243716
-4.21014	1.66299	0.30427	1.52875	-0.0425476	0.385754	0.766328	-0.00626771	-0.482334	-0.590862	-0.315044	-0.747405	-0.39783	-0.00581861	0.288411	0.370762	0.03211
-3.95229	1.84936	0.758528	1.42541	-0.0915549	0.380546	0.554778	-0.196417	-0.0871673	-0.318356	-0.142397	-0.518663	0.0558064	-0.0249769	0.201511	0.189962	0.12448
-3.82436	1.83914	0.835798	1.55768	-0.0291693	0.431571	0.647928	-0.0924726	-0.023558	-0.228932	-0.140982	-0.26045	-0.0367021	0.00362361	0.289579	0.196971	0.254128
-3.95926	1.76391	0.859407	1.51546	-0.0890253	0.615825	0.684617	-0.116641	-0.0215288	-0.293623	-0.330211	-0.347147	-0.0116437	-0.054342	0.275654	0.364713	0.161453
-3.91009	1.70044	0.804461	1.51589	-0.230083	0.468853	0.520604	-0.17883	-0.0209382	-0.359436	-0.138653	-0.431841	0.0447296	-0.0762444	0.147222	0.212717	0.0905829
-4.07263	1.67739	1.00099	1.54	-0.242623	0.431644	0.580166	-0.229069	0.176804	-0.493306	-0.106946	-0.344522	0.0369616	-0.140321	0.217867	0.14015	0.147014
-3.86553	1.62101	0.987412	1.64417	-0.224166	0.312564	0.60977	-0.164324	0.15164	-0.337392	0.0731078	-0.355949	0.11196	-0.0219559	0.158525	0.12175	0.18254
-3.91146	1.68227	0.91193	1.60083	-0.245731	0.342641	0.543118	-0.200023	0.113915	-0.242619	0.0141974	-0.384352	0.170523	-0.0169612	0.114011	0.19223	0.0391791
-4.02038	1.64071	0.969404	1.51431	-0.241451	0.253347	0.47169	-0.157401	0.087885	-0.343033	0.0439375	-0.392841	0.052972	-0.000368601	0.126631	0.0649957	0.0442152
-4.10796	1.76401	0.849409	1.62338	-0.252433	0.239621	0.492172	-0.168183	0.00433685	-0.233895	0.0580899	-0.47987	0.222123	-0.0386567	0.150871	0.126855	-0.0258381
-4.02561	1.57497	0.932369	1.60174	-0.261083	0.259392	0.501593	-0.189932	0.039325	-0.299565	0.114339	-0.441157	0.143516	-0.0413491	0.198424	0.115434	-0.0152996
-4.21955	1.7578	0.946673	1.56681	-0.32327	0.394505	0.426483	-0.237511	0.041635	-0.23853	0.100102	-0.413235	0.158734	-0.0377925	0.194383	0.148725	-0.0224339
-4.23556	1.76625	1.02143	1.6024	-0.260447	0.360359	0.562841	-0.137047	0.000536239	-0.235905	0.183077	-0.390064	0.240982	-0.0850159	0.276934	0.242234	0.0637342
-4.26261	1.83695	0.948089	1.56429	-0.187976	0.379454	0.550595	-0.188366	0.0379012	-0.198493	0.155927	-0.434659	0.288011	0.0194142	0.270168	0.0996461	0.197136
-4.27531	1.69878	0.951399	1.48614	-0.116714	0.276508	0.529163	-0.247037	0.018062	-0.261009	0.106085	-0.422219	0.211308	-0.0463477	0.145549	0.160138	0.144325
-4.42722	1.84586	1.00808	1.53731	-0.169595	0.321883	0.545091	-0.216904	0.0134841	-0.345723	0.269909	-0.505859	0.276007	0.00373628	0.233956	0.0829226	0.240984
-4.36722	1.62391	0.941089	1.52832	-0.150459	0.0791155	0.629261	-0.31765	-0.00684365	-0.425778	0.183709	-0.588963	0.170787	-0.0591269	0.0765435	0.22575	0.0481645
-4.50201	1.84536	1.08658	1.48828	-0.0835492	0.134135	0.659448	-0.262341	-0.0281058	-0.219826	0.0413506	-0.278645	0.0927483	0.0779	0.275897	0.152471	0.177488
-4.35681	1.51861	0.838461	1.54395	-0.163801	0.0715375	0.488555	-0.250821	-0.104407	-0.358328	-0.0769156	-0.481626	0.0480571	-0.045628	-0.0201008	0.220539	0.0385022
-4.21584	1.47546	0.794261	1.5726	-0.186882	0.13567	0.443703	-0.110365	-0.166638	-0.399136	0.0318073	-0.552999	0.170157	-0.0318946	0.10702	0.136127	0.0581842
-4.16643	1.32115	0.760661	1.59199	-0.137003	-0.0899879	0.544204	-0.294531	-0.0577994	-0.553938	-0.00721416	-0.598757	0.115903	-0.0665688	0.0320396	0.132556	-0.00135631
-4.18724	1.30085	0.826424	1.54619	-0.0440535	-0.187613	0.54376	-0.198253	-0.099673	-0.527393	0.0452865	-0.597089	0.0433021	0.0386557	0.0948119	0.1063	0.0207033
-4.34375	1.51348	0.653978	1.46303	-0.116644	-0.265285	0.334458	-0.145161	-0.00499448	-0.515448	0.0273793	-0.40726	0.0136092	-0.0850914	0.0222347	0.019003	0.0675482
-5.64273	2.18107	0.521481	1.21454	0.191126	-0.211586	0.211561	-0.246433	0.11639	-0.436934	-0.0307366	-0.392925	-0.0709359	-0.171427	0.0129079	0.144921	0.046737
-6.63457	2.65202	1.04234	1.41971	0.0937557	-0.245411	-0.00132908	-0.0998873	0.149249	-0.133208	-0.269994	-0.359182	-0.0909738	-0.181875	-0.132235	0.222876	-0.0675653
-7.12546	2.89142	1.10843	1.51882	0.426018	-0.110217	0.131278	-0.12008	0.00397982	-0.205243	-0.0518445	-0.247652	0.14371	-0.203109	-0.216013	0.120472	-0.0520676
-7.24479	3.05306	1.05443	1.11848	0.316076	-0.118725	-0.0655001	0.0511454	0.100445	-0.125569	-0.0632247	-0.34284	-0.145068	-0.087053	-0.201864	-0.0283804	0.217444
-8.10174	2.46968	0.990321	1.11392	0.361461	0.0722294	-0.179187	-0.0294762	-0.309726	-0.436269	-0.129295	-0.292297	-0.276856	0.0528903	-0.0576517	0.163399	0.217736
-8.15811	2.90396	1.36909	1.42031	0.87891	0.509518	0.102201	0.340142	0.473744	-0.0792617	0.0594453	-0.0121557	0.0701697	-0.116751	-0.154079	0.179259	0.0384282
-7.93054	2.87525	1.4972	1.2015	0.556682	0.235657	0.155324	0.476021	0.401674	-0.209684	-0.0123433	0.0305309	-0.205057	-0.181956	-0.159896	0.0209283	0.0447806
-8.24867	2.86693	1.53133	1.61212	0.749385	0.248295	-0.106407	-0.0451502	0.258374	0.132198	0.31196	-0.120582	-0.14882	-0.601161	0.281213	0.316233	0.0132182
-8.52131	2.28167	1.23646	1.068	0.840158	0.476617	-0.0767191	0.0839446	-0.0117826	-0.0219871	-0.128209	-0.186404	-0.381003	-0.233885	-0.212675	0.0687059	0.219724
-7.98417	1.89128	0.847582	0.746067	0.48356	0.406473	0.246817	0.172716	0.112239	0.0219895	0.0149036	-0.0163308	-0.0427108	-0.0637969	-0.0472634	-0.0247973	-0.0273573
-6.47251	1.41621	0.0742349	0.965374	-0.279079	0.232368	0.501511	0.112447	-0.120859	0.25177	0.138991	0.129307	0.0871016	-0.249348	0.00516977	0.123381	-0.0590291
-4.87902	1.14367	0.0524248	0.79257	-0.406457	0.1126	0.418341	0.0773203	-0.273827	0.141215	0.114374	0.174153	0.210208	-0.113537	0.229662	0.216388	-0.076748
-4.10956	1.02197	0.155624	0.894638	-0.358017	0.243548	0.324955	0.108734	-0.16771	-0.0147898	0.0954289	0.184726	0.15261	-0.174111	0.102401	0.177691	-0.0835599
-3.9942	0.890847	0.135483	1.00833	-0.12342	0.332693	0.128356	0.114691	0.0742158	-0.175294	-0.0233925	0.203231	0.196317	-0.208552	-0.0664187	0.121525	-0.0256449
-4.16985	1.10412	0.288977	1.24456	0.0360338	0.180709	-0.218378	-0.0653363	0.249032	-0.293478	-0.173686	0.0470521	0.114269	-0.0622838	-0.0383149	0.0647381	0.00833179
-3.99046	1.75838	0.0607347	1.02104	-0.0306668	-0.01921	-0.290708	-0.342391	0.137101	-0.129071	-0.333067	-0.153818	0.0653587	-0.0186878	-0.127641	0.0471655	0.150252
-4.00387	2.5566	-0.141923	0.944782	0.00367759	0.0596435	-0.161515	-0.362226	0.192883	0.0825027	-0.0985439	-0.275389	0.210297	-0.0660437	-0.0852259	0.00655239	0.0895168
-3.65243	2.515	-0.178158	0.752676	0.183622	-0.113711	0.0593474	-0.452256	0.45046	-0.0307593	0.134892	-0.243102	0.251996	0.0155645	-0.00293226	0.0224765	0.0986049
-3.641	2.82142	-0.315384	0.844984	-0.110084	-0.0657734	0.0122543	-0.354686	0.355563	-0.0155865	0.121705	-0.168778	0.314003	0.0638568	0.0550307	0.0203453	0.0467185
-3.18299	2.45974	-0.0856616	0.572638	-0.162231	0.00145026	0.16082	-0.425068	0.398734	0.0185893	0.320364	-0.130338	0.199284	0.0409362	0.116633	0.0874992	0.0701659
-3.11544	2.36559	-0.155338	0.358732	-0.244854	0.100833	0.142645	-0.427755	0.216903	0.106729	0.346868	-0.21375	0.0207807	0.00313012	0.0613468	0.0862502	0.0471311
-3.12084	2.30267	-0.184574	0.239007	-0.409297	0.164269	0.0495267	-0.281894	0.153873	0.0743872	0.245619	-0.225429	-0.0781161	-0.113532	0.0241977	0.0462997	0.0475102
-2.96198	2.11135	-0.0785827	0.133268	-0.365686	0.149838	0.217308	-0.164323	0.100385	0.160234	0.268078	-0.225646	-0.0832221	-0.108093	-0.026281	0.137859	0.183304
-2.94154	2.17879	-0.102196	0.0444016	-0.314515	0.234821	0.244638	-0.0168016	0.0447199	0.207795	0.214874	-0.107055	-0.122392	-0.0957481	-0.0102916	0.109731	0.303632
-2.86632	2.04836	-0.014768	-0.0565992	-0.384704	0.225283	0.363134	0.00407645	-0.000306613	0.242883	0.0644701	-0.0024192	-0.141535	-0.115424	-0.0353817	0.14176	0.25556
-2.89937	2.03935	0.0293583	-0.1095	-0.39914	0.250989	0.4628	0.0059582	0.00300799	0.282148	0.024531	0.034948	-0.138427	-0.123115	0.0850445	0.121526	0.30621
-2.87882	2.01914	0.0938107	-0.19595	-0.355341	0.222394	0.513261	-0.0137844	0.0872784	0.212038	0.00503663	0.0353861	-0.0830143	-0.0606053	0.0538006	0.118929	0.328759
-3.06228	2.16731	0.0652402	-0.170106	-0.420222	0.323321	0.422582	0.171359	-0.0449185	0.328502	-0.0744212	0.0909808	-0.237763	-0.0772638	0.113163	0.196682	0.290613
-3.01617	2.01499	0.107342	-0.236274	-0.460817	0.258933	0.450419	0.113222	0.0158877	0.199271	-0.0778539	0.10687	-0.193199	-0.091111	0.0867196	-0.0046868	0.34308
-3.0491	2.1191	0.0985782	-0.1441	-0.420628	0.311264	0.541921	0.168535	0.0508096	0.274183	-0.0110822	0.131598	-0.189397	-0.0238736	0.0956611	0.14699	0.498089
-3.0608	2.05297	0.163139	-0.20538	-0.534567	0.330627	0.589343	0.129089	-0.0184409	0.268683	-0.0750795	0.126095	-0.122301	-0.0784888	0.0801756	0.0772955	0.423264
-3.18787	2.10273	0.0726906	-0.145102	-0.604005	0.198926	0.531641	0.168779	-0.0653821	0.218537	-0.206253	0.116415	-0.0974272	-0.0909237	0.0319698	-0.054823	0.338742
-3.17247	2.10771	0.0608772	-0.205457	-0.575702	0.222437	0.587738	0.176173	-0.0785904	0.18322	-0.124145	0.0680491	-0.0603279	-0.105004	0.0257994	-0.0845757	0.411904
-3.18068	2.02623	0.0861484	-0.213819	-0.633687	0.188755	0.611392	0.114046	-0.109438	0.19176	-0.205888	0.077903	0.0104945	-0.185719	0.0567896	-0.132795	0.355911
-3.26755	2.11578	-0.0352705	-0.229731	-0.676442	0.108153	0.567808	0.157465	-0.201736	0.187868	-0.303563	0.125705	-0.0154147	-0.206141	0.0457702	-0.174521	0.250934
-3.35585	2.11582	0.0171066	-0.214843	-0.72993	0.134503	0.46586	0.193302	-0.201031	0.0734161	-0.240836	0.144058	-0.0680815	-0.158246	-0.00787678	-0.21713	0.189984
-3.37358	2.10236	0.0602053	-0.196051	-0.709666	0.100284	0.541641	0.156183	-0.156474	0.0771628	-0.264637	0.170773	0.00452476	-0.236102	0.0556886	-0.249187	0.237071
-3.55339	2.26951	0.00708837	-0.200411	-0.703499	0.0583642	0.511803	0.274118	-0.26072	0.094111	-0.245968	0.0959989	0.0376148	-0.246074	0.0208331	-0.231225	0.199811
-3.68998	2.34683	-0.0784462	-0.306483	-0.623175	0.0858043	0.512157	0.136768	-0.264283	-0.00380674	-0.246032	0.139404	-0.0781248	-0.179832	-0.0823811	-0.135213	0.0448132
-3.83724	2.43412	-0.00859991	-0.200184	-0.712936	-0.159492	0.649796	0.171864	-0.262117	0.0292809	-0.289415	0.0357042	0.145454	-0.35536	0.0631673	-0.261118	0.0557067
-3.80694	2.36923	0.114263	-0.241221	-0.758409	0.167273	0.607272	0.114296	-0.19111	0.0615341	-0.25265	0.149667	0.0206873	-0.285085	0.0828873	-0.194826	0.159605
-3.766	2.24345	0.0569938	-0.17026	-0.727765	0.0993642	0.522444	0.14568	-0.247914	0.115002	-0.300339	0.138793	0.0338879	-0.232812	0.0521516	-0.314053	0.200902
-3.77384	2.24713	0.136078	-0.176839	-0.718056	0.0910814	0.672277	0.199318	-0.18624	0.0353975	-0.224462	0.0981231	0.0863668	-0.201046	0.0364492	-0.278995	0.268155
-3.72325	2.22269	0.0706418	-0.227779	-0.689134	0.163513	0.567221	0.168531	-0.228489	0.132609	-0.270752	0.143072	-0.00584774	-0.306467	0.104524	-0.200331	0.209894
-3.83952	2.26342	-0.0449873	-0.220069	-0.66849	0.058253	0.64485	0.155107	-0.340031	0.0719651	-0.301583	0.133699	-0.00422974	-0.268003	0.0399038	-0.254498	0.117445
-3.71	2.21481	-0.100026	-0.191887	-0.559841	0.127724	0.613566	0.13007	-0.21523	0.105858	-0.279561	0.138302	0.046115	-0.272341	0.0761351	-0.264494	0.267674
-3.76177	2.23689	-0.0280306	-0.211252	-0.53286	0.117931	0.607276	0.219661	-0.225171	0.0850409	-0.304956	0.23526	-0.0142111	-0.227115	0.0527053	-0.263228	0.285388
-3.72393	2.24148	-0.0670102	-0.214809	-0.444481	0.10581	0.68966	0.19555	-0.20046	0.0841167	-0.214403	0.204484	-0.058905	-0.184102	0.067576	-0.186503	0.33004
-3.73692	2.20337	-0.118389	-0.214109	-0.465226	0.120085	0.609472	0.213676	-0.238975	0.0707069	-0.227172	0.128034	-0.0402559	-0.20819	0.0351291	-0.138113	0.177407
-3.8545	2.29825	-0.23942	-0.243537	-0.353649	0.102392	0.638055	0.154708	-0.302091	0.159537	-0.264885	0.0110565	0.0394647	-0.258226	0.0868324	-0.172901	0.137953
-3.82471	2.18296	-0.141984	-0.168825	-0.390975	0.097753	0.651016	0.201658	-0.334777	0.126124	-0.125149	0.0501727	0.050117	-0.311939	0.163523	-0.237877	0.240694
-3.88807	2.29002	-0.144981	-0.14741	-0.450953	0.153507	0.565381	0.381444	-0.3881	0.229158	-0.187211	0.193331	-0.147106	-0.163794	0.00176914	-0.0851952	0.264177
-4.13536	2.20763	-0.277462	-0.420292	-0.458848	0.0120594	0.497625	0.227999	-0.310838	0.0926222	-0.221213	0.112844	-0.160007	-0.209326	0.0245645	-0.196603	0.231083
-4.19244	2.32444	-0.235106	-0.456621	-0.288866	0.173108	0.381997	0.154549	-0.175295	0.0572284	-0.146021	0.07831	-0.216872	-0.198351	0.147443	-0.227269	0.22798
-4.26629	2.36027	-0.233768	-0.384138	-0.161879	0.117491	0.42457	0.194722	-0.163927	0.053439	-0.122753	0.0290079	-0.313482	-0.137883	0.15681	-0.202731	0.172745
-4.26776	2.24911	-0.270498	-0.33534	-0.189351	0.0700815	0.444043	0.236616	-0.139066	0.0510517	-0.117969	-0.0118175	-0.312827	-0.17646	0.131564	-0.180962	0.120793
-4.37751	2.13825	-0.268371	-0.290941	-0.154292	0.059856	0.429706	0.220579	-0.173498	0.0203651	-0.0330714	0.0104885	-0.271779	-0.251804	0.0976536	-0.214554	0.133849
-4.29467	2.06313	-0.264794	-0.303317	-0.220837	0.0177866	0.493272	0.19929	-0.216357	0.070926	0.0349606	0.0429933	-0.32895	-0.232032	0.198455	-0.144269	0.136991
-4.2138	2.07297	-0.204225	-0.245233	-0.228143	-0.0569341	0.523782	0.245136	-0.210634	0.1477	0.0477741	0.113642	-0.356197	-0.203971	0.24229	-0.180964	0.131998
-4.24253	2.10382	-0.289415	-0.275402	-0.196754	0.133337	0.418814	0.172169	-0.168316	0.185354	0.117697	0.0127208	-0.295815	-0.122086	0.119938	-0.184831	0.193025
-4.12742	2.14514	-0.304402	-0.288544	-0.268623	0.203977	0.2908	-0.0213029	-0.21434	0.10614	-0.0503682	-0.0277159	-0.242691	-0.214499	0.0724964	-0.202685	0.243487
-4.33486	2.01108	-0.355702	-0.323186	-0.318919	0.184621	0.246948	-0.0833274	-0.295309	0.0979332	-0.0292072	-0.0271645	-0.272905	-0.260019	-0.0273004	-0.205323	0.264461
-4.46356	1.97874	-0.324828	-0.40994	-0.197458	0.250987	0.226549	-0.100501	-0.229808	0.18194	0.0940971	-0.0887774	-0.203484	-0.109838	-0.14856	-0.115954	0.185538
-4.48405	2.11174	-0.278087	-0.386751	-0.293586	0.319327	0.247942	-0.122999	-0.240537	0.11839	0.0127277	-0.085342	-0.198803	-0.0285926	-0.1623	-0.105211	0.123023
-4.46968	2.09951	-0.320774	-0.243819	-0.344144	0.250561	0.172105	-0.192191	-0.282202	-0.00310744	0.0812274	-0.0950703	-0.182679	-0.17178	-0.271569	-0.0246016	-0.0906229
-4.48885	2.10333	-0.327697	-0.188522	-0.265381	0.29694	0.108526	-0.155835	-0.242554	-0.0192576	0.22556	-0.132418	-0.0658965	-0.117513	-0.224372	0.0810623	-0.174751
-4.56587	2.12286	-0.134888	-0.229069	-0.273643	0.429718	0.052524	-0.0805076	-0.283454	0.080313	0.341561	-0.147146	-0.0183296	-0.117181	-0.193582	0.160636	-0.161715
-4.59938	2.22775	0.186187	-0.0877599	-0.297343	0.361983	-0.0559225	-0.171891	-0.347218	0.101409	0.269454	-0.177298	0.0100517	-0.234614	-0.251769	0.113211	-0.116366
-4.65981	2.37307	0.312942	0.0761976	-0.297115	0.407757	-0.0258891	-0.119075	-0.377022	0.0574042	0.229486	-0.203557	-0.00523746	-0.167223	-0.1737	0.160616	-0.162988
-4.84065	2.26396	0.337928	0.203984	-0.162691	0.443342	-0.0139209	-0.0170815	-0.34069	-0.0508972	0.114519	-0.220483	0.0298587	-0.162604	-0.109754	0.174906	-0.187909
-5.12795	2.14349	0.361347	0.315175	-0.00414342	0.559769	0.0383333	0.0120373	-0.29338	-0.0169399	0.0305035	-0.345645	-0.0248279	-0.178881	-0.0896972	0.262396	-0.175117
-5.67714	2.15074	0.618048	0.383562	0.219099	0.585316	0.105087	-0.000966965	-0.29159	-0.0972785	0.047891	-0.385503	-0.0883326	-0.237054	-0.0649421	0.182379	-0.181498
-6.12176	2.05169	0.936305	0.645064	0.439299	0.395057	0.045929	0.0180561	-0.0813676	0.00785422	-0.0664057	-0.298441	-0.137646	-0.119167	0.0452593	0.0209824	-0.151368
-6.74962	2.23625	1.02931	0.765699	0.344233	0.649306	-0.208198	0.120501	-0.12245	0.057175	0.0348461	-0.254794	-0.141999	-0.0900243	-0.0335431	-0.0214326	-0.102121
-7.29884	2.08775	1.11208	0.95513	0.503499	0.63672	-0.299513	0.046886	-0.148028	0.0295154	-0.0268708	-0.286927	-0.172767	-0.175939	-0.0989455	-0.0727967	-0.0671094
-8.06434	2.26098	1.2162	0.970316	0.480825	0.443167	-0.0878169	-0.103934	-0.104858	0.0751441	0.0730469	-0.317923	-0.16663	-0.196727	-0.0954741	-0.034485	-0.0671995
-7.41515	1.8514	0.764256	0.627046	0.426229	0.29635	0.185182	0.0881854	0.00430058	-0.0368027	-0.0767664	-0.0911623	-0.101086	-0.0888812	-0.0608613	-0.0209964	0.0165822
-7.57502	1.96627	0.825351	0.11621	0.466545	0.217223	-0.0535164	-0.100452	0.122827	0.360573	-0.00895515	-0.0809947	0.025315	0.175785	0.128029	0.15613	0.0873129
-6.75116	1.56197	0.663396	-0.0778951	0.463106	0.0362613	-0.20232	-0.219914	0.058113	0.440473	-0.0168693	-0.166047	0.0652974	0.253914	0.306395	0.370706	0.0517383
-6.26158	1.34094	0.355517	0.117243	0.674652	-0.119383	-0.285428	-0.0925212	-0.0086705	0.26457	0.00348254	-0.0588649	-0.022371	0.183479	0.299394	0.306123	-0.0753431
-6.10867	0.946819	0.0890119	0.365714	0.715518	-0.0564516	-0.188093	-0.0836979	-0.0614451	0.11884	0.00489306	0.134788	-0.0320668	0.0466621	0.209711	0.181157	-0.191202
-5.81772	0.47007	-0.0566041	0.145475	0.616118	-0.031991	-0.134169	-0.140315	-0.178391	0.155588	0.00351421	0.170956	0.00893298	-0.0362593	0.280393	0.240892	0.0447533
-5.61625	0.33546	0.0499994	-0.0576262	0.550224	-0.0187773	-0.0790736	-0.0939701	-0.157189	0.228935	0.0750552	0.193274	0.181742	0.109965	0.375726	0.297449	0.229777
-5.65933	0.0515686	-0.00333313	-0.0860524	0.658232	-0.0601238	-0.16789	-0.0241887	-0.0999609	0.442389	0.196546	0.285702	0.315574	0.145211	0.387634	0.250217	0.234309
-5.67837	0.00574906	0.206325	-0.0319813	0.746072	-0.132196	0.00884633	0.020325	0.0288505	0.430271	0.146917	0.340578	0.257232	0.103013	0.268704	0.104444	0.0593571
-5.74079	0.00557458	0.334223	-0.129776	0.685892	-0.117645	0.0883917	0.0786545	0.230859	0.448245	0.139976	0.375614	0.407553	0.188797	0.293893	0.174101	0.151068
-5.87002	-0.00914716	0.343381	0.0127092	0.746164	-0.161106	0.0689713	0.165077	0.202294	0.354834	0.140272	0.408043	0.45661	0.218605	0.216325	0.228027	0.127776
-6.08527	0.0809975	0.526212	0.0207687	0.808895	-0.119776	0.0537693	0.210709	0.172299	0.295503	0.0369843	0.394584	0.417393	0.123055	0.307474	0.318482	0.0406329
-6.27298	0.00599468	0.507728	0.0839712	0.662611	-0.0512808	0.141051	0.267503	0.199458	0.306248	0.0320588	0.246828	0.276011	0.255751	0.257282	0.349778	0.0442212
-6.53278	-0.119618	0.196484	0.122331	0.633481	0.0429797	0.261151	0.472107	0.419288	0.320782	0.0915474	0.0534626	0.317503	0.382621	0.182522	0.193722	-0.030877
-6.83517	0.304763	0.222137	0.387989	0.614651	0.132761	0.199048	0.340229	0.386196	0.219779	0.0805178	0.0578008	0.282507	0.276073	0.170453	0.0781535	-0.0623701
-7.24811	0.546974	-0.0639121	0.401137	0.661927	0.214616	0.215254	0.408104	0.369826	0.116093	0.0952151	0.1562	0.293495	0.321551	0.326626	0.0835436	-0.0804264
-7.62564	1.00539	-0.204352	0.218632	0.54166	0.0428085	0.168606	0.330001	0.23635	0.0694878	0.108675	0.24856	0.246085	0.260586	0.331817	0.187664	0.0167596
-8.27252	1.32964	0.0453728	0.13369	0.424358	0.0308853	-0.0120987	0.16134	0.255226	0.0067117	0.0614591	0.276671	0.321803	0.187609	0.0940634	0.060068	0.0160077
-8.89373	1.47336	0.388769	0.3247	0.45772	0.267027	0.0451534	0.184501	0.298945	0.0947045	-0.0117711	0.319333	0.478474	0.200422	0.0256134	-0.0851257	-0.0262391
-9.16571	1.40627	0.559115	0.57775	0.462122	0.298733	0.253556	0.310793	0.289336	0.234125	0.189836	0.273593	0.247242	0.0880152	0.111313	0.0776161	0.0252501
-9.46799	1.25195	0.598213	0.630629	0.510528	0.347007	0.265254	0.270078	0.255899	0.27488	0.223943	0.329179	0.234004	0.122962	0.182518	0.198732	0.183756
-9.31772	1.23772	0.545304	0.480913	0.373322	0.348543	0.145062	0.227608	0.217508	0.195458	0.127429	0.235151	0.223364	0.148349	0.281916	0.290367	0.170699
-9.36102	1.1846	0.60772	0.521889	0.420314	0.391113	0.188146	0.293446	0.242781	0.287841	0.0923976	0.25893	0.216576	0.132151	0.256858	0.228747	0.136551
-9.55908	1.06663	0.587196	0.545819	0.528611	0.505546	0.260586	0.287819	0.227236	0.337195	0.179439	0.227627	0.242716	0.21077	0.20418	0.198243	0.258859
-9.31784	1.28565	0.571999	0.511524	0.433281	0.324731	0.251703	0.255983	0.157558	0.279358	0.216723	0.193074	0.259374	0.191532	0.17659	0.144235	0.199968
-9.57308	1.25368	0.718584	0.504289	0.445081	0.261472	0.27462	0.372241	0.0731512	0.18594	0.180996	0.246989	0.23227	0.109262	0.138626	0.1677	0.333369
-9.47146	1.33219	0.706942	0.43495	0.409141	0.399181	0.303853	0.298283	0.139263	0.18139	0.197189	0.226611	0.231084	0.12908	0.135641	0.132068	0.117466
-9.47792	1.33315	0.662782	0.388467	0.221293	0.421427	0.363553	0.300162	0.235265	0.22346	0.21167	0.169033	0.209351	0.135267	0.147173	0.177865	0.0363217
-9.36857	1.32032	0.613563	0.443171	0.284297	0.348493	0.264819	0.247302	0.241933	0.232295	0.221332	0.161331	0.199238	0.204218	0.155666	0.13539	0.135518
-9.52317	1.29163	0.638094	0.474802	0.348427	0.433716	0.422916	0.322811	0.318411	0.302187	0.202185	0.236318	0.294681	0.205036	0.0968799	0.0861747	0.18448
-9.45007	1.36705	0.604141	0.424888	0.348735	0.428128	0.383584	0.348364	0.404202	0.257601	0.164325	0.209603	0.265411	0.231276	0.134582	0.121779	0.143146
-9.24276	1.3831	0.486212	0.39275	0.337145	0.306375	0.243534	0.229612	0.345534	0.313122	0.181981	0.211635	0.152606	0.253827	0.25392	0.219166	0.166139
-9.29865	1.33628	0.57187	0.479236	0.405507	0.296178	0.28153	0.223759	0.175633	0.281362	0.150429	0.242316	0.139781	0.20241	0.230563	0.182293	0.134449
-9.18003	1.38749	0.594101	0.439155	0.343321	0.281209	0.275482	0.211022	0.156899	0.217385	0.150337	0.230376	0.149584	0.166954	0.185462	0.179475	0.129837
-9.18369	1.38578	0.561848	0.411889	0.349399	0.351578	0.285886	0.242825	0.190575	0.139896	0.115176	0.210082	0.168804	0.177073	0.181735	0.147584	0.103442
-9.30477	1.27048	0.498733	0.382674	0.335771	0.416152	0.339338	0.229369	0.211199	0.221821	0.183028	0.18675	0.129228	0.135433	0.156082	0.211731	0.130606
-9.33431	1.30117	0.564703	0.446883	0.320535	0.4417	0.370038	0.294212	0.159942	0.213249	0.132784	0.187304	0.201961	0.192043	0.162473	0.261796	0.158687
-9.21831	1.387	0.576919	0.418241	0.289257	0.391838	0.31402	0.243705	0.122824	0.188312	0.144294	0.181736	0.177115	0.204088	0.134979	0.166039	0.066278
-9.22951	1.40112	0.588932	0.441514	0.267586	0.406032	0.310616	0.191694	0.121766	0.258765	0.160676	0.167452	0.132501	0.0973278	0.134188	0.130497	-0.00800819
-9.23046	1.45034	0.628232	0.429129	0.24162	0.334308	0.222797	0.205796	0.0769027	0.176819	0.0893925	0.164992	0.143257	0.138412	0.0524478	-0.0211349	0.0210894
