-7.43055	1.69725	0.16698	0.520772	0.0969415	0.304367	0.0224473	0.205441	0.0163531	0.159061	0.0108774	0.144316	-0.02987	0.104125	-0.0350306	0.0895658	-0.0189225
-7.66116	1.68955	0.228165	0.519175	0.150624	0.306444	0.0735784	0.208381	0.0636969	0.163506	0.0563131	0.147972	0.0126204	0.103732	0.00429987	0.0894986	0.0167659
-8.93937	1.59343	0.405843	0.492846	0.314065	0.31747	0.182569	0.235065	0.175394	0.188029	0.167122	0.189482	0.116328	0.0956243	0.128597	0.118962	0.090532
-9.36746	1.31499	0.393142	0.438437	0.38705	0.371649	0.248624	0.272479	0.184476	0.251605	0.251218	0.276529	0.188437	0.173229	0.215489	0.199826	0.165436
-9.4974	1.22867	0.389262	0.369286	0.336573	0.280247	0.240041	0.269418	0.171276	0.269688	0.306921	0.380566	0.259858	0.165759	0.207251	0.230531	0.232932
-9.44478	1.2033	0.432379	0.391915	0.314989	0.248822	0.186837	0.141131	0.156363	0.207274	0.240302	0.344455	0.249042	0.187696	0.152162	0.158564	0.203841
-9.45414	1.20177	0.453016	0.391637	0.357734	0.345749	0.166033	0.16542	0.15436	0.22393	0.188917	0.250552	0.273019	0.186943	0.145267	0.0999911	0.161021
-9.47662	1.29705	0.5814	0.427022	0.376096	0.35544	0.136057	0.232107	0.192622	0.204063	0.160446	0.241547	0.332276	0.336644	0.282314	0.151074	0.0594613
-9.40308	1.39753	0.490737	0.42599	0.377141	0.342749	0.173637	0.314077	0.165807	0.0953497	0.143936	0.221141	0.217275	0.267468	0.24481	0.0978429	0.110255
-9.48133	1.35404	0.484003	0.521403	0.470103	0.385446	0.202416	0.39946	0.280377	0.130336	0.155313	0.166814	0.175334	0.170501	0.251793	0.154749	0.0915668
-9.50668	1.31337	0.519954	0.536434	0.4274	0.256119	0.175123	0.322875	0.198508	0.156171	0.139476	0.267761	0.297143	0.238505	0.256043	0.283492	0.13305
-9.44392	1.29125	0.528702	0.50493	0.381724	0.196151	0.184371	0.307525	0.183915	0.142202	0.128603	0.220744	0.142474	0.191831	0.258862	0.226149	0.0593147
-9.50526	1.214	0.356178	0.41889	0.308315	0.192365	0.0685004	0.172481	0.17192	0.149878	0.100247	0.16198	0.0847977	0.176516	0.154762	0.136067	0.115449
-9.36952	1.24602	0.441722	0.435212	0.319048	0.361034	0.218119	0.13152	0.147222	0.187428	0.0462085	0.250795	0.107781	0.136118	0.162839	0.166837	0.122835
-9.39249	1.21053	0.494535	0.513029	0.375141	0.355089	0.250858	0.238754	0.14352	0.242525	0.145391	0.366569	0.156094	0.101416	0.103508	0.240308	0.213382
-9.36351	1.20983	0.507145	0.476543	0.385065	0.431894	0.246506	0.346853	0.208589	0.24551	0.169872	0.211439	0.232479	0.199738	0.153524	0.163375	0.122715
-9.28913	1.2803	0.5081	0.42986	0.356768	0.415879	0.241508	0.260543	0.248786	0.348063	0.191681	0.276155	0.241533	0.25278	0.212063	0.146892	0.0817696
-9.46558	1.15019	0.493358	0.47323	0.521648	0.48955	0.321226	0.325813	0.438836	0.421453	0.167204	0.346487	0.14907	0.090716	0.0728094	0.130133	0.0343138
-9.21597	1.30086	0.55931	0.534447	0.389165	0.316734	0.203021	0.246466	0.341749	0.332203	0.210948	0.256846	0.136067	0.160565	0.152883	0.178775	0.0526227
-9.25635	1.31922	0.467524	0.414766	0.392445	0.310173	0.23846	0.272828	0.260825	0.216156	0.216986	0.279865	0.138821	0.137549	0.112862	0.133523	0.144189
-9.30598	1.29883	0.484926	0.417785	0.453646	0.3793	0.286547	0.311369	0.276859	0.189301	0.31961	0.331615	0.171642	0.148611	0.0718073	0.0945204	0.141208
-9.10204	1.34005	0.462243	0.517138	0.309355	0.257864	0.252586	0.310836	0.134969	0.171847	0.316383	0.180005	0.161514	0.170233	0.114618	0.116747	0.107077
-8.86019	1.28335	0.320278	0.720922	0.210878	0.158671	0.0824095	0.300235	0.0652518	0.178232	0.168974	-0.0234867	0.230509	0.125331	0.0137716	0.0810153	0.0614112
-8.47974	1.26663	0.115191	0.773551	0.138862	0.161705	-0.113607	0.114302	0.216864	0.375182	0.0801079	-0.105144	0.237314	0.0717616	-0.0792265	0.0868312	0.0686106
-7.75931	1.34182	0.257011	0.441897	0.0572829	0.247599	-0.128508	0.127196	-0.011852	0.353089	-0.0154139	0.0258134	0.214411	0.157983	-0.0975066	0.0835408	0.0342197
-7.20635	1.32464	0.443303	0.291675	0.174668	0.288695	0.00191881	0.184403	-0.271883	0.201482	-0.131737	0.102407	0.101311	-0.0277883	-0.160962	0.00559539	0.0329182
-7.12231	1.30169	0.454068	0.227653	0.125382	0.237275	0.0462622	0.192564	-0.353035	0.090355	-0.215743	0.0229213	-0.0329627	-0.0711384	-0.10976	0.0839028	0.0619045
-7.53537	1.30491	0.457697	0.338912	0.000209496	0.18207	0.0476381	0.219071	-0.258708	0.028068	-0.206898	-0.0209045	-0.00132504	0.016965	-0.0611197	0.192019	0.120784
-7.74396	1.21713	0.49325	1.13243	-0.220805	0.17378	0.254302	-0.120305	0.0814615	0.044167	-0.0844325	0.0920484	-0.0544267	0.0694021	0.230935	0.0497292	0.14877
-6.59992	0.896058	0.684099	1.44509	-0.419963	-0.0144905	0.027833	-0.172626	-0.0743554	0.221688	-0.136163	0.189453	-0.127741	0.190158	0.0867933	-0.111417	0.0333608
-5.72172	0.337676	0.805015	1.42802	-0.239148	-0.124013	-0.107255	-0.0662517	-0.0388332	0.0826387	-0.118018	0.218141	-0.0588123	0.0506195	0.0844247	-0.0305497	0.0416286
-5.31217	-0.232593	0.576596	1.42932	-0.00176711	-0.0976676	-0.0821536	-0.139705	-0.0200943	0.0495843	-0.0449514	0.247342	-0.0117795	0.0124538	0.0815063	-0.00449736	0.141398
-5.10014	-0.90688	0.195475	1.22264	0.0666859	0.107435	0.222973	-0.027199	-0.0561111	0.0640463	-0.170595	0.145688	-0.0273098	-0.0387357	-0.0305552	0.0748084	0.0813242
-4.95796	-1.12381	-0.0438667	0.938469	-0.0305027	0.126606	0.320086	0.111577	-0.0197782	0.116755	-0.149839	0.0573273	-0.0310366	-0.0304841	-0.104014	0.137343	0.200387
-4.80001	-1.38526	-0.154669	0.932147	-0.107797	0.12142	0.353227	0.159579	0.193514	0.217471	-0.0986637	0.167567	0.0148984	0.0311667	-0.00505724	0.135665	0.316293
-4.48222	-1.57279	-0.302715	0.83282	-0.30167	0.0577086	0.291535	0.212291	0.199675	0.148776	-0.148804	0.225175	0.135904	0.146073	0.155632	0.201771	0.243446
-4.30545	-1.47974	-0.227212	0.793898	-0.39885	0.0775416	0.19386	0.181459	0.166859	0.101993	-0.232572	0.260924	0.25305	0.0797438	0.161643	0.304134	0.0128477
-4.21484	-1.10888	-0.157489	0.90199	-0.242428	-0.00256771	0.0261495	0.130089	0.130644	0.159292	-0.108972	0.222556	0.222381	-0.0285715	0.149552	0.358972	-0.0891775
-4.23588	-0.638772	-0.148551	0.879435	-0.0853681	0.0421706	-0.097316	-0.0542897	0.0397952	0.0422902	0.0109069	0.167337	0.151686	0.0163667	0.102364	0.294635	-0.186453
-5.14077	0.264986	0.0884879	1.03105	-0.102394	-0.246438	-0.261134	0.0236812	-0.0289705	-0.0656007	-0.293244	0.151504	-0.03276	0.155714	0.32084	0.134523	-0.088771
-5.4293	1.2918	0.0451449	1.30338	0.325436	0.522948	0.502393	0.269616	0.0184877	-0.0829133	-0.34239	-0.0558833	-0.23094	-0.102076	0.0383347	0.109813	0.0804976
-3.95015	2.73307	-0.00950832	1.16078	-0.355487	0.436717	-0.507086	0.174129	0.0733944	-0.221382	0.115531	-0.0329618	0.0471426	-0.19429	0.148596	-0.0127157	0.0459367
-3.57723	2.7522	-0.22479	1.15995	-0.216683	0.0392904	-0.464849	0.0556251	-0.0224601	0.0391266	-0.261585	0.260132	0.029229	-0.0324968	-0.035929	0.0586106	0.0790674
-3.29743	2.3683	-0.0620018	1.0793	-0.315669	0.0184292	-0.413703	0.189419	0.0201981	0.203675	-0.334131	0.166947	-0.0158279	0.0337994	-0.0593575	0.048116	0.192287
-3.26091	2.48831	-0.247799	0.857635	-0.259765	-0.0519012	-0.347699	0.0842904	0.0438557	0.136364	-0.170386	0.0329041	0.0307062	0.0698288	-0.169675	0.0559409	-0.0155676
-3.44329	2.85433	-0.355837	0.674847	-0.217773	-0.101801	-0.263625	-0.0222725	0.130322	0.163517	-0.203064	0.137529	0.0205872	0.0492919	-0.162451	-0.0879381	-0.00632701
-3.34789	2.54846	-0.0909952	0.422017	-0.402692	0.047221	-0.427544	-0.00425845	0.101913	0.227605	-0.200803	0.0962071	0.0550468	0.0948851	-0.293173	-0.105335	-0.187203
-3.36586	2.80444	-0.216937	0.328015	-0.316118	0.0775197	-0.30593	-0.0620697	0.0686665	0.465382	-0.305792	0.0880754	0.0187596	0.184883	-0.465142	0.00228708	-0.0737191
-3.17706	2.82166	-0.376831	0.311916	-0.2263	0.0311969	-0.26136	0.0222717	0.114227	0.328572	-0.149426	0.0995994	-0.0270737	0.161752	-0.476599	0.0514418	-0.0221325
-3.17855	2.82487	-0.485911	0.359543	-0.359083	-0.0293901	-0.278007	0.143124	-0.0246881	0.269203	0.0260043	0.0158	0.0729549	0.0845779	-0.407113	-0.0645868	-0.214301
-3.19158	2.7887	-0.541735	0.339359	-0.568848	0.113723	-0.314619	-0.0150015	0.0670325	0.257942	-0.0398526	0.085715	0.115402	0.0814316	-0.375305	-0.227265	-0.382589
-2.92806	2.59281	-0.321972	0.13959	-0.368929	0.0695886	-0.128202	-0.0158715	0.0798336	0.355971	-0.131196	0.120401	0.0218244	0.0452758	-0.354172	-0.0728972	-0.153728
-2.95774	2.73876	-0.439951	0.101906	-0.430058	0.324368	-0.434985	0.171046	0.110958	0.227893	-0.0524689	0.0967603	-0.104452	0.133513	-0.350557	-0.073764	-0.117702
-2.95094	2.90529	-0.644603	0.204408	-0.322251	0.184567	-0.295594	0.198045	0.0837498	0.168732	0.132625	-0.150339	0.0107567	0.0556994	-0.335094	0.0346696	-0.0210186
-2.86086	2.73508	-0.569014	0.203618	-0.393432	0.219837	-0.313844	0.187028	0.0757801	0.148371	0.182261	-0.215696	0.110104	-0.00829104	-0.31213	-0.00137527	-0.0762845
-2.91876	2.76253	-0.659858	0.242809	-0.483859	0.149777	-0.308616	0.0946277	0.100977	0.172091	0.158562	-0.0703486	0.132006	-0.0321465	-0.350643	-0.117437	-0.296593
-2.85676	2.77216	-0.689195	0.374688	-0.508271	0.141564	-0.281964	0.0522057	0.237718	0.062115	0.205467	-0.125256	0.0926759	-0.0525519	-0.279228	-0.131137	-0.0804083
-2.86113	2.66439	-0.537734	0.210905	-0.441947	0.0775902	-0.334502	0.036639	0.206921	0.15388	0.107668	0.0623662	0.0873371	-0.116981	-0.334559	-0.0941736	-0.293196
-2.93979	2.74596	-0.248528	0.13388	-0.280983	0.0342664	-0.282762	0.134244	0.152307	0.172603	0.118329	-0.142893	0.122005	-0.179286	-0.195515	0.00223337	0.0830049
-2.92004	2.62327	-0.170409	0.24954	-0.27448	0.0605039	-0.398254	0.168382	0.248804	0.0774933	0.166676	-0.150992	0.0465122	-0.117091	-0.257686	0.10226	0.133009
-2.99804	2.818	-0.175717	0.467109	-0.363981	0.219656	-0.384132	0.168793	0.263342	0.0926205	0.0946106	-0.361059	0.0912678	-0.122563	-0.195773	0.402716	0.359439
-3.29077	3.07388	-0.196269	0.53058	-0.425965	0.0921623	-0.288467	0.0341062	0.391054	0.016151	-0.0441275	-0.11247	-0.057693	-0.098346	-0.0818655	0.358843	0.176213
-3.23438	2.9753	-0.272767	0.588748	-0.46392	0.242188	-0.411545	0.0227805	0.407641	-0.0366759	-0.0749794	0.00911226	-0.00401636	-0.212558	0.0540792	0.170046	0.130155
-3.2767	2.96673	-0.0339365	0.526347	-0.387281	0.346609	-0.447811	0.0614199	0.436491	-0.193248	-0.0517841	-0.0992734	0.108055	-0.277772	0.114758	0.424559	0.199945
-3.59797	3.42045	-0.0428446	0.61137	-0.41659	0.680106	-0.692114	0.128591	0.440909	-0.270809	-0.172816	-0.0606711	0.103231	-0.318666	0.283387	0.619776	0.311132
-3.49224	3.20715	-0.417495	1.31526	-0.422896	0.122492	-0.185775	0.0672411	0.0244128	-0.0895101	-0.190985	0.0258003	-0.0661457	-0.139554	0.411053	0.322058	0.334112
-4.02255	3.14941	-0.239444	1.17065	-0.244701	0.179932	-0.188778	-0.037073	-0.0268339	-0.193885	-0.105473	0.0566714	0.120924	-0.155057	0.206592	0.204866	-0.112333
-4.19336	2.1507	0.232529	1.22529	-0.00463829	0.0289745	0.0641165	0.0723285	-0.0704767	-0.0508035	-0.272207	0.0737033	-0.000553032	-0.192184	0.215286	0.239536	-0.025973
-5.30156	2.21969	0.988379	1.5177	-0.0653731	-0.0339257	-0.044978	-0.122833	0.0687643	0.113093	-0.205649	-0.0350879	-0.00439862	-0.136936	-0.043764	0.242356	-0.19426
-6.05427	2.53226	1.62023	1.24542	0.24611	-0.0964668	0.141408	0.148375	0.125392	-0.0808407	-0.258458	0.0878714	-0.241395	0.0285323	0.0120866	0.171606	-0.203223
-6.46796	2.90669	1.13002	1.4509	0.268622	0.191769	0.23469	0.151449	-0.000393039	0.0312735	-0.519515	0.0152911	-0.155664	0.103762	-0.0356425	0.337555	-0.154788
-6.67407	2.29749	1.02381	1.12481	0.276464	0.594045	0.764748	0.222534	0.311449	-0.265233	-0.0234598	0.0894962	-0.517864	-0.279524	-0.0480861	0.0725534	0.120709
-5.94206	1.292	0.807362	1.13798	0.343487	0.806324	0.419914	-0.151826	-0.128163	-0.348927	-0.478291	0.00381811	0.0120506	0.134231	0.166205	0.0757524	0.0941897
-6.35206	0.19879	1.75495	1.30741	0.0997947	0.495171	0.249614	0.0119391	-0.15907	-0.324295	-0.195168	0.0131106	-0.206036	-0.224004	0.234974	0.535663	0.172943
-4.807	0.78036	0.0431727	0.621628	-0.859774	-0.149257	0.0500134	-0.25473	-0.142953	-0.0486639	0.13369	0.313896	0.0272288	0.0394442	-0.178968	-0.223659	-0.0335221
-4.79639	0.0736226	0.450391	0.579814	-0.449755	-0.0372674	-0.057109	0.0242174	0.0557261	-0.0752559	0.0657129	0.405338	0.0391249	-0.114564	-0.207951	-0.178627	-0.0873141
-5.09354	-0.765298	0.529222	0.738183	-0.121999	0.0743399	-0.00257279	-0.0472254	0.239966	-0.056772	0.0506499	0.366578	0.0249185	-0.059234	-0.261631	-0.217236	-0.0574729
-5.20141	-1.37941	0.544966	1.03236	0.0694892	0.122655	0.0854724	-0.0287991	0.172187	-0.172974	0.0842844	0.297933	0.014556	0.0590243	9.80735e-06	-0.0355285	0.0145278
-4.93126	-1.30643	0.386179	0.842365	-0.190971	0.107485	0.165972	-0.0596546	0.144525	-0.116049	0.0404669	0.358292	0.131832	0.114329	0.136328	0.0983151	-0.0892427
-4.80624	-1.13608	0.262205	0.748212	-0.307975	0.206929	0.313902	-0.0195306	0.0990985	-0.0863405	0.12203	0.385742	0.130255	0.125871	0.126221	0.199282	-0.0430095
-4.60712	-1.14124	0.0309698	0.760598	-0.27371	0.110386	0.205526	0.104416	0.22212	-0.152065	0.0521193	0.352276	0.108602	0.139685	-0.0038564	0.178016	0.0190488
-4.53956	-1.27419	-0.20892	0.799102	-0.287722	0.0468643	0.103463	0.0995468	0.308611	-0.0345851	-0.0703973	0.318047	0.153599	0.201758	0.0363066	0.216875	0.0368225
-4.51567	-1.20509	-0.269833	0.864601	-0.381476	-0.0601202	0.072489	0.121974	0.385568	0.0272349	-0.171041	0.10587	0.0612929	0.211729	0.113977	0.227177	-0.0346032
-4.58903	-1.07435	-0.235476	0.892333	-0.364172	-0.061524	0.132776	0.0133986	0.19261	-0.0561376	-0.141247	0.0140462	0.0804384	0.0517672	0.118055	0.192889	-0.0471867
-4.60303	-0.845902	-0.422075	0.768259	-0.328874	-0.144597	0.0986596	0.0589958	0.184875	-0.236947	-0.126346	0.103442	0.18615	-0.210387	0.0902945	0.204109	-0.169558
-4.61322	-0.625653	-0.568618	0.715666	-0.16132	-0.139855	0.126349	0.13909	0.256166	-0.130907	-0.0822429	0.250876	0.0855613	-0.220297	0.236308	0.275912	-0.112185
-4.66648	-0.386635	-0.667255	0.699257	-0.0545642	-0.314072	0.183531	0.125395	0.322709	-0.0698789	-0.077081	0.279669	0.0234494	-0.074214	0.286538	0.303218	-0.0128464
-4.82587	0.00794348	-0.407695	0.794149	0.193873	-0.360247	0.116885	0.242408	0.322299	-0.0480885	0.0583709	0.368629	0.16816	-0.0178094	0.0763679	0.186726	0.0522215
-5.09657	0.395623	-0.179416	0.836132	0.294892	-0.340271	0.0630409	0.291105	0.44733	-0.0439866	-0.0505686	0.365022	0.137555	0.0131562	-0.175707	0.159552	0.146578
-5.49678	0.66896	-0.165265	0.78459	0.238634	-0.252181	0.115942	0.447447	0.462403	-0.0553207	-0.130034	0.281226	0.0699796	0.141098	-0.135856	0.125764	0.130706
-6.28133	0.861492	-0.0482774	0.779514	0.162716	-0.049007	0.17212	0.424523	0.384701	0.0146925	-0.134033	0.105708	0.138656	0.262681	-0.0059136	0.0667187	0.0829265
-6.73381	1.76937	0.526536	1.17844	0.46941	0.176581	-0.129726	0.0788459	0.0650633	-0.0862675	-0.154603	-0.0983086	0.056722	0.0938478	0.16731	-0.0522108	-0.0188599
-6.27711	2.18911	0.553779	1.09455	0.724173	0.165401	-0.399296	0.261802	-0.265217	0.0455992	-0.0875204	-0.387118	0.0973522	0.0664448	0.0987273	-0.0623669	0.0376042
-5.99214	2.06584	0.540787	1.13256	0.671963	0.365598	-0.38052	0.26755	-0.243983	-0.017418	-0.100249	-0.404798	0.0355782	0.139454	0.196063	0.0269693	-0.0202122
-5.97523	1.76846	0.540265	0.938211	0.605331	0.366889	-0.29063	0.163659	-0.101711	-0.0429627	0.0798605	-0.213749	0.0337205	0.0322828	0.0938623	0.0809582	-0.0308924
-6.43372	1.68472	0.190132	0.938742	0.330786	0.624909	-0.193827	0.188677	-0.197182	-0.00147782	0.208787	-0.186278	-0.122744	0.186577	-0.237153	-0.325692	-0.622716
-6.59816	2.13601	0.841947	1.294	0.887554	0.548235	-0.439708	-0.173432	-0.161808	-0.148426	0.034616	0.0541822	0.134116	0.0770018	-0.16449	-0.267686	-0.234859
-5.75614	3.11195	0.83065	1.25614	0.722485	0.38936	-0.258561	0.23557	-0.121228	-0.178009	-0.0790105	-0.166013	-0.0589357	-0.030693	0.0899796	0.0665638	-0.0483241
-5.55189	3.30525	0.766867	0.987016	0.480015	0.370051	-0.376053	0.266471	-0.444426	0.198771	-0.120786	-0.483471	0.271346	-0.162725	0.124686	-0.299157	-0.132076
-5.45967	3.12861	0.477299	0.769211	0.553736	0.241113	-0.510687	-0.0351746	-0.359797	-0.1259	-0.126986	-0.517921	-0.065772	-0.131062	0.376349	-0.269385	-0.103604
-5.36986	3.20258	0.359988	0.905945	0.493553	0.380948	-0.551622	-0.123833	-0.276412	0.0762604	-0.281129	-0.564672	-0.0584564	-0.0287124	0.195899	-0.225401	0.0434602
-5.28645	3.1535	0.0476202	0.795621	0.440314	0.0242374	-0.588411	-0.0956806	-0.4382	0.0206937	-0.441595	-0.60091	-0.112748	-0.226106	0.24367	-0.36073	-0.16618
-5.03883	3.17817	0.0942781	1.16322	0.26362	0.4702	-0.563651	0.0323468	-0.293607	0.0300013	-0.115387	-0.524737	-0.0253149	-0.1256	0.345254	-0.354951	0.0750062
-5.06906	3.11223	-0.00758092	1.0626	0.222455	0.296578	-0.581184	-0.122158	-0.323605	-0.0953423	-0.198006	-0.561916	-0.15454	-0.154675	0.184292	-0.33797	-0.0876682
-4.90865	3.05458	0.208851	1.02408	0.478748	0.251845	-0.377921	-0.0610253	-0.228848	0.039028	-0.111956	-0.451629	-0.122362	-0.0511477	0.297524	-0.298672	0.0755493
-4.88445	3.1248	0.481742	1.00087	0.725274	0.260626	-0.195321	-0.0794607	0.00454514	0.0455831	0.0524425	-0.343623	-0.0170841	0.00470891	0.442384	-0.255526	0.264119
-4.9016	3.07928	0.353604	1.00797	0.555195	0.268332	-0.28945	-0.099488	-0.107368	-0.020537	0.0448604	-0.388203	-0.0937767	-0.0656594	0.298858	-0.196939	0.145773
-4.92415	3.28645	0.282457	1.13978	0.593078	0.305931	-0.134631	-0.0970556	-0.0189922	-0.0255349	0.194252	-0.369554	-0.0581564	0.0318172	0.320616	-0.164025	0.276773
-4.93597	3.25359	0.485191	0.983021	0.664466	0.290837	-0.085155	-0.18185	0.0641594	-0.00623806	0.153796	-0.308122	-0.0383938	0.0216888	0.330348	-0.081783	0.260776
-4.60795	3.19319	0.0749393	0.846711	0.584839	0.290844	0.288552	-0.086296	-0.061488	0.0245208	-0.0225916	-0.311647	-0.0280793	-0.0489264	0.152838	0.0015691	0.340035
-3.58827	2.82417	-0.0824653	0.753137	0.269551	0.391971	0.122912	-0.0702185	0.331414	0.292911	0.124394	0.0280275	0.262289	0.0749291	0.0591129	0.0781817	0.139181
-3.19819	2.51801	-0.502063	0.879729	-0.144443	0.187925	-0.0467131	-0.180364	0.514661	0.0346087	0.128092	-0.0951472	0.362271	-0.193404	0.0514341	-0.135481	-0.0282528
-3.04313	2.49094	-0.430331	0.936538	-0.34082	0.351669	-0.152146	0.00355211	0.54128	0.0659313	0.205423	-0.0586507	0.394659	-0.270697	0.150396	-0.119563	0.0869938
-3.0074	2.3253	-0.395642	0.808053	-0.346998	0.314179	-0.214039	0.0094033	0.517414	0.0138006	0.093434	-0.0418008	0.271602	-0.306344	0.0749295	-0.104615	0.0604775
-2.97417	2.21581	-0.484935	0.733185	-0.394469	0.258818	-0.224481	-0.093103	0.488782	0.00450358	0.0491444	-0.139142	0.195593	-0.324014	0.00310669	-0.111875	-0.048809
-2.8933	2.08054	-0.329946	0.540623	-0.363383	0.205916	-0.175105	-0.163073	0.504011	-0.00822237	0.0982832	-0.227795	0.192428	-0.30347	0.0444468	-0.16662	-0.056364
-2.9896	2.09827	-0.424723	0.424207	-0.414074	0.18683	-0.177861	-0.316565	0.474126	-0.0494845	0.0704762	-0.302222	0.105539	-0.30542	-0.0630627	-0.205656	-0.172616
-2.96338	1.94194	-0.371477	0.252283	-0.432838	0.0947281	-0.201369	-0.45921	0.426758	-0.130043	0.0449345	-0.415549	0.0111762	-0.350869	-0.0887947	-0.244304	-0.257836
-3.0406	2.02622	-0.35665	0.214007	-0.486221	0.156813	-0.248939	-0.425486	0.291973	-0.0422765	-0.00913585	-0.43171	-0.0575685	-0.293323	-0.106647	-0.244519	-0.26992
-3.08431	2.06284	-0.24917	0.14773	-0.449472	0.258845	-0.206875	-0.405527	0.287182	0.01752	0.0539614	-0.354037	-0.0591724	-0.285835	-0.0836368	-0.232016	-0.260281
-3.29866	2.26027	-0.258256	0.0754956	-0.522327	0.226932	-0.158533	-0.406717	0.109069	0.0310412	0.0602396	-0.313226	-0.151122	-0.296124	-0.162439	-0.0922299	-0.437072
-3.37875	2.4409	-0.129061	0.0836151	-0.468615	0.299648	0.00376312	-0.407158	0.171857	0.0133099	0.210747	-0.210378	-0.186369	-0.246776	-0.0161583	-0.0930498	-0.313736
-3.3408	2.38031	0.122806	0.039203	-0.395516	0.300355	0.128969	-0.306572	0.105314	0.00471285	0.255173	-0.0741421	-0.186637	-0.208279	0.0195425	-0.100778	-0.141399
-3.60095	2.66345	0.0771337	0.163179	-0.421582	0.287442	0.173331	-0.238292	0.110721	-0.13837	0.293437	-0.0890007	0.0346465	-0.268618	-0.0948306	-0.0338476	-0.115251
-3.70938	2.54658	0.235939	0.110707	-0.492459	0.213123	0.114149	-0.222438	-0.0147328	-0.267966	0.180312	-0.10504	0.122085	-0.363361	-0.141586	-0.125125	-0.138244
-3.92459	2.6124	0.230603	0.189297	-0.611758	0.196818	-0.00121815	-0.142084	-0.130467	-0.337453	0.0463512	-0.129065	0.0564653	-0.249402	-0.246093	-0.212199	-0.168814
-4.04627	2.61905	0.173541	0.264292	-0.580582	0.111205	-0.0154668	-0.153819	-0.201269	-0.370128	-0.0331081	-0.210139	0.100644	-0.302411	-0.213173	-0.257973	-0.233569
-4.13365	2.65328	0.223186	0.405164	-0.624785	0.217498	-0.0732654	-0.0519815	-0.208086	-0.359823	-0.0554603	-0.198507	0.146574	-0.27981	-0.207909	-0.284418	-0.111013
-4.11443	2.67894	0.311749	0.30631	-0.359438	0.166668	0.143489	-0.180344	-0.114429	-0.354239	0.167286	-0.307615	0.197464	-0.29728	-0.105748	-0.197378	-0.0642166
-4.0436	2.58592	0.224678	0.293524	-0.32117	0.239924	0.0426299	-0.216494	-0.161483	-0.252126	0.0374523	-0.188214	0.0808351	-0.31012	-0.203291	-0.0782722	-0.134979
-3.93694	2.72922	0.21025	0.445876	-0.317999	0.496985	0.0596297	-0.0883486	-0.155072	-0.0165873	0.148253	-0.0530691	0.0621806	-0.207772	-0.0561866	-0.0466233	0.0278757
-3.77473	2.55281	0.0851591	0.368155	-0.265903	0.356974	0.0283767	-0.260124	-0.0593747	-0.029106	0.129503	-0.13578	0.0453613	-0.289351	-0.0534687	-0.0325544	-0.140061
-3.56449	2.50367	-0.00538614	0.371521	-0.224541	0.407618	-0.0810776	-0.215331	0.0180864	0.151335	0.105132	-0.165484	0.0345296	-0.172443	0.0646333	-0.166052	-0.107491
-3.2032	2.16485	-0.130183	0.447269	-0.221572	0.340953	-0.191822	-0.156185	0.192609	0.155739	0.0537601	-0.136184	0.0735599	-0.184171	0.0364518	-0.196985	-0.163271
-3.10757	2.21861	-0.157505	0.475219	-0.298298	0.323402	-0.244932	-0.137143	0.322566	0.141573	-0.0404377	-0.0670204	0.131083	-0.145987	-0.0465147	-0.176294	-0.112704
-2.92885	2.03723	-0.178272	0.564357	-0.227968	0.172046	-0.18279	-0.106193	0.337526	0.126648	-0.00407784	-0.0403194	0.192329	-0.201682	-0.0120473	-0.18255	-0.11439
-2.85886	2.13288	-0.15667	0.770333	-0.189197	0.193838	-0.0443294	-0.00212342	0.441734	0.119022	0.0990472	0.0646331	0.307388	-0.210888	0.115959	-0.099948	0.00440832
-2.86314	2.23906	-0.32483	1.01524	-0.266245	0.244574	-0.0490272	0.0903416	0.392788	0.191909	0.0811192	0.149839	0.303029	-0.167179	0.105319	-0.0365944	0.00936051
-2.86957	2.26988	-0.334522	1.06586	-0.179398	0.156573	0.0431749	0.0484943	0.458363	0.104066	0.189497	0.0951682	0.41287	-0.248165	0.210676	-0.0592533	0.0501226
-2.92504	2.31233	-0.474922	1.10145	-0.115083	0.0332529	0.0490237	0.0436987	0.385533	0.0901418	0.161628	0.11581	0.300922	-0.14099	0.088626	0.0142922	-0.0452368
-2.97175	2.35125	-0.550078	1.14991	-0.0629817	-0.0630063	0.0736893	0.0329721	0.329844	0.0247047	0.212097	0.0838299	0.289603	-0.155926	0.141948	-0.0330721	-0.0435698
-3.07956	2.47332	-0.551142	1.20298	0.000833512	-0.0705224	0.122546	0.0459038	0.304778	0.0791867	0.21523	0.105919	0.301849	-0.0953077	0.156779	-0.042389	0.0154867
-3.21493	2.47754	-0.745113	1.22568	-0.10112	-0.173571	0.0270949	-0.0354937	0.218198	-0.0668103	0.166949	0.0242906	0.205569	-0.206846	0.106115	-0.046668	-0.170772
-3.32652	2.5602	-0.742848	1.14158	-0.00918592	-0.207682	0.0310021	-0.0380557	0.19723	-0.0795414	0.122125	0.0350754	0.1837	-0.216138	0.12761	-0.0579823	-0.179344
-3.49147	2.77283	-0.791248	1.1879	0.0476567	-0.295979	0.164081	-0.0958416	0.212453	-0.12041	0.195226	0.00591695	0.151766	-0.153174	0.0687773	-0.0513346	-0.10667
-3.78507	2.9671	-0.850853	1.15808	0.017448	-0.367229	0.196682	-0.222347	0.193318	-0.154249	0.171679	-0.0344271	0.0281339	-0.181765	0.0523503	-0.18532	-0.0959482
-3.84295	2.91999	-0.72065	1.1816	0.120279	-0.375869	0.127439	-0.0440029	0.0429744	-0.0907053	0.127134	-0.00356593	0.0731891	-0.243977	0.0167598	-0.0517791	-0.0933513
-4.10326	3.00413	-0.506324	1.10387	0.217126	-0.425687	0.304508	-0.192031	0.177639	-0.2034	0.181964	-0.119295	0.164786	-0.271951	0.0192235	0.0193773	-0.0897687
-4.3043	2.77877	-0.263976	1.22407	0.0976293	-0.4154	0.339188	-0.00190791	-0.162596	-0.0620193	0.0200922	0.00320471	0.0328141	-0.284276	0.165683	-0.0235087	-0.183328
-4.13972	2.23197	0.000514554	1.41045	0.349058	-0.236159	0.178738	0.21628	-0.0572487	0.0324691	0.050205	0.112872	0.185189	-0.202074	0.0838956	0.0215725	0.0248561
-4.1462	1.73239	0.472354	1.4578	0.559439	0.0649288	0.400963	0.143193	0.146716	0.242436	-0.0262038	0.239254	0.144403	0.261041	-0.0591775	0.253015	0.0953611
-4.50863	0.417119	0.661095	1.85031	0.563947	0.270394	0.100278	-0.25742	0.221497	0.286901	0.0690675	0.149796	-0.114669	-0.0812693	-0.0434214	0.0724157	-0.19154
-4.42411	-0.213162	0.587529	1.41278	-0.00455017	-0.101895	0.239598	0.011539	-0.193507	-0.0449544	0.133616	-0.172735	-0.286001	-0.261268	-0.268856	-0.330137	-0.155403
-4.44207	-0.514731	0.480675	1.51632	0.199446	-0.136238	0.0136817	0.0718513	0.136523	0.185292	-0.170588	0.0647827	0.0131186	-0.0489526	-0.11079	0.0372573	0.00956954
-4.52456	-0.446761	0.251077	0.877497	0.102396	0.172486	0.258549	0.192819	0.0986316	-0.0635446	-0.154455	7.35404e-05	0.07341	-0.115249	-0.100228	0.104572	0.0983655
-4.87008	-0.482333	0.388613	0.642898	0.0873778	0.248364	0.208092	0.203585	0.157484	0.00863882	-0.17671	0.152341	0.0782257	-0.00120782	-0.0178701	0.0616987	0.0515452
-5.12183	-0.766057	0.452802	0.420136	0.157219	0.241253	0.262426	0.180066	0.242456	0.104972	-0.0765426	0.117092	-0.13737	0.058832	-0.0264464	-0.0334222	-0.125632
-5.38901	-0.842013	0.621116	0.227904	0.269748	0.299704	0.372529	0.284587	0.318172	0.0375644	0.0644189	0.118298	-0.162094	0.0623791	-0.0495484	0.0419301	-0.173463
-5.61479	-0.941185	0.619448	0.0130131	0.379175	0.278626	0.373538	0.335337	0.251593	0.0106697	0.15537	0.123519	-0.011173	0.0502177	-0.145246	0.110816	0.0444844
-5.69609	-0.907297	0.741553	-0.0256603	0.455372	0.276879	0.307738	0.324205	0.128028	-0.00599986	0.0908235	0.0979156	0.0180585	-0.0178545	0.107687	0.228618	0.159517
-5.70673	-0.873289	0.857833	0.00343877	0.449873	0.257469	0.257166	0.200404	0.158373	0.0138488	0.158219	0.269579	0.184582	0.118021	0.141017	0.131055	0.0222538
-5.68781	-0.838916	0.69704	-0.0109594	0.402627	0.286237	0.212346	0.246087	0.17913	-0.068468	0.120911	0.324593	0.178751	0.0301638	0.110975	0.257796	0.0365209
-5.4967	-0.856031	0.553049	-0.0686884	0.340685	0.195508	0.190155	0.237893	0.191757	-0.155934	0.0793395	0.398946	0.305912	0.151096	0.12306	0.152582	0.0435608
-5.28371	-0.96381	0.553433	0.0259726	0.254969	0.138142	0.0597096	0.234867	0.298758	-0.00778697	0.126242	0.435599	0.361744	0.154014	0.00511171	-0.0135308	0.0588911
-4.9271	-0.822469	0.446906	0.236803	0.21487	0.0424249	-0.174161	-0.0759225	0.373634	0.174595	0.15781	0.309377	0.298553	0.181245	0.0665001	0.103144	0.143808
-4.70578	-0.364051	0.439851	0.30705	0.252256	0.373944	-0.0753547	-0.203263	0.374595	0.117498	-0.0394015	0.0878291	0.203863	0.197974	0.0489423	-0.0272053	0.0247972
-4.76304	0.0723419	0.360909	0.405286	0.357166	0.52646	0.0323261	-0.0793225	0.493648	0.177284	-0.0956016	0.0449309	-0.0316028	0.182508	0.128968	-0.162131	-0.0954837
-5.1705	0.41813	0.278494	0.506024	0.422969	0.550912	0.0493819	0.0373598	0.413679	0.170181	-0.0693576	0.0635669	-0.136589	0.129385	0.130712	-0.124747	-0.00253154
-6.10532	0.568825	0.192037	0.7513	0.554685	0.49422	0.109151	0.0107012	0.365977	0.116647	-0.066014	0.00784943	-0.179392	0.0345501	0.268155	-0.0774392	0.0487002
-7.12058	0.937198	0.477027	0.708877	0.349395	0.469319	0.236327	-0.00777333	0.143271	0.0283967	0.119711	0.0829198	-0.00946806	0.00719952	0.0824553	0.012076	0.0975963
-8.18663	1.09235	0.813881	0.872042	0.342074	0.560641	0.292257	0.0754848	0.251872	0.121946	0.0661522	0.0637575	0.0435809	0.0124176	0.0360957	0.138884	0.0890076
-8.60915	1.10016	0.840106	0.887289	0.445978	0.664313	0.276321	0.0456128	0.285865	0.01375	-0.0114203	0.131774	0.0664441	0.0814188	0.0534891	0.167297	0.10348
-8.65777	1.26134	0.56424	0.596133	0.274167	0.381891	0.224368	0.188435	0.318214	0.173668	0.120041	0.172983	0.134481	0.155359	0.0546468	0.0928815	0.134619
-9.06425	1.25107	0.597638	0.527535	0.356153	0.44972	0.203606	0.273781	0.357317	0.211183	0.118344	0.126849	0.104451	0.125779	0.0585348	0.122662	0.0888397
-9.24171	1.32304	0.57605	0.528441	0.368049	0.466289	0.266461	0.370312	0.344203	0.302462	0.115645	0.0791354	0.0169292	0.1277	0.0463888	0.103805	0.132292
-9.08791	1.44206	0.584701	0.485999	0.291226	0.400826	0.33496	0.422816	0.273577	0.300918	0.096008	0.00322925	-0.00865402	0.0514877	-0.0281784	0.094556	0.198964
-8.94124	1.61766	0.613302	0.44681	0.261234	0.245187	0.323521	0.307624	0.255756	0.299619	0.0789531	-0.0221583	-0.0444673	0.0058146	0.0446111	0.0861849	0.109655
-9.01067	1.44505	0.588284	0.410457	0.260177	0.219532	0.279481	0.240088	0.243193	0.281813	0.125387	0.0186532	-0.0195688	0.0677707	0.0542725	0.0919887	0.0864294
-8.71188	1.35763	0.344494	0.284371	0.500979	0.367418	0.246318	0.171096	0.219876	0.180715	0.134612	0.171413	0.101332	0.00938134	0.0501605	0.049949	0.0677086
-7.16974	1.4597	0.181	0.164835	0.760951	0.308814	0.269766	0.331546	-0.0280274	0.0652427	0.0952507	0.472449	-0.0258437	-0.0890786	0.0479879	0.0576195	0.0676732
-5.98485	1.43391	0.0710314	0.197571	0.721723	0.370637	0.204903	0.210809	-0.180657	0.0358332	0.0606745	0.617202	0.0242402	-0.0702483	0.00902801	0.0244578	-0.042227
-5.28203	1.29257	0.142227	0.201349	0.576838	0.208346	0.229522	0.0167624	-0.0825984	0.0379599	0.147075	0.539731	0.155693	0.136652	0.0779115	0.105636	0.0378184
-4.94903	1.18385	0.114385	0.107404	0.471655	0.0249758	0.116194	-0.120167	0.1647	0.00896736	0.256468	0.496544	0.262639	0.24807	0.00584587	0.0939524	0.0220838
-4.87663	1.07753	-0.0351969	0.0461696	0.315617	-0.0262109	0.125458	-0.0952911	0.142738	-0.00959807	0.285322	0.452819	0.251427	0.162823	0.0987358	0.187778	0.107509
-5.03811	1.24568	-0.052577	-0.0377572	0.324872	0.167453	0.0684859	-0.107814	0.0283283	-0.0430097	0.219972	0.237899	0.15013	0.0448231	0.0778059	0.0584724	0.0518785
-5.23161	1.48399	0.0470183	-0.17463	0.151937	0.293296	0.110728	-0.122616	0.0355529	-0.00393772	0.193102	0.184345	0.142594	0.0551105	-0.031756	-0.0854507	-0.0134556
-5.37699	1.50937	0.0523814	-0.166123	0.0357902	0.383243	0.26047	-0.12398	-0.0439857	-0.0332924	0.221583	0.214549	0.0599052	-0.0746664	-0.0730786	-0.0830545	-0.0238135
-5.39612	1.48368	-0.0318478	-0.171671	-0.000279928	0.292756	0.22193	-0.0443533	-0.0616597	0.0702112	0.191003	0.219328	-0.0387526	0.0289906	-0.0506635	-0.0149329	0.01867
-5.40741	1.5535	0.0409842	-0.343447	-0.258656	0.16812	0.0541811	0.0582196	-0.109573	0.133812	0.0855497	0.192308	-0.00877449	0.0156916	0.0372187	0.106652	0.115107
-5.40614	1.44991	0.0450062	-0.30241	-0.360972	0.215597	0.0673528	-0.0658832	-0.132625	0.199925	0.0938999	0.0755734	-0.0662309	-0.073086	0.188146	0.137521	-0.0410374
-5.11313	1.51549	-0.0884698	-0.481205	-0.471148	0.311313	0.0823903	-0.132059	-0.0281163	0.293554	0.0776096	0.131998	-0.0921471	-0.181144	0.0470373	0.0854879	0.0145009
-4.73969	1.73649	-0.139971	-0.34261	-0.280535	0.344303	0.0415027	-0.123648	-0.00403146	0.415895	-0.0919394	-0.0316755	-0.273573	-0.0564545	-0.015853	-0.0370164	-0.0811717
-4.43364	1.96578	0.00657872	-0.123764	-0.0797117	0.271588	-0.138789	-0.10783	0.0381301	0.371395	-0.179162	-0.128625	-0.354038	-0.0194781	-0.232203	-0.0319432	-0.120128
-4.0813	2.01733	0.171588	0.0794727	-0.139234	0.0204984	-0.33217	-0.0215223	0.00792857	0.246677	-0.333855	-0.139356	-0.297492	0.0044687	-0.317294	0.0152278	-0.111949
-3.99128	2.20038	0.306388	0.380991	-0.082085	-0.0415603	-0.441337	0.0895726	-0.0360889	0.294305	-0.129217	0.0552655	-0.226659	-0.103435	-0.278915	0.0486444	0.0873397
-3.37463	2.07843	0.0468194	-0.0648091	-0.00721516	0.0323778	-0.425465	0.229152	0.00898088	0.272273	-0.29705	0.1987	-0.123816	-0.0113897	-0.111119	0.153874	-0.0240345
-3.08105	1.76219	-0.00957446	0.355723	-0.147397	-0.136723	-0.226512	0.240141	-0.00737212	0.305323	-0.220053	0.190235	0.094872	-0.128333	-0.0675956	0.1948	0.0650804
-3.01907	1.68309	-0.312772	0.315547	-0.146421	-0.147835	-0.297995	0.118575	0.00435341	0.121497	-0.217737	0.268805	-0.114214	-0.105406	-0.0294358	0.114302	-0.0442362
-2.91395	1.49222	-0.410032	0.590036	-0.312408	-0.287557	-0.273712	0.113464	-0.132035	0.143194	-0.0836323	0.276333	-0.155762	-0.131576	-0.114825	0.0508459	-0.0663919
-3.02569	1.48355	-0.28756	0.543566	-0.24301	-0.362266	-0.166896	0.0736199	-0.154694	0.124176	-0.0743049	0.308827	-0.164628	-0.125774	-0.0718343	-0.0176887	-0.0566752
-3.62321	1.63765	-0.0393231	0.487187	-0.168487	-0.573938	-0.141212	0.0640408	-0.438781	0.138009	-0.119768	0.331578	-0.353808	-0.0255685	-0.111841	-0.294499	-0.16945
-3.34306	1.28665	-0.243656	0.713963	-0.435312	-0.399561	-0.288139	0.0260591	-0.383976	0.0170146	-0.0493844	0.230766	-0.269511	0.0657611	-0.144435	-0.060624	-0.315387
-3.4538	1.29149	-0.221627	0.798066	-0.34854	-0.294518	-0.184686	0.0586566	-0.344936	-0.0181868	-0.0223839	0.218969	-0.197397	0.11867	-0.0438873	-0.0175485	-0.246672
-3.78103	1.21479	0.0421283	0.973067	-0.303896	-0.239188	0.0218175	0.0232564	-0.358769	0.045645	-0.0535237	0.104548	-0.165365	0.116531	-0.135271	-0.0443995	-0.219646
-3.67609	1.24916	0.128392	0.981058	-0.331444	-0.265146	0.0252468	-0.0989591	-0.427738	0.0336948	-0.0449983	0.112969	-0.110733	0.186957	-0.109911	0.00206221	-0.19148
-3.83454	1.19277	0.0820494	0.785861	-0.405128	-0.28312	-0.0409062	-0.198	-0.464964	-0.0261352	-0.178659	0.0812761	-0.184073	0.10541	-0.134656	0.0228146	-0.144488
-3.80093	1.20483	0.123248	1.11867	-0.411551	-0.197908	0.000451464	-0.122685	-0.480031	-0.0293163	-0.197401	0.0491319	-0.182156	0.173536	-0.0658909	0.101147	-0.158956
-4.11943	1.20698	0.308575	1.11482	-0.265032	-0.232206	0.0830273	-0.147981	-0.455039	-0.0259522	-0.162817	0.0421071	-0.160568	0.194889	-0.074922	0.0940509	-0.148227
-3.98815	1.22745	0.444394	0.926727	-0.256586	-0.207131	0.0968289	-0.0768097	-0.43787	-0.0371359	-0.125033	0.0215168	-0.191811	0.169651	-0.162433	0.0842372	-0.236306
-4.1668	1.38184	0.7378	1.11577	-0.0835873	-0.462119	0.0860692	-0.0905829	-0.507047	0.102934	-0.180304	0.185011	-0.177451	0.19789	-0.135641	0.163774	-0.0439908
-4.46188	1.06166	1.1537	1.41241	-0.116159	-0.424664	0.0918559	-0.0898186	-0.613798	0.121827	-0.211847	-0.0255019	-0.216772	0.332236	-0.114744	0.211787	-0.22208
-4.14298	1.1237	0.801241	1.07171	-0.235226	-0.292718	0.0732593	-0.0306863	-0.549389	0.0679396	-0.216947	0.0818745	-0.24417	0.289226	-0.20355	0.279632	-0.386653
-4.49488	1.23526	1.01586	1.22712	-0.125157	-0.300717	0.227688	-0.0903231	-0.280887	0.0846564	-0.071404	0.0935359	-0.118957	0.208913	-0.0786004	0.383408	-0.266943
-5.14071	1.3198	1.01037	1.4091	0.151067	-0.620708	-0.026469	0.0476648	-0.227308	0.124401	0.128068	-0.227631	-0.118419	0.276737	-0.191715	0.19109	-0.541475
-5.08953	1.47694	0.975005	1.20049	0.296655	-0.077402	0.718331	0.562833	0.269132	0.565395	0.46935	0.401383	0.38378	0.576222	0.133681	0.310465	-0.459701
-5.22782	1.58006	0.644757	1.13542	0.0622327	-0.0899863	0.379515	0.103386	-0.164793	0.193686	-0.098077	0.208974	-0.121199	0.178994	-0.126634	0.16271	-0.544513
-5.21982	1.87295	0.76848	0.899974	0.399716	-0.213083	0.22904	0.0421949	0.191854	0.0673924	0.0377981	0.0609306	-0.159564	-0.0405675	-0.0707426	0.451633	-0.290345
-5.18707	1.18362	0.353888	0.880437	0.704543	-0.113953	0.170872	0.245859	0.146828	0.101644	0.0192515	0.194086	-0.171279	-0.0330917	0.215277	0.154334	-0.169635
-5.39322	-0.124722	0.0768348	0.0678729	0.121579	-0.266368	0.0372608	0.340404	0.0786337	-0.263821	-0.0236075	0.285371	-0.0532238	-0.112779	0.00836421	-0.0341759	-0.113607
-5.19728	-0.016938	0.536081	0.4258	0.408749	0.0438017	0.282307	0.56613	0.0542267	-0.0371312	0.0899725	0.231881	0.0292312	-0.160948	-0.110042	0.133801	-0.0532303
-5.32874	-0.0738062	0.372853	0.355808	0.429118	0.0979412	0.306652	0.349157	0.0185638	0.0696222	0.084979	0.232193	0.1989	-0.113697	-0.259732	0.00324438	-0.0691215
-5.57332	-0.197667	0.208425	0.111589	0.46257	0.113115	0.271944	0.17677	0.0721465	-0.0537625	-0.0237955	0.140664	0.0799493	-0.177134	-0.263988	0.108855	-0.0925454
-5.69913	-0.322631	0.340329	0.227606	0.514086	0.117689	0.446187	0.153334	0.0190436	-0.0269877	0.0166329	0.2597	0.124235	-0.126481	-0.0934203	0.191879	-0.228762
-5.78173	-0.44649	0.455288	0.108369	0.516307	-0.0281666	0.422147	0.150505	0.0751267	0.046919	0.0761583	0.180868	0.0979459	-0.0913169	-0.111562	0.123664	-0.127785
-5.82829	-0.537977	0.548918	0.0317035	0.479587	-0.199425	0.344673	0.247854	0.0358221	0.078117	0.138854	0.227116	0.172204	-0.0130654	-0.0723649	0.161537	-0.17397
-5.85207	-0.62895	0.56096	-0.0415901	0.443101	-0.0546899	0.472072	0.338641	0.0306878	0.0875974	0.147874	0.145755	0.2746	-0.0542707	-0.103673	0.236633	-0.189039
-5.89745	-0.637124	0.567696	-0.0750448	0.463389	0.0217234	0.523396	0.221737	-0.0389336	0.0400242	0.112236	0.149897	0.209448	0.0511319	0.0804215	0.233111	-0.210534
-5.957	-0.674632	0.359199	-0.232717	0.393987	-0.034205	0.506298	0.248878	-0.00932291	0.102862	0.144139	0.281029	0.268874	0.134622	0.183618	0.281448	-0.158139
-6.03679	-0.647296	0.439577	-0.215092	0.373999	-0.00952678	0.490669	0.279085	0.060804	0.0411987	0.197556	0.235907	0.205631	0.0885551	0.206757	0.41492	-0.0374559
-6.15949	-0.636123	0.552753	-0.0594739	0.466182	-0.0974349	0.305923	0.197802	0.0612152	0.0928611	0.283734	0.358054	0.0762277	-0.109081	0.177214	0.472011	-0.0133577
-6.18172	-0.557677	0.401396	-0.101616	0.487924	-0.0530437	0.292869	0.191683	0.0546062	0.173096	0.264118	0.202974	0.048468	-0.0291644	0.106732	0.394102	-0.0701045
-6.18702	-0.614213	0.366604	-0.126821	0.464461	-0.000147333	0.247671	0.176472	0.0443643	0.147553	0.204103	0.0609348	0.104105	0.181841	0.220745	0.49263	0.00584198
-6.14062	-0.53613	0.388995	-0.0985847	0.40148	-0.00801581	0.231368	0.244197	0.110258	0.153494	0.21178	0.109638	0.203373	0.0823135	0.234373	0.431977	-0.00147909
-6.13183	-0.491422	0.379844	-0.0505413	0.480474	-0.0800475	0.23476	0.358987	0.168483	0.127727	0.180948	0.155883	0.22449	0.0241861	0.159267	0.391731	-0.0586241
-6.26358	-0.528098	0.55401	0.0644191	0.600426	0.00813523	0.2174	0.335556	0.210398	0.0957748	0.228331	0.144682	0.133183	-0.0233156	0.119217	0.412375	0.0543235
-6.04786	-0.462368	0.594832	0.0104006	0.386962	-0.0488487	0.230339	0.32448	0.0886557	0.0364894	0.283401	0.321596	0.1016	0.0564971	0.19285	0.449065	0.068807
-5.89201	-0.538996	0.437624	0.0275694	0.335591	-0.0717234	0.187185	0.335205	0.0452864	0.0874017	0.314341	0.367445	0.164882	0.143807	0.203493	0.434739	0.0704161
-5.82592	-0.47407	0.509191	-0.0114446	0.361059	0.0243374	0.140233	0.257859	0.0570779	0.0923995	0.258685	0.280438	0.0839648	0.128006	0.298454	0.33733	0.0488624
-5.72876	-0.320769	0.469444	-0.0204861	0.359375	-0.0238527	0.0661144	0.182353	-0.107433	-0.119246	0.198176	0.217629	-0.0175445	0.0752563	0.255433	0.152658	-0.0964799
-5.68309	-0.133188	0.377856	-0.054783	0.34645	-0.168994	0.0273752	0.22414	0.000168545	-0.12465	0.00454585	0.116996	0.0919033	0.033253	0.190711	0.0854295	-0.0995213
-5.45134	-0.0684284	0.243469	0.0582742	0.302537	-0.273233	0.0331925	0.188425	-0.00626453	-0.216478	-0.0508876	0.22007	0.238803	0.0718115	0.0988926	0.030038	0.09533
-5.2713	0.285845	0.31906	0.0681196	0.299734	-0.195611	-0.0749557	0.173636	-0.0121697	-0.359669	-0.171469	0.153871	0.114902	-0.0717691	-0.047684	0.00968166	0.0813859
-5.01224	1.17349	0.466811	0.415922	0.354531	-0.307502	-0.207087	0.0623357	-0.237526	-0.24523	-0.265544	-0.000173665	0.0165202	-0.16958	-0.152272	0.148765	-0.0494391
-4.43357	1.55616	0.31483	0.578161	0.239688	-0.27658	-0.156095	0.0362454	-0.35982	-0.148501	-0.269222	-0.0090803	0.0458012	-0.181985	-0.039973	0.165681	-0.0979855
-4.1674	1.44733	0.234138	0.670207	0.136165	-0.370691	-0.280878	0.117736	-0.345496	-0.131135	-0.222822	-0.013935	0.0674703	-0.203652	0.00190411	0.192264	-0.165609
-4.2373	1.47814	0.243545	0.744715	0.162317	-0.37805	-0.325182	0.137396	-0.327984	-0.0832022	-0.227917	0.0269103	0.120019	-0.169442	0.0355215	0.23986	-0.20299
-4.16114	1.69065	0.288938	0.631732	0.116017	-0.33827	-0.376986	0.122762	-0.27403	-0.0645449	-0.200652	0.129881	0.0728608	-0.0593884	-0.046377	0.17644	-0.110739
-4.05278	1.60848	0.149328	0.566436	0.105886	-0.325093	-0.330081	0.156379	-0.236238	-0.0149843	-0.157535	0.0886261	0.0509791	-0.0997632	-0.0797548	0.179809	-0.108186
-4.37877	1.69798	0.254618	0.723667	0.0894815	-0.248852	-0.336612	0.210725	-0.140242	-0.0317399	-0.128557	0.136998	0.0530713	-0.0758028	-0.0425791	0.116495	-0.117921
-4.68221	1.97333	0.270719	0.645035	0.0837262	-0.403248	-0.415578	0.101151	-0.0955064	-0.0563408	-0.244015	0.119753	0.0679995	-0.086298	-0.131338	0.0879208	-0.144936
-4.98012	2.04515	0.351124	0.853238	0.24167	-0.497467	-0.529821	0.044586	-0.143689	-0.062096	-0.330672	0.159448	0.0896065	-0.0541743	-0.22718	0.0505652	-0.082511
-5.21894	2.05213	0.17982	0.739854	0.160151	-0.607092	-0.568962	-0.152741	-0.185255	-0.0939823	-0.347619	0.118617	-0.00284178	0.00433268	-0.208725	0.0628048	-0.0376582
-5.41399	2.1075	0.302728	0.481511	0.150445	-0.126764	-0.310244	-0.125822	-0.153485	-0.100277	-0.216801	0.0957561	0.105687	0.0253025	-0.20059	0.098248	0.00123197
-5.34153	2.4867	0.50224	0.287364	-0.0599388	0.180022	-0.108	-0.298938	-0.332444	-0.0790876	-0.137095	0.0358261	-0.0402938	0.0211966	-0.112048	0.015502	-0.0289593
-5.23296	2.70647	0.300238	0.239547	-0.185845	0.143598	0.0367772	-0.327233	-0.488429	-0.0359878	-0.113169	0.0778399	-0.119257	-0.0130678	-0.134881	0.0793162	0.0670155
-5.34785	2.75027	0.244959	0.219077	-0.169453	0.109559	0.0708014	-0.312188	-0.58663	-0.0162471	-0.160824	0.0858469	-0.0859028	-0.0395501	-0.0896597	0.0971009	0.127942
-6.10704	2.6201	0.383794	0.199403	-0.139527	0.142287	0.148008	-0.365638	-0.502123	-0.0935754	-0.0225918	0.128225	-0.00938491	-0.00402456	-0.0609241	0.164612	0.198429
-6.23919	2.25694	0.705303	0.310787	-0.0942171	-0.0391545	0.0135461	-0.0729834	-0.125402	-0.229718	-0.199174	-0.112677	-0.00851947	0.0640298	-0.0326823	-0.0388965	-0.036384
-6.25027	3.04211	1.04076	0.249753	-0.573351	0.0173786	0.260757	-0.188086	-0.1913	-0.177272	-0.27595	-0.155374	-0.0441403	0.0417751	-0.0683679	0.038838	-0.0326474
-6.18182	3.18941	0.918616	0.39251	-0.630209	0.0530598	0.210636	-0.142725	-0.183401	-0.215909	-0.324361	-0.20768	-0.0941519	0.0762778	-0.0784648	0.0974263	-0.0957631
-5.75762	2.79777	0.84623	0.344524	-0.490707	-0.0467968	0.171119	-0.142942	-0.196464	-0.240683	-0.325334	-0.169992	0.0012629	0.0110936	-0.0882691	-0.0811127	-0.227976
-5.55661	3.02447	0.748682	0.455864	-0.620202	0.0463795	0.237667	-0.0919452	-0.253911	-0.212172	-0.375615	0.0472367	-0.0946237	0.0877292	-0.128784	0.0838114	-0.170966
-5.33398	2.96051	0.670162	0.307612	-0.678704	0.218411	0.348371	-0.127272	-0.328012	-0.18517	-0.336672	-0.085259	-0.209711	0.0414705	-0.0586308	0.0625108	-0.0453158
-4.91389	2.79739	0.509053	0.279552	-0.548606	0.394438	0.564077	-0.0693537	-0.288087	-0.138002	-0.407271	-0.182491	-0.299159	-0.0429335	0.0711533	0.087256	0.176936
-4.48702	2.6756	0.658475	0.461571	-0.610449	0.216484	0.406792	0.0585836	-0.240535	-0.176198	-0.0969563	0.178947	-0.0199082	-0.06634	-0.115878	0.0689206	0.16726
-4.39161	2.65365	0.568196	0.309221	-0.510984	0.419173	0.408666	0.0632653	-0.200607	-0.106208	-0.224329	0.0189027	-0.0524928	-0.0474305	-0.119223	0.150687	0.208556
-4.37157	2.69841	0.440742	0.287746	-0.606542	0.335311	0.333009	-0.00448011	-0.363387	-0.153595	-0.195573	0.148405	-0.103762	-0.184729	-0.193235	0.0506079	0.13948
-4.43064	2.74857	0.282431	0.393121	-0.560693	0.332756	0.155391	-0.228774	-0.169506	-0.163922	-0.154437	0.0583136	-0.158799	-0.146633	-0.14743	-0.0671705	0.0653134
-4.15079	2.8679	0.403815	0.362945	-0.263414	0.625506	0.232674	-0.113926	-0.211288	0.195375	0.141036	0.180331	-0.144577	-0.0233603	0.00603731	0.124904	0.196007
-4.12449	2.91767	0.331194	0.388152	-0.107509	0.589599	0.0914648	-0.0418984	-0.317182	0.348745	0.245649	0.0913931	-0.13331	-0.0066271	0.0247739	0.182813	0.116999
-4.07453	2.84356	0.35842	0.185167	0.184807	0.449886	-0.121085	0.0932549	-0.269177	0.302727	0.163553	0.044582	-0.101615	0.0304458	0.0385849	0.103054	0.0595105
-4.37158	3.01891	1.17379	0.199158	0.0190836	0.637123	0.264004	0.272748	-0.231825	0.358352	0.424074	0.312513	-0.0670361	-0.0145771	0.400914	0.262431	0.127091
-4.1124	2.59815	0.85702	0.436528	0.312224	0.548763	0.192532	0.0968693	-0.0360757	0.51265	0.152184	0.134771	0.127683	0.256192	0.00744271	0.257836	0.22005
-4.56137	2.45837	0.770813	0.33859	0.287596	0.180758	0.036139	-0.0814442	0.0657686	0.123099	-0.0772225	-0.0741439	0.218891	-0.0586789	-0.0884001	0.110136	-0.0331319
-4.75224	2.11884	0.806652	0.251313	0.554391	0.122238	0.0116312	-0.125682	0.104425	0.157837	-0.133981	-0.00316637	-0.0480859	0.0446078	0.0584045	-0.108484	-0.118273
-5.04043	1.51691	0.782727	0.252789	0.567708	0.0239617	0.0579904	-0.124137	0.246136	0.0545011	-0.228815	-0.135117	0.0650235	-0.0884008	-0.203056	-0.129798	-0.305152
-5.12692	1.13953	0.959523	0.147597	0.96177	0.561778	0.523342	-0.000758637	0.132386	0.295642	0.128474	-0.0446	0.0571508	-0.126987	-0.0929166	0.0348838	0.0104084
-5.11789	0.491257	0.923075	0.63356	1.17912	0.284536	0.574911	0.41498	0.683899	0.505536	0.175636	0.248535	0.096117	0.144296	0.211721	-0.0320154	-0.134129
-5.28642	0.231516	0.530102	0.257223	0.756635	-0.0904045	0.441694	0.232608	0.426888	0.484877	0.262713	0.130332	0.260367	0.0325649	-0.0601333	-0.0681049	-0.143822
-5.28741	-0.18927	0.525043	0.128093	0.603345	-0.258751	0.160519	0.101373	0.165339	0.104569	-0.00653509	-0.0376976	-0.00304658	0.00557808	-0.0478055	-0.200469	-0.220435
-5.4156	-0.34089	0.430335	-0.11835	0.51546	-0.166512	0.217083	0.064193	0.0881872	0.136553	-0.069869	0.0150212	-0.022311	-0.0670626	0.0120546	-0.127348	-0.0851242
-5.32511	-0.294192	0.341323	-0.106253	0.540774	-0.185393	0.21541	0.021707	0.154452	0.174708	-0.176573	0.0249047	0.0620969	-0.0427299	0.223724	-0.00890409	-0.0297672
-5.21373	-0.232525	0.288336	-0.240302	0.504946	-0.134645	0.178792	-0.00109702	0.167203	0.233251	-0.10622	-0.000414187	0.105232	0.0175484	0.237374	0.228934	0.040443
-5.20047	-0.181763	0.230091	-0.277935	0.626558	-0.0344382	0.347328	0.132785	0.185745	0.1437	-0.0885922	-0.00325075	0.136962	0.102149	0.237961	0.208412	0.0420079
-4.96297	-0.0897271	0.0277133	-0.350011	0.652894	-0.0320921	0.337602	-0.0447264	0.019957	0.160355	0.100744	0.145414	0.147988	0.120306	0.246777	0.1204	0.0240105
-4.54183	0.469542	-0.0241351	-0.390415	0.433556	-0.0429875	0.285336	0.0326978	0.0169719	0.180831	0.157481	0.229463	0.109585	-0.0529677	0.314232	0.243397	0.120263
-4.28334	1.13003	-0.0192143	-0.469798	0.195341	-0.0815787	0.308995	0.160038	-0.0345008	0.28688	0.143749	0.270413	0.200203	-0.00550043	0.240825	0.119688	0.0812127
-4.42605	1.4727	-0.00737611	-0.695943	0.123364	0.0941712	0.295376	0.126927	0.0614913	0.371395	0.20482	0.263566	0.149464	0.0845223	0.243263	0.035387	0.0870328
-5.01166	1.48992	0.091477	-0.775403	0.123793	0.263639	0.281559	0.169708	0.241478	0.355473	0.301355	0.281548	0.0817655	0.109255	0.218781	0.055329	-0.0531462
-6.18422	1.34925	0.197874	-0.591098	0.134927	0.292434	0.373507	0.152308	0.255368	0.325585	0.318081	0.330752	0.0640803	0.111576	0.170206	0.0483306	-0.00395049
-7.21073	1.55267	0.142743	-0.131353	0.331987	0.398491	0.0241817	0.201099	0.283456	0.385226	0.243559	0.0523365	-0.0406955	0.0462395	0.274044	0.0512907	-0.0775574
-7.28334	1.19339	-0.162278	0.039983	0.421605	0.613478	0.070652	0.198794	0.182399	0.196865	0.165604	0.0221525	0.16471	0.116707	0.207816	-0.0525302	-0.0307498
-7.12477	0.86049	-0.381863	0.0936066	0.593127	0.759424	-0.131987	0.198509	0.19536	0.205839	0.28231	0.0517833	0.243107	0.159678	0.284553	0.115973	0.0374456
-7.01903	0.720933	-0.495092	0.0846157	0.744693	0.950663	-0.281963	0.26263	0.147663	0.137195	0.368791	0.158656	0.121935	0.0471427	0.285764	0.0780139	0.0376093
-7.25041	0.743724	-0.426721	0.0926909	0.821196	1.03781	-0.254854	0.334845	0.121832	0.134128	0.305868	0.131418	0.0612305	0.059608	0.246361	-0.00246671	0.0351674
-6.57982	1.38803	-0.214269	-0.437139	0.442083	0.86477	-0.0990068	0.0309102	-0.132357	0.157982	0.286797	0.15494	0.190619	0.269693	0.304871	0.203224	0.0436005
-5.47281	1.49914	-0.343457	-0.674468	0.24363	0.793924	-0.178483	-0.282156	-0.104273	0.0898628	0.212052	0.0494072	0.147339	0.0990093	0.251005	0.152956	-0.0150663
-4.92689	1.6046	-0.373611	-0.7942	0.0738263	0.758899	-0.0838396	-0.284218	0.053885	0.0586125	0.175198	0.0838917	0.0659199	-0.0941802	0.354351	0.231683	-0.024597
-4.57936	1.55393	-0.397452	-0.827988	-0.134975	0.681001	0.181802	-0.27689	0.0092565	-0.0330486	0.22731	0.0528848	0.0455788	-0.116083	0.207643	0.25671	-0.0639725
-4.35244	1.51715	-0.257439	-0.867518	-0.193989	0.587607	0.329204	-0.256648	0.0387415	0.068201	0.385814	0.00515219	0.0222932	-0.101018	0.0365296	0.18447	-0.0990084
-4.16849	1.48731	-0.118955	-0.859513	-0.28167	0.54886	0.229041	-0.273149	-0.0917881	0.00990168	0.326387	0.00587289	0.0769828	-0.20636	-0.114662	0.120375	-0.12495
-4.27242	1.49723	0.0364417	-0.706827	-0.368682	0.644992	0.153579	-0.209874	0.000149933	0.080193	0.360063	0.154878	0.128625	-0.200002	-0.0625373	0.047632	-0.123228
-4.45649	1.34369	0.212153	-0.457537	-0.557126	0.438773	0.206886	0.0172011	0.0561678	-0.00564224	0.304393	0.128585	0.103729	-0.0582941	-0.106419	-0.00365245	-0.0163237
-4.45673	1.20122	-0.151944	-0.620188	-0.623872	0.404521	0.481163	0.259954	0.245173	-0.00375328	0.179991	0.0475722	0.0153012	0.0257104	-0.0520452	0.0789099	0.0709393
-4.47609	1.10166	-0.375894	-0.69458	-0.542101	0.571143	0.746676	0.397677	0.204061	-0.0471905	-0.0310004	0.044901	-0.0106907	0.0495331	0.0477233	0.0641197	0.0430584
-4.59839	1.16557	-0.390818	-0.730019	-0.745868	0.58263	0.62696	0.471016	0.23026	0.0480876	-0.0773938	0.271771	0.04021	0.00902481	0.00218239	-0.0140722	-0.055069
-4.675	1.30487	-0.4417	-0.821648	-0.899394	0.624526	0.655044	0.352307	0.169459	0.069216	-0.189341	0.172339	-0.117129	0.0494234	0.0865597	0.0483253	-0.0745892
-4.80334	1.34577	-0.675195	-0.843724	-0.879707	0.600239	0.667718	0.276643	0.127666	0.0455638	-0.274451	0.162823	-0.147889	-0.0615699	0.0151458	-0.0303375	-0.0904285
-4.83467	1.46904	-0.586349	-0.582159	-0.656583	0.631697	0.638529	0.0525707	-0.000449274	0.195898	-0.215715	0.127186	-0.260013	-0.1041	-0.0207777	-0.0516452	-0.228126
-4.84092	1.62401	-0.484432	-0.440304	-0.553028	0.531938	0.507957	-0.0087091	-0.21257	0.0236354	-0.333951	0.0664467	-0.299013	-0.147557	-0.0279775	-0.0718439	-0.172908
-4.74451	1.90708	-0.242955	-0.385717	-0.705662	0.501357	0.48957	0.0399562	-0.340539	-0.0402397	-0.382559	0.185523	-0.243738	-0.188599	-0.159523	-0.0860261	-0.186456
-4.72895	2.3836	0.298164	0.0569651	-0.38914	0.638763	0.883113	0.555096	-0.176177	0.0843948	-0.134621	0.830278	0.187163	0.121056	-0.0452529	-0.0345437	0.227224
-4.52958	1.97918	0.142587	-0.188374	-0.841605	0.309354	0.609755	0.170099	-0.209514	0.0215061	-0.533508	0.00172724	-0.230522	-0.420449	-0.141669	-0.243596	0.0487219
-4.27747	2.17342	0.223563	-0.126934	-0.912984	0.446436	0.576263	0.087262	-0.258274	0.233633	-0.22954	0.222195	-0.360772	-0.16148	-0.00472579	-0.128519	0.236662
-4.24213	2.16473	0.155536	-0.190302	-0.933231	0.56839	0.512123	0.200452	-0.153553	0.184951	-0.390042	0.170348	-0.104143	-0.273777	-0.0566604	-0.0227994	0.274441
-4.36824	2.2546	0.0974967	-0.0769524	-1.05385	0.416267	0.551193	0.251227	-0.0970922	0.0599161	-0.319083	0.328531	-0.199565	-0.290841	0.0193498	-0.0336538	0.276719
-4.49649	2.27888	0.232579	-0.405977	-0.864815	0.309688	0.662322	0.0876936	-0.200894	0.0558115	-0.316524	0.250119	-0.13943	-0.252071	0.0277745	-0.205196	0.144827
-4.68065	2.29883	0.249705	-0.179006	-1.1119	0.365151	0.345746	0.15543	-0.108489	0.0590676	-0.432977	0.120365	-0.0546824	-0.167196	-0.184802	-0.260292	0.0419385
-4.87115	2.4134	0.21945	-0.403823	-0.990724	0.520239	0.340737	0.0697262	-0.188223	0.275614	-0.540656	0.202853	-0.359711	-0.244433	-0.0757157	-0.261269	0.0594869
-4.77271	2.12152	0.125629	-0.371353	-0.898548	0.266047	0.398497	0.206515	-0.169161	0.1196	-0.359555	0.193049	-0.177168	-0.218494	-0.0140802	-0.230395	0.0296209
-4.81759	2.25908	0.225678	-0.354854	-0.945891	0.299322	0.417184	0.228719	-0.142649	0.119252	-0.426497	0.196771	-0.160969	-0.236555	-0.0689246	-0.200095	0.0265729
-4.86986	2.10734	0.26994	-0.29412	-0.926155	0.349741	0.40216	0.130659	-0.080213	0.0463548	-0.483119	0.0688273	-0.184832	-0.235786	-0.0369273	-0.21728	-0.0312827
-4.90522	2.15466	0.34731	-0.274699	-1.03118	0.386221	0.416667	0.162081	-0.122124	0.098527	-0.461654	0.129668	-0.128103	-0.19116	0.0700803	-0.265042	0.0188218
-5.09161	2.12305	0.498016	-0.156121	-1.03104	0.363205	0.488627	0.192155	-0.119323	0.147131	-0.370116	0.181716	-0.135364	-0.1594	0.10235	-0.23656	-0.00564467
-5.09273	2.22627	0.374383	-0.154009	-1.03382	0.324295	0.391057	0.120978	-0.0990247	0.174314	-0.374516	0.0874175	-0.125158	-0.224461	0.0124755	-0.264132	0.0324418
-5.3059	2.27006	0.408433	-0.198175	-1.06899	0.281726	0.423602	0.028328	-0.129722	0.212679	-0.443018	0.0794289	-0.0743565	-0.195078	0.03864	-0.446645	-0.0691346
-5.60647	2.09859	0.44268	-0.122987	-0.9237	0.334261	0.447541	0.203696	0.0567261	0.165728	-0.405583	0.133885	-0.153749	-0.197278	0.060025	-0.432621	-0.0441539
-5.4545	2.1806	0.45273	-0.110414	-1.05972	0.309436	0.403749	0.143382	0.0381057	0.15589	-0.433099	0.0636989	-0.195847	-0.0945114	0.12466	-0.342139	0.0199565
-5.39691	2.23804	0.451329	-0.100727	-1.11912	0.428245	0.372564	0.0961236	-0.0539693	0.117027	-0.542319	0.00159874	-0.122715	0.0225927	0.12683	-0.344326	-0.115343
-5.55082	2.3925	0.533419	-0.110764	-1.10229	0.312987	0.384433	0.161914	0.145867	0.113471	-0.559748	0.0855018	-0.203764	-0.156414	0.0267452	-0.316527	-0.0929895
-5.57042	2.37536	0.584143	-0.10399	-1.17776	0.240749	0.288439	0.171213	0.206866	0.0257565	-0.5872	0.192691	-0.256619	-0.324866	-0.0392846	-0.243148	-0.0548874
-5.53221	2.23838	0.575531	-0.0940472	-1.15687	0.235148	0.325663	0.228369	0.121693	0.0513851	-0.443908	0.278492	-0.37275	-0.201278	-0.109183	-0.33225	-0.0250432
-5.45379	2.15802	0.547423	-0.0499357	-1.03013	0.26225	0.293874	0.249195	0.040671	0.108558	-0.486267	0.258899	-0.386215	-0.0395427	-0.11523	-0.3649	-0.0107929
-5.50745	2.18447	0.615994	-0.086806	-0.977007	0.31111	0.261739	0.227113	0.00442958	0.0218202	-0.421365	0.289192	-0.360708	0.0117626	-0.0831197	-0.354151	0.0232419
-5.41755	2.21893	0.639197	-0.251471	-1.05643	0.355909	0.337313	0.0810559	-0.0601735	-0.018548	-0.414362	0.276824	-0.436073	-0.0558624	-0.024706	-0.313791	-0.0475722
-5.27259	2.1102	0.696479	-0.377846	-0.960831	0.424036	0.345624	0.11161	-0.0148049	0.0596256	-0.425938	0.396274	-0.344215	0.0401829	-0.0553336	-0.257515	-0.10889
-5.23499	2.13893	0.87407	-0.320139	-1.00736	0.417492	0.22487	0.130106	-0.00394411	0.0995122	-0.431557	0.472776	-0.304371	0.135586	-0.0269352	-0.136628	-0.130942
-5.14918	2.03769	0.81893	-0.296465	-0.987651	0.411767	0.225463	0.00134551	-0.0566719	-0.0298165	-0.528295	0.413574	-0.309075	0.127904	-0.0483942	-0.171147	-0.150875
-5.22539	2.02547	0.745587	-0.366982	-1.02752	0.445857	0.312969	-0.0455745	-0.0314081	-0.0385209	-0.47317	0.403554	-0.285479	0.105411	-0.139349	-0.235658	-0.100422
-5.29818	1.95989	0.704365	-0.38626	-0.832246	0.445602	0.323135	0.0731893	-0.0654417	-0.0234145	-0.34027	0.457072	-0.287639	-0.0385833	-0.169767	-0.165944	-0.16656
-5.23248	1.89387	0.597747	-0.351011	-0.843772	0.305166	0.212796	-0.0966019	-0.232118	-0.185672	-0.462749	0.346128	-0.350908	-0.0499315	-0.276979	-0.265869	-0.16023
-5.38764	1.86024	0.753561	-0.194087	-0.823837	0.48928	0.337494	-0.16431	-0.264945	-0.104367	-0.404899	0.430356	-0.414404	0.0165219	-0.324531	-0.254136	-0.151273
-5.59551	1.94846	0.811092	0.0532309	-0.698599	0.369635	0.474639	-0.0189123	-0.121374	-0.0510454	-0.35693	0.5465	-0.384133	0.0892812	-0.308014	-0.0269755	-0.0678049
-6.04308	1.76228	0.789925	0.123258	-0.226347	0.422973	0.587107	-0.000237755	0.0262685	0.0443858	-0.238235	0.424933	-0.174297	0.0318049	-0.283639	-0.0729207	-0.0827361
-6.39614	1.41631	0.709392	0.369375	0.225764	0.492442	0.43749	-0.0964158	-0.0423168	0.156209	0.0666054	0.260797	-0.131722	-0.215382	-0.301757	-0.103675	0.00826044
-6.69426	1.2388	0.76477	0.381157	0.1836	0.445363	0.362062	-0.0257901	-0.0231058	0.125074	0.00909025	0.0868368	-0.184102	-0.187464	-0.251354	-0.0740358	-0.0517866
-7.38713	1.16909	0.810285	0.418436	0.16328	0.408544	0.253771	0.0300525	-0.0485509	0.0307491	-0.123777	-0.12413	-0.153208	-0.0642552	-0.149002	-0.232783	-0.259985
-8.13286	1.73276	0.937922	0.473643	0.21869	0.318504	0.183734	0.00606116	-0.100961	0.0246341	0.137468	0.178911	0.0970607	-0.137756	-0.114076	-0.0844754	-0.194466
-8.70338	2.07645	0.846143	0.508197	0.272484	0.279803	0.151517	-0.0419468	-0.0880492	0.155003	0.0614157	0.307506	0.20317	-0.0474708	-0.0850703	-0.0329676	-0.100343
-8.85401	1.77661	0.666605	0.364686	0.351232	0.32757	0.201829	0.0995409	0.0346863	0.175382	0.18636	0.278242	0.177811	0.00248554	-0.105447	-0.0108427	-0.0744599
-9.06978	1.63507	0.711156	0.48671	0.445523	0.43107	0.273949	0.191148	0.10405	0.186176	0.15552	0.136838	0.0300248	0.0622718	-0.0443388	-0.0619714	-0.0720239
-8.97521	1.50496	0.630456	0.606959	0.453301	0.440236	0.26083	0.0981598	0.179723	0.166341	0.0974969	0.124598	0.0912865	0.0519478	-0.0668203	-0.123354	0.00549175
-8.54635	1.30961	1.18783	0.235573	0.468565	0.153263	0.154876	0.0556883	0.0774488	0.198391	-0.0103824	0.24098	0.145354	0.181417	0.06224	0.0203842	0.103566
-7.52893	1.26931	1.49758	-0.0328418	0.296775	-0.17525	-0.029265	0.0742301	-0.114528	0.160533	-0.0179517	0.0869137	-0.0787062	0.139783	0.116726	-0.0278922	0.17546
-6.70237	0.954241	1.26844	-0.0605142	0.396358	-0.143127	-0.172998	0.0324606	-0.101489	0.0673087	-0.0955366	0.0820741	-0.0520315	0.12787	0.0719047	-0.088635	0.155189
-6.13958	0.397064	1.10793	0.0560659	0.467269	0.0328722	-0.112169	0.143611	-0.0870239	-0.119296	-0.109951	0.166455	0.0575513	0.154262	-0.0301738	-0.0301704	0.166732
-5.88642	-0.12844	0.989021	0.147475	0.547127	0.193428	-0.0555441	0.0879175	-0.0461522	-0.23979	-0.104265	0.200067	0.102451	0.0829166	0.02401	0.0762714	0.2816
-5.67387	-0.0431773	1.18048	0.269184	0.521496	0.0216071	-0.231701	-0.106084	-0.0132556	-0.130908	0.0154423	0.289371	0.102055	-0.00804787	-0.000239829	0.0479462	0.156905
-5.62671	0.181045	1.15078	0.26029	0.538627	-0.187833	-0.219565	-0.164443	-0.14315	-0.0368454	-0.0579512	0.256344	0.128933	0.0426387	-0.0968062	0.0347407	0.109674
-5.64861	0.260332	0.919957	0.0640257	0.684204	-0.292847	-0.0412107	-0.00133665	-0.0722732	-0.0751689	-0.124312	0.276357	0.203173	0.0946874	-0.0141108	0.189033	0.078636
-5.85221	0.124285	0.69805	-0.0225917	0.61741	-0.233919	0.0664441	0.269248	0.105394	-0.136695	-0.219107	0.281505	0.121202	0.0974253	0.0204066	0.242664	0.066265
-5.80239	0.352984	0.303424	0.00426103	0.463329	-0.334654	-0.11412	0.267114	0.130661	-0.106389	-0.091401	0.401275	0.171543	0.0671982	0.105226	0.266944	0.169545
-5.8736	0.630722	0.0905001	0.0774651	0.406772	-0.349887	-0.060935	0.34445	0.118957	-0.110958	-0.0025564	0.60364	0.342557	-0.0125089	0.0143269	0.200128	0.134884
-5.88313	0.820958	-0.0273989	-0.0219182	0.403092	-0.239453	-0.045296	0.278917	0.201715	-0.00683796	-0.048193	0.563346	0.312247	-0.0170471	0.0206728	0.145847	0.122198
-6.12792	1.08834	-0.0167245	0.135281	0.43961	-0.15216	-0.153841	0.19265	0.283563	-0.000796554	-0.161533	0.359387	0.31819	-0.0391445	-0.111869	0.0883273	0.00448114
-6.58341	1.14116	0.018548	0.143292	0.362088	-0.185918	-0.238294	0.318578	0.175312	-0.0700013	-0.185134	0.387104	0.278864	-0.0852451	-0.114189	-0.0248143	-0.136625
-7.02907	1.21661	0.0467026	0.267162	0.227975	-0.164633	-0.187168	0.394765	0.204072	0.0885629	-0.0711666	0.429547	0.28186	-0.11533	0.0367844	0.217828	0.0476995
-7.3225	1.52139	-0.0154024	0.138697	0.108716	-0.0714042	-0.102806	0.418214	0.13175	0.0608171	-0.0825554	0.162387	0.255012	-0.0265272	0.0537225	0.355757	0.0719206
-7.57843	2.01131	-0.0601222	0.118955	0.233442	0.0016768	-0.0645308	0.319265	0.138225	0.128891	-0.157307	0.131064	0.300729	0.00793888	0.0192137	0.421532	-0.0455595
-8.05581	2.08603	0.00191682	0.184575	0.19342	0.0789853	-0.109687	0.121985	0.201834	0.163282	-0.141842	0.28562	0.342434	-0.00028871	-0.0896223	0.405925	-0.082324
-8.51134	1.95674	0.3624	0.341655	0.252515	0.175931	-0.0973187	0.066259	0.215007	0.0346869	-0.114709	0.274262	0.35538	0.159734	-0.0571064	0.22031	-0.203563
-8.77645	1.86534	0.444562	0.297006	0.235028	0.183102	0.0766817	0.305636	0.153537	0.117824	-0.055883	0.140489	0.205539	0.0599502	-0.0677543	0.14885	-0.0624653
-9.08214	1.7005	0.429672	0.337078	0.298275	0.148564	0.181651	0.447747	0.214469	0.101802	0.00919225	0.197609	0.171716	0.0495665	0.0469036	0.185888	0.0706583
-9.36689	1.40602	0.465629	0.439575	0.341414	0.171837	0.144895	0.438393	0.338756	0.155493	0.0230925	0.200696	0.216914	0.112686	0.154374	0.354741	0.217713
-9.51743	1.21691	0.512913	0.404296	0.352917	0.179701	0.184191	0.406918	0.194431	0.167734	0.115437	0.23769	0.227888	0.207515	0.229029	0.160928	0.0934681
-9.49445	1.19275	0.383352	0.289839	0.331874	0.208253	0.110215	0.249144	0.114534	0.129339	0.0852962	0.123716	0.113611	0.202279	0.234255	0.124852	0.0548664
-9.40083	1.23764	0.399146	0.37043	0.324845	0.25408	0.161937	0.13605	0.155038	0.23209	0.078277	0.194654	0.107849	0.150881	0.192141	0.178096	0.129472
-9.33658	1.22455	0.438278	0.428491	0.379548	0.323388	0.269451	0.1803	0.158878	0.246134	0.114536	0.293287	0.0911969	0.101771	0.0786794	0.238598	0.212874
-9.40532	1.21537	0.513268	0.441894	0.401657	0.427465	0.218107	0.302342	0.210579	0.277488	0.218973	0.290672	0.195936	0.174953	0.0733265	0.169123	0.131874
-9.3196	1.29121	0.596714	0.497509	0.353269	0.366007	0.23298	0.338883	0.252104	0.303065	0.220026	0.230639	0.203765	0.163451	0.11524	0.112763	0.123553
-9.47143	1.24502	0.514529	0.497919	0.45605	0.461448	0.309943	0.302534	0.349233	0.400083	0.205154	0.336595	0.216337	0.133186	0.115803	0.102091	0.0815933
-9.37159	1.32011	0.562304	0.57717	0.464975	0.403829	0.23563	0.220194	0.301819	0.35094	0.176316	0.283778	0.192466	0.170978	0.176576	0.160296	0.0105797
-9.21978	1.33024	0.403243	0.454137	0.386743	0.320744	0.272496	0.270987	0.266321	0.256741	0.16675	0.210856	0.124029	0.149318	0.169108	0.203186	0.137703
-9.44793	1.25626	0.430419	0.44371	0.445727	0.337446	0.288825	0.34431	0.285118	0.223833	0.226503	0.338031	0.176969	0.117337	0.0952437	0.15705	0.169759
-9.38483	1.30798	0.430698	0.395011	0.37604	0.353962	0.291463	0.279285	0.206693	0.165946	0.23425	0.342975	0.195959	0.195267	0.0960502	0.168816	0.168432
-8.99578	1.4998	0.485018	0.437932	0.382452	0.308744	0.317707	0.254145	0.222249	0.159346	0.171777	0.191328	0.0583818	0.104475	0.0895892	0.121546	0.117788
-8.38197	1.46582	0.438153	0.379403	0.283184	0.219168	0.203607	0.151318	0.165288	0.123397	0.137478	0.05183	0.0133924	0.0909437	0.0893532	0.0390094	0.0358253
