-1e+10
-1e+10
-1e+10
-1e+10
-1e+10
-1e+10
-1e+10
-1e+10
-1e+10
-1e+10
-1e+10
-1e+10
-1e+10
-1e+10
-1e+10
-1e+10
-1e+10
-1e+10
-1e+10
-1e+10
-1e+10
-1e+10
-1e+10
-1e+10
-1e+10
-1e+10
-1e+10
-1e+10
-1e+10
-1e+10
-1e+10
-1e+10
-1e+10
-1e+10
-1e+10
-1e+10
-1e+10
-1e+10
-1e+10
-1e+10
-1e+10
-1e+10
-1e+10
-1e+10
-1e+10
-1e+10
-1e+10
-1e+10
-1e+10
-1e+10
-1e+10
-1e+10
-1e+10
-1e+10
-1e+10
-1e+10
-1e+10
-1e+10
-1e+10
-1e+10
5.50543
5.50806
5.57231
5.57354
5.581
5.60916
5.63524
5.64979
5.66232
5.67384
5.68196
5.68673
5.68736
5.68394
5.6779
5.67134
5.66627
5.66666
5.67628
5.69139
5.70659
5.72082
5.73284
5.74164
5.74731
5.75175
5.75648
5.76185
5.767
5.77199
5.77736
5.78236
5.78433
5.78078
5.76875
5.74846
5.72598
5.70894
5.69978
5.70194
5.71356
-1e+10
-1e+10
-1e+10
-1e+10
-1e+10
-1e+10
-1e+10
-1e+10
-1e+10
-1e+10
-1e+10
-1e+10
-1e+10
-1e+10
-1e+10
-1e+10
-1e+10
-1e+10
-1e+10
-1e+10
-1e+10
-1e+10
-1e+10
-1e+10
-1e+10
-1e+10
-1e+10
-1e+10
-1e+10
-1e+10
-1e+10
-1e+10
-1e+10
-1e+10
-1e+10
-1e+10
-1e+10
5.92104
5.92019
5.9141
5.90675
5.90178
5.89856
5.89563
5.89188
5.88666
5.87976
5.87213
5.86211
5.84866
5.8283
5.80332
5.78191
5.76067
5.7305
5.69204
5.63818
5.57351
5.50587
5.463
5.42229
5.38759
5.33984
5.29868
5.2491
5.22152
5.1911
5.1722
5.1575
-1e+10
-1e+10
-1e+10
-1e+10
4.46725
4.45997
4.45433
4.4526
4.45721
4.47135
4.48902
4.50798
4.53306
5.24812
5.26528
5.27888
5.28842
5.29485
5.29725
5.29641
5.29408
5.29057
5.28506
5.27597
5.25894
-1e+10
-1e+10
-1e+10
-1e+10
-1e+10
-1e+10
-1e+10
-1e+10
-1e+10
-1e+10
-1e+10
-1e+10
-1e+10
-1e+10
-1e+10
5.42518
5.41395
5.39293
5.36921
5.36419
5.36193
5.35995
5.3573
5.35447
5.35288
5.35264
5.35304
5.35337
5.35362
5.35426
5.35564
5.35738
5.35876
5.36013
5.36255
5.36629
5.36994
5.37212
5.37344
5.37512
5.37776
5.38128
5.38512
5.38835
5.39063
5.39182
5.39193
5.39087
5.38876
5.38574
5.38138
5.37325
5.27517
5.27638
5.27408
5.27278
5.27295
-1e+10
-1e+10
-1e+10
-1e+10
-1e+10
-1e+10
-1e+10
-1e+10
-1e+10
-1e+10
-1e+10
-1e+10
-1e+10
-1e+10
5.31033
5.3084
5.31016
5.31374
5.317
5.31762
5.3154
5.31226
5.31019
5.31011
5.31152
5.31256
5.31167
5.30833
5.30192
5.29022
5.26077
5.21374
5.19358
5.20704
5.23697
5.28909
5.45515
5.45953
5.44667
5.39372
5.37164
5.36555
5.36234
5.35951
5.35566
5.35191
5.35005
5.34979
5.35011
5.35034
5.35087
5.35296
5.35783
5.36512
5.37301
5.37845
5.38074
5.37964
5.37482
5.36433
5.34371
5.30739
5.27875
5.25071
5.22068
5.19245
5.18498
-1e+10
-1e+10
-1e+10
-1e+10
-1e+10
5.38177
5.35888
5.34798
5.34086
5.33418
5.32435
5.30812
5.28394
5.26144
5.24631
5.23334
5.21857
5.20359
5.19246
5.18426
5.17641
5.16837
5.16124
5.15578
5.15187
5.14949
5.14789
5.14629
5.1443
5.14242
5.14128
5.14058
5.13941
5.13748
5.1355
4.44
4.43718
4.43353
4.43156
4.43239
4.43483
4.43675
4.43709
4.43606
4.43436
4.43198
4.42804
4.42293
4.41792
4.41143
4.46017
4.45572
4.45261
4.45024
4.448
4.43914
4.43176
4.42977
4.42717
4.42723
4.43098
4.43671
4.60535
4.59996
4.60205
4.60785
4.61753
-1e+10
-1e+10
-1e+10
-1e+10
-1e+10
-1e+10
-1e+10
-1e+10
-1e+10
-1e+10
-1e+10
-1e+10
-1e+10
-1e+10
-1e+10
-1e+10
-1e+10
-1e+10
-1e+10
-1e+10
-1e+10
-1e+10
-1e+10
-1e+10
-1e+10
-1e+10
-1e+10
-1e+10
-1e+10
-1e+10
-1e+10
-1e+10
-1e+10
-1e+10
-1e+10
-1e+10
-1e+10
-1e+10
-1e+10
-1e+10
-1e+10
-1e+10
-1e+10
-1e+10
-1e+10
-1e+10
-1e+10
-1e+10
-1e+10
-1e+10
-1e+10
-1e+10
-1e+10
-1e+10
-1e+10
-1e+10
-1e+10
-1e+10
-1e+10
-1e+10
-1e+10
-1e+10
-1e+10
-1e+10
-1e+10
-1e+10
-1e+10
-1e+10
