0
0
0
0
0
0
0
0
0
0
0
0
0
0
1103.19
1125
1437.5
4246.48
5315.67
6032.31
6032.31
6843.31
6032.31
5739.77
5609.38
4485.25
4155.63
4155.63
3348.89
3348.89
2495.85
2293.28
2293.28
2293.28
3835.25
4068.21
4254.43
4254.43
5028.9
5028.9
5078.44
6689.11
6689.11
6689.11
6726.84
6726.84
6085.66
6085.66
6085.66
5322.62
3128.99
2641.39
2212.89
2212.89
2212.89
2660.18
3623.91
5302.37
5302.37
6423.47
6423.47
6708.93
6734.38
6734.38
6734.38
3822.47
3822.47
3014.03
3057.07
3822.47
3057.07
3057.07
3057.07
2640.62
2640.62
4006.3
2722.7
4006.3
4006.3
2722.7
2182.32
1946.68
1581.66
1375
1253.29
1140.62
1140.62
1375
2404.67
5249.71
6839.37
7182.38
7206.26
7206.26
7182.38
7206.26
7206.26
7781.25
7781.25
7781.25
5030.27
1557.77
1388.49
1371.12
1131.88
1109.38
0
0
0
0
0
0
0
0
0
0
0
0
0
0
0
0
0
0
0
0
0
0
0
0
0
0
0
0
0
0
0
0
0
0
0
1053.65
2391.4
2656.25
5410.3
6634.85
6634.85
6634.85
6235.11
1850.04
1471.71
1431.32
1423.19
1423.19
1423.19
1173.12
1165.49
0
0
0
0
0
0
0
0
0
0
0
0
0
0
0
0
0
1093.75
1209.23
2000
4306.79
4486.72
4486.72
4486.72
4306.79
4064.03
3765.62
4064.03
4064.03
5376.98
5536.09
5536.09
5376.98
4122.16
2984.38
2700.22
2225.24
1492.19
1492.19
1492.19
1492.19
1492.19
1795.48
2000
2000
2000
2051.08
2888.6
3905.35
7037.64
7039.86
7322.33
7324.85
7546.88
7523.44
7523.44
7324.85
6914.16
6730.48
2461.06
0
0
0
0
0
0
0
0
0
0
0
0
0
0
0
0
0
0
0
0
0
0
0
0
0
