4.929109999999999673e+03
4.929109999999999673e+03
4.929109999999999673e+03
4.929109999999999673e+03
4.929109999999999673e+03
4.929109999999999673e+03
4.929109999999999673e+03
4.929109999999999673e+03
4.929109999999999673e+03
4.929109999999999673e+03
4.929109999999999673e+03
4.929109999999999673e+03
4.929109999999999673e+03
4.929109999999999673e+03
4.929109999999999673e+03
4.929109999999999673e+03
4.929109999999999673e+03
4.929109999999999673e+03
4.929109999999999673e+03
4.929109999999999673e+03
4.929109999999999673e+03
4.929109999999999673e+03
4.929109999999999673e+03
4.929109999999999673e+03
4.929109999999999673e+03
4.929109999999999673e+03
4.929109999999999673e+03
4.929109999999999673e+03
4.929109999999999673e+03
4.929109999999999673e+03
4.929109999999999673e+03
4.929109999999999673e+03
2.926409999999999854e+03
2.472030000000000200e+03
2.472030000000000200e+03
2.472030000000000200e+03
2.672590000000000146e+03
3.099940000000000055e+03
3.309989999999999782e+03
3.309989999999999782e+03
3.325710000000000036e+03
3.325710000000000036e+03
3.325710000000000036e+03
1.970509999999999991e+03
5.277119999999999891e+03
5.277119999999999891e+03
5.277119999999999891e+03
5.527430000000000291e+03
6.000000000000000000e+03
6.027529999999999745e+03
6.027529999999999745e+03
6.000000000000000000e+03
6.000000000000000000e+03
5.497590000000000146e+03
5.030340000000000146e+03
1.895200000000000045e+03
1.540029999999999973e+03
1.181710000000000036e+03
1.258099999999999909e+03
1.181710000000000036e+03
1.161769999999999982e+03
1.161769999999999982e+03
1.161769999999999982e+03
1.052839999999999918e+03
1.052750000000000000e+03
1.031250000000000000e+03
1.029452727272727316e+03
1.027655454545454631e+03
1.025858181818181720e+03
1.024060909090909036e+03
1.022263636363636351e+03
1.020466363636363667e+03
1.018669090909090869e+03
1.016871818181818185e+03
1.015074545454545500e+03
1.013277272727272702e+03
1.011480000000000018e+03
1.098799999999999955e+03
1.193269999999999982e+03
1.653819999999999936e+03
3.112900000000000091e+03
3.112900000000000091e+03
4.107550000000000182e+03
4.107550000000000182e+03
4.107550000000000182e+03
4.480340000000000146e+03
4.480340000000000146e+03
4.480340000000000146e+03
4.480340000000000146e+03
3.859340000000000146e+03
3.596889999999999873e+03
3.596889999999999873e+03
2.921880000000000109e+03
3.342820000000000164e+03
3.596889999999999873e+03
4.231810000000000400e+03
4.231810000000000400e+03
4.231810000000000400e+03
4.231810000000000400e+03
4.400510000000000218e+03
4.400510000000000218e+03
3.895760000000000218e+03
4.400510000000000218e+03
4.557079999999999927e+03
4.557079999999999927e+03
4.070539999999999964e+03
4.557079999999999927e+03
4.937500000000000000e+03
5.032989999999999782e+03
5.032989999999999782e+03
6.876289999999999964e+03
7.204539999999999964e+03
7.204539999999999964e+03
6.734380000000000109e+03
6.734380000000000109e+03
5.242350000000000364e+03
3.271429999999999836e+03
3.257590000000000146e+03
2.279619999999999891e+03
2.279619999999999891e+03
2.593750000000000000e+03
2.593750000000000000e+03
1.626019999999999982e+03
1.626019999999999982e+03
1.160819999999999936e+03
1.153117368421052561e+03
1.145414736842105185e+03
1.137712105263157810e+03
1.130009473684210434e+03
1.122306842105263058e+03
1.114604210526315683e+03
1.106901578947368307e+03
1.099198947368420932e+03
1.091496315789473556e+03
1.083793684210526408e+03
1.076091052631579032e+03
1.068388421052631656e+03
1.060685789473684281e+03
1.052983157894736905e+03
1.045280526315789530e+03
1.037577894736842154e+03
1.029875263157894778e+03
1.022172631578947403e+03
1.014470000000000027e+03
1.054200000000000045e+03
1.153319999999999936e+03
1.515619999999999891e+03
2.266530000000000200e+03
2.583219999999999800e+03
2.670710000000000036e+03
5.609380000000000109e+03
5.609380000000000109e+03
5.609380000000000109e+03
5.444949999999999818e+03
5.444949999999999818e+03
5.444949999999999818e+03
5.875189999999999600e+03
5.875189999999999600e+03
6.588869999999999891e+03
6.505329999999999927e+03
5.875189999999999600e+03
4.692789999999999964e+03
5.185029999999999745e+03
5.185029999999999745e+03
4.328119999999999891e+03
5.185029999999999745e+03
5.301699999999999818e+03
5.301699999999999818e+03
4.904500000000000000e+03
4.904500000000000000e+03
4.904500000000000000e+03
4.904500000000000000e+03
4.946369999999999891e+03
5.035449999999999818e+03
6.385399999999999636e+03
6.385399999999999636e+03
7.123789999999999964e+03
6.385399999999999636e+03
5.578119999999999891e+03
5.578119999999999891e+03
5.601369999999999891e+03
5.601369999999999891e+03
5.601369999999999891e+03
5.802989999999999782e+03
5.802989999999999782e+03
6.312500000000000000e+03
6.328119999999999891e+03
6.328119999999999891e+03
6.328119999999999891e+03
7.626180000000000291e+03
7.626180000000000291e+03
7.503550000000000182e+03
7.503550000000000182e+03
7.487550000000000182e+03
5.297770000000000437e+03
4.678890000000000327e+03
3.453119999999999891e+03
3.403809999999999945e+03
2.031250000000000000e+03
1.319490000000000009e+03
1.319490000000000009e+03
1.255130000000000109e+03
1.214319999999999936e+03
1.123869999999999891e+03
1.119341176470588152e+03
1.114812352941176414e+03
1.110283529411764675e+03
1.105754705882352937e+03
1.101225882352941198e+03
1.096697058823529460e+03
1.092168235294117721e+03
1.087639411764705983e+03
1.083110588235294017e+03
1.078581764705882279e+03
1.074052941176470540e+03
1.069524117647058802e+03
1.064995294117647063e+03
1.060466470588235325e+03
1.055937647058823586e+03
1.051408823529411848e+03
1.046880000000000109e+03
1.281250000000000000e+03
1.281250000000000000e+03
1.281250000000000000e+03
1.289470000000000027e+03
2.015619999999999891e+03
4.320090000000000146e+03
6.409810000000000400e+03
6.409810000000000400e+03
6.968750000000000000e+03
6.409810000000000400e+03
3.162519999999999982e+03
1.549019999999999982e+03
1.549019999999999982e+03
1.421880000000000109e+03
1.325890000000000100e+03
1.125000000000000000e+03
1.093750000000000000e+03
1.093750000000000000e+03
1.093750000000000000e+03
1.300539999999999964e+03
1.388500000000000000e+03
2.716579999999999927e+03
3.367539999999999964e+03
4.416939999999999600e+03
5.635979999999999563e+03
6.275140000000000327e+03
6.275140000000000327e+03
7.203069999999999709e+03
7.203069999999999709e+03
6.533560000000000400e+03
6.063460000000000036e+03
6.063460000000000036e+03
3.477010000000000218e+03
3.477010000000000218e+03
3.477010000000000218e+03
1.323289999999999964e+03
1.323289999999999964e+03
1.283559999999999945e+03
1.280454878048780529e+03
1.277349756097560885e+03
1.274244634146341468e+03
1.271139512195121824e+03
1.268034390243902408e+03
1.264929268292682991e+03
1.261824146341463347e+03
1.258719024390243931e+03
1.255613902439024287e+03
1.252508780487804870e+03
1.249403658536585226e+03
1.246298536585365810e+03
1.243193414634146393e+03
1.240088292682926749e+03
1.236983170731707332e+03
1.233878048780487688e+03
1.230772926829268272e+03
1.227667804878048855e+03
1.224562682926829211e+03
1.221457560975609795e+03
1.218352439024390151e+03
1.215247317073170734e+03
1.212142195121951318e+03
1.209037073170731674e+03
1.205931951219512257e+03
1.202826829268292613e+03
1.199721707317073196e+03
1.196616585365853553e+03
1.193511463414634136e+03
1.190406341463414719e+03
1.187301219512195075e+03
1.184196097560975659e+03
1.181090975609756015e+03
1.177985853658536598e+03
1.174880731707316954e+03
1.171775609756097538e+03
1.168670487804878121e+03
1.165565365853658477e+03
1.162460243902439061e+03
1.159355121951219417e+03
1.156250000000000000e+03
1.156250000000000000e+03
1.156250000000000000e+03
1.156250000000000000e+03
1.623740000000000009e+03
1.140619999999999891e+03
1.623740000000000009e+03
1.623740000000000009e+03
1.890619999999999891e+03
1.841130000000000109e+03
1.890619999999999891e+03
1.890619999999999891e+03
3.469409999999999854e+03
3.469409999999999854e+03
3.469409999999999854e+03
1.462349999999999909e+03
1.462349999999999909e+03
1.462349999999999909e+03
2.035470000000000027e+03
2.035470000000000027e+03
3.453119999999999891e+03
2.515000000000000000e+03
2.515000000000000000e+03
5.761090000000000146e+03
5.968750000000000000e+03
6.343750000000000000e+03
6.343750000000000000e+03
5.761090000000000146e+03
7.015619999999999891e+03
7.015619999999999891e+03
7.015619999999999891e+03
7.015619999999999891e+03
7.015619999999999891e+03
6.765619999999999891e+03
6.257699999999999818e+03
6.062579999999999927e+03
5.468750000000000000e+03
5.234380000000000109e+03
5.234380000000000109e+03
5.234380000000000109e+03
5.355670000000000073e+03
5.355670000000000073e+03
5.355670000000000073e+03
1.427180000000000064e+03
1.427180000000000064e+03
1.328119999999999891e+03
1.123190000000000055e+03
1.123190000000000055e+03
1.123190000000000055e+03
1.123190000000000055e+03
1.722819999999999936e+03
1.722819999999999936e+03
1.722819999999999936e+03
1.782704999999999927e+03
1.842589999999999918e+03
1.902474999999999909e+03
1.962360000000000127e+03
2.022244999999999891e+03
2.082130000000000109e+03
2.142015000000000327e+03
2.201900000000000091e+03
4.893050000000000182e+03
4.937170000000000073e+03
5.513720000000000255e+03
6.355899999999999636e+03
6.475970000000000255e+03
6.763090000000000146e+03
7.640069999999999709e+03
7.640069999999999709e+03
7.717960000000000036e+03
7.808260000000000218e+03
7.808260000000000218e+03
7.808260000000000218e+03
7.833939999999999600e+03
7.426869999999999891e+03
7.422449999999999818e+03
7.419119999999999891e+03
6.183159999999999854e+03
6.183159999999999854e+03
6.183159999999999854e+03
6.183409999999999854e+03
6.312500000000000000e+03
6.540600000000000364e+03
6.540600000000000364e+03
6.540600000000000364e+03
6.796880000000000109e+03
4.881859999999999673e+03
4.881859999999999673e+03
6.260899999999999636e+03
6.802750000000000000e+03
6.802750000000000000e+03
6.802750000000000000e+03
6.260899999999999636e+03
6.298649999999999636e+03
6.067810000000000400e+03
3.744280000000000200e+03
3.744280000000000200e+03
3.744280000000000200e+03
3.744280000000000200e+03
3.744280000000000200e+03
3.744280000000000200e+03
3.744280000000000200e+03
3.744280000000000200e+03
3.744280000000000200e+03
3.744280000000000200e+03
3.744280000000000200e+03
3.744280000000000200e+03
3.744280000000000200e+03
3.744280000000000200e+03
3.744280000000000200e+03
3.744280000000000200e+03
3.744280000000000200e+03
3.744280000000000200e+03
3.744280000000000200e+03
3.744280000000000200e+03
3.744280000000000200e+03
3.744280000000000200e+03
3.744280000000000200e+03
3.744280000000000200e+03
3.744280000000000200e+03
3.744280000000000200e+03
3.744280000000000200e+03
3.744280000000000200e+03
3.744280000000000200e+03
3.744280000000000200e+03
3.744280000000000200e+03
3.744280000000000200e+03
3.744280000000000200e+03
3.744280000000000200e+03
3.744280000000000200e+03
3.744280000000000200e+03
3.744280000000000200e+03
3.744280000000000200e+03
3.744280000000000200e+03
3.744280000000000200e+03
3.744280000000000200e+03
3.744280000000000200e+03
3.744280000000000200e+03
3.744280000000000200e+03
3.744280000000000200e+03
3.744280000000000200e+03
3.744280000000000200e+03
3.744280000000000200e+03
3.744280000000000200e+03
3.744280000000000200e+03
3.744280000000000200e+03
3.744280000000000200e+03
3.744280000000000200e+03
3.744280000000000200e+03
3.744280000000000200e+03
3.744280000000000200e+03
3.744280000000000200e+03
3.744280000000000200e+03
3.744280000000000200e+03
3.744280000000000200e+03
3.744280000000000200e+03
3.744280000000000200e+03
3.744280000000000200e+03
3.744280000000000200e+03
3.744280000000000200e+03
