-8.32036	1.4188	0.401744	0.38976	0.265075	0.169526	0.134803	0.137683	0.0770874	0.0689043	0.0814156	0.105668	0.0483905	0.0430178	0.0870798	0.0710308	-0.0115903
-8.35601	1.45249	0.437548	0.413615	0.289479	0.206199	0.170289	0.165562	0.113293	0.102703	0.112426	0.128323	0.079271	0.0739048	0.110756	0.0921871	0.0207494
-9.30351	1.42837	0.511221	0.405713	0.35924	0.300941	0.223905	0.238375	0.207023	0.150633	0.097866	0.213073	0.224575	0.181144	0.133998	0.186751	0.151919
-9.26734	1.38805	0.515508	0.439753	0.344335	0.328124	0.224651	0.256574	0.268637	0.251944	0.128531	0.178896	0.215813	0.205257	0.134392	0.181416	0.177755
-9.40416	1.31335	0.513716	0.493065	0.385308	0.364997	0.228457	0.342132	0.347165	0.219257	0.123465	0.243123	0.204836	0.204066	0.153064	0.190463	0.101861
-9.29114	1.37253	0.488258	0.54179	0.434163	0.348004	0.259217	0.3232	0.300194	0.192573	0.173493	0.260962	0.215293	0.206045	0.1141	0.144009	0.128603
-9.40293	1.29452	0.480882	0.497456	0.42505	0.344994	0.237885	0.247514	0.263072	0.342008	0.229999	0.272773	0.222801	0.183259	0.204979	0.19272	0.157173
-9.58808	1.21145	0.365108	0.392496	0.402557	0.380861	0.298241	0.226767	0.263647	0.412446	0.323069	0.369243	0.284511	0.0906921	0.178014	0.1729	0.186622
-9.3929	1.26297	0.431105	0.390877	0.433938	0.337347	0.212936	0.197999	0.224168	0.252105	0.173565	0.267511	0.194406	0.105332	0.1612	0.182044	0.172568
-9.63996	1.03923	0.428672	0.358887	0.45633	0.349772	0.187291	0.234309	0.180392	0.198601	0.120389	0.239926	0.136535	0.0213821	0.149637	0.178677	0.0924338
-9.63846	1.15653	0.437527	0.347858	0.3313	0.277988	0.184566	0.228539	0.218414	0.181691	0.0507559	0.132371	0.075401	-0.0556517	0.0390269	0.0539413	0.0454369
-9.57702	1.19849	0.538584	0.445724	0.368161	0.293608	0.214131	0.340801	0.378143	0.20245	0.0744131	0.218836	0.139041	0.0150245	-0.0771654	0.0700801	0.174234
-9.44666	1.24301	0.518995	0.362356	0.300243	0.300273	0.223813	0.237591	0.257692	0.269549	0.136535	0.259186	0.223542	0.153073	-0.00519963	0.12166	0.185183
-9.40181	1.25639	0.524105	0.429705	0.306757	0.322158	0.298576	0.24615	0.170631	0.232355	0.309971	0.365875	0.198534	0.125246	0.147306	0.171255	0.167779
-9.61107	1.1021	0.417381	0.465149	0.521857	0.420111	0.300652	0.188978	0.216629	0.367579	0.427464	0.279175	0.149481	0.058637	0.0935125	0.106963	0.260747
-9.46175	1.19695	0.48969	0.463141	0.457394	0.394321	0.223954	0.304502	0.295691	0.35526	0.296948	0.187347	0.0615827	0.0868866	0.193233	0.184354	0.274106
-9.45205	1.30683	0.573904	0.481058	0.501556	0.386332	0.150946	0.430832	0.348025	0.247775	0.298298	0.182033	-0.00251407	0.0249869	0.174856	0.0300916	0.118761
-9.40399	1.29503	0.562407	0.464988	0.546921	0.409498	0.234529	0.415113	0.292506	0.247496	0.268363	0.216978	0.0826366	0.0745822	0.181325	0.13583	0.0866023
-9.20436	1.46531	0.631496	0.537702	0.601814	0.273687	0.260903	0.42117	0.197282	0.236428	0.19527	0.100017	0.0687498	0.0551763	0.145873	0.0851321	0.0224448
-8.65558	1.35407	0.511221	0.789731	0.453377	0.367628	0.102087	0.375618	0.115011	0.136776	0.212895	-0.0541197	0.150006	0.0859246	0.0450673	0.143486	-0.0140225
-8.29745	1.21341	0.372496	0.935444	0.333309	0.390491	-0.00681421	0.304693	-0.0131308	0.128574	0.391386	-0.138009	0.282919	0.13128	0.0930007	0.101122	-0.0350203
-7.01744	2.04423	0.172075	0.87762	-0.12677	0.0491516	-0.203087	0.107715	0.0264621	-0.0240412	0.148542	0.137867	0.269407	-0.175535	0.152894	0.196064	-0.0952438
-5.8691	2.31773	-0.0042988	0.808278	-0.172048	-0.207303	-0.0969869	-0.0513575	-0.0631735	-0.144124	0.0512435	0.236706	0.109053	-0.361644	0.236652	0.15005	-0.224321
-5.07994	2.52615	-0.161872	0.840573	-0.0888721	-0.255568	0.17267	0.0285189	-0.0302774	-0.0811392	-0.136849	0.11438	0.134954	-0.335403	0.280815	-0.104751	-0.505885
-6.22107	2.19004	0.559972	1.32705	0.354088	-0.00324299	-0.29474	-0.475979	-0.11865	-0.237911	0.129692	0.472579	0.324522	-0.704148	0.142327	0.225367	-0.204675
-6.14856	1.38766	0.178134	1.24802	0.183179	-0.197913	-0.491814	0.0696442	0.161055	0.235461	-0.137764	-0.00299909	-0.23567	-0.206884	0.24515	0.190419	-0.502617
-6.42053	1.77035	0.185754	1.24117	0.398919	0.206318	-0.130557	0.115895	0.134558	-0.192828	-0.192316	0.0893116	-0.139851	-0.315788	0.18954	-0.0045976	-0.46183
-6.20073	1.8815	0.720957	1.25074	0.221982	0.136947	0.107672	0.310667	0.098533	-0.221922	-0.416775	-0.0873887	0.105594	-0.0804589	-0.0728348	0.0298511	-0.365915
-5.30055	2.58888	0.536086	1.10423	0.362485	-0.0459149	-0.181838	0.105802	0.0346798	-0.253376	-0.0535784	-0.0198888	0.0397398	0.0596108	-0.0684168	-0.133791	-0.268404
-3.74172	2.40562	-0.219784	1.12216	-0.00120259	-0.0190424	-0.31135	0.208764	-0.0347504	-0.164018	0.173507	-0.0813468	0.0909504	-0.176338	-0.12106	0.01752	-0.0877703
-3.92244	2.57442	-0.0659351	0.892201	0.148952	-0.294176	-0.261742	0.492231	-0.364899	0.0271253	0.0920217	0.028498	0.108511	-0.268864	-0.168837	-0.0513383	-0.374003
-4.0865	3.0443	-0.157405	0.828028	-0.0311102	-0.0215383	-0.330611	0.412337	-0.349428	-0.026137	0.170213	-0.0587644	-0.0773411	0.178955	-0.228887	-0.0132323	-0.365713
-4.00743	3.05152	-0.345573	0.695664	0.0608027	0.0227579	-0.49317	0.31933	0.057363	-0.18997	0.130954	0.208189	-0.203929	-0.0993975	-0.166186	-0.260151	-0.498674
-4.0484	3.3035	-0.283659	0.440682	0.146786	0.269492	-0.827737	0.407908	0.116195	-0.257745	0.0462657	0.354829	-0.261798	-0.0870417	-0.0487577	-0.350284	-0.302743
-3.91777	3.36747	-0.298611	0.575385	0.346831	-0.119297	-0.373209	0.0855772	-0.0859326	-0.139178	0.0632844	0.0901565	0.054952	0.129555	-0.174658	-0.176862	0.143872
-3.961	3.43709	-0.424352	0.771075	0.138021	-0.12289	-0.273646	0.166872	-0.308306	0.0173547	0.0997301	0.0697863	0.132658	-0.145517	-0.0272437	-0.312923	0.116799
-3.92298	3.38747	-0.465816	0.911718	-0.093646	0.0130733	-0.0817841	-0.0265274	-0.15597	0.0247854	0.146821	0.0480815	-0.226106	0.182663	-0.233912	-0.0609529	-0.249143
-3.99999	3.41786	-0.0820259	0.714718	-0.0405478	0.0607073	-0.322741	-0.0820716	-0.149117	-0.174427	0.331489	0.159083	0.0556808	-0.158941	-0.372411	0.134851	0.344514
-4.03629	3.61729	-0.529234	0.890025	-0.228509	0.264302	-0.181695	-0.244616	0.0631754	0.0135227	0.191685	-0.0194214	-0.177585	0.197939	-0.520061	0.113711	-0.181992
-3.58101	3.08975	-0.425009	0.888735	-0.0629944	0.109249	-0.0842924	-0.300704	0.0536863	0.0260777	0.0903759	-0.00085207	-0.0816092	0.0932462	-0.175089	-0.166574	0.043402
-3.90662	3.32788	-0.0642311	0.441069	0.113227	0.30029	-0.225145	-0.268649	0.271938	-0.122328	-0.190294	0.188421	-0.0569952	0.0388046	-0.023523	-0.0259954	-0.279803
-3.74694	3.24525	-0.398556	0.774343	0.0630733	0.00540287	-0.0656235	-0.216876	0.0310065	0.0239348	0.0892792	0.0329991	-0.119923	0.0425637	-0.216707	-0.0954552	0.00762625
-3.6132	3.07415	-0.446142	0.705723	0.217313	-0.115476	0.0427276	-0.194394	0.0415298	0.121508	-0.0281785	-0.0140199	-0.0735655	-0.0147649	-0.171292	-0.171946	-0.151149
-3.83071	3.32148	-0.66724	0.728046	0.246374	-0.124199	0.141634	-0.115434	0.191927	0.0679088	-0.094484	-0.0115799	-0.226671	-0.0351088	-0.109642	-0.190639	-0.633295
-3.57089	2.97079	-0.511285	0.858339	0.180076	-0.118761	0.0383646	0.0347965	-0.00890304	0.148451	-0.27371	0.0703045	0.0128375	-0.16697	-0.0823847	-0.0305222	-0.411656
-3.79542	3.1474	-0.408842	0.535936	0.419675	-0.150831	-0.0965885	0.332675	-0.17034	0.202765	-0.233364	0.116162	-0.16123	-0.143349	-0.181125	-0.0441838	-0.523727
-3.48169	2.72467	-0.307203	0.654511	0.439325	-0.231463	0.0487338	0.208552	-0.134223	0.145576	-0.231243	0.00205308	0.10005	-0.314741	-0.021478	-0.0744975	-0.391084
-3.70761	2.8064	-0.0513732	0.295525	0.740286	-0.258136	-0.0566125	0.371643	-0.210348	0.120632	-0.172389	-0.02408	0.128235	-0.3729	-0.189755	0.167534	-0.501094
-3.7857	2.64069	0.181132	0.441949	0.42239	-0.135103	0.0482357	0.235425	-0.306519	0.160797	-0.103928	-0.0292377	0.357542	-0.561069	-0.447854	0.242118	0.00436118
-3.78697	2.30204	0.184952	0.418735	0.759912	-0.21857	0.132449	0.352095	-0.139418	-0.0668547	-0.165821	-0.0607319	0.182322	-0.329294	-0.247011	0.0519208	-0.00602853
-3.97886	1.93696	0.549873	0.663979	0.421885	-0.211358	0.389062	0.0331159	0.484646	-0.206788	-0.575613	-0.00323014	0.096183	-0.0794027	0.0264618	-0.234351	-0.0938219
-4.41613	1.97064	0.700241	0.25015	0.793248	-0.0693564	0.181177	0.0743179	0.68101	-0.43483	-0.363448	0.0747368	-0.0614904	-0.162511	-0.040183	-0.14976	-0.187191
-4.3573	1.52371	1.06703	0.299673	0.568856	-0.211553	0.537599	0.264606	-0.187806	0.211506	-0.21916	-0.230992	-0.235698	0.21184	-0.0308772	-0.211682	-0.159428
-4.26761	1.55263	0.94512	0.124911	0.822419	-0.194065	0.382695	0.0493507	-0.0746387	0.261759	-0.211133	-0.373338	0.122816	0.0750816	-0.175822	-0.139103	-0.0919973
-4.30114	1.42704	0.815536	0.345549	0.824839	-0.0946016	0.159548	0.327606	0.182753	-0.245015	-0.164738	0.11051	-0.090354	-0.182921	-0.144429	0.0140582	-0.189658
-4.40781	1.36526	0.81437	0.399748	0.819376	-0.301945	0.385751	0.254607	0.0651745	0.0229387	-0.167385	0.0830425	-0.290106	-0.143715	-0.140101	0.149628	-0.419346
-4.39985	1.32509	1.23187	0.139923	0.959019	-0.186285	0.396025	0.155321	0.159574	0.139	-0.150443	-0.328209	-0.0914787	-0.209747	-0.0550708	0.392255	-0.148688
-4.36335	1.29725	1.24766	0.0602722	0.857954	0.126581	0.427899	0.0471161	0.162031	0.154802	-0.346769	-0.0899873	-0.126057	-0.283325	0.0253979	0.242252	0.0809724
-4.56701	1.33764	1.17899	0.183349	0.803064	-0.0704198	0.591438	-0.103089	0.365257	-0.152897	0.027697	-0.232661	-0.192625	-0.195631	-0.0445349	0.278018	-0.227537
-4.57561	1.20363	1.17824	0.123199	0.872631	-0.0318718	0.530585	0.0659566	0.287582	0.0778809	-0.166228	-0.276511	-0.0930785	-0.205598	0.0388441	-0.0322329	-0.162994
-4.66792	1.03094	1.3562	0.306112	1.14661	-0.120983	0.309429	0.217929	0.461993	-0.0353056	-0.48934	-0.324171	-0.0772197	-0.0265767	0.123304	0.000532145	0.0609411
-4.90887	1.03245	1.62527	0.104786	0.625342	0.342618	0.313039	0.155723	0.276172	-0.125352	-0.322049	-0.177692	0.121228	-0.249328	-0.0499463	-0.0656377	-0.188568
-5.11988	1.19751	1.31365	0.698139	1.13012	0.306385	0.506645	0.282811	-0.0282313	-0.242506	-0.337606	-0.186415	-0.0298748	-0.33937	0.226752	0.441192	0.148061
-5.53012	1.40825	1.69039	0.510954	0.87737	-0.1044	0.19533	0.157321	0.349918	-0.261243	0.0460513	-0.0334413	-0.335391	0.0543622	-0.372723	0.000552284	0.120863
-5.75197	1.31833	1.75761	0.585563	0.879274	-0.212625	0.0572106	-0.021245	0.0474173	0.116179	0.00569542	0.0463989	-0.112824	-0.245077	-0.197788	-0.275803	-0.011974
-6.5662	0.979095	2.44122	1.61296	0.670477	-0.647934	-0.699789	-0.0639268	0.475893	0.673147	-0.122278	-0.391832	-0.250071	-0.0940494	-0.274403	-0.0326337	-0.0587562
-5.84307	1.37364	1.04326	1.30418	0.544545	0.0745843	0.00630395	-0.161931	0.20474	-0.145532	-0.104992	-0.0869644	-0.135701	-0.0367701	0.00794329	-0.0905588	-0.320069
-5.2639	2.53271	0.737294	0.481042	0.544391	0.476868	-0.32986	-0.0132298	0.137596	-0.0796455	-0.197743	-0.162467	0.190235	-0.218901	0.0570092	0.10516	-0.310898
-4.58932	2.50842	0.624421	1.01971	0.63791	0.465321	-0.378169	0.323526	-0.189515	-0.151856	-0.161455	-0.132743	0.210592	-0.0909436	-0.260646	0.220762	-0.438322
-4.55313	3.03227	0.672801	0.824146	0.788927	0.169004	-0.331229	0.375493	-0.0310866	-0.324387	-0.119927	-0.221836	0.370744	-0.203588	-0.0705152	0.13929	-0.638906
-4.19851	3.0368	0.495271	0.920699	0.655388	0.284765	-0.459928	0.341721	0.125224	-0.288326	-0.0942344	-0.3595	0.377018	-0.140761	-0.210569	0.334211	-0.647984
-4.04582	3.02124	0.421441	0.872608	0.717893	0.136018	-0.391532	0.298875	0.154948	-0.224217	-0.155498	-0.225841	0.299923	-0.192779	-0.205879	0.181476	-0.542028
-4.01633	3.0181	0.380817	0.872821	0.633122	0.228738	-0.517101	0.39423	0.219519	-0.263016	-0.0381408	-0.416436	0.378587	-0.218352	-0.238533	0.253066	-0.741737
-4.02157	2.99805	0.456519	0.897531	0.627999	0.206289	-0.569917	0.407002	0.240888	-0.263335	-0.20388	-0.286558	0.347486	-0.125137	-0.157195	0.157219	-0.623063
-4.10466	3.08483	0.3431	0.817578	0.631984	0.240467	-0.568506	0.346816	0.251991	-0.207094	-0.116263	-0.294648	0.366355	-0.289076	-0.176356	0.0518475	-0.713256
-3.96201	2.79801	0.435347	0.879855	0.558852	0.284125	-0.6364	0.440639	0.245777	-0.126468	-0.200504	-0.305602	0.248577	-0.160201	-0.120286	0.0206441	-0.891
-4.11663	3.07544	0.385486	0.837555	0.565989	0.394958	-0.649356	0.360948	0.353563	-0.249511	-0.161745	-0.372853	0.311868	-0.18868	-0.0464314	0.165335	-0.931228
-4.04969	2.98095	0.565053	0.634461	0.782444	0.403053	-0.670314	0.421568	0.129985	-0.286995	-0.0559639	-0.441246	0.350795	-0.123159	0.0990373	0.0801386	-0.768656
-4.14259	3.12153	0.473494	0.663157	0.774363	0.335863	-0.722608	0.647833	0.0457639	-0.147133	-0.0258044	-0.653901	0.216208	0.134637	-0.0303732	0.269871	-1.07629
-4.05928	3.03101	0.422272	0.740653	0.64206	0.463043	-0.696633	0.379188	0.24215	-0.190494	-0.125147	-0.425913	0.169026	-0.00308382	0.112402	-0.0161567	-0.837797
-4.15781	3.07798	0.48957	0.796144	0.706832	0.343187	-0.584024	0.357165	0.306635	-0.173272	-0.227695	-0.584878	0.233777	0.131873	0.202165	0.0415803	-1.02087
-3.79905	3.00337	0.298297	0.565216	0.735677	0.526057	-0.497275	0.155697	0.284278	-0.242433	-0.152927	-0.244414	-0.0685334	0.0798355	0.224061	-0.0713636	-0.54352
-3.26674	2.88617	0.0059835	0.260391	0.568185	0.475956	-0.176778	0.354414	0.11939	-0.23568	-0.15636	-0.388915	-0.0200684	0.289793	-0.0975147	0.0831409	-0.593195
-2.90763	2.84102	-0.314297	0.335547	0.182808	0.426383	-0.138855	0.262928	0.228344	-0.174792	-0.264843	-0.218275	-0.0113041	0.155183	-0.00461306	-0.126243	-0.445762
-2.62673	2.69254	-0.55061	0.429931	0.0313504	0.437373	-0.0319125	0.0597316	0.343554	-0.189129	-0.272326	-0.182886	0.00426611	0.130601	-0.0305834	-0.000955407	-0.447949
-2.29684	2.35293	-0.426689	0.31982	-0.0834185	0.394544	-0.109732	0.109624	0.351101	-0.135463	-0.203671	-0.229119	0.0655437	-0.0528027	0.0124468	-0.0113009	-0.289458
-2.27555	2.39084	-0.549804	0.301917	-0.0167394	0.307966	0.0128015	0.0432408	0.492403	-0.268129	-0.161868	-0.293106	0.0298129	0.0756711	-0.0210985	-0.00390206	-0.443571
-2.19664	2.35242	-0.510044	0.265803	-0.0629055	0.302229	-0.0608579	-0.0659059	0.401439	-0.165973	-0.138391	-0.0890808	-0.0786152	0.035581	-0.0667956	0.0980886	-0.0655649
-1.99557	2.03665	-0.468007	0.225383	-0.0748607	0.495075	-0.081115	0.0641855	0.390429	-0.198217	-0.173369	-0.294901	0.0719725	0.0159765	0.0546251	-0.0871882	-0.351726
-2.23667	2.39338	-0.632621	0.203024	-0.0722024	0.549787	0.0242093	-0.0637919	0.50467	-0.248255	-0.167578	-0.351628	0.0775882	0.0145035	0.0782111	-0.147105	-0.468008
-2.17723	2.27182	-0.395146	0.038366	0.0528458	0.488883	-0.0997954	0.0599539	0.276614	-0.0829899	-0.216878	-0.315957	0.134323	-0.0159545	0.107713	-0.132477	-0.37958
-2.19756	2.26134	-0.22657	0.128369	-0.126933	0.400772	-0.214453	-0.190589	0.411695	0.00838774	-0.102046	-0.157902	-0.0603127	-0.154407	0.109172	0.252651	-0.076238
-2.37817	2.46834	-0.258285	0.298994	-0.170304	0.378619	-0.334476	0.0229028	0.324668	0.106874	-0.250293	-0.163254	-0.0559297	-0.128877	0.190653	0.210432	-0.223979
-2.53413	2.47648	-0.0207595	0.272369	-0.120894	0.499799	-0.192327	0.0587336	0.51947	-0.27432	-0.32658	-0.192936	0.0365684	0.0470553	0.184166	-0.15178	-0.60838
-2.57903	2.6077	-0.0811107	0.317638	-0.259651	0.332816	-0.388915	0.0945106	0.366955	-0.045654	-0.156275	-0.209812	0.0221873	-0.103419	0.248609	-0.00218897	-0.020528
-2.78211	2.6562	0.268045	0.0489585	-0.199422	0.442858	-0.578801	0.0720598	0.491614	-0.0845394	-0.234396	-0.0825321	-0.0196828	-0.0350583	0.0396959	0.261891	-0.0275468
-2.77464	2.58933	0.23662	0.153416	-0.201651	0.332352	-0.292101	-0.145366	0.426874	-0.0220658	-0.276363	-0.0575674	0.159844	-0.170852	-0.017039	0.271148	-0.00123531
-3.05811	2.6443	0.315479	0.399528	-0.170452	0.458393	-0.106667	0.0022252	0.309577	-0.214446	-0.405876	-0.119818	0.291343	0.159916	-0.262339	-0.181803	-0.300514
-3.1521	2.7169	0.101724	0.43353	0.0445307	0.319716	-0.25631	0.00337943	0.0713578	0.0449821	-0.232232	-0.138374	0.235926	-0.177866	0.0836666	0.006118	-0.105918
-4.25723	2.87112	0.565682	0.513954	0.191699	0.696552	-0.345649	-0.23267	0.0543255	0.0554121	-0.198962	0.0406357	-0.0715633	-0.31671	0.258358	0.254604	-0.0217957
-5.24779	2.97289	0.798296	0.782505	0.53267	0.606874	-0.232249	-0.283245	-0.0384963	-0.0776963	-0.172029	0.0289164	0.14205	-0.365519	-0.0485505	0.430967	-0.0380257
-5.93483	2.92944	0.793177	1.01706	0.942733	0.357952	-0.163187	0.0443207	-0.30402	-0.0407235	-0.068236	-0.0887163	-0.203724	-0.115943	0.170531	0.0425511	-0.158388
-6.10524	2.69016	0.675125	1.09973	0.958176	0.302273	-0.0478621	0.0939499	-0.195886	-0.119454	-0.234832	-0.189651	0.0585808	0.0187481	-0.0954236	-0.0261092	-0.28421
-6.02652	2.58419	0.433015	0.80773	0.857841	0.465453	-0.323982	0.0936739	0.21618	-0.387582	-0.310464	0.169007	-0.221983	-0.0975136	0.259082	-0.0513784	-0.51776
-6.39169	2.37978	0.0556841	0.713969	0.715386	0.537711	-0.190818	0.161144	-0.0779761	-0.228733	-0.0678334	-0.361774	0.102543	0.164899	-0.201196	-0.0407475	-0.257712
-6.94584	1.75297	0.12798	0.503095	0.194445	0.134939	-0.0781523	0.0297392	-0.400332	0.199087	0.0510424	0.000992339	-0.157505	-0.0601619	0.154531	0.0879498	-0.511927
-6.30961	1.76085	0.0834536	0.440759	0.564185	0.394754	-0.142871	0.135751	-0.0219085	-0.163626	0.00793354	-0.156995	-0.0241398	-0.0115081	0.0145049	0.150484	-0.0886737
-6.23945	1.58918	-0.0674348	0.3141	0.537832	0.478663	-0.0726205	0.167233	0.0591246	-0.147167	0.0162563	-0.282317	-0.0695087	-0.0820341	-0.131812	0.0614498	-0.141104
-6.60163	1.53232	0.0510783	0.387763	0.562089	0.473111	-0.00783447	0.199015	0.043285	-0.128146	-0.0591935	-0.357884	-0.131424	-0.038763	-0.163657	0.0647322	-0.102191
-6.97547	1.23529	0.124112	0.775857	0.608046	0.410512	-0.06448	0.156868	0.00365455	-0.16936	-0.15835	-0.270711	-0.323929	-0.0764348	-0.0845283	0.0787583	-0.0825616
-6.61222	0.92601	0.00402664	0.644422	0.734287	0.39177	-0.0706973	0.225483	0.0597002	-0.147609	-0.0790909	-0.243479	-0.297537	-0.0957329	0.0182106	0.00446392	-0.155132
-5.61582	1.50381	-0.314559	0.509395	-0.164332	0.0114383	-0.050977	0.0768401	0.0281015	-0.161099	0.0829755	0.0154512	-0.0200633	-0.082707	0.097909	0.104258	-0.0201554
-4.88269	1.52701	-0.461766	0.502733	-0.290985	-0.0200086	-0.0782014	0.0322527	-0.00399744	-0.221028	0.0917348	0.0370077	-0.0111642	-0.107426	0.0783456	0.1046	-0.0373498
-4.81025	1.40207	-0.430351	0.389764	-0.231702	-0.0628827	-0.140351	-0.00623776	-0.0635156	-0.199525	-0.0283049	0.0573839	-0.0768649	-0.060274	0.00199251	0.0812093	-0.0458661
-4.78835	1.82796	0.0882333	0.607759	0.150237	-0.0358216	-0.484595	0.286353	0.0481949	-0.0772854	-0.18076	0.0237254	-0.106598	0.360962	-0.0229753	-0.343879	-0.442349
-4.53506	1.66776	0.397232	0.555876	-0.141594	-0.323865	-0.125195	0.219104	0.0448748	-0.0303571	-0.251664	0.244628	-0.116469	0.0343871	0.0742295	-0.0542883	-0.389944
-4.39603	2.56308	0.957214	0.616504	-0.0211831	-0.732234	-0.00310833	0.380583	-0.105768	-0.0687477	-0.171634	0.174633	-0.0376156	-0.0597835	0.0976522	-0.0131233	-0.26891
-2.78913	1.9665	-0.312893	1.16782	-0.380538	-0.200412	-0.292429	0.161384	0.0349684	-0.0668955	0.087988	0.198405	-0.221501	-0.117921	0.0163358	0.353524	-0.428933
-2.84869	2.068	0.220918	1.39432	-0.333238	-0.336885	-0.348217	-0.113392	-0.00912452	0.329552	0.200282	-0.130781	-0.283145	0.107309	0.207934	-0.206037	-0.606341
-2.74615	1.79709	0.135826	1.1213	-0.276132	-0.419092	0.0116115	-0.105397	-0.0518087	0.0546535	0.211723	0.107144	-0.277874	-0.0706571	0.123201	0.0418541	-0.138033
-2.73039	1.87388	0.299961	1.19401	-0.269606	-0.268054	-0.200844	0.0620975	-0.248804	0.12584	0.300991	-0.0520336	-0.176679	-0.0913893	0.14851	-0.0280699	-0.245993
-3.00717	2.3292	-0.113874	1.36571	-0.447706	-0.202249	-0.00316277	0.0227198	-0.155644	-0.116739	0.331663	-0.0255435	-0.172859	-0.053413	0.100663	-0.0184761	0.0304016
-2.91563	2.43597	0.0607564	1.42789	-0.274046	-0.208895	-0.0716496	-0.0221201	-0.235179	0.0507025	0.251036	-0.0427363	-0.273385	0.138049	0.0211482	0.00614003	-0.396784
-2.98703	2.39523	-0.098459	1.31266	-0.451459	-0.204204	0.169723	0.0194479	-0.218775	-0.102461	0.255225	-0.108822	-0.0572664	-0.0313944	0.0450089	0.0219435	0.140058
-2.9912	2.41593	0.254681	1.25602	-0.0901204	-0.251522	0.107458	-0.0916639	-0.2883	0.0170609	0.340019	-0.300866	-0.0702698	0.0696421	0.121639	-0.0947425	-0.305035
-3.08664	2.46465	0.471893	1.28061	0.171923	-0.258022	0.0146969	-0.0810441	-0.375831	0.0707034	0.387094	-0.424018	-0.130696	0.266577	0.0153489	-0.0149898	-0.664385
-3.44767	2.72741	0.322628	1.40807	0.170043	-0.0824492	-0.0641166	-0.0154075	-0.433334	0.0243035	0.404442	-0.534973	-0.0423307	0.26284	0.0409721	-0.06996	-0.529132
-3.75827	2.79886	0.347845	1.28819	0.341182	0.082257	-0.103843	-0.0204637	-0.45797	-0.0091548	0.286283	-0.416609	-0.146516	0.364782	-0.032376	-0.0193797	-0.347357
-4.20981	2.7936	0.51423	1.16633	0.362587	0.45501	-0.286118	0.236794	-0.63604	-0.11506	0.140378	-0.289376	-0.117392	0.442171	-0.333076	0.175929	-0.0558817
-4.45138	2.82036	0.630891	1.14744	0.460954	0.479387	-0.166915	0.067803	-0.254929	-0.509109	0.0846923	-0.280074	0.0583677	0.266515	-0.228235	0.250166	-0.0556605
-4.43891	2.85496	0.850471	1.17387	0.470925	0.321912	-0.259354	0.183135	-0.29447	-0.359603	-0.00333695	-0.331507	0.209207	0.0677999	-0.0497225	0.174952	-0.215105
-4.36949	2.79232	0.964554	1.2909	0.25585	0.195546	-0.0891456	0.23113	-0.407148	-0.2014	-0.0683167	-0.432335	0.329032	-0.00365947	0.0343336	0.059609	-0.190618
-4.53484	3.09346	0.993478	0.872379	0.457838	0.147659	-0.142723	0.204581	-0.30024	-0.281727	-0.0797196	-0.213705	0.355433	-0.221287	-0.0822307	0.22432	-0.148684
-4.80962	3.14412	1.30788	0.875726	0.501287	0.424317	-0.26789	-0.305585	-0.204713	0.0555423	-0.0937402	-0.218186	0.191761	0.00929793	-0.277603	0.20207	-0.476241
-4.05256	2.34364	0.483674	0.575959	1.09662	0.136978	0.00374678	-0.0192874	-0.277361	-0.260293	-0.067562	-0.0825521	0.0144138	-0.014043	0.00879508	-0.043357	-0.216633
-4.46822	2.05249	0.609399	0.470578	0.911953	-0.228816	-0.117609	-0.157561	0.225391	-0.298332	0.0562447	-0.210477	0.0387724	0.00718218	-0.062285	0.168598	0.243962
-4.71301	1.11924	0.718448	1.19321	1.30479	-0.131805	0.251914	-0.0145063	-0.170534	-0.116209	-0.425139	-0.131602	-0.190121	0.116837	0.071096	0.191632	-0.110362
-4.28338	1.13445	0.504811	0.41636	0.648517	-0.172875	-0.312562	0.135021	0.132194	-0.0523861	-0.417416	0.382872	-0.260476	-0.114259	0.143915	0.159348	0.162993
-4.52885	0.41153	0.2923	0.261698	0.267093	-0.172345	-0.066084	0.197231	0.213375	-0.0837138	-0.592757	0.287262	0.0421695	-0.0782968	-0.0502589	0.138662	-0.0264342
-4.5215	0.800808	0.933514	0.199089	0.647385	-0.170823	0.0543293	0.117466	-0.0181165	-0.130965	-0.357226	-0.039218	0.203438	0.0728772	-0.30929	0.14101	-0.0451027
-4.64225	0.558723	0.581204	0.278862	0.875416	-0.611672	0.173089	0.252828	0.201	-0.154962	-0.672234	0.155834	-0.017904	-0.0114773	0.206495	-0.0821875	0.126184
-4.75477	-0.0463739	0.273774	0.115699	0.368987	-0.475795	-0.0307071	0.205867	-0.0168766	-0.0179808	-0.157042	0.140665	0.0556528	-0.127447	-0.0383448	0.116312	0.202835
-4.87394	-0.12742	0.370012	-0.0664456	0.445101	-0.556626	0.018389	0.194172	0.0693286	-0.0369962	0.029403	0.369653	0.0684157	-0.254198	0.0562456	0.129752	0.11893
-4.85693	-0.159966	0.276154	-0.116373	0.302249	-0.443433	0.206471	0.156493	0.0412284	-0.0939409	0.197822	0.518593	0.0586476	-0.0895732	0.177276	0.136036	0.148005
-4.86385	-0.167566	0.246624	-0.186735	0.302797	-0.35126	0.286256	0.207347	0.0387333	-0.172306	0.164026	0.501836	0.0993409	0.0262088	0.195236	0.0373647	0.16786
-4.8479	-0.144734	0.26891	-0.276109	0.32077	-0.279877	0.294175	0.208888	0.0356586	-0.112884	0.108617	0.485593	0.144953	-0.0497412	0.206448	0.0795183	0.089596
-4.92049	-0.274673	0.305066	-0.155724	0.445826	-0.286241	0.305395	0.104643	0.0451569	0.101773	0.0582667	0.468975	0.174597	-0.171943	0.256807	0.0668405	-0.00915323
-4.95676	-0.322557	0.23943	-0.258572	0.482493	-0.311269	0.277179	-0.000366026	0.0234293	0.168672	0.0417821	0.400989	0.165541	-0.118214	0.280519	0.0915762	0.143141
-5.10581	-0.422565	0.273518	-0.417101	0.481868	-0.183644	0.265794	-0.0185236	-0.0671325	0.0799757	0.0906955	0.413454	0.169728	-0.076357	0.325021	0.195069	0.174902
-5.3547	-0.626525	0.438201	-0.276647	0.543969	-0.121333	0.121668	0.0270065	-0.0862263	0.0363491	0.189489	0.488444	0.191538	-0.025207	0.250537	0.207172	0.237588
-5.51777	-0.78897	0.439911	-0.254165	0.569085	-0.25362	0.0432307	0.206541	0.0532925	0.0712396	0.156089	0.473614	0.175253	0.0531295	0.293245	0.201429	0.311955
-5.59586	-0.685767	0.440593	-0.260195	0.619264	-0.140818	0.163121	0.119673	-0.0514052	0.141976	0.0631326	0.32584	0.0981212	0.0701466	0.186309	0.211916	0.307695
-5.67311	-0.61338	0.463862	-0.315187	0.340908	-0.120556	0.321379	0.025217	-0.140411	0.128033	-0.0470239	0.265312	0.111029	0.00979256	0.200147	0.280803	0.360989
-5.72551	-0.684414	0.445655	-0.420444	0.402584	-0.250042	0.242153	0.0179908	-0.0315544	0.0959401	-0.0617779	0.359814	0.140944	-0.0339343	0.11894	0.194563	0.199079
-5.78716	-0.85247	0.398726	-0.414034	0.452031	-0.36907	0.0940874	0.0260106	0.0604686	0.140487	0.0600714	0.330164	0.0972859	-0.117577	0.00729183	0.0970658	0.0951822
-5.68707	-0.738072	0.455972	-0.435332	0.407999	-0.328992	0.242126	0.166167	-0.101897	0.120873	0.0812956	0.415952	0.138977	-0.116696	-0.0326543	0.0267685	0.100234
-5.51108	-0.65976	0.483894	-0.46629	0.422061	-0.263989	0.178673	0.117366	-0.155353	0.0879437	0.00725545	0.445991	0.183198	-0.0708923	0.0315032	0.115891	0.145292
-5.27327	-0.517982	0.595268	-0.491248	0.309592	-0.286844	0.0689876	0.156124	-0.155125	0.0691402	-0.0860425	0.436915	0.190005	-0.10589	0.134799	0.203118	0.186422
-5.0425	-0.434225	0.548717	-0.432594	0.337703	-0.318333	0.00961166	0.159677	0.0105981	0.111129	-0.0424583	0.363985	0.201683	-0.0559085	0.209625	0.249401	0.191236
-4.91549	-0.43885	0.347593	-0.169372	0.489021	-0.360146	-0.00520101	0.196003	0.104254	0.152289	-0.128488	0.296303	0.19268	-0.0680419	0.104639	0.100151	0.182858
-4.46685	0.422724	0.624402	0.135927	0.477277	-0.423545	-0.249941	-0.0812148	-0.112954	0.096429	-0.366974	0.0194411	0.100627	-0.128684	0.124388	0.0547081	0.190992
-5.00739	0.743065	0.348209	0.520447	0.584479	-0.151856	0.0923576	0.028527	-0.13342	-0.0237089	-0.305944	0.169302	0.107547	-0.120292	-0.0963586	0.0636498	0.129194
-3.3358	2.19955	-0.13939	0.551973	0.391891	0.104973	0.00650076	0.157335	-0.191368	-0.0994078	0.00152926	-0.0266608	-0.112582	-0.100272	0.0824917	0.0149324	0.0527395
-3.2266	2.68094	-0.228101	0.366522	0.438126	0.0194434	-0.471025	0.12406	-0.459879	0.273502	-0.023423	-0.0209017	0.343476	-0.0361216	-0.32345	0.216308	-0.33803
-2.89082	2.46241	-0.479445	0.418561	0.36271	0.0423877	-0.33159	-0.00155273	-0.187774	0.111024	-0.00252784	-0.163214	0.252226	0.244376	-0.202066	-0.171269	-0.409584
-2.86232	2.58692	-0.490148	0.314827	0.256057	0.0188133	-0.313972	-0.0512631	-0.187304	0.147935	0.0723739	-0.17448	0.190644	0.286863	-0.240335	-0.130059	-0.354285
-2.84418	2.66441	-0.461255	0.149345	0.290088	-0.067275	-0.149251	-0.0843096	-0.0868671	0.137973	-0.0429551	-0.141485	0.139895	0.313896	-0.214602	-0.101913	-0.589005
-2.90154	2.85863	-0.414228	0.13791	0.186032	-0.0323623	-0.269466	-0.122974	-0.249426	0.186201	0.00285383	0.106409	-0.00561549	0.374472	-0.272057	-0.0691004	-0.0942556
-2.84962	2.72382	-0.256645	0.10905	0.018523	0.163499	-0.250881	-0.0681318	-0.299727	0.0995193	0.130953	0.0173859	0.0277433	0.270617	-0.227866	0.0301755	-0.354962
-3.06061	3.0101	-0.223521	0.144511	-0.0910325	0.174604	-0.179375	-0.192511	-0.36502	0.0336008	0.230608	0.126805	0.0133225	0.197729	-0.183374	0.0933842	-0.0972471
-3.09445	2.97417	-0.120255	0.106201	-0.173353	0.268084	-0.0778241	-0.256597	-0.313921	-0.0017664	0.264426	-0.00611958	0.102537	0.124187	-0.0906681	0.0810042	-0.222822
-3.28276	3.10201	0.0286451	-0.11762	-0.0714923	0.352285	-0.183644	-0.142606	-0.482358	0.0200719	0.317362	0.0705734	0.0163825	0.219946	-0.301633	0.141565	-0.169181
-3.55791	3.30519	0.169893	-0.155194	-0.0735429	0.274439	-0.141958	-0.0937695	-0.44725	-0.143354	0.492624	-0.00988062	0.0761955	0.126721	-0.369166	0.25092	-0.115176
-3.58433	3.27908	0.183226	0.0852261	-0.244447	0.257907	0.0252745	-0.171351	-0.274897	-0.138041	0.185959	0.00692279	0.198689	0.117454	-0.20056	0.124542	-0.0756061
-3.75986	3.35284	0.204196	0.127967	-0.326016	0.242846	0.120358	-0.106579	-0.22045	-0.196579	0.198308	-0.0657453	0.243791	0.0428084	-0.200779	0.0808796	-0.210944
-3.87063	3.44047	0.234879	0.121267	-0.261287	0.214968	0.108089	-0.0197101	-0.201465	-0.258745	0.102747	-0.00692971	0.229545	0.0843739	-0.167501	0.0811088	-0.128979
-3.95803	3.3498	0.279702	0.197085	-0.334257	0.229474	0.184926	0.0413154	-0.201535	-0.197526	0.00966534	-0.0355008	0.196916	0.11735	-0.180509	0.0429427	-0.255523
-4.10919	3.37932	0.330944	0.268276	-0.365053	0.281918	0.117693	0.178611	-0.277186	-0.16639	-0.0750719	-0.040487	0.183241	0.209829	-0.216324	0.105486	-0.164601
-4.20176	3.27558	0.466602	0.0762541	-0.301988	0.466466	0.178354	0.114829	-0.384803	-0.14318	0.0295514	-0.0391435	0.0401431	0.203687	-0.116303	0.0552982	-0.105158
-4.42038	3.29379	0.258889	0.0184672	-0.224895	0.495191	0.146179	0.066291	-0.180678	-0.158574	0.140288	-0.0676412	-0.0291049	0.150767	-0.330512	-0.10361	-0.230361
-4.37338	3.08547	0.299747	0.106397	-0.169502	0.586133	0.193682	0.039316	-0.221758	-0.152709	-0.0168554	-0.0550298	0.0132738	0.163988	-0.109745	-0.117158	-0.0973502
-4.55388	3.24325	0.458735	0.0875713	-0.281646	0.774742	0.395103	-0.0851942	-0.261826	-0.0715271	-0.111667	-0.108667	-0.00691843	0.0671609	0.128833	0.0744849	0.046745
-4.78424	3.29532	0.515611	0.359165	-0.473595	0.824457	0.518644	-0.0398973	-0.418384	-0.0524309	-0.0248438	-0.221951	0.0467415	0.0554901	0.0913113	0.12081	0.129011
-4.76574	3.1234	0.534341	0.270416	0.136978	0.393361	0.670114	-0.0319897	-0.194204	-0.257353	-0.050466	-0.231393	0.112863	-0.0203316	-0.000143282	0.29089	0.181298
-5.11083	3.13605	0.888482	0.775932	-0.368661	0.217426	0.86796	0.456544	-0.41221	-0.533521	0.0125303	-0.0147328	-0.124462	-0.00592431	-0.0481552	0.518649	0.253237
-5.02694	2.91711	0.40869	0.633449	-0.208746	0.303662	0.417098	0.0307982	-0.0362119	-0.396953	-0.0993245	-0.14312	0.367653	0.0592774	-0.183776	-0.105565	-0.349654
-5.44625	3.18888	0.843913	0.867592	-0.115981	-0.0510326	0.709422	0.488052	-0.271178	-0.460156	-0.0871398	-0.0525891	0.0823068	0.0194333	-0.0559373	0.0713166	0.227606
-5.39782	3.07557	0.924434	0.569993	0.319288	0.0591975	0.650841	0.197387	0.00913805	-0.36414	0.011259	-0.13076	-0.185729	0.0763608	0.0506313	0.074229	0.320855
-5.54078	2.78256	1.17534	0.648603	-0.0291749	0.347468	0.516153	0.14454	-0.00401099	-0.179384	-0.219437	-0.0781201	-0.0107632	-0.0717678	-0.0979287	0.122229	0.166927
-5.60163	2.84703	0.97816	0.698994	0.200812	0.337702	0.43552	0.180872	0.0770791	-0.206859	-0.136969	0.0375018	-0.201629	-0.0675808	-0.0875755	0.142247	0.194158
-5.83812	2.8238	1.07736	0.823177	0.0764363	0.199777	0.555833	0.0884414	0.0552599	-0.143969	-0.153141	-0.0313779	-0.0835907	-0.0744069	-0.090364	0.163066	-0.00566207
-5.90144	2.70003	1.21116	0.53266	0.196157	0.43636	0.230961	-0.0194546	0.179677	-0.038719	-0.245056	-0.0542472	-0.0518177	0.0337535	0.152492	-0.0956116	-0.210032
-6.02931	2.63085	1.07057	0.590324	-0.0504024	0.388152	0.27364	-0.023084	-0.0824639	-0.0114379	-0.238817	-0.148811	-0.0155964	-0.0100061	0.0249101	-0.0266654	-0.359007
-6.09861	2.51177	1.21084	1.06947	0.210593	-0.0441771	0.332559	0.285572	0.333775	-0.0514566	-0.222127	-0.228072	-0.0611347	0.537681	0.1316	-0.239019	-0.321588
-5.91678	2.21422	1.10347	0.865183	0.0966827	0.406398	0.388115	0.111371	-0.0713435	-0.0667071	-0.144356	-0.0655605	-0.0167592	0.0357796	0.0444827	-0.0904118	-0.152365
-6.03296	2.37905	1.08572	0.656884	0.204672	0.348535	0.478771	-0.140607	-0.0400967	0.152327	-0.257277	-0.0918594	-0.191717	0.355658	-0.186947	-0.228842	-0.0111194
-5.8288	2.27521	0.753025	0.920249	0.414939	0.280677	0.416439	0.0607742	-0.145547	0.0386915	-0.182709	0.203672	-0.065715	0.0985487	0.0212564	-0.267775	-0.152618
-5.46702	1.96361	0.73571	0.767364	0.394409	0.228773	0.177166	0.0547161	-0.122678	-0.183029	-0.266708	0.178104	0.0417719	-0.133753	-0.107698	-0.163333	-0.0812747
-4.96104	2.24542	0.554807	0.717453	0.255236	0.322003	0.283405	0.0385418	-0.0700128	-0.153534	-0.0879535	-0.17966	0.0435054	0.00499805	0.00808522	0.0656345	0.00797996
-4.46568	2.41747	0.243051	0.543484	0.478251	0.158867	0.0692445	0.077394	-0.137191	-0.113574	-0.138161	-0.118548	-0.0973844	0.215327	0.150282	-0.0905935	0.0348585
-3.97389	2.70514	-0.0885734	0.774897	0.424645	0.332717	-0.143304	0.0537565	-0.0973846	-0.357122	-0.121866	-0.18643	-0.0177121	0.267188	0.249979	0.227771	0.224892
-3.83848	3.10487	-0.229881	0.824902	0.233666	0.301669	-0.382977	0.0472907	-0.198387	-0.109792	-0.299132	-0.0628434	0.100291	0.265551	0.258237	0.141504	0.293224
-3.30616	2.84072	-0.219541	0.89805	0.173612	0.0323803	-0.37688	0.109034	-0.182574	-0.216358	-0.123206	-0.0474706	0.0238427	0.266427	0.348297	0.187806	0.227918
-3.21056	2.81419	-0.378922	1.01484	0.165899	-0.109741	-0.308128	0.0590304	-0.214348	-0.271508	-0.048779	0.0618137	-0.00211571	0.351599	0.247454	0.0498477	0.159834
-2.9901	2.51401	-0.30599	1.04379	0.120528	-0.135043	-0.290338	0.0729138	-0.188474	-0.35089	0.0161757	0.0509849	0.0499641	0.345809	0.164465	0.110355	0.138527
-3.23252	2.88717	-0.428533	0.840086	0.31853	-0.273087	-0.405427	0.354063	-0.417701	-0.157331	-0.00185753	-0.0166835	0.160905	0.189638	0.175916	0.239991	-0.0803136
-3.09861	2.75923	-0.491576	0.814874	0.323247	-0.354179	-0.403412	0.301619	-0.390911	-0.226862	0.0553601	0.13806	0.0399707	0.242303	0.185477	-0.0351769	0.0615157
-2.84697	2.4227	-0.357111	0.945182	0.0401189	-0.206232	-0.334547	0.0850905	-0.170372	-0.352578	0.105867	0.0754477	0.0313701	0.297792	0.223442	0.0604086	-0.0234495
-2.94821	2.66562	-0.447026	0.727708	0.233958	-0.378729	-0.413421	0.259147	-0.292167	-0.24452	0.0859939	0.131831	-0.0219101	0.302716	0.220627	-0.109915	0.0653615
-3.03955	2.74569	-0.569943	0.67853	0.168419	-0.464644	-0.319696	0.202229	-0.205171	-0.126464	0.0622269	0.23066	-0.181197	0.37468	-0.105478	0.0604026	-0.335475
-2.85481	2.55122	-0.545927	0.69474	0.114133	-0.453094	-0.230612	0.0293558	-0.00455114	-0.293636	0.148946	0.140042	-0.0357025	0.25571	-0.0164035	0.0139255	-0.266207
-2.90942	2.74592	-0.768691	0.767726	0.0575793	-0.479465	-0.200782	0.00798383	0.0744183	-0.368416	0.281987	0.0185313	0.0116479	0.242531	-0.0555128	0.00197259	-0.29204
-2.90581	2.80813	-0.818223	0.786524	0.0416508	-0.298036	-0.41667	0.187117	-0.138963	-0.218084	0.0720918	0.176448	-0.000272567	0.244788	0.0638295	-0.12533	-0.110871
-3.08397	3.06062	-0.920472	0.670471	0.161359	-0.43351	-0.349121	0.141138	-0.0599009	-0.222359	0.109525	0.168418	0.0478144	0.0742081	0.156809	-0.291062	-0.0796047
-2.94851	2.94469	-0.746113	0.607296	0.221457	-0.262037	-0.46552	0.190207	-0.138458	-0.338143	0.10471	0.0791727	0.140634	0.277053	0.129415	-0.0482699	0.0296286
-3.05372	3.14732	-0.986031	0.783716	0.0804446	-0.258796	-0.423564	0.0372817	0.053059	-0.410498	0.176508	0.0909604	0.205633	0.0381321	0.282489	-0.306226	0.183629
-3.02789	3.08964	-0.930955	0.638809	0.254222	-0.320627	-0.389139	-0.0272527	0.0410696	-0.418516	0.200726	0.109815	0.252723	0.0283493	0.184014	-0.26927	0.193992
-3.04855	3.13609	-0.932784	0.569777	0.31197	-0.339713	-0.397729	-0.0537627	0.103798	-0.363578	0.0865528	0.253906	0.0724066	0.203044	0.000873308	-0.168938	0.0948496
-3.16931	3.38151	-1.05806	0.637932	0.218628	-0.200316	-0.524934	-0.0442779	0.183386	-0.487944	0.248094	0.132674	0.227004	-0.0132246	0.122792	-0.172987	0.136612
-3.23609	3.47612	-1.08912	0.574951	0.305443	-0.202767	-0.490267	-0.0371527	0.222413	-0.447076	0.164643	0.13716	0.172281	0.0378291	0.107691	-0.082517	-0.127078
-3.30263	3.46705	-0.883215	0.245167	0.527476	-0.201451	-0.582688	0.0360724	0.231898	-0.40882	0.176077	0.186436	0.0932859	-0.111624	0.222019	-0.199259	-0.19317
-3.25664	3.47944	-1.01414	0.514037	0.296517	-0.0291982	-0.618205	-0.0812862	0.203911	-0.339554	0.250294	0.098722	0.143081	-0.0826442	0.139681	-0.189437	0.0113686
-3.28355	3.50432	-0.996094	0.409407	0.416548	-0.0663031	-0.519687	-0.114335	0.141927	-0.165397	0.10859	0.142759	0.0801964	-0.0589857	0.145317	-0.272012	-0.00969519
-3.29773	3.51689	-0.99325	0.426044	0.436709	-0.0110754	-0.435977	-0.340897	0.357911	-0.366947	0.299378	-0.00985716	0.188839	-0.113056	0.123243	-0.255203	0.0450189
-3.31915	3.51054	-0.966707	0.448574	0.326717	0.224365	-0.562894	-0.340209	0.308105	-0.226303	0.17392	0.117041	0.0243938	0.0298236	-0.0578219	-0.116375	0.172557
-3.33456	3.4788	-0.960744	0.448777	0.394431	0.155829	-0.457625	-0.345877	0.339232	-0.260382	0.222564	0.0438848	0.0130328	-0.0497295	0.0409618	-0.134061	0.174091
-3.30138	3.38036	-0.857021	0.403863	0.381605	0.202388	-0.552009	-0.322731	0.323681	-0.315519	0.372258	0.0173411	-0.00206644	-0.153088	0.11707	-0.0460709	0.323553
-3.24232	3.26131	-0.80984	0.371526	0.456669	0.11825	-0.560838	-0.330727	0.283482	-0.225083	0.38681	0.0070612	-0.00692555	-0.226571	0.0937771	0.111181	0.334291
-3.23618	3.18843	-0.761909	0.365619	0.463879	0.118257	-0.545881	-0.330759	0.345942	-0.259605	0.35947	0.0151862	-0.0383678	-0.217266	0.102054	0.140117	0.259255
-3.36007	3.32475	-0.954074	0.553447	0.367011	0.243272	-0.634387	-0.195069	0.30483	-0.249246	0.292397	0.010808	-0.049521	-0.203918	0.115463	0.117183	0.185914
-3.33774	3.14267	-0.770751	0.409022	0.54328	0.0922923	-0.553601	-0.250594	0.390113	-0.312098	0.342308	-0.0827008	0.0398108	-0.277972	0.179969	0.0753161	0.243278
-3.43135	3.18837	-0.914967	0.662267	0.482812	0.134822	-0.576123	-0.107301	0.316414	-0.339654	0.264026	-0.0676547	0.0375258	-0.133183	0.0699422	-0.0128837	0.13631
-3.46277	3.14958	-0.94807	0.756637	0.510981	0.127475	-0.484517	-0.0984439	0.423089	-0.52078	0.244483	-0.110928	0.12399	-0.063979	-0.0557215	-0.0581147	0.00594281
-3.45476	3.09131	-0.965755	0.829728	0.414686	0.0305018	-0.594451	-0.0419927	0.401384	-0.371005	0.232914	-0.133264	0.134665	-0.219786	0.144038	-0.0755624	0.31918
-3.45571	2.92233	-0.775785	0.788163	0.550892	-0.0688416	-0.480629	0.0352986	0.275299	-0.368348	0.144087	0.0162918	-0.0186313	-0.0601501	0.00252289	0.00117193	0.130625
-3.41433	2.73131	-0.640227	0.864739	0.484162	-0.094086	-0.366358	0.00347685	0.261936	-0.479351	0.263041	0.00131181	-0.0458015	-0.0623523	0.0338391	-0.0109897	0.0570774
-3.46006	2.68844	-0.611274	0.969618	0.362554	-0.088842	-0.394845	0.0814628	0.160207	-0.451907	0.375697	-0.0791266	-0.0198345	-0.207954	0.24639	-0.113675	0.201329
-3.49805	2.69409	-0.603695	0.997369	0.343293	-0.221401	-0.444667	0.156395	0.0797946	-0.296971	0.402036	-0.121097	-0.0795834	-0.325255	0.415969	0.0351375	0.295809
-3.55163	2.70211	-0.681108	1.21362	0.332058	0.0338601	-0.286684	0.237946	0.00754132	-0.521662	0.223444	0.0237904	-0.103025	0.0406017	-0.00542798	-0.133488	-0.117453
-3.60585	2.72061	-0.672132	1.20529	0.322735	0.0214453	-0.361364	0.271533	0.00642668	-0.553409	0.309001	0.0264383	-0.150952	0.0354365	0.0522613	-0.176511	0.0120139
-3.58177	2.59557	-0.531938	1.11717	0.394204	-0.0190471	-0.316906	0.25705	-0.0237146	-0.451006	0.189018	0.0926518	-0.202605	0.0268409	0.0473	-0.0556193	-0.0583797
-3.65581	2.6432	-0.524256	1.12813	0.432794	-0.0272669	-0.219346	0.161642	0.0602794	-0.571824	0.232353	0.0882448	-0.209778	0.0919189	-0.0153304	-0.0914775	-0.0943637
-3.66697	2.64403	-0.551143	1.14452	0.375435	0.0345377	-0.33323	0.218388	0.0662649	-0.526961	0.217423	0.0376904	-0.163615	0.0313991	0.0623121	-0.134359	0.0170445
-3.7714	2.74595	-0.585155	1.20277	0.351773	0.148183	-0.303926	0.22279	0.106195	-0.689066	0.223632	0.0615965	-0.116651	0.0496884	0.028704	-0.262972	-0.0669786
-3.77284	2.76483	-0.615985	1.1944	0.328728	0.0965979	-0.347624	0.270032	0.0321072	-0.52425	0.174705	0.0773238	-0.225666	0.116424	-0.000743133	-0.136695	0.0249762
-3.83324	2.83843	-0.594754	1.08996	0.413733	0.0620195	-0.305909	0.12444	0.216697	-0.620078	0.17738	0.0709328	-0.144323	0.0261838	0.0446647	-0.150925	0.0765829
-3.96223	3.00106	-0.620501	1.05983	0.444902	0.25816	-0.396547	0.253416	0.117868	-0.628585	0.0731967	0.10439	-0.0739945	0.0474456	-0.00802503	-0.269857	-0.0596892
-3.98821	3.06712	-0.643664	0.942779	0.458617	0.0770032	-0.437054	0.117024	0.246534	-0.417665	0.114738	-0.0506798	-0.081368	-0.0821453	0.148097	-0.0397161	0.18758
-4.04366	3.0787	-0.577295	0.842648	0.443585	-0.0142788	-0.372654	-0.128826	0.513931	-0.613744	0.348517	-0.211006	0.104837	-0.204997	0.219323	-0.195938	0.470822
-4.30957	3.45387	-0.528542	0.586978	0.352832	0.265251	-0.747671	-0.234554	0.536808	-0.171867	0.0951978	-0.0159335	-0.06261	-0.392184	0.267237	0.400302	0.440446
-4.45727	3.54704	-0.597922	0.652881	0.45904	0.522215	-0.506094	0.0136842	0.170919	-0.306654	-0.0732212	0.102713	-0.115909	-0.014193	0.0683816	-0.105891	-0.0259811
-4.79648	3.84284	-0.4607	0.449335	0.287652	0.502609	-0.378743	-0.27049	0.29045	-0.369465	0.357057	-0.126327	-0.199477	-0.0830731	0.137164	0.144907	0.168214
-4.88085	3.75859	-0.362445	0.2661	0.454222	0.399464	-0.236738	-0.0860496	-0.00154957	-0.305093	0.451105	-0.104398	-0.399856	-0.128113	0.319167	0.0909642	0.244125
-4.86999	3.52405	-0.286407	0.229977	0.603305	0.48113	0.116637	-0.0818692	0.10562	-0.349279	0.0559551	-0.176334	-0.22024	-0.0758063	0.277605	-0.088097	-0.156467
-5.04808	3.27544	0.16911	0.226225	0.403953	0.673699	0.150658	0.0289755	-0.168016	0.0773719	-0.269958	-0.187895	-0.283278	0.104688	0.0898096	-0.0125826	-0.0823217
-5.10293	3.29522	0.178793	0.349355	0.404813	0.346107	0.336147	-0.157066	0.0563872	-0.215477	0.152152	-0.39985	-0.146944	-0.247992	0.320163	0.0677513	0.370086
-5.30808	3.41461	0.253375	0.328084	0.473451	0.49274	0.465202	0.0706981	-0.0102583	-0.27225	-0.374669	0.126212	-0.531974	-0.0350712	0.354881	-0.0937647	0.0520031
-5.08855	3.20923	0.650662	0.296073	0.125687	0.844407	0.356285	0.00544585	-0.0332835	-0.517166	0.00213393	-0.0073925	-0.445055	-0.0847721	0.383079	-0.00070821	-0.342907
-4.86482	3.63661	0.0319264	0.469306	0.0506809	0.721343	-0.127086	-0.0623579	-0.0318668	-0.153032	0.128446	-0.205751	-0.247359	-0.0745998	0.22128	0.0933155	0.253798
-4.70622	3.86372	0.0119177	0.0375218	0.338724	0.749371	-0.414985	-0.138516	0.11149	-0.273934	0.2321	-0.0221505	-0.312782	-0.150052	0.286981	0.135048	0.251103
-4.44771	3.86154	-0.0407048	-0.13091	0.542865	0.703995	-0.612875	-0.160307	0.250076	-0.388549	0.258704	0.0888204	-0.268137	-0.265518	0.456702	-0.0592544	0.275361
-4.2462	3.87467	-0.360769	0.232082	0.387486	0.681913	-0.544481	-0.295964	0.191449	-0.256933	0.317166	0.00439829	-0.238472	-0.179944	0.225908	0.139423	0.183695
-3.84431	3.71328	-0.404993	0.190205	0.371455	0.575817	-0.823591	-0.218519	0.199396	-0.136173	0.360736	0.0133697	-0.229205	-0.225724	0.27802	0.137884	0.488797
-3.62136	3.60802	-0.285566	0.193857	0.573611	0.48124	-0.674531	-0.102884	0.308993	-0.376494	0.10307	0.121376	-0.108761	0.000128997	-0.0138861	0.0324043	-0.0542327
-3.46982	3.62183	-0.448595	0.35256	0.539899	0.353286	-0.722629	-0.0841733	0.402654	-0.442	0.175632	0.0501082	-0.0142147	-0.0682211	-0.0222809	0.0767246	0.0601166
-3.21737	3.39745	-0.428626	0.315884	0.605179	0.228797	-0.677464	-0.0668701	0.365649	-0.34995	0.12264	-0.000367699	0.0492382	-0.0432861	-0.0604851	0.0330588	0.108016
-3.28685	3.6415	-0.670825	0.435172	0.543475	0.27242	-0.633168	-0.127957	0.533056	-0.535043	0.16717	-0.0285668	0.0920958	-0.057215	-0.017746	-0.0210899	0.0223254
-3.15038	3.47845	-0.598276	0.410142	0.494432	0.19878	-0.592487	-0.134671	0.390492	-0.317314	0.0903862	0.0530809	0.0344162	-0.115258	-0.0131499	0.030131	0.155779
-3.09649	3.43058	-0.571628	0.402981	0.472022	0.185258	-0.531923	-0.143714	0.362323	-0.350682	0.123985	0.0550484	0.0551285	-0.169067	0.0912794	-0.0378492	0.222017
-3.08044	3.368	-0.53006	0.394268	0.427011	0.290888	-0.510529	-0.0928101	0.332178	-0.34966	0.0575927	0.0588175	0.00176745	-0.0300133	0.0410942	-0.106203	0.160217
-3.05575	3.25469	-0.3631	0.237006	0.439564	0.419146	-0.543216	-0.0494846	0.29718	-0.259217	-0.0601527	0.053146	0.00817372	-0.0122981	0.0447109	-0.132417	0.127073
-3.19285	3.40587	-0.389646	0.260522	0.363669	0.523065	-0.470315	-0.110199	0.201546	-0.194541	-0.0166164	0.0460888	-0.0724694	0.0186179	0.0728855	-0.161301	0.185943
-3.36561	3.52038	-0.232379	0.245063	0.196456	0.619034	-0.31916	-0.241241	0.23795	-0.413542	0.197369	0.0520366	-0.0245657	-0.135086	0.0390529	0.0464201	0.186631
-3.56231	3.54078	-0.11052	0.178866	0.184165	0.650279	-0.0982425	-0.19313	0.216809	-0.50815	0.228585	-0.0190403	-0.0567206	-0.0865553	-0.0085881	0.0787217	-0.104866
-3.90188	3.43115	0.113954	0.421649	0.0475977	0.763254	-0.0440349	0.00857276	0.141365	-0.567103	0.094607	-0.0771222	0.066082	-0.102823	0.0823413	-0.0505289	0.0547039
-4.20967	3.16633	0.10588	0.582906	0.50773	0.842129	-0.133956	0.566048	0.044636	-0.56464	-0.134947	-0.0948711	-0.199692	0.0128236	0.165471	-0.242562	0.240602
-4.18848	3.19666	0.779316	0.63442	0.275137	0.818463	-0.138803	0.214332	0.159287	-0.524652	-0.287892	-0.130838	-0.0078817	0.128267	0.390076	0.0402356	0.0424674
-4.25075	3.38415	0.663559	0.702275	0.396184	0.811052	-0.259855	0.0912157	0.130624	-0.385471	-0.245775	-0.13028	-0.0284799	0.0771566	0.399132	0.0286427	0.184072
-4.37585	3.33445	0.877307	0.684758	0.384008	0.983339	-0.361171	-0.181241	0.068163	-0.148623	-0.0904213	-0.232569	-0.0701844	0.120571	0.218497	0.0480318	0.371263
-4.32499	3.29637	0.62466	0.808929	0.453158	0.784162	-0.291931	-0.157945	0.159494	-0.194949	0.0244488	-0.144706	-0.245935	0.0196873	0.179618	0.0963056	0.190369
-4.4303	3.39719	0.597875	0.841457	0.438147	0.845564	-0.279255	-0.310288	0.22855	-0.241736	0.199558	-0.313738	-0.0730283	-0.152534	0.237024	0.0468262	0.273788
-4.51558	3.38492	0.733155	0.628732	0.530164	0.892554	-0.346289	-0.345413	0.354369	-0.245874	0.0923955	-0.0548182	-0.133205	-0.344574	0.251866	0.0223799	0.206324
-4.45503	3.39307	0.659932	0.647935	0.637632	0.780264	-0.273063	-0.278207	0.281182	-0.280498	0.092082	0.0455743	-0.312817	-0.178726	0.207101	0.00325903	0.314363
-4.45538	3.20974	0.648718	0.626961	0.478379	0.867772	-0.492865	-0.123231	0.089211	-0.0915342	0.16084	0.24186	-0.423477	-0.160742	-0.0285592	-0.229826	0.105218
-4.59134	3.36878	0.576273	0.500414	0.475382	0.831284	-0.488711	-0.00854709	0.00966898	-0.0862003	0.197287	0.347194	-0.544353	0.000983137	-0.168306	-0.351306	-0.010866
-4.30457	3.24656	0.65254	0.487141	0.686345	0.731735	-0.270039	0.0689884	0.093807	-0.352795	0.210789	0.051383	-0.375147	-0.0621476	0.0695075	-0.00818474	0.271787
-4.37232	3.3597	0.493621	0.710114	0.527253	0.843692	-0.367691	0.103061	0.00583127	-0.272516	0.189884	0.107285	-0.351465	-0.109401	0.0679794	-0.0214969	0.327257
-4.46822	3.64674	0.259288	0.612914	0.61308	0.724137	-0.271473	0.223549	-0.0103655	-0.402538	0.17232	0.0934363	-0.325905	-0.0114239	0.00778277	-0.0660406	0.406699
-4.28103	3.35007	0.371154	0.62508	0.482637	0.804844	-0.184385	0.296874	0.0216798	-0.462889	0.140389	-0.0250298	-0.211697	-0.0436662	-0.00279521	-0.0100292	0.508011
-4.41737	3.53522	0.199885	0.564764	0.51034	0.764353	-0.251818	0.51369	-0.126492	-0.377623	0.0389532	0.0417625	-0.217758	0.103722	-0.156446	-0.047141	0.43025
-4.166	3.21706	0.3207	0.506291	0.618215	0.532095	0.0186295	0.456806	0.0551318	-0.443441	0.0562472	-0.0402021	-0.147875	0.057154	-0.09953	-0.114568	0.575129
-4.1427	3.22877	0.0773754	0.62678	0.405184	0.746179	-0.159091	0.633795	-0.0321678	-0.256044	0.0115973	-0.0781896	-0.135441	0.160439	-0.14521	-0.149926	0.403564
-4.10582	3.12413	0.115397	0.48507	0.415476	0.74773	-0.0111246	0.436743	0.179416	-0.254315	-0.000998685	-0.0596885	-0.139963	0.141448	0.023615	-0.263892	0.295568
-4.14175	3.25511	-0.0761031	0.59416	0.306682	0.79737	-0.000604078	0.428285	0.338764	-0.31956	0.10455	-0.101182	-0.0801533	0.145248	0.0729244	-0.197121	0.158939
-3.93274	2.97012	0.0303329	0.385539	0.319608	0.638153	0.169238	0.376443	0.390921	-0.107345	-0.0395492	0.0444508	-0.210106	0.113352	0.0600562	0.00783074	-0.0148692
-3.77387	3.33099	-0.140397	0.47389	0.00205819	0.328921	0.150603	0.330366	0.287328	0.00734178	0.114453	0.116682	-0.208792	0.164236	0.030136	0.0840782	0.26548
-3.49293	3.33137	-0.401563	0.238389	-0.382215	0.0429592	0.27075	0.609504	0.212753	0.0690239	0.144627	0.0463098	0.221576	0.027469	-0.076109	-0.217398	0.266883
-3.04985	2.84313	-0.514875	0.247063	-0.564978	0.232299	0.326797	0.633502	0.552545	-0.0925052	0.261981	-0.0985807	0.118961	0.0937377	0.049175	-0.326884	0.160287
-3.01814	2.81006	-0.763491	0.113275	-0.630896	0.297228	0.33413	0.533736	0.238801	-0.269224	0.286374	-0.0143926	-0.00850061	-0.0698904	-0.0998788	-0.199855	0.146129
-2.8345	2.49439	-0.71861	0.033997	-0.501896	0.278107	0.315766	0.472582	0.204186	-0.303662	0.3079	0.0109652	-0.0992048	-0.176627	-0.101403	-0.218885	0.208468
-2.74047	2.5219	-0.900132	0.020103	-0.401381	0.412174	0.317517	0.416449	0.183552	-0.309724	0.413279	0.0251286	-0.128524	-0.20466	-0.0321252	-0.244322	0.241261
-2.74041	2.52693	-1.08632	0.0499965	-0.393835	0.495783	0.220613	0.345509	0.178697	-0.286789	0.37832	0.0366771	-0.192517	-0.166987	-0.0602065	-0.222032	0.130818
-2.73935	2.59657	-0.995173	0.154932	-0.212555	0.598088	0.242682	0.418936	0.337329	-0.141895	0.398226	0.114027	-0.117213	-0.0875109	0.0702674	-0.240432	0.206397
-2.71164	2.69855	-1.04797	0.339905	-0.226678	0.810266	0.136091	0.521041	0.331411	-0.028728	0.43551	0.183825	-0.0712155	-0.0994324	0.211306	-0.194902	0.214453
-2.6191	2.50759	-0.941052	0.198973	-0.0809743	0.777896	0.113573	0.456209	0.370729	-0.0622275	0.444592	0.150914	-0.101871	-0.102215	0.219114	-0.131744	0.136466
-2.63011	2.54954	-1.03526	0.261071	-0.093805	0.832333	0.0376082	0.468528	0.38237	-0.0195718	0.415491	0.175765	-0.165831	-0.0924806	0.212072	-0.0776293	0.0752215
-2.57609	2.53925	-0.959385	0.294564	0.0322052	0.817539	0.0737427	0.439605	0.536986	-0.0267543	0.500563	0.130062	-0.0746752	-0.142436	0.308095	-0.107908	0.165437
-2.61763	2.57581	-1.00098	0.351818	0.0296603	0.82331	-0.0160905	0.413437	0.602592	-0.0364561	0.499456	0.109178	-0.0986235	-0.134129	0.280104	-0.145729	0.198744
-2.68846	2.55338	-0.996599	0.306382	0.0268197	0.726546	-0.0864456	0.305182	0.622315	-0.0758114	0.457509	0.0273037	-0.0965327	-0.191674	0.216528	-0.174729	0.162388
-2.84935	2.66447	-1.04613	0.33307	-0.0470376	0.667235	-0.17828	0.24846	0.601799	-0.0844659	0.388478	0.018431	-0.174802	-0.188136	0.137767	-0.163283	0.0970231
-2.87926	2.68311	-0.952034	0.31547	0.0478697	0.475924	-0.074997	0.122199	0.714124	-0.176114	0.447916	0.0113218	-0.217441	-0.116781	0.063301	-0.114614	0.0659732
-2.95861	2.68844	-0.903053	0.275061	-0.00263254	0.473533	-0.245516	0.216112	0.534757	-0.0897342	0.309963	0.031623	-0.238133	-0.0803162	0.0417566	-0.13868	-0.0640179
-3.19245	2.94217	-0.806356	0.266025	0.0617852	0.496265	-0.321975	0.212181	0.56101	-0.184222	0.378946	0.0901135	-0.222646	-0.0595169	0.113099	-0.247649	-0.0596637
-3.54068	2.89831	-0.431014	0.115402	0.250056	0.477738	-0.473099	0.203864	0.380505	-0.264011	0.509262	0.0946633	-0.13429	-0.124051	0.232676	-0.348887	-0.274871
-4.09973	2.99062	-0.326185	0.432631	0.338413	0.632344	-0.320531	0.08107	0.392105	-0.258135	0.529841	0.0161937	-0.00738262	-0.0894455	0.100139	-0.144785	-0.442832
-4.97475	2.83384	0.137141	0.76606	0.729598	0.986383	-0.298889	0.445304	0.0825616	-0.564997	0.0160606	-0.287545	-0.204082	0.522118	0.339196	-0.0885333	-0.30461
-5.54008	2.96937	0.423967	0.74923	0.568521	0.552813	-0.26907	0.372378	0.071725	-0.355979	0.253828	-0.166805	-0.202565	0.235358	0.159563	-0.167891	-0.388851
-5.86169	2.64059	0.339004	0.966884	0.432216	0.376366	0.146086	-0.0624206	0.0744029	-0.246342	0.231064	-0.179162	-0.0153949	-0.0725887	-0.198679	-0.00666813	-0.245973
-6.46667	2.18759	0.590975	1.10968	0.725282	0.210053	-0.230486	0.097856	-0.0643553	-0.244563	-0.332264	-0.196664	0.284409	0.165345	0.214871	-0.0167058	-0.537989
-6.1249	2.37558	0.562433	0.777945	0.729294	0.170602	-0.233132	-0.465518	0.00812963	-0.0218111	0.233407	0.146228	-0.174301	0.0716369	-0.192928	-0.211619	-0.196433
-5.85915	2.06847	0.23461	0.975879	0.688111	0.553918	-0.221779	-0.0917318	-0.124545	-0.134558	0.20322	-0.295513	-0.0502654	-0.060512	0.0536491	0.218119	-0.284176
-7.54854	2.50756	0.299864	0.771863	1.28208	1.07203	0.0721978	0.253728	-0.00881309	-0.262849	-0.0466888	-0.567232	-0.401451	-0.0966588	0.00887028	0.29224	-0.178952
-8.09676	2.68909	0.180249	0.349416	0.870187	0.720318	0.174689	-0.120857	-0.547559	-0.303626	0.303492	-0.0988315	-0.19174	0.284602	-0.141308	-0.0615061	-0.406917
-8.24475	2.27593	0.437016	0.393366	0.650099	0.677088	0.228958	-0.1029	-0.326018	-0.133508	0.0660671	-0.119903	-0.365947	-0.219573	-0.0878108	-0.00365897	0.00986452
-8.59876	2.09139	0.676694	0.534823	0.591543	0.573009	0.239211	-0.0607592	-0.11874	-0.0237453	-0.0199987	-0.0641115	-0.309446	-0.233589	0.00671256	-0.0679489	-0.0656856
-9.11535	1.75029	0.827557	0.77305	0.668219	0.51207	0.0950527	0.115417	0.0306066	-0.048252	-0.229827	-0.210406	-0.269053	-0.10581	0.0249615	-0.053546	-0.0246544
-8.81309	1.69177	0.78503	0.62394	0.491473	0.388012	0.124333	0.166309	0.0544415	0.0361776	-0.0649111	-0.0983944	-0.109487	-0.101849	-0.0461331	-0.0395243	0.0128105
-9.19644	1.50636	0.750539	0.643346	0.595834	0.596033	0.108854	0.134247	0.082245	0.0638077	-0.0531485	-0.0880713	-0.0681065	-0.136761	0.0801411	0.00355457	-0.0577201
-9.24921	1.44714	0.717022	0.562674	0.545892	0.573023	0.156218	0.194084	0.139664	0.0892766	0.0199322	-0.0536207	-0.089975	-0.142066	0.0588817	-0.0115721	-0.114382
-9.09243	1.47444	0.478288	0.326996	0.577567	0.56801	0.170504	0.0842826	0.0636978	0.139038	0.0716154	-0.0245436	-0.0905089	-0.119298	0.0549611	0.0213292	-0.0206802
-9.20704	1.46937	0.381168	0.159397	0.571079	0.574205	0.122617	0.0436785	0.0319311	0.154837	0.103735	-0.00353252	-0.158418	-0.105507	0.00283988	-0.0462847	-0.00750991
-9.26748	1.49963	0.593767	0.328979	0.559318	0.587978	0.206014	0.0118078	0.0492912	0.183605	0.123652	0.0600711	-0.0679418	-0.0404048	0.0806672	0.0530625	0.0913007
-9.21597	1.56879	0.619253	0.371523	0.333569	0.51927	0.285553	0.126037	0.122943	0.176541	0.191038	0.173631	-0.0340169	-0.0257459	0.193912	0.124845	0.108752
-7.02627	2.0759	-0.42278	-0.609002	0.129182	0.868868	-0.169488	0.0976789	-0.138595	0.0668908	0.326835	-0.0789261	0.339764	-0.121636	0.1367	0.145572	0.0417593
-5.78015	1.90246	-0.572801	-0.68167	-0.0332054	0.832427	-0.206419	-0.100688	-0.179918	-0.0876498	0.301335	-0.0934585	0.232424	-0.199495	0.114686	0.0657049	0.0381107
-5.10538	1.6004	-0.70343	-0.634495	0.00337475	0.624023	-0.0265921	-0.0931065	-0.0614081	-0.110327	0.234263	-0.064519	0.182383	-0.195666	0.244109	0.12629	0.0619212
-4.73301	1.66401	-0.626619	-0.687304	-0.0681025	0.500874	0.0817708	-0.109018	0.00469535	-0.108642	0.272806	-0.0916692	0.151989	-0.22303	0.212298	0.181389	0.0693646
-4.69091	1.94926	-0.289909	-0.547804	-0.0220223	0.522128	0.170081	-0.113507	-0.11468	-0.143347	0.236292	-0.0798753	0.109418	-0.365343	0.178753	0.195839	-0.10951
-4.823	2.34507	0.210088	-0.3832	-0.0433617	0.45571	0.140684	-0.22447	-0.366723	-0.309095	0.142242	-0.0165492	0.0498836	-0.320026	0.0263288	0.185152	-0.0776049
-5.26142	3.49449	0.706027	0.126682	0.181128	0.398018	-0.106753	0.153993	-0.292711	0.10196	0.470798	-0.506273	0.211299	-0.263681	-0.0954534	0.351335	0.0973704
-4.52155	3.11707	0.524013	-0.0651558	-0.524324	0.212689	0.125421	-0.0849239	-0.427281	-0.3516	0.188757	-0.432306	0.231806	-0.25323	-0.0394908	0.133713	-0.248736
-4.63812	3.55172	0.387365	0.367303	-0.559558	0.189583	0.126919	0.0587337	-0.0913571	-0.301524	0.240349	-0.389018	0.299813	-0.0881688	-0.0207174	0.319743	-0.125994
-4.64301	3.47119	0.606976	0.323164	-0.756984	0.137792	0.106112	0.0817305	-0.00565347	-0.304853	0.0230474	-0.267173	0.154415	-0.00702607	0.00860959	0.140402	-0.0986166
-5.11484	3.32602	0.966655	0.144711	-0.893325	-0.135029	0.22266	-0.254603	-0.189339	-0.297754	0.193111	-0.666305	-0.2789	-0.0322796	0.144686	0.0706516	-0.240852
-5.30204	3.80106	0.32511	0.38145	-0.330304	0.165868	0.267425	-0.0644758	0.118578	-0.159031	0.185086	-0.196297	-0.151519	0.0595498	-0.0135969	0.142389	0.0934545
-6.48232	4.13046	1.38917	0.619989	0.0299414	0.73477	0.282203	-0.042394	0.587337	0.366365	0.210351	-0.35249	0.232153	0.362338	0.154177	0.304863	0.220983
-6.97676	3.94963	1.07292	0.255073	0.136826	0.331481	-0.10034	-0.125092	0.169022	-0.109094	0.0675291	-0.220517	-0.183042	-0.200716	-0.262208	0.075818	0.000722431
-7.77023	3.63563	1.70096	0.40781	-0.224072	0.176022	-0.0337518	-0.0399748	0.0390855	-0.0968901	-0.0615855	-0.210515	-0.517819	-0.394934	-0.189179	-0.0181682	-0.0975732
-8.02963	3.47125	1.79976	0.723584	0.0789849	-0.0251034	-0.056701	-0.0314882	0.390437	0.107994	-0.234953	-0.243187	-0.368616	-0.384101	-0.0524639	0.149872	-0.0759782
-7.99811	3.265	1.57642	0.786333	0.00299901	-0.0660381	0.0122862	0.0229074	0.05191	0.115529	0.0950671	-0.352908	-0.4652	-0.147731	-0.00650073	-0.188346	-0.209736
-8.18721	3.50846	1.63931	0.975239	0.735489	0.480785	0.452675	0.51997	0.433006	0.408519	0.21776	0.207587	0.223918	0.213055	0.196992	0.283265	-0.0361538
-8.53214	3.36871	1.91641	0.709225	0.549034	0.379884	0.310852	0.418106	0.495956	0.305836	-0.0573119	-0.0918344	-0.0399088	0.00424969	-0.00535411	-0.133895	0.250437
-8.39011	3.32173	1.93934	0.874689	0.473414	0.420244	0.247034	0.334717	0.598623	0.416647	-0.00919512	0.0365418	-0.21097	0.0872622	-0.0520923	0.137425	0.220661
-8.65193	2.73109	1.57579	0.945394	0.660065	0.602556	0.426566	0.505363	0.342796	0.0664264	-0.170577	-0.0550224	-0.232431	-0.155795	-0.0188203	0.192163	0.197161
-7.6318	1.73735	0.697424	0.605826	0.439756	0.348338	0.257512	0.182545	0.117802	0.0709199	0.0349431	0.00841187	-0.024111	-0.0655345	-0.105525	-0.131518	-0.141984
-8.12017	1.63315	0.647089	0.546094	0.372937	0.303687	0.212955	0.177833	0.101629	0.0669373	0.0281552	0.0191583	-0.0420278	-0.0362422	-0.0539333	-0.0739089	-0.0666348
-8.55033	1.21409	0.813309	0.755697	0.436231	0.399887	0.222034	0.217562	0.182514	0.0676097	0.0479917	0.104995	0.0315025	-0.0680192	-0.0282281	-0.035387	-0.0764103
-8.28844	0.718357	0.70862	0.728081	0.340255	0.399491	0.253785	0.100492	0.214127	0.148276	0.133971	0.217781	0.0972427	-0.0150843	0.0281479	-0.0962441	0.0477341
-6.75279	1.55676	0.177011	0.151042	0.0833305	0.238759	0.237143	0.0961331	0.0579048	-0.140881	0.152084	0.131902	-0.0817241	0.0646313	0.173367	-0.0110031	0.137459
-5.57175	1.82693	-0.340133	0.201246	0.0140868	0.198213	0.108869	0.13362	-0.0948656	-0.17677	0.126357	0.034387	-0.0663901	0.0560562	0.177434	0.0141453	0.160369
-5.09263	1.86944	-0.477608	0.214743	-0.0565596	0.178126	0.0815353	0.136915	-0.13379	-0.170471	0.162092	0.0808272	0.00915535	0.104716	0.257372	0.062134	0.184479
-5.07642	1.97035	-0.319983	0.308579	0.0648909	0.160544	0.0972601	0.130005	-0.115549	-0.201327	0.112698	0.0561196	0.0015153	-0.0711047	0.0811519	-0.0058158	0.00139994
-4.94316	2.55672	0.0364892	0.286976	-0.19811	-0.0727637	-0.0721777	0.011177	-0.0141117	-0.214563	-0.0273047	-0.0471547	0.0287203	-0.181251	0.0067902	0.0662124	-0.0970341
-4.82363	3.2858	0.907332	0.555444	-0.300281	0.381859	0.323905	0.252192	0.470226	0.13437	0.375333	0.0551921	0.111494	0.14271	0.284339	0.300726	-0.0435894
-4.93824	3.27333	0.762568	0.542398	-0.650755	-0.0256017	0.0175668	0.0201766	0.484444	-0.348099	0.0861246	-0.183607	-0.293768	-0.0162646	0.205668	0.306752	-0.0552862
-5.09185	3.33313	0.703346	0.476874	-0.618981	-0.266395	0.190266	-0.0596832	0.165876	-0.344786	0.0486533	0.0466498	-0.298256	-0.345788	-0.00795304	0.355348	-0.0432045
-4.94189	3.07489	0.675784	0.276949	-0.858133	-0.123362	-0.0267169	-0.320129	0.10872	-0.375573	0.124514	-0.38679	-0.305905	-0.286834	-0.0390262	0.115691	-0.168651
-5.12674	3.22924	0.897562	-0.0619279	-0.946942	0.0813038	-0.142486	-0.458625	0.329785	-0.373484	-0.0844459	-0.434416	-0.155105	-0.263406	-0.140477	0.213088	-0.315931
-5.05172	3.16728	0.754178	-0.0962499	-1.04205	-0.0178472	-0.181512	-0.649073	0.0378452	-0.437176	0.0563576	-0.561652	-0.157575	-0.497982	-0.310447	-0.0696933	-0.246895
-4.85208	3.0657	0.84663	0.360704	-1.2077	0.00319153	-0.00489675	-0.411772	0.351071	-0.352327	0.134329	-0.487463	-0.103433	-0.341144	0.00502132	0.133661	-0.202307
-4.87288	3.06037	0.841863	0.233035	-1.17167	-0.00121251	-0.0716559	-0.403882	0.332141	-0.473947	0.158924	-0.420481	-0.18765	-0.176277	-0.0836567	0.0576132	-0.238143
-4.63995	2.86793	0.952376	0.39184	-1.12239	-0.0267534	-0.00171715	-0.366795	0.382251	-0.243133	0.124494	-0.434775	-0.0163291	-0.220751	-0.0238555	0.242024	-0.194821
-4.51136	2.84193	0.914298	0.391822	-1.06115	-0.0389235	0.0277879	-0.320345	0.429622	-0.259772	0.146306	-0.351093	0.0135066	-0.195322	0.0504694	0.215648	-0.141074
-4.47519	2.87016	0.912233	0.381546	-1.10971	0.0896103	-0.0262251	-0.240258	0.472848	-0.328695	0.218954	-0.402172	0.184793	-0.210251	0.218673	0.143705	-0.107518
-4.2883	2.73183	0.962836	0.385172	-1.09434	0.0950162	0.00755436	-0.170783	0.482748	-0.327791	0.199593	-0.32646	0.155684	-0.0625646	0.204486	0.216078	-0.116767
-4.38542	2.88301	0.864321	0.278192	-1.05689	0.0326278	0.0778285	-0.255667	0.530398	-0.411848	0.147535	-0.341335	0.16596	-0.000344773	0.228411	0.265199	-0.274406
-4.17208	2.75361	0.897756	0.369107	-0.984824	0.100064	0.116291	-0.146383	0.53522	-0.308734	0.152416	-0.317432	0.297124	0.0841152	0.335026	0.317788	-0.18154
-4.13789	2.82142	0.758253	0.288882	-1.03074	0.155074	0.27532	-0.21427	0.472611	-0.417821	0.155006	-0.265693	0.388233	0.105721	0.29862	0.275908	-0.200527
-4.20679	2.82189	0.803335	0.220841	-0.845764	0.162742	0.255153	-0.269212	0.391276	-0.398839	0.241608	-0.208948	0.429838	0.0911035	0.276155	0.260006	-0.158881
-4.16664	2.71068	0.589516	0.147528	-0.957684	0.182385	0.218035	-0.233249	0.112302	-0.508928	0.156509	-0.195632	0.451831	0.105718	0.150446	0.140631	-0.336379
-3.98182	2.51064	0.568723	0.148654	-0.881726	0.305935	0.389993	-0.175396	0.0373929	-0.562961	0.264908	-0.102362	0.596712	0.101984	0.195101	0.126574	-0.184664
-4.14423	2.64976	0.426885	0.106253	-0.608842	0.223058	0.4181	-0.258751	0.101872	-0.463487	0.331221	-0.0283145	0.593249	0.0255807	0.137756	0.0428053	-0.0583789
-4.12672	2.29205	0.0770893	-0.0256765	-0.809932	0.269703	0.0895101	-0.508068	-0.252595	-0.523459	0.275119	-0.141389	0.395621	-0.179524	-0.162659	-0.039505	-0.148068
-4.45149	2.19917	0.0277441	-0.149777	-0.748468	0.320582	0.109116	-0.563904	-0.352601	-0.479698	0.377632	-0.0931368	0.331699	-0.176593	-0.153843	0.0033694	-0.157463
-4.42235	2.18755	-0.15398	0.0122375	-0.252981	0.261388	-0.136877	-0.556542	-0.14212	-0.132962	0.402577	-0.338423	0.16981	-0.351928	0.0343325	0.026526	-0.0861022
-4.10318	1.97396	-0.161939	0.168405	-0.186288	0.215762	-0.198214	-0.583811	-0.101198	-0.0774923	0.288968	-0.390367	0.240592	-0.158418	0.122215	-0.133302	-0.206742
-3.98572	1.77635	-0.280418	0.370238	-0.11577	0.162606	-0.30413	-0.605056	-0.00307535	-0.119336	0.205193	-0.403969	0.349012	0.0188773	0.144433	-0.175159	-0.166856
-3.94907	1.64115	-0.388327	0.360401	-0.13683	-0.074994	-0.396655	-0.499575	0.0870351	-0.113935	0.047408	-0.363651	0.353486	0.0538839	0.0888713	-0.197287	-0.122362
-3.98007	1.56311	-0.239188	0.560103	-0.150235	-0.145918	-0.389939	-0.360906	-0.0460605	-0.20798	-0.0673626	-0.272428	0.465062	-0.039508	-0.0576463	-0.0460177	-0.0131444
-3.90889	1.45024	-0.238958	0.703766	-0.228887	-0.181052	-0.455518	-0.258016	-0.0484831	-0.226087	0.0382336	-0.211305	0.325102	-0.157188	-0.0845535	-0.00579589	-0.108886
-3.91166	1.47758	-0.138856	0.777246	-0.207579	-0.285293	-0.407569	-0.189801	-0.0563702	-0.280617	0.107797	-0.118044	0.203237	-0.218599	-0.0370635	-0.0212886	-0.0500514
-3.9101	1.54024	0.040121	0.754766	-0.135981	-0.376241	-0.330033	-0.0568216	0.0361769	-0.217465	0.0720088	-0.11842	0.221705	-0.276221	-0.0590413	0.0507893	-0.044324
-4.09469	1.60736	0.0605478	0.756036	-0.12554	-0.304945	-0.248238	-0.0420467	0.0751742	-0.193766	0.14018	-0.0684481	0.19895	-0.339827	-0.0991896	-0.0032306	-0.1593
-4.08548	1.74027	-0.0997666	0.615981	-0.116509	-0.199567	-0.176697	0.0218737	0.0917248	-0.291926	0.109169	-0.247115	0.00509277	-0.47762	-0.104033	-0.146682	-0.196376
-3.52774	2.04315	0.0986044	1.04264	0.029475	0.165994	0.00661052	0.340832	0.449161	0.0613018	0.433333	0.10811	0.466633	-0.147765	0.319926	0.0127909	0.195939
-3.90423	1.37206	-0.348535	0.881142	-0.00181841	0.258389	0.0743322	0.277906	0.118308	-0.341673	-0.376288	-0.614094	-0.29008	-0.692492	0.00850267	0.103796	0.337232
-3.68272	1.86477	0.117876	0.915693	0.0369896	0.274157	0.00471183	0.382508	0.378059	0.22964	0.27431	0.0847449	0.261163	-0.121128	0.0060335	0.0042975	0.116712
-3.95748	2.03446	0.11513	0.892923	0.0185958	0.192759	-0.06956	0.126857	0.331835	-0.0174108	0.129717	-0.200692	0.205551	-0.259974	-0.0781441	0.0688174	0.125489
-4.32454	2.16211	0.140563	0.718783	0.157038	0.337265	-0.113363	-0.0308363	0.21027	0.0601387	0.0442439	-0.37702	0.2499	-0.317136	-0.222458	0.0266039	0.179846
-4.76578	2.48301	0.157289	0.923616	0.294111	0.217188	0.0201102	-0.0160751	0.226027	-0.166396	0.0130583	-0.204629	0.0738715	-0.369344	-0.125765	0.122023	0.121826
-5.02135	2.40631	0.151545	0.897549	0.25774	0.255607	-0.267357	-0.120941	0.103888	-0.280478	-0.000277917	-0.449587	0.0274068	-0.339876	-0.274134	-0.0662331	-0.0253921
-5.12413	2.56918	0.109669	0.894984	0.368788	0.13575	-0.238469	-0.253288	0.0568534	-0.225171	-0.113141	-0.340551	-0.137415	-0.0873958	-0.407149	-0.111233	-0.0226647
-5.43432	2.91351	-0.145458	0.882121	0.0324288	0.415671	-0.358589	-0.33564	-0.00667126	-0.263728	-0.38201	-0.481301	-0.170684	-0.199062	-0.379709	-0.0349277	-0.276289
-5.43984	2.70717	-0.0915991	0.825224	0.161327	0.196856	-0.298381	-0.250441	-0.0592793	-0.387427	-0.332942	-0.678821	-0.225351	-0.216781	-0.384629	-0.112031	-0.326806
-5.49336	2.98156	-0.0244274	0.952438	0.158597	0.374546	-0.25059	-0.190216	-0.0319841	-0.315328	0.00132468	-0.793311	-0.0597489	-0.0511517	-0.334751	-0.0739686	-0.142952
-5.40713	2.87458	0.27687	0.749743	0.393508	0.34823	-0.376557	-0.0299812	-0.128063	-0.207071	0.0119512	-0.724579	0.101416	-0.00877412	-0.409707	0.039064	-0.150758
-5.39067	2.81623	0.228359	0.776909	0.486221	0.329861	-0.534089	-0.0510374	0.0208343	-0.35636	-0.119681	-0.547973	0.0373583	-0.0987152	-0.325052	-0.0691621	-0.122474
-5.57468	2.96827	0.201553	0.750256	0.578588	0.305079	-0.636303	-0.00420094	-0.111884	-0.316511	-0.0708208	-0.568816	-0.0177474	0.112536	-0.456293	-0.0326236	-0.230476
-5.50771	2.71697	0.474563	0.816904	0.521743	0.0925364	-0.42055	0.00298108	-0.118146	-0.389695	-0.00290536	-0.613344	-0.0119212	0.0919316	-0.473297	0.0112337	-0.160585
-5.83909	2.90931	0.584826	0.50956	0.391166	0.195769	-0.288553	-0.242715	-0.486957	-0.0903816	0.0317597	-0.912424	-0.14598	0.238519	-0.457425	-0.233177	-0.298201
-5.76449	3.07379	0.225215	0.776489	0.632163	-0.000493738	-0.196488	-0.200196	-0.16792	-0.250721	-0.0846828	-0.693223	-0.000382841	0.0159753	-0.455716	-0.000531284	-0.157275
-5.70654	3.01963	0.449582	0.66115	0.699857	0.102988	-0.370697	0.0513019	-0.175465	-0.274651	0.0229098	-0.693071	-0.0505547	0.186849	-0.470011	0.06026	-0.093899
-5.7403	3.26322	0.191536	0.94747	0.719309	0.065883	-0.198933	-0.0387603	-0.0441934	-0.142049	-0.16006	-0.5316	0.0751578	0.066487	-0.196186	-0.0915979	0.0835973
-5.9035	3.05019	0.363493	0.62598	0.611632	0.0982371	-0.327398	-0.105474	-0.210234	-0.221425	-0.158613	-0.746704	-0.207648	0.025926	-0.498882	0.153484	-0.256266
-5.77939	2.89402	0.30207	0.737242	0.617552	0.0474508	-0.352328	-0.303058	0.00243762	-0.342001	-0.168992	-0.80468	-0.0162918	-0.0419298	-0.492417	0.0270329	-0.216689
-6.01377	2.99901	0.25387	0.669857	0.525176	0.0242636	-0.387799	-0.119582	-0.198541	-0.372096	-0.154337	-0.927438	-0.175828	-0.187321	-0.49302	0.0808806	-0.338294
-6.08798	3.17041	0.387747	0.570096	0.787627	-0.0895302	-0.165206	-0.0645434	-0.0462338	-0.37418	-0.0616124	-0.848372	-0.227149	0.0369273	-0.466702	0.013841	0.0147386
-6.16952	3.01683	0.35351	0.589785	0.754685	-0.146347	-0.212782	-0.113334	-0.154767	-0.242996	-0.166723	-0.953197	-0.0897735	-0.264876	-0.333207	-0.0654818	-0.141977
-6.33181	3.12742	0.416014	0.701664	0.628889	-0.065913	-0.250921	-0.125448	-0.013339	-0.230893	-0.194723	-0.710191	-0.232875	-0.0784455	-0.243212	-0.069679	-0.125475
-6.48406	2.92267	0.507386	1.00087	0.506847	0.0750694	-0.445501	-0.254913	0.161814	-0.100446	-0.286089	-0.613097	-0.25671	-0.105275	-0.0860211	-0.0396593	-0.255229
-6.02391	2.36005	0.0953444	0.881548	0.490327	0.0237587	-0.0243603	-0.182959	-0.328827	-0.405832	-0.189384	-0.181469	-0.207246	-0.314841	-0.28798	-0.218537	-0.235342
-6.73273	2.14653	0.669334	0.958247	0.455707	0.088963	-0.128396	-0.221438	-0.268714	-0.204896	-0.293323	-0.475425	-0.338614	0.0490276	-0.26292	-0.0911285	-0.0569206
-6.73653	2.15963	0.419399	0.959145	0.678005	0.441364	-0.0156567	-0.0913289	-0.318326	-0.210398	-0.0584553	-0.32937	-0.282326	-0.114053	-0.301077	-0.0966424	-0.17503
-6.7706	2.43668	0.19318	0.42434	0.434164	0.331385	-0.0252842	0.0742747	-0.130303	-0.13908	-0.154989	-0.344602	-0.334742	-0.141616	-0.210929	-0.0923894	-0.161957
-6.10269	2.44289	0.146031	0.046198	-0.198196	0.0189428	0.0914373	0.156689	0.00512756	-0.110406	-0.0682359	-0.0995138	0.0637154	-0.100434	-0.272448	-0.0961677	-0.105864
-5.20806	2.29289	-0.0471436	0.316319	-0.258634	-0.025814	-0.0560066	0.0753551	-0.0215487	-0.0778185	-0.126632	-0.106434	0.210475	-0.0250163	-0.246081	-0.116458	-0.0115545
-4.37384	2.26868	-0.276531	0.325653	-0.232068	-0.0745878	-0.213018	-0.189839	-0.00966475	0.0357774	-0.149125	-0.197422	0.0819488	-0.0725721	-0.291184	-0.125362	-0.0202009
-3.70196	2.39019	-0.343406	0.44537	-0.101482	0.0931916	0.0718844	-0.00384703	0.273743	0.227057	-0.0324018	-0.142899	-0.0259792	-0.0379925	-0.220304	0.0441447	0.253779
-3.41055	2.19847	-0.238733	0.167349	-0.0471305	-0.133895	-0.0119284	0.0581563	0.165694	0.148695	-0.123988	-0.08404	0.0108938	-0.127269	-0.167166	0.043824	0.157677
-3.28858	2.27808	-0.349341	0.239104	-0.00792814	0.0561923	0.0829854	0.234394	0.289663	0.229615	-0.0151734	-0.0415695	0.0539469	0.0301771	-0.17469	0.113336	0.363064
-3.11046	1.936	-0.426598	0.192291	-0.027268	0.0493419	0.101104	0.252145	0.269973	0.184877	-0.190228	-0.0968904	-0.0164484	-0.0274274	-0.153705	0.12312	0.301528
-3.08494	1.7991	-0.341141	0.111201	-0.0195944	0.104467	0.113718	0.256565	0.289103	0.135379	-0.159364	-0.113055	-0.0457767	0.0362709	-0.12125	0.145056	0.370424
-3.13642	1.85318	-0.460977	0.136279	-0.0638518	0.234134	0.117464	0.325722	0.234645	0.122515	-0.147926	-0.106562	-0.00998391	-0.00856058	-0.0885269	0.138906	0.368068
-3.11347	1.73746	-0.326187	-0.0462445	0.219547	0.117042	0.245233	0.251918	0.223491	0.0885953	-0.0662151	-0.0476038	0.00755213	0.0621693	-0.0703839	0.0302021	0.474254
-3.16951	1.7751	-0.530868	0.055818	0.0511082	0.134314	0.211094	0.262553	0.117065	0.0396161	-0.128783	-0.0724483	-0.00878938	0.0639433	-0.0262728	-0.0910097	0.301007
-3.20345	1.62512	-0.489681	-0.0335313	0.152532	0.0997425	0.221225	0.310531	0.00893378	0.0399804	-0.26738	-0.0902587	0.0315624	0.0472131	0.000846675	-0.210812	0.202079
-3.24436	1.77239	-0.611828	-0.0143133	0.088912	0.257879	0.135825	0.386285	0.027275	0.022053	-0.243224	-0.0258586	-0.0332372	0.14102	-0.0777975	-0.144871	0.245104
-3.34769	1.80158	-0.634579	-0.0220005	0.0581206	0.154274	0.225627	0.316095	-0.0105744	-0.0746537	-0.237476	-0.0781204	0.00722818	-0.000787557	-0.0361975	-0.150793	0.15989
-3.23605	1.62559	-0.559199	-0.0117226	0.0905193	0.159343	0.265096	0.28984	0.0498449	-0.060231	-0.22754	-0.109821	-0.00222926	0.101167	-0.00331143	-0.191658	0.215356
-3.22416	1.67428	-0.609765	0.0218011	0.0483877	0.229282	0.167383	0.346834	-0.00086408	0.0153017	-0.26122	-0.0786392	0.00514797	0.142863	-0.0152934	-0.232089	0.2203
-3.29776	1.7686	-0.64347	-0.0156197	0.0826901	0.245801	0.174751	0.357375	0.00428301	-0.00242143	-0.166466	-0.155337	0.0296897	0.104347	-0.00662267	-0.269986	0.263207
-3.23391	1.72403	-0.710413	-0.0297373	0.170743	0.230447	0.253372	0.303989	-0.00753835	0.0229474	-0.168276	-0.175583	0.0922465	0.144884	-0.0533892	-0.234547	0.327742
-3.22606	1.6846	-0.670026	-0.0539569	0.159033	0.215241	0.280727	0.296687	-0.0946822	-0.0168869	-0.112128	-0.127858	0.0806243	0.0407939	-0.0120509	-0.195709	0.261762
-3.24994	1.67376	-0.717259	-0.0462582	0.17579	0.230342	0.216998	0.277577	-0.0811579	-0.0130244	-0.114761	-0.0951313	0.00335593	0.0382254	-0.00821993	-0.263064	0.260107
-3.30969	1.81957	-0.728346	-0.0801625	0.0556908	0.368497	0.119077	0.250305	0.0208218	0.0314917	-0.201678	-0.0702784	0.00704046	0.0502614	-0.00275788	-0.207858	0.223826
-3.23293	1.725	-0.709708	-0.0230084	0.0920944	0.304579	0.201889	0.299038	-0.0964191	0.0358307	-0.194279	-0.0268144	0.0521686	0.0382287	-0.0289618	-0.194294	0.25921
-3.29323	1.7442	-0.718153	-0.0720282	0.0901995	0.239203	0.168916	0.352652	-0.142846	0.00579196	-0.154199	-0.0837231	-0.00719825	0.0289957	0.0190835	-0.277117	0.217476
-3.62272	2.0489	-0.709992	-0.228359	0.330883	0.184109	0.155542	0.372276	-0.216739	-0.00844302	-0.158915	-0.146713	0.152902	-0.0687065	-0.00880411	-0.232554	0.190871
-3.29502	1.75586	-0.688412	0.0256044	0.0718242	0.269758	0.198457	0.324289	-0.0746692	0.0471444	-0.151066	-0.0666482	0.0177986	0.0815072	-0.0103023	-0.261976	0.311987
-3.36768	1.82175	-0.70427	-0.012768	0.137347	0.260487	0.197419	0.327779	-0.0222906	0.067978	-0.242991	-0.0665036	0.0644207	0.0576824	-0.0175203	-0.26265	0.324477
-3.2707	1.7504	-0.736731	-0.0127573	0.0746426	0.270301	0.176771	0.370809	-0.0637607	-0.00827906	-0.186835	-0.139063	0.0248627	0.0555376	0.00315807	-0.284081	0.291488
-3.25784	1.79888	-0.78834	0.0351146	0.00994051	0.269121	0.195211	0.352604	-0.00252275	-0.0480274	-0.205105	-0.116748	0.0214758	0.0228705	-0.0302265	-0.216398	0.239675
-3.40185	1.92247	-0.855174	0.105389	0.0369902	0.270789	0.126837	0.332708	0.0134186	-0.0668281	-0.159514	-0.167789	0.0544924	0.0483277	-0.0504113	-0.208757	0.221336
-3.57741	2.00697	-0.81686	-0.0373836	0.105991	0.175553	0.206787	0.288121	0.0401412	-0.0819348	-0.278628	-0.0898021	-0.107767	0.119933	-0.196277	-0.175383	0.147595
-3.76758	2.1086	-0.724994	-0.0255652	-0.0463712	0.121878	0.201282	0.402811	-0.142877	-0.0993639	-0.301252	-0.0226312	-0.261567	0.00604809	-0.00678383	-0.267573	0.0220817
-3.78473	2.2262	-0.842701	0.0137464	0.0779171	-0.0170275	0.314272	0.389297	-0.217209	-0.0730696	-0.261161	-0.00936293	-0.20878	0.0214239	-0.147864	-0.161166	0.0789327
-4.03834	2.60246	-0.66105	0.0482507	-0.00359549	0.0152972	0.440181	0.339956	0.0620551	-0.171118	-0.146646	0.0915966	-0.246482	0.0344238	-0.000996378	-0.0471978	0.118243
-3.80761	2.42102	-0.566983	-0.0760031	0.28141	0.0183293	0.294897	0.331115	0.0681275	-0.0334998	-0.0818004	-0.0616135	-0.138489	0.0424886	-0.0115549	0.0898524	0.0889751
-3.65661	2.32248	-0.480025	0.154006	0.122746	0.300032	0.189374	0.510987	0.0623158	0.0679696	-0.0836503	0.0391735	-0.121059	0.186902	0.0339943	0.058754	0.229825
-3.73749	2.42127	-0.334075	0.299628	0.155611	0.298355	0.343792	0.47292	0.273848	0.107952	-0.0688758	0.0347037	0.101407	0.211539	0.0588958	0.122018	0.268456
-3.8354	2.48661	-0.392951	0.3054	0.00593117	0.372678	0.139921	0.413324	0.43388	-0.0958485	-0.0761815	0.0539893	0.0986865	0.0392704	0.243317	-0.00570236	0.0523288
-3.75041	2.23373	-0.36084	0.199575	0.0799056	0.259733	0.220838	0.423726	0.291277	-0.162702	-0.0260342	-0.0305459	0.0126587	0.164318	0.112802	-0.0740576	0.0126911
-3.71997	2.31814	-0.414377	0.280648	0.0963609	0.433717	0.0736705	0.536822	0.209184	-0.0720119	0.0282206	-0.0321606	0.118162	0.161546	0.041657	-0.00983079	0.0586392
-3.70744	2.49266	-0.573719	0.447753	0.0904625	0.14607	0.335569	0.362134	0.263483	0.0013319	0.0185525	0.0647635	0.0401624	0.210209	-0.085371	0.102895	0.0824712
-3.80522	2.40672	-0.617805	0.402938	0.00352805	0.160683	0.22399	0.356126	0.13201	0.0365763	-0.0872111	-0.0471658	0.130055	-0.0111451	0.007505	0.0251668	-0.0369746
-4.05679	2.09578	-0.619641	0.192327	-0.303045	0.034697	-0.0594361	0.25391	0.0031847	-0.0626969	-0.221763	-0.0802627	-0.141838	-0.0410831	-0.221064	0.106991	-0.108291
-4.21369	2.27986	-0.580006	0.241339	-0.355724	-0.0353874	-0.0745917	0.34321	0.0175673	-0.15443	-0.185801	-0.114023	-0.298133	-0.0304707	-0.312488	0.107899	-0.151289
-4.37934	2.50918	-0.665566	0.103681	-0.372813	-0.0529328	-0.147208	0.439551	0.0254067	-0.0916641	-0.133608	-0.0802074	-0.324421	0.0115433	-0.260805	0.116482	-0.0528956
-4.91445	2.33377	-0.477265	0.0502355	-0.260368	-0.0878043	0.0325181	0.468318	0.175839	-0.00675616	-0.0811259	-0.0909826	-0.172839	-0.148922	-0.132083	0.103336	-0.0047064
-5.68863	2.04708	-0.392632	0.171227	-0.336998	-0.0669021	0.0550221	0.222014	0.0950645	-0.0395678	-0.0380021	-0.0235796	-0.264139	0.103276	0.211893	-0.0572324	-0.288244
-5.97406	2.48079	0.1906	0.831601	0.260174	0.240416	-0.198945	0.461815	0.0556679	-0.353568	-0.152745	0.0855923	-0.115862	-0.0614485	-0.390729	0.32989	0.175737
-4.73338	3.00506	-0.367455	0.342668	0.0529559	0.00100159	-0.117011	0.460805	0.0245617	-0.0911377	-0.0261139	-0.264644	0.02708	-0.0739654	0.0186988	0.085242	-0.467635
-5.34338	3.60156	-0.177171	0.181877	-0.101226	0.0426542	-0.519089	0.69572	0.250533	-0.359607	-0.138938	0.0793792	-0.0162562	-0.0769979	-0.229312	0.408714	-0.127594
-6.40307	3.0357	0.343535	1.03002	-0.360591	-0.0254025	-0.774339	0.48578	0.123407	-0.106406	0.0459349	0.108318	-0.0496292	-0.301339	-0.1878	0.393424	0.490864
-7.32507	2.79017	0.597603	1.0155	-0.234636	-0.332961	-0.200191	0.470228	0.246098	-0.00342766	0.0253585	-0.159025	-0.358531	-0.275273	0.206775	0.300279	-0.250969
-7.50072	1.85393	0.209182	0.41175	-0.0653908	-0.246635	-0.130624	0.240783	0.270421	-0.0889436	-0.0298027	-0.112747	-0.326605	-0.354985	-0.0852229	0.219841	0.131284
-8.19704	1.91885	0.287809	0.581569	0.016938	-0.0481263	-0.172212	0.178831	0.254211	-0.0482833	-0.0135731	-0.0774552	-0.109772	-0.210177	-0.102615	0.187969	0.0419533
-8.5226	1.75798	0.517205	0.523124	0.119925	0.0204824	-0.118245	0.256586	0.436267	0.0880285	0.0581654	0.110924	-0.000661568	-0.133178	0.0397182	0.219869	0.0688977
-8.9396	1.47885	0.676921	0.659965	0.212396	0.132663	-0.0373032	0.234459	0.400064	0.290377	0.00614311	0.0664403	0.0692073	-0.196001	-0.0746192	0.233166	0.0596115
-9.08563	1.33012	0.570263	0.536278	0.272698	0.319182	0.0975554	0.246103	0.261013	0.192641	-0.0310966	0.0600672	0.112769	-0.0566458	0.0264551	0.23885	0.114738
-9.17485	1.32298	0.487435	0.508433	0.360571	0.361309	0.130324	0.270142	0.304669	0.186275	0.0995446	0.152035	0.187596	0.113235	0.0359105	0.245499	0.124276
-9.41716	1.3609	0.63008	0.528999	0.46104	0.402065	0.28753	0.343844	0.318389	0.204658	0.101027	0.315291	0.244716	0.143983	0.0784151	0.211543	0.176759
-9.24162	1.39286	0.575318	0.433477	0.41536	0.359666	0.278266	0.316875	0.244908	0.207799	0.188793	0.263057	0.212126	0.153657	0.164385	0.220391	0.219051
-9.39882	1.41123	0.518981	0.380758	0.417312	0.397932	0.229341	0.31803	0.208936	0.141027	0.233668	0.315633	0.255143	0.119865	0.228943	0.291952	0.264688
-9.42132	1.38527	0.529546	0.445072	0.465927	0.390261	0.225749	0.342968	0.223106	0.165989	0.283089	0.33707	0.198022	0.115024	0.225832	0.240644	0.107679
-9.20941	1.43908	0.503942	0.417545	0.359873	0.283542	0.203486	0.30423	0.250039	0.239863	0.300875	0.298691	0.199764	0.238794	0.184689	0.166539	0.111003
-8.04379	1.68369	0.29887	0.512516	0.202525	0.30233	0.152738	0.214632	0.0904036	0.157309	0.0964719	0.133223	0.0827185	0.106127	0.0864659	0.100515	0.0566274
-7.53181	1.67237	0.239296	0.494108	0.148614	0.279518	0.102346	0.191288	0.0442549	0.134073	0.0519513	0.108448	0.040662	0.0808646	0.0448806	0.0748895	0.01914
