-1e+10
-1e+10
-1e+10
-1e+10
-1e+10
-1e+10
-1e+10
-1e+10
-1e+10
-1e+10
-1e+10
-1e+10
-1e+10
-1e+10
-1e+10
-1e+10
-1e+10
-1e+10
-1e+10
-1e+10
-1e+10
-1e+10
-1e+10
-1e+10
-1e+10
-1e+10
-1e+10
-1e+10
4.61733
4.62231
4.62708
4.63042
4.63263
4.63378
4.63387
4.63256
4.62769
4.62404
4.63982
4.66487
-1e+10
-1e+10
-1e+10
-1e+10
-1e+10
-1e+10
-1e+10
-1e+10
-1e+10
-1e+10
-1e+10
-1e+10
-1e+10
-1e+10
-1e+10
-1e+10
-1e+10
-1e+10
-1e+10
-1e+10
-1e+10
-1e+10
-1e+10
-1e+10
5.55743
5.55776
5.52096
5.50346
5.49117
5.47309
5.46053
5.46121
5.4629
5.46364
5.46407
5.46442
5.4644
5.46389
5.46326
5.4631
5.46381
5.46572
5.46968
5.47496
5.48075
5.48645
5.4903
5.49419
5.50001
5.50577
5.51047
5.51529
5.51966
5.52361
5.5274
5.53145
5.5349
5.53783
5.54112
5.54683
5.55523
5.56565
5.57523
5.58423
5.58909
5.59003
5.59097
5.59506
5.5999
5.60315
5.60505
5.60683
5.6088
5.60991
5.60887
5.60473
5.59777
5.59239
5.59955
5.62997
5.67165
5.70132
5.71888
5.77431
5.78989
5.79798
5.92185
5.93453
5.94073
5.9417
5.93926
5.93695
5.56851
5.57579
5.586
5.59767
5.60378
5.6079
5.61188
5.61642
5.6212
5.62439
5.62323
5.61732
5.61166
5.61029
5.61071
5.60993
5.60749
5.60559
5.60726
5.6115
5.61303
5.6072
5.59404
5.57814
5.56264
5.5464
5.52842
5.51007
5.49184
5.47297
5.4519
5.42739
5.40167
5.38033
5.36554
5.35448
5.34572
5.34011
5.33778
5.33578
5.33102
5.32148
5.30638
5.28988
5.27891
5.2728
5.26793
5.26285
5.25763
5.25282
5.24984
5.24861
5.24818
5.24723
5.24475
5.24059
5.23591
5.2298
5.22344
5.21796
5.21448
5.21222
5.21099
5.21187
5.21711
5.22621
5.22977
5.22666
5.22073
5.21293
5.20247
5.19062
5.18183
5.1854
-1e+10
-1e+10
-1e+10
-1e+10
-1e+10
-1e+10
-1e+10
-1e+10
-1e+10
-1e+10
-1e+10
-1e+10
-1e+10
-1e+10
-1e+10
-1e+10
-1e+10
-1e+10
-1e+10
-1e+10
-1e+10
-1e+10
