0
0
0
0
0
0
0
0
0
0
0
0
0
0
0
0
0
0
0
0
0
0
0
0
0
0
0
0
0
0
0
0
0
0
0
0
0
0
1065.72
1234.38
1245.01
5375
7088.03
7088.03
5375
5187.5
5177.5
4783.97
4718.75
3046.88
1147
1134.13
1092.67
1078.12
1062.5
0
0
0
0
0
0
0
0
0
0
0
0
0
0
0
0
0
0
0
0
0
2093.75
2093.75
2093.75
2093.75
2169.54
2875
3154.91
3154.91
3154.91
2233.86
2233.86
2233.86
3107.09
3119.34
3964.43
3998.96
3998.96
5766.95
3998.96
4656.25
4656.25
4656.25
3646.93
1876.13
0
0
0
0
0
0
0
0
0
1019.48
1533.46
1617.29
1617.29
1370.29
1370.29
0
0
0
0
0
0
0
0
0
0
0
0
0
0
0
0
0
0
0
0
0
1000.34
1048.28
1321.44
1738.39
1781.25
2112.81
2502.55
3281.25
3671.88
4657.77
4657.77
6130.84
4657.77
3958.9
1812.5
0
0
0
0
0
0
0
0
0
0
2622.53
4097.71
4097.71
4656.07
4656.07
2819.15
2819.15
2248.41
2104.1
2104.1
2676.15
2676.15
3299.57
3299.57
2676.15
2808.86
2808.86
2545.68
2545.68
1793.62
1164.55
1164.55
1164.55
1265.04
1265.04
1265.04
1041.04
0
0
0
0
0
0
0
0
0
0
1515.62
1598.01
1898.76
3672.24
6914.06
7041.39
7190.34
7190.34
7190.34
7190.34
7039.06
7005.43
7005.43
7005.43
3768.6
6339.03
7358.17
7358.17
6339.03
6339.03
5809.07
5809.07
5809.07
5809.07
5809.07
5524.03
4015.57
2366.5
2327.73
1691.9
1843.75
1812.5
1843.75
1812.5
1843.75
1812.5
1094.85
0
0
0
0
0
0
0
0
0
0
0
0
0
0
0
0
0
0
0
0
0
0
0
0
0
0
0
0
0
0
0
0
0
0
0
0
0
0
0
0
0
0
0
0
0
0
0
0
0
0
0
0
0
0
0
0
0
0
0
0
0
0
0
