-7.86844	1.59919	0.288051	0.427574	0.1209	0.24084	0.14022	0.147703	0.0304453	0.0888429	0.0743728	0.0868899	0.000650473	0.0629961	-0.025121	0.0462638	-0.00219424
-8.15754	1.64621	0.354078	0.47823	0.183781	0.292971	0.20072	0.199316	0.0844944	0.137575	0.13055	0.136591	0.0499148	0.104893	0.0180343	0.086703	0.0417268
-9.30438	1.3227	0.520209	0.434009	0.355714	0.414794	0.289841	0.339998	0.259895	0.248344	0.202509	0.231504	0.2147	0.188445	0.200573	0.181265	0.0540955
-9.50256	1.22276	0.495628	0.450657	0.483126	0.464814	0.283038	0.331232	0.389397	0.361899	0.210236	0.370214	0.217042	0.176453	0.141288	0.123288	0.0258601
-9.3647	1.26487	0.528476	0.539355	0.386673	0.361184	0.273142	0.270351	0.379303	0.339038	0.221742	0.311307	0.188499	0.14846	0.155343	0.220362	0.0668881
-9.31643	1.3036	0.474028	0.467509	0.375	0.311031	0.241701	0.229713	0.266971	0.221114	0.180045	0.288794	0.157679	0.147555	0.148724	0.209694	0.0882109
-9.49161	1.26569	0.419953	0.381982	0.422985	0.349421	0.308355	0.368099	0.308608	0.156998	0.223664	0.326982	0.186592	0.122237	0.0723406	0.126691	0.146932
-9.3751	1.30754	0.404773	0.416734	0.368024	0.318126	0.302797	0.282064	0.189467	0.161045	0.284168	0.284148	0.148477	0.179429	0.0997961	0.087867	0.193975
-9.42284	1.21567	0.39425	0.476557	0.379161	0.313504	0.277239	0.289972	0.130134	0.157065	0.23581	0.283683	0.165637	0.129118	0.138833	0.214337	0.164289
-9.50426	1.29384	0.544895	0.586663	0.467988	0.24628	0.150806	0.36167	0.212169	0.258147	0.305037	0.345639	0.217229	0.117915	0.0705577	0.130749	0.0881078
-9.3495	1.43597	0.600571	0.531099	0.367705	0.274046	0.166956	0.2734	0.280926	0.260784	0.289212	0.253446	0.227512	0.194619	0.110549	0.0656536	0.0693991
-9.29882	1.54404	0.659755	0.503161	0.316637	0.266788	0.1611	0.154064	0.16992	0.192819	0.19686	0.20217	0.148158	0.0822262	0.111626	0.111157	0.0790424
-9.33804	1.42459	0.596025	0.44276	0.22741	0.137931	0.111616	0.167886	0.176687	0.180468	0.0512362	0.147217	0.19177	0.0834465	0.0773062	0.201301	0.241692
-9.34414	1.31943	0.584527	0.420025	0.259672	0.258866	0.195542	0.257575	0.17192	0.22609	0.0376868	0.174241	0.253308	0.116568	0.0777619	0.201362	0.199249
-9.47346	1.1633	0.498241	0.455293	0.355299	0.327051	0.203758	0.217925	0.203961	0.247087	-0.00897397	0.157477	0.237482	0.146706	0.114183	0.0672221	-0.00660038
-9.58124	1.21084	0.524347	0.434244	0.370351	0.30309	0.199748	0.194166	0.137257	0.260539	0.113055	0.105628	0.153367	0.114701	0.0696932	0.0453222	0.0908597
-9.55175	1.28159	0.530233	0.347249	0.386069	0.369232	0.196482	0.193446	0.15749	0.255367	0.207639	0.209206	0.104565	0.048736	0.0499413	0.0749422	0.128965
-9.4798	1.28245	0.508073	0.375651	0.357851	0.329412	0.215473	0.246038	0.112964	0.215911	0.166925	0.160916	0.0546616	0.0332321	0.0725761	0.160286	0.180073
-9.51602	1.28473	0.48125	0.3334	0.31175	0.29865	0.196474	0.307103	0.213194	0.260485	0.200593	0.162106	0.149387	0.0306054	0.0810811	0.198572	0.182281
-9.31175	1.35664	0.528043	0.397987	0.35177	0.332218	0.226308	0.280331	0.212981	0.249813	0.201313	0.180218	0.187501	0.0728561	0.0824047	0.222947	0.116983
-9.5297	1.26872	0.608457	0.429954	0.373602	0.301283	0.140709	0.344697	0.329449	0.290638	0.161548	0.247951	0.287935	0.199744	0.14787	0.214393	0.076053
-9.37405	1.33311	0.610397	0.479516	0.43083	0.359954	0.208523	0.355207	0.34334	0.280055	0.204857	0.236706	0.191176	0.188412	0.262686	0.161221	0.157071
-9.11406	1.41989	0.581565	0.499237	0.377149	0.358959	0.24918	0.315708	0.316498	0.246848	0.246008	0.266754	0.19597	0.131788	0.202852	0.120971	0.139441
-9.36348	1.33765	0.577532	0.58918	0.386204	0.355173	0.266528	0.337431	0.304952	0.278524	0.371087	0.294241	0.27338	0.0885383	0.150017	0.170638	0.115863
-9.07342	1.56283	0.696373	0.557406	0.286329	0.27005	0.195092	0.225839	0.178134	0.181917	0.231429	0.175454	0.208033	0.148876	0.170596	0.150831	0.102261
-8.68361	2.31047	0.938124	0.400422	0.0902189	0.189276	0.144743	0.239878	0.150929	0.0572778	0.134606	0.127892	0.111377	0.0433002	0.0642532	0.0965095	0.10745
-8.68086	2.60682	1.05917	0.260795	-0.0168885	0.23851	0.19813	0.186889	0.117232	0.0295973	0.124734	0.191443	0.00672825	0.0166001	0.0644877	0.109391	0.0375223
-8.77975	2.24844	0.975792	0.353383	0.146383	0.141523	0.155769	0.22859	0.132646	0.138207	0.0440512	0.132066	0.0680229	0.0698161	0.0459987	0.044583	0.039612
-9.31556	1.49753	0.67488	0.407686	0.330157	0.24065	0.217746	0.226781	0.110954	0.172816	0.165845	0.174688	0.104665	0.0138918	0.0163005	0.0276531	0.0408222
-9.39168	1.28833	0.494872	0.297697	0.364728	0.353193	0.242898	0.277354	0.213214	0.244196	0.2392	0.191827	0.166719	0.0606795	0.150347	0.183543	0.125667
-9.26015	1.32304	0.561254	0.403322	0.36039	0.308445	0.189821	0.26134	0.261634	0.255315	0.181786	0.253655	0.1837	0.171695	0.12754	0.200606	0.145387
-9.51368	1.24739	0.723366	0.492868	0.385948	0.357667	0.12799	0.371741	0.389189	0.352027	0.175553	0.27984	0.211913	0.165078	0.144003	0.157791	0.149341
-9.30782	1.33132	0.639473	0.51838	0.417445	0.369419	0.219112	0.380617	0.288369	0.294084	0.233165	0.281834	0.233029	0.148193	0.183192	0.118885	0.146199
-9.26644	1.3797	0.59634	0.448746	0.376762	0.349498	0.213889	0.307447	0.217213	0.31098	0.302251	0.307886	0.269662	0.0723475	0.126169	0.201011	0.112494
-9.29717	1.37689	0.615566	0.456031	0.342144	0.328271	0.264294	0.318949	0.220235	0.273175	0.317	0.237551	0.251074	0.084646	0.101261	0.178893	0.0680868
-9.17766	1.35091	0.562101	0.404305	0.315992	0.326516	0.223676	0.250733	0.15759	0.181192	0.19976	0.181532	0.202833	0.126514	0.137491	0.0947766	0.12508
-9.27571	1.37226	0.567155	0.467624	0.350941	0.362056	0.243644	0.275098	0.139336	0.189771	0.172187	0.320828	0.183873	0.08718	0.0949816	0.0582197	0.218478
-6.50641	1.29862	0.352319	1.04604	-0.251134	-0.00909184	-0.107542	-0.108431	-0.194493	0.0114923	0.441554	-0.0742839	-0.113675	0.075426	-0.169723	0.0827758	0.00788521
-7.5294	0.225629	-0.22255	1.02842	-0.38223	0.109503	-0.145271	0.222842	0.0163182	0.0943754	-0.00229687	-0.143139	-0.157034	0.178225	-0.0858346	-0.000663821	-0.185692
-4.70071	1.81681	0.2971	1.05942	-0.729528	0.0950776	-0.255025	0.0545855	-0.41826	0.0617134	0.246727	-0.0335711	-0.0884709	0.263745	-0.113192	-0.140784	-0.428138
-3.57202	1.61698	0.146097	1.39792	-0.520547	0.128213	-0.322487	0.162799	-0.413855	0.0623403	0.0405629	0.0756334	-0.0727968	0.171348	-0.0503647	0.184	-0.189076
-3.25748	1.71124	0.0125165	1.22493	-0.269618	0.107719	-0.233397	0.108576	-0.282921	-0.0488063	-0.0491681	0.136467	-0.103241	0.0742237	0.124765	0.175649	-0.0815126
-3.07102	1.60467	0.0758399	1.31191	-0.265904	0.103542	-0.121291	0.183358	-0.368627	-0.0428163	0.0708423	0.0622179	-0.0615769	0.14847	0.0976864	0.107765	-0.108258
-3.29944	1.9121	0.0462789	1.23192	-0.224466	0.0489804	-0.113947	0.0665057	-0.294543	-0.155835	0.0490069	0.113492	-0.0723344	0.156765	0.135918	0.0515425	-0.217338
-3.38503	1.89557	0.268927	1.23156	-0.185763	0.100776	-0.20147	0.154667	-0.389897	-0.102965	-0.0147326	0.251168	-0.100496	0.213654	0.0533393	0.118415	-0.225702
-3.54752	2.08068	0.226293	1.10641	-0.150624	0.164265	-0.316633	0.195087	-0.452734	-0.211409	0.0528744	0.164225	-0.13043	0.256005	0.0298397	0.083739	-0.278903
-3.6365	2.22477	0.26074	1.01789	0.0394394	0.0766472	-0.157172	0.0300356	-0.279912	-0.269745	-0.0699232	0.29835	-0.135959	0.254754	-0.014167	0.22573	-0.331916
-3.67666	2.07291	0.542912	1.06361	0.0956012	0.197737	-0.109833	0.128631	-0.291887	-0.335775	-0.0132521	0.156323	0.0727997	0.105552	0.10167	0.226199	-0.18556
-4.02256	2.18821	0.570053	1.0126	0.47824	0.26427	-0.178822	0.238998	-0.340953	-0.388011	-0.206208	0.174092	0.0713653	0.15448	0.083699	0.323275	-0.168827
-4.39168	2.37316	0.697228	1.2405	0.320712	0.36166	-0.226577	0.252344	-0.143102	-0.142275	-0.245984	0.292542	0.160446	0.0616421	-0.0586401	0.247947	0.0430189
-5.18376	2.39193	0.790107	1.38615	0.238561	0.00671156	-0.081066	0.182732	0.203317	-0.0212709	-0.126924	0.334862	0.230845	0.244992	-0.13431	0.041758	-0.189963
-6.41201	2.75275	1.2355	1.15576	0.609779	0.436862	0.208895	0.543938	-0.0484743	0.0964471	-0.078971	0.0574243	-0.131949	0.0918431	0.131917	0.209962	-0.0315435
-6.67323	2.2918	1.33772	1.23944	0.73144	0.458452	0.266282	0.0879581	-0.38486	-0.0843213	-0.109858	-0.0136627	0.0264865	0.0186249	-0.0533471	0.183785	-0.0528593
-7.79456	2.87906	1.52911	1.23766	0.295441	0.218902	0.246601	0.388463	-0.103903	-0.197631	-0.371828	0.0982587	-0.162328	-0.271318	-0.0880287	0.353044	0.106284
-7.4372	2.4608	0.454	1.0387	0.804663	0.444415	0.193684	0.267162	-0.360701	-0.12865	0.0601057	-0.0604082	-0.0130813	0.022212	-0.0326092	0.0578093	0.0095427
-6.62134	0.978271	-0.0673765	0.759655	0.434919	0.522923	0.0352654	0.129337	-0.495678	-0.0987991	-0.0726521	-0.381775	0.166879	-0.136574	0.0764106	0.0460312	-0.0823882
-6.86646	1.0115	0.162071	0.732464	0.486206	0.446349	0.0951948	0.0745727	-0.402283	-0.0197382	0.0366321	-0.242027	0.17972	-0.0711292	0.0669743	0.033504	-0.083146
-6.75792	1.46372	0.48137	0.184826	0.361011	0.071657	0.0986882	0.0156333	-0.0187239	-0.116189	-0.149173	-0.125785	-0.040054	0.0381396	0.156652	0.136107	0.0340029
-6.01564	1.23228	0.693119	0.0695295	0.235819	-0.068758	0.107269	-0.0706091	-0.000962518	-0.0701856	-0.0482013	0.0166305	-0.0136871	-0.0752244	0.080177	0.219481	-0.0166657
-5.63415	0.837431	0.712313	0.0248145	0.172844	-0.0560766	0.175794	-0.0742095	0.0511893	-0.0525771	0.0139421	0.118327	0.0266169	-0.0375886	-0.0257905	0.230341	-0.0337788
-5.41204	0.371984	0.560443	0.0303185	0.090005	-0.104102	0.459776	-0.0109458	0.049093	-0.07586	0.251713	0.259265	0.0352772	0.0265981	-0.0354518	0.231888	0.057964
-5.16207	0.257732	0.3926	-0.054041	0.0926507	-0.197161	0.381524	-0.0446449	-0.0874083	-0.0635691	0.282407	0.327172	0.0914666	-0.00930068	-0.145332	0.203508	0.0864343
-5.09788	0.112315	0.243865	-0.24594	0.0711452	-0.142954	0.376288	0.0989899	-0.0699315	-0.0877879	0.122032	0.243358	0.118538	0.0809047	0.0565065	0.151093	0.0431692
-4.84425	0.0424257	0.151223	-0.343927	0.235627	-0.0115133	0.20018	0.0350027	-0.0905958	-0.147902	0.0623406	0.244324	0.147872	0.0401341	0.021395	0.212972	0.0556916
-4.68842	-0.180952	-0.0122643	-0.250287	0.322482	-0.0309958	0.105171	-0.03178	0.0135225	-0.249482	-0.0150172	0.303343	0.152936	-0.0718591	0.0472942	0.223902	-0.0368021
-4.69954	-0.344032	-0.0850828	-0.19423	0.17744	-0.0143043	0.258477	0.0929922	0.152696	-0.263638	-0.0382623	0.272384	0.138995	-0.0651886	0.098001	0.249428	0.0320143
-4.82998	-0.347823	0.105361	-0.167627	0.0193159	-0.0292122	0.275528	0.0226317	0.0421535	-0.0915117	0.00946506	0.276433	0.0476133	-0.065103	0.090807	0.21953	0.00521856
-4.78265	-0.396336	0.0587621	-0.276076	0.17699	-0.0938645	0.131792	0.0743078	0.17184	0.118176	0.0634467	0.289588	-0.00989871	0.0377795	0.136346	0.190804	-0.0383088
-4.84214	-0.352891	0.0346177	-0.303595	0.297698	-0.105942	0.150341	0.0898411	0.0899816	0.0689757	-0.0133596	0.222552	0.0469491	-0.0473594	0.104494	0.162227	-0.0157939
-4.98746	-0.310556	0.0747473	-0.270403	0.282537	-0.0537161	0.28501	0.0938687	0.110314	0.0515445	-0.0519932	0.103226	0.0730002	0.0730013	0.0343166	0.0922232	-0.0383794
-5.15062	-0.275431	0.294948	-0.222052	0.316037	0.000955534	0.275533	0.03516	0.1726	0.149301	-0.0484677	0.0564722	0.0946256	0.0595751	0.00117404	0.260831	0.0820606
-5.2739	-0.161274	0.605891	0.0278486	0.430417	0.204386	0.342834	0.0387143	0.131637	0.0214534	-0.0822655	-0.000572017	0.0380137	-0.0567009	-0.0552016	0.151265	0.10602
-5.28822	0.178527	0.786427	0.410998	0.758072	0.131197	0.169383	-0.0697215	-0.0578204	0.0331016	-0.032113	-0.134533	-0.000336813	-0.0409981	-0.0734506	-0.00332916	0.164593
-5.20937	0.651429	0.616797	0.232895	0.759793	0.0189031	0.0590415	0.0267554	-0.203061	0.129306	0.0127554	-0.204756	0.0226319	-0.0741414	-0.101432	0.147273	0.144546
-5.20589	0.66086	0.33184	0.143113	0.54585	0.0618445	0.159804	0.10341	-0.249539	-0.0931807	0.0730215	-0.0536376	0.0314566	0.0232979	-0.0534236	0.188622	0.153294
-5.23845	0.662247	0.162833	0.309562	0.483977	0.15145	0.120678	0.0591273	-0.206662	-0.18237	0.0980933	-0.0275108	-0.005487	-0.0013217	-0.142165	0.0974382	0.0170771
-5.54479	0.750489	0.380458	0.322941	0.619091	-0.00460834	-0.0129172	0.0791614	-0.237554	0.26446	0.17194	-0.3725	0.00226284	0.124353	-0.378098	0.126363	0.11621
-5.47063	0.97039	0.160943	0.149626	0.448555	-0.16321	0.193197	0.0558589	-0.306723	0.0273707	0.2271	-0.104707	0.0211236	0.00955552	-0.165062	-0.12228	-0.0595635
-5.70985	1.06649	0.285341	0.45406	0.772478	0.341522	0.220402	0.481888	-0.188368	-0.160766	-0.00187183	-0.204695	-0.0120208	-0.0182568	-0.160877	-0.0532071	0.000479641
-5.45717	1.94124	0.883096	0.710137	0.700523	0.604382	-0.226038	0.0899065	-0.366559	-0.226404	0.122646	-0.175107	-0.0752037	0.290107	-0.0335994	-0.159091	-0.241727
-5.18827	2.90113	0.882909	0.976463	0.814151	0.174622	-0.219018	0.234342	-0.224568	0.138672	-0.151822	-0.47454	0.546492	0.150139	-0.331539	-0.0356317	-0.083292
-5.15299	3.02382	0.790092	1.34653	0.440184	0.34048	-0.35183	0.165939	-0.33404	0.396763	-0.145699	-0.494485	0.312276	0.117243	0.126988	0.0480446	-0.289931
-5.09081	3.25686	0.682111	1.03194	0.574156	0.446053	-0.372514	0.250772	-0.52486	0.485245	-0.112952	-0.464323	0.372281	0.0118282	0.0651051	0.0590252	-0.0083838
-4.82371	3.1157	0.631949	0.872141	0.553856	0.502583	-0.207416	0.0675409	-0.414066	0.458672	-0.109885	-0.404206	0.317305	-0.0398999	0.190749	-0.0286818	-0.0220683
-4.6517	2.87017	0.735608	0.675011	0.588466	0.499063	-0.163356	0.0803609	-0.368374	0.251573	0.0305153	-0.348678	0.132031	0.0382086	0.199553	-0.0391541	-0.0259812
-4.39559	2.49351	0.505751	0.62641	0.423837	0.550656	-0.211467	-0.0236422	-0.510573	0.215526	-0.155033	-0.242222	-0.0262938	0.0956968	0.164071	-0.104107	-0.238975
-4.02077	2.49988	0.432039	0.210351	0.0498207	0.421889	-0.0117677	0.0337794	-0.360171	0.262384	-0.000408833	-0.0601902	-0.0734763	0.0764115	-0.0351527	-0.214187	-0.235425
-3.69085	2.67349	0.0281346	-0.369612	0.0260492	0.628956	-0.272082	0.567136	-0.051046	0.543319	0.247359	-0.197187	-0.191301	0.0523946	-0.228194	-0.143024	-0.153629
-3.38272	2.60502	-0.300167	-0.240489	-0.161339	0.619771	-0.212285	0.389914	-0.0854043	0.50556	-0.0643574	-0.0329566	-0.279252	-0.0855374	0.0352782	-0.203716	-0.191288
-3.13823	2.40592	-0.157957	-0.446508	0.0434232	0.632342	0.0224059	0.435872	0.07299	0.355081	0.10452	-0.020125	-0.206816	-0.0772478	0.0566065	-0.209999	-0.0467283
-3.1694	2.38829	-0.452256	-0.43213	-0.172021	0.648053	-0.0479169	0.434101	-0.154709	0.185794	-0.0169538	-0.0393744	-0.330625	-0.0430686	-0.0332116	-0.158626	-0.257207
-3.11333	2.44754	-0.495445	-0.263741	-0.152899	0.724697	0.0482486	0.599987	-0.279619	0.327829	-0.118263	0.123704	-0.237408	-0.0669168	0.0709393	-0.124969	-0.1863
-3.2096	2.63447	-0.543214	-0.236346	-0.104563	0.553062	0.475129	0.291603	-0.0625013	0.0858914	0.0486692	0.0472237	-0.153154	-0.0552014	0.0966382	-0.119153	-0.136855
-3.03752	2.31893	-0.443015	-0.290465	-0.128373	0.555565	0.402425	0.378208	-0.153117	0.0297115	0.00237685	0.0270066	-0.142428	-0.0501135	0.0174327	-0.0218059	-0.202227
-3.10839	2.42472	-0.685854	-0.182261	-0.2656	0.595463	0.224609	0.505332	-0.327307	0.00819138	-0.0537701	-0.119925	-0.0722389	-0.156359	-0.0347794	0.0602557	-0.280832
-3.05063	2.41248	-0.584494	-0.0462146	-0.347019	0.715678	0.224615	0.480108	-0.240577	-0.0692298	0.0517866	-0.128852	-0.0329871	-0.148828	-0.0936514	0.116736	-0.0611724
-3.13362	2.45192	-0.684645	-0.0939473	-0.343388	0.632509	0.172266	0.572787	-0.340216	-0.0224956	-0.0380852	-0.144438	-0.039652	-0.210934	-0.103995	0.0334418	-0.055069
-3.05009	2.21479	-0.750432	-0.118174	-0.426963	0.558132	0.0459294	0.478176	-0.457114	-0.165361	-0.0918173	-0.175347	-0.161621	-0.225698	-0.275832	-0.0233089	-0.0410328
-2.95006	1.89906	-0.695534	-0.243945	-0.448949	0.455833	-0.0258396	0.411131	-0.640881	-0.203914	-0.211872	-0.165135	-0.24757	-0.261822	-0.37114	-0.0844427	-0.0764684
-2.93586	1.99815	-0.77915	-0.170545	-0.297709	0.450483	0.107192	0.330442	-0.651938	-0.112952	-0.217264	-0.0418785	-0.234213	-0.19563	-0.243878	-0.123971	0.143923
-3.19114	1.77241	-0.843107	-0.417619	-0.45668	0.504614	-0.0136033	0.39527	-0.589683	-0.195479	-0.162452	-0.225724	-0.215895	-0.158447	-0.274806	-0.0329641	-0.0769875
-3.39698	1.78313	-0.764523	-0.330918	-0.431486	0.540817	0.0197254	0.469285	-0.621938	-0.232423	-0.131577	-0.236493	-0.172883	-0.133827	-0.232058	0.0781268	-0.00299685
-3.38049	1.98372	-0.623744	-0.211138	-0.288014	0.372505	-0.0374377	0.462798	-0.557307	-0.194615	-0.121919	-0.389733	-0.233509	-0.163483	-0.14853	0.178687	-0.081649
-3.36246	2.00218	-0.805904	-0.321141	-0.22397	0.282884	-0.0375	0.389581	-0.564345	-0.190343	0.0504364	-0.38781	-0.214595	-0.251931	-0.24877	0.105915	-0.170961
-3.68954	1.89618	-0.869439	-0.400116	-0.175596	0.267127	0.174266	0.378755	-0.416951	-0.125956	0.148986	-0.358673	-0.148329	-0.279219	-0.159999	0.0401981	-0.174514
-3.99681	2.17008	-0.668526	-0.400261	-0.0203089	0.183094	0.234789	0.215184	-0.312435	-0.0886649	0.165419	-0.495121	-0.228095	-0.215268	-0.0194217	0.0987961	-0.377596
-3.97353	2.18868	-0.608791	-0.495213	-0.0850207	0.123952	0.208212	0.205255	-0.313228	-0.0220556	0.157919	-0.585995	-0.249218	-0.253075	0.0149642	0.11912	-0.491509
-4.30347	2.28495	-0.590483	-0.317	0.0540677	0.22125	0.302837	0.275944	-0.188471	0.118053	0.129727	-0.518321	-0.211398	-0.267172	0.0407231	0.147317	-0.469136
-4.53808	2.35423	-0.44673	0.0676727	0.258637	-0.0234442	0.164445	-0.000617082	-0.0533804	0.106597	0.0925527	-0.405418	-0.242042	-0.313204	-0.0776794	-0.0377831	-0.459547
-4.76143	2.35121	-0.576592	-0.0230028	0.0936883	-0.276594	0.0216099	-0.172662	-0.028785	-0.239792	-0.306831	-0.61115	-0.511019	-0.582709	-0.173858	-0.218557	-0.377169
-5.10817	2.61151	-0.352561	0.432776	0.308211	0.0327301	0.098187	-0.122176	0.195839	0.16454	-0.222699	-0.548531	-0.0144521	-0.610951	-0.0251553	-0.0499133	-0.0865083
-5.68054	2.54495	-0.424305	0.369448	0.582669	0.295582	0.0329984	-0.212907	-0.19549	-0.0212128	-0.199202	-0.6824	-0.167315	-0.381841	-0.428098	-0.0136506	-0.326905
-5.48778	2.08021	-0.321725	0.650629	0.491795	0.244002	0.0585694	0.355417	0.0187448	0.363245	0.278544	0.0332213	-0.328236	-0.221114	-0.38732	-0.0673366	-0.0814259
-5.09367	0.797698	-0.386334	0.562314	0.439851	0.410815	0.0124065	-0.106939	-0.0658416	0.0892026	-0.321056	-0.333198	-0.350376	-0.158923	0.048715	-0.137552	-0.0649809
-4.99586	-0.175235	-0.565717	0.201365	0.022199	-0.149164	-0.400518	-0.288038	-0.116529	-0.145599	-0.216195	-0.272478	-0.464934	0.00105643	0.040134	-0.275309	-0.316566
-4.87936	0.120941	-0.408841	0.4396	0.329555	0.269935	-0.00101545	0.0605189	-0.0779988	-0.00568913	0.164165	-0.00849541	-0.163198	0.0728199	0.354714	-0.0701754	-0.116854
-4.91939	0.084591	-0.46462	0.234667	0.344456	0.253594	0.106456	0.149568	0.0481409	0.132047	0.191261	-0.0304794	-0.0141276	-0.00347042	0.270361	-0.00866669	-0.188147
-4.95923	-0.0456104	-0.455458	0.2316	0.276639	0.195134	0.108906	0.135762	0.11553	0.243133	0.12592	-0.0567507	-0.050858	-0.0880656	0.0712305	0.142377	-0.101033
-5.13499	-0.336965	-0.433582	0.161077	0.267352	0.196424	0.0888057	0.0975139	0.0982986	0.19845	0.0232603	0.0536694	-0.101095	-0.0725503	0.150141	0.187685	-0.0114219
-5.27012	-0.37844	-0.324706	0.0239607	0.220409	0.0866413	-0.0173599	-0.0622795	-0.069369	-0.00407962	-0.0135328	0.00449959	-0.163235	-0.0718413	0.192743	-0.00165144	-0.0587858
-5.27162	-0.390967	-0.234128	0.239841	0.32076	0.146447	0.0598249	0.0950796	0.0930373	0.0152065	0.113815	0.110478	-0.109742	-0.0160359	0.240514	0.137887	0.0016691
-5.34721	-0.322204	-0.106103	0.252096	0.27183	0.0259951	0.0445548	0.121706	0.0572049	0.0437488	0.244187	0.167484	-0.0365555	-0.0515354	0.112664	0.169991	0.00164871
-5.53833	-0.411694	-0.0956279	0.204474	0.189255	-0.0797848	0.171859	0.158691	0.0588956	0.187906	0.24502	0.303448	0.0199053	0.061726	0.161494	0.101669	-0.0081695
-5.60555	-0.522621	-0.149865	-0.0941632	0.201989	-0.00901943	0.112503	0.0724847	0.0379721	0.226552	0.276188	0.23844	-0.0480208	0.0171056	0.141773	0.205157	-0.0814047
-5.6103	-0.656417	-0.34522	-0.00481208	0.232988	0.0889802	0.0894057	0.00289852	0.118275	0.110089	0.178039	0.230884	0.0532544	0.0107269	0.211133	0.162543	-0.0872521
-5.51694	-0.566404	-0.369363	0.0673438	0.275266	0.233871	0.0884716	0.0038656	0.155667	-0.0602207	0.0806001	0.207924	0.161451	0.157671	0.17335	0.078603	-0.128712
-5.47597	-0.381112	-0.231794	0.0689496	0.177237	0.202509	-0.0118029	-0.0198013	0.14689	0.0432388	0.0609756	0.175758	0.173435	0.225662	0.311617	0.16633	0.0143169
-5.52633	-0.383424	-0.312082	0.109612	0.115743	0.230637	0.0880904	0.0017394	0.056802	0.0610772	0.128204	0.275094	0.133244	0.161385	0.253127	0.256072	0.127365
-5.45928	-0.372289	-0.255147	0.0352513	0.314242	0.407405	0.181037	-0.0468001	-0.0591858	0.0150021	0.19284	0.2269	0.0465716	0.0622374	0.227408	0.148023	0.0377574
-5.2813	-0.193004	-0.214695	0.0369861	0.275534	0.197707	0.0882398	0.0916628	0.0737563	-0.117664	0.25367	0.20698	-0.0255364	-0.064909	0.160236	0.18197	0.010447
-5.2074	-0.133947	-0.251987	0.0893611	0.314542	0.0888407	-0.02673	0.126366	0.159291	-0.0754197	0.185554	0.0591748	-0.028733	0.0730082	0.068581	0.0833073	0.130047
-5.1989	0.0789288	-0.223336	0.22399	0.300719	0.113334	-0.0150889	0.0224671	0.0618564	0.13931	0.219515	-0.0281085	-0.125533	0.100954	0.109962	0.197177	0.163602
-5.2446	0.116241	-0.335802	0.223041	0.17947	0.175655	0.1298	-0.046111	-0.105138	0.161122	0.355669	0.153622	-0.0884311	0.167681	0.225103	0.276533	-0.0196362
-5.30758	0.261913	-0.436211	0.203783	0.196548	0.240707	0.0462744	-0.0194167	-0.103614	0.1729	0.416627	0.152274	-0.0386403	0.0629557	0.0319394	0.286346	0.0283094
-5.42698	0.370175	-0.528526	0.262162	0.164147	0.192873	-0.00551137	0.137809	-0.0397776	0.0266567	0.300534	0.168784	-0.0251948	0.0280633	-0.0148375	0.288747	0.0939783
-5.54536	0.402349	-0.563074	0.549632	0.244582	0.371476	0.00749005	0.0995788	-0.0212319	0.0967473	0.327941	0.132651	-0.167324	-0.126988	0.0412232	0.211347	0.00128274
-5.84069	0.273056	-0.243744	1.10069	0.774943	0.531741	0.0161859	-0.0872853	-0.122053	-0.31984	-0.162139	-0.0738483	-0.134383	0.152246	0.10377	0.41018	0.224573
-5.69886	1.20915	0.126402	0.68289	0.554725	0.286973	-0.0910207	-0.0277642	0.252158	0.0403718	-0.111391	0.051472	-0.316836	-0.284047	0.279805	-0.0173853	-0.163547
-5.34311	2.19293	0.349523	0.845868	0.582676	0.553009	-0.0418263	0.0284497	-0.152332	0.101687	0.0250541	-0.112257	-0.238949	-0.0939326	0.0362566	0.0412936	0.110634
-4.62342	3.02148	-0.0216684	0.301568	0.274663	0.602858	-0.0333981	-0.253828	0.0836656	-0.179362	0.0560802	0.140232	0.0518444	-0.00497926	-0.00442235	-0.102775	-0.194537
-4.81198	3.54125	-0.157066	0.128806	0.144421	0.479604	0.0572159	-0.0864709	-0.24792	0.164901	-0.25509	0.0874453	-0.0617081	-0.0153718	0.0510804	-0.016329	0.079048
-4.8459	3.71902	0.0422847	-0.0472881	0.212251	0.638817	-0.121103	-0.0606452	0.0752525	-0.0526109	-0.0444977	0.0773752	0.0953514	-0.0968364	-0.165938	0.2906	0.050951
-4.914	3.71496	-0.218075	-0.300915	0.095463	0.648181	-0.490632	-0.0574064	-0.171524	-0.133809	-0.265628	0.039199	-0.0261016	-0.402863	0.140736	0.0174794	-0.112243
-4.84652	3.81342	-0.342817	-0.215292	0.0223086	0.727064	-0.51419	-0.10786	-0.158702	-0.153612	-0.0766857	-0.121383	-0.0134877	-0.284681	0.0768312	-0.0781147	0.00414409
-4.77779	3.72623	-0.395401	-0.291204	-0.0024781	0.645498	-0.514033	-0.114536	-0.331677	-0.099433	-0.190039	-0.050916	-0.15243	-0.31687	0.12954	-0.0969436	-0.100402
-4.57318	3.58959	-0.487741	-0.256121	-0.0288441	0.673492	-0.568405	-0.0940423	-0.292016	-0.18309	-0.141728	-0.112851	-0.124815	-0.313946	0.147517	-0.199594	-0.021308
-4.33619	3.6024	-0.560727	-0.0735912	0.0777264	0.829316	-0.542795	0.102984	-0.35924	0.103849	-0.174449	0.0149685	-0.0168835	-0.221529	0.212826	-0.166247	0.144658
-4.13223	3.30528	-0.488915	-0.171683	0.135938	0.746599	-0.483169	-0.0240483	-0.272063	-0.0406269	-0.0951571	0.0084736	-0.0387018	-0.171036	0.179879	-0.121069	0.0550481
-4.03288	3.26753	-0.456497	-0.0812805	0.200561	0.781523	-0.482132	0.0220933	-0.255459	0.119769	-0.138268	0.241112	0.00569523	-0.101886	0.223378	-0.0910226	0.0701647
-4.12404	3.25553	-0.489847	-0.104073	0.105045	0.801756	-0.66274	-0.0849264	-0.239623	0.118046	-0.0690561	0.20063	0.0812455	-0.15849	0.164818	-0.0820279	-0.0541906
-4.28259	3.09096	-0.423601	-0.239886	0.154004	0.62437	-0.827255	-0.214494	-0.217567	0.122061	-0.0301967	0.235089	-0.0390809	-0.135983	0.108065	-0.225562	-0.132487
-4.30048	2.75339	-0.404208	-0.328083	0.0786941	0.330884	-0.801034	-0.285855	-0.169503	0.0080421	-0.18578	0.0295201	-0.0629164	-0.0846934	0.102274	-0.271493	-0.0431609
-4.29423	2.77226	-0.498908	-0.309193	0.0456536	0.333198	-0.762462	-0.278441	-0.171181	0.00424436	-0.13149	0.036977	0.0211939	-0.160651	0.14132	-0.233596	-0.132329
-4.52363	2.62061	-0.613905	-0.176191	0.110583	0.261594	-0.786025	-0.131342	-0.127604	0.0283636	-0.159584	0.101201	-0.0493003	-0.214923	0.181546	-0.278399	-0.192484
-4.27924	2.51843	-0.73758	-0.0769763	0.0323936	0.113782	-0.790865	-0.0962871	-0.0656454	-0.0810129	-0.238566	0.131834	-0.068568	-0.158305	0.105808	-0.351703	-0.268536
-4.33125	2.50174	-0.733835	-0.0717566	0.0201925	0.0731477	-0.800401	-0.0848215	0.0301684	-0.0553653	-0.168205	0.175018	-0.0326664	-0.0896748	0.103974	-0.318604	-0.262615
-4.63912	2.28849	-0.491642	-0.0232152	0.178555	0.0574831	-0.717435	0.0915596	0.0965509	0.113727	-0.0623714	0.193631	-0.0726867	-0.117553	0.140829	-0.244056	-0.357054
-4.1131	2.12752	-0.325387	-0.0436007	-0.0378983	-0.013509	-0.58568	0.254629	0.105475	0.131433	-0.125314	0.0737689	-0.15561	-0.156307	0.181109	-0.147927	-0.235826
-3.85285	2.13562	-0.419391	-0.0261136	-0.0616032	-0.0325384	-0.649621	0.37347	0.0594881	0.13993	-0.217771	0.125694	-0.2346	-0.221106	0.204537	-0.181102	-0.189696
-3.87985	2.05764	-0.401076	-0.0581659	-0.109725	0.0555451	-0.562826	0.35206	0.0253511	0.0953392	-0.1386	-0.00770095	-0.25165	-0.263783	0.104495	-0.182676	-0.184892
-3.64285	1.94608	-0.45818	-0.100454	-0.177639	0.126132	-0.493938	0.376801	0.00959779	0.0783156	-0.0938921	0.0412866	-0.23903	-0.232604	0.0847133	-0.154394	-0.198415
-3.60831	1.80563	-0.717022	-0.437414	-0.427186	-0.0488961	-0.846197	0.0566893	-0.338058	-0.129141	-0.570115	-0.365238	-0.462155	-0.552629	-0.257606	-0.287195	-0.548036
-3.52576	1.72841	-0.621659	-0.252075	-0.48943	-0.035786	-0.705977	-0.0106217	-0.305769	-0.0642394	-0.471343	-0.380804	-0.408013	-0.538256	-0.177969	-0.392726	-0.396362
-3.69669	2.14945	-0.67214	-0.151206	-0.265682	-0.0166176	-0.624082	0.236442	-0.223596	-0.0846016	-0.30457	-0.385932	-0.356415	-0.29023	-0.169587	-0.315305	-0.325812
-3.79641	2.09353	-0.508292	-0.392471	-0.144403	-0.117697	-0.770425	0.305011	-0.103301	-0.326931	-0.330196	-0.39743	-0.513991	-0.164854	-0.253509	-0.303472	-0.443692
-3.63567	2.13533	-0.379578	-0.206992	0.0011252	0.0678781	-0.581904	0.430244	-0.0380589	-0.142864	-0.131377	-0.223746	-0.40459	-0.027925	-0.159253	-0.166984	-0.221154
-3.55014	1.71529	-0.312773	-0.39378	-0.374398	-0.00979611	-0.40718	0.054043	-0.214722	-0.0804021	-0.347597	-0.622618	-0.327865	-0.171786	-0.276999	-0.32105	-0.445215
-3.674	1.95572	-0.314297	-0.298726	-0.130616	0.0128506	-0.612337	0.329497	-0.172849	-0.118547	-0.31838	-0.287218	-0.463136	-0.1084	-0.169003	-0.288068	-0.372249
-3.66222	1.80296	-0.32803	-0.346957	-0.154878	-0.0711677	-0.598678	0.261385	-0.192177	-0.203974	-0.338646	-0.546152	-0.279123	-0.234496	-0.303397	-0.194629	-0.47014
-3.58856	1.93414	-0.325882	-0.208689	-0.133863	-0.0254587	-0.459149	0.289106	-0.102727	-0.0812871	-0.229276	-0.469675	-0.270653	-0.073273	-0.256626	-0.162725	-0.318299
-3.67982	2.07458	-0.261654	-0.203821	-0.156199	0.0541089	-0.476399	0.353549	-0.278589	-0.0153248	-0.085578	-0.442303	-0.241928	-0.149054	-0.143505	-0.275703	-0.187877
-3.80227	2.03918	-0.225284	-0.511765	-0.0916491	-0.0723781	-0.657165	0.262202	-0.162168	-0.145082	-0.300385	-0.40259	-0.476269	-0.132121	-0.239502	-0.338311	-0.376035
-3.56313	1.99882	-0.449337	-0.224277	-0.0809116	-0.0219541	-0.645162	0.435091	-0.265902	-0.146904	-0.0779442	-0.370279	-0.3886	-0.137674	-0.22781	-0.328822	-0.179844
-3.64964	2.13584	-0.440115	-0.186848	-0.171346	-0.0255069	-0.42141	0.179644	-0.101294	-0.152991	-0.147894	-0.219642	-0.485263	-0.104876	-0.216611	-0.291869	-0.177208
-3.69222	2.08566	-0.470637	-0.0862252	-0.23836	-0.2291	-0.387873	0.179826	-0.233865	-0.123549	-0.119023	-0.422413	-0.291874	-0.31664	-0.210882	-0.207477	-0.39389
-3.86539	2.34147	-0.610747	-0.0385716	-0.031832	-0.350906	-0.406884	0.13328	-0.175238	-0.115162	-0.238561	-0.174325	-0.347064	-0.257625	-0.333191	-0.218585	-0.314334
-3.92905	2.38095	-0.49953	-0.152419	-0.0389674	-0.30516	-0.457686	0.00456381	-0.23161	-0.0956583	-0.0645746	-0.350953	-0.262623	-0.204188	-0.378433	-0.338671	-0.30571
-3.80306	2.07607	-0.559298	0.110465	-0.251568	-0.0646879	-0.751739	0.15034	-0.280407	-0.0837428	-0.129912	-0.321245	-0.27433	-0.346535	-0.233016	-0.306017	-0.447452
-3.97349	2.33718	-0.580248	0.116327	-0.303127	0.0808892	-0.767292	0.179744	-0.349873	-0.0440509	-0.0700267	-0.22172	-0.295623	-0.315632	-0.18263	-0.225601	-0.44212
-4.1442	2.27375	-0.499612	0.116962	-0.150413	0.0855737	-0.70032	0.175589	-0.370629	-0.0561832	-0.0209773	-0.31703	-0.217769	-0.384711	-0.093072	-0.280375	-0.38454
-4.6881	2.34222	-0.386531	0.0280832	0.0374675	0.219808	-0.546319	0.0867799	-0.271388	-0.180941	0.00745996	-0.289742	-0.400567	-0.273474	-0.0446166	-0.310659	-0.346413
-5.34093	2.25253	-0.092511	0.136095	0.375659	0.250323	-0.398508	-0.0229177	-0.308532	-0.127459	0.14143	-0.163645	-0.396458	-0.358365	0.160771	-0.0896266	-0.278705
-5.73737	2.48888	0.330022	0.314011	0.301268	0.364726	-0.216204	0.0333584	-0.253073	-0.149387	0.119614	-0.0600926	-0.231879	-0.236791	0.154388	-0.0264167	-0.209397
-6.15176	2.22507	0.294524	0.25619	0.59368	0.352832	-0.122173	-0.0623493	-0.316653	-0.355038	0.0962374	0.0642812	-0.325374	-0.340256	0.0590348	-0.174232	-0.427795
-6.69472	2.00021	0.343499	0.633985	0.258941	0.503099	-0.0194764	0.223325	-0.0765028	-0.174971	0.151824	-0.102168	-0.224395	-0.572363	-0.217046	-0.192376	-0.217496
-6.50924	1.56464	0.885549	0.835677	0.487931	0.554155	-0.258216	0.280581	-0.00270067	-0.196021	-0.202545	-0.216142	-0.465007	-0.350115	0.0783092	0.0942788	-0.164779
-6.22038	1.2881	1.02852	1.1696	0.766472	0.700855	0.460927	0.228696	0.0394707	0.0909656	0.30338	0.00393573	0.0997229	-0.00968014	0.49563	0.141524	-0.0418017
-5.94675	0.42426	0.304325	0.817431	0.365024	0.505376	-0.125461	0.219191	0.129387	-0.120592	0.0566177	0.1059	-0.43609	-0.121585	0.0620293	-0.084761	-0.193415
-5.83706	0.183288	0.0564453	0.256978	0.152231	0.321795	0.159832	0.234025	0.0386287	-0.149587	-0.0161845	0.0657342	-0.228983	-0.0387577	-0.0740574	-0.158831	-0.218782
-5.69266	0.108318	-0.206477	0.0208978	0.157153	0.33295	0.1374	0.211099	0.0738606	0.0672755	0.0473223	0.0260234	-0.072243	-0.0724866	-0.22174	-0.0369878	-0.191179
-5.58935	-0.0380402	-0.326327	0.125675	0.0889183	0.184457	-0.0395905	0.0397957	-0.00731695	0.0719493	0.161266	0.0403828	-0.141047	-0.175205	-0.205936	0.0251793	-0.161837
-5.57999	-0.226052	-0.188108	0.228886	0.179182	0.155649	-0.221484	-0.101011	0.0957315	0.25015	0.28332	0.0670225	-0.159438	-0.111924	-0.100603	-0.00584394	-0.0623953
-5.58981	-0.0470395	-0.0675167	-0.00962104	0.0573355	0.166461	-0.146652	-0.171132	0.0816758	0.126361	0.224399	0.112387	-0.0622951	0.0782396	0.17827	0.103785	-0.00213588
-5.47671	0.19885	-0.0933661	0.0321547	0.174622	0.0743399	-0.114135	-0.101175	0.0250266	0.0368959	0.277068	0.102794	-0.145277	0.0921279	0.114784	0.0647879	-0.0538832
-5.64548	0.366117	-0.264457	0.400651	0.269032	0.0815916	-0.0301365	-0.0905195	-0.0637415	0.0167357	0.327272	0.0979795	-0.141829	0.00731796	-0.0243618	0.0629793	-0.184565
-5.64193	1.1787	-0.227783	0.548242	0.198546	0.0424646	-0.0774755	-0.142624	-0.0689952	0.047388	0.0926337	-0.0697086	-0.244587	-0.131064	0.0116246	-0.0930831	-0.307448
-5.32684	2.13788	-0.102749	0.303806	0.183225	0.0554439	-0.247691	-0.218016	-0.0319011	0.0904657	0.0130631	-0.00559318	-0.183821	-0.22448	-0.130043	-0.10513	-0.275159
-5.04001	2.65622	-0.117133	-0.010314	0.270951	0.14794	-0.641114	0.00433569	-0.110503	-0.139143	-0.0451089	-0.144829	-0.309115	-0.165055	-0.0290808	0.0560945	-0.265088
-4.65316	2.80429	-0.0632658	-0.150942	0.314234	0.185944	-0.642067	0.0465814	-0.22406	-0.0685072	0.086596	-0.0905442	-0.261192	-0.114271	-0.123045	0.0427144	-0.226216
-4.49475	2.63764	-0.299582	0.0551597	0.222981	0.180167	-0.831813	0.154183	-0.0329239	-0.182793	-0.0682716	-0.127501	-0.0387009	-0.142172	-0.175734	-0.0410472	-0.320366
-4.54617	2.56327	-0.104844	-0.0521482	0.0515564	0.151648	-0.630401	0.00675696	-0.146907	-0.156489	0.073517	-0.215057	-0.0735907	-0.192259	-0.121229	-0.112392	-0.347908
-4.49964	2.42236	-0.166665	0.095417	0.085786	0.106995	-0.781957	0.106956	-0.197789	-0.103508	-0.111796	-0.171697	-0.0814435	-0.167988	-0.114979	-0.165707	-0.332044
-4.27865	2.15781	-0.140605	-0.0144326	0.206493	0.221883	-0.887927	0.221468	-0.0989582	-0.168691	-0.112902	-0.0957241	-0.0811433	-0.194496	-0.132097	-0.0798806	-0.291164
-4.29529	2.1043	-0.0518298	-0.0728334	0.230564	0.204333	-0.914892	0.273437	-0.134078	-0.12275	-0.13574	-0.0147646	-0.16194	-0.0930897	-0.227862	-0.043107	-0.302358
-4.33271	2.02281	-0.125116	0.0572174	0.141024	0.122946	-0.789805	0.169951	-0.136867	-0.0689534	-0.210391	-0.111552	-0.124687	-0.181728	-0.238187	-0.126299	-0.345124
-4.3318	2.00109	-0.0374578	0.0630297	0.255004	0.121937	-0.830983	0.345307	-0.0583009	-0.164515	-0.121524	-0.0765282	-0.104699	-0.211817	-0.221126	0.00108954	-0.296795
-4.40042	2.06049	0.0256527	0.0428916	0.222565	0.144943	-0.796219	0.347908	-0.105087	-0.156822	-0.135953	0.0524457	-0.0936515	-0.250331	-0.184028	0.0465838	-0.318214
-4.44836	1.99681	0.0326134	0.0699785	0.176814	0.1019	-0.809383	0.349787	-0.124551	-0.188428	-0.165161	0.0372974	-0.193764	-0.185608	-0.232255	0.0011081	-0.363089
-4.49695	2.02186	0.0651713	0.0787292	0.312377	-0.0204705	-0.770852	0.544962	-0.217554	-0.185886	-0.0506907	-0.106486	-0.0231436	-0.222091	-0.328884	0.173598	-0.358729
-4.51618	2.06611	-0.0438484	0.103309	0.162957	0.0891267	-0.814253	0.314601	-0.138521	-0.116652	-0.177372	0.00193922	-0.172659	-0.198029	-0.232213	-0.0406812	-0.343502
-4.56715	2.02037	0.0990873	0.112167	0.227043	0.183433	-0.79035	0.2991	-0.0566478	-0.0710673	-0.149808	-0.0906402	-0.0661652	-0.189655	-0.310157	0.127537	-0.329214
-4.46625	1.9034	-0.0906	0.299871	0.126666	0.132956	-0.888675	0.313993	-0.0311901	-0.102822	-0.297345	-0.0642215	-0.0862924	-0.210767	-0.234261	-0.0407801	-0.373007
-4.52666	1.85055	-0.0930287	0.236789	0.25001	0.0828054	-0.855845	0.279195	-0.1559	-0.115046	-0.23355	-0.00717079	-0.244634	-0.194799	-0.265904	-0.105821	-0.368188
-4.47797	1.88136	-0.0850636	0.188422	0.224602	0.177269	-0.941638	0.342134	-0.175396	-0.0808993	-0.216134	-0.0620876	-0.169552	-0.168347	-0.268767	-0.0538129	-0.395306
-4.60639	2.03877	-0.144334	0.276775	0.156561	0.144951	-0.735299	0.214505	-0.167722	-0.00297988	-0.360333	0.0944114	-0.0828065	-0.256142	-0.200111	-0.0795101	-0.34223
-4.60102	2.02587	-0.178926	0.339532	0.171699	0.0189022	-0.778778	0.328655	-0.189031	-0.0867636	-0.24596	0.0255057	-0.104292	-0.242202	-0.246646	0.0100277	-0.413611
-4.73618	2.09251	-0.215526	0.360316	0.147377	-0.00785733	-0.818121	0.319745	-0.132634	-0.272886	-0.148547	0.00552005	-0.164939	-0.278058	-0.228842	-0.0936765	-0.40529
-4.80161	2.12909	-0.0873209	0.245891	0.332742	0.0710372	-0.823184	0.288664	-0.0746982	-0.153403	-0.241595	0.024089	-0.143728	-0.122965	-0.234537	-0.0915371	-0.33859
-4.87759	2.26794	-0.240926	0.190958	0.129117	-0.128705	-0.790013	0.416163	-0.304176	-0.183125	-0.302682	0.03723	-0.236719	-0.331209	-0.253154	0.0687626	-0.604425
-4.87932	2.27096	-0.395634	0.209714	0.276438	0.0380511	-0.904276	0.348218	-0.333873	-0.0803318	-0.278991	-0.101983	-0.14175	-0.20882	-0.482584	0.0841465	-0.53683
-4.79364	2.06559	-0.34216	0.256851	0.177323	-0.151531	-0.801909	0.187874	-0.350506	-0.181339	-0.207303	-0.0558303	-0.230241	-0.348025	-0.329006	-0.0583964	-0.666263
-4.83816	2.09962	-0.127133	0.22367	0.0972357	0.0110301	-0.692192	0.171282	-0.233769	-0.120057	-0.275371	-0.0509022	-0.253939	-0.079818	-0.333996	-0.126542	-0.476418
-4.77417	1.9705	-0.243096	0.212361	0.197437	-0.0206559	-0.744362	0.270004	-0.182874	-0.199716	-0.340341	-0.000996786	-0.189838	-0.36683	-0.290475	-0.0675308	-0.541768
-4.89136	1.72104	-0.0666379	0.176872	0.0224168	-0.0256913	-0.750644	0.169516	-0.337424	-0.0690415	-0.492176	-0.226744	-0.373207	-0.442733	-0.464862	-0.20911	-0.613399
-4.87346	1.8242	-0.140143	0.235476	0.150046	-0.230016	-0.630094	0.439579	-0.334877	-0.168247	-0.527744	-0.131192	-0.362498	-0.690077	-0.27361	-0.236366	-0.42847
-5.05108	1.87224	0.06812	0.496401	0.38408	-0.187661	-0.545065	0.561111	-0.0100373	-0.0653308	-0.21435	0.0140788	-0.268213	-0.29499	-0.139425	-0.18754	-0.398538
-5.49889	1.89477	0.0827252	0.491305	0.295543	0.0147742	-0.469999	0.66403	-0.115207	-0.2605	-0.753019	-0.230048	-0.481833	-0.611234	-0.238351	0.0922008	-0.111955
-5.71026	1.93554	0.478657	0.611472	0.16703	-0.0304163	-0.498445	0.37373	-0.118659	-0.503583	-0.354317	-0.112393	-0.330891	-0.367245	-0.275369	-0.0449391	-0.336668
-5.67336	1.99165	-0.0259482	0.417041	0.180597	0.298891	-0.260597	0.173795	0.00425245	-0.25605	-0.549644	-0.15224	-0.636635	-0.630915	-0.173503	-0.0587209	-0.217031
-5.68988	1.88672	-0.21876	0.357284	0.163738	-0.045042	-0.618065	0.379525	0.0307627	-0.547169	-0.581711	-0.440439	-0.609898	-0.560045	-0.329595	-0.193979	-0.440833
-5.73804	1.90948	0.167368	0.764125	-0.0400659	0.624111	-0.309804	0.636329	0.410127	-0.556122	-0.360417	-0.0966404	-0.238409	-0.326706	0.100879	0.160804	-0.498988
-5.7477	1.53597	-0.0481074	0.629868	-0.0736073	0.301835	-0.709761	0.310925	-0.0510789	-0.514655	-0.365954	-0.33091	-0.819159	-0.472534	-0.188013	-0.040341	-0.295762
-5.59141	1.49585	-0.0269399	0.840887	-0.0538571	0.475351	-0.34664	0.352718	0.147688	-0.219719	-0.503935	-0.121604	-0.183405	-0.524768	0.0659495	-0.0646508	-0.277766
-5.91273	1.27976	0.0186743	1.04877	0.235915	0.408339	-0.26294	0.552139	0.398779	0.102169	-0.0380096	0.0979325	-0.145581	-0.56869	-0.0598347	-0.0922763	-0.0543157
-5.84616	1.3371	0.043964	0.972456	-0.0524738	0.47721	-0.357749	0.792442	0.0934554	-0.20077	-0.177923	0.0297809	-0.169269	-0.31196	0.124604	0.115359	0.0734119
-5.70113	1.24401	-0.247874	0.813433	0.00631872	0.437055	-0.330499	0.668197	0.200943	-0.303361	-0.345203	-0.246846	-0.254878	-0.301374	0.00773864	0.0834661	0.0831292
-5.74307	1.23311	-0.323258	0.671735	0.00983692	0.478661	-0.272334	0.728543	0.21531	-0.290595	-0.269762	-0.21606	-0.18113	-0.227077	-0.0009343	-0.026303	0.0880555
-6.0052	1.36568	-0.211982	0.524613	0.06055	0.53133	-0.196474	0.742545	0.152626	-0.292901	-0.171368	-0.242447	-0.230114	-0.314908	0.128621	-0.0512697	0.0372291
-6.29118	1.36167	-0.382501	0.393537	0.00914765	0.519364	-0.324539	0.622417	0.183783	-0.262795	-0.164908	-0.206399	-0.212131	-0.2545	0.149645	0.0220431	0.0840756
-6.44052	1.27348	-0.431281	0.400804	0.0598487	0.297972	-0.393525	0.590236	0.0561942	-0.229245	-0.177965	-0.221642	-0.292514	-0.290919	0.0702705	0.0162716	0.0247632
-6.57275	1.39178	-0.440299	0.433892	0.105355	0.206766	-0.31776	0.669204	0.144806	-0.255609	-0.0618957	-0.179368	-0.294593	-0.255115	-0.0880566	-0.033035	0.150654
-6.66667	1.39866	-0.473991	0.390918	0.213712	0.34713	-0.255134	0.607502	0.221387	-0.258782	0.00543321	-0.0555294	-0.32249	-0.215682	-0.0549573	0.00835636	0.204944
-6.89869	1.33277	-0.435324	0.536879	0.293569	0.364895	-0.156142	0.587337	0.285604	-0.339379	-0.0339371	-0.0118042	-0.148814	0.00568695	-0.0148041	-0.0903669	0.0905117
-7.11784	1.2103	-0.391926	0.698012	0.349902	0.494374	0.0388565	0.709732	0.349056	-0.284315	-0.0668197	-0.119989	-0.108318	0.0605143	-0.0168007	-0.118444	0.0595338
-7.24777	1.3049	-0.424911	0.626779	0.27186	0.636553	0.0968799	0.70352	0.397581	-0.269446	-0.196047	-0.184509	-0.0907378	-0.0788195	-0.0711423	0.0250949	0.0698766
-7.38276	1.38617	-0.424621	0.597593	0.184087	0.664075	-0.00582732	0.707352	0.458306	-0.220955	-0.21783	-0.133319	-0.000702486	-0.167628	-0.0505866	0.0135274	0.102052
-7.67352	1.49478	-0.236955	0.601675	0.292736	0.612286	-0.0610109	0.588292	0.35105	-0.152347	-0.0994174	-0.197615	-0.170125	-0.0725145	-0.0594253	-0.0477437	0.166141
-8.10606	1.53766	-0.0242451	0.606405	0.399778	0.497278	-0.0274186	0.499202	0.316787	-0.0724664	-0.117419	-0.17981	-0.2076	0.0872092	0.115103	-0.029318	0.0503584
-8.52796	1.53773	0.134601	0.563493	0.523277	0.414387	0.0496791	0.408745	0.281321	-0.0455518	-0.110479	-0.0791824	0.0377859	0.0993561	0.0765644	0.0553839	-0.0149591
-9.00296	1.35878	0.317601	0.46808	0.484135	0.33238	0.110326	0.321627	0.233945	0.0512986	0.0286268	0.150283	0.113568	0.0342313	0.0278218	0.162451	0.129023
-9.23524	1.2008	0.55108	0.46789	0.402594	0.421239	0.241914	0.251397	0.189826	0.260249	0.144519	0.191483	0.109353	0.137853	0.173672	0.218817	0.193261
-9.1917	1.2981	0.60178	0.437513	0.323312	0.421992	0.254676	0.292468	0.182218	0.230854	0.105975	0.170085	0.144399	0.217493	0.169589	0.168215	0.0962897
-9.24859	1.30771	0.582362	0.406798	0.254689	0.390322	0.290837	0.158898	0.0832753	0.21274	0.106316	0.196769	0.136831	0.14002	0.109388	0.21002	0.112943
-9.42628	1.27106	0.600585	0.417333	0.338946	0.430885	0.251118	0.144241	0.158964	0.245551	0.0958054	0.23204	0.117239	0.0133246	0.101365	0.152235	0.0225027
-9.42023	1.23034	0.557578	0.473967	0.399821	0.262205	0.132994	0.254607	0.280728	0.305321	0.127465	0.204991	0.146441	0.0872983	0.0882855	0.158596	0.198083
-9.41653	1.25384	0.502724	0.502642	0.356486	0.224589	0.142415	0.25378	0.17551	0.165103	0.0713895	0.0816714	0.160546	0.0847814	0.110245	0.187024	0.202673
-9.43748	1.25426	0.524313	0.534391	0.388324	0.29398	0.180354	0.260218	0.0493853	0.114358	0.167201	0.104725	0.130828	0.122818	0.107195	0.268788	0.114668
-9.35865	1.27663	0.433073	0.461554	0.343977	0.309336	0.237469	0.308195	0.12683	0.145754	0.170721	0.231824	0.217433	0.141465	0.0972464	0.245624	0.143675
-9.49473	1.25434	0.463797	0.519273	0.481583	0.344188	0.328222	0.321811	0.145297	0.178601	0.173492	0.308562	0.265917	0.213098	0.0939613	0.151488	0.19173
-9.49595	1.29947	0.511198	0.47507	0.551052	0.356396	0.294081	0.378367	0.191687	0.114384	0.177664	0.340752	0.214249	0.191639	0.144214	0.169498	0.10253
-9.47078	1.28981	0.548635	0.567314	0.495934	0.276805	0.252029	0.322922	0.14928	0.187563	0.15665	0.208382	0.179642	0.191858	0.132567	0.116888	0.0921383
-9.61958	1.19875	0.624056	0.671371	0.511011	0.256515	0.0956422	0.308842	0.232413	0.259334	0.217824	0.153045	0.0561462	0.0331944	0.112073	0.214968	0.113574
-9.41898	1.37848	0.620825	0.613801	0.4482	0.28251	0.101431	0.28785	0.354225	0.24613	0.146822	0.24474	0.1417	0.0504141	0.0637685	0.12906	0.199939
-9.52431	1.38624	0.674543	0.564631	0.408269	0.322912	0.0747169	0.243976	0.415802	0.286991	0.232339	0.35607	0.239776	-0.0235032	0.0341793	0.154461	0.19658
-9.56085	1.35985	0.6706	0.606434	0.442141	0.388479	0.137848	0.191147	0.37568	0.284225	0.30772	0.265423	0.139269	-0.039308	0.140091	0.20858	0.0418449
-9.41912	1.33872	0.575062	0.487144	0.357071	0.287742	0.164748	0.199326	0.218306	0.178053	0.251597	0.263515	0.181081	0.111644	0.197596	0.227804	0.0755824
-9.47994	1.34851	0.593276	0.492629	0.358138	0.253531	0.201517	0.262234	0.219506	0.213276	0.190879	0.219915	0.0893158	0.159781	0.163512	0.176193	0.128197
-9.44585	1.2923	0.59665	0.464566	0.394205	0.268943	0.200294	0.31732	0.200017	0.209238	0.210324	0.130929	0.0142783	0.118028	0.127872	0.170279	0.157418
-9.43481	1.27732	0.550283	0.451766	0.350466	0.232488	0.182429	0.316064	0.258218	0.178951	0.124605	0.204271	0.112928	0.0803987	0.135273	0.168813	0.196691
-9.43386	1.24593	0.517385	0.429677	0.33871	0.239972	0.0795025	0.244665	0.249297	0.196507	0.106147	0.255939	0.228814	0.119417	0.190108	0.167332	0.172079
-9.4088	1.28471	0.54238	0.404578	0.327002	0.209733	0.136348	0.221622	0.242113	0.288087	0.102441	0.240399	0.184044	0.14954	0.240332	0.263301	0.19358
-9.37749	1.29868	0.573179	0.325727	0.241577	0.225149	0.267214	0.266363	0.236165	0.235844	0.10798	0.233971	0.069884	0.15115	0.215565	0.271948	0.199639
-9.41798	1.29584	0.614302	0.367339	0.250833	0.205133	0.243218	0.189112	0.216727	0.198309	0.153262	0.23808	0.0156258	0.0599332	0.171246	0.217246	0.168988
-9.35671	1.29243	0.542004	0.358239	0.321223	0.303454	0.20856	0.217406	0.116064	0.186289	0.193601	0.243606	0.124185	0.0893477	0.227412	0.148781	0.124825
-9.37736	1.24074	0.523729	0.396068	0.356992	0.348674	0.221305	0.34527	0.18285	0.216605	0.177821	0.288433	0.172339	0.0716577	0.185123	0.106246	0.17699
-9.3891	1.32265	0.556833	0.489995	0.411476	0.412703	0.267158	0.372697	0.23896	0.279596	0.0640647	0.189773	0.174376	0.094023	0.268164	0.156743	0.111841
-9.20694	1.41718	0.523758	0.458153	0.401328	0.33642	0.227742	0.297996	0.21457	0.279352	0.104891	0.151049	0.15518	0.100833	0.198119	0.163551	0.147479
-9.2082	1.44868	0.496081	0.415189	0.403745	0.349031	0.210324	0.33243	0.269544	0.270971	0.199447	0.191921	0.166678	0.156034	0.15753	0.142416	0.162972
-9.37222	1.3817	0.54744	0.472219	0.385842	0.320665	0.202875	0.375456	0.304074	0.279848	0.325209	0.247125	0.181347	0.155537	0.116366	0.0835714	0.161633
-9.1562	1.37676	0.55565	0.474011	0.344763	0.309789	0.186475	0.337362	0.285877	0.272588	0.232004	0.196356	0.220754	0.170154	0.14809	0.182392	0.210758
-9.29888	1.38348	0.53937	0.514353	0.411949	0.358024	0.272589	0.323987	0.229846	0.29696	0.262129	0.198814	0.187614	0.214228	0.17156	0.21308	0.111017
-9.42811	1.37427	0.596373	0.578943	0.378214	0.310633	0.321048	0.328419	0.281799	0.346337	0.211076	0.277934	0.185446	0.143869	0.15612	0.23629	0.161827
-9.09447	1.43619	0.502199	0.444832	0.33929	0.245256	0.245774	0.32818	0.285547	0.263564	0.187042	0.28529	0.172062	0.1138	0.147591	0.194497	0.133543
-9.37992	1.40556	0.508884	0.423627	0.342853	0.291265	0.25501	0.363946	0.273154	0.243644	0.207351	0.285669	0.168626	0.146644	0.108827	0.134702	0.164476
-9.42578	1.32915	0.523614	0.410655	0.35372	0.370954	0.226271	0.296966	0.272542	0.227523	0.196681	0.29365	0.235086	0.208498	0.130137	0.190166	0.194029
-9.2918	1.35516	0.496814	0.427243	0.364573	0.342629	0.179768	0.243397	0.271534	0.177037	0.154261	0.21567	0.228529	0.207575	0.148481	0.181778	0.145187
-9.43326	1.32828	0.445574	0.42041	0.327954	0.373739	0.256377	0.28616	0.216647	0.149875	0.0612259	0.236011	0.211642	0.151141	0.142375	0.199298	0.148657
-9.52531	1.20801	0.435988	0.41833	0.245567	0.205614	0.161732	0.318309	0.146664	0.1108	0.0967644	0.347673	0.29885	0.129541	0.0977555	0.0507692	0.149059
-9.53214	1.21767	0.430592	0.447354	0.341202	0.257498	0.209492	0.29789	0.244091	0.158297	0.123915	0.28545	0.261672	0.142525	0.125957	0.0542961	0.14622
-9.57342	1.1283	0.417103	0.485672	0.368576	0.287145	0.295102	0.358066	0.211822	0.216258	0.163716	0.270461	0.276526	0.152169	0.174817	0.182433	0.199847
-9.60454	1.09674	0.444145	0.515491	0.335091	0.354265	0.332836	0.308102	0.193882	0.172266	0.176234	0.352137	0.283483	0.194525	0.164102	0.13582	0.179637
-9.64451	1.09624	0.492074	0.573503	0.393725	0.447599	0.289366	0.254506	0.260541	0.261319	0.157918	0.312928	0.20015	0.100542	0.222258	0.140594	0.0775883
-9.42272	1.30152	0.505331	0.419541	0.361765	0.257974	0.22319	0.250006	0.166416	0.258084	0.0925092	0.190676	0.192097	0.0972391	0.20949	0.145028	0.157414
-9.5226	1.31506	0.621744	0.335045	0.340742	0.232129	0.217489	0.329812	0.153354	0.27597	0.0761034	0.0964829	0.175593	0.121782	0.167609	0.234767	0.20585
-9.41855	1.29594	0.581756	0.435858	0.394295	0.289833	0.228548	0.408049	0.255211	0.313248	0.124058	0.0935955	0.193616	0.138686	0.0724987	0.218041	0.215769
-9.23721	1.3414	0.456008	0.439915	0.370048	0.328735	0.232431	0.315393	0.281856	0.21125	0.18287	0.1418	0.152051	0.196516	0.123238	0.161757	0.22386
-8.09934	1.7087	0.302293	0.475507	0.225465	0.251337	0.181777	0.204594	0.15407	0.142636	0.154928	0.109453	0.0935131	0.0890124	0.0879292	0.0724006	0.0552089
-7.25555	1.62897	0.291378	0.409404	0.204737	0.194654	0.154131	0.154241	0.12044	0.0971488	0.11964	0.0671348	0.0640038	0.0520675	0.0578133	0.0398665	0.0293371
