-7.91145	1.55569	0.249254	0.434745	0.194476	0.234802	0.0522835	0.153165	0.0707494	0.117216	0.0482884	0.048992	0.0149188	0.035869	0.0064297	0.0421978	0.0232373
-8.221	1.60987	0.319235	0.492537	0.260005	0.292782	0.112358	0.208266	0.133224	0.171542	0.106782	0.0966761	0.0643068	0.083407	0.0518766	0.0944148	0.0701209
-9.35273	1.31561	0.511288	0.470756	0.355276	0.39356	0.217787	0.286076	0.216287	0.309072	0.251236	0.266844	0.190982	0.154979	0.139207	0.175242	0.144478
-9.5965	1.17615	0.476083	0.474631	0.493152	0.486116	0.318957	0.348163	0.394798	0.388287	0.205409	0.375591	0.210203	0.119592	0.0739797	0.116936	0.0176284
-9.37403	1.27903	0.515166	0.503026	0.386409	0.382752	0.276149	0.304286	0.321519	0.340298	0.18469	0.291136	0.166835	0.118682	0.148453	0.193985	0.0592998
-9.33795	1.33022	0.470031	0.423334	0.323944	0.276678	0.262386	0.294537	0.266657	0.255823	0.20483	0.23486	0.120043	0.119595	0.143188	0.225457	0.0999119
-9.60548	1.21989	0.453771	0.369397	0.365981	0.321426	0.286514	0.345166	0.332189	0.227692	0.310362	0.351874	0.212778	0.12664	0.0169021	0.125666	0.168835
-9.37719	1.35722	0.46009	0.392651	0.374622	0.34754	0.281729	0.304295	0.267186	0.192997	0.220223	0.262802	0.214309	0.195013	0.115819	0.144971	0.123362
-9.31661	1.44486	0.411494	0.423096	0.549347	0.48271	0.169334	0.181695	0.209476	0.331207	0.183446	0.0973706	0.0337916	0.115963	0.0960741	0.112297	0.142985
-8.9461	1.6678	0.219789	0.497448	0.796484	0.462762	0.0270654	0.0515775	0.156551	0.34391	0.103034	-0.0869836	-0.0319205	0.0699167	-0.0996204	0.0901736	0.214041
-8.58233	1.71729	0.0700548	0.574898	0.813603	0.529195	0.0627464	0.0631319	0.0958422	0.131983	0.0710672	-0.0365303	-0.103143	0.114518	-0.201314	-0.0598687	0.139124
-8.27966	1.67698	-0.156918	0.518146	0.747585	0.419057	-0.101774	0.0660794	0.0870661	0.012733	-0.0592713	0.035927	-0.0956967	0.0191655	-0.153631	0.0354553	0.136748
-8.03526	1.68198	-0.263182	0.443005	0.828047	0.265468	-0.209873	0.0578402	-0.0626777	0.0256369	-0.080682	0.0965833	-0.144535	-0.0622202	-0.239683	0.0877909	0.102273
-7.82355	1.77072	-0.211051	0.274582	0.723607	0.303918	-0.190438	0.0783958	-0.35593	-0.00700288	-0.0894082	0.0650681	-0.194338	-0.0680081	-0.179273	0.0727288	0.0860901
-7.7586	1.67331	-0.0981623	0.327324	0.716417	0.387045	-0.124054	0.149757	-0.50728	-0.0357263	-0.0178072	-0.0744305	-0.309604	-0.0433002	-0.245897	0.0173246	0.069568
-7.64396	1.66204	-0.139975	0.335742	0.654251	0.478735	-0.166197	0.152731	-0.437121	-0.120468	-0.0195814	0.0199622	-0.322855	-0.118444	-0.341609	0.00224109	0.142357
-7.52158	1.5628	0.0548641	0.321944	0.59652	0.463691	-0.0561499	0.0600817	-0.263148	-0.0939813	-0.163082	-0.029377	-0.230547	-0.153526	-0.340933	-0.154636	0.00782765
-7.36902	2.0725	0.15516	0.559244	1.12238	0.582684	-0.347392	0.308476	-0.339266	-0.189226	-0.0526192	0.245933	-0.221703	0.328841	-0.251963	-0.315901	0.113366
-7.28172	2.14753	0.530885	0.855178	1.36549	0.837288	-0.0585078	0.00776724	-0.255692	0.28216	0.117924	-0.153343	-0.464236	0.214215	-0.160653	0.061566	0.0740354
-6.65522	2.71439	0.697685	0.768677	1.1711	0.711851	-0.112145	0.103479	-0.457456	-0.0903843	-0.115804	0.163174	-0.256689	0.182695	0.0670146	-0.2272	-0.173359
-6.0413	3.27796	1.09813	0.913327	1.0104	0.662484	0.0216062	0.176986	-0.527184	0.213851	0.0164632	-0.0576663	-0.213494	0.13455	-0.016818	0.0392441	0.126441
-5.4726	3.22391	0.705503	0.913407	0.727465	0.696347	-0.192069	0.136994	-0.314191	0.123026	-0.0881264	-0.0981061	-0.174016	-0.0123901	-0.111413	0.257246	0.0405542
-5.42429	3.11456	0.644393	0.786805	0.785808	0.654007	-0.252518	0.221468	-0.470869	0.180308	0.167006	-0.0233216	-0.404382	0.277657	-0.199447	0.127342	0.248577
-5.48428	3.07651	0.565901	0.462457	0.608531	0.585136	-0.454158	0.21431	-0.590377	-0.0584646	-0.188345	-0.0163462	-0.436426	0.20954	-0.298047	-0.0522284	0.129621
-5.3834	2.92786	0.592123	0.507111	0.749075	0.37385	-0.283137	0.0774329	-0.558195	-0.0545377	-0.0926185	0.0433679	-0.501898	0.0332604	-0.414173	-0.0351953	0.235202
-4.87247	3.21914	0.540584	0.333067	0.136709	0.307981	0.0547059	0.360305	-0.219094	0.39133	0.000524413	0.297601	-0.249862	-0.247498	0.0877833	-0.0652879	-0.182228
-4.2046	2.99957	-0.151614	0.221668	-0.0987913	0.489226	0.46848	0.530035	0.0377025	0.655814	0.230934	0.322492	-0.0726097	0.0678075	-0.265846	-0.19164	-0.219329
-3.69466	2.74376	-0.275811	0.0362726	-0.111576	0.427094	0.0435623	0.36219	-0.158201	0.449879	-0.137878	0.0346037	-0.317247	-0.0707955	-0.104434	0.0146545	-0.11966
-3.63151	2.74176	-0.380412	0.333041	-0.176822	0.604802	-0.0162431	0.43555	0.230275	0.36608	-0.322819	0.225341	-0.198542	0.1296	-0.201473	0.104697	-0.15153
-3.53558	2.47739	-0.0938766	0.256647	-0.0215986	0.41427	0.010064	0.505801	0.231589	0.357443	-0.264699	0.195692	-0.139111	0.122439	-0.241358	0.040495	-0.0625991
-3.58366	2.57533	-0.242711	0.441623	-0.0270402	0.184944	0.122112	0.526414	0.273267	0.225357	-0.335314	0.116228	0.00816756	0.144459	-0.451957	0.163155	-0.0360091
-3.39637	2.4168	-0.27481	0.413124	-0.121327	0.43285	-0.0525773	0.597238	0.211913	0.363499	-0.221586	0.145811	-0.078237	0.0355567	-0.294442	0.00666252	0.0244152
-3.33211	2.19365	-0.331628	0.412705	-0.230306	0.213276	-0.166012	0.480099	0.0494158	0.170367	-0.265154	0.00846297	-0.133437	-0.0705236	-0.350941	-0.00339204	-0.117878
-3.39253	2.31793	-0.605159	0.4322	-0.21146	-0.00541044	-0.0991892	0.383825	0.043548	0.0429503	-0.225407	-0.00156755	-0.238352	-0.142969	-0.445239	0.184491	-0.342441
-3.19402	2.10747	-0.406936	0.489443	-0.22498	0.194499	-0.262386	0.668857	-0.0237203	0.266757	-0.237389	0.0812982	-0.176556	-0.115066	-0.388013	0.10727	-0.185218
-3.26121	2.30855	-0.362772	0.555426	-0.108989	0.0743632	-0.198163	0.736283	-0.00598527	0.286061	-0.157174	0.104995	-0.11861	-0.0778829	-0.357105	0.154331	-0.128751
-3.16586	2.09253	-0.240051	0.53079	-0.170318	0.111175	-0.22572	0.639874	0.00781828	0.226573	-0.176556	0.13209	-0.109979	-0.185392	-0.27676	0.0600414	-0.105097
-3.16966	2.14815	-0.0914833	0.445995	-0.0260125	0.219011	-0.263291	0.589911	0.194218	0.296247	-0.165506	0.25817	-0.138321	-0.121332	-0.299776	0.114618	-0.0548926
-3.19566	2.18895	-0.106601	0.571041	-0.114704	0.155603	-0.24607	0.604675	0.138159	0.2575	-0.148268	0.28092	-0.143456	-0.118235	-0.261581	0.0827315	-0.0774791
-3.18892	2.17247	-0.128292	0.617126	-0.151566	0.0954106	-0.227103	0.529965	0.0610146	0.304163	-0.130008	0.193746	-0.15258	-0.154275	-0.296832	0.12949	-0.0761426
-3.2199	2.13731	-0.03499	0.399824	-0.0939583	0.0309433	-0.229471	0.406666	0.125182	0.180065	-0.0794248	0.095437	-0.14574	-0.124016	-0.344374	0.0709464	-0.144721
-3.28622	2.25712	-0.0825939	0.429744	-0.19767	0.0873958	-0.240063	0.298937	0.0355964	0.334195	-0.18783	0.0746686	-0.10811	-0.102422	-0.362852	0.0571175	-0.17096
-3.39803	2.46141	-0.0818986	0.407889	-0.204319	0.179725	-0.278058	0.417521	-0.064233	0.385691	-0.0965338	-0.00777041	-0.0283554	-0.108812	-0.260906	0.0400755	-0.193054
-3.62038	2.6664	-0.0853788	0.241652	-0.276512	0.226323	-0.331771	0.153484	-0.172433	0.375837	-0.104469	0.00536544	-0.148179	-0.102939	-0.262261	0.0953972	-0.409364
-3.70126	2.76863	-0.051451	0.236028	-0.248807	0.26497	-0.157498	0.184309	-0.370855	0.560732	-0.0878919	0.124454	-0.188478	-0.0958664	-0.176303	0.0382524	-0.35383
-3.93488	3.03779	0.287735	0.323739	-0.208272	0.374786	0.0954303	0.324688	-0.437111	0.497593	0.119544	0.325082	-0.00242373	-0.140972	-0.109303	0.1469	-0.21686
-4.1494	2.9485	0.321321	0.3331	-0.318499	0.322696	0.00922157	0.153739	-0.335028	0.24198	-0.0196947	0.232075	-0.0136776	-0.247717	-0.156442	0.0293932	-0.199621
-4.36427	3.00326	0.322955	0.454035	-0.469231	0.297184	0.0680854	0.19416	-0.368299	0.0515755	-0.129571	0.237879	0.0123286	-0.277704	-0.250429	-0.0624309	-0.0620823
-4.72221	3.14099	0.469485	0.602357	-0.847746	0.338592	0.0528527	0.423205	-0.487565	-0.132751	-0.348587	0.363979	0.0675198	-0.391185	-0.347123	-0.025831	-0.0439585
-4.54486	3.03341	0.800748	0.583735	-0.600641	0.445545	0.224892	0.410813	-0.257986	-0.112114	-0.0988494	0.287148	0.1616	-0.20466	-0.258088	-0.0344235	0.184948
-4.62414	2.923	0.910504	0.514298	-0.671063	0.361126	0.123716	0.492377	-0.34624	-0.158179	-0.268743	0.32331	0.126401	-0.304678	-0.145145	-0.108593	0.102457
-4.71012	2.92852	0.971976	0.41286	-0.575792	0.214419	0.27455	0.373676	-0.424858	-0.225786	0.0017026	0.0838147	0.0609966	-0.147895	-0.0763304	-0.0871492	-0.0895412
-4.67446	2.93487	0.906627	0.457064	-0.500353	0.181719	0.237752	0.404864	-0.442074	-0.0853124	-0.268596	0.315424	-0.0608798	-0.105797	-0.0609707	-0.106277	-0.0226916
-4.85194	3.20643	0.869215	0.214453	-0.418244	0.364477	0.0837194	0.319017	-0.231097	-0.338106	-0.0150969	0.0415195	0.127021	-0.168251	-0.0703438	-0.156975	0.0412918
-4.80794	3.14081	0.763321	0.210267	-0.403066	0.348058	0.107121	0.168305	-0.390976	-0.126231	-0.165531	0.135597	-0.0865681	-0.212707	0.273438	-0.233207	-0.160817
-4.80816	3.26274	0.705126	0.353712	-0.576523	0.399627	0.144805	0.30108	-0.398268	-0.183119	-0.163473	0.257046	-0.0297744	-0.225546	0.0972831	-0.129484	-0.0562891
-4.60955	3.14829	0.689586	0.275585	-0.483297	0.461356	0.114828	0.258009	-0.46934	-0.00698974	-0.0628931	0.0364334	0.0609733	-0.153749	0.163955	-0.155392	-0.0800395
-4.70286	3.31941	0.435075	0.247933	-0.722549	0.70619	-0.141224	0.0896237	-0.32226	-0.178624	-0.0858267	0.128803	-0.140793	-0.0433165	0.0483057	-0.0413547	-0.312311
-4.54998	3.31818	0.480909	0.342486	-0.645516	0.635597	-0.0577873	0.250569	-0.400069	0.00371388	0.0451289	0.075826	-0.0251096	-0.151046	0.263746	-0.25748	-0.068891
-4.31772	3.24738	0.458476	0.173616	-0.307782	0.487785	-0.0146962	0.318056	-0.441196	0.201788	-0.0553132	0.208159	-0.102115	-0.0866279	0.219661	-0.266499	0.0734276
-4.23237	3.22902	0.375592	0.150406	-0.371651	0.514351	-0.0229134	0.221737	-0.316266	0.145642	0.0169272	0.19922	-0.0933799	-0.139304	0.0988359	-0.148501	0.0532109
-4.14948	3.31536	0.201848	0.161228	-0.391862	0.457236	0.0876211	0.115176	-0.266883	0.171051	0.122962	0.130868	-0.128695	-0.0217071	-0.00652754	-0.104515	0.00385109
-3.80298	3.11989	-0.129544	0.0206862	-0.347276	0.277816	0.122251	-0.0369767	-0.14019	0.15772	0.0925985	0.012384	-0.0201303	-0.171666	0.0568436	-0.125749	-0.193074
-3.22963	2.76285	-0.308583	-0.116387	-0.615111	0.591143	0.0814564	0.0324024	0.0131498	0.293819	-0.028989	0.142739	-0.283256	0.0388836	-0.204913	0.0418466	-0.131645
-2.92525	2.49525	-0.293301	-0.25986	-0.402724	0.509573	0.0837334	0.119562	0.0662414	0.325226	-0.00151829	-0.0371938	-0.271519	0.114019	-0.125059	0.102901	-0.226443
-2.79972	2.42782	-0.633054	-0.0662996	-0.456028	0.526225	0.0557593	0.139436	0.0601148	0.300175	-0.0642425	-0.0899259	-0.205956	0.0239785	0.0144894	0.0545249	-0.24712
-2.6136	2.26484	-0.603908	-0.15445	-0.296031	0.620503	0.0974589	0.122789	0.177735	0.196976	-0.0521212	-0.00301186	-0.196518	0.14312	-0.131734	0.0575396	-0.113821
-2.6156	2.24882	-0.611475	-0.152294	-0.286737	0.615256	0.203337	0.0581024	0.186362	0.205059	-0.0922023	0.0671769	-0.151318	0.132969	-0.111872	0.00407794	-0.0980167
-2.59994	2.22269	-0.727611	-0.124394	-0.236345	0.586884	0.277405	-0.0109184	0.242273	0.167447	-0.170967	0.121814	-0.122785	0.159189	-0.171043	-0.0134233	-0.0998485
-2.60178	2.22615	-0.817414	-0.101596	-0.19809	0.576043	0.29983	-0.0359959	0.276109	0.110614	-0.18995	0.148651	-0.128644	0.158326	-0.184235	0.00666239	-0.10448
-2.6053	2.21965	-0.909726	-0.0627677	-0.174691	0.579205	0.262999	0.0485658	0.135349	0.220965	-0.286924	0.183393	-0.0961634	0.119133	-0.175826	-0.069015	-0.0399385
-2.54263	2.18401	-0.957533	-0.00286745	-0.200709	0.616722	0.243045	0.1001	0.102886	0.235108	-0.30875	0.217954	-0.0866768	0.14037	-0.194642	-0.0373849	-0.0665629
-2.61963	2.26389	-0.992431	-0.0247846	-0.121873	0.608865	0.242732	0.0979632	0.137637	0.183416	-0.249746	0.170412	-0.0291184	0.108779	-0.172871	-0.0646699	-0.0193447
-2.59725	2.16341	-0.953524	0.00652685	-0.122922	0.55163	0.312915	0.086551	0.144813	0.154309	-0.254671	0.186797	-0.0704201	0.188728	-0.253353	-0.0267383	-0.0382789
-2.65912	2.2441	-1.03365	-0.0293847	-0.1038	0.521112	0.270319	0.0623146	0.126093	0.170706	-0.322303	0.228457	-0.1214	0.244478	-0.3405	0.0557293	-0.1632
-2.70529	2.31072	-0.989421	-0.00696287	-0.117054	0.612832	0.192419	0.169766	0.0847301	0.214937	-0.335856	0.246544	-0.0880068	0.210178	-0.337358	0.0589719	-0.078186
-2.65797	2.23545	-0.939123	0.0216354	-0.110298	0.547395	0.289368	0.0882479	0.134479	0.170251	-0.278393	0.192799	-0.0388252	0.151787	-0.296946	0.00519268	0.00763311
-2.64583	2.22996	-0.965909	0.0446135	-0.130038	0.473564	0.354514	-0.00294348	0.196011	0.131469	-0.311302	0.217459	-0.0841903	0.179914	-0.324221	0.0498436	-0.0642356
-2.75082	2.38078	-0.977013	0.0137017	-0.116225	0.532411	0.21093	0.0950355	0.12576	0.131738	-0.264792	0.180586	-0.10976	0.19999	-0.398988	0.126846	-0.069023
-2.77767	2.40247	-0.983056	-0.0519985	-0.0199546	0.448134	0.136564	0.210861	0.0145615	0.148589	-0.258299	0.14869	-0.0255942	0.0580982	-0.307826	0.105048	-0.121715
-2.8746	2.58653	-0.799796	-0.248652	0.132266	0.357923	0.199131	0.250929	0.0590185	0.123073	-0.200041	0.0135921	-0.0504032	0.0884777	-0.375136	0.21806	0.0189674
-2.90022	2.69008	-0.98629	-0.169133	0.0679246	0.283358	0.218857	0.188111	0.0616247	0.190587	-0.36373	0.197275	-0.132611	0.0490548	-0.334559	0.194168	-0.138198
-2.81502	2.63346	-0.922743	0.0199113	-0.115601	0.40176	0.200493	0.218739	0.196607	0.0583702	-0.278049	0.0574469	-0.140478	0.00068941	-0.255854	0.276602	0.0183764
-2.86559	2.60722	-0.753687	-0.0890093	-0.184102	0.415672	0.123516	0.214262	0.298214	-0.0204612	-0.212886	-0.0149348	-0.106798	0.010209	-0.275141	0.269127	-0.134216
-2.99009	2.81154	-0.415391	-0.228064	-0.180322	0.664526	0.00809921	0.296065	0.474119	-0.0223251	-0.479571	0.108817	-0.341316	0.0911782	-0.224622	0.550911	0.0605395
-2.79573	2.59937	-0.744529	0.141271	-0.381975	0.395695	0.0970009	0.337848	0.355067	-0.0115641	-0.269696	-0.0221744	-0.277422	0.193651	-0.380534	0.387381	-0.276707
-2.60494	2.42805	-0.529293	0.15137	-0.221466	0.344125	0.198042	0.318477	0.290212	0.00564057	-0.390134	-0.072504	-0.217839	0.106173	-0.123135	0.407122	0.0303135
-2.64375	2.31046	-0.632879	0.282519	-0.345818	0.359522	0.131202	0.274037	0.323842	0.0088621	-0.237851	-0.0426124	-0.19516	-0.0237075	-0.227264	0.347126	-0.261227
-2.89605	2.50733	-0.432665	0.158763	-0.209471	0.188531	0.206487	0.187681	0.262806	0.150353	-0.215634	-0.155534	-0.0882371	-0.11816	-0.227082	0.382414	-0.317734
-3.23796	2.51882	-0.309156	0.21945	-0.469947	0.152794	0.173706	0.0846219	0.170659	0.487844	-0.133651	-0.0864618	-0.149824	-0.130617	-0.446874	-0.0934537	-0.546524
-3.41388	2.47581	0.0466518	0.234385	-0.217694	0.00419322	0.233459	0.0587783	0.19024	0.522736	-0.337514	-0.0328913	-0.163292	-0.11001	-0.427908	0.103856	-0.402015
-3.93399	2.72112	0.136068	0.361234	-0.0623941	0.0625563	0.0362802	0.283909	0.138735	0.366864	-0.123266	-0.188222	-0.122827	-0.219127	-0.338193	0.114345	-0.428832
-3.99846	2.04917	0.461368	0.731468	0.0988557	0.201165	0.0739768	0.22691	0.177917	0.214025	-0.268474	-0.140796	-0.00407407	-0.286248	-0.301434	0.132254	-0.210606
-4.73749	2.34942	0.112938	0.770774	0.469297	0.270153	-0.275207	0.15585	0.114068	-0.0543693	0.0106011	0.264325	-0.182835	-0.39861	-0.289009	0.150309	-1.00778
-4.69512	1.44444	0.997751	0.709436	0.179164	0.347779	0.163607	0.362427	0.0148595	-0.46912	-0.0651858	-0.164313	0.0790524	0.054648	-0.164041	0.282025	-0.272444
-5.11088	0.524572	0.560035	0.786043	0.511526	0.239255	-0.131243	0.0404429	0.0514608	-0.092812	0.196346	-0.0636971	-0.126618	-0.269336	-0.285956	0.431916	0.0788221
-4.39714	1.11125	0.489406	0.490112	0.241116	0.109189	0.112787	0.0191604	0.271811	0.0204011	-0.246659	-0.106605	-0.265077	-0.0133933	0.0763399	0.505895	0.199288
-4.75712	0.408897	0.46506	0.114449	0.258892	0.139123	0.502476	0.194607	-0.258086	-0.313766	-0.148755	0.067735	-0.199561	-0.132057	0.258482	0.830917	0.285334
-4.78668	0.0856948	0.300436	0.011304	0.135323	0.0487295	0.323381	0.281362	-0.00531452	0.0258886	-0.0449394	-0.0446319	-0.0614573	-0.0680942	-0.111625	0.0863438	-0.141841
-4.87752	0.117248	0.433273	-0.0379448	0.133399	0.027639	0.313204	0.351362	0.0807146	0.0224963	-0.0964203	-0.0846331	-0.0413097	-0.0535422	-0.211834	-0.00416143	-0.206518
-4.95146	0.100458	0.423343	0.0240378	0.243903	0.12161	0.348435	0.318627	0.0706732	-0.0105896	0.0207459	-0.0738419	-0.102549	-0.113856	-0.186353	0.0461692	-0.121301
-5.28594	-0.0401443	0.45642	0.00323965	0.237884	0.0689465	0.364136	0.238781	0.0633018	0.00450281	0.0123241	-0.0997057	-0.0891483	-0.23112	-0.152215	0.161967	-0.0179632
-5.72343	-0.215428	0.363407	-0.0347792	0.208358	0.0414667	0.230643	0.16604	0.0494952	0.0352349	0.0871188	0.0586167	-0.116621	-0.235953	-0.0832305	0.157439	0.0462307
-6.18886	-0.328245	0.267594	-0.0688844	0.150937	0.00154303	0.276854	0.224032	0.00896223	-0.0118321	0.00983356	-0.00422216	-0.0535791	-0.145027	0.0222964	0.0458004	-0.0645612
-6.70262	-0.130144	0.358184	-0.073832	0.264623	0.237775	0.322931	0.0842967	-0.0231703	0.00124178	0.0104752	0.0548312	0.0146375	-0.0827529	-0.0178258	0.0697597	-0.0276509
-7.41067	-0.0842218	0.560686	0.135783	0.414314	0.26542	0.221496	0.134501	0.0728887	0.0626424	0.215448	0.148806	-0.0367858	-0.137348	-0.0388388	0.0439369	-0.0263711
-7.78105	0.0169288	0.66957	0.420787	0.541763	0.302032	0.260284	0.231764	0.177691	0.2081	0.263482	0.0399831	-0.0257015	-0.0965776	0.1019	0.0621965	-0.017159
-8.28878	0.186738	0.640446	0.479601	0.700704	0.398604	0.222229	0.278935	0.278407	0.241304	0.246443	0.130813	0.0704926	0.0203631	0.251606	0.0269436	-0.0371855
-8.95297	0.68116	0.673315	0.42578	0.55127	0.34385	0.280112	0.335484	0.292041	0.19578	0.294902	0.241763	0.0621159	0.0898738	0.162431	0.0962582	0.0625052
-9.24189	1.16669	0.675013	0.377167	0.415075	0.32091	0.234056	0.290803	0.187889	0.295534	0.294138	0.183627	0.126591	0.121089	0.149354	0.0957284	0.0955649
-9.11739	0.726801	0.981085	0.327123	0.331763	0.456638	0.119626	0.392994	0.137433	0.153517	0.198097	0.204827	0.0769465	0.0990668	0.0684967	0.149054	0.0482234
-8.6819	0.359641	1.15634	0.335842	0.364697	0.392748	0.0654251	0.351305	0.255213	0.137687	0.147894	0.226215	0.154707	0.0782959	0.0565528	0.279562	0.0873585
-8.11843	-0.0205996	0.893126	0.274963	0.445195	0.0783419	0.251754	0.341951	0.299355	0.284301	0.155648	0.288847	0.164969	0.151355	0.0310294	0.166677	0.167419
-7.12066	0.051206	0.870229	0.281361	0.351407	0.0226407	0.268062	0.257739	0.0357578	0.160413	-0.0426364	0.180652	-0.0435772	0.0688397	-0.000398187	0.0544857	0.12746
-6.01243	0.16638	0.788147	0.295773	0.150184	-0.0973268	0.193669	0.164303	-0.0887079	-0.0236264	-0.169898	0.110699	-0.106545	-0.118305	0.03263	-0.0230117	-0.153489
-5.37261	0.2229	0.767834	0.345646	0.244729	-0.0444487	0.166366	0.235863	-0.00177804	-0.00785858	-0.173661	0.222256	0.0815281	-0.0976328	0.0652179	0.0699793	-0.144363
-5.2214	0.0683363	0.699543	0.318437	0.359443	-0.0445881	0.0636602	0.170816	0.00647533	0.047221	-0.0922042	0.19869	0.238857	0.0231883	0.135794	0.168193	-0.214488
-5.15361	-0.0869897	0.707933	0.35957	0.362516	-0.0364393	0.0807007	0.24127	0.0484959	0.1322	0.0447799	0.0100678	-0.0182029	0.0805934	0.241799	0.219077	-0.159096
-5.14177	-0.226201	0.571694	0.320988	0.277468	-0.00659438	-0.0581662	0.213041	0.122291	0.0309677	0.0508208	0.154872	0.0144212	0.0598674	0.270559	0.260305	-0.0537753
-5.01382	-0.123971	0.470738	0.127978	0.148032	-0.0291599	-0.105056	0.214277	0.106018	-0.0576357	0.0159982	0.271126	0.120241	0.00628034	0.231861	0.216002	-0.110219
-4.9868	-0.0135934	0.255513	0.101468	0.151387	0.011244	-0.127259	0.158994	-0.101787	-0.0779388	-0.0861989	0.188792	0.167379	-0.00158531	0.137598	0.156697	-0.0916398
-5.13339	0.197032	0.229108	0.278092	0.131021	-0.0322888	-0.0600872	0.190522	-0.261616	-0.02744	-0.123704	0.162123	0.261308	0.0517564	0.156546	0.262881	-0.178547
-5.26414	0.269794	0.315821	0.42117	0.161309	-0.0448038	-0.0184079	0.174671	-0.0130077	0.123568	-0.151095	0.136781	0.135988	-0.000683217	0.147655	0.302611	-0.14616
-5.4936	0.18304	0.314484	0.381472	0.194302	0.119936	-0.0681634	0.220876	0.00397321	0.126403	-0.126008	0.0846183	-0.001223	-0.122702	0.0445431	0.117781	-0.130835
-5.76448	0.292923	0.234447	0.427821	0.120754	0.245331	-0.0890753	0.186357	-0.10811	0.188038	-0.104278	0.0924292	0.0724841	-0.14657	0.0663271	0.145354	-0.165728
-6.06953	0.649808	0.331222	0.425375	0.0346844	0.185963	-0.148464	0.154246	-0.12037	0.292787	-0.158299	0.0303336	0.096878	-0.0445693	0.167979	0.330472	-0.136382
-6.63356	1.25909	0.35992	0.587483	0.150182	0.12259	-0.340557	0.158738	-0.0310771	0.179685	-0.0623369	-0.110369	-0.0571451	-0.00906553	0.182581	0.371653	-0.133289
-7.12634	1.75612	0.257987	0.611914	0.332002	0.0857711	-0.38618	0.238784	0.00940501	-0.146085	-0.0954269	-0.260406	-0.0426841	-0.0788922	0.0710818	0.241856	-0.180476
-7.26193	1.69088	0.217498	0.788689	0.327696	0.0332484	-0.123717	0.365736	-0.104648	-0.191155	-0.20379	-0.24876	-0.0783368	-0.202417	-0.0214324	0.198967	-0.298981
-7.31044	1.63755	0.21202	0.683063	0.381266	0.107641	-0.129331	0.243325	-0.190448	-0.277961	-0.278115	-0.297205	0.0469209	-0.206764	-0.000361249	0.144222	-0.368552
-7.34204	1.65055	0.476077	0.709279	0.427072	0.148972	-0.131084	0.191714	-0.0820526	-0.111758	-0.095635	-0.183619	0.143015	-0.101596	-0.091894	0.187584	-0.241378
-7.62139	1.93915	0.198604	0.928899	0.619221	0.209712	-0.23504	0.42469	-0.120851	0.0163287	-0.0739587	-0.30379	0.352443	-0.218897	-0.0827431	0.259655	-0.460036
-7.55856	2.34433	0.902616	1.26288	1.10925	0.0290059	-0.0853314	0.469884	-0.416032	-0.102844	-0.0258605	-0.3165	0.308612	-0.130322	-0.0821613	0.217041	-0.453114
-7.17085	2.67236	1.12349	1.42614	1.13255	0.466925	0.034136	0.406924	-0.421852	-0.0252913	-0.402378	-0.300534	0.205809	-0.11041	0.173644	0.390541	-0.485509
-7.0293	2.87212	1.60096	1.7517	0.793336	0.39737	0.0558821	0.526177	-0.195331	-0.129267	0.0700948	-0.0525269	0.122221	0.0696607	0.0846737	0.167849	-0.676415
-6.61819	3.15303	1.16383	1.29427	0.888028	0.364432	-0.141237	0.452206	-0.144558	0.256902	0.198801	-0.248344	-0.0551868	-0.438624	0.172288	0.177796	-0.385681
-6.70515	2.83267	1.05057	1.63907	0.983106	0.554271	-0.287098	0.476635	-0.116732	0.152086	0.546473	-0.113938	-0.185353	-0.336209	0.205054	0.165466	-0.624277
-6.61499	2.86171	1.20473	1.32901	1.00385	0.397249	-0.0960851	0.524099	-0.152629	-0.0063355	0.512843	-0.214608	-0.0201503	-0.154699	-0.0205969	0.0287733	-0.401253
-6.53788	2.56361	1.20783	1.60157	1.14494	0.230012	0.115106	0.488986	-0.0826676	0.10509	0.45262	-0.154839	0.106265	-0.0557947	0.0277833	0.0692569	-0.658812
-6.62186	3.04525	1.68483	1.88491	1.03823	0.366908	0.170813	0.81874	-0.32411	0.0147538	0.644431	0.173082	0.220323	-0.0234735	0.456492	0.0919817	-0.401017
-6.55174	2.99225	1.12109	1.27048	1.17476	0.178911	-0.0291055	0.386183	-0.276732	-0.177272	0.375979	-0.167269	-0.00528993	-0.0835364	0.0675711	-0.0176952	-0.450298
-6.62913	2.85306	1.51311	1.95944	1.30883	0.60607	-0.249064	0.232204	-0.250635	-0.111683	0.487513	-0.0245366	0.559582	0.123538	0.251782	-0.0472292	-0.519039
-6.38026	3.06867	1.58717	1.55491	1.00833	0.36762	-0.0377858	0.473566	-0.196708	0.182148	0.354446	-0.20419	0.218712	0.161283	0.278751	0.0145811	-0.334444
-6.44256	3.16221	1.4807	1.32612	0.709962	0.214715	-0.0341834	0.338734	-0.504286	0.0197318	0.249178	-0.420368	0.35278	-0.122283	0.12588	0.0284181	-0.370551
-6.47684	3.25772	1.52189	1.31054	0.684687	0.100516	-0.0329607	0.226044	-0.17576	-0.0486781	0.195755	-0.328667	0.199722	-0.104605	0.00724044	0.155868	-0.329569
-6.19621	3.31702	1.45223	1.27779	0.86266	0.319158	0.0950094	0.179396	-0.0147021	-0.0916233	0.35593	-0.149426	0.0994868	-0.0205883	0.221752	0.227678	-0.279524
-6.51945	3.30821	1.76592	1.26411	0.897256	-0.0423597	-0.236318	0.370969	-0.149321	0.0928403	0.0512883	-0.384879	0.219978	0.0248677	0.352932	0.070115	-0.471865
-6.32685	3.23006	1.37288	1.36327	0.762982	-0.004935	-0.12092	0.29639	-0.334452	-0.22057	0.283232	-0.338186	0.291899	-0.0731013	-0.134632	0.026001	-0.143878
-6.37922	3.46243	1.53249	1.42906	0.705422	0.0251838	0.168938	0.355452	-0.275421	-0.0678297	0.220838	-0.160714	0.30855	0.0555736	-0.0750014	0.0483208	-0.0256322
-6.49548	3.41997	1.67621	1.59246	0.833822	0.0436535	-0.131772	0.334901	-0.147452	0.141676	0.391544	-0.411391	0.260053	0.0976112	0.100885	0.0489549	-0.0774595
-6.23086	3.48502	1.50623	1.72948	0.4187	0.393522	0.200204	0.332477	-0.158172	0.132514	0.385037	-0.138077	0.218837	0.136914	0.264509	-0.060989	-0.00522232
-5.02555	2.60845	0.909179	1.33706	-0.015324	0.191597	0.415604	-0.0310564	-0.147619	-0.205512	0.308827	-0.14195	-0.429846	0.0297607	0.340854	-0.0866215	-0.234727
-5.01355	2.30996	0.943378	1.85195	0.141741	0.292488	0.342255	0.0780055	-0.120256	-0.128564	-0.0256654	-0.0687382	0.0546515	-0.00523571	0.0905402	0.0487251	0.11301
-5.00181	2.70874	0.976436	1.85335	-0.0253411	0.237898	0.521679	0.0536872	-0.172231	-0.0227354	0.210663	-0.231738	-0.0880682	0.141215	0.250304	0.0470889	0.0898157
-4.95011	2.63357	0.78726	1.89338	-0.153351	0.381921	0.585043	-0.186065	-0.130199	-0.30243	0.360541	-0.527801	-0.0186407	0.0898986	0.361395	0.0756343	-0.0598958
-4.78309	2.5387	0.669788	1.76361	0.161261	0.405213	0.390255	-0.0318504	-0.0803183	-0.388919	0.124166	-0.361897	-0.0524374	0.180957	0.352908	0.0327473	0.0261326
-4.74441	2.53218	0.525459	1.92409	0.223143	0.482997	0.461276	0.00699189	-0.165773	-0.394621	-0.0235538	-0.488289	0.129117	0.140364	0.39958	0.0769471	0.106638
-4.7052	2.63622	0.31283	1.8243	0.392053	0.266005	0.557894	-0.0906165	-0.139023	-0.438356	-0.155072	-0.312698	0.011441	0.213337	0.394705	0.0942127	-0.0241592
-4.53637	2.69417	0.289531	1.79937	0.653374	0.149964	0.582677	0.0585559	-0.0711114	-0.449066	0.00919442	-0.434669	0.23657	0.127333	0.366821	0.117963	0.133636
-4.427	2.58326	0.211197	1.80128	0.551908	0.131439	0.549109	-0.070828	0.0758219	-0.625929	0.071751	-0.43573	0.186483	0.187096	0.307409	0.116254	0.00743332
-4.39725	2.57631	0.087019	1.759	0.550037	0.127901	0.513885	-0.114112	0.0518315	-0.588674	-0.0813453	-0.363319	0.192705	0.14279	0.286167	0.17864	-0.100133
-4.45644	2.74086	-0.0168397	1.77194	0.527508	0.113144	0.5043	-0.117973	0.0672711	-0.584332	-0.0831208	-0.363478	0.187593	0.149805	0.235556	0.223085	-0.102303
-4.41833	2.61824	0.120265	1.58607	0.613078	-0.0823172	0.565137	-0.14784	0.0398636	-0.57872	-0.0763899	-0.360079	0.278979	0.0424	0.261179	0.194903	-0.199209
-4.45586	2.68144	0.182293	1.595	0.511385	0.0122103	0.518177	-0.139338	0.133347	-0.607925	-0.0157401	-0.349295	0.259686	0.0935377	0.201557	0.16122	-0.113231
-4.43879	2.67697	0.202736	1.44971	0.54876	-0.0863741	0.490727	-0.174454	0.193181	-0.600898	-0.0239788	-0.316993	0.316557	0.0391735	0.0586193	0.230602	-0.201191
-4.41575	2.53925	0.436715	1.24013	0.68824	-0.208779	0.458449	-0.040941	0.0285176	-0.266083	-0.173169	-0.185264	0.262634	-0.00775358	0.0471379	0.198359	-0.161412
-4.51859	2.48805	0.658574	1.16996	0.479063	0.0690375	0.192589	-0.0458586	0.24036	-0.272314	-0.128154	-0.162824	0.210488	-0.00437594	-0.0964798	0.175319	-0.00250825
-4.79697	2.38546	0.94233	1.23114	0.355085	0.145032	0.141217	0.228715	0.0785411	-0.177998	0.0573332	0.00490533	0.00785685	0.0740316	0.0168566	0.16686	-0.179445
-4.78349	1.71224	0.969623	1.21777	0.748199	-0.150313	-0.0507895	0.302667	0.261506	-0.171756	-0.0734755	0.178469	-0.0857155	-0.0224647	-0.020611	-0.0799198	0.02599
-4.98526	1.05272	1.0047	1.25611	0.734736	0.278641	0.251498	0.115854	0.257949	-0.106048	-0.0218294	0.111906	0.153577	0.0772656	-0.310646	-0.0423287	-0.110889
-5.19916	0.430368	1.21752	1.15899	0.668063	0.348437	0.356716	0.513394	0.254572	-0.226384	0.0271253	0.228394	-0.183361	-0.226257	-0.222896	0.108517	-0.161113
-5.24832	0.563133	1.45546	1.00492	0.816384	0.234171	0.478465	0.375126	0.13076	0.0573737	-0.102404	0.215606	0.197508	0.195803	0.0377308	0.273803	-0.127202
-5.56916	-0.110927	1.11118	0.848562	0.644896	0.451338	0.761896	0.592071	0.508084	0.278215	0.150191	0.493878	0.0705923	-0.338393	0.0512736	0.165739	-0.712716
-5.26879	-0.129914	0.684141	0.452573	0.656393	0.185856	0.349873	0.423213	-0.159684	-0.300779	-0.249746	0.234598	0.0607647	-0.344086	-0.113377	0.188551	-0.228105
-5.3062	-0.442632	0.605472	0.193722	0.367072	0.0270908	0.290683	0.353502	-0.183949	-0.341078	-0.29254	0.182451	-0.0406299	-0.252665	-0.167675	0.0337719	-0.318721
-5.19397	-0.501529	0.509812	0.13326	0.352764	0.0903784	0.348569	0.204516	-0.0987251	-0.130806	-0.0807951	0.0863469	-0.196855	-0.121714	-0.0278269	0.0729377	-0.314238
-5.27779	-0.572544	0.418241	0.0794628	0.258406	0.0968057	0.338441	0.0651532	-0.0858224	-0.0689198	0.0135166	0.0720406	-0.255147	-0.101887	-0.0975803	0.0457107	-0.240571
-5.27611	-0.55465	0.372078	0.121675	0.225648	-0.0113492	0.378907	0.209231	-0.00230024	-0.14104	-0.0138448	0.209683	-0.205243	-0.189258	0.0785792	0.103446	-0.254794
-5.31169	-0.485083	0.31603	-0.122928	0.285593	0.0729787	0.422839	0.3017	0.0201442	-0.10679	-0.0359495	0.331606	-0.0924712	-0.149336	0.181291	0.137576	-0.176289
-5.38389	-0.606131	0.243833	-0.111809	0.381576	0.0907789	0.422585	0.284917	-0.0930928	-0.0797264	0.0786291	0.286751	-0.166855	-0.126659	0.0299241	0.155896	-0.132209
-5.3446	-0.672748	0.305494	-0.108104	0.241234	0.0277926	0.536594	0.37693	-0.08469	-0.00241407	0.103129	0.198679	-0.131587	-0.0413138	0.0667473	0.141067	-0.221481
-5.31964	-0.757707	0.320659	-0.228761	0.0976663	-0.0277205	0.374688	0.327519	-0.131475	0.0864663	0.112264	0.256709	0.0664243	0.140183	0.14492	0.157035	-0.422306
-5.23036	-0.686398	0.372407	-0.170795	0.0743147	-0.124126	0.341046	0.362722	0.0735036	0.0886999	0.104975	0.36183	0.031341	0.202437	0.160712	0.223238	-0.416974
-5.24425	-0.670554	0.317901	-0.325277	0.0790873	-0.229161	0.343862	0.412943	0.0924274	0.144464	0.0354315	0.393581	0.0234404	0.0970148	0.031225	0.149223	-0.382129
-5.31298	-0.685023	0.343475	-0.376135	0.0592067	-0.017802	0.200943	0.400181	0.0469384	0.191322	0.0606946	0.393447	-0.0199446	0.129524	0.0544888	0.254689	-0.185693
-5.25191	-0.42789	0.50087	-0.100157	0.172855	0.264488	0.288433	0.41204	-0.0225665	0.0761377	-0.0712336	0.358535	-0.0315142	0.103322	-0.0692041	0.13894	-0.0302717
-5.32477	-0.00835368	0.544417	0.330742	0.161497	0.285282	0.205527	0.287793	-0.0380816	0.116288	-0.101676	0.268182	0.0582454	0.0736294	0.047816	0.0760138	0.0321204
-5.81597	0.400762	0.424448	0.628423	0.0683441	0.180873	0.154365	0.339071	-0.00927501	0.0405804	-0.0431615	0.26688	0.014475	0.00916921	0.0627296	0.109995	0.0669871
-6.95876	0.536003	0.54939	0.823803	0.212735	0.100202	0.0385532	0.385057	0.142317	0.0378553	-0.028927	0.173203	0.0257819	0.113096	0.0780792	0.0313283	0.0781305
-8.2191	0.821178	0.918667	0.576997	0.453961	0.295486	0.138521	0.359503	0.161106	0.0344521	-0.0316432	0.281789	-0.0731354	0.0297868	0.03438	0.0709091	0.0568997
-8.7055	1.11348	0.887446	0.43808	0.459255	0.396843	0.245491	0.370028	0.0954407	0.196285	-0.0802306	0.168492	-0.11574	0.0316458	0.0319306	0.202263	0.0695844
-8.84443	1.24943	0.821836	0.423898	0.444339	0.325356	0.211013	0.237218	0.084311	0.161101	-0.0663714	0.126483	-0.0312615	0.0546757	-0.013462	0.127379	0.0741254
-9.21319	1.30251	0.881647	0.564768	0.377299	0.235183	0.0953961	0.158059	0.0181605	0.150705	0.0697787	0.196098	0.067717	0.0338834	-0.00593008	0.154914	0.00290359
-9.41162	1.24398	0.810786	0.614949	0.372478	0.339468	0.216676	0.244492	0.169347	0.182285	0.194329	0.22059	0.0930818	-0.0382857	0.051593	0.0588775	-0.0409819
-9.32481	1.29906	0.745847	0.598877	0.338987	0.320088	0.248409	0.280344	0.136428	0.154947	0.212539	0.103928	0.0679163	0.0752109	0.187966	0.180053	0.114619
-7.97682	1.41046	0.259396	0.30459	0.146634	0.0469446	0.0774397	0.0613133	0.0425008	0.102107	0.122466	0.0960224	0.0818334	0.131843	0.115503	0.0550148	0.0505576
-6.77084	1.98868	0.365918	0.521042	0.289919	0.198038	-0.101908	0.113476	-0.0397118	-0.0246944	0.107705	0.0989983	0.108708	0.131248	0.102308	0.32041	0.00186875
-5.93297	1.81931	0.397607	0.797967	0.252942	0.0258407	-0.10536	0.178975	-0.0643178	-0.0383437	-0.0350621	-0.0615429	0.157447	0.0788759	0.214513	0.595666	0.163153
-5.69146	1.77011	0.439188	1.02441	0.149611	-0.107301	-0.238095	0.305134	-0.0413776	0.0212757	-0.0336464	0.00449831	0.190688	0.178339	0.257853	0.664036	0.149415
-5.60527	1.553	0.3168	1.12412	0.183366	0.00459434	-0.249338	0.303365	-0.157558	0.0499241	-0.0835662	0.0899945	0.146075	0.240011	0.364682	0.437761	0.0451135
-5.41167	1.2784	0.135962	0.910699	0.0974916	-0.077624	-0.166091	0.342022	-0.338716	0.0791245	0.0514718	0.0689581	0.113428	0.290332	0.252107	0.30589	0.0226755
-5.66471	0.658652	0.270164	0.949295	-0.0343338	0.0193023	-0.218434	0.18972	-0.625633	0.051377	0.109156	0.181356	-0.0202305	0.0882687	-0.0300651	-0.0494355	-0.435702
-5.26919	1.32788	0.392851	1.25425	0.0104423	-0.126355	-0.0713123	0.260738	-0.522309	0.428584	0.0503486	-0.0720885	-0.0725731	-0.135993	0.052077	0.0721428	-0.145306
-4.97489	1.84703	0.71322	1.55671	-0.119349	0.238002	0.115224	0.339495	-0.543006	0.215542	-0.0338686	-0.0673906	-0.219468	0.147105	-0.000778723	0.164725	-0.06821
-4.91124	1.7663	1.14871	1.99982	0.22524	0.0589363	0.291261	0.3463	-0.412061	0.230163	-0.14339	-0.0748572	-0.0615827	0.493876	-0.0260633	0.138639	-0.10918
-4.7991	1.46655	1.28115	1.78194	0.168522	0.232385	0.213983	-0.17401	-0.947357	0.476925	0.00571453	0.0761477	-0.187757	0.45745	-0.111107	0.0500378	-0.192556
-4.62316	1.96343	1.34206	1.72979	-0.0572375	0.217025	0.256078	0.377425	-0.549371	0.254319	-0.0246598	0.145758	-0.135229	0.512902	-0.0411743	0.410521	0.0323897
-4.64573	1.95115	0.934124	1.15516	-0.229479	0.267504	-0.150571	-0.129781	-0.442602	0.0194118	-0.403096	0.0951873	-0.212133	0.268018	-0.0849708	0.0707376	-0.146818
-4.66123	1.96169	0.72637	1.16374	-0.193272	0.0197852	-0.152823	0.0567576	-0.725145	-0.00411659	-0.363501	-0.0797839	-0.375459	0.327882	-0.310813	0.164843	-0.227817
-4.56035	2.08169	0.806902	1.03917	-0.0163702	0.145084	-0.114415	0.0795856	-0.613401	0.0915457	-0.284241	-0.0211423	-0.208052	0.308127	-0.211091	0.204291	-0.115173
-4.43962	2.07875	0.686233	1.21156	-0.0249946	0.157196	0.00860516	0.0558481	-0.577029	0.220574	-0.285852	0.046538	-0.0546091	0.162368	-0.0128648	0.132222	0.0207787
-4.52841	1.89161	0.645636	1.11365	-0.10744	0.0523432	-0.0282858	-0.0221014	-0.616118	0.0617092	-0.393164	-0.0321233	-0.21616	0.0757558	-0.133267	0.0864853	-0.100814
-4.53723	1.95209	0.494873	1.32687	-0.194905	0.0920599	-0.086854	0.0963758	-0.687033	0.0545204	-0.338181	0.0348022	-0.355632	0.31773	-0.215046	0.105635	-0.0429012
-4.48889	1.83372	0.456416	1.32421	-0.105194	-0.0105416	0.00625015	0.096465	-0.635901	-0.0136077	-0.296985	-0.0574829	-0.359065	0.22503	-0.182112	0.0523593	0.0509739
-4.62798	1.98817	0.512449	1.28397	-0.0231176	-0.10187	0.0833962	0.0629668	-0.739737	0.0880816	-0.283835	-0.0170303	-0.342519	0.360013	-0.154239	0.0094604	-0.0102458
-4.62073	1.90696	0.522457	1.39399	0.0122639	-0.0663814	0.0758471	0.0708902	-0.595617	0.0753246	-0.233265	-0.174259	-0.117965	0.213294	-0.169536	0.0287099	0.146512
-4.74027	1.93505	0.454907	1.26202	0.0604157	-0.130765	-0.228092	0.230853	-0.635884	-0.0915389	-0.296655	-0.106679	-0.356774	0.273917	-0.27119	-0.0993701	0.00651059
-4.90782	2.26507	0.3616	1.39752	0.257596	-0.068398	-0.284237	0.301151	-0.57108	-0.0767867	-0.174903	0.023444	-0.287193	0.277233	-0.161333	0.149938	-0.0701691
-5.56773	2.66728	0.459204	1.12237	0.198481	0.450098	-0.244897	-0.144859	-0.496051	0.0137014	-0.0225254	-0.0733071	-0.151338	0.55048	-0.164292	-0.149967	0.15222
-5.73393	2.21568	0.579174	0.833734	0.451821	0.106205	-0.0272922	-0.124	-0.281296	-0.249764	0.0549734	-0.0846751	-0.0759415	0.195689	-0.109659	-0.00643512	0.135005
-6.9054	2.65922	0.817627	0.816373	0.49343	0.442473	0.16943	-0.136806	-0.348868	-0.178412	0.0620029	-0.0736326	-0.0303881	0.19525	-0.241979	-0.0811624	0.194357
-7.72946	2.34932	0.996893	0.881223	0.51341	0.206234	0.117297	-0.103927	-0.300701	-0.0362786	0.0906367	-0.0360609	-0.065647	0.0355073	-0.0586111	0.0408287	0.169982
-7.80251	1.92966	0.876171	0.721586	0.407393	0.231103	0.11871	-0.00327293	-0.0981102	-0.107916	-0.107539	-0.0910268	-0.0510967	-0.00772018	0.0353622	0.13209	0.199531
-7.91393	1.82536	0.731501	0.609071	0.346541	0.188758	0.0777268	-0.0552679	-0.151044	-0.144362	-0.152477	-0.136003	-0.0601368	0.0191822	0.0670885	0.129013	0.194965
-8.9003	1.97123	0.857357	0.922572	0.495705	0.198626	-0.0659738	-0.0991622	-0.206852	-0.119079	-0.177922	-0.0779276	-0.0235032	-0.0328582	0.0615287	0.18049	0.203936
-8.94599	1.8615	0.860961	0.65013	0.424657	0.297939	0.133903	0.0651363	-0.014633	-0.0670492	-0.151037	-0.102389	-0.0188421	-0.0457033	-0.0267231	0.0419025	0.0872226
-9.02134	1.74539	0.886596	0.644038	0.498807	0.371714	0.134836	0.150008	-0.00396957	-0.0499476	-0.153903	-0.196114	-0.0777893	-0.0392539	-0.0821277	0.0094875	0.0520967
-9.3004	1.54845	0.934534	0.767568	0.532021	0.4506	0.150334	0.135442	-0.103022	-0.142574	-0.132921	-0.154243	-0.136239	-0.0312361	0.036774	-0.012189	0.00384107
-9.3965	1.37783	0.71437	0.661356	0.394231	0.382569	0.227687	0.123581	0.0552287	0.0850877	-0.0765864	-0.12111	-0.0469786	0.0520626	0.0609965	-0.0928137	-0.0187895
-9.24943	1.47939	0.678768	0.609394	0.389875	0.347067	0.201574	0.114631	0.0801126	0.122989	-0.0685926	-0.0298083	0.0459049	0.00471729	0.0697784	0.0295071	0.0806087
-9.06123	1.51531	0.611899	0.532842	0.389165	0.32119	0.224287	0.261597	0.220468	0.12404	0.040362	0.0804989	0.0995611	0.0646422	0.0661587	0.0637381	0.0752427
-9.0521	1.5016	0.573423	0.526464	0.415555	0.420147	0.311449	0.272534	0.226094	0.159823	0.0982965	0.0891389	0.0965393	-0.0117563	0.0754217	0.131345	0.154234
-9.06736	1.54016	0.592049	0.505045	0.411169	0.415611	0.216008	0.261707	0.188259	0.176991	0.114233	0.155981	0.106544	-0.0245662	0.0962214	0.246694	0.202522
-9.14472	1.41776	0.583881	0.448067	0.389237	0.358649	0.184835	0.228595	0.129928	0.134296	0.131463	0.19348	0.145768	0.0483668	0.101529	0.263918	0.174188
-9.08331	1.48111	0.569277	0.486609	0.389673	0.291267	0.214988	0.245917	0.200613	0.194627	0.13559	0.212241	0.171436	0.132226	0.133291	0.191059	0.0995227
-9.08171	1.42654	0.58621	0.48984	0.416009	0.333786	0.1877	0.27704	0.209187	0.189082	0.123095	0.189568	0.208845	0.0946523	0.191872	0.169145	0.104884
-9.06039	1.46432	0.543752	0.444365	0.359695	0.300735	0.25912	0.267797	0.174762	0.15314	0.162173	0.190172	0.157003	0.11028	0.145351	0.0746373	0.0839903
-6.88209	2.22293	-0.243451	0.817033	0.274011	0.155264	-0.132907	-0.40076	0.0704672	0.233055	0.219738	0.0995093	0.0739372	-0.0432518	-0.0514281	0.189775	0.0108963
-5.28408	1.98005	-0.0936284	0.625595	0.286439	0.0797517	-0.19849	-0.468379	-0.0027608	0.224313	0.140503	0.0692568	0.0177945	-0.112972	-0.0718014	0.143652	0.0162171
-4.93085	2.38781	-0.384465	0.793361	0.0308905	0.225802	-0.176968	-0.399437	0.0747127	0.151763	0.122215	0.0229632	0.069097	-0.0174847	-0.00302371	0.201911	-0.0587428
-4.68968	2.71403	-0.391664	0.606015	-0.0395325	0.245286	-0.329042	-0.162023	-0.0955727	0.114189	-0.0161623	0.0132322	-0.114094	-0.0718121	0.106921	0.179771	-0.194664
-4.52882	3.15245	-0.183921	0.300015	0.273143	0.0603257	-0.469908	0.22093	-0.187744	0.113254	0.0732948	0.179331	-0.164954	-0.0938049	0.270682	0.157406	-0.160532
-4.43099	3.16344	-0.333857	0.183836	0.452316	0.14858	-0.49843	0.0299259	-0.158954	9.11662e-05	-0.13878	0.0729323	-0.0583107	-0.0246714	0.280368	0.0213486	-0.168159
-4.39665	3.13127	-0.456047	0.266228	0.30341	0.095249	-0.64358	0.062567	-0.0477534	-0.126822	0.0061266	0.0845031	-0.117764	0.0669739	0.0711072	-0.110369	-0.145174
-4.37407	2.84837	-0.169789	0.0363757	0.298155	0.310843	-0.836759	0.0366154	-0.0810486	-0.0216874	-0.221901	0.178301	-0.120438	-0.146583	0.189727	-0.0930622	-0.287247
-4.14551	2.66759	-0.521792	0.342892	0.20024	0.138094	-0.893639	0.201656	-0.205619	-0.0320245	-0.281067	0.131974	-0.0695165	-0.037545	0.113918	-0.16396	-0.249119
-4.03197	2.53154	-0.408692	0.370808	0.233908	0.123346	-0.777239	0.240914	-0.191589	-0.0618896	-0.18038	0.150921	-0.0595695	-0.108559	0.137233	-0.0784402	-0.1812
-4.0188	2.47567	-0.431969	0.332637	0.241286	0.113843	-0.824424	0.233829	-0.162189	-0.0586557	-0.264341	0.159372	-0.0606876	-0.144837	0.0572226	0.00393921	-0.315975
-3.99209	2.4997	-0.479841	0.455546	0.218174	0.153105	-0.80619	0.311936	-0.191517	-0.00778491	-0.269334	0.192416	-0.0145535	-0.104624	0.123472	-2.43393e-05	-0.196413
-3.99839	2.47125	-0.475205	0.449138	0.248105	0.0258791	-0.773978	0.28955	-0.171258	-0.0705943	-0.24442	0.184242	-0.0913949	-0.0939086	0.0740357	-0.0171159	-0.226043
-4.01954	2.47115	-0.355922	0.336085	0.389951	0.045191	-0.729253	0.295134	-0.188133	-0.0189287	-0.239911	0.171251	-0.00563491	-0.0997204	0.0972564	0.0798119	-0.180377
-4.11496	2.54282	-0.448622	0.425506	0.246411	-0.120727	-0.705696	0.31414	-0.260852	-0.204649	-0.0592954	0.143652	-0.130884	-0.0935023	0.00797263	0.0447955	-0.323035
-3.90795	2.35724	-0.566067	0.579118	0.189686	0.0818471	-0.821214	0.307727	-0.230755	-0.101355	-0.227242	0.216012	-0.0505728	-0.1236	0.0585828	0.016126	-0.280414
-3.81209	2.24052	-0.453677	0.561721	0.257103	0.0805032	-0.74679	0.31528	-0.168358	-0.112776	-0.207431	0.268395	-0.0576209	-0.0631799	0.121818	0.067016	-0.188729
-3.82396	2.18675	-0.422729	0.569719	0.293458	-0.0254371	-0.66009	0.295375	-0.174334	-0.165822	-0.192842	0.287326	-0.10259	-0.0577416	0.173092	0.037431	-0.190561
-3.84346	2.21926	-0.432644	0.611194	0.2637	-0.0259211	-0.651451	0.291162	-0.144542	-0.220949	-0.121174	0.266106	-0.124984	-0.0254362	0.157284	0.0513367	-0.156814
-3.87397	2.19093	-0.428451	0.612897	0.269903	-0.0981237	-0.638748	0.280974	-0.177547	-0.219909	-0.13645	0.25892	-0.12445	-0.055777	0.137419	0.0542531	-0.200841
-3.99947	2.34101	-0.460747	0.753083	0.260143	-0.0719712	-0.606428	0.299778	-0.169123	-0.188848	-0.0984689	0.298091	-0.101182	-0.0638495	0.211972	0.0200296	-0.0771148
-3.95887	2.25949	-0.408658	0.764747	0.21817	-0.0729973	-0.552301	0.275894	-0.151555	-0.206168	-0.0983732	0.293025	-0.0967785	-0.0279758	0.2049	0.0555389	-0.0713476
-4.00597	2.28562	-0.434189	0.822647	0.233182	-0.136676	-0.483331	0.241699	-0.172443	-0.203281	-0.0865414	0.320185	-0.160329	0.011429	0.183496	0.0573547	-0.0931028
-4.09724	2.30412	-0.383547	0.81511	0.246246	-0.165027	-0.431513	0.187698	-0.143088	-0.22353	-0.126303	0.33003	-0.174526	0.0248403	0.173815	0.0846765	-0.114376
-4.46806	2.57153	-0.379583	0.804375	0.161877	-0.324275	-0.367993	0.179378	-0.298132	-0.243317	-0.110509	0.39351	-0.358454	0.0367604	0.116533	0.0655108	-0.306963
-4.65227	2.38742	-0.105877	1.10822	0.370324	-0.233621	-0.389611	0.23033	-0.244785	-0.202229	-0.0655529	0.166022	-0.08944	0.0832654	0.236893	-0.0127505	-0.130414
-4.41452	2.33451	-0.371663	1.01203	0.111202	-0.332945	-0.381656	0.137178	-0.246185	-0.127159	-0.211026	0.323844	-0.226153	0.00212953	0.0885498	0.0168741	-0.185586
-4.54732	2.3425	-0.132894	0.957747	0.352962	-0.298725	-0.25034	0.163256	-0.305879	-0.187146	-0.183978	0.327882	-0.188867	0.0561293	0.159465	-0.0798994	-0.151821
-4.30116	2.11675	-0.245857	1.00713	0.17783	-0.301045	-0.221874	0.108031	-0.19624	-0.0540727	-0.206553	0.24817	-0.222952	-0.0136741	-0.018707	0.0962756	-0.090889
-4.67161	2.40672	-0.136897	1.09877	0.234299	-0.191013	-0.132047	0.0910402	-0.29713	0.0174241	-0.368446	0.403087	-0.0646305	0.0391647	0.00388175	0.128683	-0.0796882
-4.62021	2.12686	-0.0985285	1.19786	0.154333	-0.329848	0.0470108	0.00169189	-0.235022	0.0966263	-0.299683	0.195772	-0.232579	0.0697629	-0.0883439	0.0828726	-0.0389816
-4.88374	2.20724	0.0366257	1.02721	0.258847	-0.158932	0.0852822	-0.0582985	-0.223668	-0.164762	-0.223096	0.161516	-0.12921	0.0436469	0.0460386	0.138078	-0.223868
-5.11666	2.35744	0.179527	1.12861	0.270725	0.0931333	0.0410722	0.13905	-0.246701	0.0649673	-0.296749	0.27763	-0.0492424	0.0180332	0.177951	0.174871	0.0538115
-5.17002	2.22423	0.407114	1.25855	0.29871	0.0502844	0.201526	0.124386	-0.15961	0.207504	-0.167193	0.238432	0.0611443	0.227708	-0.0209212	0.330227	0.0113262
-5.36374	2.18169	0.643463	1.45384	0.375146	0.224665	0.269287	0.304556	-0.0373289	0.144439	-0.07093	0.563982	0.00425883	0.399503	0.0196667	0.432426	0.0810875
-5.53329	1.73486	0.534584	1.73425	0.321032	0.428179	0.465041	0.483429	0.177253	0.297351	-0.0480885	0.456234	-0.0189643	0.363463	0.0632882	0.199607	0.0392928
-5.75749	0.990942	0.762197	1.19756	0.185825	0.429161	0.513103	0.166711	0.10053	0.237644	-0.181482	0.250032	0.0189834	-0.0559835	-0.179503	-0.0433408	-0.31994
-5.72642	0.366338	0.816392	1.42709	0.253478	0.343403	0.416563	0.412052	0.430194	0.342036	0.100623	0.0767419	0.0101493	-0.122786	-0.271122	0.0283829	-0.0215387
-6.11944	0.434666	0.97596	1.22546	0.675519	0.409636	0.403481	0.218583	0.399297	0.149429	-0.0558906	0.331815	0.315961	0.0695278	0.122797	0.215333	0.0520489
-6.08127	-0.302241	0.961593	0.587633	0.382231	0.155035	0.312747	0.449565	0.0721866	-0.0709091	-0.150748	0.185792	-0.106475	-0.19513	-0.253905	0.0773322	-0.0497915
-6.06978	-0.477054	0.945385	0.157801	0.360913	0.0576563	0.252223	0.368716	0.123966	-0.103361	-0.124041	0.212423	-0.114784	-0.0662864	-0.151356	0.021012	-0.115889
-6.10888	-0.50415	0.940045	0.00896161	0.277681	-0.0433665	0.234456	0.328535	0.102773	-0.0392372	-0.0745277	0.127099	-0.0126372	0.106324	0.0260314	0.114295	-0.0862757
-6.25982	-0.526647	0.961846	0.0237466	0.36335	-0.00762125	0.238788	0.376495	0.182244	-0.0341677	-0.141403	0.125682	-0.0855112	0.092525	0.111237	0.211573	-0.0495349
-6.2997	-0.64228	0.794079	-0.223018	0.428469	0.0444805	0.265582	0.34646	0.214397	-0.0516544	-0.211629	0.0875674	-0.0909255	0.039962	-0.0269209	0.207618	0.113474
-6.34198	-0.610518	0.720097	-0.0779016	0.517436	0.114286	0.262505	0.297999	0.260844	0.0483046	0.00787073	0.158649	0.0793523	0.0234005	-0.073253	0.147031	0.0886367
-6.36245	-0.708112	0.647147	0.109772	0.507725	0.113057	0.177082	0.234533	0.240343	0.12224	0.012335	0.374262	0.171164	0.026552	0.100848	0.184659	-0.0209917
-6.41036	-0.617862	0.564566	0.0248191	0.53834	0.0546374	0.264243	0.203312	0.286015	0.12754	-0.042694	0.393209	0.126247	-0.00976849	0.166068	0.224911	-0.21494
-6.50111	-0.574996	0.552617	0.0812741	0.692868	-0.0572653	0.452938	0.0849821	0.15049	0.127092	-0.0357067	0.474058	0.197131	0.0640567	0.172464	0.344429	-0.193116
-6.55295	-0.552517	0.620067	-0.0160757	0.751774	-0.0274251	0.458079	0.121099	0.0651512	0.0798058	0.115304	0.415855	0.249566	0.072775	0.0836121	0.521166	0.0278973
-6.66902	-0.449055	0.721986	-0.0969996	0.556011	-0.0346764	0.477082	0.331813	0.100125	-0.0456464	0.0806749	0.333241	0.326413	0.014162	-0.0730322	0.512548	0.0649329
-6.86506	-0.529472	0.617764	-0.0466854	0.349946	-0.0613717	0.33974	0.255035	0.160629	0.167345	0.0374185	0.230506	0.348952	-0.0685983	-0.118154	0.400186	-0.00560209
-6.96298	-0.439169	0.365054	-0.00237475	0.277564	0.0569937	0.268167	0.361333	0.163193	0.24604	-0.0417022	0.0187323	0.237914	-0.014981	0.0305793	0.328445	-0.0265803
-7.21268	-0.222674	0.28474	0.0909757	0.247154	0.0526444	0.286606	0.423839	-0.051783	0.160884	0.023004	-0.0247806	0.177411	0.0888228	0.128551	0.326129	0.0497906
-7.55687	0.145258	0.0374423	0.242336	0.28956	-0.174	0.0117002	0.34874	-0.0510082	-0.0237862	0.0120838	-0.0686118	0.201677	0.237696	0.176286	0.212681	-0.0510419
-7.94757	0.662879	-0.0924516	0.299049	0.409045	-0.0970931	-0.093606	0.256512	0.0412107	0.0898534	0.161411	0.209264	0.298599	0.130942	0.165445	0.229726	-0.177327
-8.52227	1.26156	0.00253308	0.15476	0.360087	0.182024	-0.054766	0.156824	0.174458	0.0678765	0.0657549	0.265343	0.407547	6.32198e-06	0.0577267	0.252511	-0.152255
-8.86956	1.66742	0.53677	0.336242	0.288164	0.173102	0.00211388	0.0366694	0.0485751	0.0886194	-0.0216214	0.132663	0.194577	0.100013	0.012334	0.174451	-0.00278149
-8.70332	1.95835	0.883614	0.479694	0.209489	0.0405594	-0.149581	-0.0757442	0.000673302	-0.0206274	0.0859966	0.142634	0.0882585	0.0201569	0.0363814	0.0927328	-0.116829
-8.71574	2.03084	0.915826	0.455694	0.143354	0.0764039	-0.152142	-0.0791905	-0.024479	-0.0504574	0.12059	0.0426717	0.111382	0.0301877	0.0536388	0.059311	-0.196767
-9.02047	1.82999	0.774405	0.469723	0.277556	0.153643	-0.106073	-0.010573	0.00386717	-0.00585706	0.140744	0.0617626	0.172871	0.0954185	0.0167776	0.083695	-0.0247343
-9.35868	1.59266	0.691792	0.524817	0.29485	0.233773	0.109983	0.163551	0.119671	0.133879	0.0936431	0.075363	0.132906	0.130517	0.101439	0.15917	0.175435
-9.57339	1.47743	0.634476	0.426083	0.275008	0.336707	0.225991	0.293558	0.225659	0.214189	0.130956	0.163611	0.15226	0.180147	0.2185	0.223266	0.214627
-9.36052	1.35833	0.518373	0.461752	0.308089	0.239141	0.13532	0.209498	0.17857	0.241762	0.171911	0.246681	0.183641	0.207169	0.253083	0.209635	0.20448
-9.5191	1.25698	0.483858	0.470204	0.419523	0.345591	0.0548835	0.168071	0.215738	0.25853	0.267824	0.457501	0.270517	0.186322	0.184836	0.246244	0.17194
-9.39876	1.29516	0.517622	0.414074	0.402676	0.377997	0.190171	0.276634	0.267295	0.228313	0.156989	0.370165	0.279476	0.189755	0.133856	0.163783	0.11599
-9.3899	1.32299	0.512525	0.354566	0.39111	0.394487	0.253626	0.32367	0.252824	0.27499	0.175021	0.284273	0.183168	0.215458	0.17022	0.176393	0.124328
-9.55891	1.26966	0.594256	0.436872	0.383798	0.417458	0.288723	0.267349	0.19496	0.25014	0.132869	0.353655	0.223185	0.169842	0.204662	0.251827	0.201445
-9.40653	1.31674	0.563723	0.436767	0.377496	0.380472	0.321913	0.291239	0.180675	0.261344	0.176485	0.324666	0.179935	0.18065	0.12608	0.134102	0.189118
-9.60405	1.21247	0.590448	0.466506	0.441273	0.450232	0.35405	0.261606	0.157849	0.21897	0.122466	0.274225	0.145136	0.107468	0.033687	0.115815	0.238546
-9.6376	1.24871	0.644294	0.419725	0.319462	0.303259	0.24933	0.161142	0.214664	0.268956	0.18838	0.20591	0.123428	0.165856	0.179574	0.166327	0.229381
-9.60853	1.24421	0.539112	0.385726	0.319888	0.329859	0.291712	0.255389	0.204963	0.201288	0.131564	0.252334	0.111444	0.199659	0.200501	0.130106	0.131869
-9.69697	1.23355	0.549508	0.435603	0.404279	0.380983	0.310636	0.289685	0.0682312	0.0834433	0.0919852	0.250486	0.0054133	0.195821	0.122771	0.165214	0.121702
-9.62814	1.23642	0.430406	0.345363	0.297482	0.256713	0.224935	0.244161	0.0180164	0.0524903	0.0391427	0.141998	-0.0267407	0.24229	0.251673	0.28437	0.149982
-9.60225	1.20114	0.38789	0.484646	0.402505	0.224477	0.175364	0.221047	0.11457	0.101167	0.113247	0.141355	0.0643861	0.252971	0.203504	0.234241	0.0872623
-9.60823	1.13572	0.404256	0.598644	0.365904	0.200527	0.193971	0.260746	0.206114	0.159763	0.0314657	0.163522	0.190918	0.263955	0.214045	0.226075	0.112449
-9.63775	1.19863	0.565702	0.602892	0.345681	0.302854	0.238989	0.223105	0.175109	0.244583	0.116904	0.300686	0.195275	0.0698842	0.109786	0.179807	0.117934
-9.59355	1.3589	0.707981	0.596987	0.33075	0.249486	0.302922	0.222612	0.114304	0.204641	0.182784	0.304302	0.0943698	-0.110537	0.0291493	0.0584595	0.146043
