5.634890000000000398e+00
5.634890000000000398e+00
5.634890000000000398e+00
5.634890000000000398e+00
5.634890000000000398e+00
5.634890000000000398e+00
5.634890000000000398e+00
5.634890000000000398e+00
5.634890000000000398e+00
5.634890000000000398e+00
5.634890000000000398e+00
5.634890000000000398e+00
5.634890000000000398e+00
5.634890000000000398e+00
5.634890000000000398e+00
5.634890000000000398e+00
5.634890000000000398e+00
5.634890000000000398e+00
5.634890000000000398e+00
5.634890000000000398e+00
5.634890000000000398e+00
5.634890000000000398e+00
5.634890000000000398e+00
5.634890000000000398e+00
5.634890000000000398e+00
5.634890000000000398e+00
5.634890000000000398e+00
5.634890000000000398e+00
5.634890000000000398e+00
5.634890000000000398e+00
5.634890000000000398e+00
5.634890000000000398e+00
5.634890000000000398e+00
5.634890000000000398e+00
5.634890000000000398e+00
5.618120000000000225e+00
5.549920000000000186e+00
5.546599999999999753e+00
5.547860000000000014e+00
5.551569999999999894e+00
5.556119999999999948e+00
5.560730000000000395e+00
5.564729999999999954e+00
5.567820000000000213e+00
5.570560000000000400e+00
5.573210000000000441e+00
5.575990000000000002e+00
5.578820000000000334e+00
5.580429999999999779e+00
5.579010000000000247e+00
5.570979999999999599e+00
5.549290000000000056e+00
5.515369999999999884e+00
5.492670000000000385e+00
5.484320000000000306e+00
5.488850000000000229e+00
5.501330000000000275e+00
5.518670000000000186e+00
5.533823749999999819e+00
5.548977500000000340e+00
5.564131249999999973e+00
5.579285000000000494e+00
5.594438750000000127e+00
5.609592499999999760e+00
5.624746250000000281e+00
5.639899999999999913e+00
5.617910000000000181e+00
5.595659999999999634e+00
5.573979999999999713e+00
5.554770000000000429e+00
5.539550000000000196e+00
5.530949999999999811e+00
5.528710000000000235e+00
5.529770000000000074e+00
5.531690000000000218e+00
5.534029999999999561e+00
5.536660000000000359e+00
5.539390000000000036e+00
5.542290000000000383e+00
5.545449999999999768e+00
5.548849999999999838e+00
5.552769999999999762e+00
5.558639999999999581e+00
5.567919999999999980e+00
5.579240000000000421e+00
5.587150000000000283e+00
5.589050000000000296e+00
5.588790000000000369e+00
5.589240000000000208e+00
5.590849999999999653e+00
5.593449999999999811e+00
5.597070000000000434e+00
5.601169999999999760e+00
5.605610000000000426e+00
5.610809999999999853e+00
5.617230000000000167e+00
5.625799999999999912e+00
5.637030000000000207e+00
5.648249999999999993e+00
5.657479999999999620e+00
5.667570000000000441e+00
5.679289999999999949e+00
5.691399999999999793e+00
5.699970000000000425e+00
5.704720000000000013e+00
5.705330000000000013e+00
5.702770000000000117e+00
5.700120000000000076e+00
5.700359999999999872e+00
5.702079999999999593e+00
5.703649999999999665e+00
5.705180000000000362e+00
5.708230000000000359e+00
5.714599999999999902e+00
5.724280000000000257e+00
5.734049999999999869e+00
5.740079999999999849e+00
5.741179999999999950e+00
5.738830000000000098e+00
5.734939999999999927e+00
5.730039999999999800e+00
5.724059999999999704e+00
5.717520000000000380e+00
5.711640000000000050e+00
5.707419999999999938e+00
5.705140000000000100e+00
5.704410000000000203e+00
5.704480000000000217e+00
5.705000000000000071e+00
5.705960000000000143e+00
5.706520000000000259e+00
5.705119999999999969e+00
5.701299999999999812e+00
5.697479999999999656e+00
5.695420000000000371e+00
5.693839999999999790e+00
5.691550000000000331e+00
5.688719999999999999e+00
5.686079999999999579e+00
5.684149999999999814e+00
5.683329999999999771e+00
5.684099999999999930e+00
5.686490000000000045e+00
5.689390000000000391e+00
5.691419999999999924e+00
5.691690000000000360e+00
5.688920000000000421e+00
5.680349999999999788e+00
5.664589999999999570e+00
5.650990000000000180e+00
5.649580000000000268e+00
5.654040000000000177e+00
5.649420000000000108e+00
5.609119999999999884e+00
5.625779999999999781e+00
5.703479999999999883e+00
5.741419999999999746e+00
5.762369999999999770e+00
5.783730000000000260e+00
5.806420000000000137e+00
5.813500000000000334e+00
5.799224999999999852e+00
5.784950000000000259e+00
5.770675000000000665e+00
5.756400000000000183e+00
5.738900000000000112e+00
5.719899999999999984e+00
5.705809999999999604e+00
5.694280000000000008e+00
5.684050000000000047e+00
5.673969999999999736e+00
5.663549999999999862e+00
5.651889999999999858e+00
5.637550000000000061e+00
5.618019999999999570e+00
5.583980000000000388e+00
5.530070000000000263e+00
5.488059999999999938e+00
5.466079999999999828e+00
5.459069999999999645e+00
5.452950000000000408e+00
5.445540000000000269e+00
5.430830000000000268e+00
5.433271666666667166e+00
5.435713333333333175e+00
5.438155000000000072e+00
5.440596666666666970e+00
5.443038333333333867e+00
5.445479999999999876e+00
5.447921666666666773e+00
5.450363333333333671e+00
5.452804999999999680e+00
5.455246666666666577e+00
5.457688333333333475e+00
5.460129999999999484e+00
5.462571666666666381e+00
5.465013333333333279e+00
5.467455000000000176e+00
5.469896666666666185e+00
5.472338333333333082e+00
5.474779999999999980e+00
5.477221666666665989e+00
5.479663333333332886e+00
5.482104999999999784e+00
5.484546666666666681e+00
5.486988333333332690e+00
5.489429999999999588e+00
5.463090000000000224e+00
5.451139999999999652e+00
5.440590000000000259e+00
5.430769999999999875e+00
5.421579999999999622e+00
5.413319999999999688e+00
5.405649999999999622e+00
5.398279999999999745e+00
5.390520000000000422e+00
5.382019999999999804e+00
5.373070000000000235e+00
5.363850000000000229e+00
5.354809999999999626e+00
5.345839999999999925e+00
5.336350000000000371e+00
5.327060000000000350e+00
5.319219999999999615e+00
5.312579999999999636e+00
5.306969999999999743e+00
5.302279999999999660e+00
5.298910000000000231e+00
5.295880000000000365e+00
5.291929999999999801e+00
5.287200000000000344e+00
5.282849999999999824e+00
5.279139999999999944e+00
5.275420000000000442e+00
5.270990000000000286e+00
5.265909999999999869e+00
5.261149999999999771e+00
5.257150000000000212e+00
5.254179999999999851e+00
5.251809999999999867e+00
5.248960000000000292e+00
5.245680000000000121e+00
5.242779999999999774e+00
5.240050000000000097e+00
5.235990000000000144e+00
5.229059999999999597e+00
5.220989999999999576e+00
5.214520000000000266e+00
5.209509999999999863e+00
5.204229999999999912e+00
5.199720000000000120e+00
5.197589999999999932e+00
5.198380000000000223e+00
5.200409999999999755e+00
5.200929999999999609e+00
5.199399999999999800e+00
5.197070000000000078e+00
5.194239999999999746e+00
5.190850000000000186e+00
5.188189999999999635e+00
5.187599999999999767e+00
5.189129999999999576e+00
5.189659999999999940e+00
5.185520000000000351e+00
5.175609999999999822e+00
5.162379999999999747e+00
5.159480000000000288e+00
5.168219999999999814e+00
5.178270000000000373e+00
5.183790000000000120e+00
5.186029999999999696e+00
5.189110000000000333e+00
5.194160000000000110e+00
5.199230000000000018e+00
5.204060000000000130e+00
5.212439999999999962e+00
5.229429999999999801e+00
5.254109999999999836e+00
5.272599999999999731e+00
5.284089999999999954e+00
5.306129999999999569e+00
5.325730000000000075e+00
5.332980000000000054e+00
5.332939999999999792e+00
5.326570000000000249e+00
5.311149999999999594e+00
5.311149999999999594e+00
5.311149999999999594e+00
5.311149999999999594e+00
5.311149999999999594e+00
5.311149999999999594e+00
5.311149999999999594e+00
5.311149999999999594e+00
5.311149999999999594e+00
5.311149999999999594e+00
5.311149999999999594e+00
5.311149999999999594e+00
5.311149999999999594e+00
5.311149999999999594e+00
5.311149999999999594e+00
5.311149999999999594e+00
5.311149999999999594e+00
5.311149999999999594e+00
5.311149999999999594e+00
5.311149999999999594e+00
5.311149999999999594e+00
5.311149999999999594e+00
5.311149999999999594e+00
5.311149999999999594e+00
5.311149999999999594e+00
5.311149999999999594e+00
5.311149999999999594e+00
5.311149999999999594e+00
5.311149999999999594e+00
5.311149999999999594e+00
5.311149999999999594e+00
5.311149999999999594e+00
5.311149999999999594e+00
5.311149999999999594e+00
5.311149999999999594e+00
5.311149999999999594e+00
5.311149999999999594e+00
5.311149999999999594e+00
5.311149999999999594e+00
