1.001889999999999986e+03
1.001889999999999986e+03
1.001889999999999986e+03
1.001889999999999986e+03
1.001889999999999986e+03
1.001889999999999986e+03
1.001889999999999986e+03
1.001889999999999986e+03
1.001889999999999986e+03
1.001889999999999986e+03
1.001889999999999986e+03
1.001889999999999986e+03
1.001889999999999986e+03
1.001889999999999986e+03
1.001889999999999986e+03
1.001889999999999986e+03
1.001889999999999986e+03
1.001889999999999986e+03
1.001889999999999986e+03
1.001889999999999986e+03
1.001889999999999986e+03
1.001889999999999986e+03
3.983980000000000018e+03
5.285659999999999854e+03
5.556489999999999782e+03
6.539909999999999854e+03
6.539909999999999854e+03
6.927310000000000400e+03
6.953789999999999964e+03
6.927310000000000400e+03
5.473880000000000109e+03
6.121439999999999600e+03
6.121439999999999600e+03
6.121439999999999600e+03
6.121439999999999600e+03
6.121439999999999600e+03
5.827310000000000400e+03
5.827310000000000400e+03
5.827310000000000400e+03
5.704840000000000146e+03
5.947949999999999818e+03
5.973350000000000364e+03
5.947949999999999818e+03
7.580789999999999964e+03
7.580789999999999964e+03
4.625000000000000000e+03
3.375150000000000091e+03
3.375150000000000091e+03
3.375150000000000091e+03
3.375000000000000000e+03
4.140420000000000073e+03
4.140420000000000073e+03
3.219179999999999836e+03
2.171880000000000109e+03
2.171880000000000109e+03
2.171880000000000109e+03
3.717550000000000182e+03
4.100880000000000109e+03
4.100880000000000109e+03
4.362460000000000036e+03
4.362460000000000036e+03
4.362460000000000036e+03
4.362460000000000036e+03
5.168460000000000036e+03
5.531250000000000000e+03
6.218930000000000291e+03
6.350930000000000291e+03
6.741640000000000327e+03
6.350930000000000291e+03
6.218930000000000291e+03
5.803930000000000291e+03
5.803930000000000291e+03
5.803930000000000291e+03
5.718750000000000000e+03
5.718750000000000000e+03
2.554679999999999836e+03
2.554679999999999836e+03
1.877329999999999927e+03
1.877329999999999927e+03
1.877329999999999927e+03
2.443559999999999945e+03
1.682809999999999945e+03
1.586200000000000045e+03
1.586200000000000045e+03
1.199700000000000045e+03
1.199700000000000045e+03
1.586200000000000045e+03
4.889619999999999891e+03
6.365619999999999891e+03
6.479010000000000218e+03
6.479010000000000218e+03
6.397659999999999854e+03
6.397659999999999854e+03
6.602020000000000437e+03
6.397659999999999854e+03
6.397659999999999854e+03
5.424640000000000327e+03
5.424640000000000327e+03
5.424640000000000327e+03
5.918039999999999964e+03
5.918039999999999964e+03
7.087310000000000400e+03
5.918039999999999964e+03
5.484380000000000109e+03
5.484380000000000109e+03
5.296020000000000437e+03
5.292890000000000327e+03
4.531250000000000000e+03
4.531250000000000000e+03
4.531250000000000000e+03
3.488230000000000018e+03
6.282390000000000327e+03
6.652340000000000146e+03
6.652340000000000146e+03
5.496739999999999782e+03
6.652340000000000146e+03
5.496739999999999782e+03
5.496739999999999782e+03
5.681000000000000000e+03
6.609380000000000109e+03
5.681000000000000000e+03
6.609380000000000109e+03
7.173029999999999745e+03
7.173029999999999745e+03
6.970590000000000146e+03
6.970590000000000146e+03
3.450369999999999891e+03
3.450369999999999891e+03
3.300090000000000146e+03
3.450369999999999891e+03
3.943449999999999818e+03
4.481239999999999782e+03
6.943100000000000364e+03
6.943100000000000364e+03
6.943100000000000364e+03
6.610800000000000182e+03
6.610800000000000182e+03
6.546880000000000109e+03
6.610800000000000182e+03
6.916750000000000000e+03
6.916750000000000000e+03
6.546880000000000109e+03
6.916750000000000000e+03
6.319539999999999964e+03
6.319539999999999964e+03
7.489800000000000182e+03
7.489800000000000182e+03
7.489800000000000182e+03
7.489800000000000182e+03
6.688789999999999964e+03
6.406800000000000182e+03
6.688789999999999964e+03
6.688789999999999964e+03
7.463069999999999709e+03
7.477630000000000109e+03
7.477630000000000109e+03
7.477630000000000109e+03
6.533350000000000364e+03
6.339750000000000000e+03
6.339750000000000000e+03
6.339750000000000000e+03
6.339750000000000000e+03
7.228649999999999636e+03
7.228649999999999636e+03
7.228649999999999636e+03
3.869269999999999982e+03
1.545450000000000045e+03
1.541230000000000018e+03
1.205690000000000055e+03
1.205690000000000055e+03
1.203119999999999891e+03
1.203119999999999891e+03
2.015619999999999891e+03
2.341619999999999891e+03
2.015619999999999891e+03
3.641300000000000182e+03
3.641300000000000182e+03
2.278070000000000164e+03
2.278070000000000164e+03
2.278070000000000164e+03
1.616779999999999973e+03
1.616779999999999973e+03
2.269099999999999909e+03
1.892200000000000045e+03
1.892200000000000045e+03
1.892200000000000045e+03
1.864700000000000045e+03
1.492019999999999982e+03
1.292809999999999945e+03
1.292809999999999945e+03
1.172200000000000045e+03
1.172200000000000045e+03
1.203119999999999891e+03
1.753359999999999900e+03
1.753359999999999900e+03
1.753359999999999900e+03
1.753359999999999900e+03
1.753359999999999900e+03
2.299889999999999873e+03
2.299889999999999873e+03
5.068649999999999636e+03
6.441819999999999709e+03
6.843770000000000437e+03
7.241369999999999891e+03
7.241369999999999891e+03
7.241369999999999891e+03
6.653500000000000000e+03
6.653500000000000000e+03
6.565989999999999782e+03
6.565989999999999782e+03
6.812500000000000000e+03
7.171880000000000109e+03
7.171880000000000109e+03
7.171880000000000109e+03
6.574970000000000255e+03
6.574970000000000255e+03
6.574970000000000255e+03
6.142859999999999673e+03
6.142859999999999673e+03
6.734380000000000109e+03
7.351939999999999600e+03
6.142859999999999673e+03
7.391130000000000109e+03
7.391130000000000109e+03
7.731659999999999854e+03
7.232220000000000255e+03
7.232220000000000255e+03
6.776520000000000437e+03
6.776520000000000437e+03
6.434729999999999563e+03
6.434729999999999563e+03
6.209239999999999782e+03
6.128630000000000109e+03
6.128630000000000109e+03
6.209239999999999782e+03
6.209239999999999782e+03
5.632399999999999636e+03
6.921880000000000109e+03
6.921880000000000109e+03
5.254069999999999709e+03
5.254069999999999709e+03
5.254069999999999709e+03
4.864600000000000364e+03
4.864600000000000364e+03
4.690869999999999891e+03
4.690869999999999891e+03
4.177609999999999673e+03
2.815139999999999873e+03
1.984380000000000109e+03
1.783099999999999909e+03
1.231049999999999955e+03
1.231049999999999955e+03
1.231049999999999955e+03
1.203119999999999891e+03
1.138670000000000073e+03
1.138670000000000073e+03
1.131240999999999985e+03
1.123812000000000126e+03
1.116383000000000038e+03
1.108954000000000178e+03
1.101525000000000091e+03
1.094096000000000004e+03
1.086667000000000144e+03
1.079238000000000056e+03
1.071809000000000196e+03
1.064380000000000109e+03
1.281289999999999964e+03
2.027509999999999991e+03
2.027509999999999991e+03
3.777340000000000146e+03
3.777340000000000146e+03
4.325829999999999927e+03
5.456289999999999964e+03
5.499949999999999818e+03
5.944949999999999818e+03
5.944949999999999818e+03
5.944949999999999818e+03
4.584460000000000036e+03
4.442039999999999964e+03
4.442039999999999964e+03
4.170140000000000327e+03
4.159449999999999818e+03
4.027349999999999909e+03
3.593190000000000055e+03
2.683880000000000109e+03
2.363800000000000182e+03
2.278579999999999927e+03
1.716950000000000045e+03
1.232250000000000000e+03
1.232250000000000000e+03
1.232250000000000000e+03
1.274029999999999973e+03
1.274029999999999973e+03
1.274029999999999973e+03
1.274029999999999973e+03
1.175460000000000036e+03
1.083599999999999909e+03
1.083599999999999909e+03
1.083599999999999909e+03
1.083599999999999909e+03
1.083599999999999909e+03
1.083599999999999909e+03
1.083599999999999909e+03
1.083599999999999909e+03
1.083599999999999909e+03
1.083599999999999909e+03
1.083599999999999909e+03
1.083599999999999909e+03
1.083599999999999909e+03
1.083599999999999909e+03
1.083599999999999909e+03
1.083599999999999909e+03
1.083599999999999909e+03
1.083599999999999909e+03
1.083599999999999909e+03
1.083599999999999909e+03
