-1e+10
-1e+10
-1e+10
-1e+10
-1e+10
-1e+10
-1e+10
-1e+10
-1e+10
-1e+10
-1e+10
-1e+10
-1e+10
-1e+10
-1e+10
-1e+10
-1e+10
-1e+10
-1e+10
-1e+10
-1e+10
-1e+10
-1e+10
-1e+10
-1e+10
-1e+10
-1e+10
-1e+10
-1e+10
-1e+10
-1e+10
-1e+10
-1e+10
-1e+10
-1e+10
-1e+10
-1e+10
-1e+10
5.50899
5.49891
5.48514
5.45115
5.45348
5.45799
5.46175
5.46423
5.46494
5.46418
5.46212
5.45783
5.44693
5.41669
5.37738
5.36295
5.37072
-1e+10
-1e+10
-1e+10
-1e+10
-1e+10
-1e+10
-1e+10
-1e+10
-1e+10
-1e+10
-1e+10
-1e+10
-1e+10
-1e+10
-1e+10
-1e+10
-1e+10
-1e+10
-1e+10
-1e+10
-1e+10
5.58764
5.56424
5.54495
5.52461
5.50259
5.48045
5.46121
5.44825
5.44094
5.4333
5.42387
5.4166
5.4099
5.40321
5.39543
5.38698
5.37776
5.36765
5.35612
5.34305
5.32793
5.30957
5.29065
5.27701
-1e+10
-1e+10
-1e+10
-1e+10
-1e+10
-1e+10
-1e+10
-1e+10
-1e+10
5.22503
5.23425
5.25492
5.29486
5.30092
5.28568
-1e+10
-1e+10
-1e+10
-1e+10
-1e+10
-1e+10
-1e+10
-1e+10
-1e+10
-1e+10
-1e+10
-1e+10
-1e+10
-1e+10
-1e+10
-1e+10
-1e+10
-1e+10
-1e+10
-1e+10
-1e+10
5.53523
5.49089
5.46466
5.43427
5.40988
5.39571
5.3868
5.38043
5.37505
5.36881
5.36146
5.35296
5.34238
5.32327
5.30202
-1e+10
-1e+10
-1e+10
-1e+10
-1e+10
-1e+10
-1e+10
-1e+10
-1e+10
-1e+10
5.31167
5.31341
5.3118
5.30859
5.30449
5.30003
5.29446
5.28754
5.28038
5.27273
5.26435
5.25665
5.25056
5.24563
5.23992
5.23346
5.22688
5.22166
5.21637
5.20958
5.19922
5.18624
5.19168
5.30587
5.35699
5.37538
5.37706
-1e+10
-1e+10
-1e+10
-1e+10
-1e+10
-1e+10
-1e+10
-1e+10
-1e+10
-1e+10
5.24476
5.24147
5.23418
5.22012
5.209
5.20338
5.20051
5.19915
5.19838
5.19716
5.1958
5.19579
5.19713
5.19803
5.19776
5.19727
5.1977
5.19915
5.20082
5.20231
5.20368
5.2058
5.20861
5.21119
5.21292
5.21438
5.21672
5.22194
5.28518
5.29422
5.31446
5.33236
5.32564
5.30175
5.28995
5.28607
5.2184
-1e+10
-1e+10
-1e+10
-1e+10
-1e+10
-1e+10
-1e+10
-1e+10
-1e+10
-1e+10
-1e+10
-1e+10
-1e+10
-1e+10
-1e+10
-1e+10
-1e+10
-1e+10
-1e+10
-1e+10
-1e+10
-1e+10
-1e+10
-1e+10
-1e+10
-1e+10
-1e+10
-1e+10
-1e+10
-1e+10
-1e+10
-1e+10
-1e+10
-1e+10
-1e+10
-1e+10
-1e+10
-1e+10
-1e+10
-1e+10
-1e+10
-1e+10
-1e+10
-1e+10
-1e+10
-1e+10
-1e+10
-1e+10
-1e+10
-1e+10
-1e+10
-1e+10
-1e+10
-1e+10
-1e+10
-1e+10
-1e+10
-1e+10
-1e+10
-1e+10
-1e+10
-1e+10
-1e+10
