5.426470000000000127e+00
5.426470000000000127e+00
5.426470000000000127e+00
5.426470000000000127e+00
5.426470000000000127e+00
5.426470000000000127e+00
5.426470000000000127e+00
5.426470000000000127e+00
5.426470000000000127e+00
5.426470000000000127e+00
5.426470000000000127e+00
5.426470000000000127e+00
5.426470000000000127e+00
5.426470000000000127e+00
5.426470000000000127e+00
5.426470000000000127e+00
5.426470000000000127e+00
5.426470000000000127e+00
5.426470000000000127e+00
5.426470000000000127e+00
5.426470000000000127e+00
5.426470000000000127e+00
5.422959999999999781e+00
5.420420000000000016e+00
5.419609999999999594e+00
5.422839999999999883e+00
5.433650000000000091e+00
5.448990000000000222e+00
5.461090000000000444e+00
5.470439999999999969e+00
5.478100000000000414e+00
5.485420000000000407e+00
5.492060000000000386e+00
5.499550000000000161e+00
5.507819999999999716e+00
5.517960000000000420e+00
5.528830000000000133e+00
5.539229999999999876e+00
5.549030000000000129e+00
5.557030000000000136e+00
5.564869999999999983e+00
5.571889999999999787e+00
5.580180000000000362e+00
5.590589999999999726e+00
5.606239999999999668e+00
5.622830000000000439e+00
5.633989999999999831e+00
5.639610000000000234e+00
5.641539999999999999e+00
5.639000000000000234e+00
5.627919999999999590e+00
5.614519999999999733e+00
5.629649999999999821e+00
5.674349999999999561e+00
5.717279999999999696e+00
5.739889999999999937e+00
5.750210000000000043e+00
5.755539999999999878e+00
5.759240000000000137e+00
5.762950000000000017e+00
5.767669999999999852e+00
5.773530000000000051e+00
5.779829999999999579e+00
5.785180000000000433e+00
5.789579999999999949e+00
5.793599999999999639e+00
5.797850000000000392e+00
5.802649999999999864e+00
5.807649999999999757e+00
5.812540000000000262e+00
5.816659999999999719e+00
5.819069999999999965e+00
5.818529999999999980e+00
5.813439999999999941e+00
5.801669999999999661e+00
5.778870000000000395e+00
5.749010000000000176e+00
5.734969999999999679e+00
5.736760000000000304e+00
5.743100000000000094e+00
5.747060000000000279e+00
5.747770000000000046e+00
5.747399999999999842e+00
5.854044999999999277e+00
5.960689999999999600e+00
5.930220000000000269e+00
5.912759999999999572e+00
5.899560000000000137e+00
5.889230000000000409e+00
5.879929999999999879e+00
5.871979999999999755e+00
5.865249999999999631e+00
5.860249999999999737e+00
5.857000000000000206e+00
5.853410000000000224e+00
5.846669999999999590e+00
5.837060000000000137e+00
5.828520000000000145e+00
5.821500000000000341e+00
5.814269999999999605e+00
5.804219999999999935e+00
5.790429999999999744e+00
5.776699999999999946e+00
5.764789999999999637e+00
5.753339999999999677e+00
5.741019999999999790e+00
5.727070000000000327e+00
5.711660000000000181e+00
5.694440000000000168e+00
5.673989999999999867e+00
5.650290000000000035e+00
5.628739999999999633e+00
5.614049999999999763e+00
5.601709999999999745e+00
5.588680000000000092e+00
5.576710000000000278e+00
5.564090000000000202e+00
5.547589999999999577e+00
5.525039999999999729e+00
5.499660000000000437e+00
5.481700000000000017e+00
5.469809999999999839e+00
5.458239999999999981e+00
5.444200000000000372e+00
5.430150000000000254e+00
5.420169999999999710e+00
5.414080000000000226e+00
5.410099999999999909e+00
5.407090000000000174e+00
5.403419999999999668e+00
5.398039999999999949e+00
5.391890000000000072e+00
5.387340000000000018e+00
5.385209999999999830e+00
5.384710000000000107e+00
5.384479999999999933e+00
5.384039999999999715e+00
5.383930000000000327e+00
5.384479999999999933e+00
5.384629999999999583e+00
5.383149999999999658e+00
5.380399999999999849e+00
5.377550000000000274e+00
5.375110000000000277e+00
5.372959999999999958e+00
5.370519999999999960e+00
5.366760000000000197e+00
5.360879999999999868e+00
5.353110000000000035e+00
5.345930000000000071e+00
5.341680000000000206e+00
5.340620000000000367e+00
5.342340000000000089e+00
5.347019999999999662e+00
5.352649999999999686e+00
5.356799999999999784e+00
5.358819999999999695e+00
5.359460000000000335e+00
5.360070000000000334e+00
5.361819999999999808e+00
5.364740000000000286e+00
5.368120000000000225e+00
5.370870000000000033e+00
5.371710000000000207e+00
5.369740000000000180e+00
5.362870000000000026e+00
5.348779999999999646e+00
5.330910000000000259e+00
5.316209999999999880e+00
5.303819999999999979e+00
5.293929999999999580e+00
5.289990000000000414e+00
5.294059999999999988e+00
5.302979999999999805e+00
5.317300000000000360e+00
5.333809999999999718e+00
5.349319999999999631e+00
5.356410000000000338e+00
5.350970000000000226e+00
5.333649999999999558e+00
5.311600000000000321e+00
5.291339999999999932e+00
5.275660000000000238e+00
5.263160000000000061e+00
5.252209999999999823e+00
5.242619999999999614e+00
5.234250000000000291e+00
5.227619999999999933e+00
5.224190000000000111e+00
5.225830000000000197e+00
5.234939999999999927e+00
5.253009999999999735e+00
5.277689999999999770e+00
5.300270000000000259e+00
5.314949999999999619e+00
5.336730000000000196e+00
5.446830000000000283e+00
5.462780000000000413e+00
5.448750000000000426e+00
5.429070000000000285e+00
5.403900000000000148e+00
5.391180000000000305e+00
5.380810000000000315e+00
5.372609999999999886e+00
5.364300000000000068e+00
5.356119999999999770e+00
5.347470000000000390e+00
5.339690000000000047e+00
5.334019999999999762e+00
5.329790000000000028e+00
5.327679999999999971e+00
5.326609999999999623e+00
5.325330000000000119e+00
5.323059999999999903e+00
5.320100000000000051e+00
5.317910000000000359e+00
5.317789999999999573e+00
5.319320000000000270e+00
5.321089999999999876e+00
5.322729999999999961e+00
5.325450000000000017e+00
5.331070000000000420e+00
5.338090000000000224e+00
5.345509999999999984e+00
5.353860000000000063e+00
5.364849999999999675e+00
5.376109999999999722e+00
5.386339999999999684e+00
5.395609999999999573e+00
5.403730000000000366e+00
5.410919999999999952e+00
5.417589999999999684e+00
5.425189999999999735e+00
5.432809999999999917e+00
5.441410000000000302e+00
5.449790000000000134e+00
5.458870000000000111e+00
5.468040000000000234e+00
5.473830000000000418e+00
5.476160000000000139e+00
5.475559999999999761e+00
5.473099999999999632e+00
5.469479999999999897e+00
5.465309999999999668e+00
5.460919999999999774e+00
5.455000000000000071e+00
5.445750000000000313e+00
5.431329999999999991e+00
5.394269999999999676e+00
5.358480000000000132e+00
5.323369999999999713e+00
5.307699999999999640e+00
5.301029999999999909e+00
5.295919999999999739e+00
5.297869999999999635e+00
5.315959999999999575e+00
5.331961999999999868e+00
5.347963999999999274e+00
5.363965999999999568e+00
5.379967999999999861e+00
5.395970000000000155e+00
5.411971999999999561e+00
5.427973999999999855e+00
5.443976000000000148e+00
5.459977999999999554e+00
5.475979999999999848e+00
5.468149999999999622e+00
5.428079999999999572e+00
5.378250000000000419e+00
5.340530000000000221e+00
5.314289999999999736e+00
5.304079999999999906e+00
5.293870000000000076e+00
5.278480000000000061e+00
5.270609999999999573e+00
5.266020000000000145e+00
5.263690000000000424e+00
5.262270000000000003e+00
5.260679999999999801e+00
5.257850000000000357e+00
5.253420000000000201e+00
5.249530000000000030e+00
5.247560000000000002e+00
5.247469999999999857e+00
5.248730000000000118e+00
5.251599999999999824e+00
5.256969999999999921e+00
5.264120000000000132e+00
5.272300000000000431e+00
5.281769999999999854e+00
5.292530000000000179e+00
5.306589999999999918e+00
5.325870000000000104e+00
5.349980000000000402e+00
5.374530000000000030e+00
5.388130000000000308e+00
5.382719999999999949e+00
5.382719999999999949e+00
5.382719999999999949e+00
5.382719999999999949e+00
5.382719999999999949e+00
5.382719999999999949e+00
5.382719999999999949e+00
5.382719999999999949e+00
5.382719999999999949e+00
5.382719999999999949e+00
5.382719999999999949e+00
5.382719999999999949e+00
5.382719999999999949e+00
5.382719999999999949e+00
5.382719999999999949e+00
5.382719999999999949e+00
5.382719999999999949e+00
5.382719999999999949e+00
5.382719999999999949e+00
5.382719999999999949e+00
