0
0
0
0
0
0
0
0
0
0
0
0
0
0
0
0
0
0
0
1281.25
1947.85
1947.85
1947.85
1750
1750
1750
1921.41
3070.98
3070.98
2665.92
2665.92
2665.92
2665.92
1440.18
2923.81
2766.47
2766.47
1991.33
2766.47
1991.33
1750
1468.75
1237.52
1237.52
1237.52
1281.25
1281.25
1624.8
1281.25
1102.55
0
0
0
0
0
0
0
0
0
0
0
0
0
1356.79
1546.88
4252.07
4252.07
2484.38
1546.88
1281.74
1281.74
1246.76
1246.76
2806.61
2943.4
3108.06
7456.13
7736.12
7736.12
7604.97
7604.97
7604.97
7557.98
7604.97
7616.6
7616.6
7715.25
7797.89
7715.25
7715.25
6547.84
6547.84
5507.2
5507.2
6557.24
6557.24
5400.31
4769.45
3703.12
3384.2
3384.2
2982.82
2982.82
2661.41
2982.82
3127.26
3127.26
2661.41
1302.3
1089.52
0
0
0
0
0
0
0
0
0
0
0
0
1521.61
1890.62
1890.62
2347.03
2347.03
3525.68
5488.5
5488.5
5926.22
5488.5
4000
2223.36
2223.36
1275.59
2223.36
2223.36
1275.59
1218.75
0
0
0
1046.88
1384.18
2494.88
2718.75
4209.22
6725.48
7301.6
7517.83
7517.83
7517.83
7517.83
7491.79
7491.79
7491.79
7543.73
7583.4
7589.1
7589.1
7589.1
5523.94
1308.08
1308.08
1253.66
1187.64
1253.66
1253.66
1214.83
1033.04
0
0
0
0
0
0
1216.59
1216.59
2480.44
2480.44
2480.44
2896.52
6758.15
6791.94
6791.94
6758.15
5207.41
4562.5
2920.94
2920.94
1171.88
1171.88
1171.88
1131.15
0
0
0
0
0
0
0
0
0
0
0
0
0
0
0
0
0
0
0
0
0
0
0
0
0
0
0
0
0
0
1176.97
6222.81
7130.82
7166.93
7372.57
7372.57
7372.57
7372.57
7383.5
7383.5
7461.82
7383.5
7383.5
7461.82
6728.48
6728.48
6728.48
6728.48
6686.73
6140.89
5647.27
5647.27
5575.27
3500
1939.01
1939.01
3117.05
1939.01
3117.05
3671.88
4297.42
4470.58
4565.36
5027.97
5027.97
4565.36
5027.97
3467.8
2676.7
1421.88
1225.9
1225.9
1225.9
1148.98
1107.38
0
0
0
0
0
0
0
0
0
0
0
0
0
0
0
0
0
0
0
0
0
0
0
0
0
0
0
0
0
1187.5
1782.36
4984.38
4984.38
4984.38
0
0
0
6304.69
6304.69
6304.69
4363.18
2578.12
1944.63
1158.56
0
0
0
0
0
0
0
0
0
0
0
0
0
0
0
0
0
0
0
0
0
0
0
0
0
0
0
0
0
0
0
0
0
0
0
0
0
0
0
0
0
0
0
0
0
0
0
0
0
0
