5.402149999999999785e+00
5.402149999999999785e+00
5.402149999999999785e+00
5.402149999999999785e+00
5.402149999999999785e+00
5.402149999999999785e+00
5.402149999999999785e+00
5.402149999999999785e+00
5.402149999999999785e+00
5.402149999999999785e+00
5.402149999999999785e+00
5.402149999999999785e+00
5.402149999999999785e+00
5.402149999999999785e+00
5.402149999999999785e+00
5.402149999999999785e+00
5.402149999999999785e+00
5.402149999999999785e+00
5.402149999999999785e+00
5.402149999999999785e+00
5.402149999999999785e+00
5.402149999999999785e+00
5.402149999999999785e+00
5.402149999999999785e+00
5.402149999999999785e+00
5.402149999999999785e+00
5.402149999999999785e+00
5.393550000000000288e+00
5.389910000000000423e+00
5.386960000000000193e+00
5.382839999999999847e+00
5.376249999999999751e+00
5.368579999999999686e+00
5.362359999999999793e+00
5.358839999999999826e+00
5.357809999999999739e+00
5.358850000000000335e+00
5.359490000000000087e+00
5.356220000000000425e+00
5.348349999999999937e+00
5.337040000000000006e+00
5.323120000000000296e+00
5.310019999999999740e+00
5.304949999999999832e+00
5.303889999999999993e+00
5.317182608695651957e+00
5.330475217391303921e+00
5.343767826086956774e+00
5.357060434782608738e+00
5.370353043478260702e+00
5.383645652173912666e+00
5.396938260869565518e+00
5.410230869565217482e+00
5.423523478260869446e+00
5.436816086956521410e+00
5.450108695652173374e+00
5.463401304347826226e+00
5.476693913043478190e+00
5.489986521739130154e+00
5.503279130434782118e+00
5.516571739130434082e+00
5.529864347826086934e+00
5.543156956521738898e+00
5.556449565217390862e+00
5.569742173913042826e+00
5.583034782608695679e+00
5.596327391304347643e+00
5.609619999999999607e+00
5.601779999999999760e+00
5.585860000000000269e+00
5.547810000000000130e+00
5.527529999999999610e+00
5.510449999999999626e+00
5.439549999999999663e+00
5.427909999999999791e+00
5.419520000000000337e+00
5.415350000000000108e+00
5.413330000000000197e+00
5.412600000000000300e+00
5.412149999999999572e+00
5.411109999999999864e+00
5.409209999999999852e+00
5.406939999999999635e+00
5.404550000000000409e+00
5.402230000000000310e+00
5.399869999999999948e+00
5.396799999999999820e+00
5.393110000000000070e+00
5.389439999999999564e+00
5.386149999999999771e+00
5.383200000000000429e+00
5.380259999999999820e+00
5.376509999999999678e+00
5.372399999999999842e+00
5.369290000000000340e+00
5.367320000000000313e+00
5.365759999999999863e+00
5.363920000000000243e+00
5.361640000000000406e+00
5.359289999999999665e+00
5.358299999999999841e+00
5.361290000000000333e+00
5.369589999999999641e+00
5.380779999999999674e+00
5.390970000000000262e+00
5.399569999999999759e+00
5.407420000000000115e+00
5.414489999999999803e+00
5.419810000000000016e+00
5.422990000000000421e+00
5.424389999999999823e+00
5.424820000000000420e+00
5.425040000000000084e+00
5.425569999999999560e+00
5.426680000000000170e+00
5.428230000000000111e+00
5.429619999999999891e+00
5.429619999999999891e+00
5.425500000000000433e+00
5.413490000000000357e+00
5.398539999999999672e+00
5.391379999999999839e+00
5.398810000000000109e+00
5.410949999999999704e+00
5.417709999999999582e+00
5.420339999999999492e+00
5.422969999999999402e+00
5.425599999999999312e+00
5.428229999999999222e+00
5.430860000000000021e+00
5.433489999999999931e+00
5.436119999999999841e+00
5.438749999999999751e+00
5.441379999999999661e+00
5.444009999999999572e+00
5.446639999999999482e+00
5.449270000000000280e+00
5.451900000000000190e+00
5.454530000000000101e+00
5.457160000000000011e+00
5.459789999999999921e+00
5.462419999999999831e+00
5.465049999999999741e+00
5.467679999999999652e+00
5.470309999999999562e+00
5.472940000000000360e+00
5.475570000000000270e+00
5.478200000000000180e+00
5.480830000000000091e+00
5.483460000000000001e+00
5.486089999999999911e+00
5.488719999999999821e+00
5.491350000000000620e+00
5.493980000000000530e+00
5.496610000000000440e+00
5.499240000000000350e+00
5.501870000000000260e+00
5.504500000000000171e+00
5.507130000000000081e+00
5.509759999999999991e+00
5.512389999999999901e+00
5.515020000000000699e+00
5.517650000000000610e+00
5.520280000000000520e+00
5.522910000000000430e+00
5.516899999999999693e+00
5.500479999999999592e+00
5.478449999999999598e+00
5.451939999999999564e+00
5.410619999999999763e+00
5.379059999999999953e+00
5.349569999999999936e+00
5.333359999999999879e+00
5.320450000000000124e+00
5.310520000000000351e+00
5.304070000000000285e+00
5.299059999999999881e+00
5.293890000000000207e+00
5.288299999999999557e+00
5.282779999999999809e+00
5.275400000000000311e+00
5.267730000000000246e+00
5.260530000000000150e+00
5.251490000000000435e+00
5.236780000000000435e+00
5.223499999999999588e+00
5.217629999999999768e+00
4.528100000000000236e+00
4.529869999999999841e+00
4.531539999999999679e+00
4.531259999999999621e+00
4.527280000000000193e+00
4.520139999999999603e+00
4.513919999999999710e+00
4.510440000000000005e+00
4.508650000000000269e+00
4.506700000000000372e+00
4.504199999999999982e+00
4.502530000000000143e+00
4.503669999999999618e+00
4.508309999999999818e+00
4.514039999999999608e+00
4.517619999999999969e+00
4.518500000000000405e+00
4.518620000000000303e+00
4.519580000000000375e+00
4.521880000000000344e+00
4.524840000000000195e+00
4.529349999999999987e+00
4.536349999999999660e+00
4.552080000000000126e+00
4.974344999999999573e+00
5.396609999999999907e+00
5.355500000000000149e+00
5.345410000000000217e+00
5.343359999999999665e+00
5.337449999999999584e+00
5.324300000000000033e+00
5.309350000000000236e+00
5.297089999999999854e+00
5.279449999999999754e+00
5.279449999999999754e+00
5.279449999999999754e+00
5.279449999999999754e+00
5.279449999999999754e+00
5.279449999999999754e+00
5.279449999999999754e+00
5.279449999999999754e+00
5.279449999999999754e+00
5.279449999999999754e+00
5.279449999999999754e+00
5.279449999999999754e+00
