0
0
0
0
0
0
0
0
0
0
0
0
0
0
0
1500
2262.98
2262.98
2341.43
2341.43
2244.92
2244.92
1406.25
1354.42
1406.25
1406.25
1312.5
1312.5
2139.47
2139.47
2151.49
5862.1
6625
6901.43
7156.25
6901.43
6901.43
5209.38
3441.97
2679.3
3441.97
2083.96
1764.25
2083.96
4352.81
6022.06
6022.06
6022.06
0
0
0
0
0
0
0
0
0
0
0
0
0
0
0
0
0
0
0
0
0
0
0
0
0
0
0
1158.39
1531.25
2390.62
3536.55
5934.75
6397.71
7213.94
7258.65
7296.29
7258.65
7346.43
7346.43
7064.74
5824.32
5824.32
5544.89
5527.04
5280.22
5527.04
4544.45
4544.45
4544.45
4544.45
4544.45
5702.81
5702.81
5745.81
6235.07
6235.07
6497.45
6235.07
6395.72
5140.84
4578.12
4578.12
3332.26
1649.86
1649.86
1976.46
1976.46
2077.98
2077.98
1981.33
1981.33
1397.27
1376.11
1376.11
0
0
0
0
0
0
0
0
0
1060.15
1375.49
1437.5
1448.02
2128.69
4348.84
4851.91
4851.91
5016.03
5412.05
6091
7029.17
7609.38
7029.17
7029.17
6695.17
5230.25
5230.25
5230.25
6695.17
5230.25
6747.55
4532.31
6747.55
5546.88
6115.29
6115.29
6795.35
6795.35
6954.12
6954.12
6954.12
5976.37
5012.63
4494.47
3321.74
3281.25
2069.26
2069.26
2343.75
2069.26
1407.49
1997.75
1093.75
1093.75
1093.75
1062.5
0
0
0
0
0
1164.9
1847.98
1883.43
2678.05
3609.38
2678.05
3279.61
3279.61
3687.5
3279.61
3279.61
7500
3142.53
3142.53
3796.04
5151.64
5151.64
5401.99
5401.99
5512.66
6916.57
5512.66
5512.66
6959.5
6465.52
6465.52
6812.5
6812.5
6465.52
6437.5
6252.2
6252.2
6267.81
6437.5
6997.67
6997.67
6997.67
6997.67
6354.91
5390.95
5070.31
0
0
0
0
0
0
0
0
0
0
0
0
0
0
0
0
0
0
0
