-1e+10
-1e+10
-1e+10
-1e+10
-1e+10
-1e+10
-1e+10
-1e+10
-1e+10
-1e+10
-1e+10
-1e+10
-1e+10
-1e+10
-1e+10
-1e+10
-1e+10
-1e+10
-1e+10
-1e+10
-1e+10
5.42647
5.42296
5.42042
5.41961
5.42284
5.43365
5.44899
5.46109
5.47044
5.4781
5.48542
5.49206
5.49955
5.50782
5.51796
5.52883
5.53923
5.54903
5.55703
5.56487
5.57189
5.58018
5.59059
5.60624
5.62283
5.63399
5.63961
5.64154
5.639
5.62792
5.61452
5.62965
5.67435
5.71728
5.73989
5.75021
5.75554
5.75924
5.76295
5.76767
5.77353
5.77983
5.78518
5.78958
5.7936
5.79785
5.80265
5.80765
5.81254
5.81666
5.81907
5.81853
5.81344
5.80167
5.77887
5.74901
5.73497
5.73676
5.7431
5.74706
5.74777
5.7474
-1e+10
5.96069
5.93022
5.91276
5.89956
5.88923
5.87993
5.87198
5.86525
5.86025
5.857
5.85341
5.84667
5.83706
5.82852
5.8215
5.81427
5.80422
5.79043
5.7767
5.76479
5.75334
5.74102
5.72707
5.71166
5.69444
5.67399
5.65029
5.62874
5.61405
5.60171
5.58868
5.57671
5.56409
5.54759
5.52504
5.49966
5.4817
5.46981
5.45824
5.4442
5.43015
5.42017
5.41408
5.4101
5.40709
5.40342
5.39804
5.39189
5.38734
5.38521
5.38471
5.38448
5.38404
5.38393
5.38448
5.38463
5.38315
5.3804
5.37755
5.37511
5.37296
5.37052
5.36676
5.36088
5.35311
5.34593
5.34168
5.34062
5.34234
5.34702
5.35265
5.3568
5.35882
5.35946
5.36007
5.36182
5.36474
5.36812
5.37087
5.37171
5.36974
5.36287
5.34878
5.33091
5.31621
5.30382
5.29393
5.28999
5.29406
5.30298
5.3173
5.33381
5.34932
5.35641
5.35097
5.33365
5.3116
5.29134
5.27566
5.26316
5.25221
5.24262
5.23425
5.22762
5.22419
5.22583
5.23494
5.25301
5.27769
5.30027
5.31495
5.33673
5.44683
5.46278
5.44875
5.42907
5.4039
5.39118
5.38081
5.37261
5.3643
5.35612
5.34747
5.33969
5.33402
5.32979
5.32768
5.32661
5.32533
5.32306
5.3201
5.31791
5.31779
5.31932
5.32109
5.32273
5.32545
5.33107
5.33809
5.34551
5.35386
5.36485
5.37611
5.38634
5.39561
5.40373
5.41092
5.41759
5.42519
5.43281
5.44141
5.44979
5.45887
5.46804
5.47383
5.47616
5.47556
5.4731
5.46948
5.46531
5.46092
5.455
5.44575
5.43133
5.39427
5.35848
5.32337
5.3077
5.30103
5.29592
5.29787
5.31596
-1e+10
-1e+10
-1e+10
-1e+10
-1e+10
-1e+10
-1e+10
-1e+10
-1e+10
5.47598
5.46815
5.42808
5.37825
5.34053
5.31429
5.30408
5.29387
5.27848
5.27061
5.26602
5.26369
5.26227
5.26068
5.25785
5.25342
5.24953
5.24756
5.24747
5.24873
5.2516
5.25697
5.26412
5.2723
5.28177
5.29253
5.30659
5.32587
5.34998
5.37453
5.38813
5.38272
-1e+10
-1e+10
-1e+10
-1e+10
-1e+10
-1e+10
-1e+10
-1e+10
-1e+10
-1e+10
-1e+10
-1e+10
-1e+10
-1e+10
-1e+10
-1e+10
-1e+10
-1e+10
-1e+10
