0
0
0
0
0
0
0
0
0
0
1043.46
1114.34
4431.28
6953.12
7158.28
7158.28
6707.22
6707.22
6707.22
6707.22
6762.73
6762.73
6917.49
6762.73
4640.62
1054.86
1054.86
1054.86
1110.94
1175.13
1175.13
1175.13
1175.13
1385.38
1385.38
1975.6
4067.9
4424.95
7388.61
7643.17
7643.17
7665.16
7665.16
7468.04
7468.04
7665.38
7468.04
6304.66
6343.75
2835.09
2835.09
2835.09
2578.12
2578.12
2578.12
2578.12
3810.02
3836.51
7624.58
7840.83
7840.83
7840.83
7648.11
5524.01
5303.18
3518.48
1536.75
1536.75
3518.48
3518.48
3870.89
3870.89
1874.93
1548.26
1345.17
1345.17
1548.26
1210.68
1000
0
0
0
0
0
0
0
0
0
0
0
0
1171.88
1174.81
1193.34
1193.34
1661.01
5837.41
6375
7408.38
7408.38
7569.1
7569.1
7569.1
7707.79
7707.79
7575.46
7575.46
7575.46
7575.46
7669.39
7706.98
7706.98
7669.39
7589.41
7589.41
7567.94
7567.94
7567.94
7457.73
7457.73
7457.73
7584.8
7584.8
7584.8
7663.79
7663.79
7660.05
6184.78
7660.05
7660.05
7660.05
7692.01
7692.01
6718.75
4536.44
3096.92
1388.33
1388.33
1388.33
1388.33
1388.33
1285.35
1116.9
0
0
0
0
0
3424.58
3424.58
3424.58
3150.33
3150.33
3150.33
5442.83
7325.35
7325.35
7140.62
7140.62
6717.25
6546.82
6717.25
6546.82
6717.25
7203.12
7277.13
7203.12
7203.12
3646.18
3646.18
3646.18
7092.34
7163.35
7163.35
7271.55
7163.35
7140.62
6975.74
6975.74
6627.99
6627.99
6055.55
6055.55
6055.55
5804.24
5766.37
5766.37
5804.24
5804.24
6001.34
7037.19
7472.86
7037.19
7037.19
6018.43
6018.43
6018.43
6018.43
6018.43
5926.74
5716.43
5716.43
5716.43
5716.43
5843.75
5847.34
5843.75
5573.4
5612.94
5573.4
3615.35
3239.05
1562.5
1562.5
1842.44
1842.44
1875
1875
1842.44
0
0
0
0
0
0
0
0
0
0
0
0
0
0
0
1124.31
4131.72
4396.93
4396.93
4131.72
2737.85
2737.85
2389.33
2389.33
2587.55
4793.12
3582.21
3582.21
3582.21
3582.21
3582.21
1189.41
1189.41
1118.84
1118.84
1066.02
1066.02
1203.47
1723.03
1977.2
3513.01
3802.01
5813.45
5941.39
6891.34
6891.34
6126.01
6891.34
6891.34
6917.97
6937.36
6937.36
6937.36
6937.36
6954.52
5921.88
5921.88
5921.88
5933.13
5933.13
5933.13
5933.13
5230.78
5230.78
5230.78
5687.5
6587.82
6587.82
6587.82
6337.33
6130.39
5297.08
5297.08
6130.39
6130.39
7303.16
7663.46
7663.46
7303.16
5434.21
5434.21
5434.21
5811.18
5811.18
5811.18
4062.5
3082.31
3082.31
3453.12
3579.21
3453.12
3453.12
1105.85
0
0
0
0
0
0
0
0
0
0
0
0
0
0
0
0
0
0
0
0
0
0
0
0
0
0
1038.69
1060.96
1118.41
4625
5070.19
6812.5
7210.45
7210.45
7210.45
7210.45
7210.45
6630.19
6630.19
6630.19
6630.19
6630.19
6076.16
7443.07
6469.18
6469.18
5533.7
5343.75
4054.66
3028.63
2853.75
2302.77
2302.77
2124.63
1867.07
1827.52
1061.79
1044.79
0
0
0
0
0
0
0
0
0
0
0
0
0
0
0
0
0
0
0
0
0
0
0
0
0
