5.587100000000000399e+00
5.587100000000000399e+00
5.587100000000000399e+00
5.587100000000000399e+00
5.587100000000000399e+00
5.587100000000000399e+00
5.587100000000000399e+00
5.587100000000000399e+00
5.587100000000000399e+00
5.587100000000000399e+00
5.587100000000000399e+00
5.587100000000000399e+00
5.587100000000000399e+00
5.587100000000000399e+00
5.587100000000000399e+00
5.587100000000000399e+00
5.587100000000000399e+00
5.587100000000000399e+00
5.587100000000000399e+00
5.587100000000000399e+00
5.587100000000000399e+00
5.587100000000000399e+00
5.587100000000000399e+00
5.587100000000000399e+00
5.587100000000000399e+00
5.587100000000000399e+00
5.587100000000000399e+00
5.587100000000000399e+00
5.587100000000000399e+00
5.587100000000000399e+00
5.587100000000000399e+00
5.587100000000000399e+00
5.587100000000000399e+00
5.587100000000000399e+00
5.587100000000000399e+00
5.587100000000000399e+00
5.587100000000000399e+00
5.587100000000000399e+00
5.587100000000000399e+00
5.587100000000000399e+00
5.587100000000000399e+00
5.587100000000000399e+00
5.587100000000000399e+00
5.587100000000000399e+00
5.587100000000000399e+00
5.587100000000000399e+00
5.587100000000000399e+00
5.587100000000000399e+00
5.587100000000000399e+00
5.587100000000000399e+00
5.587100000000000399e+00
5.587100000000000399e+00
5.587100000000000399e+00
5.587100000000000399e+00
5.587100000000000399e+00
5.587100000000000399e+00
5.587100000000000399e+00
5.543470000000000120e+00
5.532460000000000377e+00
5.527230000000000310e+00
5.523209999999999731e+00
5.518819999999999837e+00
5.513340000000000352e+00
5.506210000000000271e+00
5.496489999999999654e+00
5.479040000000000354e+00
5.440249999999999808e+00
5.389429999999999943e+00
5.366819999999999702e+00
5.359049999999999869e+00
5.350360000000000227e+00
5.339450000000000252e+00
5.329039999999999999e+00
5.321360000000000312e+00
5.316480000000000317e+00
5.314809999999999590e+00
5.317569999999999908e+00
5.323649999999999771e+00
5.328990000000000116e+00
5.330180000000000362e+00
5.326679999999999637e+00
5.320859999999999701e+00
5.316810000000000258e+00
5.326541052631578843e+00
5.336272105263158316e+00
5.346003157894736901e+00
5.355734210526315486e+00
5.365465263157894960e+00
5.375196315789473545e+00
5.384927368421053018e+00
5.394658421052631603e+00
5.404389473684210188e+00
5.414120526315789661e+00
5.423851578947368246e+00
5.433582631578946831e+00
5.443313684210526304e+00
5.453044736842104889e+00
5.462775789473684362e+00
5.472506842105262947e+00
5.482237894736841533e+00
5.491968947368421006e+00
5.501699999999999591e+00
5.484440000000000204e+00
5.475760000000000183e+00
5.470989999999999576e+00
5.468750000000000000e+00
5.468619999999999592e+00
5.470390000000000086e+00
5.473700000000000010e+00
5.478130000000000166e+00
5.483380000000000365e+00
5.488800000000000345e+00
5.493660000000000210e+00
5.498009999999999842e+00
5.502220000000000333e+00
5.506230000000000402e+00
5.509730000000000238e+00
5.512579999999999814e+00
5.515130000000000088e+00
5.517870000000000275e+00
5.520769999999999733e+00
5.522910000000000430e+00
5.523340000000000138e+00
5.522079999999999878e+00
5.519879999999999676e+00
5.517570000000000086e+00
5.515430000000000277e+00
5.513250000000000206e+00
5.510959999999999859e+00
5.508469999999999978e+00
5.505440000000000111e+00
5.501649999999999707e+00
5.497099999999999653e+00
5.492329999999999934e+00
5.487429999999999808e+00
5.481519999999999726e+00
5.474490000000000300e+00
5.468479999999999563e+00
5.464129999999999932e+00
5.461369999999999614e+00
5.458090000000000330e+00
5.453509999999999636e+00
5.448120000000000296e+00
5.442569999999999908e+00
5.437020000000000408e+00
5.432280000000000442e+00
5.428090000000000082e+00
5.423140000000000072e+00
5.416229999999999656e+00
5.406670000000000087e+00
5.395349999999999646e+00
5.382780000000000342e+00
5.368829999999999991e+00
5.353489999999999860e+00
5.336929999999999730e+00
5.319429999999999659e+00
5.304020000000000401e+00
5.300580000000000069e+00
5.329189999999999650e+00
5.338809999999999611e+00
5.348429999999999573e+00
5.358049999999999535e+00
5.367669999999999497e+00
5.377290000000000347e+00
5.386910000000000309e+00
5.396530000000000271e+00
5.406150000000000233e+00
5.415770000000000195e+00
5.401849999999999596e+00
5.384019999999999584e+00
5.376109999999999722e+00
5.371410000000000018e+00
5.367370000000000196e+00
5.363719999999999821e+00
5.360420000000000407e+00
5.357590000000000074e+00
5.354860000000000397e+00
5.351829999999999643e+00
5.348639999999999617e+00
5.345659999999999634e+00
5.342819999999999681e+00
5.339349999999999596e+00
5.334740000000000038e+00
5.325099999999999945e+00
5.258709999999999773e+00
5.238940000000000374e+00
5.190979999999999706e+00
5.168379999999999974e+00
5.180225161290322511e+00
5.192070322580645048e+00
5.203915483870967584e+00
5.215760645161290121e+00
5.227605806451612658e+00
5.239450967741935195e+00
5.251296129032257731e+00
5.263141290322581156e+00
5.274986451612903693e+00
5.286831612903226230e+00
5.298676774193548766e+00
5.310521935483871303e+00
5.322367096774193840e+00
5.334212258064516377e+00
5.346057419354838913e+00
5.357902580645161450e+00
5.369747741935483987e+00
5.381592903225806523e+00
5.393438064516129060e+00
5.405283225806451597e+00
5.417128387096774134e+00
5.428973548387096670e+00
5.440818709677419207e+00
5.452663870967742632e+00
5.464509032258065169e+00
5.476354193548387705e+00
5.488199354838710242e+00
5.500044516129032779e+00
5.511889677419355316e+00
5.523734838709677852e+00
5.535580000000000389e+00
5.538610000000000255e+00
5.527210000000000178e+00
5.504789999999999850e+00
5.463790000000000369e+00
5.447189999999999976e+00
5.440529999999999866e+00
5.437579999999999636e+00
5.436619999999999564e+00
5.436819999999999986e+00
5.437750000000000306e+00
5.439070000000000071e+00
5.440690000000000026e+00
5.442529999999999646e+00
5.444219999999999615e+00
5.445159999999999556e+00
5.445070000000000299e+00
5.443909999999999805e+00
5.441639999999999588e+00
5.437949999999999839e+00
5.433300000000000018e+00
5.428180000000000227e+00
5.422399999999999665e+00
5.417019999999999946e+00
5.411319999999999908e+00
5.404690000000000438e+00
5.397009999999999863e+00
5.388349999999999973e+00
5.380130000000000301e+00
5.373669999999999725e+00
5.367580000000000240e+00
5.362639999999999851e+00
5.357370000000000410e+00
5.349179999999999602e+00
5.336680000000000312e+00
5.326179999999999914e+00
5.319160000000000110e+00
5.311580000000000190e+00
5.304179999999999673e+00
5.299050000000000260e+00
5.296660000000000146e+00
5.295420000000000016e+00
5.294380000000000308e+00
5.293070000000000164e+00
5.291610000000000369e+00
5.290079999999999671e+00
5.288059999999999761e+00
5.284629999999999939e+00
5.278559999999999697e+00
5.269070000000000142e+00
5.258530000000000371e+00
5.248140000000000249e+00
5.238480000000000025e+00
5.232960000000000278e+00
5.497810000000000308e+00
5.762660000000000338e+00
5.753809999999999647e+00
5.754710000000000214e+00
5.759870000000000267e+00
5.765799999999999592e+00
5.721750909090908443e+00
5.677701818181818183e+00
5.633652727272727034e+00
5.589603636363635886e+00
5.545554545454544737e+00
5.501505454545454477e+00
5.457456363636363328e+00
5.413407272727272179e+00
5.369358181818181031e+00
5.325309090909090770e+00
5.281259999999999621e+00
5.282160000000000188e+00
5.287230000000000096e+00
5.292679999999999829e+00
5.293459999999999610e+00
5.289990000000000414e+00
5.282379999999999853e+00
5.261870000000000047e+00
5.136379999999999946e+00
5.139540000000000219e+00
5.148640000000000327e+00
5.177900000000000169e+00
5.222179999999999822e+00
5.227159444444444247e+00
5.232138888888888673e+00
5.237118333333333098e+00
5.242097777777777523e+00
5.247077222222221948e+00
5.252056666666666374e+00
5.257036111111110799e+00
5.262015555555555224e+00
5.266994999999999649e+00
5.271974444444444963e+00
5.276953888888889388e+00
5.281933333333333813e+00
5.286912777777778238e+00
5.291892222222222664e+00
5.296871666666667089e+00
5.301851111111111514e+00
5.306830555555555939e+00
5.311810000000000365e+00
5.306670000000000442e+00
5.298230000000000217e+00
5.278419999999999668e+00
5.226960000000000051e+00
5.198310000000000208e+00
5.176160000000000316e+00
5.141510000000000247e+00
4.628000000000000114e+00
4.631389999999999674e+00
4.632109999999999950e+00
4.635699999999999932e+00
4.677214117647058522e+00
4.718728235294118001e+00
4.760242352941176591e+00
4.801756470588235182e+00
4.843270588235293772e+00
4.884784705882353251e+00
4.926298823529411841e+00
4.967812941176470432e+00
5.009327058823529910e+00
5.050841176470588501e+00
5.092355294117647091e+00
5.133869411764706570e+00
5.175383529411765160e+00
5.216897647058823750e+00
5.258411764705883229e+00
5.299925882352941819e+00
5.341440000000000410e+00
5.317009999999999792e+00
5.303709999999999702e+00
5.296289999999999942e+00
5.292690000000000339e+00
5.291419999999999568e+00
5.290980000000000238e+00
5.290939999999999976e+00
5.291059999999999874e+00
5.291190000000000282e+00
5.291439999999999699e+00
5.292200000000000237e+00
5.293660000000000032e+00
5.294979999999999798e+00
5.294970000000000176e+00
5.293300000000000338e+00
5.290689999999999671e+00
5.287510000000000154e+00
5.283800000000000274e+00
5.279200000000000337e+00
5.273369999999999891e+00
5.266569999999999752e+00
5.261330000000000062e+00
5.259579999999999700e+00
5.260989999999999611e+00
5.263359999999999594e+00
5.265500000000000291e+00
5.267689999999999984e+00
5.269630000000000258e+00
5.270780000000000243e+00
5.271300000000000097e+00
5.271759999999999557e+00
5.272300000000000431e+00
5.272100000000000009e+00
5.269860000000000433e+00
5.264770000000000394e+00
5.257399999999999629e+00
5.248490000000000322e+00
5.239720000000000155e+00
5.231589999999999741e+00
5.221799999999999997e+00
5.208560000000000301e+00
5.198479999999999990e+00
5.193970000000000198e+00
5.192020000000000302e+00
5.189669999999999561e+00
5.185830000000000162e+00
5.181460000000000399e+00
5.178169999999999717e+00
5.177410000000000068e+00
5.181460000000000399e+00
5.189829999999999721e+00
5.204229999999999912e+00
5.218950000000000422e+00
5.284099999999999575e+00
5.295939999999999870e+00
5.303230000000000111e+00
5.308169999999999611e+00
5.308169999999999611e+00
5.308169999999999611e+00
5.308169999999999611e+00
5.308169999999999611e+00
5.308169999999999611e+00
5.308169999999999611e+00
5.308169999999999611e+00
5.308169999999999611e+00
5.308169999999999611e+00
5.308169999999999611e+00
5.308169999999999611e+00
5.308169999999999611e+00
5.308169999999999611e+00
5.308169999999999611e+00
5.308169999999999611e+00
5.308169999999999611e+00
5.308169999999999611e+00
5.308169999999999611e+00
5.308169999999999611e+00
5.308169999999999611e+00
5.308169999999999611e+00
5.308169999999999611e+00
5.308169999999999611e+00
5.308169999999999611e+00
5.308169999999999611e+00
5.308169999999999611e+00
5.308169999999999611e+00
5.308169999999999611e+00
5.308169999999999611e+00
5.308169999999999611e+00
5.308169999999999611e+00
5.308169999999999611e+00
5.308169999999999611e+00
5.308169999999999611e+00
5.308169999999999611e+00
5.308169999999999611e+00
5.308169999999999611e+00
5.308169999999999611e+00
5.308169999999999611e+00
5.308169999999999611e+00
5.308169999999999611e+00
5.308169999999999611e+00
5.308169999999999611e+00
5.308169999999999611e+00
5.308169999999999611e+00
5.308169999999999611e+00
5.308169999999999611e+00
5.308169999999999611e+00
5.308169999999999611e+00
5.308169999999999611e+00
5.308169999999999611e+00
5.308169999999999611e+00
5.308169999999999611e+00
5.308169999999999611e+00
5.308169999999999611e+00
5.308169999999999611e+00
5.308169999999999611e+00
5.308169999999999611e+00
5.308169999999999611e+00
5.308169999999999611e+00
5.308169999999999611e+00
5.308169999999999611e+00
5.308169999999999611e+00
5.308169999999999611e+00
5.308169999999999611e+00
5.308169999999999611e+00
5.308169999999999611e+00
5.308169999999999611e+00
5.308169999999999611e+00
