1.041930000000000064e+03
1.041930000000000064e+03
1.041930000000000064e+03
1.041930000000000064e+03
1.041930000000000064e+03
1.041930000000000064e+03
1.041930000000000064e+03
1.041930000000000064e+03
1.041930000000000064e+03
1.041930000000000064e+03
1.041930000000000064e+03
1.041930000000000064e+03
1.041930000000000064e+03
1.041930000000000064e+03
1.041930000000000064e+03
1.041930000000000064e+03
1.041930000000000064e+03
1.041930000000000064e+03
1.041930000000000064e+03
1.041930000000000064e+03
1.041930000000000064e+03
1.041930000000000064e+03
1.041930000000000064e+03
1.041930000000000064e+03
1.041930000000000064e+03
1.041930000000000064e+03
1.041930000000000064e+03
1.041930000000000064e+03
1.041930000000000064e+03
1.041930000000000064e+03
1.041930000000000064e+03
1.041930000000000064e+03
1.041930000000000064e+03
1.041930000000000064e+03
1.041930000000000064e+03
1.047099999999999909e+03
1.406250000000000000e+03
5.105550000000000182e+03
5.352720000000000255e+03
7.523489999999999782e+03
7.711029999999999745e+03
7.777670000000000073e+03
7.777670000000000073e+03
7.777670000000000073e+03
7.640550000000000182e+03
7.613899999999999636e+03
7.613899999999999636e+03
6.719689999999999600e+03
3.963280000000000200e+03
3.356849999999999909e+03
3.356849999999999909e+03
2.918480000000000018e+03
2.738730000000000018e+03
2.738730000000000018e+03
2.738730000000000018e+03
2.738730000000000018e+03
2.738730000000000018e+03
1.953119999999999891e+03
1.886529999999999973e+03
1.819940000000000055e+03
1.753349999999999909e+03
1.686759999999999991e+03
1.620170000000000073e+03
1.553579999999999927e+03
1.486990000000000009e+03
1.420400000000000091e+03
5.209010000000000218e+03
5.209010000000000218e+03
5.209010000000000218e+03
2.062500000000000000e+03
2.062500000000000000e+03
1.531250000000000000e+03
1.531250000000000000e+03
4.786149999999999636e+03
4.786149999999999636e+03
2.785739999999999782e+03
4.557250000000000000e+03
4.122270000000000437e+03
3.593750000000000000e+03
4.122270000000000437e+03
4.122270000000000437e+03
4.122270000000000437e+03
3.593750000000000000e+03
3.119989999999999782e+03
2.106880000000000109e+03
2.106880000000000109e+03
2.106880000000000109e+03
5.346109999999999673e+03
5.346109999999999673e+03
5.346109999999999673e+03
5.346109999999999673e+03
5.988409999999999854e+03
6.113470000000000255e+03
6.113470000000000255e+03
6.145569999999999709e+03
6.145569999999999709e+03
2.881320000000000164e+03
2.881320000000000164e+03
2.881320000000000164e+03
2.881320000000000164e+03
3.292650000000000091e+03
3.515619999999999891e+03
3.515619999999999891e+03
3.515619999999999891e+03
3.292650000000000091e+03
2.705539999999999964e+03
2.014089999999999918e+03
2.014089999999999918e+03
2.014089999999999918e+03
3.906250000000000000e+03
4.241159999999999854e+03
4.241159999999999854e+03
3.974239999999999782e+03
3.974239999999999782e+03
3.974239999999999782e+03
3.720800000000000182e+03
3.720800000000000182e+03
4.904989999999999782e+03
7.579800000000000182e+03
7.579800000000000182e+03
7.579800000000000182e+03
7.095590000000000146e+03
5.361590000000000146e+03
5.361590000000000146e+03
6.522029999999999745e+03
6.522029999999999745e+03
6.962909999999999854e+03
7.416640000000000327e+03
7.416640000000000327e+03
6.962909999999999854e+03
6.778069999999999709e+03
6.778069999999999709e+03
6.171670000000000073e+03
6.171670000000000073e+03
6.778069999999999709e+03
6.840189999999999600e+03
6.840189999999999600e+03
6.840189999999999600e+03
6.840189999999999600e+03
7.301479999999999563e+03
7.301479999999999563e+03
7.593859999999999673e+03
7.593859999999999673e+03
7.593859999999999673e+03
6.450029999999999745e+03
5.362420000000000073e+03
5.294170000000000073e+03
1.437500000000000000e+03
1.437500000000000000e+03
1.421880000000000109e+03
1.421880000000000109e+03
1.421880000000000109e+03
2.843750000000000000e+03
1.796880000000000109e+03
1.875000000000000000e+03
2.999480000000000018e+03
1.875000000000000000e+03
1.796880000000000109e+03
1.675450000000000045e+03
1.440440000000000055e+03
1.201380000000000109e+03
1.242920000000000073e+03
1.284460000000000036e+03
1.326000000000000000e+03
1.367539999999999964e+03
2.249869999999999891e+03
2.948269999999999982e+03
5.337970000000000255e+03
5.640619999999999891e+03
6.700149999999999636e+03
6.700149999999999636e+03
6.700149999999999636e+03
5.371390000000000327e+03
5.105180000000000291e+03
2.726599999999999909e+03
1.827930000000000064e+03
1.827930000000000064e+03
1.292519999999999982e+03
1.292519999999999982e+03
1.406250000000000000e+03
1.406250000000000000e+03
1.292519999999999982e+03
1.132640000000000100e+03
1.135571250000000191e+03
1.138502500000000055e+03
1.141433750000000146e+03
1.144365000000000009e+03
1.147296250000000100e+03
1.150227499999999964e+03
1.153158750000000055e+03
1.156090000000000146e+03
1.159021250000000009e+03
1.161952500000000100e+03
1.164883749999999964e+03
1.167815000000000055e+03
1.170746250000000146e+03
1.173677500000000009e+03
1.176608750000000100e+03
1.179539999999999964e+03
1.182471250000000055e+03
1.185402500000000146e+03
1.188333750000000009e+03
1.191265000000000100e+03
1.194196249999999964e+03
1.197127500000000055e+03
1.200058749999999918e+03
1.202990000000000009e+03
1.228750000000000000e+03
2.349000000000000000e+03
2.349000000000000000e+03
2.349000000000000000e+03
2.271119999999999891e+03
2.271119999999999891e+03
1.994190000000000055e+03
2.271119999999999891e+03
3.312500000000000000e+03
3.312500000000000000e+03
4.656250000000000000e+03
4.656250000000000000e+03
4.333819999999999709e+03
4.333819999999999709e+03
4.333819999999999709e+03
3.631219999999999800e+03
4.006659999999999854e+03
3.631219999999999800e+03
3.619719999999999800e+03
3.619719999999999800e+03
3.937639999999999873e+03
3.937639999999999873e+03
4.640010000000000218e+03
6.068649999999999636e+03
6.068649999999999636e+03
6.068649999999999636e+03
6.068649999999999636e+03
6.068649999999999636e+03
6.106409999999999854e+03
6.896750000000000000e+03
6.896750000000000000e+03
6.106409999999999854e+03
5.531250000000000000e+03
5.531250000000000000e+03
5.531250000000000000e+03
5.989520000000000437e+03
6.065529999999999745e+03
6.190710000000000036e+03
7.007829999999999927e+03
7.673819999999999709e+03
7.673819999999999709e+03
7.762989999999999782e+03
7.718939999999999600e+03
7.718939999999999600e+03
6.564619999999999891e+03
6.531250000000000000e+03
6.431399999999999636e+03
6.431399999999999636e+03
6.531250000000000000e+03
6.648439999999999600e+03
6.648439999999999600e+03
6.658989999999999782e+03
6.648439999999999600e+03
6.648439999999999600e+03
5.973050000000000182e+03
5.010689999999999600e+03
3.205769999999999982e+03
2.876710000000000036e+03
2.029180000000000064e+03
2.029180000000000064e+03
2.029180000000000064e+03
2.029180000000000064e+03
2.029180000000000064e+03
1.798720000000000027e+03
1.463670000000000073e+03
1.463670000000000073e+03
1.463670000000000073e+03
1.534559999999999945e+03
1.534559999999999945e+03
1.534559999999999945e+03
1.205950000000000045e+03
1.154130000000000109e+03
1.154130000000000109e+03
1.152009999999999991e+03
1.047799999999999955e+03
1.152009999999999991e+03
1.421880000000000109e+03
1.036069999999999936e+03
1.036069999999999936e+03
1.036069999999999936e+03
1.036069999999999936e+03
1.036069999999999936e+03
1.036069999999999936e+03
1.036069999999999936e+03
1.036069999999999936e+03
1.036069999999999936e+03
1.036069999999999936e+03
1.036069999999999936e+03
1.036069999999999936e+03
1.036069999999999936e+03
1.036069999999999936e+03
1.036069999999999936e+03
1.036069999999999936e+03
1.036069999999999936e+03
1.036069999999999936e+03
1.036069999999999936e+03
1.036069999999999936e+03
1.036069999999999936e+03
1.036069999999999936e+03
1.036069999999999936e+03
1.036069999999999936e+03
1.036069999999999936e+03
1.036069999999999936e+03
1.036069999999999936e+03
1.036069999999999936e+03
1.036069999999999936e+03
1.036069999999999936e+03
1.036069999999999936e+03
1.036069999999999936e+03
1.036069999999999936e+03
1.036069999999999936e+03
1.036069999999999936e+03
1.036069999999999936e+03
1.036069999999999936e+03
1.036069999999999936e+03
1.036069999999999936e+03
1.036069999999999936e+03
