1.015620000000000005e+03
1.015620000000000005e+03
1.015620000000000005e+03
1.015620000000000005e+03
1.015620000000000005e+03
1.015620000000000005e+03
1.015620000000000005e+03
1.015620000000000005e+03
1.015620000000000005e+03
1.015620000000000005e+03
1.015620000000000005e+03
1.015620000000000005e+03
1.015620000000000005e+03
1.015620000000000005e+03
1.015620000000000005e+03
1.015620000000000005e+03
1.015620000000000005e+03
1.015620000000000005e+03
1.015620000000000005e+03
1.015620000000000005e+03
1.015620000000000005e+03
1.015620000000000005e+03
1.015620000000000005e+03
1.015620000000000005e+03
1.015620000000000005e+03
1.015620000000000005e+03
1.015620000000000005e+03
1.015620000000000005e+03
1.015620000000000005e+03
1.015620000000000005e+03
1.015620000000000005e+03
1.015620000000000005e+03
1.015620000000000005e+03
1.015620000000000005e+03
1.015620000000000005e+03
1.015620000000000005e+03
1.015620000000000005e+03
1.015620000000000005e+03
1.015620000000000005e+03
1.015620000000000005e+03
1.015620000000000005e+03
1.015620000000000005e+03
1.015620000000000005e+03
1.015620000000000005e+03
1.015620000000000005e+03
1.015620000000000005e+03
1.015620000000000005e+03
1.015620000000000005e+03
1.015620000000000005e+03
1.015620000000000005e+03
1.015620000000000005e+03
1.015620000000000005e+03
1.015620000000000005e+03
1.015620000000000005e+03
1.015620000000000005e+03
1.015620000000000005e+03
1.015620000000000005e+03
1.152579999999999927e+03
1.332109999999999900e+03
2.209570000000000164e+03
2.973519999999999982e+03
6.124189999999999600e+03
6.159029999999999745e+03
6.159029999999999745e+03
6.124189999999999600e+03
2.421780000000000200e+03
1.756359999999999900e+03
1.426319999999999936e+03
1.756359999999999900e+03
1.756359999999999900e+03
2.091150000000000091e+03
2.621760000000000218e+03
3.211519999999999982e+03
3.211519999999999982e+03
3.110369999999999891e+03
2.621760000000000218e+03
1.510359999999999900e+03
1.510359999999999900e+03
1.510359999999999900e+03
2.291110000000000127e+03
2.291110000000000127e+03
2.291110000000000127e+03
1.009419999999999959e+03
1.020134736842105212e+03
1.030849473684210579e+03
1.041564210526315719e+03
1.052278947368421086e+03
1.062993684210526226e+03
1.073708421052631593e+03
1.084423157894736732e+03
1.095137894736842100e+03
1.105852631578947239e+03
1.116567368421052606e+03
1.127282105263157973e+03
1.137996842105263113e+03
1.148711578947368480e+03
1.159426315789473620e+03
1.170141052631578987e+03
1.180855789473684126e+03
1.191570526315789493e+03
1.202285263157894860e+03
1.213000000000000000e+03
4.977840000000000146e+03
4.977840000000000146e+03
4.495640000000000327e+03
4.977840000000000146e+03
4.495640000000000327e+03
4.276609999999999673e+03
4.495640000000000327e+03
3.149449999999999818e+03
3.149449999999999818e+03
4.968029999999999745e+03
4.968029999999999745e+03
6.359279999999999745e+03
6.359279999999999745e+03
5.953119999999999891e+03
5.953119999999999891e+03
6.968750000000000000e+03
6.968750000000000000e+03
6.981460000000000036e+03
6.981460000000000036e+03
6.968750000000000000e+03
6.981460000000000036e+03
6.792729999999999563e+03
6.710479999999999563e+03
6.792729999999999563e+03
7.275770000000000437e+03
6.906250000000000000e+03
6.906250000000000000e+03
6.906250000000000000e+03
6.906250000000000000e+03
6.906250000000000000e+03
7.392470000000000255e+03
7.512130000000000109e+03
7.512130000000000109e+03
7.512130000000000109e+03
5.728380000000000109e+03
5.728380000000000109e+03
5.700590000000000146e+03
5.728380000000000109e+03
5.728380000000000109e+03
5.195250000000000000e+03
5.080520000000000437e+03
5.080520000000000437e+03
5.056670000000000073e+03
5.080520000000000437e+03
5.051409999999999854e+03
5.000609999999999673e+03
3.995039999999999964e+03
3.995039999999999964e+03
3.759380000000000109e+03
3.759380000000000109e+03
3.581659999999999854e+03
1.882720000000000027e+03
1.267359999999999900e+03
1.053859999999999900e+03
1.029069999999999936e+03
1.016179999999999950e+03
1.022804999999999950e+03
1.029430000000000064e+03
1.036055000000000064e+03
1.042680000000000064e+03
1.049305000000000064e+03
1.055930000000000064e+03
1.062555000000000064e+03
1.069180000000000064e+03
1.075805000000000064e+03
1.082430000000000064e+03
1.343230000000000018e+03
5.170920000000000073e+03
5.234380000000000109e+03
5.714710000000000036e+03
5.729590000000000146e+03
5.781329999999999927e+03
7.127090000000000146e+03
5.729590000000000146e+03
6.937500000000000000e+03
6.937500000000000000e+03
5.717090000000000146e+03
4.948319999999999709e+03
4.112670000000000073e+03
3.110469999999999800e+03
2.457099999999999909e+03
1.215849999999999909e+03
1.208680000000000064e+03
1.182210000000000036e+03
1.089039999999999964e+03
1.010500000000000000e+03
1.010302903225806403e+03
1.010105806451612921e+03
1.009908709677419324e+03
1.009711612903225841e+03
1.009514516129032245e+03
1.009317419354838762e+03
1.009120322580645166e+03
1.008923225806451569e+03
1.008726129032258086e+03
1.008529032258064490e+03
1.008331935483871007e+03
1.008134838709677410e+03
1.007937741935483814e+03
1.007740645161290331e+03
1.007543548387096735e+03
1.007346451612903252e+03
1.007149354838709655e+03
1.006952258064516172e+03
1.006755161290322576e+03
1.006558064516128979e+03
1.006360967741935497e+03
1.006163870967741900e+03
1.005966774193548417e+03
1.005769677419354821e+03
1.005572580645161224e+03
1.005375483870967741e+03
1.005178387096774145e+03
1.004981290322580662e+03
1.004784193548387066e+03
1.004587096774193583e+03
1.004389999999999986e+03
1.035029999999999973e+03
1.264240000000000009e+03
1.381029999999999973e+03
1.837869999999999891e+03
2.534500000000000000e+03
2.507579999999999927e+03
2.534500000000000000e+03
2.699880000000000109e+03
2.699880000000000109e+03
3.692269999999999982e+03
4.884260000000000218e+03
4.884260000000000218e+03
4.884260000000000218e+03
4.171880000000000109e+03
3.899440000000000055e+03
3.460190000000000055e+03
3.460190000000000055e+03
3.899440000000000055e+03
5.184409999999999854e+03
5.199380000000000109e+03
5.199380000000000109e+03
5.184409999999999854e+03
5.184409999999999854e+03
5.356479999999999563e+03
5.356479999999999563e+03
5.721060000000000400e+03
5.721060000000000400e+03
6.766729999999999563e+03
6.766729999999999563e+03
7.375000000000000000e+03
7.342609999999999673e+03
7.342609999999999673e+03
7.342609999999999673e+03
7.342609999999999673e+03
6.859380000000000109e+03
6.722869999999999891e+03
6.502949999999999818e+03
6.131180000000000291e+03
6.502949999999999818e+03
6.131180000000000291e+03
6.131180000000000291e+03
5.801800000000000182e+03
5.782140000000000327e+03
5.782140000000000327e+03
5.779340000000000146e+03
5.779340000000000146e+03
5.702020000000000437e+03
5.702020000000000437e+03
5.702020000000000437e+03
3.193550000000000182e+03
3.137280000000000200e+03
2.322829999999999927e+03
2.078119999999999891e+03
1.578119999999999891e+03
1.265619999999999891e+03
1.208109999999999900e+03
1.208109999999999900e+03
1.172819999999999936e+03
1.119259999999999991e+03
1.200413636363636442e+03
1.281567272727272666e+03
1.362720909090909117e+03
1.443874545454545569e+03
1.525028181818181793e+03
1.606181818181818244e+03
1.687335454545454468e+03
1.768489090909090919e+03
1.849642727272727370e+03
1.930796363636363594e+03
2.011950000000000045e+03
2.162670000000000073e+03
2.642340000000000146e+03
2.642340000000000146e+03
2.011950000000000045e+03
1.825789999999999964e+03
1.281329999999999927e+03
1.241670000000000073e+03
1.176109999999999900e+03
1.111400000000000091e+03
1.111400000000000091e+03
1.111400000000000091e+03
1.031250000000000000e+03
1.040798333333333403e+03
1.050346666666666579e+03
1.059894999999999982e+03
1.069443333333333385e+03
1.078991666666666561e+03
1.088539999999999964e+03
1.098088333333333367e+03
1.107636666666666542e+03
1.117184999999999945e+03
1.126733333333333348e+03
1.136281666666666524e+03
1.145829999999999927e+03
1.155378333333333330e+03
1.164926666666666506e+03
1.174474999999999909e+03
1.184023333333333312e+03
1.193571666666666488e+03
1.203119999999999891e+03
2.168599999999999909e+03
2.168599999999999909e+03
2.168599999999999909e+03
1.390150000000000091e+03
1.390150000000000091e+03
1.356980000000000018e+03
1.153650000000000091e+03
1.132809999999999945e+03
1.080019999999999982e+03
1.008799999999999955e+03
1.004269999999999982e+03
1.020238823529411775e+03
1.036207647058823568e+03
1.052176470588235361e+03
1.068145294117647154e+03
1.084114117647058720e+03
1.100082941176470513e+03
1.116051764705882306e+03
1.132020588235294099e+03
1.147989411764705892e+03
1.163958235294117685e+03
1.179927058823529478e+03
1.195895882352941271e+03
1.211864705882353064e+03
1.227833529411764630e+03
1.243802352941176423e+03
1.259771176470588216e+03
1.275740000000000009e+03
2.807769999999999982e+03
3.062500000000000000e+03
4.375000000000000000e+03
5.262869999999999891e+03
5.390619999999999891e+03
5.442810000000000400e+03
6.909170000000000073e+03
6.909170000000000073e+03
6.909170000000000073e+03
6.750000000000000000e+03
5.721939999999999600e+03
5.721939999999999600e+03
4.593829999999999927e+03
4.593829999999999927e+03
5.886220000000000255e+03
6.312500000000000000e+03
6.312500000000000000e+03
7.609380000000000109e+03
6.312500000000000000e+03
7.515619999999999891e+03
7.515619999999999891e+03
6.525949999999999818e+03
6.311359999999999673e+03
6.311359999999999673e+03
6.311359999999999673e+03
6.306670000000000073e+03
6.148770000000000437e+03
6.007729999999999563e+03
6.007729999999999563e+03
6.007729999999999563e+03
6.007729999999999563e+03
6.216340000000000146e+03
6.644569999999999709e+03
6.644569999999999709e+03
6.216340000000000146e+03
6.075149999999999636e+03
6.075149999999999636e+03
6.075149999999999636e+03
6.042840000000000146e+03
6.307449999999999818e+03
6.307449999999999818e+03
6.307449999999999818e+03
6.265779999999999745e+03
6.307449999999999818e+03
6.619300000000000182e+03
6.619300000000000182e+03
6.265779999999999745e+03
1.442430000000000064e+03
1.421880000000000109e+03
1.421880000000000109e+03
1.442430000000000064e+03
1.442430000000000064e+03
1.692970000000000027e+03
1.692970000000000027e+03
1.436269999999999982e+03
1.196210000000000036e+03
1.196210000000000036e+03
1.196210000000000036e+03
1.196210000000000036e+03
1.196210000000000036e+03
1.196210000000000036e+03
1.196210000000000036e+03
1.196210000000000036e+03
1.196210000000000036e+03
1.196210000000000036e+03
1.196210000000000036e+03
1.196210000000000036e+03
1.196210000000000036e+03
1.196210000000000036e+03
1.196210000000000036e+03
1.196210000000000036e+03
1.196210000000000036e+03
1.196210000000000036e+03
1.196210000000000036e+03
1.196210000000000036e+03
1.196210000000000036e+03
1.196210000000000036e+03
1.196210000000000036e+03
1.196210000000000036e+03
1.196210000000000036e+03
1.196210000000000036e+03
1.196210000000000036e+03
1.196210000000000036e+03
1.196210000000000036e+03
1.196210000000000036e+03
1.196210000000000036e+03
1.196210000000000036e+03
1.196210000000000036e+03
1.196210000000000036e+03
1.196210000000000036e+03
1.196210000000000036e+03
1.196210000000000036e+03
1.196210000000000036e+03
1.196210000000000036e+03
1.196210000000000036e+03
1.196210000000000036e+03
1.196210000000000036e+03
1.196210000000000036e+03
1.196210000000000036e+03
1.196210000000000036e+03
1.196210000000000036e+03
1.196210000000000036e+03
1.196210000000000036e+03
1.196210000000000036e+03
1.196210000000000036e+03
1.196210000000000036e+03
1.196210000000000036e+03
1.196210000000000036e+03
1.196210000000000036e+03
1.196210000000000036e+03
1.196210000000000036e+03
1.196210000000000036e+03
1.196210000000000036e+03
1.196210000000000036e+03
1.196210000000000036e+03
1.196210000000000036e+03
1.196210000000000036e+03
1.196210000000000036e+03
1.196210000000000036e+03
1.196210000000000036e+03
1.196210000000000036e+03
1.196210000000000036e+03
1.196210000000000036e+03
1.196210000000000036e+03
1.196210000000000036e+03
1.196210000000000036e+03
