1.182750000000000000e+03
1.182750000000000000e+03
1.182750000000000000e+03
1.182750000000000000e+03
1.182750000000000000e+03
1.182750000000000000e+03
1.182750000000000000e+03
1.182750000000000000e+03
1.182750000000000000e+03
1.182750000000000000e+03
1.182750000000000000e+03
1.182750000000000000e+03
1.182750000000000000e+03
1.182750000000000000e+03
1.182750000000000000e+03
1.182750000000000000e+03
1.182750000000000000e+03
1.182750000000000000e+03
1.182750000000000000e+03
1.182750000000000000e+03
1.182750000000000000e+03
1.182750000000000000e+03
1.182750000000000000e+03
1.182750000000000000e+03
1.182750000000000000e+03
1.182750000000000000e+03
1.182750000000000000e+03
1.182750000000000000e+03
1.182750000000000000e+03
1.182750000000000000e+03
1.182750000000000000e+03
1.182750000000000000e+03
1.182750000000000000e+03
1.182750000000000000e+03
1.182750000000000000e+03
1.182750000000000000e+03
1.182750000000000000e+03
1.182750000000000000e+03
1.182750000000000000e+03
1.182750000000000000e+03
1.182750000000000000e+03
1.182750000000000000e+03
1.182750000000000000e+03
1.182750000000000000e+03
1.182750000000000000e+03
1.182750000000000000e+03
1.182750000000000000e+03
1.182750000000000000e+03
1.182750000000000000e+03
1.182750000000000000e+03
1.182750000000000000e+03
1.182750000000000000e+03
1.182750000000000000e+03
1.182750000000000000e+03
1.182750000000000000e+03
1.182750000000000000e+03
1.182750000000000000e+03
1.182750000000000000e+03
1.182750000000000000e+03
1.182750000000000000e+03
1.182750000000000000e+03
1.182750000000000000e+03
1.182750000000000000e+03
1.182750000000000000e+03
1.182750000000000000e+03
1.182750000000000000e+03
1.182750000000000000e+03
1.182750000000000000e+03
1.182750000000000000e+03
1.182750000000000000e+03
1.182750000000000000e+03
1.182750000000000000e+03
1.182750000000000000e+03
1.182750000000000000e+03
1.182750000000000000e+03
1.182750000000000000e+03
1.217359999999999900e+03
4.762069999999999709e+03
4.762069999999999709e+03
5.951579999999999927e+03
6.072520000000000437e+03
6.281250000000000000e+03
6.520789999999999964e+03
7.248710000000000036e+03
7.248710000000000036e+03
7.248710000000000036e+03
7.644930000000000291e+03
6.790050000000000182e+03
6.744539999999999964e+03
6.744539999999999964e+03
6.744539999999999964e+03
6.744539999999999964e+03
6.468829999999999927e+03
6.468829999999999927e+03
5.833159999999999854e+03
7.026569999999999709e+03
6.839079999999999927e+03
6.839079999999999927e+03
6.839079999999999927e+03
7.026569999999999709e+03
6.839079999999999927e+03
7.379609999999999673e+03
7.431890000000000327e+03
7.431890000000000327e+03
6.678970000000000255e+03
7.024489999999999782e+03
6.678970000000000255e+03
6.081560000000000400e+03
5.979829999999999927e+03
5.979829999999999927e+03
5.593750000000000000e+03
5.580720000000000255e+03
5.580720000000000255e+03
5.361050000000000182e+03
3.092000000000000000e+03
2.510260000000000218e+03
3.092000000000000000e+03
1.800460000000000036e+03
1.800460000000000036e+03
1.484759999999999991e+03
1.471920000000000073e+03
1.518620000000000118e+03
1.565320000000000164e+03
1.612019999999999982e+03
1.658720000000000027e+03
1.705420000000000073e+03
1.752120000000000118e+03
1.798820000000000164e+03
1.845519999999999982e+03
1.892220000000000027e+03
1.938920000000000073e+03
1.985620000000000118e+03
2.032320000000000164e+03
2.079019999999999982e+03
2.125720000000000255e+03
2.172420000000000073e+03
2.219119999999999891e+03
2.265820000000000164e+03
2.312519999999999982e+03
2.359220000000000255e+03
2.405920000000000073e+03
2.452619999999999891e+03
2.499320000000000164e+03
2.546020000000000437e+03
2.592720000000000255e+03
2.639420000000000073e+03
2.639420000000000073e+03
2.750000000000000000e+03
2.639420000000000073e+03
2.476300000000000182e+03
2.476300000000000182e+03
2.992190000000000055e+03
2.809030000000000200e+03
2.992190000000000055e+03
3.412320000000000164e+03
4.786529999999999745e+03
4.786529999999999745e+03
6.345819999999999709e+03
6.345819999999999709e+03
6.484380000000000109e+03
6.345819999999999709e+03
6.345819999999999709e+03
6.698739999999999782e+03
6.882810000000000400e+03
6.882810000000000400e+03
7.448779999999999745e+03
6.882810000000000400e+03
6.882810000000000400e+03
6.814420000000000073e+03
3.137739999999999782e+03
2.925550000000000182e+03
2.925550000000000182e+03
1.852880000000000109e+03
1.852190000000000055e+03
1.852880000000000109e+03
1.819630000000000109e+03
1.819630000000000109e+03
1.819630000000000109e+03
1.819630000000000109e+03
1.203119999999999891e+03
1.414874117647058711e+03
1.626628235294117530e+03
1.838382352941176350e+03
2.050136470588235170e+03
2.261890588235293762e+03
2.473644705882352810e+03
2.685398823529411857e+03
2.897152941176470449e+03
3.108907058823529042e+03
3.320661176470588089e+03
3.532415294117647136e+03
3.744169411764705728e+03
3.955923529411764321e+03
4.167677647058822913e+03
4.379431764705882415e+03
4.591185882352941007e+03
4.802939999999999600e+03
5.453119999999999891e+03
5.617189999999999600e+03
5.453119999999999891e+03
5.453119999999999891e+03
5.617189999999999600e+03
6.886609999999999673e+03
7.093750000000000000e+03
7.252460000000000036e+03
7.093750000000000000e+03
6.886609999999999673e+03
1.783160000000000082e+03
1.188579999999999927e+03
1.174900000000000091e+03
1.124059999999999945e+03
1.087519999999999982e+03
1.015620000000000005e+03
1.017627500000000055e+03
1.019634999999999991e+03
1.021642500000000041e+03
1.023649999999999977e+03
1.025657500000000027e+03
1.027664999999999964e+03
1.029672500000000127e+03
1.031680000000000064e+03
1.033687500000000000e+03
1.035694999999999936e+03
1.037702500000000100e+03
1.039710000000000036e+03
1.046880000000000109e+03
2.125000000000000000e+03
5.017630000000000109e+03
5.017630000000000109e+03
5.017630000000000109e+03
2.161159999999999854e+03
1.816069999999999936e+03
1.203119999999999891e+03
1.154049999999999955e+03
1.154049999999999955e+03
1.154049999999999955e+03
1.171880000000000109e+03
1.171880000000000109e+03
1.171880000000000109e+03
1.437085789473684372e+03
1.702291578947368635e+03
1.967497368421052670e+03
2.232703157894737160e+03
2.497908947368421195e+03
2.763114736842105231e+03
3.028320526315789721e+03
3.293526315789473756e+03
3.558732105263157791e+03
3.823937894736842281e+03
4.089143684210526317e+03
4.354349473684210352e+03
4.619555263157894842e+03
4.884761052631578423e+03
5.149966842105262913e+03
5.415172631578947403e+03
5.680378421052631893e+03
5.945584210526315474e+03
6.210789999999999964e+03
6.221710000000000036e+03
6.566500000000000000e+03
6.221710000000000036e+03
6.210789999999999964e+03
4.725680000000000291e+03
2.131480000000000018e+03
1.323910000000000082e+03
1.197109999999999900e+03
1.123799999999999955e+03
1.062500000000000000e+03
1.062500000000000000e+03
1.062500000000000000e+03
1.062500000000000000e+03
1.018450000000000045e+03
1.078443500000000085e+03
1.138437000000000126e+03
1.198430499999999938e+03
1.258423999999999978e+03
1.318417500000000018e+03
1.378411000000000058e+03
1.438404500000000098e+03
1.498398000000000138e+03
1.558391500000000178e+03
1.618385000000000218e+03
1.678378500000000258e+03
1.738372000000000071e+03
1.798365500000000111e+03
1.858359000000000151e+03
1.918352499999999964e+03
1.978346000000000004e+03
2.038339500000000044e+03
2.098333000000000084e+03
2.158326500000000124e+03
2.218320000000000164e+03
2.218320000000000164e+03
2.218320000000000164e+03
2.840590000000000146e+03
2.840590000000000146e+03
2.102820000000000164e+03
2.342429999999999836e+03
3.955409999999999854e+03
2.342429999999999836e+03
2.102820000000000164e+03
2.322026315789473756e+03
2.541232631578947348e+03
2.760438947368421395e+03
2.979645263157894988e+03
3.198851578947368580e+03
3.418057894736842172e+03
3.637264210526315765e+03
3.856470526315789357e+03
4.075676842105262949e+03
4.294883157894737451e+03
4.514089473684211043e+03
4.733295789473684636e+03
4.952502105263158228e+03
5.171708421052631820e+03
5.390914736842105413e+03
5.610121052631579005e+03
5.829327368421052597e+03
6.048533684210526189e+03
6.267739999999999782e+03
6.314310000000000400e+03
6.422609999999999673e+03
6.314310000000000400e+03
6.365210000000000036e+03
6.365210000000000036e+03
6.365210000000000036e+03
6.365210000000000036e+03
6.365210000000000036e+03
6.203119999999999891e+03
6.812500000000000000e+03
6.812500000000000000e+03
7.367380000000000109e+03
7.367380000000000109e+03
7.660930000000000291e+03
7.660930000000000291e+03
7.660930000000000291e+03
6.272100000000000364e+03
6.566609999999999673e+03
6.566609999999999673e+03
6.173970000000000255e+03
6.566609999999999673e+03
6.566609999999999673e+03
5.562680000000000291e+03
5.562680000000000291e+03
5.562680000000000291e+03
4.888210000000000036e+03
4.888210000000000036e+03
5.390619999999999891e+03
5.361060000000000400e+03
5.361060000000000400e+03
5.361060000000000400e+03
4.719970000000000255e+03
3.562909999999999854e+03
3.346800000000000182e+03
3.343780000000000200e+03
3.343780000000000200e+03
3.286360000000000127e+03
3.286360000000000127e+03
2.981989999999999782e+03
2.981989999999999782e+03
2.981989999999999782e+03
3.714139999999999873e+03
3.714139999999999873e+03
3.714139999999999873e+03
4.354630000000000109e+03
4.354630000000000109e+03
4.354630000000000109e+03
4.411079999999999927e+03
4.411079999999999927e+03
4.826850000000000364e+03
4.892979999999999563e+03
4.892979999999999563e+03
4.557319999999999709e+03
4.557319999999999709e+03
4.557319999999999709e+03
4.439460000000000036e+03
4.439460000000000036e+03
5.646590000000000146e+03
5.646590000000000146e+03
3.893519999999999982e+03
2.780420000000000073e+03
2.780420000000000073e+03
2.734380000000000109e+03
2.583800000000000182e+03
2.734380000000000109e+03
3.453119999999999891e+03
2.734380000000000109e+03
2.623230000000000018e+03
3.015619999999999891e+03
2.623230000000000018e+03
1.515619999999999891e+03
1.431140000000000100e+03
1.431140000000000100e+03
1.144980000000000018e+03
1.144980000000000018e+03
1.144980000000000018e+03
1.144980000000000018e+03
1.144980000000000018e+03
1.144980000000000018e+03
1.144980000000000018e+03
1.144980000000000018e+03
1.144980000000000018e+03
1.144980000000000018e+03
1.144980000000000018e+03
1.144980000000000018e+03
1.144980000000000018e+03
1.144980000000000018e+03
1.144980000000000018e+03
1.144980000000000018e+03
1.144980000000000018e+03
1.144980000000000018e+03
1.144980000000000018e+03
1.144980000000000018e+03
1.144980000000000018e+03
1.144980000000000018e+03
1.144980000000000018e+03
1.144980000000000018e+03
1.144980000000000018e+03
1.144980000000000018e+03
1.144980000000000018e+03
1.144980000000000018e+03
1.144980000000000018e+03
1.144980000000000018e+03
1.144980000000000018e+03
1.144980000000000018e+03
1.144980000000000018e+03
1.144980000000000018e+03
1.144980000000000018e+03
1.144980000000000018e+03
1.144980000000000018e+03
1.144980000000000018e+03
1.144980000000000018e+03
1.144980000000000018e+03
1.144980000000000018e+03
1.144980000000000018e+03
1.144980000000000018e+03
1.144980000000000018e+03
1.144980000000000018e+03
1.144980000000000018e+03
1.144980000000000018e+03
1.144980000000000018e+03
1.144980000000000018e+03
1.144980000000000018e+03
1.144980000000000018e+03
1.144980000000000018e+03
1.144980000000000018e+03
1.144980000000000018e+03
1.144980000000000018e+03
1.144980000000000018e+03
1.144980000000000018e+03
1.144980000000000018e+03
1.144980000000000018e+03
1.144980000000000018e+03
1.144980000000000018e+03
