5.516930000000000334e+00
5.516930000000000334e+00
5.516930000000000334e+00
5.516930000000000334e+00
5.516930000000000334e+00
5.516930000000000334e+00
5.516930000000000334e+00
5.516930000000000334e+00
5.516930000000000334e+00
5.516930000000000334e+00
5.516930000000000334e+00
5.516930000000000334e+00
5.516930000000000334e+00
5.516930000000000334e+00
5.516930000000000334e+00
5.516930000000000334e+00
5.516930000000000334e+00
5.516930000000000334e+00
5.515039999999999942e+00
5.501479999999999926e+00
5.479059999999999597e+00
5.445009999999999906e+00
5.403959999999999653e+00
5.376380000000000159e+00
5.369609999999999772e+00
5.368290000000000006e+00
5.363669999999999938e+00
5.359230000000000160e+00
5.356419999999999959e+00
5.355100000000000193e+00
5.354680000000000106e+00
5.354309999999999903e+00
5.353970000000000340e+00
5.354099999999999859e+00
5.354870000000000019e+00
5.356489999999999974e+00
5.358889999999999709e+00
5.362070000000000114e+00
5.365840000000000387e+00
5.369799999999999685e+00
5.373590000000000089e+00
5.377150000000000318e+00
5.379970000000000141e+00
5.381020000000000358e+00
5.380449999999999733e+00
5.379809999999999981e+00
5.381339999999999790e+00
5.386519999999999975e+00
5.393970000000000375e+00
5.401329999999999742e+00
5.407309999999999839e+00
5.412379999999999747e+00
5.417029999999999568e+00
5.421979999999999578e+00
5.427669999999999995e+00
5.433779999999999610e+00
5.439980000000000260e+00
5.445820000000000327e+00
5.451360000000000205e+00
5.458490000000000286e+00
5.469109999999999694e+00
5.477509999999999657e+00
5.479230000000000267e+00
5.476799999999999891e+00
5.472909999999999719e+00
5.468919999999999781e+00
5.465609999999999857e+00
5.463230000000000253e+00
5.461879999999999846e+00
5.461719999999999686e+00
5.462379999999999569e+00
5.463149999999999729e+00
5.463949999999999640e+00
5.465600000000000236e+00
5.469159999999999577e+00
5.474639999999999951e+00
5.481600000000000250e+00
5.489580000000000126e+00
5.498050000000000104e+00
5.507310000000000372e+00
5.517689999999999984e+00
5.528129999999999988e+00
5.538990000000000080e+00
5.551680000000000170e+00
5.565940000000000332e+00
5.579039999999999999e+00
5.589699999999999669e+00
5.599249999999999616e+00
5.607999999999999652e+00
5.616100000000000314e+00
5.621819999999999595e+00
5.624159999999999826e+00
5.622510000000000119e+00
5.617329999999999934e+00
5.609630000000000116e+00
5.599149999999999849e+00
5.584550000000000125e+00
5.580390000000000406e+00
5.577620000000000466e+00
5.574850000000000527e+00
5.572080000000000588e+00
5.569310000000000649e+00
5.566540000000000710e+00
5.563769999999999882e+00
5.560999999999999943e+00
5.558230000000000004e+00
5.555460000000000065e+00
5.552690000000000126e+00
5.549920000000000186e+00
5.547150000000000247e+00
5.544380000000000308e+00
5.541610000000000369e+00
5.538840000000000430e+00
5.536070000000000491e+00
5.533300000000000551e+00
5.530529999999999724e+00
5.527759999999999785e+00
5.524989999999999846e+00
5.522219999999999906e+00
5.519449999999999967e+00
5.516680000000000028e+00
5.513910000000000089e+00
5.511140000000000150e+00
5.508370000000000211e+00
5.505600000000000271e+00
5.502830000000000332e+00
5.500059999999999505e+00
5.497289999999999566e+00
5.494519999999999627e+00
5.491749999999999687e+00
5.488979999999999748e+00
5.486209999999999809e+00
5.481449999999999712e+00
5.470240000000000435e+00
5.454509999999999970e+00
5.435469999999999580e+00
5.415770000000000195e+00
5.400210000000000399e+00
5.392190000000000261e+00
5.389850000000000030e+00
5.389479999999999826e+00
5.389680000000000248e+00
5.389870000000000161e+00
5.390039999999999942e+00
5.390719999999999956e+00
5.392220000000000013e+00
5.394090000000000273e+00
5.395559999999999690e+00
5.396939999999999849e+00
5.399740000000000428e+00
5.404919999999999725e+00
5.413170000000000037e+00
5.424599999999999866e+00
5.437439999999999607e+00
5.448959999999999582e+00
5.458059999999999690e+00
5.464800000000000324e+00
5.469879999999999853e+00
5.473550000000000360e+00
5.476029999999999731e+00
5.478049999999999642e+00
5.480369999999999742e+00
5.483550000000000146e+00
5.487110000000000376e+00
5.489480000000000359e+00
5.489169999999999661e+00
5.484960000000000058e+00
5.475590000000000401e+00
5.459760000000000169e+00
5.435649999999999871e+00
5.410510000000000375e+00
5.393500000000000405e+00
5.376739999999999853e+00
5.347760000000000069e+00
5.354491071428571836e+00
5.361222142857142714e+00
5.367953214285714481e+00
5.374684285714285359e+00
5.381415357142857125e+00
5.388146428571428892e+00
5.394877499999999770e+00
5.401608571428571537e+00
5.408339642857142415e+00
5.415070714285714182e+00
5.421801785714285948e+00
5.428532857142856827e+00
5.435263928571428593e+00
5.441995000000000360e+00
5.448726071428571238e+00
5.455457142857143005e+00
5.462188214285713883e+00
5.468919285714285650e+00
5.475650357142857416e+00
5.482381428571428295e+00
5.489112500000000061e+00
5.495843571428570939e+00
5.502574642857142706e+00
5.509305714285714473e+00
5.516036785714285351e+00
5.522767857142857117e+00
5.529498928571427996e+00
5.536229999999999762e+00
5.502609999999999779e+00
5.483080000000000176e+00
5.448739999999999917e+00
5.415130000000000443e+00
5.378529999999999589e+00
5.351329999999999920e+00
5.325980000000000381e+00
5.304149999999999920e+00
5.283870000000000289e+00
5.268329999999999735e+00
5.258880000000000443e+00
5.252819999999999823e+00
5.248020000000000351e+00
5.243009999999999948e+00
5.238669999999999938e+00
5.233799999999999564e+00
5.226309999999999789e+00
5.225092173913043148e+00
5.223874347826086506e+00
5.222656521739129865e+00
5.221438695652174111e+00
5.220220869565217470e+00
5.219003043478260828e+00
5.217785217391304187e+00
5.216567391304347545e+00
5.215349565217390904e+00
5.214131739130434262e+00
5.212913913043477621e+00
5.211696086956521867e+00
5.210478260869565226e+00
5.209260434782608584e+00
5.208042608695651943e+00
5.206824782608695301e+00
5.205606956521738660e+00
5.204389130434782018e+00
5.203171304347825377e+00
5.201953478260869623e+00
5.200735652173912982e+00
5.199517826086956340e+00
5.198299999999999699e+00
5.200870000000000104e+00
5.201260000000000439e+00
5.198220000000000063e+00
5.192840000000000344e+00
5.188819999999999766e+00
5.186679999999999957e+00
5.185270000000000046e+00
5.182430000000000092e+00
5.176879999999999704e+00
5.173099999999999810e+00
5.172979999999999912e+00
5.172909999999999897e+00
5.171619999999999884e+00
5.169469999999999565e+00
5.167589999999999684e+00
5.166540000000000354e+00
5.166059999999999874e+00
5.165709999999999802e+00
5.165470000000000006e+00
5.165829999999999700e+00
5.168540000000000134e+00
5.176650000000000418e+00
5.182610000000000383e+00
5.184870000000000090e+00
5.185909999999999798e+00
5.185299999999999798e+00
5.183729999999999727e+00
5.186040000000000205e+00
5.210090000000000110e+00
5.232680000000000220e+00
5.264079999999999870e+00
5.281039999999999957e+00
5.295090000000000074e+00
5.300469999999999793e+00
5.300469999999999793e+00
5.300469999999999793e+00
5.300469999999999793e+00
5.300469999999999793e+00
5.300469999999999793e+00
5.300469999999999793e+00
5.300469999999999793e+00
5.300469999999999793e+00
5.300469999999999793e+00
5.300469999999999793e+00
5.300469999999999793e+00
5.300469999999999793e+00
5.300469999999999793e+00
5.300469999999999793e+00
5.300469999999999793e+00
5.300469999999999793e+00
5.300469999999999793e+00
5.300469999999999793e+00
5.300469999999999793e+00
5.300469999999999793e+00
5.300469999999999793e+00
5.300469999999999793e+00
5.300469999999999793e+00
5.300469999999999793e+00
5.300469999999999793e+00
5.300469999999999793e+00
5.300469999999999793e+00
5.300469999999999793e+00
5.300469999999999793e+00
5.300469999999999793e+00
5.300469999999999793e+00
5.300469999999999793e+00
5.300469999999999793e+00
5.300469999999999793e+00
5.300469999999999793e+00
5.300469999999999793e+00
5.300469999999999793e+00
5.300469999999999793e+00
