5.508989999999999831e+00
5.508989999999999831e+00
5.508989999999999831e+00
5.508989999999999831e+00
5.508989999999999831e+00
5.508989999999999831e+00
5.508989999999999831e+00
5.508989999999999831e+00
5.508989999999999831e+00
5.508989999999999831e+00
5.508989999999999831e+00
5.508989999999999831e+00
5.508989999999999831e+00
5.508989999999999831e+00
5.508989999999999831e+00
5.508989999999999831e+00
5.508989999999999831e+00
5.508989999999999831e+00
5.508989999999999831e+00
5.508989999999999831e+00
5.508989999999999831e+00
5.508989999999999831e+00
5.508989999999999831e+00
5.508989999999999831e+00
5.508989999999999831e+00
5.508989999999999831e+00
5.508989999999999831e+00
5.508989999999999831e+00
5.508989999999999831e+00
5.508989999999999831e+00
5.508989999999999831e+00
5.508989999999999831e+00
5.508989999999999831e+00
5.508989999999999831e+00
5.508989999999999831e+00
5.508989999999999831e+00
5.508989999999999831e+00
5.508989999999999831e+00
5.508989999999999831e+00
5.498910000000000409e+00
5.485140000000000349e+00
5.451150000000000162e+00
5.453479999999999883e+00
5.457989999999999675e+00
5.461750000000000327e+00
5.464229999999999698e+00
5.464940000000000353e+00
5.464179999999999815e+00
5.462119999999999642e+00
5.457830000000000403e+00
5.446930000000000049e+00
5.416690000000000005e+00
5.377379999999999605e+00
5.362949999999999662e+00
5.370720000000000383e+00
5.380580000000000140e+00
5.390440000000000786e+00
5.400300000000000544e+00
5.410160000000000302e+00
5.420020000000000060e+00
5.429880000000000706e+00
5.439740000000000464e+00
5.449600000000000222e+00
5.459459999999999980e+00
5.469320000000000626e+00
5.479180000000000383e+00
5.489040000000000141e+00
5.498900000000000787e+00
5.508760000000000545e+00
5.518620000000000303e+00
5.528480000000000061e+00
5.538340000000000707e+00
5.548200000000000465e+00
5.558060000000000223e+00
5.567919999999999980e+00
5.577780000000000626e+00
5.587640000000000384e+00
5.564239999999999853e+00
5.544950000000000045e+00
5.524610000000000021e+00
5.502589999999999648e+00
5.480450000000000266e+00
5.461210000000000342e+00
5.448249999999999815e+00
5.440940000000000332e+00
5.433300000000000018e+00
5.423869999999999969e+00
5.416599999999999859e+00
5.409900000000000375e+00
5.403209999999999624e+00
5.395430000000000170e+00
5.386980000000000324e+00
5.377760000000000318e+00
5.367650000000000254e+00
5.356119999999999770e+00
5.343049999999999855e+00
5.327930000000000277e+00
5.309569999999999901e+00
5.290650000000000297e+00
5.277009999999999756e+00
5.271811999999999721e+00
5.266613999999999685e+00
5.261415999999999649e+00
5.256217999999999613e+00
5.251020000000000465e+00
5.245822000000000429e+00
5.240624000000000393e+00
5.235426000000000357e+00
5.230228000000000321e+00
5.225030000000000285e+00
5.234250000000000291e+00
5.254920000000000258e+00
5.294859999999999900e+00
5.300919999999999632e+00
5.285680000000000156e+00
5.297023181818182103e+00
5.308366363636364049e+00
5.319709545454545996e+00
5.331052727272727054e+00
5.342395909090909001e+00
5.353739090909090947e+00
5.365082272727272894e+00
5.376425454545454841e+00
5.387768636363636787e+00
5.399111818181818734e+00
5.410455000000000680e+00
5.421798181818181739e+00
5.433141363636363685e+00
5.444484545454545632e+00
5.455827727272727579e+00
5.467170909090909525e+00
5.478514090909091472e+00
5.489857272727273418e+00
5.501200454545454477e+00
5.512543636363636423e+00
5.523886818181818370e+00
5.535230000000000317e+00
5.490890000000000271e+00
5.464660000000000295e+00
5.434269999999999712e+00
5.409880000000000244e+00
5.395710000000000228e+00
5.386800000000000033e+00
5.380429999999999602e+00
5.375049999999999883e+00
5.368809999999999860e+00
5.361460000000000115e+00
5.352960000000000385e+00
5.342380000000000351e+00
5.323269999999999946e+00
5.302019999999999733e+00
5.302897272727272515e+00
5.303774545454545297e+00
5.304651818181818079e+00
5.305529090909090861e+00
5.306406363636363643e+00
5.307283636363636425e+00
5.308160909090909207e+00
5.309038181818181990e+00
5.309915454545454772e+00
5.310792727272727554e+00
5.311670000000000336e+00
5.313410000000000188e+00
5.311799999999999855e+00
5.308589999999999698e+00
5.304490000000000371e+00
5.300029999999999575e+00
5.294459999999999944e+00
5.287539999999999907e+00
5.280380000000000074e+00
5.272730000000000139e+00
5.264350000000000307e+00
5.256649999999999601e+00
5.250560000000000116e+00
5.245630000000000237e+00
5.239919999999999689e+00
5.233460000000000001e+00
5.226880000000000415e+00
5.221659999999999968e+00
5.216370000000000395e+00
5.209579999999999878e+00
5.199220000000000397e+00
5.186239999999999739e+00
5.191679999999999851e+00
5.305869999999999642e+00
5.356989999999999696e+00
5.375379999999999825e+00
5.377060000000000173e+00
5.365032727272727620e+00
5.353005454545455066e+00
5.340978181818181625e+00
5.328950909090909072e+00
5.316923636363636518e+00
5.304896363636363965e+00
5.292869090909091412e+00
5.280841818181818859e+00
5.268814545454545417e+00
5.256787272727272864e+00
5.244760000000000311e+00
5.241469999999999629e+00
5.234180000000000277e+00
5.220119999999999649e+00
5.208999999999999631e+00
5.203380000000000116e+00
5.200510000000000410e+00
5.199150000000000382e+00
5.198380000000000223e+00
5.197160000000000224e+00
5.195800000000000196e+00
5.195789999999999687e+00
5.197129999999999583e+00
5.198030000000000150e+00
5.197759999999999714e+00
5.197269999999999612e+00
5.197700000000000209e+00
5.199150000000000382e+00
5.200820000000000221e+00
5.202309999999999768e+00
5.203680000000000305e+00
5.205799999999999983e+00
5.208610000000000184e+00
5.211190000000000211e+00
5.212920000000000442e+00
5.214380000000000237e+00
5.216719999999999580e+00
5.221940000000000026e+00
5.285180000000000433e+00
5.294220000000000148e+00
5.314460000000000406e+00
5.332360000000000433e+00
5.325639999999999930e+00
5.301750000000000185e+00
5.289950000000000152e+00
5.286069999999999602e+00
5.218399999999999928e+00
5.218399999999999928e+00
5.218399999999999928e+00
5.218399999999999928e+00
5.218399999999999928e+00
5.218399999999999928e+00
5.218399999999999928e+00
5.218399999999999928e+00
5.218399999999999928e+00
5.218399999999999928e+00
5.218399999999999928e+00
5.218399999999999928e+00
5.218399999999999928e+00
5.218399999999999928e+00
5.218399999999999928e+00
5.218399999999999928e+00
5.218399999999999928e+00
5.218399999999999928e+00
5.218399999999999928e+00
5.218399999999999928e+00
5.218399999999999928e+00
5.218399999999999928e+00
5.218399999999999928e+00
5.218399999999999928e+00
5.218399999999999928e+00
5.218399999999999928e+00
5.218399999999999928e+00
5.218399999999999928e+00
5.218399999999999928e+00
5.218399999999999928e+00
5.218399999999999928e+00
5.218399999999999928e+00
5.218399999999999928e+00
5.218399999999999928e+00
5.218399999999999928e+00
5.218399999999999928e+00
5.218399999999999928e+00
5.218399999999999928e+00
5.218399999999999928e+00
5.218399999999999928e+00
5.218399999999999928e+00
5.218399999999999928e+00
5.218399999999999928e+00
5.218399999999999928e+00
5.218399999999999928e+00
5.218399999999999928e+00
5.218399999999999928e+00
5.218399999999999928e+00
5.218399999999999928e+00
5.218399999999999928e+00
5.218399999999999928e+00
5.218399999999999928e+00
5.218399999999999928e+00
5.218399999999999928e+00
5.218399999999999928e+00
5.218399999999999928e+00
5.218399999999999928e+00
5.218399999999999928e+00
5.218399999999999928e+00
5.218399999999999928e+00
5.218399999999999928e+00
5.218399999999999928e+00
5.218399999999999928e+00
5.218399999999999928e+00
