-1e+10
-1e+10
-1e+10
-1e+10
-1e+10
-1e+10
-1e+10
-1e+10
-1e+10
-1e+10
-1e+10
-1e+10
-1e+10
-1e+10
-1e+10
-1e+10
-1e+10
-1e+10
-1e+10
-1e+10
-1e+10
-1e+10
-1e+10
-1e+10
-1e+10
-1e+10
-1e+10
-1e+10
-1e+10
-1e+10
-1e+10
-1e+10
-1e+10
-1e+10
5.5764
5.60292
5.59468
5.58116
5.56285
5.49014
5.4218
5.41323
5.40679
5.40129
5.39562
5.39042
5.38501
5.37896
5.37244
5.36599
5.36232
5.36194
5.36253
5.36184
5.35945
5.3562
5.35308
5.35033
5.34764
5.34419
5.33948
5.33412
5.32914
5.32361
5.31327
5.30141
5.29363
5.28782
5.28351
5.27982
5.27739
5.27668
5.27729
5.27886
5.28057
5.28175
5.28328
5.28749
5.29655
5.30768
5.31756
5.32657
5.33476
5.34108
5.34606
5.35008
5.35401
5.358
5.36121
5.36296
5.3631
5.36188
5.3598
5.35729
5.35364
5.34534
-1e+10
-1e+10
-1e+10
-1e+10
-1e+10
-1e+10
-1e+10
-1e+10
-1e+10
-1e+10
-1e+10
-1e+10
-1e+10
-1e+10
-1e+10
5.73968
5.74012
5.74778
5.76215
5.77997
-1e+10
-1e+10
-1e+10
-1e+10
-1e+10
-1e+10
-1e+10
-1e+10
-1e+10
-1e+10
5.38747
5.37911
5.37875
5.37824
5.37474
5.36934
5.36354
5.3575
5.35087
5.34415
5.33819
5.33404
5.33307
5.33692
-1e+10
-1e+10
5.76038
5.78178
5.79116
5.803
-1e+10
-1e+10
-1e+10
-1e+10
-1e+10
-1e+10
-1e+10
-1e+10
-1e+10
-1e+10
-1e+10
-1e+10
-1e+10
-1e+10
-1e+10
-1e+10
-1e+10
-1e+10
-1e+10
-1e+10
-1e+10
5.35092
5.32846
5.30911
5.29118
5.27424
5.25884
5.24621
5.23618
5.22734
5.2182
5.20778
5.19628
5.18427
5.17456
5.16957
5.16961
5.1708
5.16921
5.16335
5.14537
-1e+10
-1e+10
-1e+10
-1e+10
-1e+10
-1e+10
-1e+10
-1e+10
-1e+10
-1e+10
-1e+10
-1e+10
-1e+10
-1e+10
-1e+10
-1e+10
-1e+10
-1e+10
-1e+10
-1e+10
-1e+10
-1e+10
-1e+10
-1e+10
-1e+10
-1e+10
-1e+10
-1e+10
-1e+10
-1e+10
-1e+10
-1e+10
-1e+10
-1e+10
-1e+10
-1e+10
-1e+10
-1e+10
-1e+10
-1e+10
-1e+10
-1e+10
-1e+10
-1e+10
-1e+10
-1e+10
-1e+10
-1e+10
-1e+10
-1e+10
-1e+10
-1e+10
-1e+10
-1e+10
-1e+10
-1e+10
-1e+10
-1e+10
-1e+10
-1e+10
-1e+10
-1e+10
-1e+10
-1e+10
-1e+10
-1e+10
-1e+10
-1e+10
-1e+10
-1e+10
-1e+10
-1e+10
-1e+10
-1e+10
-1e+10
-1e+10
-1e+10
-1e+10
-1e+10
-1e+10
-1e+10
-1e+10
-1e+10
-1e+10
-1e+10
-1e+10
-1e+10
-1e+10
-1e+10
-1e+10
-1e+10
-1e+10
-1e+10
-1e+10
-1e+10
-1e+10
-1e+10
-1e+10
-1e+10
-1e+10
-1e+10
-1e+10
-1e+10
-1e+10
-1e+10
