-9.23487	1.21055	0.646877	0.416205	0.378142	0.246169	0.250938	0.149843	0.146713	0.109184	0.104423	0.172213	0.189353	0.123875	0.0780387	0.0224048	-0.00424345
-9.43294	1.19206	0.717767	0.438108	0.35601	0.238054	0.23713	0.169076	0.193982	0.183098	0.169031	0.288182	0.11898	0.0244695	0.0955811	0.143493	0.14008
-9.41796	1.27625	0.530836	0.349648	0.292292	0.272155	0.202209	0.221697	0.140898	0.207233	0.162119	0.252051	0.126223	0.11043	0.17587	0.155111	0.15831
-9.47122	1.28197	0.487476	0.360177	0.401666	0.352708	0.259156	0.324412	0.196584	0.282326	0.118682	0.252723	0.167408	0.133191	0.241453	0.13331	0.110202
-9.46373	1.31933	0.575512	0.478383	0.446961	0.364149	0.264692	0.365383	0.21157	0.290788	0.111725	0.253895	0.175052	0.0854208	0.205466	0.122368	0.122124
-9.29353	1.38797	0.516262	0.484674	0.422488	0.329549	0.234713	0.329876	0.205065	0.231179	0.115247	0.166718	0.14638	0.126127	0.163006	0.156177	0.141293
-9.31321	1.43236	0.469874	0.416166	0.42651	0.333077	0.197728	0.350956	0.268535	0.263774	0.217122	0.230288	0.183793	0.177831	0.134952	0.136236	0.148408
-9.42951	1.34884	0.542534	0.483032	0.370367	0.316646	0.184634	0.3892	0.270422	0.310668	0.277362	0.248055	0.213025	0.184603	0.143668	0.141669	0.173979
-9.22484	1.38937	0.521897	0.468124	0.387928	0.322214	0.212327	0.313638	0.216465	0.271046	0.264158	0.184313	0.244302	0.162019	0.139876	0.152981	0.182878
-9.41795	1.32981	0.53462	0.486202	0.419215	0.340584	0.271874	0.327855	0.237658	0.317914	0.255769	0.245024	0.21361	0.22401	0.212863	0.212744	0.168247
-9.45779	1.34318	0.556001	0.551127	0.407141	0.328971	0.330586	0.347728	0.282304	0.301675	0.218688	0.267552	0.17627	0.17026	0.193289	0.191086	0.130877
-9.19348	1.42702	0.505857	0.463766	0.375059	0.301554	0.216383	0.24397	0.265671	0.233997	0.208916	0.299846	0.140494	0.116773	0.122676	0.14364	0.113386
-9.50207	1.35572	0.508337	0.42898	0.346124	0.335612	0.230081	0.287882	0.247742	0.235646	0.258211	0.389974	0.186961	0.173312	0.116335	0.127303	0.145172
-9.49846	1.3482	0.516145	0.459655	0.395771	0.3397	0.178509	0.308889	0.277616	0.170045	0.172115	0.307113	0.230561	0.17641	0.0889828	0.167381	0.192246
-9.38166	1.36292	0.416377	0.409708	0.421278	0.335931	0.194518	0.285957	0.267077	0.215012	0.157553	0.193028	0.209583	0.163116	0.167826	0.165831	0.11706
-9.5235	1.27677	0.410118	0.433415	0.33521	0.361958	0.297639	0.320619	0.18751	0.165884	0.0739325	0.139442	0.186593	0.156568	0.230719	0.248062	0.138058
-9.61596	1.15237	0.366014	0.463862	0.324857	0.229276	0.170927	0.308205	0.12296	0.109229	0.0686938	0.297332	0.264276	0.137481	0.138003	0.134562	0.0454237
-9.61754	1.20165	0.455166	0.469133	0.330378	0.191484	0.19335	0.335496	0.209731	0.209994	0.109416	0.312235	0.263712	0.109983	0.107381	0.127061	0.114272
-9.65966	1.16498	0.392759	0.416019	0.34002	0.200122	0.244117	0.4133	0.216565	0.223064	0.168028	0.31579	0.265418	0.217119	0.195026	0.218557	0.264503
-9.72763	1.12992	0.496941	0.513828	0.249928	0.271613	0.35228	0.371246	0.22847	0.148039	0.145155	0.398	0.287517	0.213496	0.180944	0.0407467	0.203617
-9.73619	1.15419	0.500782	0.495286	0.338648	0.410473	0.353517	0.271686	0.313003	0.25197	0.12937	0.342219	0.217235	0.0960352	0.205803	0.0889738	0.168621
-9.53367	1.33238	0.560449	0.426313	0.343347	0.278511	0.276677	0.248102	0.204523	0.263314	0.0430149	0.129929	0.145231	0.0972103	0.168762	0.194579	0.155287
-9.63219	1.32523	0.579681	0.422357	0.332454	0.309978	0.284261	0.299229	0.163259	0.291504	0.0548654	0.0651442	0.213304	0.139292	0.133548	0.202257	0.179839
-9.32147	1.4727	0.577525	0.477273	0.340424	0.329161	0.219654	0.304441	0.22817	0.271323	0.14158	0.0948924	0.172415	0.0988619	-0.036192	0.0652751	0.129364
-8.97561	2.29498	0.877304	0.375628	0.159269	0.207849	0.127257	0.27486	0.125665	0.108111	0.124896	0.107241	0.138513	0.106383	-0.0109369	0.10562	0.143313
-8.76467	2.53506	0.997846	0.236689	0.0948096	0.225882	0.161632	0.245143	0.0837048	0.0656299	0.134832	0.135146	0.0560276	0.0674317	-0.00700724	0.0893297	0.140749
-8.83843	2.31594	0.998944	0.321744	0.174985	0.168851	0.163171	0.257073	0.190475	0.0545753	0.110619	0.15249	0.0676656	0.098297	0.018685	0.0881896	0.106502
-9.30386	1.68652	0.769823	0.423818	0.366621	0.273676	0.206977	0.24963	0.197721	0.067416	0.200549	0.264926	0.0788259	0.113283	0.0337935	0.112487	0.146789
-9.32701	1.30758	0.49276	0.390574	0.340018	0.315619	0.300095	0.295307	0.206886	0.128517	0.237241	0.236701	0.132586	0.187823	0.119727	0.157786	0.14985
-9.46928	1.12853	0.631222	0.350006	0.49217	0.252664	0.162629	0.286461	0.287149	0.339396	0.29522	0.342146	0.136517	0.177974	0.114522	0.258749	0.143662
-9.23917	1.22025	0.65436	0.397087	0.424576	0.240077	0.159122	0.297902	0.328005	0.318359	0.229903	0.292244	0.154916	0.223445	0.11278	0.271817	0.121254
-8.24544	2.10958	0.166688	-0.0627382	-0.0135537	0.170969	0.250293	0.502494	0.33447	0.162455	0.220023	0.174798	0.0436549	0.119608	0.0658092	0.0870682	0.0359838
-6.85622	2.31453	-0.0726426	-0.177026	-0.0904175	0.17148	-0.0668327	0.660805	0.0292704	0.28247	-0.0981285	0.0981557	0.0161838	-0.189826	0.0711491	0.0571118	0.101778
-5.93383	1.96485	-0.266257	-0.0937308	-0.0879432	0.167138	-0.0862919	0.717691	0.0370831	0.221808	-0.0432872	0.0459712	-0.0440327	-0.315764	0.11898	0.0316591	-0.0253316
-6.08932	1.17951	-0.568258	0.110855	0.152974	0.394876	0.17355	0.910385	0.0467419	0.00099896	-0.196364	-0.0931522	-0.095702	-0.246245	0.0508693	0.0127967	0.150874
-5.0072	1.86021	-0.376507	-0.0650531	-0.242668	0.141141	-0.0117769	0.75454	0.164089	0.15363	-0.313287	0.275732	-0.00371177	-0.397312	0.226295	0.119226	-0.0537237
-4.44452	2.24916	-0.150023	0.206032	0.21987	-0.164195	0.142078	0.968718	0.24568	0.395523	-0.174614	0.0747352	-0.339195	-0.428005	-0.0115759	0.227713	-0.247557
-4.24845	2.20576	0.0674772	0.559997	0.145057	-0.0773975	-0.0938512	0.679478	0.240924	0.169523	-0.301794	0.0189438	-0.251344	0.104329	-0.058069	0.0280764	-0.0648945
-3.6172	2.1364	-0.15322	0.522302	0.160179	-0.105177	0.0463004	0.588119	0.199927	0.261803	-0.287868	0.205585	-0.132751	-0.191833	0.0380377	0.117423	0.0766245
-3.7764	2.09823	-0.0371541	0.526928	0.094498	0.093537	0.343255	0.623707	0.419156	0.398641	-0.111544	0.236347	-0.137472	-0.203317	-0.141727	0.0753789	-0.109823
-3.72777	2.17674	0.154222	0.291488	0.0884638	0.0096282	0.241659	0.337385	0.247766	0.235683	-0.435776	0.390264	-0.14909	-0.237231	-0.0155917	0.299867	-0.215994
-3.76287	2.39894	0.32612	0.313652	0.202645	0.105529	0.191295	0.529768	0.348005	0.438324	-0.262546	0.278285	0.0421736	-0.119055	-0.208535	0.27958	-0.0449963
-3.81858	2.48641	0.44091	0.268559	0.250588	0.217154	0.125824	0.656109	0.216632	0.48624	-0.149885	0.279776	0.0317721	-0.0156243	-0.233578	0.304489	0.00967715
-4.03876	2.82268	0.461826	0.336779	0.505807	0.292893	0.175258	0.60624	0.25827	0.75536	-0.20936	0.32449	0.229928	0.0671901	-0.43399	0.464794	0.0430417
-4.38201	2.9167	0.327774	0.524111	0.514833	0.499305	0.158924	0.612982	0.322343	0.668498	-0.152601	0.327454	0.167955	0.119767	-0.283127	0.0432962	0.199591
-5.00518	3.1588	0.67897	0.408449	0.665203	0.397047	0.0745224	0.201426	0.156569	0.518607	-0.512003	0.15461	-0.00302707	0.336857	-0.456529	0.258053	0.0392652
-5.31033	3.15983	0.844118	0.535738	0.796058	0.606859	-0.118622	0.450842	0.205256	0.175437	-0.335433	-0.269906	0.0492921	0.326922	-0.224981	0.207423	0.0736325
-5.3326	2.92608	0.823028	0.450921	0.964571	0.501238	-0.0638416	0.413216	-0.176778	0.045009	-0.512193	-0.329006	-0.0716056	0.395944	-0.312551	0.239839	-0.00638175
-5.63619	3.05877	0.739398	0.463324	1.01839	0.339095	-0.119556	0.277429	-0.171017	0.00846128	-0.587216	-0.319289	-0.0780447	0.276287	-0.23946	0.121597	-0.121658
-5.67933	3.02814	1.04727	0.842285	0.958127	0.414867	0.00646227	0.238279	0.0461734	-0.0152076	-0.34799	-0.316835	-0.0192436	0.521524	-0.250807	0.260803	-0.0946516
-5.96035	2.92924	1.35204	0.517358	0.705572	0.430928	-0.0992528	0.0792615	-0.25843	-0.0936934	0.0293406	-0.337865	-0.413535	0.44295	-0.182387	0.264713	-0.396403
-6.02664	3.05341	1.14965	0.618282	0.729498	0.492772	0.0643004	0.0355026	-0.108715	0.033758	-0.296176	-0.183783	-0.109445	0.286239	-0.302068	0.106431	-0.133625
-5.90592	2.84367	1.21012	1.05358	0.873233	0.466325	-0.14978	0.280197	0.137398	-0.0466775	0.0504759	-0.354815	-0.123217	0.278737	-0.00864319	0.124748	-0.00505698
-6.21454	2.54189	0.959135	0.768704	0.493384	0.111689	-0.397137	-0.0403027	-0.0853173	-0.188858	-0.498144	-0.496631	-0.129346	0.0117545	-0.454028	-0.148492	-0.319952
-6.25777	2.73726	1.10602	1.01059	0.679942	0.41629	-0.323804	0.409744	-0.165904	-0.0423568	0.19072	-0.539558	-0.475065	0.332513	-0.0957664	-0.0544201	-0.146987
-6.37288	2.75534	0.972959	0.59602	0.59905	0.406115	-0.384104	0.0873558	-0.187903	-0.239469	-0.255608	-0.227103	-0.37463	-0.117159	-0.0645384	-0.116437	-0.375865
-6.68707	2.83815	1.34608	0.765239	0.57742	0.38787	-0.0805525	0.11862	-0.241383	0.150424	-0.147748	-0.189632	-0.221389	-0.152539	0.153856	-0.14645	-0.450496
-6.15594	2.65921	1.32032	1.31762	0.636204	0.755873	-0.193631	0.448737	-0.00919985	0.187797	0.141978	-0.213747	0.0389671	0.280293	-0.132054	0.0877407	-0.0127525
-5.99239	2.55972	1.40912	1.56701	0.942928	0.491357	0.0787339	0.513128	0.381629	0.474342	-0.00129519	-0.0570632	0.0406034	0.514941	0.0362544	0.0492999	0.0516625
-5.41933	2.40621	0.956047	0.823775	0.57865	0.555142	0.112935	0.297894	-0.247632	0.446928	-0.271202	-0.20082	-0.0763526	0.345294	-0.290679	0.0322774	-0.0651559
-4.61466	2.39957	0.884718	0.523608	0.475052	0.348175	-0.0825421	0.156371	0.0656138	0.197624	-0.311558	0.184578	-0.180659	0.258316	-0.2914	0.131561	-0.0931566
-3.82721	2.49981	0.652306	0.407957	0.308475	0.322183	-0.167106	0.218486	0.0378294	0.352773	-0.34687	0.370276	-0.0212211	0.12832	-0.189017	0.186942	-0.042507
-3.48592	2.38966	0.469558	0.347738	0.216945	0.297532	-0.268194	0.29649	-0.0370357	0.383834	-0.294596	0.280701	0.00725456	0.118362	-0.230726	0.210373	-0.0819906
-3.32936	2.30253	0.399655	0.52733	-0.0264384	0.388398	-0.214103	0.225535	0.118311	0.304147	-0.264855	0.369174	0.0469062	0.0613874	-0.213092	0.206758	-0.0544358
-3.19092	2.1345	0.271369	0.451407	-0.0365601	0.211357	-0.311456	0.267077	-0.0240105	0.303789	-0.304981	0.372221	-0.0141479	0.0135631	-0.195912	0.198584	-0.25162
-3.0503	2.02941	0.293497	0.482177	0.0364165	0.249886	-0.344562	0.259874	0.0941304	0.34579	-0.334698	0.454682	0.0061666	0.0192535	-0.172368	0.146624	-0.148983
-3.08171	2.13516	0.136683	0.604044	-0.125501	0.286512	-0.359371	0.307046	-0.0362952	0.421102	-0.339925	0.445413	-0.0454286	0.101203	-0.283661	0.164322	-0.143182
-3.05571	2.16935	0.226645	0.515074	-0.0386216	0.271798	-0.296331	0.368705	-0.0400787	0.481705	-0.297259	0.493868	-0.0160827	0.0370531	-0.172423	0.0741957	-0.0516668
-3.11494	2.19579	0.226648	0.576734	-0.123692	0.273706	-0.231527	0.310772	-0.0517159	0.526868	-0.306555	0.510678	-0.039766	0.0560975	-0.211723	0.122192	-0.0990249
-3.18652	2.35228	0.0859767	0.707093	-0.152645	0.243963	-0.162008	0.265389	0.0403336	0.41947	-0.191079	0.488541	-0.0595448	0.103141	-0.239512	0.141952	-0.0974574
-3.17638	2.32969	0.00632197	0.823809	-0.203389	0.300203	-0.194962	0.241115	0.10508	0.394468	-0.172775	0.480534	-0.0577039	0.0985797	-0.263193	0.136949	-0.079599
-3.40383	2.44832	0.0672206	0.850578	-0.246829	0.438713	-0.338564	0.375951	0.0184505	0.47572	-0.2599	0.521744	-0.0599727	0.0757001	-0.206675	0.0325012	-0.0300093
-3.69948	2.44598	0.093912	0.963827	-0.0935886	0.526991	-0.208632	0.328617	0.0603021	0.459166	-0.142596	0.432372	-0.0278344	0.118533	-0.261183	0.0232782	0.024898
-4.26825	2.68434	0.600266	1.00257	0.319214	0.537793	0.0306744	0.327836	0.101232	0.38372	0.00506351	0.201632	-0.0586092	0.255708	-0.0565571	-0.0161411	0.400052
-4.99071	3.07691	0.673142	1.05823	0.555135	0.520786	-0.00197232	0.222972	-0.247945	0.225749	-0.179252	0.106841	-0.340365	0.296306	-0.234881	0.112813	0.285262
-5.14946	3.10231	0.830622	0.984191	0.886449	0.375622	-0.30683	0.281523	-0.436341	0.23636	0.0774526	-0.131601	-0.259267	0.239406	-0.363259	0.137103	0.31139
-5.2199	3.08072	0.73654	1.00236	0.596696	0.362452	-0.244865	0.0576827	-0.383724	0.134181	-0.16841	-0.0712479	-0.386034	0.371912	-0.475443	0.215218	0.0959242
-5.28932	3.00935	0.922545	0.850708	0.643682	0.334435	-0.430411	0.198015	-0.377346	0.0867742	-0.257357	-0.126044	-0.287449	0.30932	-0.382431	0.0577381	0.116501
-5.26089	3.23956	0.858828	1.07309	0.808558	0.480337	-0.308878	0.282416	-0.290132	0.234379	-0.0317962	-0.0864973	-0.301753	0.492496	-0.336952	0.0703084	0.360759
-5.26977	3.02655	0.923178	0.96658	0.730301	0.332604	-0.255163	0.191663	-0.425462	0.210241	-0.121837	-0.17618	-0.350828	0.410092	-0.353508	0.152837	0.125643
-5.23	3.028	0.948435	1.04201	0.676051	0.434363	-0.236215	0.0983069	-0.182768	0.0702397	-0.0405641	-0.138852	-0.310193	0.485481	-0.398918	0.21012	0.117146
-5.24158	3.136	1.01213	1.03989	0.718109	0.580407	-0.300433	0.257774	-0.281807	0.185855	0.0644074	-0.0731373	-0.432068	0.512842	-0.197684	0.157425	0.179673
-5.27685	2.94724	1.20175	0.96472	0.71367	0.424277	-0.302993	0.247695	-0.342682	0.133661	0.157974	-0.193727	-0.508877	0.591693	-0.338178	0.179261	0.149867
-5.30139	2.93866	0.996243	0.926389	0.569086	0.473858	-0.425466	0.116496	-0.348344	0.128028	-0.0316554	-0.284043	-0.452491	0.394451	-0.249276	0.134237	-0.029453
-5.13786	3.01342	1.01121	1.07058	0.824966	0.386488	-0.231346	0.202081	-0.136691	0.0663965	0.171322	-0.233286	-0.324533	0.633705	-0.328225	0.133341	0.234684
-5.1658	2.95036	1.04374	1.04438	0.797615	0.429268	-0.287781	0.195861	-0.10828	0.0826476	0.0587697	-0.160622	-0.412759	0.615597	-0.207152	0.0493805	0.218883
-5.18631	2.95499	0.951856	1.08885	0.825874	0.492912	-0.470921	0.327947	-0.283708	0.0628386	0.126535	-0.12061	-0.490501	0.59286	-0.230895	0.00437102	0.248401
-5.23691	2.92532	0.791856	0.980652	0.816693	0.234404	-0.313125	0.0586628	-0.352481	0.0588558	-0.00314321	-0.314084	-0.381945	0.422208	-0.298231	0.0836597	0.0317596
-5.25399	2.9675	0.93619	1.15673	0.678604	0.484659	-0.308352	0.171369	-0.297698	0.104761	0.0480655	-0.104064	-0.484622	0.519734	-0.181186	0.0578537	0.153066
-5.27793	2.99885	0.985931	1.15957	0.722415	0.599076	-0.381914	0.0870493	-0.232405	0.174242	0.14802	-0.185232	-0.386898	0.408523	-0.166549	0.0175795	0.282901
-5.22161	2.94617	0.870975	1.1007	0.831515	0.316285	-0.335836	0.150162	-0.333602	0.220002	-0.0992218	-0.146727	-0.418577	0.447307	-0.294183	0.118699	0.150146
-5.18661	2.94567	0.889183	1.06821	0.677087	0.410855	-0.32597	0.0936	-0.245417	0.137117	-0.107586	-0.0977748	-0.462188	0.462331	-0.219894	0.00466328	0.167803
-5.21553	3.07474	0.849926	1.11075	0.725763	0.410202	-0.346932	0.192584	-0.187057	0.0685361	0.0270031	-0.224123	-0.331373	0.443069	-0.204866	-0.000372488	0.256004
-5.16601	3.08877	0.940144	0.920676	0.871314	0.468289	-0.280191	0.114711	-0.213941	0.145631	0.0139421	-0.0515677	-0.44726	0.432431	-0.196917	0.0271446	0.303707
-5.21507	3.1044	0.821176	0.711533	0.838033	0.358264	-0.385595	0.145602	-0.337275	0.0982771	-0.204938	-0.104441	-0.441838	0.373406	-0.305255	0.099821	0.0908927
-4.99717	3.1668	0.747649	1.06837	0.707328	0.507594	-0.0582023	0.145847	-0.260998	0.207301	-0.0426156	0.0858764	-0.388705	0.318181	-0.00893767	0.0164868	0.300391
-4.15013	3.1127	0.570868	0.835085	0.622062	0.642762	0.19385	0.338284	0.132642	0.523552	-0.00627161	0.28996	-0.0405855	0.358789	-0.0917552	0.119735	0.37834
-3.52596	2.72023	0.0670481	0.818942	0.0805303	0.271615	-0.110924	0.292497	0.159106	0.291997	-0.237617	0.3468	0.0416675	0.0256117	0.0548132	0.15284	0.146824
-2.84467	2.23402	0.274143	1.14954	0.0568035	0.0528036	0.285007	0.585575	0.221185	0.454572	0.184894	0.503725	0.0697018	0.121615	0.176206	0.0968227	0.269843
-2.72351	1.76022	0.177596	0.9786	-0.105572	0.111091	0.247654	0.725004	0.183155	0.551266	0.181215	0.516167	-0.0323731	0.0455427	0.0972864	-0.00260381	0.0803637
-2.76215	1.71127	0.191611	0.861497	-0.180899	0.0181647	0.126386	0.560154	0.0828507	0.344408	0.0157538	0.395276	-0.167197	-0.0159499	0.133091	0.0153973	0.00644575
-2.78566	1.63875	0.103335	0.874801	-0.207697	0.0508265	0.170647	0.624105	0.0679257	0.390074	0.0726899	0.329711	-0.173368	-0.0116719	0.0546379	-0.0310013	0.0196089
-2.75055	1.61997	0.090884	0.915618	-0.284246	0.0402258	0.21808	0.592432	0.101219	0.379537	0.0247196	0.365743	-0.214379	0.00140358	0.111132	-0.0229767	0.0602014
-2.84011	1.67224	-0.071609	0.839056	-0.245963	-0.0388838	0.125965	0.633745	-0.0153242	0.397011	-0.0826064	0.354008	-0.258501	-0.0905875	0.0349135	-0.015793	-0.00289808
-2.85651	1.57914	-0.0778721	0.768616	-0.504128	0.0219056	0.02583	0.511555	-0.0730404	0.308904	-0.155765	0.286361	-0.457191	0.00414214	-0.0307682	-0.0464372	-0.088429
-2.76406	1.50723	-0.0806356	0.843361	-0.341508	-0.0652791	0.169235	0.562099	0.034776	0.335063	-0.0369151	0.289735	-0.330574	-0.0839567	0.0414488	-0.0435033	0.000219895
-2.69053	1.39661	-0.0039389	0.802992	-0.329857	-0.0359612	0.201164	0.571004	0.0526927	0.329428	-0.0555374	0.328307	-0.303186	-0.117448	0.0972849	-0.0955403	0.0732123
-2.73085	1.41608	-0.042901	0.681925	-0.398064	-0.003559	0.0999053	0.538654	-0.0083393	0.244954	-0.15265	0.306338	-0.430898	-0.0888372	0.0475603	-0.0431878	-0.0104329
-2.70511	1.41216	-0.0924136	0.700968	-0.358549	-0.0146279	0.152324	0.491201	0.0425834	0.216882	-0.0838989	0.229983	-0.385378	-0.0770913	0.0397603	-0.0651915	0.0490977
-2.70524	1.49076	-0.029708	0.767979	-0.308332	0.0823076	0.190978	0.634209	0.127108	0.326212	-0.0471118	0.351647	-0.27387	-0.109152	0.144053	-0.0903973	0.175448
-2.71261	1.42066	-0.100382	0.678814	-0.369864	0.0370045	0.114123	0.59549	0.0547073	0.236111	-0.156968	0.295635	-0.346036	-0.117458	0.0285604	-0.0339065	0.0420148
-2.73505	1.4955	-0.0704607	0.627588	-0.349831	0.0917595	0.0772919	0.593806	0.11586	0.176864	-0.199227	0.328877	-0.326525	-0.116278	0.060342	0.017276	0.0400007
-2.73903	1.42771	-0.221326	0.659617	-0.425271	0.0298061	0.139658	0.522706	-0.0435411	0.160492	-0.180952	0.166311	-0.363744	-0.138478	0.116827	-0.112684	0.016021
-2.69213	1.49967	-0.194266	0.688484	-0.295711	0.10031	0.154215	0.574475	0.115139	0.241742	-0.163396	0.269849	-0.215692	-0.14343	0.120796	-0.0276389	0.0916627
-2.81493	1.60771	-0.360341	0.626048	-0.463119	0.16373	-0.0211268	0.585889	-0.064299	0.1061	-0.277869	0.166296	-0.432489	-0.0365945	0.0152009	-0.00761259	-0.0381737
-2.72523	1.42775	-0.164336	0.552494	-0.338756	0.0744984	0.0939489	0.515255	0.0916133	0.175986	-0.220876	0.265555	-0.318539	-0.0986574	-0.00781579	0.00259858	-0.0236025
-2.77432	1.45274	-0.225353	0.493362	-0.31313	0.066398	0.0246249	0.639525	-0.0375426	0.157721	-0.312252	0.19166	-0.319923	-0.137489	0.0397182	-0.0101869	-0.0691656
-2.77835	1.57602	-0.325293	0.574382	-0.331239	0.143571	0.0413116	0.61791	0.0176981	0.178759	-0.303672	0.243308	-0.301624	-0.12354	0.0605081	-0.0314784	-0.0290908
-2.73332	1.63435	-0.318708	0.671556	-0.277276	0.257685	0.108598	0.667336	0.123712	0.272159	-0.263595	0.335446	-0.223389	-0.0330751	0.0341157	0.0521448	0.032656
-2.72985	1.52135	-0.240167	0.568595	-0.30379	0.213648	0.114858	0.618171	0.11035	0.180251	-0.265492	0.250477	-0.245544	-0.0734454	0.0753405	0.0158552	-0.0239546
-2.83727	1.57139	-0.379439	0.482272	-0.27922	0.152384	-0.0282401	0.585123	0.0400546	0.110701	-0.33429	0.205238	-0.334201	-0.0892473	-0.00396271	-0.0231875	-0.111264
-2.72788	1.54841	-0.275203	0.55256	-0.229615	0.23602	0.136295	0.583961	0.194346	0.179691	-0.256757	0.259083	-0.201658	-0.070502	0.0487184	0.0229343	-0.00211005
-2.71525	1.64705	-0.335872	0.570843	-0.13904	0.270686	0.145137	0.685456	0.203177	0.204137	-0.229156	0.304089	-0.178747	-0.0150198	0.071862	0.00411546	0.0495522
-2.64773	1.54157	-0.395002	0.566996	-0.16391	0.261804	0.174458	0.626037	0.169852	0.236765	-0.241913	0.313099	-0.163859	-0.0474158	0.00887772	0.00522204	-0.00426527
-2.68732	1.5797	-0.379526	0.528608	-0.19533	0.24811	0.143481	0.603345	0.13509	0.190562	-0.283531	0.287295	-0.185884	-0.0373166	-0.00641848	0.0445209	-0.0365861
-2.62885	1.56738	-0.361492	0.530417	-0.192764	0.283661	0.193504	0.585539	0.180152	0.208699	-0.266946	0.329344	-0.17793	-0.0141605	0.0168838	0.050373	-0.002016
-2.58916	1.59688	-0.419739	0.595558	-0.137719	0.263868	0.164586	0.669075	0.213328	0.211283	-0.261169	0.334481	-0.166296	0.0288253	0.0276835	0.0622278	0.037267
-2.56557	1.55052	-0.387314	0.577113	-0.172791	0.290457	0.216237	0.628002	0.235202	0.206792	-0.207878	0.294569	-0.104151	0.00912196	0.043239	0.0529279	0.0225788
-2.58268	1.51264	-0.436369	0.550622	-0.233512	0.221717	0.185663	0.589596	0.181252	0.189411	-0.264781	0.245775	-0.153662	-0.0149293	-0.0117516	0.0784858	-0.0601537
-2.58371	1.53279	-0.483897	0.595261	-0.172025	0.2656	0.20159	0.667582	0.27042	0.261545	-0.210039	0.319207	-0.138098	0.0033328	-0.0198972	0.0668635	-0.0400295
-2.55634	1.50582	-0.505013	0.540806	-0.13381	0.216422	0.182858	0.586216	0.200477	0.208037	-0.235446	0.311264	-0.152424	0.00873259	-0.0546315	0.0575839	-0.0487385
-2.53812	1.50156	-0.514764	0.561121	-0.158788	0.232604	0.119085	0.657334	0.144988	0.239113	-0.255261	0.301481	-0.163527	-0.0159133	-0.0316915	0.0684389	-0.0562829
-2.59675	1.45654	-0.59285	0.603352	-0.264256	0.256327	0.0691956	0.667014	0.109256	0.278847	-0.300771	0.330364	-0.246698	-0.00780996	-0.117684	0.0545799	-0.123173
-2.57993	1.47773	-0.444801	0.58866	-0.103313	0.250869	0.142852	0.676565	0.211353	0.260141	-0.14445	0.301966	-0.114933	-0.0438099	-0.0170016	-0.000448098	0.0176005
-2.64903	1.52388	-0.602697	0.691497	-0.220421	0.262504	0.0499961	0.689433	0.0962244	0.335168	-0.213757	0.286167	-0.162361	-0.0926088	-0.111268	-0.00646733	-0.051907
-2.59856	1.43142	-0.481832	0.739759	-0.226625	0.218472	0.0198096	0.673555	0.105677	0.306861	-0.160909	0.255112	-0.168807	-0.121275	-0.103384	0.0322668	-0.039692
-2.76111	1.64424	-0.495404	0.769044	-0.233377	0.220245	-0.0526207	0.686138	0.0825826	0.334216	-0.150219	0.268863	-0.229527	-0.100727	-0.165302	0.0965929	-0.0464531
-2.84195	1.67479	-0.453566	0.781591	-0.253212	0.190965	-0.0877367	0.706165	0.0704263	0.332831	-0.137795	0.266095	-0.282563	-0.124347	-0.153985	0.133954	-0.0941349
-2.95609	1.85184	-0.442724	0.941799	-0.240853	0.158322	-0.0195616	0.634958	0.202531	0.322035	-0.00544831	0.211738	-0.172498	-0.151573	-0.132537	0.158421	-0.0818063
-3.16215	2.03896	-0.360877	0.868815	-0.155664	0.0727534	-0.0524696	0.588212	0.213937	0.310251	-0.0353245	0.292454	-0.246396	-0.0551231	-0.198753	0.236553	-0.209782
-3.52248	2.54424	-0.638296	1.18951	-0.24769	0.094733	0.010008	0.447996	0.369242	0.173636	0.154091	0.1089	0.0417371	-0.128564	-0.113694	0.11776	-0.252939
-3.84136	2.60504	-0.58744	1.01522	-0.166117	0.0486922	-0.147455	0.267137	0.136019	0.0960072	0.03339	0.0857328	0.0706055	-0.0896496	-0.24638	0.0947582	-0.44641
-4.76141	2.67155	-0.22482	1.21572	0.343813	0.219616	-0.292462	0.0392916	-0.161918	0.0250374	-0.0796439	0.257807	0.066335	0.203427	-0.521453	0.0315689	-0.505669
-5.25978	2.85082	0.373795	1.05292	0.941002	0.254873	-0.495843	0.578117	-0.439389	-0.0738562	-0.192116	-0.230602	0.294791	0.186852	-0.425123	0.26698	-0.525446
-5.27346	2.9256	0.697075	1.18994	0.516947	0.111053	-0.534032	0.535859	-0.226425	-0.141302	-0.189276	-0.162537	0.308969	0.379775	-0.576572	0.0609384	-0.428417
-5.39346	2.96414	0.794583	1.14662	0.534692	0.144683	-0.472611	0.453016	-0.125998	-0.377831	-0.0216498	-0.252142	0.45407	0.154082	-0.467499	0.115609	-0.395333
-5.5548	3.12252	0.865829	1.32292	0.522708	0.285531	-0.396577	0.496778	-0.130294	-0.165672	-0.357876	-0.0359233	0.345237	0.0455645	-0.484757	0.317286	-0.102626
-5.62794	3.07434	0.962145	1.43416	0.434141	0.196438	-0.436641	0.516629	-0.14882	-0.191387	-0.303349	-0.101154	0.441274	-0.023089	-0.552359	0.406324	-0.221579
-5.89537	3.18626	1.31367	1.17212	0.273838	0.224057	-0.165759	0.325177	-0.244417	-0.108198	-0.110239	-0.175278	0.218636	0.190864	-0.387683	0.313267	-0.513381
-5.73396	3.29383	0.895185	1.36475	0.136857	0.307423	-0.142581	0.365356	-0.177298	-0.158159	-0.203205	-0.0104082	0.0739397	0.121776	-0.473794	0.287316	-0.215328
-4.16435	2.62034	0.311371	1.08336	0.102414	0.0412457	0.158631	0.121114	0.170276	-0.297354	-0.0997085	0.16598	-0.125981	-0.123702	-0.126926	0.12592	-0.0633046
-4.69174	2.59833	0.528883	1.22556	-0.300339	0.0798756	0.00582527	0.285574	0.0522526	-0.122316	0.00249306	0.119184	-0.127361	-0.0142035	-0.174558	0.00266688	-0.419915
-4.6466	2.88333	0.196104	1.13328	-0.168585	0.0309589	-0.0578436	0.411515	0.193019	-0.0953842	-0.0792336	0.10033	-0.0780148	-0.0706364	-0.282335	0.0732961	-0.186827
-4.50114	2.7101	0.12202	1.2321	-0.00482501	-0.0393518	-0.137314	0.514413	0.112637	0.0854965	-0.237534	0.230067	-0.176211	-0.258275	-0.307457	0.310776	-0.173064
-4.33016	2.50145	0.167055	1.06708	-0.0501312	0.210405	-0.0737984	0.319344	0.261271	0.0438844	-0.161837	0.196122	-0.219794	-0.272917	-0.168265	0.149235	-0.0999715
-4.50223	2.57093	0.166412	1.10046	-0.0378397	0.0325804	-0.227813	0.574383	0.17086	-0.0403814	-0.122316	0.149714	-0.207813	-0.154558	-0.230099	0.106831	-0.203161
-4.53981	2.47157	0.419147	0.969205	-0.0206687	0.164427	-0.0765522	0.452469	0.132879	0.0673465	-0.0961629	0.0354525	-0.222349	-0.112534	-0.317046	0.191145	-0.0301059
-4.83288	2.85307	0.166934	1.05323	0.153315	0.24889	-0.140225	0.34986	0.265611	0.0954591	-0.197617	0.0768906	-0.288482	-0.0464033	-0.335988	0.234297	0.0525595
-5.6496	2.94831	0.612154	0.77517	0.281597	0.489659	-0.0775877	0.281588	0.0851723	0.136081	-0.193983	0.102249	-0.384453	0.195394	-0.207915	-0.289133	0.0689199
-6.06367	3.04312	1.03766	0.96243	0.770044	0.710594	-0.102836	0.175778	0.207313	0.0390424	-0.213514	0.0706062	-0.233233	0.00550597	-0.145432	0.07547	0.196203
-5.88515	3.10001	1.21523	1.01626	0.803168	0.622511	-0.0715363	0.116794	0.0224987	0.175032	-0.234342	0.122337	-0.288043	0.297446	-0.0792619	0.0939032	-0.141682
-6.0315	3.24817	1.19244	1.04754	0.866586	0.592749	-0.112226	0.394857	-0.384354	0.180441	0.0735766	-0.107094	-0.502037	0.579049	-0.184262	0.0332851	0.0919815
-5.96227	3.04276	1.1041	1.16448	0.782879	0.496474	-0.218856	0.320068	-0.281097	0.217398	-0.286416	-0.0660547	-0.207842	0.473596	-0.170617	-0.0106665	-0.102355
-6.21751	3.34079	1.12903	1.26678	0.604665	0.454694	-0.0713917	0.257695	-0.300901	0.247429	-0.261504	-0.0523558	-0.36504	0.640409	0.0497436	-0.155124	-0.227628
-6.1466	3.21352	1.12915	0.964335	0.754509	0.479193	-0.315636	0.293921	-0.229279	-0.0447416	-0.199165	-0.280532	-0.33015	0.73215	-0.132944	-0.194825	-0.115451
-6.05955	3.49396	1.09887	1.28696	0.819942	0.359707	-0.144461	0.478857	-0.113493	0.121351	-0.226542	0.000885203	-0.38566	0.781212	-0.271742	-0.0550528	0.243984
-5.9508	3.35775	0.993255	1.14942	0.714021	0.450942	-0.295286	0.259909	-0.210034	0.222918	-0.232388	-0.119468	-0.395475	0.705282	-0.00154479	-0.224616	-0.0303656
-5.76041	3.40476	0.992022	1.21495	0.861237	0.518374	-0.191756	0.256058	-0.163846	0.230014	0.0527628	-0.160271	-0.115536	0.653386	-0.0738336	-0.179343	0.148953
-5.75427	3.43757	0.952838	1.01458	1.03054	0.428771	-0.302288	0.315473	-0.187255	0.189981	-0.0804219	0.0549609	-0.301562	0.634725	-0.0543439	-0.166005	0.137396
-5.75149	3.46767	0.779299	1.00783	1.02262	0.432616	-0.316554	0.160947	-0.234889	0.156198	-0.00703447	-0.0820272	-0.11498	0.432843	0.0655248	-0.0391325	-0.132526
-5.78892	3.51864	0.872957	1.17311	0.792791	0.646399	-0.264783	0.142877	-0.220769	0.0705385	0.186369	-0.0579543	-0.226057	0.627071	-0.107874	-0.0820529	0.114731
-5.74328	3.66423	0.712007	1.12506	1.03314	0.474524	-0.164602	0.22465	-0.254549	0.145859	0.124196	-0.000175208	-0.221795	0.626805	-0.109104	-0.0250794	0.200139
-5.70216	3.44848	0.677033	0.892359	0.859517	0.48229	-0.42724	0.201843	-0.340563	-0.0868213	0.0707459	-0.0651678	-0.395043	0.543171	-0.124092	-0.0899288	0.049244
-5.61927	3.6	0.415891	1.03383	0.789323	0.455501	-0.356456	0.196837	-0.39902	0.155987	-0.086316	0.0767908	-0.543934	0.561804	-0.139506	-0.0351446	0.107101
-5.39217	3.30901	0.660535	1.00001	0.736872	0.481009	-0.317462	0.227055	-0.344055	0.197981	-0.0803895	0.0199978	-0.402709	0.480585	-0.0863274	-0.0734018	0.226701
-5.22786	3.1628	0.537464	0.950204	0.78959	0.318523	-0.15913	0.0420839	-0.276222	0.11658	-0.0389366	-0.140707	-0.311296	0.381944	-0.0714857	-0.121739	0.231945
-5.24935	3.13568	0.196251	0.883644	0.52063	0.385427	-0.320552	-0.0818623	-0.358221	-0.0326684	-0.221405	-0.236858	-0.479804	0.203181	0.0122625	-0.184334	-0.0160745
-4.24142	2.92967	-0.200829	0.858239	0.170634	0.452453	-0.149893	0.201765	-0.0810258	0.382933	-0.19488	0.0390002	-0.240523	0.138541	-0.0889693	-0.12026	0.0169253
-3.44952	2.49999	0.0487823	0.69571	0.194776	0.321375	-0.283677	0.467645	0.185587	0.50086	0.0146883	0.403831	0.193548	0.299821	-0.0898621	-0.0256362	0.0762761
-2.85039	2.2607	-0.231469	0.936453	-0.101732	0.225767	-0.181792	0.640843	0.240666	0.654533	0.0367431	0.510717	0.042634	0.249154	-0.0656008	0.156192	0.132406
-2.72434	1.97358	-0.15724	0.878735	-0.104825	0.181625	-0.0570675	0.66324	0.228075	0.549157	0.0494562	0.426173	0.0326272	0.0495477	0.08583	0.166191	0.178945
-2.69752	1.72741	-0.141537	0.69026	-0.170114	0.0356642	-0.117712	0.594893	0.141033	0.468229	-0.0648699	0.403714	-0.143065	-0.00186861	-0.0347622	0.193127	0.00475857
-2.72461	1.80634	-0.178691	0.721542	-0.188948	0.00294659	-0.0410074	0.548605	0.169909	0.453796	-0.0298942	0.403201	-0.179603	-0.00718976	0.037413	0.163348	0.0990021
-2.69074	1.73271	-0.225354	0.66135	-0.210819	-0.0203835	-0.126471	0.578631	0.112412	0.467499	-0.0444263	0.333839	-0.189291	-0.0636253	0.00293187	0.129847	0.0615378
-2.76061	1.78984	-0.215639	0.575753	-0.164721	-0.0888781	-0.0909549	0.592458	0.0750784	0.477792	-0.0573928	0.335472	-0.195122	-0.0670343	-0.0171906	0.0737665	0.0679307
-2.78833	1.85675	-0.366344	0.624609	-0.251635	-0.0586837	-0.195453	0.612832	0.00973971	0.43625	-0.106239	0.350116	-0.290053	-0.0572097	-0.0712065	0.100071	0.0132917
-2.7774	1.75984	-0.223616	0.482155	-0.123596	-0.201699	-0.0898557	0.5302	0.0297164	0.450213	-0.0824493	0.312908	-0.244176	-0.114538	-0.0542472	0.0117351	0.0207772
-2.85274	1.89853	-0.263174	0.596877	-0.208753	-0.0829927	-0.219644	0.68375	-0.0151992	0.418555	-0.0725769	0.340474	-0.259496	-0.122155	-0.0151371	0.0563209	0.0189332
-3.04192	1.89198	-0.343588	0.51773	-0.263223	-0.251218	-0.206069	0.468505	-0.127694	0.340649	-0.1873	0.249896	-0.291968	-0.228511	-0.161044	-0.000233478	-0.216418
-3.00338	1.91547	-0.123805	0.572421	-0.214337	-0.150085	-0.175596	0.515214	-0.0165446	0.320105	-0.0523472	0.27241	-0.285533	-0.130364	0.00534021	-0.0254282	-0.0379715
-3.14914	1.91205	-0.0831689	0.556328	-0.202383	-0.203237	-0.258101	0.546215	-0.0668928	0.209076	-0.11313	0.368534	-0.371544	-0.138639	-0.119448	0.0438305	-0.21376
-3.52051	2.46194	-0.200207	0.67736	-0.145634	-0.341145	-0.145481	0.526154	-0.285771	0.577255	-0.392919	0.410709	-0.235406	-0.150446	-0.0899147	0.0487848	-0.175017
-3.5344	2.1196	0.192294	0.520798	-0.0538436	-0.328509	-0.18837	0.463148	-0.23093	0.23435	-0.146879	0.330782	-0.246512	-0.0282333	-0.19608	0.0527572	-0.316264
-3.59951	2.08268	0.220676	0.737376	-0.115643	-0.409564	-0.147536	0.292066	-0.283155	0.235218	-0.224646	0.33197	-0.151474	-0.125766	-0.0158157	-0.154545	-0.292434
-3.67191	2.1835	0.243499	1.02574	0.0376573	-0.518955	-0.00288996	0.324711	-0.14398	0.190263	-0.158206	0.496647	-0.156582	0.138836	-0.200827	0.0616624	-0.246048
-4.01281	2.13742	0.732132	1.09309	-0.0955709	-0.397598	0.0975819	0.360909	-0.368898	0.266601	-0.257744	0.601794	-0.141169	0.0614523	0.0243376	-0.0822042	-0.184697
-4.13649	2.0564	0.844172	1.16973	0.129757	-0.342563	0.030912	0.359521	-0.223432	0.0530444	-0.143721	0.501461	-0.227307	0.101488	0.110613	0.0446568	-0.137166
-4.39485	1.95622	1.02915	1.29301	0.355501	-0.203351	0.218193	0.207262	-0.129829	0.229832	-0.252341	0.355799	0.0466016	0.119208	0.305127	0.0609503	-0.10374
-4.50272	1.97132	1.08052	1.57137	0.406381	0.138333	0.132615	0.272041	0.280603	0.17167	0.110145	0.406451	0.0184149	0.270141	0.11218	0.426121	0.0308222
-4.49977	1.1845	0.872952	1.27041	0.141003	0.172403	-0.110213	0.136381	0.0487962	0.13174	-0.143498	-0.128174	-0.00553221	0.187829	0.0903624	-0.0308487	-0.315626
-4.44645	0.547085	1.03828	1.60721	0.179362	0.158157	0.149114	0.25912	0.251554	0.10032	0.00855874	0.232184	-0.173643	0.039054	-0.0558291	-0.0440806	-0.0430662
-4.49977	-0.0964564	1.36209	1.72826	0.241657	0.355629	0.215309	0.227593	0.277982	0.0164205	-0.160966	0.000771967	0.247626	0.307849	-0.127662	-0.10261	-0.209764
-4.21181	-0.0114221	1.06079	1.80011	0.518298	0.404694	0.635249	0.275158	0.36392	0.0337529	0.0351949	0.379376	0.083212	0.0628185	0.356323	0.160826	0.135801
-4.66073	-0.33316	0.971878	1.7867	0.46868	0.670209	0.768929	0.379401	-0.0537005	0.0230651	0.0509327	0.253821	-0.0355502	0.226859	0.225186	0.384433	-0.0396246
-4.6618	-0.875371	0.129231	1.23771	0.261526	0.257761	0.411323	0.000484232	0.0550346	0.0459369	-0.279718	0.0339738	-0.0132777	0.0354248	-0.0521217	-0.0186911	-0.200007
-4.68516	-0.962092	-0.00261777	1.10234	0.166794	0.323098	0.497696	-0.00806914	0.00613289	0.134913	-0.224624	-0.0745383	0.0195378	-0.0172509	-0.0358179	-0.0136374	-0.115091
-4.6932	-1.02768	-0.0699	1.15295	0.0510174	0.274645	0.456147	0.0686649	0.0390397	0.0758557	-0.0890586	-0.0478241	-0.128911	-0.161752	-0.107819	0.0100336	0.00229204
-4.61801	-1.03395	-0.218256	1.10023	0.136531	0.148733	0.383751	0.0651001	0.211985	-0.0397578	-0.155366	0.107261	-0.087433	-0.0591344	-0.11308	-0.00118413	0.046845
-4.44201	-0.984164	-0.301684	1.0033	0.110007	-0.034656	0.267626	0.061683	0.163976	0.0152831	-0.0841528	0.134174	-0.0515386	-0.0344255	-0.0374724	0.146929	0.132005
-4.41511	-1.00744	-0.204249	1.16055	0.218357	-0.159876	0.145044	0.0582917	0.0225333	0.165865	-0.0261163	0.054198	0.061757	-0.0535255	-0.0764199	0.24281	0.158132
-4.40917	-0.6425	-0.0266807	1.20001	0.20976	-0.197401	-0.0826329	-0.189867	-0.245534	-0.0191357	-0.207499	-0.145884	-0.0801834	-0.219537	-0.261219	-0.03422	-0.110026
-4.14471	0.198944	0.228629	1.10692	0.124879	-0.217125	-0.0961557	-0.0961562	-0.275647	-0.224828	-0.330433	-0.0902789	-0.143945	-0.170527	-0.116176	-0.111987	-0.216558
-3.91624	1.30644	0.292039	1.03696	0.426923	-0.213873	-0.0309708	0.161679	-0.0875566	-0.193425	-0.0945494	0.201504	-0.209698	0.0638159	0.15387	0.0155691	-0.0230881
-4.02442	1.78055	-0.0440127	1.15306	0.247618	-0.149178	0.0543934	0.247989	-0.20357	-0.366353	-0.197032	0.257439	-0.304451	0.00450657	0.296826	0.0505905	-0.033237
-4.01632	1.97353	-0.424154	0.956397	0.253763	-0.245431	0.0229313	0.0148812	-0.307677	-0.214182	-0.566488	0.118534	-0.485903	-0.0458318	0.0274183	0.175157	-0.210858
-3.89605	2.21685	-0.548675	1.00661	0.117998	-0.164201	-0.267241	0.199037	-0.433194	-0.268204	-0.308638	0.130232	-0.371754	0.0119658	0.181502	0.0560956	-0.225559
-3.5374	2.00515	-0.627043	1.10342	0.125316	-0.117931	-0.26651	0.150848	-0.285263	-0.273802	-0.331925	0.119384	-0.291524	-0.0331247	0.206782	-0.0282813	-0.115802
-3.51063	2.08786	-0.779406	1.16152	0.0648743	-0.0719794	-0.384168	0.204071	-0.334216	-0.259466	-0.416631	0.173341	-0.30936	-0.0405949	0.162896	0.0709335	-0.17644
-3.50665	2.09579	-0.824215	1.13877	0.0504192	-0.0816548	-0.424049	0.201537	-0.361171	-0.293801	-0.419963	0.182706	-0.334785	-0.0268313	0.12533	0.108896	-0.257592
-3.59037	2.26019	-0.995433	1.27323	-0.0386768	-0.0620333	-0.435044	0.179154	-0.35176	-0.294556	-0.427726	0.174723	-0.340406	-0.0458833	0.131126	0.103927	-0.266355
-3.52886	2.15879	-0.861278	1.22313	0.102823	-0.198349	-0.232881	0.0901415	-0.283619	-0.306058	-0.356358	0.181329	-0.337723	0.027497	0.109159	0.140765	-0.23068
-3.67712	2.29703	-1.03511	1.39509	-0.0223427	-0.125106	-0.271806	0.1325	-0.3738	-0.272028	-0.423515	0.161232	-0.347755	-0.0278368	0.110947	0.15586	-0.254082
-3.87509	2.46328	-1.00353	1.61582	0.0764238	0.00343449	-0.0924412	0.246708	-0.350317	-0.224926	-0.341904	0.175143	-0.257546	0.0457615	0.238636	0.192618	-0.056707
-4.3076	2.17485	-0.795004	1.75978	0.656482	0.250055	0.346277	0.144512	-0.460282	-0.44417	-0.280139	0.00913763	-0.0382795	0.208044	0.447583	0.306479	-0.0732249
-4.3751	2.05794	-0.468236	1.4863	0.756295	-0.0526586	0.443001	0.190093	-0.310028	-0.378109	-0.227602	-0.00862878	-0.0133652	0.114714	0.326274	0.359521	-0.0621906
-4.96626	2.51169	-0.135141	1.45512	0.603431	-0.394989	0.567217	0.170054	-0.176683	-0.0675212	-0.079443	0.109958	-0.0567969	0.0203551	0.192294	0.289945	0.103461
-6.18415	3.06971	0.177797	1.48272	0.532251	-0.206675	0.251863	0.358321	-0.120305	0.114906	-0.104202	-0.0899758	-0.0178426	-0.116179	-0.0419535	0.363507	0.0328585
-6.80312	3.13374	0.592982	1.64271	0.214643	-0.45662	0.20704	0.369077	0.174964	0.189496	-0.385389	-0.194107	0.159304	0.0233704	-0.239776	0.171165	0.0172167
-6.92668	3.11436	0.637866	1.44492	0.315424	-0.0825518	0.258607	0.362785	-0.0602017	-0.0461408	0.0840093	0.0770004	0.107433	-0.268555	-0.175449	0.23088	0.0839804
-7.83764	2.6076	0.981375	1.79846	0.30456	0.0173727	0.744492	0.329013	-0.162881	-0.313635	-0.0660425	0.0792732	-0.399199	-0.510363	-0.00316901	0.230115	0.101453
-5.73036	1.82002	0.336499	0.545584	-0.16597	0.259038	-0.286058	-0.0586537	-0.0735812	-0.354762	-0.264327	-0.0667833	-0.391402	-0.225004	-0.125236	-0.0811367	-0.446036
-4.43309	1.26897	0.374488	0.60269	-0.172618	0.0634509	0.313773	0.19463	0.035828	-0.250102	0.0531308	0.241366	-0.116702	-0.0949619	-0.0521847	0.198037	-0.158549
-4.71409	1.07296	0.634072	0.811687	-0.21786	-0.0985993	-0.00930027	0.0263665	-0.159239	-0.0301469	-0.000370652	0.220683	-0.310296	-0.025061	0.206915	0.283862	0.0454124
-4.82307	1.65568	1.21812	1.42042	-0.0129414	-0.025189	0.0752604	0.098909	0.0538696	0.28984	-0.0843778	-0.0254671	-0.0698549	-0.153495	0.0941563	0.379044	-0.274911
-4.7067	1.66396	0.655026	1.02801	0.368615	0.259815	0.422406	0.396869	-0.203221	-0.17688	-0.696333	-0.171604	-0.173416	0.020335	0.189097	0.271201	-0.170447
-4.36382	1.91751	0.825481	0.821585	0.125799	-0.0958914	0.298131	0.547112	-0.259856	0.136626	-0.200168	-0.133282	-0.228094	0.0677215	0.0239225	0.148643	-0.278191
-4.02142	2.03341	0.750437	0.614073	0.146104	-0.165379	0.163964	0.563646	-0.0688082	0.0365715	-0.0642192	0.209933	-0.312013	0.129352	-0.0995783	0.0431993	-0.165692
-4.24096	1.8546	0.669858	0.735212	-0.175227	-0.328789	-0.0416184	0.364543	-0.119694	-0.00221959	-0.0751728	0.0210263	-0.357428	0.112036	0.0290387	-0.0278559	-0.811611
-3.87294	1.69618	0.794084	0.857019	-0.00709023	-0.0145437	0.227929	0.364327	0.0132916	0.048513	0.091371	0.176666	-0.194265	-0.174335	0.0356578	0.115118	-0.299755
-3.79098	1.49731	0.726458	0.931583	-0.0221856	-0.0934796	-0.0261718	0.389506	-0.0985094	0.217173	0.00843999	-0.0276421	-0.197529	-0.00918248	0.0224643	-0.0105131	-0.356868
-3.90192	1.82966	0.625159	0.628224	-0.168269	-0.132074	0.124725	0.268779	-0.0608679	0.255655	-0.179409	0.0556358	-0.188399	0.120313	-0.19466	0.00725817	-0.42886
-3.9237	1.77257	0.972538	0.619505	-0.118926	0.176672	-0.0597212	0.631875	0.234845	0.208647	-0.0291656	0.317807	-0.141175	-0.0249749	-0.128274	-0.0625203	-0.183134
-4.1841	1.85669	0.791381	0.995231	0.109181	-0.28961	-0.000381996	0.141954	0.351673	0.542789	0.0224897	0.149014	-0.405305	0.00626253	-0.0353899	0.2378	-0.426622
-4.05815	1.52895	0.80402	0.603619	-0.385087	-0.110927	0.0528205	-0.00502865	-0.0728111	0.457091	0.0446519	-0.0123988	-0.378182	-0.1686	-0.171456	-0.141897	-0.35177
-4.126	1.87175	0.759444	0.874642	0.0144624	-0.301378	-0.0499536	0.179017	0.139782	0.316085	-0.0220041	0.359203	-0.235868	-0.090313	-0.254155	0.0490665	-0.196371
-4.26961	1.68057	0.965668	0.767305	0.0459002	-0.437478	0.0264736	0.172212	0.139072	0.36924	0.040968	0.00637569	-6.76542e-05	-0.292312	-0.116558	0.00842828	-0.373691
-4.05751	1.93152	0.733475	1.03513	0.148764	-0.0747184	0.08733	0.472664	0.00472827	0.290927	0.156913	0.322051	-0.00878006	-0.0621248	0.130778	0.18801	-0.384434
-4.04283	1.84015	0.77224	0.791382	0.181349	-0.109154	0.144938	0.295686	0.0864834	0.398887	-0.0694381	0.258022	-0.0326012	0.0111673	0.0346839	-0.0126873	-0.217803
-3.9246	2.05719	0.769789	0.940453	0.174774	0.111629	0.213591	0.367653	0.342007	0.455636	0.0708339	0.495423	-0.0258494	0.202738	-0.0298961	0.0624786	0.114241
-3.78619	2.37816	0.375623	0.76838	0.452361	0.0103504	0.25436	0.375714	0.337372	0.411116	0.00804302	0.438432	0.230478	0.114267	-0.0152404	0.125938	0.182558
-4.25732	2.79715	0.232246	0.808178	0.536868	0.19689	0.10102	0.260957	0.20378	0.494412	0.00121576	0.400279	0.217411	0.10457	0.0843173	-0.0348543	0.29697
-4.86978	2.28715	0.237148	0.353722	0.143959	0.141424	-0.377271	-0.0603963	-0.396726	-0.143642	-0.43933	-0.226589	-0.626421	-0.014214	-0.221413	-0.226828	-0.167703
-5.0184	2.30629	0.621765	0.591817	0.724455	0.492259	-0.228027	0.168526	-0.403645	0.0391693	-0.19601	-0.163743	-0.582798	0.319711	-0.0328131	-0.0995956	0.031823
-4.68029	2.27874	0.890576	0.833588	1.00331	0.563908	-0.0663115	0.188266	-0.235683	0.19271	0.0417964	0.0724081	-0.176203	0.48525	0.258036	0.181625	0.249566
-4.73076	2.21012	0.785456	0.790703	1.00512	0.43762	-0.143905	0.0908465	-0.293173	0.289518	-0.0632923	0.0479305	-0.209038	0.385453	0.204902	0.213928	0.0651309
-4.80129	2.21577	0.717019	0.917298	1.13888	0.708413	-0.0235306	0.10619	-0.33352	0.136384	-0.161588	0.133629	-0.0840966	0.616806	0.309047	0.389419	0.164444
-5.08038	2.36829	0.728264	0.554253	0.58914	0.364014	-0.47593	-0.152177	-0.365659	0.0715447	-0.271991	-0.0509549	-0.251686	0.359604	0.0260566	0.0361472	0.09324
-5.32915	2.22191	1.02252	0.560395	0.550735	0.164931	-0.491446	-0.145671	-0.485745	0.0403549	-0.253745	-0.11748	-0.399819	0.544351	-0.0464129	-0.123367	0.0176805
-5.37373	2.29748	0.53805	0.617727	0.697532	0.384976	-0.142705	-0.0599037	-0.559951	0.183517	-0.0147038	-0.173281	-0.304854	0.23685	-0.165573	-0.0752664	0.0153114
-5.48006	2.00602	0.599106	0.409911	0.539733	0.108751	-0.296617	-0.338333	-0.535848	0.0453419	-0.245697	-0.240372	-0.341736	0.163421	-0.057398	-0.0733414	-0.156631
-6.27162	2.17614	0.674396	0.50732	0.678282	0.183061	-0.297461	-0.260331	-0.555957	0.150177	-0.181014	-0.137745	-0.339704	0.257173	-0.0661431	-0.0902542	-0.0810639
-7.11199	2.28631	0.346324	0.622573	0.601424	0.219639	-0.116713	-0.154596	-0.535146	-0.0236643	-0.130112	-0.0170504	-0.315059	0.232877	-0.13036	0.0356416	0.0356271
-6.85387	2.0173	-0.476913	0.505547	0.240145	0.205932	-0.293893	-0.173112	-0.454343	-0.053565	0.111027	0.168166	0.0752705	0.257091	-0.0336331	-0.0510709	0.0264451
-7.06461	2.62239	0.673229	1.02045	1.04509	0.409137	0.147759	-0.0181568	-0.316119	0.0242433	-0.170097	-0.280064	-0.176842	0.42681	-0.181172	-0.0105578	0.184281
-6.34247	2.55169	0.231661	0.615182	0.595413	0.386127	0.123869	0.0116141	-0.363279	-0.309853	0.124967	0.135986	-0.282455	0.291663	-0.0980724	-0.275232	0.168853
-7.85895	2.59129	0.776403	0.78285	0.627878	0.621547	0.743809	-0.221348	-0.938647	-0.441511	0.101201	0.276485	0.0465388	0.195906	-0.327749	0.0484705	0.0956572
-7.86841	2.43136	0.368121	0.611972	0.383429	0.62235	0.446633	-0.287749	-0.45336	-0.452252	0.193546	0.419708	-0.0644039	-0.343491	-0.139854	0.242606	-0.0350869
-7.85544	1.93973	0.564026	0.237515	0.159835	0.468964	0.137571	-0.213797	-0.348092	0.106982	0.270705	0.14608	-0.213521	-0.338024	-0.182572	0.118203	0.243265
-7.85386	1.63171	0.615729	0.139232	0.230495	0.481351	0.0988745	-0.0635215	-0.26108	0.440172	0.14622	-0.0994799	-0.396011	-0.373641	-0.0580455	0.288026	0.201064
-7.72129	1.15001	0.63901	0.232478	0.144806	0.433213	0.13721	0.0418663	-0.0546245	0.479902	0.0879886	-0.0493533	-0.284756	-0.375981	-0.134587	0.428695	0.0371161
-7.73309	0.915789	0.450528	0.174904	0.151821	0.554532	0.329594	0.177599	0.0462862	0.426581	0.00394455	-0.0655024	-0.221411	-0.190595	0.0497284	0.451854	-0.028602
-7.92639	0.968822	0.237495	0.135113	0.197493	0.579093	0.429049	0.208389	0.140942	0.285292	0.187855	0.00462587	-0.169162	-0.155452	0.18308	0.500073	-0.0257011
-8.39164	0.902883	0.169673	0.203607	0.255619	0.604999	0.416451	0.100631	0.206984	0.27453	0.220996	-0.0344755	-0.177471	-0.0516732	0.327157	0.551169	0.14782
-8.07449	1.01357	0.105978	0.109125	-0.0911522	0.652368	0.268929	0.136941	0.153521	0.551886	0.172243	-0.0348179	-0.023825	0.108791	0.314015	0.365891	0.146323
-5.94695	1.90789	-0.587583	-0.336367	-0.254073	0.650493	0.16144	0.179112	-0.0334235	0.338835	-0.0126523	0.0214414	-0.121556	0.0565101	0.0312404	-0.0167594	0.153671
-4.72654	1.79151	-0.746015	-0.236066	-0.408469	0.48828	0.2091	0.0714315	-0.260685	0.213461	-0.0873975	-0.00696183	-0.28931	-0.0663257	0.148906	-0.0446757	0.12576
-4.04484	1.64298	-0.815048	-0.232672	-0.454881	0.527573	0.155753	0.0671924	-0.233831	0.304123	-0.131597	-0.0379946	-0.291346	-0.107377	0.10049	0.0141059	0.0158672
-3.6803	1.68547	-0.770608	-0.107196	-0.500345	0.451388	0.116663	0.0927603	-0.241532	0.27357	-0.127962	-0.0340694	-0.256526	-0.129894	-0.0111283	-0.0812635	-0.0958673
-3.47394	1.60579	-0.569604	-0.276153	-0.621929	0.274543	0.146455	0.0249816	-0.225774	0.2281	-0.336244	-0.0138956	-0.30128	-0.14948	-0.086764	-0.17002	-0.0819732
-3.21064	1.46565	-0.562786	-0.451851	-0.528968	0.280782	0.236419	-0.0627249	-0.255353	0.235803	-0.384553	-0.0815584	-0.368801	-0.202748	-0.0565515	-0.119844	-0.0363693
-2.83874	1.94044	0.111535	-0.296262	-0.207032	0.60568	0.494788	0.0633482	0.0398534	0.523688	-0.145623	0.12029	-0.115575	0.0590519	0.156005	0.00438744	0.140464
-2.63063	1.77962	-0.0826905	-0.14025	-0.258969	0.577563	0.431955	0.116442	-0.0551303	0.430866	-0.12421	0.194251	-0.257213	-0.00682943	0.0855985	0.00369685	0.147449
-2.66096	1.92538	-0.0577127	-0.10611	-0.250425	0.640563	0.446209	0.166231	-0.0257519	0.458999	-0.0504423	0.181795	-0.215166	0.0911392	0.0909725	0.0287146	0.083354
-2.82595	2.12414	-0.115633	-0.196129	-0.271806	0.577614	0.433134	0.0489665	-0.0132387	0.441037	-0.156084	0.269083	-0.31617	0.134427	0.0230931	-0.00337695	0.0401695
-2.83582	2.10277	-0.0219966	-0.315128	-0.292635	0.525293	0.375664	0.0435436	0.0102801	0.31895	-0.0398404	0.0533182	-0.241561	0.050995	0.0193351	-0.074158	0.129608
-3.11791	2.40518	0.0464589	-0.419338	-0.404903	0.705112	0.171512	0.105288	0.125877	0.228034	-0.157912	0.114575	-0.224272	-0.11968	0.0575808	0.00257332	0.140769
-3.03134	2.54728	-0.1479	-0.228326	-0.344791	0.542652	0.434245	0.0103238	0.159288	0.260832	-0.103156	-0.0732793	-0.265842	-0.0567235	-0.0232214	0.166544	0.300261
-3.06222	2.58434	0.0419255	-0.293734	-0.378883	0.666373	0.369354	0.11537	0.0386866	0.379206	-0.316515	-0.000319108	-0.370283	-0.0328033	-0.0073556	0.302615	0.411119
-3.17128	2.67062	0.0924484	-0.342969	-0.350539	0.666864	0.276007	0.115574	0.0244938	0.27747	-0.21307	0.150008	-0.566635	0.0161583	0.101843	0.257746	0.219136
-3.30176	2.79858	0.126541	-0.284962	-0.372458	0.526075	0.539122	-0.139578	0.00245116	0.349724	-0.0842106	-0.12541	-0.48195	0.122912	0.0300783	0.234644	0.270924
-3.41614	2.86356	0.456	-0.216295	-0.487479	0.639876	0.555017	-0.0887436	-0.0851417	0.317673	-0.0897875	-0.234311	-0.525564	0.126413	0.0743661	0.570687	0.422422
-3.5561	3.00923	0.54059	-0.215933	-0.575189	0.635354	0.572167	-0.265286	-0.0861137	0.463519	-0.0784439	-0.319636	-0.427915	0.0917127	0.0344658	0.695101	0.275095
-3.64276	2.99284	0.560576	0.0088038	-0.355094	0.260164	0.653967	-0.274603	0.000839843	0.240503	0.021783	-0.259044	-0.442753	-0.0858194	0.267335	0.728326	0.309429
-4.02173	3.22665	0.822386	0.230442	-0.415547	0.264415	0.410252	-0.134907	0.0427263	0.248134	-0.145213	-0.349204	-0.292968	0.00535652	0.236634	0.863453	0.438339
-4.54327	3.16678	0.961584	0.311525	-0.267802	0.28872	0.512082	-0.215193	-0.176862	0.290863	-0.0640172	-0.339492	-0.413983	0.312799	0.0790627	0.557746	0.551426
-5.76773	2.94429	0.657671	0.63489	0.10684	0.613046	0.304182	0.0496521	-0.136093	0.213031	-0.228762	-0.157318	-0.179346	-0.0562815	-0.205241	0.395182	0.443785
-6.62297	3.22116	1.08282	0.522831	0.115366	0.415042	0.297556	0.0614893	-0.150638	-0.024342	-0.0154035	-0.136244	-0.160841	0.0899393	-0.150027	0.0843443	0.115291
-7.38531	3.01954	1.4691	0.718662	0.234166	0.510459	0.495306	0.1998	-0.0663621	-0.099472	-0.0950117	-0.38054	-0.332479	0.0820528	0.0528133	0.470958	0.414109
-7.96851	2.19461	1.52903	0.83165	-0.00154511	-0.314817	-0.209147	0.0350908	-0.114073	0.124891	0.171236	0.186683	0.148776	-0.0635886	-0.659374	-0.218478	-0.0655196
-8.5255	2.43404	1.07737	0.17845	-0.196936	-0.0921916	-0.194754	-0.275811	0.0563167	0.346591	-0.110077	-0.0547963	-0.106799	0.0631823	-0.0535681	0.380601	0.24962
-8.62994	2.04077	0.990224	0.601906	0.0991795	0.0777132	0.0081419	0.0155738	-0.0126867	0.114975	-0.127098	-0.081719	-0.164851	-0.153334	-0.135398	0.0396024	-0.0642679
-8.96824	1.91278	1.14408	0.77286	0.136054	0.00993678	-0.0344191	0.0427369	0.0580373	0.151075	-0.081901	-0.117145	-0.149701	-0.239455	-0.169022	0.0157326	0.0296875
-9.10451	1.87175	1.04846	0.624342	0.143541	0.0374997	0.0641793	0.134275	0.0856832	0.135593	0.00529638	-0.0654511	-0.0500984	-0.166543	-0.194412	-0.0338533	0.125542
-9.13576	1.6326	0.728545	0.487955	0.308548	0.152893	0.0763008	0.131011	0.0979562	0.170319	0.0481597	0.0132414	-0.0231305	-0.0642943	-0.0525099	-0.028159	0.0775077
-9.38054	1.45857	0.705886	0.493986	0.479147	0.386982	0.126645	0.223325	0.1395	0.177954	0.0606772	0.0652974	0.0758644	-0.00249595	-0.0607098	-0.0418153	0.032836
-9.41819	1.46489	0.657255	0.352671	0.454755	0.386839	0.0616088	0.142883	0.0567998	0.147234	0.0288104	0.0927113	0.0718293	-0.0748897	-0.100822	-0.114363	-0.00819724
-9.45247	1.46047	0.656919	0.420218	0.399664	0.300939	0.0569594	0.198096	0.107856	0.185148	0.0212109	0.155788	0.074411	-0.054553	0.02935	0.0565578	-0.0143083
-9.59598	1.32255	0.660114	0.502617	0.39013	0.338071	0.117161	0.225109	0.20142	0.1869	0.102342	0.240033	0.16977	0.0897648	0.111315	0.165837	0.0265754
-9.56172	1.25622	0.56411	0.472189	0.381324	0.286232	0.167617	0.184571	0.293017	0.148186	0.139153	0.165623	0.152569	0.087757	0.0582319	0.154996	0.167714
-9.44903	1.32151	0.630298	0.449267	0.300446	0.248708	0.110981	0.171564	0.250437	0.129924	0.139834	0.143395	0.190665	0.150041	0.0806844	0.178663	0.108661
-9.50009	1.2797	0.748582	0.459741	0.197835	0.318737	0.131643	0.254834	0.252144	0.138528	0.178501	0.194353	0.185604	0.114622	0.093326	0.204153	0.0380875
-9.45155	1.36675	0.606083	0.43027	0.163259	0.242363	0.144615	0.291049	0.249681	0.174334	0.171125	0.237556	0.216391	0.0406871	0.093164	0.145902	0.0261761
-9.49935	1.40916	0.612106	0.470845	0.230892	0.236521	0.0997206	0.298147	0.142708	0.136456	0.158673	0.20573	0.245811	0.0948221	0.0933961	0.155476	0.0553858
-9.65174	1.26448	0.638801	0.560224	0.330691	0.27375	0.141777	0.179079	0.0898196	0.0455654	0.0828923	0.232556	0.214196	0.0855468	0.157878	0.161965	0.0130862
-9.30814	1.2823	0.429895	0.479012	0.31899	0.220434	0.187506	0.155092	0.162009	0.15199	0.184623	0.232618	0.123769	0.102032	0.139942	0.219001	0.0927433
-7.47044	2.01725	0.139935	0.510973	0.190629	0.287781	-0.0576487	-0.0475523	0.074393	0.245176	0.117766	0.165434	0.0793716	-0.0320644	0.0689918	0.0548109	-0.0801716
-6.02628	2.288	0.0277821	0.690501	0.106618	0.363973	-0.19175	-0.18304	0.000227832	0.210357	-0.0619443	0.150719	0.119908	0.0403847	-0.0746999	-0.0770409	-0.159968
-5.34092	2.28806	0.047191	0.768105	0.153813	0.353663	-0.175335	-0.237704	-0.0221692	0.228713	-0.0564012	0.132939	0.17544	0.0861305	-0.110421	-0.134155	-0.108514
-5.18007	2.30295	0.0154618	0.833138	0.0535146	0.389533	-0.354225	-0.254476	-0.108994	0.167798	-0.0611585	0.108897	0.235891	0.27318	-0.130555	0.0175909	-0.0919375
-5.20791	2.25481	-0.22292	0.965977	0.0117516	0.328841	-0.464541	-0.244897	-0.0994784	0.157016	0.00173075	0.100273	0.341914	0.315636	-0.194387	0.134604	-0.0742665
-5.46518	2.06549	-0.175797	0.899094	0.00301415	0.22328	-0.447917	-0.231077	-0.0596324	0.168153	0.106285	0.226695	0.460705	0.290281	-0.24701	0.122156	-0.0771179
-6.46096	2.67995	-0.015226	0.819225	-0.380376	-0.687922	-0.45537	-0.188694	-0.313554	-0.0379218	-0.0880502	0.648863	0.371292	0.132426	-0.304654	0.34356	0.703187
-7.26822	2.11544	0.221648	0.863004	0.333103	-0.686363	-0.534615	-0.858339	-0.297393	0.126993	0.0605018	0.644366	0.387578	0.202691	-0.302369	0.160523	0.417614
-8.34309	2.25709	0.580913	0.489177	-0.522146	-0.776113	-0.619128	-0.75779	0.0019164	0.693372	0.225433	-0.0359888	0.383613	0.00551111	-0.182333	0.165569	0.336502
-8.17128	1.79554	0.694812	0.614431	-0.0217883	-0.311448	-0.144096	-0.0813381	0.111998	0.260051	0.14958	0.399532	0.432838	0.271234	0.0288823	0.163123	-0.188146
-8.54355	1.57733	0.689082	0.625513	0.0580273	-0.191028	-0.123826	-0.0634292	0.178704	0.244234	0.187072	0.400156	0.384401	0.151322	0.0450703	0.189516	-0.147167
-8.98658	1.47542	0.560291	0.716696	0.24407	-0.164367	-0.101775	0.012011	0.0409417	0.137097	0.250889	0.344164	0.274969	0.0935403	0.0187618	0.0925119	-0.0885812
-9.29011	1.43465	0.582434	0.755171	0.348559	-0.0647389	-0.0687886	0.0949626	0.035597	0.124017	0.324499	0.442261	0.241005	0.0547888	0.0749533	0.052064	-0.0907142
-9.33909	1.42895	0.558702	0.639166	0.346988	0.102499	-0.0123142	0.132398	0.161417	0.30488	0.281672	0.338697	0.213613	0.12356	0.172902	0.0872396	-0.0343351
-9.15801	1.10116	0.487674	0.661948	0.421791	0.162425	-0.0344238	0.103255	0.264447	0.381812	0.114721	0.461861	0.203465	0.165785	0.244608	0.205619	-0.0266903
-8.83783	0.794064	0.431142	0.713893	0.39325	0.183002	0.12001	0.235133	0.292056	0.321471	-0.00832094	0.636541	0.143102	0.0330489	0.241747	0.241585	-0.064123
-8.91218	0.753615	0.473026	0.78565	0.42261	0.225437	0.167614	0.277131	0.280736	0.245309	-0.0313503	0.712183	0.163392	-0.0397352	0.204869	0.258809	-0.07173
-9.24383	1.06284	0.591799	0.739507	0.476693	0.302678	0.305923	0.334616	0.242023	0.140385	0.0284698	0.518015	0.180826	-0.135767	0.0815691	0.240722	-0.0689327
-9.26228	1.31608	0.544122	0.50569	0.392376	0.300283	0.259009	0.320675	0.208635	0.237157	0.209888	0.220952	0.183454	0.121815	0.107904	0.151173	0.0987367
-9.10021	1.40169	0.562719	0.416465	0.347873	0.311804	0.213363	0.282866	0.208937	0.244056	0.160652	0.172967	0.175332	0.115544	0.175527	0.13166	0.17735
-9.12766	1.43543	0.641168	0.475591	0.348528	0.351483	0.219835	0.259002	0.19813	0.17896	0.114209	0.134041	0.127399	0.105273	0.152224	0.0976151	0.132045
-9.07783	1.46307	0.562266	0.434977	0.339901	0.349929	0.244558	0.240345	0.164498	0.174139	0.167165	0.175814	0.197228	0.137651	0.151168	0.112413	0.177616
-8.76058	1.27768	0.283356	0.486803	0.2359	0.396141	0.150749	0.210112	0.296739	0.00177384	0.130258	0.210948	0.230667	0.0837137	0.056967	0.314073	0.116678
-5.84288	1.36619	-0.0682205	0.865458	-0.173291	-0.14389	-0.358529	0.00742882	-0.201855	-0.0220164	0.138327	0.453764	-0.0432153	-0.197322	-0.207244	0.170404	-0.0655327
-4.57244	1.35495	-0.142244	0.734735	-0.275615	-0.269608	-0.35639	-0.0602389	-0.231211	-0.183682	0.122167	0.356704	-0.366854	-0.160804	-0.0575704	0.224744	-0.115865
-3.94629	1.42872	-0.227946	0.585431	-0.37096	-0.327383	-0.228948	-0.0043768	-0.220662	-0.252208	-0.0866626	0.235751	-0.457269	-0.131218	-0.0496156	0.192157	-0.235394
-3.70296	1.86479	0.00930565	0.528846	-0.34363	-0.0740541	-0.0543863	0.0666013	0.0917775	0.233623	-0.146112	0.064202	-0.265655	0.126023	-0.168787	0.1987	-0.220033
-3.5262	1.51474	0.0490638	0.832686	-0.144444	-0.0969794	-0.00508402	0.159839	0.0794612	-0.0877807	-0.0712039	0.239351	-0.283523	0.0941771	-0.0265078	0.0997627	-0.358082
-3.6452	1.66145	0.51269	0.660741	-0.348585	-0.111731	0.0883469	0.335651	-0.153934	-0.0860097	0.0540641	0.444382	-0.340374	-0.0332749	0.246682	0.107779	-0.552168
-3.47696	1.72058	0.245441	0.730137	-0.116442	-0.163438	0.105208	0.183718	0.0580092	-0.116104	-0.0865554	0.36096	-0.202505	-0.0966973	-0.123915	0.140032	-0.158376
-3.75177	1.94383	0.163009	0.938571	-0.406346	-0.040537	0.0157939	0.209971	-0.0241422	-0.162663	0.0631671	0.270767	-0.221136	-0.0330494	-0.0415777	0.0121373	-0.289872
-3.78744	1.99201	0.27313	0.663428	-0.0575225	-0.22179	0.147502	0.176203	-0.0307961	-0.0638391	-0.131844	0.376897	-0.253978	-0.0899731	-0.0103835	0.0573522	-0.296345
-3.88854	2.00581	0.37323	0.785299	-0.120926	-0.243782	0.117148	0.271081	-0.108399	-0.174223	0.0427062	0.324278	-0.23457	-0.073116	-0.151728	0.237998	-0.485314
-4.14768	2.22369	0.376173	0.673939	0.0428302	-0.175081	0.0294602	0.255398	-0.0712225	-0.188823	0.0387828	0.347927	-0.170658	-0.114674	-0.235241	0.278082	-0.573873
-4.23193	2.33613	0.796994	0.654837	0.0987617	0.00612762	0.115442	0.464206	-0.128292	0.218796	-0.178681	0.370016	-0.423141	-0.211151	-0.185966	0.282533	-0.00597619
-4.48891	2.31026	0.753801	0.859165	0.09989	0.0648833	0.111416	0.560174	-0.128887	0.136781	-0.208376	0.400556	-0.424609	-0.24853	-0.232792	0.443652	-0.253049
-5.20272	2.78445	0.642107	1.06539	0.088208	0.303753	-0.103813	0.333721	0.0747264	-0.128418	0.0262274	0.21946	-0.221759	-0.300948	-0.0611879	0.165958	-0.473998
-5.54472	2.80649	1.12427	1.1517	0.378099	0.264511	-0.0976539	0.422123	-0.0959951	-0.0455805	-0.115906	0.133631	-0.246658	-0.0254333	-0.238736	0.123104	-0.510511
-5.97732	3.24275	1.35594	1.11177	0.541644	0.189229	-0.175859	0.616626	-0.262365	-0.313057	0.0490933	0.0722172	-0.142387	-0.0634811	-0.282849	0.369793	-0.551408
-6.09659	3.29681	1.67134	1.16364	0.563781	0.22586	-0.0877258	0.788738	-0.483006	-0.285965	0.0205328	-0.0440698	-0.213571	-0.0221848	-0.337564	0.651247	-0.143413
-6.00869	3.17232	1.42184	1.14606	0.446024	0.0860055	0.111293	0.449871	-0.503825	-0.293813	0.378235	-0.0578081	-0.247459	0.0379433	-0.2484	0.263361	-0.670626
-5.7773	2.99708	1.45835	1.26438	0.590724	0.202074	-0.0574207	0.480189	-0.28941	-0.21372	0.146544	-0.0737376	-0.130218	-0.138558	-0.297257	0.540658	-0.429412
-6.05792	3.55599	1.65978	1.13412	0.820246	0.237297	-0.0848066	0.850346	-0.311892	-0.455642	0.254046	-0.144112	-0.552339	-0.0659444	0.0212475	0.663424	0.231228
-6.11242	3.31657	1.55636	1.08352	0.430561	0.141937	0.16243	0.331105	-0.349834	-0.0459038	0.162106	-0.0469949	-0.284971	-0.000159131	-0.183057	0.0975743	-0.445588
-6.22159	3.52835	1.19685	1.24376	0.700293	-0.144529	-0.0732241	0.538557	-0.231671	-0.10783	0.0802237	-0.0768582	0.0296145	-0.249681	-0.220826	0.190741	-0.6013
-6.15363	3.31687	1.10709	1.1346	0.604304	0.218638	-0.319197	0.489585	-0.072008	0.077025	0.142441	-0.323718	-0.105061	-0.0706121	-0.161523	-0.0442098	-0.742225
-6.34953	3.18956	1.34363	1.40248	0.51385	0.52291	0.0283581	0.30126	0.111326	0.117828	0.135934	-0.383993	-0.412088	-0.0570427	-0.0597126	0.0955543	-0.235036
-6.18211	3.10639	1.17493	0.991624	0.830495	0.540659	-0.022369	0.578228	-0.154519	-0.153997	0.373639	-0.622459	-0.168507	0.13641	-0.299203	0.0950094	-0.17869
-6.16663	2.94866	1.12246	1.04886	0.784659	0.776653	0.0196367	0.257562	-0.219203	-0.108757	0.0738907	-0.331218	-0.0518038	-0.0996744	0.0270322	0.0287598	-0.179022
-6.39138	2.84331	1.25586	1.18115	0.845079	0.714463	-0.333202	-0.084845	-0.26155	0.146772	0.461693	-0.694481	-0.257892	0.421281	-0.339383	0.105522	-0.215563
-6.08951	2.44372	0.762544	1.3981	0.663145	0.429468	0.0402906	0.186317	-0.0561202	0.000413671	0.239256	-0.365612	-0.151995	-0.0391838	-0.19748	-0.0403135	-0.135054
-6.38469	2.18978	0.908901	0.943283	0.630655	0.5707	-0.043256	0.172916	-0.216572	-0.114831	0.0171472	0.000639391	-0.012975	-0.0443228	-0.178546	-0.131242	-0.182988
-6.83099	2.18942	0.650083	1.06802	0.660413	0.751713	0.116367	0.402939	-0.477685	-0.16887	0.0287203	-0.325377	-0.279239	0.0891824	0.116822	0.262458	0.240336
-6.72183	1.13629	0.345762	0.593933	0.605138	0.895837	0.0380556	-0.115061	-0.244379	0.145528	0.174728	-0.207378	0.291077	-0.392395	-0.300416	0.144743	0.148884
-6.85467	1.09174	-0.0168527	0.59515	0.493277	0.538303	-0.0189642	0.218708	-0.163758	-0.00715385	0.0536781	-0.283509	0.138309	-0.161714	-0.199783	-0.0833743	-0.066418
-6.96282	1.20552	0.264396	0.674034	0.409058	0.404969	-0.0303017	0.183017	-0.110149	-0.0333973	0.00976967	-0.182618	-0.0581305	-0.0165154	-0.147547	-0.0918265	-0.303542
-5.88471	0.738818	0.720032	0.490283	-0.0385319	0.15993	-0.100347	0.0689317	-0.0469676	-0.0537935	0.0449317	0.0923686	-0.113084	0.00287374	0.0238667	0.0551969	-0.193828
-4.85064	0.498609	0.910914	0.732215	-0.0616247	0.0701485	-0.106536	0.0309958	-0.104121	-0.124251	0.118914	0.106584	-0.0890063	0.0753548	0.0367611	0.0345607	-0.204548
-4.38302	0.338442	0.991434	0.765196	0.0260063	0.0184294	-0.187722	0.00210374	-0.0863785	-0.118887	0.20638	0.132316	-0.184917	0.0671676	0.0381636	0.124184	-0.156582
-4.40498	0.0144831	1.03089	0.764849	0.00736321	0.0150358	-0.161722	0.0853865	-0.0628711	-0.178397	0.141625	0.161592	-0.0897355	0.0848212	0.0308667	0.197666	-0.108633
-4.8746	-0.571701	0.736177	0.656606	0.0193332	0.560292	0.115676	0.201435	0.0486849	-0.240743	0.16451	0.12491	-0.17279	-0.0862949	-0.262657	-0.0879512	-0.348561
-5.07579	-0.0773586	0.65975	1.20559	0.584325	0.527134	0.388531	0.772044	0.116542	-0.191873	-0.145512	-0.155906	-0.290865	-0.301991	-0.0600903	0.229923	0.145162
-4.63226	1.47199	0.925905	1.06264	0.123132	-0.054165	-0.0343402	0.610363	0.196451	-0.0298379	-0.0679434	-0.0273218	-0.0366549	-0.0500124	-0.0968602	0.0203384	-0.354478
-4.26604	2.23367	0.735852	1.03162	0.113896	-0.268989	0.097979	0.0970223	-0.232985	0.00235562	-0.203875	0.24952	-0.133742	0.0639687	-0.0758349	0.0869255	-0.135489
-4.02923	2.02996	0.540048	0.860796	-0.170328	-0.066678	-0.0149029	0.0488102	-0.162435	-0.0554533	-0.174857	0.186403	-0.160156	-0.0205259	0.0926689	0.0655256	-0.296381
-4.21394	2.25711	0.571935	0.709697	-0.0540069	-0.176131	-0.142075	0.190165	-0.15961	0.0676568	-0.323493	0.397531	-0.341118	-0.120794	0.254788	-0.0186168	-0.302377
-3.99018	2.1341	0.695223	0.81938	-0.104946	-0.228327	0.0420964	0.171107	0.0468399	0.203423	-0.0362601	0.160386	0.0669022	-0.0147692	-0.191481	0.176702	-0.095224
-3.95036	2.02313	0.654332	0.70715	-0.0794687	-0.416993	0.00157152	0.326295	-0.0935012	0.310612	-0.240379	0.338375	-0.081755	0.0125442	-0.146918	0.0164231	-0.152968
-3.98928	2.08341	0.438394	0.420643	-0.190808	-0.31365	-0.0724716	0.213741	-0.110719	0.208571	-0.136905	0.195086	-0.189672	-0.189511	-0.026951	-0.108348	-0.293985
-3.82386	2.02524	0.561904	0.475517	-0.198365	-0.153325	0.277249	0.145847	0.0105085	0.466865	-0.122206	0.166299	0.00467208	-0.216817	0.0965927	-0.0795852	-0.0438005
-3.98714	2.16389	0.107338	0.418802	-0.168348	-0.137899	-0.127718	0.433781	-0.102553	0.322559	-0.320137	0.0821753	-0.0504796	-0.429176	0.028141	-0.0548169	-0.14353
-3.80494	1.85459	-0.31078	0.26832	-0.220843	-0.520398	0.0403638	0.280712	-0.239951	0.277688	-0.394556	-0.0728392	-0.201299	-0.526677	-0.087943	-0.179887	-0.448941
-3.94478	2.03703	-0.209394	0.204597	-0.00068772	-0.252271	0.100908	0.341102	-0.0262443	0.208891	-0.28406	0.00528421	-0.0544749	-0.435669	-0.186581	0.098422	-0.245388
-3.83954	1.81532	-0.237341	0.188689	0.1197	-0.217895	-0.0131658	0.536645	0.000302472	0.0377266	-0.207463	-0.215392	-0.0765947	-0.387297	-0.190133	0.138911	-0.205617
-3.97582	1.7685	-0.0514352	0.215351	0.0601135	-0.185756	0.137398	0.755991	0.0170269	0.0583125	-0.284859	-0.246956	-0.0824618	-0.215241	-0.241813	0.243044	-0.11024
-4.23503	1.6463	-0.131949	0.278937	0.0449967	-0.102742	-0.0390328	0.630776	-0.149405	-0.224315	-0.114709	-0.44308	-0.288496	-0.310553	-0.156105	-0.0582161	-0.222627
-4.15505	1.43497	-0.274062	-0.0464938	0.174385	0.0725985	-0.0674841	0.587995	-0.158396	-0.397495	-0.153573	-0.628776	-0.246292	-0.41221	-0.505678	-0.0175538	-0.267455
-3.9537	1.5433	-0.335146	0.102816	0.00627679	0.128167	-0.049266	0.4517	-0.181084	-0.351574	-0.0785514	-0.513307	-0.253206	-0.182508	-0.3496	-0.126346	-0.23715
-4.08699	1.74935	-0.550991	0.0654745	-0.204094	0.185018	-0.0699073	0.293446	-0.0731024	-0.547949	-0.300762	-0.547064	-0.294817	-0.18075	-0.590242	-0.0165939	-0.420576
-4.03284	1.60893	-0.538854	-0.00261376	-0.328841	0.0739037	-0.0611121	0.348871	-0.297237	-0.666278	-0.282257	-0.664236	-0.346128	-0.236215	-0.704648	-0.0282776	-0.488687
-3.70597	1.58272	-0.378787	0.0226677	-0.105404	0.0854783	-0.0140239	0.522021	-0.300592	-0.532184	-0.189241	-0.466861	-0.190385	-0.137187	-0.482998	0.0299973	-0.132833
-3.68167	1.62681	-0.480357	-0.132913	-0.174776	0.331294	-0.214407	0.394702	-0.229238	-0.566193	-0.310178	-0.328945	-0.415659	-0.0447515	-0.50828	-0.0504502	-0.233407
-3.45666	1.48295	-0.513305	-0.100274	-0.0116045	0.312495	-0.105668	0.330632	-0.40012	-0.313348	-0.230423	-0.47332	-0.271616	-0.0129869	-0.489172	-0.0207193	-0.095716
-3.39059	1.40178	-0.429874	-0.19841	0.0730662	0.287081	-0.222103	0.345892	-0.385356	-0.426821	-0.14311	-0.439145	-0.359809	-0.0263645	-0.453017	-0.0045329	-0.137284
-3.28668	1.41714	-0.534704	-0.285418	0.110098	0.250758	-0.238507	0.36387	-0.461024	-0.31725	-0.254807	-0.450293	-0.346031	-0.0173838	-0.440025	-0.0787056	-0.151003
-3.39191	1.52832	-0.483001	-0.366918	0.0394974	0.374891	-0.278718	0.365353	-0.425129	-0.319441	-0.234464	-0.49173	-0.300793	0.0149127	-0.451886	-0.119458	-0.134395
-3.34442	1.54201	-0.466995	-0.224955	0.0542123	0.332639	-0.176201	0.354858	-0.276172	-0.274575	-0.293634	-0.299284	-0.267445	0.0923212	-0.416904	-0.0312123	-0.0751958
-3.34718	1.55875	-0.535836	-0.228367	-0.0293617	0.420695	-0.166048	0.326519	-0.351448	-0.267501	-0.250947	-0.360694	-0.256379	-0.0725323	-0.449057	-0.034452	0.00309071
-3.32445	1.61455	-0.517743	-0.3599	0.000531862	0.318409	-0.100103	0.234061	-0.272507	-0.303781	-0.20598	-0.438424	-0.262294	0.0738711	-0.444612	-0.127168	-0.096966
-3.36319	1.61773	-0.567495	-0.331601	-0.00516243	0.305792	-0.0423542	0.313029	-0.411348	-0.277515	-0.0931498	-0.688231	-0.0259778	-0.106018	-0.436834	-0.040509	-0.139394
-3.41743	1.65772	-0.388561	-0.364644	-0.0850873	0.26986	-0.0370337	0.334028	-0.357105	-0.244748	-0.101996	-0.521669	-0.226564	0.133182	-0.401776	-0.0725667	-0.255665
-3.48312	1.64385	-0.647433	-0.346535	-0.0193303	0.283269	0.0669298	0.155591	-0.385765	-0.213036	-0.276399	-0.502499	-0.224256	-0.0707817	-0.463888	-0.0814747	-0.209305
-3.55746	1.97064	-0.56126	-0.309613	-0.00952123	0.362679	0.0523525	0.26492	-0.287227	-0.201942	-0.0590176	-0.486119	-0.187298	0.09536	-0.344031	-0.122612	0.00507751
-3.34414	1.51504	-0.408781	-0.386928	-0.047994	0.38428	-0.0339134	0.326144	-0.440648	-0.0826502	-0.14505	-0.470612	-0.140954	-0.078972	-0.337265	-0.0241495	-0.162566
-3.44838	1.5837	-0.379159	-0.492315	-0.0537174	0.36122	-0.0368132	0.305587	-0.483324	-0.112602	-0.104755	-0.527173	-0.189875	-0.0986071	-0.313455	-0.0109203	-0.270525
-3.45067	1.46342	-0.326272	-0.406959	-0.168487	0.400725	0.10315	0.235416	-0.477829	-0.0842741	-0.185787	-0.522151	-0.206081	-0.0956147	-0.366984	0.0270667	-0.250752
-3.70347	1.7092	-0.428659	-0.4944	-0.113197	0.358787	0.0880969	0.131149	-0.525589	-0.0241737	-0.22924	-0.577728	-0.188438	-0.285966	-0.205403	-0.0511554	-0.33639
-3.98809	1.66018	-0.337841	-0.494173	-0.155443	0.285842	0.105029	0.0865799	-0.416281	-0.110428	-0.256638	-0.704274	-0.305659	-0.296761	-0.296408	-0.149242	-0.398014
-3.99208	1.62415	-0.167112	-0.469016	-0.123666	0.390151	0.280024	0.13373	-0.440668	-0.0114364	-0.0801326	-0.442092	-0.175891	-0.188403	-0.21182	0.0315537	-0.367955
-4.24119	2.03328	-0.0943095	-0.323264	0.11214	0.367267	0.439686	0.140663	-0.418642	0.00743848	-0.147215	-0.36515	-0.109825	-0.0916614	-0.190559	0.257586	-0.199167
-4.38468	2.21493	0.00178658	-0.240046	-0.0583857	0.494172	0.44464	0.198078	-0.245866	-0.142947	-0.122245	-0.326602	-0.106137	-0.178804	-0.124692	0.131702	-0.0683581
-4.48928	2.23252	0.073337	-0.405333	-0.107853	0.543849	0.418735	0.269856	-0.131065	-0.151779	0.0427315	-0.404472	-0.0339931	-0.300475	-0.23584	0.0790867	-0.286019
-4.3893	2.2288	-0.0450936	-0.250153	-0.304324	0.647192	0.383345	0.246963	-0.253246	-0.0151632	-0.129515	-0.263995	-0.0910031	-0.350529	-0.209833	0.0323149	-0.230532
-4.40988	2.20954	0.125271	-0.34019	-0.214964	0.54714	0.39158	0.222406	-0.308974	0.0314347	-0.0933409	-0.246452	-0.0491759	-0.46925	-0.07883	0.075349	-0.29118
-4.45127	2.21917	0.227707	-0.391356	-0.179689	0.522319	0.425165	0.0418649	-0.039763	-0.0526744	-0.151301	-0.147983	-0.0814832	-0.441824	-0.165722	0.127619	-0.337067
-4.53319	2.13726	0.293125	-0.364183	-0.194014	0.485311	0.390586	0.290401	-0.151268	-0.100367	-0.0368823	-0.26308	-0.131538	-0.355344	-0.311513	0.0448901	-0.212656
-4.64503	2.16047	0.371979	-0.136582	-0.278257	0.352325	0.382006	0.334362	-0.077002	-0.207238	-0.0480399	-0.250149	-0.234781	-0.295196	-0.321705	0.0203669	-0.118455
-4.8866	2.27238	0.461638	-0.170764	-0.303014	0.388686	0.372581	0.315271	-0.0614783	-0.0624306	-0.108918	-0.229562	-0.152754	-0.356831	-0.224678	-0.0154979	-0.231195
-4.83817	2.38337	0.212006	-0.173579	-0.25147	0.498463	0.407515	0.233063	-0.159703	-0.019501	-0.0173926	-0.262327	-0.242553	-0.370073	-0.089722	-0.0560013	-0.35493
-4.92948	2.39707	0.31017	-0.0878606	-0.351673	0.445823	0.494055	0.274619	-0.155198	0.0568009	-0.0377704	-0.233107	-0.229843	-0.408703	-0.182957	-0.0853225	-0.302007
-4.93743	2.54633	0.18998	-0.0424263	-0.354626	0.415367	0.468552	0.160358	-0.147943	0.253942	-0.129666	-0.252987	-0.190658	-0.542617	-0.10299	0.00667125	-0.215027
-4.77483	2.34987	0.235536	-0.0655968	-0.472857	0.374851	0.438975	0.0441157	-0.201428	0.301584	-0.246088	-0.32551	-0.266031	-0.517459	-0.0818363	-0.0196146	-0.181562
-4.78406	2.10872	0.177506	0.194354	-0.143203	0.177134	0.495684	0.084094	-0.146608	0.366537	-0.38037	-0.251969	-0.210409	-0.463012	-0.105273	-0.0121504	-0.115368
-4.83056	2.18157	0.0301017	0.272959	-0.0178159	0.15893	0.377828	0.0736352	-0.114294	0.393524	-0.323666	-0.36813	-0.191764	-0.352108	-0.135013	-0.100389	-0.178388
-5.19008	2.51144	-0.265892	0.153472	0.0098803	0.130055	0.260421	0.0777033	-0.218836	0.484479	-0.196428	-0.225196	-0.159068	-0.043738	0.204729	-0.0725761	0.134567
-5.63221	2.42328	0.0494432	0.697081	0.560581	0.264729	0.205407	0.0413052	-0.16644	0.446265	0.0668132	-0.020468	-0.0838547	-0.516984	-0.158197	0.152929	-0.139076
-5.75716	2.93559	0.498366	0.56364	0.233009	-0.00980104	0.593674	0.28103	0.0578401	0.272213	-0.0853962	-0.190877	-0.103163	-0.637988	0.31948	0.0942027	-0.349742
-5.81496	2.8974	0.401538	0.53197	0.256824	0.0187044	0.132996	0.267026	0.0822613	0.396641	-0.268678	0.0563053	0.0635251	-0.370888	-0.0324052	-0.454539	-0.399078
-5.97762	2.83015	0.463614	0.763886	0.707049	0.0564745	-0.123696	0.398767	0.423953	0.361709	-0.0948045	-0.207694	-0.0623165	-0.334245	-0.0557579	-0.01762	-0.225654
-6.74906	2.06306	0.355825	1.22675	1.23096	0.334934	0.291725	0.523889	-0.0622576	-0.0323271	-0.303293	-0.586934	0.0171154	0.0036589	-0.130076	0.0927404	-0.596919
-6.94522	2.15501	0.855585	1.27703	1.02521	0.305494	0.24439	0.464242	0.370755	0.676369	-0.024418	-0.515934	0.0343671	-0.0868016	-0.130482	0.104359	-0.630972
-7.08861	2.25385	0.883061	1.32107	0.934696	0.330258	-0.292868	0.201303	-0.119667	0.17317	-0.124613	-0.73341	-0.0178489	0.173987	0.030635	0.0140026	-0.261787
-6.9839	2.57101	0.49041	0.567825	0.952561	0.352069	-0.357363	0.0801475	-0.211973	-0.0133003	-0.081314	-0.76319	0.186231	0.0550666	-0.0404309	0.0418254	-0.331897
-7.05171	1.89371	0.735087	1.27905	0.810373	0.357897	-0.233863	-0.12665	-0.365254	0.165763	-0.0584991	-0.427663	0.29256	-0.0751135	-0.389042	0.197279	-0.36105
-7.2401	2.17325	0.469992	0.934924	0.574162	0.236137	-0.475904	0.18995	-0.104055	-0.0316577	-0.379814	-0.59189	-0.0683077	-0.130276	-0.169217	0.377409	-0.107212
-7.31176	1.78109	0.0525898	0.5486	0.209987	-0.115908	-0.707559	-0.0979866	-0.57187	-0.183494	-0.627185	-0.999309	-0.344512	-0.428601	-0.317777	-0.037162	-0.59399
-7.33185	1.70047	0.409771	0.796363	0.535419	0.397464	-0.163181	0.198685	0.0861589	0.0947273	-0.12468	-0.498402	-0.124328	-0.185104	-0.135758	0.0372078	-0.252519
-7.62019	1.63404	0.401713	0.875314	0.693021	0.502412	-0.196226	0.19324	0.137142	0.118616	-0.169441	-0.476674	-0.0258364	-0.104115	-0.201322	-0.039167	-0.238074
-7.95298	1.72099	0.415765	0.993334	0.810669	0.656275	-0.172736	0.132177	0.0813367	0.0564739	-0.117897	-0.542436	-0.0458389	0.0458079	-0.191062	-0.0261779	-0.314841
-8.20792	1.86912	0.309501	0.932515	0.822594	0.502759	-0.123496	0.105755	0.155423	0.0358452	-0.21401	-0.524417	-0.0430907	0.142792	-0.104292	-0.0169258	-0.31793
-8.57603	1.80663	0.355142	0.742154	0.78601	0.434945	-0.0589956	0.121553	0.165631	0.146969	-0.207206	-0.488082	-0.0532445	0.300408	0.130811	-0.093568	-0.229194
-8.90498	1.73141	0.578369	0.700953	0.712917	0.496438	0.0339711	0.0502459	0.175568	0.300692	-0.094022	-0.40119	-0.0983247	0.235168	0.136411	-0.125983	-0.124595
-9.21914	1.60078	0.633476	0.600972	0.697533	0.479627	0.198352	0.0328558	0.167905	0.374321	-0.0216675	-0.195735	0.0153082	0.0972794	0.0378477	-0.0583133	0.0046547
-9.60961	1.20862	0.515305	0.489307	0.664435	0.581722	0.384438	0.28096	0.240068	0.412989	0.192505	0.0677827	0.150845	0.0833533	-0.0394479	0.00696003	0.129222
-9.61123	1.21533	0.529542	0.48648	0.514713	0.477523	0.211532	0.225544	0.191484	0.266241	0.129254	0.235001	0.138696	0.0430297	0.0842474	0.130561	0.139365
-9.67031	1.18519	0.446013	0.450263	0.374259	0.420463	0.223619	0.287959	0.234463	0.204911	0.0955048	0.245556	0.114434	0.00734103	0.100246	0.103149	0.0731709
-9.61628	1.22478	0.504947	0.4586	0.318351	0.341432	0.228591	0.348325	0.297671	0.184315	0.0448441	0.242714	0.0897702	0.0262067	-0.0129131	0.131472	0.149296
-9.5386	1.22523	0.433354	0.401753	0.271216	0.271346	0.173631	0.281329	0.234141	0.236536	0.133709	0.333884	0.264936	0.148977	0.0104341	0.166441	0.155064
-9.41002	1.33441	0.529832	0.406998	0.285352	0.381222	0.241933	0.239664	0.206389	0.286814	0.242447	0.315151	0.216575	0.153341	0.0589697	0.13965	0.168135
-9.65354	1.17348	0.431523	0.523091	0.528654	0.488218	0.210679	0.240511	0.248355	0.353807	0.396306	0.296745	0.168052	0.0847224	0.0589811	0.119231	0.219839
-9.29749	1.35731	0.462329	0.450768	0.418417	0.367388	0.210378	0.25562	0.230979	0.279863	0.248322	0.242793	0.132724	0.15775	0.188496	0.169662	0.20092
-9.28002	1.41331	0.543065	0.525634	0.468094	0.398135	0.258187	0.357399	0.253865	0.229045	0.213762	0.245773	0.0876433	0.095003	0.196276	0.141233	0.138893
-9.40088	1.46215	0.557763	0.535739	0.589484	0.440523	0.230833	0.396293	0.283902	0.201452	0.179596	0.251128	0.0537409	0.0583006	0.184039	0.160344	0.0688411
-9.16391	1.40041	0.477389	0.417229	0.419704	0.300739	0.185624	0.274769	0.18277	0.181198	0.2108	0.280686	0.161797	0.137999	0.176079	0.210089	0.15573
-9.3889	1.32262	0.514833	0.479133	0.48864	0.287761	0.152618	0.355316	0.206739	0.161613	0.236939	0.258896	0.192918	0.127183	0.160809	0.226057	0.185082
-9.42592	1.30472	0.616193	0.618016	0.46652	0.264615	0.155983	0.372589	0.163029	0.165073	0.183283	0.257885	0.19896	0.142832	0.142596	0.201983	0.100839
-9.31238	1.39235	0.511066	0.539984	0.380295	0.267217	0.212204	0.228399	0.187681	0.196689	0.123553	0.179194	0.14624	0.143414	0.099839	0.125994	0.0557416
-9.58612	1.24273	0.475464	0.616012	0.438732	0.312715	0.265033	0.170853	0.28305	0.292223	0.101304	0.215528	0.142922	0.0811843	0.0791476	0.0651311	0.0260657
-9.63294	1.16696	0.427434	0.518652	0.41452	0.321782	0.384582	0.263317	0.158245	0.252431	0.0930571	0.253936	0.143593	0.0517709	0.10614	0.167864	0.1191
-9.67281	1.1066	0.434399	0.403295	0.351452	0.352398	0.309299	0.232811	0.0786117	0.0942875	0.0939835	0.13873	0.0775805	0.0574632	0.12266	0.0994685	0.0459874
-9.74761	1.07639	0.436988	0.415288	0.341873	0.314133	0.255905	0.210804	0.156537	0.160117	0.115238	0.124634	0.0381652	0.163506	0.118957	0.130274	0.0852372
-9.66055	1.23486	0.438529	0.460057	0.405436	0.227801	0.141859	0.21929	0.175697	0.202294	0.0732665	-0.0112819	-0.104201	0.0997376	0.0964925	0.262255	0.142764
-9.50889	1.41218	0.536564	0.409903	0.368696	0.22931	0.215471	0.2644	0.211402	0.198717	0.0468735	0.0238276	0.02923	0.162263	0.0977134	0.157549	0.117138
-9.40291	1.49791	0.56887	0.37691	0.332086	0.268138	0.241088	0.135461	0.125675	0.185404	0.0758084	0.0379017	0.174313	0.195316	0.052934	0.121766	0.0773413
