5.366749999999999687e+00
5.366749999999999687e+00
5.366749999999999687e+00
5.366749999999999687e+00
5.366749999999999687e+00
5.366749999999999687e+00
5.366749999999999687e+00
5.366749999999999687e+00
5.366749999999999687e+00
5.366749999999999687e+00
5.366749999999999687e+00
5.366749999999999687e+00
5.366749999999999687e+00
5.366749999999999687e+00
5.366749999999999687e+00
5.366749999999999687e+00
5.366749999999999687e+00
5.366749999999999687e+00
5.366749999999999687e+00
5.366749999999999687e+00
5.366749999999999687e+00
5.366749999999999687e+00
5.366749999999999687e+00
5.366749999999999687e+00
5.366749999999999687e+00
5.366749999999999687e+00
5.366749999999999687e+00
5.366749999999999687e+00
5.366749999999999687e+00
5.366749999999999687e+00
5.366749999999999687e+00
5.366749999999999687e+00
5.366749999999999687e+00
5.366749999999999687e+00
5.366749999999999687e+00
5.366100000000000314e+00
5.365560000000000329e+00
5.364519999999999733e+00
5.362820000000000142e+00
5.360619999999999941e+00
5.358349999999999724e+00
5.355879999999999974e+00
5.351350000000000051e+00
5.345329999999999693e+00
5.342279999999999696e+00
5.348150000000000404e+00
5.386660000000000004e+00
5.347154210526316120e+00
5.307648421052631349e+00
5.268142631578947466e+00
5.228636842105263582e+00
5.189131052631578811e+00
5.149625263157894928e+00
5.110119473684210156e+00
5.070613684210526273e+00
5.031107894736842390e+00
4.991602105263157618e+00
4.952096315789473735e+00
4.912590526315789852e+00
4.873084736842105080e+00
4.833578947368421197e+00
4.794073157894736426e+00
4.754567368421052542e+00
4.715061578947368659e+00
4.675555789473683888e+00
4.636050000000000004e+00
4.631680000000000241e+00
4.625180000000000291e+00
4.619309999999999583e+00
4.614860000000000184e+00
4.610669999999999824e+00
4.606379999999999697e+00
4.603580000000000005e+00
4.601790000000000269e+00
4.599700000000000344e+00
4.596639999999999837e+00
4.591920000000000002e+00
4.583339999999999748e+00
4.576520000000000366e+00
4.574220000000000397e+00
4.573080000000000034e+00
4.570850000000000080e+00
4.566419999999999924e+00
4.557450000000000223e+00
4.550110000000000099e+00
4.548219999999999708e+00
4.549649999999999750e+00
4.553300000000000125e+00
4.556440000000000268e+00
4.543616000000000099e+00
4.530791999999999931e+00
4.517968000000000650e+00
4.505144000000000482e+00
4.492320000000000313e+00
4.489959999999999951e+00
4.491830000000000211e+00
4.552290000000000170e+00
4.559420000000000250e+00
4.563649999999999984e+00
4.567870000000000097e+00
4.572919999999999874e+00
4.577729999999999855e+00
4.581439999999999735e+00
4.584319999999999951e+00
4.586669999999999803e+00
5.282560000000000144e+00
5.284620000000000317e+00
5.284279999999999866e+00
5.280859999999999665e+00
5.276430000000000398e+00
5.273950000000000138e+00
5.270419999999999661e+00
5.261599999999999611e+00
5.249559999999999782e+00
5.239650000000000141e+00
5.233629999999999782e+00
5.229219999999999757e+00
5.224739999999999718e+00
5.218759999999999621e+00
5.211920000000000108e+00
5.205490000000000173e+00
5.201909999999999812e+00
5.201310000000000322e+00
5.203319999999999723e+00
5.208280000000000243e+00
5.216899999999999871e+00
5.225780000000000314e+00
5.232289999999999885e+00
5.238069999999999560e+00
5.243199999999999861e+00
5.246290000000000120e+00
5.247919999999999696e+00
5.250969999999999693e+00
5.259699999999999598e+00
5.269319999999999560e+00
5.276239999999999597e+00
5.283960000000000434e+00
5.293160000000000309e+00
5.303180000000000227e+00
5.314320000000000377e+00
5.326929999999999943e+00
5.340090000000000003e+00
5.352280000000000371e+00
5.364099999999999646e+00
5.378239999999999910e+00
5.400350000000000428e+00
5.427190000000000403e+00
5.447199999999999598e+00
5.465390000000000192e+00
5.488299999999999734e+00
5.516350000000000087e+00
5.541619999999999990e+00
5.562619999999999898e+00
5.580659999999999954e+00
5.596359999999999779e+00
5.611609999999999765e+00
5.628300000000000303e+00
5.645550000000000068e+00
5.659259999999999735e+00
5.667239999999999611e+00
5.669940000000000424e+00
5.668180000000000440e+00
5.661599999999999966e+00
5.648320000000000007e+00
5.620260000000000034e+00
5.620260000000000034e+00
5.620260000000000034e+00
5.620260000000000034e+00
5.620260000000000034e+00
5.620260000000000034e+00
5.620260000000000034e+00
5.620260000000000034e+00
5.620260000000000034e+00
5.620260000000000034e+00
5.620260000000000034e+00
5.620260000000000034e+00
5.620260000000000034e+00
5.620260000000000034e+00
5.620260000000000034e+00
5.620260000000000034e+00
5.620260000000000034e+00
5.620260000000000034e+00
5.620260000000000034e+00
5.620260000000000034e+00
5.620260000000000034e+00
5.620260000000000034e+00
5.620260000000000034e+00
5.620260000000000034e+00
