-7.9181	1.67504	0.212558	0.449316	0.090345	0.28148	0.0274132	0.164649	0.0490605	0.122525	0.00780791	0.114079	-0.00542308	0.0908865	-0.0398505	0.0478475	-0.00343139
-8.14133	1.66613	0.275798	0.453797	0.146791	0.286112	0.0801733	0.172617	0.0948804	0.132538	0.0514039	0.12233	0.0367608	0.096108	-0.00383472	0.050308	0.0328967
-9.2505	1.44207	0.481119	0.444078	0.315434	0.276038	0.174202	0.21118	0.145938	0.203469	0.157885	0.221456	0.13267	0.13182	0.0811874	0.10853	0.113107
-9.54935	1.17431	0.490955	0.394689	0.301477	0.267662	0.148509	0.200454	0.198825	0.293088	0.159447	0.235268	0.258629	0.205217	0.137428	0.108712	0.129524
-9.60088	1.26228	0.582083	0.427884	0.405411	0.34428	0.116347	0.257461	0.167193	0.29384	0.160143	0.220879	0.378968	0.371068	0.193462	0.115745	0.0995239
-9.54567	1.31462	0.519011	0.45091	0.394183	0.357933	0.155488	0.353877	0.128232	0.155008	0.1658	0.227416	0.23975	0.302432	0.236956	0.0743505	0.0847075
-9.57279	1.30416	0.50148	0.568203	0.458866	0.343521	0.172281	0.340324	0.237214	0.165305	0.200441	0.239672	0.243177	0.217937	0.194704	0.155524	0.0761721
-9.62261	1.27974	0.511843	0.574268	0.415283	0.306492	0.175173	0.243002	0.17746	0.164917	0.19394	0.281201	0.293338	0.25124	0.240903	0.229141	0.128737
-9.52892	1.27139	0.499209	0.454221	0.393043	0.216342	0.176676	0.306315	0.194426	0.164682	0.1494	0.189962	0.174365	0.156854	0.228823	0.129542	0.11368
-9.61396	1.13962	0.356688	0.288956	0.329848	0.24823	0.135453	0.165885	0.111215	0.138865	0.180857	0.21499	0.106878	0.172797	0.292248	0.168686	0.106412
-9.44171	1.25423	0.531463	0.370593	0.283511	0.291722	0.230082	0.146798	0.152837	0.213272	0.0793786	0.229967	0.0642951	0.149972	0.154657	0.165017	0.160567
-9.39773	1.21374	0.480478	0.425403	0.373565	0.381647	0.249209	0.241559	0.180585	0.234958	0.142041	0.269784	0.1454	0.123711	0.0461744	0.249536	0.241265
-9.48214	1.20851	0.558578	0.430706	0.303997	0.443628	0.245333	0.28391	0.197204	0.242372	0.219574	0.306523	0.263019	0.193445	0.141927	0.165932	0.126257
-9.34295	1.34514	0.6075	0.457466	0.324785	0.393839	0.272399	0.325021	0.266162	0.270612	0.207017	0.286129	0.221049	0.154616	0.161554	0.126413	0.0997
-9.43336	1.26795	0.581881	0.448102	0.383176	0.404942	0.288528	0.263076	0.383657	0.375157	0.186231	0.305457	0.234567	0.144122	0.156429	0.156025	0.10895
-9.36967	1.28639	0.506453	0.402342	0.358586	0.375904	0.312335	0.227781	0.348554	0.297871	0.166807	0.260362	0.194966	0.137653	0.142387	0.179754	0.0324912
-9.15104	1.31054	0.309501	0.246859	0.217617	0.397163	0.329129	0.167638	0.203397	0.22105	0.213332	0.333727	0.133801	0.0976552	0.0205715	0.159217	0.0410681
-9.22727	1.32615	0.183082	0.130711	0.167416	0.580269	0.452922	0.190639	0.24144	0.239208	0.281972	0.321075	0.094494	0.139074	0.00338945	0.0831412	0.00578066
-6.11094	1.9985	-0.992754	-0.110674	-0.509529	1.06544	0.0507746	-0.111333	0.151479	-0.0464145	-0.146028	-0.0128123	0.0515247	0.118268	0.057478	0.11247	-0.0514953
-4.98775	2.03315	-1.2488	0.049376	-0.609442	1.06487	0.0682209	-0.00909927	-0.0470314	-0.0613473	-0.198107	-0.0738207	-0.0609241	0.154914	0.0713005	0.0697753	-0.217137
-4.53215	1.85305	-1.16412	-0.0805397	-0.449649	0.778656	0.210854	-0.098954	-0.00562407	-0.116953	-0.13582	-0.100519	-0.0598176	0.203758	0.0168728	0.0413311	-0.313725
-4.42737	2.24813	-1.06947	0.0873008	-0.328491	0.716026	0.273484	-0.0172935	0.074504	0.0866664	-0.130296	0.0828998	-0.127889	0.114497	-0.217111	0.130517	-0.203273
-3.37133	1.79425	-1.19766	0.259995	-0.403734	0.727885	0.258968	-0.140072	-0.0755948	0.0668026	-0.23828	0.116492	-0.135481	0.303949	-0.123714	0.179701	-0.355907
-3.09103	1.84464	-1.08092	0.0671724	-0.252171	0.717537	0.295601	0.0471895	-0.0903288	0.11464	-0.272534	0.0105096	0.000213383	0.281896	-0.042217	0.159996	-0.33364
-2.91919	1.73009	-1.11764	0.131061	-0.26867	0.824552	0.262787	0.0265257	-0.0804826	0.0166351	-0.30529	-0.13013	-0.079895	0.136604	-0.0934571	0.162356	-0.151045
-3.11482	2.0613	-1.19079	0.190988	-0.118927	0.838376	0.351222	-0.0516328	0.00953402	-0.0522253	-0.337471	-0.142028	-0.0966833	0.133801	-0.102601	0.197112	-0.0562551
-2.86102	1.84684	-0.989064	0.106263	-0.147953	0.747019	0.0399261	0.0218061	0.0508959	-0.0801225	-0.203169	-0.188889	-0.0457152	-0.0123153	-0.126556	0.14288	-0.0371041
-2.59905	1.75851	-0.835078	0.0515603	-0.167936	0.706385	0.134519	0.131703	0.0431728	-0.0783295	-0.177374	-0.135222	0.0320712	0.0579255	-0.163752	0.0918518	0.0257552
-2.60793	2.05557	-0.942241	0.0504762	-0.148044	0.634403	0.096587	0.293498	-0.0820607	0.036406	-0.160595	-0.1194	0.105875	0.115337	-0.199916	0.0342916	-0.00555867
-2.51319	2.11115	-0.965396	-0.0444742	-0.112085	0.583096	0.00109824	0.309986	0.0266333	-0.160468	0.033376	-0.120299	0.0296288	0.210595	-0.180379	-0.0397922	-0.081095
-2.28825	1.96387	-0.899233	0.00121394	-0.0890359	0.491536	0.107898	0.277753	-0.0256308	-0.0104197	0.0284697	-0.184866	0.178782	0.0351521	-0.1351	0.0332706	-0.0499963
-2.26799	2.00537	-1.05946	0.0147183	-0.0360222	0.135919	0.209216	0.194978	-0.00854454	0.00928261	-0.0641955	-0.21772	0.180052	-0.000838268	-0.0783915	-0.0362659	-0.197396
-2.20029	1.98343	-1.01293	0.109843	-0.102779	0.224086	0.0776649	0.291456	0.111747	-0.0899053	0.0417487	-0.28337	0.129339	0.0520234	-0.148793	0.0218638	-0.0780475
-2.23285	2.03423	-0.913058	0.242577	-0.258074	0.22251	0.112557	0.269252	0.187907	-0.0328374	-0.0357636	-0.242353	0.070466	0.012839	-0.122468	0.0623523	-0.0297033
-2.35095	2.16578	-0.941687	0.323178	-0.276689	0.0044052	0.212198	0.14475	0.33869	-0.156775	0.0770743	-0.276355	0.0746198	0.0261612	-0.103416	0.014251	-0.146904
-2.25554	2.03299	-0.742571	0.238967	-0.159186	-0.0170363	0.102355	0.374746	0.106819	0.05592	-0.0791931	-0.133558	0.0378427	0.0817247	-0.267279	0.105746	-0.0735714
-2.27963	2.07666	-0.765107	0.380501	-0.22618	0.079742	0.0121653	0.362834	0.149613	0.00318432	-0.0680269	-0.0534616	-0.0212724	-0.0130517	-0.209515	0.159851	0.0138686
-2.19774	2.01145	-0.734435	0.373444	-0.162904	-0.0325055	0.0275342	0.298133	0.138091	-0.0161055	0.0349916	-0.0995657	0.0401879	-0.105048	-0.254464	0.252197	-0.0330607
-2.20836	1.85739	-0.664664	0.326334	-0.203068	-0.257243	0.0192649	0.230415	0.0956225	0.0401086	0.137771	-0.00674577	0.0489074	-0.0941226	-0.377164	0.107487	-0.363593
-2.12322	1.75915	-0.441385	0.289121	-0.16071	-0.265187	-0.0229992	0.244031	0.121946	0.0525391	0.162952	-0.0523572	-1.51485e-05	-0.205056	-0.221314	0.133385	-0.177976
-2.26403	1.79594	-0.361306	0.23659	-0.165308	-0.370187	-0.0618529	0.163183	0.0932819	0.116243	0.231664	0.0515096	0.0419959	-0.321857	-0.252477	0.0172218	-0.355542
-2.40691	2.00385	-0.36338	0.493639	-0.262458	-0.348799	-0.0579611	0.122456	0.223714	0.0294926	0.247588	-0.00942493	-0.0833395	-0.167357	-0.3115	0.249851	-0.27623
-2.51452	1.94953	-0.149153	0.323315	-0.185416	-0.325933	-0.233991	0.273612	0.0895955	0.133936	0.16666	0.0405258	-0.0461712	-0.218412	-0.299135	0.229239	-0.409598
-2.65865	2.10036	-0.195995	0.377414	-0.112392	-0.41045	-0.10711	0.176688	0.135167	0.107389	0.0621766	0.102	-0.0891115	-0.176705	-0.200771	0.0562649	-0.303463
-2.59725	1.96081	-0.00853271	0.393234	-0.119613	-0.300379	-0.154308	0.20806	0.0659182	0.0929935	0.035102	0.0641851	-0.0328515	-0.20017	-0.138498	0.0934363	-0.255071
-2.62907	1.89177	0.145634	0.357499	-0.168772	-0.181725	-0.282429	0.26728	0.0494043	-0.025114	0.0892709	0.0613533	0.0537257	-0.21755	-0.200537	0.105276	-0.351645
-2.85258	2.26813	0.0113132	0.392958	0.118615	-0.243391	-0.348683	0.355696	-0.0551462	0.00175109	-0.0324178	0.0620505	0.0385024	-0.136549	-0.131591	0.27439	-0.336987
-2.91628	2.28175	0.069933	0.553226	0.0146982	-0.160786	-0.393787	0.350884	-0.073771	-0.0742441	-0.0459144	0.0918847	0.128277	-0.139628	-0.166106	0.319065	-0.381428
-3.43529	2.60758	0.0412021	0.601273	0.175455	-0.017046	-0.312577	0.109748	0.0747323	-0.382654	0.171828	0.0382074	0.0831983	0.00824106	-0.175261	0.0898496	-0.202516
-4.1019	2.55912	0.122297	0.709175	0.449287	0.109906	0.107518	0.173423	-0.0868891	-0.00393319	-0.314144	-0.034985	-0.0435367	0.183315	-0.28558	0.260756	0.0477894
-4.62936	2.5595	0.307418	0.774497	0.287702	-0.00176453	0.0310456	0.230959	-0.129636	0.132592	-0.176444	-0.0542719	0.125628	-0.0335477	-0.564593	0.118437	-0.318477
-4.93966	2.55	0.352898	1.1097	0.16545	0.125964	0.0812649	0.221414	-0.0675579	-0.0106807	-0.125395	-0.0289507	0.114239	-0.163897	-0.420072	0.0886331	-0.26132
-4.9113	2.2318	0.586888	1.08288	0.411595	0.159967	0.0180764	0.394837	0.0233652	0.0754026	-0.397438	-0.050545	-0.0299306	-0.177135	-0.254411	0.330068	-0.291317
-5.25799	2.47331	0.996853	1.1637	0.314748	0.0490903	-0.147681	0.392077	0.124912	-0.180075	-0.138619	-0.320941	0.0448793	-0.0108295	-0.108102	0.0555508	0.0209418
-4.78792	2.48091	0.56616	0.864978	0.577619	-0.0291767	0.253088	0.304215	0.0193317	-0.116946	-0.33176	-0.132257	-0.120294	-0.0108479	-0.284312	0.312432	-0.186035
-3.93514	2.38586	0.465586	0.992981	0.0433079	0.171556	0.119067	0.279487	-0.100863	-0.0393042	-0.264564	-0.19749	-0.0887222	0.151658	-0.0210661	-0.0434712	-0.43366
-3.37742	2.35688	0.325827	0.901096	0.0220486	0.288131	0.110107	0.239358	-0.109334	-0.0446808	-0.418573	-0.0140848	-0.0248856	0.0547532	0.0208448	-0.00887411	-0.814691
-3.05096	2.31054	0.271286	0.757035	0.272182	-0.00976135	0.168287	0.169125	-0.077691	-0.120007	-0.271812	-0.0747221	0.126777	-0.0965675	0.108474	-0.0903224	-0.693892
-3.12827	2.49628	0.0931505	0.975284	0.0803612	0.193727	0.0248356	0.224314	-0.103026	-0.127687	-0.300759	0.0661024	-0.0525994	0.0191684	0.0408444	-0.0840669	-0.652934
-3.10549	2.46248	-0.059819	1.17312	0.0517837	0.289264	0.195779	0.213194	-0.000128065	-0.297418	-0.352862	-0.0239272	-0.0233379	0.184919	-0.0964673	-0.0960371	-1.00906
-2.96161	2.26087	0.194889	1.03644	0.0589031	0.0911931	0.0508523	-0.0430654	0.0450426	-0.206931	-0.0659874	0.0100844	-0.0326269	-0.122443	0.100513	0.039463	-0.276083
-3.2457	2.76916	-0.232914	1.29271	-0.00457142	0.186476	0.013916	0.117497	-0.0798326	-0.160152	-0.190379	0.0413676	-0.0205286	-0.0920339	0.0912611	-0.0170401	-0.386611
-3.03492	2.49273	-0.0831782	1.12018	0.207134	-0.0326728	0.0813932	-0.0905974	0.0869605	-0.258761	-0.0318406	0.0337178	-0.074212	-0.0803365	0.040849	0.088285	-0.218094
-3.24912	2.8843	-0.418808	1.42379	-0.0325375	0.185106	-0.102753	0.0760195	-0.0158267	-0.208809	-0.107587	0.108597	-0.151446	0.00964791	-0.0320289	0.126064	-0.295978
-3.2838	2.98423	-0.468981	1.35774	0.0613822	0.107983	-0.12334	0.109889	-0.0644177	-0.230144	0.00985993	0.0565048	-0.167724	0.0553352	-0.111464	0.221627	-0.326231
-3.26075	2.99754	-0.41627	1.23482	0.0661698	0.192769	-0.27328	0.218833	-0.154265	-0.11276	-0.159262	0.267829	-0.285429	0.042533	-0.00838964	0.131972	-0.303136
-3.15965	2.91081	-0.432369	1.29718	-0.0642547	0.221993	-0.357228	0.231647	-0.220735	-0.0246442	-0.0585259	0.168053	-0.283074	0.119224	-0.125563	0.257849	-0.268719
-3.22197	3.0173	-0.434839	1.20677	0.0627465	0.0741765	-0.216886	0.199554	-0.243707	0.00552356	-0.105636	0.123774	-0.190382	0.132821	-0.138442	0.142888	-0.323867
-3.25662	3.068	-0.396991	1.06844	0.151874	0.0652599	-0.251279	0.240922	-0.271073	0.0437298	-0.158966	0.0954778	-0.0770522	0.0598965	-0.0743524	0.0235832	-0.317055
-3.15544	2.86386	-0.196886	0.945189	0.122355	0.0904312	-0.287552	0.216601	-0.26719	0.0706097	-0.10547	0.0231355	-0.0445175	0.114838	-0.196694	0.152058	-0.323583
-3.07743	2.7591	-0.167749	0.877995	0.13282	0.112079	-0.362709	0.143274	-0.0904551	0.0257643	-0.178015	0.110943	-0.076658	0.104213	-0.168089	0.118771	-0.241512
-3.18211	2.83812	-0.141936	0.859104	0.239282	0.0978788	-0.198619	0.0497694	-0.0818397	-0.0533641	-0.200733	0.108813	0.00419555	0.155753	-0.339147	0.171889	-0.479267
-3.28346	2.90802	-0.136099	0.888022	0.265242	0.227404	-0.227054	0.143364	-0.168094	-0.153117	-0.105701	-0.0508964	0.242877	-0.00624932	-0.298773	0.13795	-0.676603
-3.22788	2.67046	0.0649531	0.691612	0.360114	0.0564013	-0.256902	0.052716	-0.0818605	0.0408587	-0.208798	0.0290342	0.0690251	-0.00804356	-0.154171	0.20076	-0.371426
-3.53039	2.6624	0.166388	0.709908	0.48213	0.385417	-0.0468679	0.00350261	-0.181402	0.0810916	-0.572492	0.0947246	0.238946	-0.0569537	-0.264902	0.221549	-0.789483
-4.19906	2.51956	0.234614	0.915661	0.375356	0.431961	0.149631	0.0179136	-0.142816	0.0724268	-0.303702	-0.190443	-0.220311	0.0350677	-0.0264486	0.382152	-0.160097
-5.0767	2.94481	0.786069	0.909173	0.364976	0.325793	0.0203581	-0.0673918	-0.168398	0.123685	-0.26017	-0.085278	-0.00900262	-0.203068	-0.0596566	0.428823	-0.186293
-6.51416	3.09001	1.69193	1.12564	0.340847	0.524026	0.523916	0.0155212	-0.422534	-0.0614105	0.120688	-0.350496	-0.396721	-0.194578	0.0479657	0.482177	0.186719
-6.52727	3.30628	1.37404	1.26068	0.388233	0.457578	-0.0146144	0.125223	-0.213308	0.0347349	-0.160996	-0.400433	-0.0248857	-0.0718082	0.0966384	0.0160287	-0.260241
-6.73993	2.96535	1.12377	1.52859	1.03159	0.220614	-0.104628	-0.20498	-0.336059	-0.0785559	0.00587085	-0.0980121	-0.0236709	-0.0586101	0.00933053	-0.0378869	0.0341717
-7.42409	2.56821	1.85492	1.64381	0.954826	-0.0669648	-0.485909	-0.37059	-0.0954812	0.139424	0.234769	-0.242856	-0.259976	-0.0762109	0.147073	0.299361	-0.250396
-7.19633	1.99714	1.1076	0.876633	1.18565	0.507272	0.049596	0.0603056	-0.376279	-0.318918	-0.079263	-0.0575292	0.0239374	-0.214929	0.0753123	0.114931	-0.387021
-7.08856	1.46685	0.89024	0.965683	0.69617	0.0809927	0.277286	-0.376219	-0.077119	-0.218438	0.0649564	-0.0235829	-0.0394865	-0.139463	-0.00786507	0.0151459	-0.0273418
-6.0209	1.13126	-0.15707	0.266031	0.0658242	-0.0778514	0.205939	0.0360752	-0.0577717	-0.0935921	-0.0871542	0.138369	-0.135382	-0.159559	-0.0166268	0.0980329	0.0130414
-6.57836	1.1709	0.321405	0.813626	-0.0286148	0.0902428	0.407138	-0.0917413	-0.239435	-0.154799	-0.365058	0.208137	-0.0772642	0.266916	-0.179731	0.150612	-0.0318089
-4.9403	1.86947	0.12817	0.457116	0.161925	0.0408029	-0.31628	-0.0457606	0.0527318	0.126147	-0.261532	0.207534	-0.116001	-0.125999	0.315897	-0.14889	-0.43995
-5.09321	2.8363	1.03618	0.510221	-0.236111	-0.298793	0.061809	0.16547	-0.0130116	-0.127837	-0.197042	0.140134	0.00769691	-0.0458549	-0.0764015	0.278474	-0.140083
-2.76389	2.34151	-0.254518	0.519737	-0.0873203	0.0832031	-0.477055	0.0373217	-0.00295422	0.311642	-0.0669795	-0.208902	0.125684	0.0789888	-0.252633	0.384892	-0.14802
-2.84036	2.26273	-0.0629254	0.638745	-0.119614	0.0709139	-0.475166	-0.0591866	-0.00661253	0.315697	-0.0753464	0.0116687	-0.0448587	0.0399247	-0.156388	0.266279	-0.228572
-2.93831	2.32507	-0.0599452	0.527073	-0.029917	0.100605	-0.513094	-0.126282	-0.0230196	0.45812	-0.139062	0.0260304	-0.123525	0.0543989	-0.029394	0.223738	-0.175881
-3.0548	2.62877	-0.3452	0.631836	-0.0227358	0.0850086	-0.439013	-0.211497	0.0149337	0.361207	-0.0173462	-0.0248306	-0.102549	0.0968211	-0.126678	0.236491	-0.213384
-3.06699	2.72451	-0.467181	0.477671	0.00673288	0.0285221	-0.466115	-0.0783336	-0.0710336	0.433575	-0.029542	-0.0925736	-0.0600066	0.155078	-0.135712	0.0669756	0.122551
-3.03116	2.72721	-0.412447	0.381777	0.0725878	-0.0364785	-0.385486	-0.167743	-0.0190188	0.44991	-0.0113455	-0.156731	-0.0743273	0.182018	-0.0719309	0.0411708	0.0551648
-3.05065	2.80277	-0.475795	0.514717	-0.00889493	0.226027	-0.388273	-0.188066	-0.127494	0.286748	0.169773	-0.159184	-0.0582606	0.224389	-0.267366	0.0850947	-0.0655428
-3.14906	2.93608	-0.353866	0.369691	-0.00202213	0.0986218	-0.196453	-0.170179	-0.124019	0.138202	0.228734	-0.120197	-0.0399017	0.120033	-0.16458	0.0154655	0.0194624
-3.20501	2.92737	-0.187519	0.331559	-0.16098	0.14296	-0.100348	-0.214996	-0.168177	0.142708	0.188851	0.0384254	-0.106188	0.0666395	-0.186465	0.141451	0.0242082
-3.31873	3.11469	-0.152341	0.159372	-0.280316	0.13202	-0.0283099	-0.270363	-0.127858	0.121787	0.263294	0.0590987	-0.159157	-0.0455345	-0.0702599	0.302905	0.189367
-3.2547	3.03535	0.0179443	0.0506892	-0.313218	0.184825	0.089951	-0.213859	-0.244747	0.0406272	0.261511	0.0960313	-0.0328694	-0.134758	-0.108497	0.216837	0.203163
-3.49993	3.40905	-0.0326393	0.0904296	-0.421828	0.117016	0.160788	-0.137352	-0.279871	-0.0058046	0.353087	-0.0583238	0.141598	-0.292658	-0.0674687	0.34094	0.225993
-3.66028	3.50536	0.156167	0.0904444	-0.35251	-0.0277785	-0.0358135	0.107953	-0.263563	0.107697	0.29319	-0.24603	0.0864911	-0.115358	-0.0701855	0.331057	0.259978
-3.7824	3.56992	0.27231	0.303079	-0.500811	-0.0142661	0.0211877	-0.115543	0.0268276	-0.0190066	0.339124	-0.301005	0.0784404	-0.203933	0.0516694	0.406516	0.192033
-3.96507	3.66674	0.538209	0.229189	-0.474394	0.0527213	-0.0290441	0.0920411	-0.0381839	0.0269495	0.046668	-0.132711	-0.00614367	-0.0587524	-0.0519985	0.301561	0.0959483
-4.27205	4.0046	0.667868	0.206016	-0.492148	-0.0820201	-0.00100847	0.0898773	0.0814021	-0.0586601	0.20554	-0.297263	-0.00696518	-0.0772887	-0.0968798	0.514284	0.169931
-4.47274	4.07165	0.976507	0.18163	-0.489682	-0.180185	-0.083291	0.124975	0.160924	-0.121825	0.247373	-0.266611	0.0201501	-0.248758	0.0307124	0.449351	0.359251
-4.81743	4.23041	1.02179	0.502116	-0.561643	0.0210095	-0.257917	0.207248	0.259933	-0.228146	0.105247	-0.186645	0.00647331	-0.16401	0.0398581	0.259619	0.286574
-5.11661	4.19497	1.21493	0.641856	-0.402427	-0.0184159	-0.103204	0.125489	0.413226	-0.430045	-0.00996476	-0.20925	0.203284	-0.0753886	-0.161489	0.176035	0.0465839
-5.22415	4.22444	1.41807	0.568286	-0.371059	0.294252	-0.454683	-0.204406	0.160521	-0.0952859	0.262318	-0.105507	0.053054	-0.303381	-0.0516568	0.356034	0.537049
-5.41278	4.23364	1.31041	0.873497	-0.321838	0.0603505	-0.309955	-0.0181676	0.288484	-0.150426	0.0487483	-0.121019	-0.0777327	-0.0560668	-0.0376255	0.214214	0.0908875
-5.79612	4.22589	1.82423	0.501407	-0.371176	0.151206	-0.118158	-0.171441	0.32685	0.127555	0.0626627	-0.344797	-0.334917	0.0549556	0.312921	-0.24952	0.10222
-5.65629	4.25963	1.13277	0.543547	-0.0565826	-0.038211	-0.153669	0.050713	0.2237	0.144077	0.0102283	-0.266358	-0.0615649	-0.338311	0.141556	0.00719501	-0.122068
-5.44652	4.06842	0.960504	0.464277	-0.216121	0.232319	-0.15208	0.0722202	0.268595	-0.137664	0.0719917	-0.13652	-0.0769071	-0.243769	0.137532	-0.168041	0.163789
-5.3655	3.83339	0.934472	0.585844	-0.44172	0.180173	0.00425211	0.122632	0.365121	-0.141314	0.0234014	-0.177684	-0.0141979	-0.23758	-0.0257922	-0.084549	0.0360621
-5.3025	4.01693	0.873765	0.692912	-0.393112	0.0466568	-0.0564678	0.126436	0.506904	-0.0879186	-0.261158	-0.162151	0.0461527	-0.177586	0.108597	0.0561113	0.183456
-5.15615	3.73768	1.08272	0.654854	-0.301021	0.0576494	-0.458863	0.0481934	0.615225	0.082252	-0.0360501	-0.300852	-0.230003	0.0130499	0.0400278	0.249479	-0.0693056
-4.8513	3.82829	1.05458	0.533877	-0.25734	0.0157883	-0.143841	0.24627	0.257609	0.104345	-0.239131	-0.400811	-0.169923	0.0451392	0.371488	0.499399	0.125609
-4.62387	3.72116	1.12013	0.614229	-0.814222	0.139673	0.10905	0.073395	0.409228	-0.28094	-0.202159	-0.293727	0.0661992	-0.0809788	0.332545	0.541452	0.104732
-4.34212	3.7728	0.988306	0.10276	-0.740613	0.0562863	0.193754	0.0633496	0.166037	-0.277483	-0.113701	-0.126169	0.0460379	0.0534146	0.151668	0.362086	0.0363758
-3.93375	3.77379	0.697988	-0.0555938	-0.571082	0.197407	0.151699	0.177663	-0.0667989	-0.0987433	-0.275716	-0.0334279	-0.131066	0.162856	0.0752746	0.493126	0.462429
-3.76982	3.56625	0.462042	-0.0306268	-0.750747	0.147271	0.373667	0.191519	-0.143645	-0.134858	-0.0688241	0.167143	-0.167862	0.0115578	-0.191499	0.368938	0.415485
-3.56882	3.34472	0.233428	-0.335802	-0.550422	0.13517	0.139597	0.178327	-0.161631	0.0577279	-0.0533006	0.0962417	0.169406	-0.0299643	-0.180918	0.0736639	-0.09288
-3.27112	3.38994	-0.182433	-0.0317592	-0.634666	0.500475	0.033893	0.153436	-0.122196	0.28326	0.168464	0.13747	-0.0807515	-0.210562	-0.111072	0.098564	0.330548
-3.09549	3.21837	-0.191864	-0.367016	-0.380127	0.381439	0.153959	0.187085	-0.196495	0.405393	0.196355	0.149068	-0.165462	-0.104035	-0.188007	0.0652748	0.259632
-2.85534	3.07409	-0.242302	-0.304889	-0.302959	0.37777	0.423293	0.106913	-0.0844398	0.453453	0.307069	0.106112	-0.180443	-0.0370331	-0.221538	0.206317	0.349455
-2.86258	2.78032	-0.181781	-0.396171	-0.466119	0.462339	0.057601	0.165913	-0.0190654	0.369044	0.0441814	0.126619	-0.271058	0.0143364	-0.11994	0.159523	0.0567597
-2.83761	2.78271	-0.134122	-0.378669	-0.303319	0.350035	0.247389	0.084512	0.0764859	0.559677	0.0807055	0.0215741	-0.161222	-0.0548858	0.00361513	0.162609	0.109449
-2.84718	2.70061	-0.317025	-0.285853	-0.505065	0.555031	-0.0772182	0.102829	0.0636547	0.465492	0.0439344	0.0228001	-0.338276	-0.0831076	0.0458024	0.126741	0.0296107
-2.74378	2.57613	-0.287675	-0.366471	-0.28911	0.376083	0.0487159	0.189033	-0.0846228	0.608556	-0.00563347	-0.053102	-0.267488	-0.0163716	-0.135523	0.257716	0.053403
-2.74384	2.92969	-0.253444	-0.198222	-0.162965	0.45781	0.278079	0.347692	0.0427586	0.614742	0.232974	0.0600893	-0.111752	0.0825804	-0.0627135	0.301483	0.234917
-2.65533	2.4556	-0.560887	-0.303791	-0.366248	0.363375	0.169479	0.0606717	-0.0981978	0.40087	-0.111186	-0.0448715	-0.282971	-0.0247664	-0.029237	0.129381	-0.0347656
-2.75665	2.93293	-0.306028	-0.0403273	-0.296664	0.39188	0.481009	0.217572	0.0393648	0.713056	0.00323561	0.283671	-0.215883	0.0529174	0.0415195	0.141219	0.36053
-2.6308	2.71577	-0.439326	-0.169935	-0.283476	0.438994	0.303567	0.187813	-0.0712615	0.662089	-0.0516115	0.18423	-0.217441	0.00335546	0.0552745	0.122153	0.214503
-2.66087	2.66495	-0.353855	-0.156945	-0.420407	0.607093	0.242272	0.149704	0.0297832	0.464071	0.131117	0.0751877	-0.151803	0.00604123	-0.0195686	0.19239	0.182654
-2.68872	2.6493	-0.468416	-0.180185	-0.431268	0.588219	0.116628	0.21913	-0.146505	0.55409	-0.0443626	0.15991	-0.20893	-0.0486651	-0.0304579	0.200556	0.0831051
-2.66891	2.67886	-0.380311	-0.0307438	-0.494582	0.591383	0.367783	0.0905273	0.00554515	0.505545	0.0909494	0.200849	-0.151441	-0.0501325	-0.0425426	0.250275	0.161817
-2.83211	2.90246	-0.42166	-0.0203332	-0.448648	0.540989	0.382712	0.0192001	0.0629485	0.439192	0.209688	0.100505	-0.0834942	-0.131636	0.00148133	0.186691	0.229891
-2.87141	2.69033	-0.27557	-0.19686	-0.493753	0.383753	0.297998	-0.000725034	-0.121536	0.467816	0.048532	0.0632456	-0.161607	-0.211108	-0.0590626	0.200768	0.0831027
-3.04121	2.81695	-0.244563	-0.204077	-0.493378	0.321308	0.275204	0.0385647	-0.184986	0.471277	0.0395064	0.110745	-0.257024	-0.134332	-0.168921	0.250345	0.053773
-3.01462	2.79832	-0.152161	-0.0332385	-0.604755	0.403545	0.316989	0.0381998	-0.0657671	0.40117	0.140938	0.100198	-0.10809	-0.186671	-0.0432484	0.15389	0.131378
-3.12053	2.58219	0.0169276	-0.133473	-0.753387	0.239375	0.179403	-0.0722654	-0.0253174	0.21677	0.00244748	0.0413464	-0.0863839	-0.244551	-0.230922	0.0170928	0.123055
-3.40137	2.8085	0.404428	-0.141929	-1.16728	0.385027	0.52276	0.0221001	-0.312373	0.312441	0.123265	0.0727986	-0.15329	-0.129947	-0.187396	0.0349386	0.139614
-3.37065	2.84693	0.078956	-0.26313	-0.776313	0.11377	0.287218	0.0518394	-0.27358	0.254661	-0.126645	0.126587	0.00312154	-0.25884	-0.154014	-0.0478637	-0.00714279
-3.37313	2.72928	0.126551	-0.291784	-0.94922	0.185965	0.188785	-0.0318763	-0.209972	0.0476378	-0.136379	0.110084	0.00749995	-0.214725	-0.292923	0.00419062	-0.144754
-3.4323	2.8329	0.206852	-0.197986	-1.07024	0.365438	0.174317	0.0036863	-0.181071	0.00465759	-0.0755571	0.199155	0.0475325	-0.160202	-0.258252	-0.0612809	-0.0685034
-3.60634	3.08404	0.322812	-0.164455	-0.986493	0.287154	0.426929	-0.0797762	-0.133646	-0.00512981	0.0367186	0.268347	0.0863382	-0.07551	-0.244727	0.0385237	-0.0910963
-3.75611	3.00867	0.559858	-0.142636	-0.861515	0.105285	0.226118	0.0399595	-0.141192	0.0703452	-0.0737581	0.15168	0.17376	-0.117639	-0.118333	-0.0176901	-0.153421
-4.10043	3.44175	0.681554	0.168036	-0.718435	-0.0978798	0.376745	0.132917	0.185988	0.0663386	-0.141127	0.248258	0.169881	0.1215	0.00451805	-0.0900241	0.0579647
-4.34752	3.19521	0.788477	0.241118	-1.04839	-0.0666801	0.148512	0.0197082	0.248727	-0.265035	-0.217582	-0.0141373	0.0621102	0.0802048	-0.162703	0.0778084	-0.166379
-4.70805	3.2929	0.939928	0.238084	-0.955099	-0.0268031	0.114573	0.161275	0.0845265	-0.135236	-0.304476	-0.131636	-0.0349784	0.0896526	-0.116135	0.123263	-0.105424
-4.97019	3.34206	0.764672	0.292554	-0.754769	7.2853e-05	-0.34688	0.191927	0.235379	-0.270036	-0.238983	-0.328685	-0.13012	-0.00972827	-0.149395	0.195758	-0.189018
-5.05029	3.21799	0.700602	0.502938	-0.775684	-0.0382271	-0.426078	-0.112131	0.368705	-0.139592	-0.312385	-0.326674	-0.102796	-0.210924	-0.168922	0.117827	-0.133273
-5.11858	3.23322	0.446121	0.596295	-0.779163	-0.0404565	-0.552661	-0.183419	0.23608	-0.0780468	-0.364089	-0.302442	-0.287788	-0.251909	-0.205201	-0.020686	-0.0686516
-4.96099	3.40506	0.478485	0.648916	-0.65946	0.164719	-0.414809	0.0536048	0.302888	0.0724524	-0.312665	-0.198962	-0.129869	-0.174994	0.0190299	0.0709924	0.0743438
-4.95197	3.17268	0.528691	0.503338	-0.881272	0.0856629	-0.467139	-0.169399	0.446219	-0.238793	-0.394085	-0.416534	-0.0744837	-0.243253	-0.108277	0.0394199	-0.106514
-4.69561	3.09897	0.514507	0.35862	-0.775204	0.0708393	-0.323017	0.111192	0.14041	-0.115561	-0.55457	-0.281728	-0.0578815	-0.201423	0.0715856	0.102373	-0.187917
-4.41472	3.19305	0.52108	0.561452	-0.872496	0.291255	0.156555	0.124263	0.281442	-0.282042	-0.257257	-0.169466	0.0617456	0.0382667	0.0880417	0.235966	-0.0157307
-4.13614	3.17572	0.598712	0.604503	-0.908002	0.492553	0.310055	0.261082	0.17657	-0.186317	-0.155374	-0.0574942	0.345779	0.0592774	0.247632	0.1084	0.126855
-3.9265	3.20358	0.445454	0.6519	-0.909132	0.604352	0.317515	0.221942	0.115108	-0.124934	-0.0454417	0.0101012	0.40663	0.0780278	0.27341	0.121309	0.0856623
-3.794	2.92193	0.346701	0.357536	-0.78742	0.540006	0.178191	-0.00178257	-0.148306	-0.173865	-0.0438143	0.142014	0.165385	-0.0251545	-0.0259317	0.0950002	0.0593063
-3.57413	2.87426	0.280363	0.367738	-0.6711	0.655021	0.19191	-0.0115156	-0.190114	-0.0683906	0.100874	0.158291	0.226901	-0.0898911	-0.00417194	0.150975	0.114147
-3.47138	2.86792	0.352196	0.503416	-0.516348	0.730136	0.223094	0.0438342	-0.176915	0.153259	0.264805	0.0978722	0.288185	-0.00809108	0.0672919	0.195504	0.217908
-3.42953	3.01695	0.23316	0.659326	-0.287042	0.876507	0.0954379	0.0837376	-0.145285	0.400865	0.42014	0.0158261	0.250858	0.115248	0.187817	0.218901	0.280886
-3.4203	2.86273	0.162591	0.529729	-0.204608	0.779983	-0.0615509	-0.128134	-0.0700243	0.356927	0.26566	-0.110001	0.139015	0.0870264	0.157119	0.152891	0.163056
-3.65431	2.65348	0.251469	0.492719	-0.296123	0.315478	-0.0303877	-0.214728	-0.240657	0.206585	-0.00936855	-0.15153	0.00327861	0.00516533	0.0222208	0.123269	-0.0737241
-3.55257	2.65201	0.426134	0.479305	0.177607	0.351821	0.0841013	-0.133657	-0.0975578	0.338904	0.0228565	0.0127265	-0.0806046	0.133526	0.208535	0.0806283	0.189022
-3.9332	2.83069	0.383937	0.427392	0.474798	0.313343	-0.0115647	-0.0987064	-0.185157	0.489512	-0.22464	-0.156493	0.181612	0.0939048	0.0567519	0.102577	0.206112
-4.37667	2.67318	1.09222	0.450032	0.586487	0.394497	0.294895	-0.0787487	0.00589696	0.22749	0.184333	0.176871	0.0202389	0.230123	0.231333	0.260123	0.00799248
-4.71906	2.17344	1.05233	0.392083	0.245134	0.317088	-0.0277483	-0.174612	-0.0520309	0.0509389	0.0838927	-0.1681	-0.0614644	-0.0099143	-0.057396	-0.101551	-0.0172131
-5.04146	2.19303	1.25994	0.227311	0.53419	0.0225506	0.0408016	0.269294	-0.0284444	-0.211218	-0.0557939	-0.183706	0.283816	-0.114596	-0.287328	0.0888493	-0.106225
-4.93491	1.87377	1.56256	0.821724	1.00681	-0.0732748	0.0457321	0.3055	0.419655	0.237057	0.0138794	0.258139	-0.0541519	0.152018	0.0729663	0.217636	0.0954894
-5.3091	1.52188	1.67851	0.536979	0.615636	-0.178688	-0.0668339	0.140995	0.251674	0.276781	-0.53935	-0.049087	0.00850792	0.135926	-0.174004	-0.178917	-0.135989
-5.32151	1.22473	1.67057	0.349121	0.788861	0.099847	-0.101432	-0.111989	0.356176	0.138128	-0.304283	-0.132782	0.0200185	-0.0427099	-0.17501	-0.116955	-0.168603
-5.35618	1.02017	1.72022	0.493215	0.947264	0.195721	0.128432	-0.182481	0.190694	0.26071	-0.0257654	-0.213445	0.0994424	-0.178173	-0.105407	-0.0619729	0.0255088
-5.50032	0.597747	1.63458	0.455184	0.935396	-0.118933	0.12535	-0.326985	0.0418339	0.0423089	-0.280815	-0.285017	0.0877769	-0.164165	-0.38656	-0.179263	-0.308477
-5.39	0.193796	1.45236	0.278764	1.2453	-0.0664612	-0.123631	-0.115703	-0.172558	0.0479175	0.0331926	-0.258029	-0.220525	-0.400084	-0.439286	-0.161466	-0.367629
-5.16703	0.181491	1.29798	0.316791	1.10959	-0.0863606	0.349944	0.14063	0.0656338	0.108312	-0.244005	-0.272177	-0.0860826	-0.295838	-0.408502	-0.0861516	-0.217787
-5.34586	0.0696097	1.08427	0.365376	0.881458	-0.0782276	0.356889	-0.148502	-0.424301	0.163252	-0.402562	-0.388419	-0.36169	-0.512443	-0.379264	-0.426833	-0.126267
-5.17971	0.350311	1.35562	0.38827	0.980869	0.360325	0.34629	0.0379076	0.200596	-0.111529	-0.125673	0.106481	-0.0308861	-0.420195	-0.279471	-0.074118	-0.137938
-4.87815	0.466651	1.08631	0.280928	1.11454	0.255527	0.60301	0.262492	-0.0778496	-0.187521	-0.223674	-0.144904	-0.193404	-0.122233	-0.261238	0.0814584	-0.128943
-4.82992	0.54391	1.24507	0.487706	1.16765	0.0420703	0.224683	0.046891	-0.039762	-0.0467056	-0.211061	-0.28358	-0.0330426	-0.156676	-0.205851	-0.0840737	-0.0454473
-4.8613	0.83453	0.945514	0.67193	0.985799	0.00660544	0.140783	0.394635	-0.256773	-0.140122	-0.331036	-0.0227354	-0.286159	-0.149701	-0.386278	-0.0315501	0.104572
-4.59781	1.35692	0.8373	0.788794	0.761774	0.0965139	0.162302	0.146499	-0.032438	0.294979	-0.327242	-0.187179	-0.0403793	0.180102	0.0146299	-0.109142	-0.00491338
-4.85282	1.60318	0.853476	1.03432	0.680323	-0.0537369	0.0920543	0.208527	0.119733	0.13256	-0.211145	-0.193841	0.0612774	0.10196	-0.0592926	-0.086593	0.0996648
-5.16925	1.86569	1.37994	0.700631	0.504843	0.262417	0.168815	0.291416	-0.00885259	0.131661	-0.105419	-0.0291496	0.175729	0.142898	-0.352159	0.139691	0.232676
-5.4832	2.18882	0.751909	0.761341	0.316244	0.0353827	-0.163357	0.381555	-0.0591762	-0.0912109	-0.387912	-0.141638	0.00359212	-0.113702	-0.0785006	-0.036834	-0.274127
-5.54277	2.36431	0.585845	0.860326	0.490133	0.0924438	0.0204922	0.1686	0.153137	-0.197223	-0.0840128	-0.300933	-0.0200062	0.119021	-0.0797197	-0.0941713	-0.0781962
-5.60593	1.92287	0.736261	0.596816	0.406693	0.227843	-0.0438505	-0.107848	-0.00735923	-0.145293	-0.281721	-0.211876	-0.180653	-0.0150985	-0.393137	-0.224532	-0.144828
-5.81768	1.96161	0.714343	0.620524	0.368681	0.179066	0.124731	0.0139441	-0.164123	-0.12084	-0.19881	-0.165299	-0.263855	-0.410719	-0.167129	-0.0547308	-0.296158
-6.04247	1.87763	0.640455	0.415928	0.434062	0.0724984	-0.14732	0.0478652	-0.291723	-0.0778534	-0.366239	-0.465078	-0.409324	-0.22739	-0.44883	-0.0392014	-0.667725
-6.12902	1.98579	1.27313	0.948016	0.205416	0.10578	0.505152	0.353952	-0.0192828	-0.13024	0.0243266	-0.137952	-0.138427	-0.179671	-0.112144	-0.173719	0.329808
-6.22732	2.06397	1.04301	1.2064	0.544126	0.28293	0.31919	-0.0447368	0.30404	0.363311	-0.0918979	-0.072419	-0.197259	-0.0911406	-0.0626392	0.114994	0.246836
-6.25585	1.94338	1.09318	1.43976	0.716321	0.396123	0.414132	0.277023	0.199085	0.324324	-0.022227	-0.0130186	0.0296136	0.0134986	0.289771	0.270917	0.112559
-6.24719	1.73838	1.06549	1.34063	0.602771	0.449509	0.590267	0.285683	0.176909	0.128406	0.300076	-0.000386451	0.0183578	0.195905	0.0319479	0.103694	-0.019393
-6.49477	1.33551	0.903221	1.08476	0.562535	0.506314	0.342644	0.336118	0.232608	0.0356111	0.0463136	0.176959	-0.261689	-0.525373	-0.0221766	-0.0694937	-0.231086
-6.34395	1.61665	0.844226	1.07325	0.466244	0.270741	0.180824	0.160616	0.0608285	-0.187266	-0.158085	-0.0284669	-0.250658	-0.329963	-0.246756	0.0299197	-0.0414283
-6.28346	1.58711	0.945015	0.841184	0.8199	0.560523	0.132461	0.384772	0.42951	0.111848	-0.128199	-0.00863162	0.0712458	-0.103108	-0.0481893	0.0646944	-0.265027
-6.12345	1.25198	1.18956	1.43848	0.720714	0.35672	0.613078	0.3697	0.122155	-0.410661	-0.0195304	0.5864	0.164157	-0.10937	-0.36193	0.315321	0.248429
-5.75067	1.22898	0.6056	1.09804	0.847573	0.343328	0.196221	0.269978	0.105832	0.0191404	-0.0438812	-0.0816697	0.083974	0.0605304	-0.135492	0.121783	-0.00656968
-5.29287	1.15106	0.347402	0.875075	0.630331	0.36264	0.137293	0.109013	-0.0111771	0.130737	-0.168502	0.0673649	-0.0223454	0.0681388	-0.134207	-0.0357989	-0.0785596
-5.11217	1.31424	0.93215	0.866894	0.220686	0.147097	0.117162	0.199566	0.132724	-0.27978	-0.177128	-0.138674	0.0499739	0.0203244	-0.0677662	-0.0886155	-0.0790517
-4.10648	2.42826	-0.0301871	0.989183	0.350699	0.223721	-0.00160209	0.0247608	0.119582	-0.193942	-0.129763	-0.000337435	0.0199286	0.0852824	-0.038468	0.0869165	0.109322
-3.409	2.42877	-0.198857	1.17133	0.166461	0.12858	-0.0668911	0.0740051	-0.0358091	-0.0685159	-0.148714	0.108036	-0.0230808	0.215551	-0.0157266	0.248952	0.230244
-3.07004	2.26454	-0.0807599	1.0763	0.0155095	0.0530919	-0.0468831	0.143253	-0.121654	-0.0467478	-0.0762083	0.162811	-0.0965563	0.223769	0.0220842	0.254341	0.205242
-2.97534	2.05662	0.04096	1.06274	-0.0245451	0.0569353	-0.00923726	0.247885	-0.0817642	-0.0414367	-0.033443	0.183622	-0.106103	0.21533	0.0777038	0.240007	0.167578
-3.03494	2.01989	0.0390173	0.982335	-0.0689041	-0.048161	-0.0445753	0.217066	-0.138098	-0.0239336	-0.0729291	0.220525	-0.178617	0.240557	-0.0472125	0.287156	0.0231164
-2.99821	1.97594	-0.0409845	1.06303	-0.132561	-0.110272	-0.0155114	0.206624	-0.193066	0.0398991	-0.0938458	0.269916	-0.182605	0.229634	-0.064276	0.213601	0.0137216
-3.01816	2.01646	-0.0445592	1.03221	-0.126946	-0.0936408	-0.0721254	0.194538	-0.0878827	0.00559784	-0.0919848	0.313921	-0.0840567	0.130253	-0.0558205	0.317318	-0.116189
-3.09442	1.93815	-0.0423703	0.980181	-0.302154	-0.178639	-0.0988807	0.084231	-0.182724	-0.0349195	-0.0465615	0.204359	-0.208891	0.186925	-0.188368	0.166834	-0.149144
-3.08356	2.08369	-0.130595	1.06275	-0.261513	-0.0967118	-0.138367	0.156988	-0.0695792	-0.0224415	-0.0355352	0.312382	-0.176406	0.204401	-0.135595	0.214264	-0.115771
-3.0913	2.13111	-0.17625	1.07908	-0.163926	-0.126611	-0.25433	0.232875	-0.101681	0.103621	-0.0504936	0.371914	-0.150001	0.200011	-0.0630426	0.0685666	-0.048508
-2.9971	2.12477	-0.114809	1.02264	-0.111541	-0.116987	-0.203211	0.274294	-0.0606018	0.145748	-0.0634185	0.444707	-0.0657461	0.139397	0.0181197	0.0899742	0.0090795
-3.03057	2.19219	-0.223446	1.0967	-0.149782	-0.160162	-0.135066	0.235052	-0.11253	0.193308	-0.0302751	0.483169	-0.142792	0.226254	-0.0157967	0.0802892	-0.00493703
-3.01466	2.20892	-0.16882	0.99837	-0.0517295	-0.227518	-0.101294	0.199237	0.0108663	0.111786	-0.0164181	0.527852	-0.113649	0.169229	0.0306134	0.100732	-0.0066025
-3.01881	2.32968	-0.231078	1.08606	0.0109382	-0.220397	-0.045986	0.198282	0.144537	0.0924506	0.0477598	0.549358	-0.0519403	0.208467	0.0569312	0.115574	0.067114
-3.04551	2.3548	-0.379082	1.0338	-0.0525243	-0.225308	-0.142671	0.182662	0.0540938	0.0556135	0.0187842	0.50968	-0.11837	0.213611	-0.0210747	0.106014	-0.0312088
-3.13496	2.38536	-0.431423	0.935331	-0.0436464	-0.293929	-0.162628	0.10175	0.0696831	-0.0794449	0.116192	0.382673	-0.0723916	0.081361	0.0218538	0.0428723	-0.0880617
-3.13234	2.42384	-0.390485	0.924038	0.0423047	-0.268326	-0.2379	0.211459	0.0981544	-0.0418523	0.072708	0.473426	-0.0831806	0.0969031	0.135815	-0.00631395	-0.0143545
-3.12728	2.60826	-0.424632	0.970111	0.150443	-0.154767	-0.1888	0.214605	0.248559	-0.0402967	0.244829	0.434947	0.0570004	0.103559	0.281645	-0.0296005	0.127383
-3.16324	2.56402	-0.430896	0.861587	0.190343	-0.220883	-0.246209	0.18045	0.23956	-0.109508	0.146711	0.424957	0.0466778	0.0676069	0.219624	-0.0712639	0.0883263
-3.2796	2.75068	-0.401124	0.757496	0.361885	-0.258275	-0.156764	0.139931	0.348753	-0.130772	0.141504	0.455511	0.120018	0.0259985	0.275902	-0.107881	0.179628
-3.28943	2.66327	-0.419131	0.654319	0.319976	-0.154346	-0.36086	0.139894	0.330529	-0.189139	0.0924551	0.397648	0.0707056	-0.0323455	0.248392	-0.0848329	0.0658723
-3.38222	2.85133	-0.532873	0.762518	0.301919	-0.110903	-0.344339	0.160479	0.308051	-0.135439	0.122837	0.348871	0.110118	-0.00828618	0.248095	-0.133801	0.160432
-3.42261	2.84946	-0.488605	0.655125	0.32298	-0.046587	-0.400327	0.172806	0.257021	-0.0871624	0.0501978	0.352923	0.0699202	-0.0198086	0.204241	-0.153298	0.174944
-3.53779	2.97898	-0.570719	0.651162	0.315192	0.00820179	-0.358777	0.0910261	0.311859	-0.150832	0.0694315	0.280153	0.030033	-0.00623317	0.187164	-0.157312	0.188884
-3.66273	3.00026	-0.687036	0.571098	0.265786	0.00878875	-0.483441	0.103695	0.127185	-0.0669465	-0.174799	0.256506	-0.111566	-0.0079171	0.0987524	-0.146699	0.0780237
-3.7744	2.98854	-0.699224	0.454177	0.200651	0.0227912	-0.524625	0.0168185	0.0770025	-0.218826	-0.171832	0.114818	-0.185781	-0.0230784	0.0373772	-0.0922773	-0.0519626
-3.68115	3.0172	-0.593335	0.505867	0.317468	0.166745	-0.471207	0.00578516	0.243769	-0.148999	-0.155512	0.235356	-0.13846	0.0296332	0.11517	-0.110556	0.136746
-3.646	2.99429	-0.525222	0.549876	0.356391	0.163742	-0.396973	0.0511549	0.24578	-0.22832	-0.0307847	0.188066	-0.0741606	-0.0521919	0.252377	-0.179384	0.239661
-3.69291	2.95307	-0.656482	0.581343	0.30598	0.193267	-0.563458	0.145874	0.0490647	-0.182596	-0.232097	0.22983	-0.283443	-0.0259722	0.214217	-0.120684	0.145743
-3.60239	2.89313	-0.424439	0.599114	0.402964	0.171399	-0.412635	0.180074	0.078414	-0.100471	-0.173101	0.219103	-0.199968	0.0268087	0.196731	-0.0588174	0.293458
-3.67806	3.00265	-0.467711	0.747523	0.381359	0.282723	-0.493973	0.338126	0.0547992	-0.169361	-0.147781	0.22569	-0.232938	0.0928357	0.200747	-0.0334784	0.360727
-3.72756	2.9074	-0.378861	0.759456	0.4101	0.122678	-0.485041	0.363235	-0.0339864	-0.231597	-0.201997	0.27269	-0.325558	0.131554	0.0856232	0.122322	0.252497
-3.72031	2.78468	-0.299771	0.836827	0.385093	0.00246307	-0.380202	0.282571	-0.052916	-0.272771	-0.196076	0.267181	-0.385714	0.171687	0.11579	0.100613	0.217926
-3.8481	2.69228	-0.121861	0.838925	0.272104	0.123209	-0.504494	0.449431	-0.290334	-0.274215	-0.241659	0.231144	-0.42889	0.193555	0.135279	0.14283	0.15168
-3.86945	2.57643	-0.143302	1.08777	0.219548	0.184578	-0.430071	0.476576	-0.322523	-0.398732	-0.241299	0.157157	-0.359257	0.167601	0.22008	0.153486	0.189662
-3.9988	2.41004	-0.0240595	1.07908	0.402222	0.161953	-0.339084	0.526617	-0.448329	-0.529993	-0.365758	0.172965	-0.514516	0.374319	0.152138	0.274508	0.146284
-4.15534	2.53741	0.0365617	1.06479	0.422911	0.0591199	-0.405528	0.6154	-0.586544	-0.429093	-0.278248	0.142996	-0.404599	0.296276	0.204874	0.256304	0.00747241
-4.1249	2.45561	-0.0133215	1.287	0.345546	0.0907193	-0.123228	0.425747	-0.490622	-0.470554	-0.269126	0.146649	-0.399278	0.397978	0.253278	0.243382	-0.0418917
-4.09424	2.29863	0.0648742	1.2054	0.423997	0.200717	-0.0771917	0.44697	-0.59074	-0.384827	-0.415339	0.113847	-0.370449	0.406616	0.286967	0.185734	0.0277172
-4.1393	2.37493	0.0696406	1.43134	0.298636	0.196178	0.117771	0.407052	-0.517741	-0.381787	-0.162732	-0.0869611	-0.272249	0.375006	0.275784	0.122114	0.191033
-4.06721	2.16293	0.126247	1.39121	0.347958	0.322048	0.174372	0.317561	-0.442663	-0.522149	-0.175479	-0.166085	-0.313242	0.533622	0.157036	0.183797	0.174478
-4.08865	1.81057	0.160677	1.47163	0.489982	0.452045	0.408938	0.202048	-0.465395	-0.757509	-0.344021	-0.302661	-0.249835	0.572415	0.265838	0.342763	0.0151846
-4.00258	1.92644	0.232183	1.42604	0.355364	0.26496	0.377488	0.155627	-0.394218	-0.455398	-0.27362	-0.186072	-0.291099	0.555133	0.0717626	0.308287	0.0382304
-4.17406	2.21004	0.127512	1.53658	0.158191	0.317298	0.214539	0.280024	-0.487395	-0.280518	-0.250049	-0.149804	-0.338892	0.431406	0.186896	0.0705268	0.157557
-4.11139	2.12632	0.214241	1.58292	0.0830651	0.391743	0.203244	0.314443	-0.455282	-0.266577	-0.1802	-0.259744	-0.175578	0.352126	0.132646	0.213368	0.0774182
-4.03106	2.08477	0.31334	1.60411	0.148002	0.291822	0.395379	0.205366	-0.377896	-0.0530621	-0.396696	0.0695045	-0.387324	0.448522	0.0922745	0.193486	0.185126
-4.12242	2.09236	0.454276	1.53329	-0.0667801	0.431575	0.182386	0.215099	-0.320806	-0.0787904	-0.158534	-0.155117	-0.221208	0.270181	0.120782	0.0852072	0.168841
-4.32566	2.27139	0.436909	1.59725	-0.1354	0.328785	0.255807	0.221516	-0.377905	0.0400724	-0.140245	-0.16887	-0.193514	0.261475	0.0499059	0.0954647	0.12349
-4.39271	2.24553	0.437671	1.68699	-0.152505	0.199558	0.437597	0.0619847	-0.138247	0.0379468	-0.0207688	-0.0794617	-0.272391	0.267304	-0.0080255	0.105889	0.101634
-4.88545	2.2254	0.363158	1.68531	-0.207352	-0.0330948	0.34338	0.0427185	-0.261242	0.214755	-0.0547854	-0.149396	-0.326578	0.0962396	-0.101906	0.280918	-0.226603
-5.66804	2.52755	0.599132	1.96926	-0.112071	-0.0742317	0.28939	0.310877	-0.389978	0.128809	0.0465115	0.0447988	-0.344565	-0.168866	-0.103319	0.286515	0.0692219
-6.35669	3.09809	0.9228	1.49085	0.549724	0.151283	0.507475	0.332703	0.384214	0.204491	0.155373	-0.0446016	0.141451	-0.215146	-0.0102979	0.185283	0.11058
-6.6459	2.78188	0.854416	1.37686	0.338577	-0.0107508	0.347964	0.154003	-0.0365723	0.170124	0.0313879	-0.250119	-0.232469	0.0202196	-0.0502003	-0.0273921	-0.345772
-7.62538	2.80159	0.931702	1.26852	0.562442	0.321205	0.447665	0.337935	0.0106678	0.138872	-0.309297	-0.453497	-0.607611	-0.323388	-0.113407	0.219326	0.0224268
-7.23389	2.1673	1.26554	1.48103	0.0802667	0.326725	0.0330111	0.174987	0.182386	-0.14635	-0.111287	-0.141273	-0.540014	-0.359743	0.0532416	0.116054	-0.118693
-7.38879	2.25201	0.917645	1.34938	0.159559	0.281696	0.00614926	0.128354	0.0222069	0.066531	-0.027904	-0.328526	0.0659946	-0.242931	0.225689	-0.0525616	-0.123227
-8.62927	2.06672	1.02028	0.909178	0.301743	0.144402	0.155013	-0.115557	-0.141638	-0.192808	-0.587878	-0.477051	-0.43481	-0.198731	-0.070203	0.0900154	-0.0582899
-8.44723	1.92124	0.947764	0.823964	0.471772	0.336637	0.207384	0.0484372	0.0217975	0.00899094	-0.05469	-0.189414	-0.153442	-0.0828131	-0.0252046	-0.0259739	0.0188878
-8.7627	1.69401	0.9784	0.830946	0.449992	0.348831	0.23174	0.10729	0.142788	0.0807704	-0.0849978	-0.0277131	-0.0731448	0.0068014	0.0689398	-0.0063729	0.148143
-8.92444	1.52667	0.954108	0.905332	0.483352	0.345617	0.309011	0.200447	0.190813	0.0746699	-0.0798338	0.0437359	-0.0780006	-0.0154253	0.0679674	-0.0199521	0.0547876
-8.83432	1.57831	0.833385	0.750997	0.550313	0.450894	0.313124	0.245846	0.170958	0.0893059	-0.0075189	0.0321436	-0.0129055	-0.0294945	-0.00492364	-0.0765727	-0.0508181
-6.37093	0.815885	0.882101	0.121027	-0.124306	0.0844992	0.10326	0.424716	-0.0586468	-0.0311927	0.405545	0.000599675	0.0758891	-0.000442148	0.246937	0.0295214	-0.121866
-4.99656	0.428845	0.855819	-0.0149892	-0.115003	-0.0581484	0.00664507	0.315901	-0.153665	-0.00721032	0.188288	0.0641641	0.0561329	-0.0670839	0.255068	0.0997798	-0.161475
-4.24701	0.0435472	0.748453	0.199121	-0.0212663	-0.0610742	0.000723307	0.156807	-0.182756	0.0820703	-0.0295992	-0.00257522	-0.0479488	-0.0693192	0.153574	0.0140882	-0.163909
-4.07193	-0.22167	0.700804	0.445827	0.201872	0.0709592	0.0589716	0.0428263	-0.2686	0.0731312	-0.0518513	0.0494737	-0.0858111	-0.131903	0.104046	0.0563261	-0.0613473
-4.32665	-0.493919	0.69899	0.683677	0.229423	0.128144	0.0736322	0.112353	-0.290288	-0.0409001	0.0340013	0.140063	-0.116332	-0.102302	0.169629	0.062544	0.0146084
-4.66658	-0.588688	0.663565	0.712356	0.170932	0.23136	-0.208841	0.422786	-0.308042	-0.138067	-0.111062	-0.0550739	-0.258125	-0.0236817	0.288819	0.0337833	-0.220547
-4.86152	-0.163923	0.743284	1.00329	0.491469	0.32842	0.103106	0.475748	-0.232547	0.350397	0.0936988	-0.217301	-0.109199	-0.0767851	-0.0888508	0.0964805	0.019564
-4.80272	0.962798	1.01325	1.42577	0.612041	0.0799786	0.0975629	0.315755	-0.227536	-0.0488041	-0.107077	-0.0854459	-0.226933	0.102908	0.194183	0.00925425	-0.0373836
-4.7979	1.41602	1.20588	1.72576	0.194745	-0.0347118	0.363255	0.315259	-0.544121	0.134681	0.140539	-0.102707	-0.453016	0.0672922	0.0138754	0.21893	0.149623
-4.64388	1.66766	0.80712	1.30887	0.00644515	0.0258411	0.345342	0.0212431	-0.454073	0.0193198	-0.359583	-0.069881	-0.243181	0.147439	-0.0192367	0.149865	0.0601394
-4.6458	1.86545	0.9189	1.40177	0.0487248	0.133208	0.473317	0.0307802	-0.367724	0.0319433	-0.165161	0.0148871	-0.150429	0.293754	0.0902177	0.128272	0.175228
-4.50682	1.76361	1.00268	1.48233	-0.0757458	0.268415	0.435986	0.108818	-0.411286	0.0952676	-0.16981	0.100673	-0.148632	0.310112	0.0815741	0.267687	0.142759
-4.54599	1.81235	0.898703	1.58223	0.0636586	0.173882	0.481808	0.0838169	-0.302721	0.061374	-0.040338	-0.103993	-0.0935652	0.442132	-0.00454083	0.219494	0.264039
-4.50634	1.64026	0.867915	1.68227	-0.179936	0.360995	0.397706	0.0149736	-0.458919	0.151986	-0.174221	-0.0448963	-0.205426	0.415919	0.0487749	0.192666	0.21907
-4.52438	1.50327	0.975107	1.61411	-0.0886257	0.223866	0.473127	0.00498338	-0.467382	0.0484397	-0.254705	-0.0257426	-0.113875	0.320718	0.0476396	0.23008	0.219013
-4.54873	1.47991	1.16281	1.54281	-0.0823296	0.317209	0.521506	-0.0522411	-0.380558	0.0368825	-0.234753	-0.00402331	-0.0637197	0.302627	0.148379	0.324283	0.248103
-4.48076	1.36615	1.05253	1.54929	-0.0793123	0.135582	0.49843	-0.0494505	-0.40047	0.0070807	-0.301752	-0.0118209	-0.136255	0.265446	0.0327053	0.216129	0.309701
-4.60059	1.40488	1.09071	1.61729	-0.231749	0.29706	0.444391	-0.0245219	-0.370556	-0.0287426	-0.316907	-0.0252994	-0.142482	0.257174	0.0018607	0.248622	0.298011
-4.67621	1.42264	1.17785	1.42579	-0.0102178	0.235465	0.448612	-0.0347553	-0.462445	-0.0742662	-0.199734	-0.174891	-0.0295867	0.232651	0.0791084	0.188792	0.328344
-4.78991	1.48129	0.820869	1.59474	-0.234953	0.18903	0.423808	-0.0935526	-0.456858	-0.0897498	-0.335955	-0.22655	-0.35547	0.138852	-0.0322799	0.0894471	0.25811
-4.8485	1.50186	1.16443	1.43145	-0.119463	0.229459	0.488325	-0.2284	-0.34123	-0.0940402	-0.270343	-0.230614	-0.165422	0.303346	0.0186085	0.143672	0.324096
-4.72796	1.26756	1.10301	1.27415	-0.128015	0.074154	0.347021	-0.183029	-0.442883	-0.162159	-0.394967	-0.261553	-0.259364	0.119432	-0.00791338	0.0473781	0.16643
-4.68081	1.17809	0.93333	1.4114	-0.204345	0.103883	0.368436	-0.124688	-0.48978	-0.138192	-0.456013	-0.239093	-0.409214	0.0939614	-0.0172793	-0.00978447	0.222433
-4.68025	1.32344	1.05201	1.46417	-0.15511	0.181831	0.47449	-0.158412	-0.444601	-0.0296132	-0.329391	-0.24279	-0.253355	0.222886	0.0419129	0.128252	0.3258
-4.80662	1.21089	1.1119	1.42839	-0.114237	0.0557089	0.432601	-0.0776019	-0.334109	-0.100033	-0.571975	-0.275019	-0.22161	0.0765026	-0.120814	0.0272512	0.43246
-4.95528	1.4594	1.09059	1.45048	-0.181481	-0.0580565	0.444293	-0.0111188	-0.532937	-0.127038	-0.461959	-0.14585	-0.24987	0.0202437	-0.0047977	0.000601959	0.315867
-4.95171	1.27718	1.09963	1.31505	-0.0440429	0.0957017	0.373019	-0.133491	-0.472375	-0.107515	-0.598612	-0.0775225	-0.445314	-0.0776588	0.0661908	-0.00597727	0.265013
-5.07221	1.50866	1.18205	1.6687	-0.064794	0.0460294	0.382839	0.00142916	-0.451716	-0.0409705	-0.38983	-0.0893016	-0.382785	0.263344	-0.0124889	0.00881854	0.41177
-5.21449	1.58152	1.16995	1.68296	-0.111923	-0.12267	0.345176	0.143597	-0.543248	-0.292562	-0.26361	-0.146704	-0.300814	0.143645	-0.00104375	-0.02452	0.298321
-5.23863	1.71704	1.3073	2.19737	0.322457	0.0538707	0.169462	0.163676	-0.148408	0.108217	-0.0938495	0.00277859	-0.188837	0.348712	0.184404	0.20345	0.59784
-5.43645	1.78344	1.28574	2.22888	0.383232	-0.136825	0.23626	0.304479	-0.393472	0.118387	-0.213487	-0.104399	-0.0655278	0.361702	0.102525	0.272328	0.35019
-5.79014	1.55542	0.843768	1.98842	0.28346	-0.447334	0.172175	0.0687474	-0.759819	-0.88053	-0.498905	0.176555	-0.224779	0.114038	-0.409761	-0.229002	0.0870828
-5.9647	2.00965	1.0261	2.03397	0.474421	-0.113421	-0.122326	0.261044	-0.354029	-0.14145	-0.419706	-0.161347	-0.254987	0.338218	0.0199281	0.0258354	0.0984904
-6.05383	2.88987	0.990309	1.54752	0.549521	0.625469	0.339284	0.156747	-0.124919	0.113733	-0.0905237	0.0270469	-0.00498919	0.522572	0.0121008	0.114685	0.365971
-6.82391	3.3631	0.967166	1.60298	0.823666	0.746411	0.14568	0.169855	0.238402	0.520012	0.303275	-0.0603271	-0.00725806	0.261913	0.190904	0.149511	0.314426
-8.09988	2.88504	1.06698	1.33719	0.511104	0.347097	0.411271	0.0208055	-0.406939	-0.365502	-0.133937	-0.116925	-0.217872	0.108431	-0.292454	0.0875116	0.0363978
-8.21171	2.75885	1.51557	1.43147	0.575673	0.180311	0.202301	0.311859	0.00121859	-0.171145	-0.106634	0.0274361	0.0382938	0.227316	0.0731687	0.165041	0.17039
-8.34437	2.26247	1.08139	0.838183	0.349349	0.199105	0.192654	0.0374724	-0.0341797	-0.0842575	-0.141221	-0.141857	-0.162818	-0.0849542	-0.207436	-0.0496386	0.0675956
-8.5716	2.0382	1.07359	0.891024	0.508208	0.324525	0.214626	0.102634	-0.00390051	-0.0710583	-0.141162	-0.142579	-0.195973	-0.109448	-0.0406114	0.00966534	0.0249255
-9.04251	2.03917	1.18505	0.942211	0.540534	0.287939	0.130264	0.0333012	-0.091722	-0.0881014	-0.0623559	-0.0880707	-0.104654	-0.0728331	0.0261011	0.0937035	0.0680778
-9.14132	1.93192	1.05441	0.905421	0.60353	0.334088	0.059458	0.00425832	-0.0958189	-0.0125563	-0.0673081	-0.0803872	-0.0915896	-0.0688789	-0.0368362	0.0855485	0.0887488
-8.65342	1.77095	0.466285	0.70966	0.562997	0.415732	0.262296	0.0802549	-0.0388925	0.0449584	-0.0226805	0.0193361	-0.121748	0.00961026	-0.0328134	-0.0227451	-0.041825
-8.14694	1.64657	0.00857366	0.359734	0.435361	0.434595	0.333293	0.00119478	-0.169494	0.048473	0.277536	0.142248	-0.0362832	0.0429086	-0.0211576	0.0706113	-0.0317442
-7.79112	1.70538	-0.0263388	0.276855	0.40175	0.39298	0.271981	-0.0862392	-0.261108	0.0144572	0.367872	0.145782	0.0268799	0.0356079	0.0246374	0.0575332	-0.0127587
-7.94799	1.67452	0.142037	0.238827	0.342774	0.383679	0.130828	-0.0981624	-0.325021	0.0285387	0.323098	0.166778	-0.116763	-0.0238131	-0.0224644	0.0621353	0.0972042
-8.32581	1.3226	0.282779	0.304972	0.266718	0.511677	0.16089	-0.0176829	-0.192854	0.0653395	0.169289	0.162304	-0.0133232	-0.0603044	0.000833366	0.132662	0.104958
-8.27203	1.32425	0.256421	0.380533	0.284768	0.651858	0.245457	0.195113	0.148733	0.228935	0.040411	-0.0280047	0.081966	0.0963357	0.0311367	0.0294778	0.0198267
-8.33218	1.36521	0.192092	0.392448	0.286045	0.640563	0.284207	0.159243	0.168068	0.256655	0.0596733	0.0614607	0.105443	0.115085	0.0812599	0.0693891	0.0413762
-8.6321	1.43603	0.23219	0.479152	0.324133	0.500432	0.311551	0.0471887	-0.00475973	0.115315	0.109554	0.171219	0.161246	0.169286	0.106158	0.134598	0.037219
-8.67898	1.60966	0.43517	0.382286	0.316773	0.412317	0.292214	0.151797	0.0252086	0.102081	0.0348862	0.14567	0.127032	0.122093	0.0881002	0.0759747	0.0225082
-8.8254	1.57075	0.558119	0.451918	0.304069	0.405975	0.309009	0.248302	0.046095	0.10948	0.00114411	0.0981436	0.204859	0.185065	0.193218	0.066377	0.030259
-8.89809	1.48072	0.5635	0.494634	0.310928	0.428815	0.282834	0.299656	0.200277	0.0483894	0.00261692	0.195773	0.225881	0.25664	0.217997	0.136823	0.10965
-8.79652	1.30151	0.476019	0.558734	0.0551229	0.410509	0.370936	0.183603	0.358279	0.0570136	0.0680575	0.230893	0.175806	0.363305	0.17712	0.0825949	0.172763
-8.89766	1.27034	0.517095	0.671142	-0.06589	0.45716	0.547321	0.122955	0.466018	0.0683316	0.139704	0.350014	0.212006	0.37987	0.0990484	0.049273	0.184609
-8.84694	1.35642	0.559243	0.659078	0.121103	0.414716	0.362281	0.180283	0.377846	0.0665775	0.106456	0.336989	0.128517	0.302395	0.045394	0.0237755	0.19522
-8.96273	1.55073	0.594413	0.499085	0.227867	0.379015	0.368781	0.25764	0.291786	0.198722	0.081321	0.248901	0.149226	0.226449	0.0675842	-0.00521568	0.102187
