-7.84334	1.69178	0.279005	0.476817	0.188295	0.275511	0.11386	0.165339	0.10846	0.0910632	0.104646	0.126693	0.0590821	0.0861866	0.0393618	0.086964	0.062987
-8.06096	1.74963	0.266612	0.533619	0.18171	0.326599	0.116318	0.21273	0.11042	0.140582	0.105686	0.173382	0.0668836	0.126722	0.0494072	0.125392	0.0779853
-9.17181	1.54919	0.478023	0.478777	0.283739	0.321507	0.217835	0.269627	0.187395	0.20184	0.156547	0.198714	0.158871	0.135746	0.155731	0.17728	0.16215
-9.32481	1.5089	0.662629	0.54082	0.345225	0.317215	0.255444	0.389828	0.2132	0.221263	0.116894	0.174847	0.230089	0.0558632	0.157733	0.193988	0.0953627
-9.17159	1.91361	0.827856	0.486616	0.340848	0.23445	0.0836382	0.290525	0.219514	0.210409	-0.00814199	0.210153	0.270316	-0.0146835	0.0962606	0.143894	0.0373954
-9.19343	1.99449	0.834791	0.471409	0.333785	0.30793	0.0992643	0.2151	0.306588	0.152752	-0.00718034	0.233193	0.212526	0.0283236	0.0977922	0.196996	0.0746286
-9.4533	1.61526	0.736123	0.570825	0.358267	0.303861	0.108206	0.194271	0.340803	0.199406	0.162091	0.288784	0.154072	0.0426039	0.0696439	0.20319	0.0992864
-9.65382	1.33062	0.602634	0.601295	0.384526	0.338063	0.194354	0.21628	0.363041	0.2841	0.372499	0.397688	0.118355	0.0409784	0.123397	0.173336	0.0212714
-9.48553	1.35176	0.550232	0.502121	0.353065	0.23649	0.150867	0.239282	0.259532	0.213782	0.248509	0.26654	0.112787	0.149861	0.15136	0.182476	0.102
-9.58755	1.27929	0.622319	0.478405	0.284153	0.226736	0.192316	0.363522	0.264229	0.240686	0.267095	0.195505	0.0475271	0.137506	0.142428	0.176699	0.218321
-9.47922	1.31895	0.579825	0.442119	0.348976	0.219952	0.187233	0.332731	0.210346	0.224808	0.206229	0.150148	0.0975844	0.093232	0.1082	0.189955	0.155211
-9.52717	1.27851	0.528367	0.464827	0.386942	0.23827	0.141217	0.328043	0.221243	0.218094	0.171284	0.246348	0.144145	0.101053	0.0856799	0.147503	0.160046
-9.55429	1.26621	0.504528	0.459109	0.333213	0.291792	0.061598	0.257229	0.269601	0.207046	0.121402	0.31484	0.207531	0.153001	0.118264	0.110722	0.190223
-9.49147	1.29814	0.537187	0.423985	0.231648	0.257494	0.185004	0.224006	0.245596	0.238145	0.0759333	0.262492	0.130927	0.172245	0.273371	0.297572	0.237656
-9.45593	1.33886	0.53996	0.365033	0.24122	0.228372	0.240371	0.251089	0.230523	0.233852	0.0928892	0.194838	0.0196778	0.145079	0.251554	0.251821	0.185625
-9.50425	1.31521	0.571521	0.409219	0.240338	0.237708	0.217617	0.177419	0.214742	0.233949	0.167716	0.269135	0.0598073	0.0908405	0.184701	0.160848	0.167739
-9.44228	1.28562	0.456305	0.37738	0.307075	0.269215	0.240778	0.221218	0.165878	0.224156	0.190269	0.247997	0.152358	0.123572	0.188354	0.142794	0.142965
-9.50398	1.26423	0.522203	0.397715	0.361935	0.388586	0.282978	0.342741	0.193073	0.229177	0.158886	0.226012	0.172249	0.116439	0.247541	0.168872	0.152894
-9.45458	1.34883	0.575501	0.481414	0.40542	0.368013	0.280936	0.383468	0.244909	0.292706	0.083426	0.184055	0.151201	0.100908	0.218289	0.137078	0.0936091
-9.25909	1.3842	0.462193	0.401689	0.401963	0.358493	0.225369	0.293436	0.209714	0.287273	0.212092	0.224426	0.140546	0.102507	0.197969	0.15794	0.12196
-9.35532	1.45336	0.518287	0.427757	0.404854	0.295076	0.238081	0.3515	0.27054	0.292049	0.192746	0.22137	0.186412	0.161302	0.124408	0.116176	0.175469
-9.42555	1.37141	0.546093	0.461192	0.37069	0.315701	0.193018	0.374997	0.284868	0.342444	0.277972	0.24055	0.178782	0.198496	0.199294	0.116851	0.190534
-9.23635	1.34576	0.536322	0.480678	0.395497	0.364724	0.246337	0.313613	0.242757	0.283064	0.214308	0.190158	0.132325	0.178642	0.193366	0.180353	0.165754
-9.48003	1.34092	0.522474	0.531591	0.400587	0.331556	0.26973	0.339446	0.263756	0.31899	0.258184	0.252449	0.204421	0.191707	0.188239	0.231434	0.178126
-9.38796	1.36851	0.544983	0.523694	0.409106	0.364326	0.300435	0.293055	0.246047	0.307703	0.219851	0.244861	0.165126	0.15835	0.225931	0.173925	0.117264
-9.23179	1.37184	0.488315	0.452506	0.389445	0.314145	0.226132	0.272218	0.226952	0.18981	0.154821	0.274504	0.193222	0.169893	0.218685	0.191511	0.163294
-9.5331	1.35327	0.563562	0.467879	0.343791	0.322019	0.21726	0.251154	0.230502	0.211323	0.303884	0.386148	0.210132	0.169599	0.143503	0.140117	0.151577
-9.44542	1.34099	0.482663	0.411522	0.390428	0.360813	0.17397	0.272231	0.25146	0.183826	0.205979	0.300457	0.245745	0.216924	0.14646	0.164876	0.152888
-9.42708	1.32962	0.425077	0.468994	0.429284	0.372387	0.225809	0.2526	0.276299	0.158673	0.132343	0.181777	0.195561	0.169737	0.158912	0.173725	0.112338
-9.52372	1.34384	0.407792	0.429445	0.294429	0.358052	0.318417	0.282853	0.231673	0.120468	0.115883	0.153925	0.212968	0.0806659	0.184881	0.16298	0.0938421
-9.6097	1.20541	0.367391	0.454995	0.240215	0.205474	0.196294	0.289044	0.197809	0.104323	0.105771	0.234411	0.301327	0.0705776	0.15762	0.0670379	0.0877692
-9.65326	1.19015	0.436397	0.46448	0.264945	0.272317	0.232121	0.34167	0.243364	0.140595	0.145684	0.275649	0.318733	0.094556	0.184807	0.147821	0.186322
-9.64152	1.17553	0.441065	0.446972	0.287306	0.224705	0.24394	0.368424	0.263318	0.219528	0.170133	0.289554	0.258754	0.157388	0.204592	0.192159	0.237158
-9.72065	1.10205	0.423921	0.522725	0.282694	0.316089	0.363203	0.322825	0.214754	0.200785	0.217823	0.427797	0.286566	0.171104	0.193418	0.133153	0.187474
-9.63248	1.25486	0.461326	0.472328	0.348069	0.398076	0.272152	0.247376	0.30121	0.236294	0.120209	0.315033	0.200058	0.100106	0.28347	0.148285	0.0492228
-9.51755	1.35863	0.52838	0.414207	0.326929	0.296434	0.200357	0.279548	0.216424	0.225562	0.0293386	0.159683	0.191941	0.0967347	0.193155	0.169896	0.107424
-9.63329	1.39899	0.586866	0.425684	0.330456	0.265854	0.214928	0.386866	0.234752	0.280792	-0.0175384	0.081653	0.179596	0.112287	0.13728	0.214897	0.17828
-9.46027	1.39892	0.535276	0.393902	0.347754	0.35334	0.250765	0.379934	0.315795	0.281962	0.0789887	0.0913032	0.189568	0.199929	0.102753	0.15039	0.172754
-9.33336	1.39878	0.49191	0.446474	0.321616	0.317096	0.226696	0.316575	0.228869	0.195542	0.176329	0.168817	0.199822	0.21728	0.171234	0.12705	0.148151
-9.53209	1.40493	0.576742	0.501987	0.296355	0.280365	0.1679	0.332702	0.280407	0.256996	0.251709	0.175437	0.0889437	0.282108	0.154606	0.155682	0.235811
-9.32954	1.44205	0.507697	0.455737	0.344552	0.267506	0.17099	0.268092	0.21731	0.204987	0.269015	0.293458	0.128291	0.227391	0.206996	0.207467	0.176406
-9.28798	1.43465	0.517392	0.504109	0.409053	0.306228	0.163961	0.278433	0.194012	0.21331	0.169175	0.118774	0.0849167	0.189466	0.190442	0.215984	0.152302
-9.42021	1.35345	0.558411	0.553117	0.437359	0.338285	0.267151	0.393293	0.248409	0.313262	0.195681	0.15916	0.0496193	0.0356077	0.211846	0.237835	0.0478633
-9.26867	1.33574	0.5119	0.466414	0.391585	0.362919	0.218062	0.304028	0.233157	0.298014	0.203445	0.217557	0.171402	0.107331	0.15373	0.19553	0.134732
-9.32345	1.23347	0.437565	0.413809	0.296349	0.291655	0.178268	0.232856	0.236246	0.250297	0.107389	0.138681	0.157436	0.137054	0.13841	0.201617	0.119835
-9.50007	0.997811	0.354166	0.386447	0.233499	0.395383	0.265491	0.276666	0.200679	0.179166	0.128713	0.0943298	0.158082	0.159349	0.131201	0.166144	-0.0558781
-9.34551	1.15541	0.372061	0.398514	0.248225	0.294931	0.200191	0.221775	0.155129	0.224114	0.14019	0.171283	0.168898	0.120165	0.094493	0.202106	0.0162186
-9.36913	1.26087	0.428196	0.357806	0.265239	0.286194	0.166141	0.17021	0.188002	0.201067	0.145694	0.239081	0.216194	0.203783	0.0910329	0.198489	0.188346
-9.42112	1.33838	0.558101	0.44001	0.325358	0.27391	0.201827	0.175958	0.173434	0.185472	0.113804	0.257777	0.200056	0.177973	0.12265	0.230408	0.222036
-9.42571	1.31409	0.524962	0.425942	0.33906	0.355384	0.255125	0.251363	0.159387	0.195729	0.114255	0.142502	0.19298	0.177969	0.135398	0.143389	0.189717
-9.17782	1.415	0.320628	0.206923	0.250491	0.338681	0.3223	0.379855	0.208178	0.140475	-0.0809851	0.138019	0.293403	0.189924	0.193549	0.10377	0.00268696
-8.71642	1.50482	-0.143425	0.00501369	0.352227	0.443231	0.379285	0.583879	0.244658	0.181973	-0.139207	0.143045	0.256515	0.166116	0.0874938	0.131938	-0.00394284
-8.03488	1.3812	-0.17577	0.146973	0.365636	0.348572	0.233693	0.357383	0.131987	0.1347	-0.18012	0.234641	0.175305	0.244497	0.0482139	0.0586671	0.0131391
-6.88399	2.07894	-0.0806158	0.0268001	-0.0308294	-0.0740274	0.161466	0.29208	0.0229531	0.0576737	-0.310626	-0.036022	-0.140427	-0.0290896	-0.0836829	0.151817	0.0638579
-7.02942	1.66658	-0.248601	0.693815	0.40755	0.368315	0.465735	0.171048	0.0340633	-0.136101	-0.467199	-0.0580737	0.0176374	-0.00160868	-0.0786493	0.318267	0.223395
-5.03119	2.81327	-0.274694	-0.0556089	-0.24568	0.253875	0.0393831	0.178752	0.218469	-0.00644466	-0.181213	0.0859216	-0.146627	0.0884682	-0.0804965	-0.106504	-0.195508
-3.16509	1.86086	-0.69981	0.321227	-0.250332	0.302811	0.160948	0.482283	0.242687	0.0878111	-0.296167	0.0581767	-0.172744	-0.0691256	-0.172365	0.0728156	-0.111449
-2.99514	1.8657	-0.503823	0.0656454	-0.230469	0.215096	-0.079617	0.486031	0.120035	0.179441	-0.25794	0.021951	-0.209453	0.0817203	-0.2608	0.124389	-0.121026
-2.70867	1.65516	-0.447321	0.275794	-0.309973	0.176844	0.0110446	0.412565	0.118705	0.089511	-0.252804	0.00125206	-0.13645	0.0798896	-0.115565	0.122016	-0.267046
-2.69644	1.82263	-0.498391	0.25422	-0.316083	0.11811	0.0467843	0.411416	0.168127	0.107076	-0.236464	0.0476103	-0.0818431	-0.0482331	-0.177065	0.0917378	-0.415071
-2.89273	2.24223	-0.630502	0.301962	-0.374421	0.156502	-0.0233507	0.324733	0.215881	0.116568	-0.223849	0.163169	-0.157191	0.00183311	-0.343329	0.0691091	-0.343208
-3.02463	2.46402	-0.402188	0.0257669	-0.0512178	0.172444	-0.0340209	0.352207	0.310038	0.0369142	-0.164064	0.0218954	-0.129939	-0.121074	-0.308911	0.239449	-0.158274
-3.08335	2.45629	-0.487133	0.0197578	-0.137246	0.197337	-0.11615	0.234756	0.396192	0.0967162	-0.177289	0.322681	-0.360966	-0.0848183	-0.41299	0.0455675	-0.424866
-2.91939	2.17548	-0.236728	-0.0464814	-0.175852	0.271832	-0.165397	0.217452	0.331921	0.287869	-0.223237	0.259419	-0.254712	-0.175993	-0.468241	0.09786	-0.510676
-3.05513	2.3465	-0.335016	0.0340191	-0.169259	0.228349	-0.230979	0.2354	0.276975	0.382458	-0.171363	0.235574	-0.268381	-0.157878	-0.533535	0.0764032	-0.575361
-3.20031	2.42296	-0.341926	-0.0287212	-0.150523	0.275595	-0.32114	0.114396	0.312398	0.518177	-0.207276	0.282999	-0.264835	-0.138594	-0.63323	-0.0929412	-0.653736
-3.28334	2.43532	-0.120557	-0.00133394	-0.148655	0.360942	-0.321609	0.129209	0.213539	0.601897	-0.221781	0.160748	-0.249187	-0.114408	-0.527104	-0.0765722	-0.456666
-3.54131	2.64119	0.188949	-0.146801	0.0164303	0.536747	-0.190844	-0.174676	0.490027	0.456192	-0.221181	-0.0762869	-0.0868546	-0.233163	-0.347414	0.0888163	-0.190167
-3.51809	2.56792	-0.0484237	-0.00942663	0.0320418	0.293063	-0.0978728	-0.0262898	0.280358	0.363913	0.0119537	-0.0594569	-0.157079	-0.161817	-0.393657	-0.110461	-0.41072
-3.6813	2.75659	-0.265627	0.110548	-0.0901419	0.352836	-0.149556	-0.000846612	0.181065	0.386275	0.0379454	0.0535061	-0.175508	-0.182627	-0.437292	-0.144557	-0.637993
-3.68964	2.75226	-0.171275	0.0616564	-0.0880704	0.385296	-0.10596	0.0353164	0.0894496	0.347604	0.0225906	0.163463	-0.299387	-0.0927299	-0.434493	-0.10175	-0.660005
-3.70315	2.84939	-0.101986	0.142701	0.0107384	0.284606	0.0077901	0.193219	-0.0587024	0.333876	-0.123792	0.117339	-0.196988	-0.16823	-0.191816	-0.144865	-0.3162
-3.72981	2.82284	-0.250194	0.237365	-0.267839	0.353201	-0.0704207	0.142275	0.00807583	0.129399	0.0805751	0.186746	-0.141187	-0.0572312	-0.503126	-0.176837	-0.637156
-3.60109	2.62301	0.063317	0.177343	-0.185534	0.238401	0.0850316	0.196269	-0.0721755	0.087988	-0.0696686	0.287271	-0.162476	-0.0124097	-0.433702	-0.128072	-0.421908
-3.70325	2.67525	0.0610728	0.271901	-0.378435	0.305691	-0.0172756	0.327172	-0.188065	0.0923359	-0.129671	0.344717	-0.0496738	0.00719895	-0.449128	-0.307657	-0.45692
-3.77439	2.74085	0.0973873	0.275889	-0.341608	0.254243	0.0421891	0.325701	-0.206386	0.0328403	-0.19086	0.342784	0.0815069	-0.0597403	-0.33846	-0.382973	-0.416327
-3.92457	2.95424	0.14118	0.344989	-0.325106	0.269498	0.120057	0.259111	-0.10138	-0.109864	-0.193543	0.220932	0.205324	-0.109749	-0.170928	-0.424476	-0.196682
-3.97566	2.93569	0.131282	0.413416	-0.320244	0.245499	0.0717843	0.281491	-0.109194	-0.141904	-0.238248	0.214741	0.225527	-0.0151047	-0.188531	-0.418566	-0.320175
-3.93254	2.83728	0.357744	0.383712	-0.0541009	0.169606	0.135108	0.297027	-0.101822	-0.143898	-0.269639	0.0700094	0.214716	-0.0557473	0.0333485	-0.35739	-0.0706382
-4.06401	2.87056	0.387532	0.448101	0.0247614	0.283169	0.0479469	0.247272	-0.0669682	-0.124896	-0.390807	0.0703952	0.19274	0.0100499	0.0831082	-0.300291	-0.0837675
-4.2372	2.80417	0.48332	0.629966	0.17823	0.0981214	0.212596	0.164105	-0.0454642	-0.202351	-0.492056	-0.0239278	0.256674	0.134634	0.194245	-0.353624	-0.141431
-4.49754	2.81367	0.427188	0.894898	0.419613	0.301577	0.366989	0.0241616	-0.148511	-0.383315	-0.630291	-0.145678	0.205808	0.372934	0.271245	-0.113665	-0.159449
-4.56122	2.89008	0.419909	0.875469	0.329743	0.312311	0.23408	-0.00799373	-0.18042	-0.26724	-0.578285	-0.240398	0.166632	0.239607	0.336094	-0.0773262	-0.188316
-4.56291	2.94947	0.438032	0.781253	0.413758	0.226656	0.298773	-0.0975192	-0.195163	-0.185077	-0.45141	-0.235701	0.0967956	0.160917	0.322827	-0.0454987	-0.0979128
-4.76752	3.18718	0.326112	0.834214	0.353931	0.102663	0.193797	-0.131458	-0.260088	-0.0264004	-0.381613	-0.264744	0.159436	-0.00123151	0.326741	-0.0617632	-0.157515
-4.90129	3.32429	0.446161	0.956964	0.359206	0.119302	0.0802864	-0.0643961	-0.175684	0.098951	-0.350468	-0.235713	0.187108	0.0249536	0.338379	-0.0824025	-0.10741
-4.94637	3.26551	0.530901	0.841416	0.513954	0.21347	0.244977	-0.0752038	-0.290331	-0.0266794	-0.252011	-0.244304	0.223598	-0.0256539	0.285758	0.00335216	-0.188359
-4.94016	3.11144	0.544896	0.762548	0.476517	0.224943	0.199278	-0.0497532	-0.460132	0.0230037	-0.333787	-0.252873	0.246668	-0.0952266	0.281462	-0.00205582	-0.196215
-4.99012	3.21191	0.434154	0.803155	0.372604	0.235769	0.247792	0.00891784	-0.336353	-0.0858395	-0.258113	-0.292017	0.241332	-0.00502639	0.124422	0.123336	-0.205209
-5.01882	3.22641	0.472481	0.772576	0.32412	0.317025	0.103579	0.17091	-0.44647	0.0296643	-0.239569	-0.241393	0.262543	-0.109439	0.082761	0.14857	-0.109676
-4.5052	2.55654	0.785411	0.735883	0.501039	0.593765	0.282905	0.0723975	-0.0693311	0.0557881	-0.251441	-0.0792712	0.188396	0.035905	-0.0589509	0.211225	0.16466
-4.14929	2.10093	0.498624	0.581359	0.700926	0.490738	-0.118358	-0.0215924	-0.180679	-0.10248	-0.419865	-0.197133	0.120526	0.0376838	0.155618	0.1091	0.0559293
-3.78839	1.83576	0.500594	1.20741	0.521892	0.198565	0.130992	0.403221	-0.268418	-0.152801	-0.206074	-0.0428208	0.103763	-0.12371	0.321709	0.260183	0.0462744
-3.83614	1.58624	0.672216	1.29688	0.228281	0.177979	0.374536	0.249724	-0.456192	-0.17252	-0.115378	-0.278148	0.00583856	-0.0253358	0.320305	0.248943	0.0034273
-3.8607	1.48602	0.799976	1.42702	0.176371	0.300008	0.504206	0.239942	-0.451032	-0.0974956	-0.0181328	-0.44262	0.109943	-0.0785259	0.29673	0.185615	0.22453
-3.90589	1.48197	0.904804	1.50131	0.0752726	0.310775	0.483279	0.167328	-0.418362	0.00464936	-0.0883655	-0.36611	0.193432	0.0344316	0.220185	0.214348	0.167391
-3.9386	1.43419	0.930863	1.5967	-0.0530496	0.331315	0.44079	0.0844637	-0.347274	0.0273419	-0.110075	-0.308231	0.233289	-0.03004	0.173248	0.174394	0.139688
-4.03042	1.44568	0.912983	1.5321	-0.123016	0.324644	0.372702	-0.0121962	-0.343501	0.0318272	-0.229339	-0.258947	0.204331	0.0291907	0.130284	0.0985772	0.0616204
-4.10326	1.57282	0.925949	1.69678	-0.185842	0.400661	0.366655	0.101003	-0.268554	0.110895	-0.12451	-0.282831	0.264975	-0.0318237	0.163983	0.13571	0.120646
-4.14269	1.4434	0.913566	1.60745	-0.275386	0.438244	0.215655	0.066982	-0.339121	0.0818242	-0.264081	-0.267712	0.17949	-0.00479195	0.101468	0.0800437	0.0543659
-4.26597	1.54729	0.870498	1.68043	-0.334629	0.441215	0.22424	0.0222441	-0.282765	0.0577703	-0.22427	-0.335952	0.193962	0.00198076	0.0793621	0.120419	0.0176153
-4.26768	1.51803	0.944301	1.66335	-0.226312	0.4468	0.265707	-0.0616822	-0.233907	0.058888	-0.16366	-0.321947	0.243151	0.0969346	0.0636802	0.173344	-0.00951789
-4.22547	1.57265	0.869367	1.71864	-0.209149	0.552882	0.253716	0.0108213	-0.325362	0.113461	-0.13936	-0.244717	0.26173	0.0683834	0.162262	0.143936	0.06324
-4.12878	1.42649	0.905347	1.72302	-0.163398	0.491367	0.293157	0.0548858	-0.311526	0.100097	-0.136183	-0.284819	0.256743	0.0814119	0.195443	0.193691	0.0505189
-4.07347	1.5033	0.998969	1.66323	-0.0525591	0.506079	0.376966	0.051287	-0.247852	0.0923041	-0.00951167	-0.296301	0.371924	0.111468	0.244669	0.192265	0.164896
-4.18046	1.57641	0.766503	1.73009	-0.236845	0.538707	0.237959	0.0910594	-0.469964	0.0533196	-0.119692	-0.323849	0.268157	0.165615	0.157501	0.176815	0.00570237
-4.10948	1.698	0.587007	1.67178	-0.179414	0.476184	0.220957	0.0804103	-0.449237	0.0344277	-0.0833907	-0.323341	0.193309	0.124393	0.0717418	0.146632	0.104996
-4.19541	1.69713	0.540248	1.61811	-0.140181	0.382478	0.179279	0.114919	-0.517295	-0.0213598	-0.110919	-0.412138	0.0995652	0.0898556	0.0379057	0.126509	0.10265
-4.30425	1.8759	0.439542	1.54118	-0.0703022	0.302696	0.164867	0.131474	-0.479151	-0.181499	-0.0891379	-0.483597	0.034876	0.124591	0.0220948	0.109498	0.0912092
-4.36076	2.05083	0.256358	1.52263	-0.0200099	0.310886	0.138381	0.160903	-0.492663	-0.224451	-0.110153	-0.470634	0.0290658	0.0409519	0.116764	0.0910039	0.0829386
-4.37904	2.33496	0.43979	1.41563	0.0211653	0.421261	0.0426052	0.370059	-0.451332	-0.0497279	-0.0182643	-0.152017	0.0401724	0.135813	0.178569	0.111132	0.17528
-4.74561	2.65832	0.581166	0.947598	0.378715	0.211809	0.151212	0.315383	-0.344588	-0.0445578	-0.0823563	-0.0296987	0.179769	-0.00996714	0.185073	0.174474	0.076034
-4.98013	2.95313	0.924413	0.912809	0.593422	0.600502	0.148679	0.550826	-0.068634	0.144781	0.0574942	0.166773	0.379949	0.202204	0.150106	0.595607	0.207278
-5.02187	2.595	0.576024	0.86894	0.412133	0.474268	0.00898465	0.0747561	-0.129485	0.173122	-0.275581	0.169799	0.0686032	0.130581	-0.00924833	0.271868	-0.0218354
-5.27402	2.5074	0.649873	0.664532	0.302312	0.564742	-0.061736	0.0272574	-0.112186	-0.0538458	-0.314182	0.266018	0.113882	-0.0772985	-0.0735289	0.0410387	0.0387794
-5.78526	2.26639	0.89858	0.584632	0.150342	0.291235	-0.248322	0.0147515	-0.311585	-0.0910442	-0.244205	-0.241591	-0.158957	0.130572	-0.378317	-0.0156026	-0.352989
-6.08265	2.52527	1.16557	1.10375	0.264688	0.543474	0.00915613	0.270755	-0.0439045	0.342933	-0.0832181	-0.150689	0.183289	0.117513	-0.0859558	0.145168	0.236163
-6.33761	2.08956	1.15982	0.881525	0.751387	0.0566277	0.0968099	0.0123671	0.314428	0.203365	-0.504972	-0.253992	-0.0783434	-0.00354636	0.231623	-0.0449384	-0.298606
-6.32634	1.48523	0.42347	0.880534	0.939313	-0.0363542	0.162872	0.094231	-0.347612	0.0234698	-0.322063	-0.293986	-0.062597	-0.608407	-0.337048	-0.225401	-0.352027
-6.76547	1.94741	0.790527	0.978648	0.636409	0.450024	0.0957684	0.19384	0.381038	0.290831	0.086325	-0.216334	-0.212952	-0.205898	-0.392685	-0.0994962	-0.190285
-7.47326	2.7063	1.42822	1.13204	0.462576	0.157435	0.138872	0.151692	-0.139973	0.0676913	0.159836	-0.0495195	-0.151399	-0.333932	-0.3141	-0.0571043	0.219861
-7.66137	2.65219	1.29539	1.21949	0.370624	0.354021	-0.218325	0.228933	-0.2306	0.0966797	0.151621	-0.347535	-0.245272	-0.144878	0.084164	-0.0571472	-0.140244
-7.33265	1.86402	0.717213	0.988371	0.776541	0.590825	-0.365175	-0.0307874	-0.315194	-0.173978	-0.143669	-0.311188	-0.136575	0.0613722	-0.374274	-0.0836732	-0.0453674
-7.5697	1.15153	0.52331	0.797142	0.538425	0.356497	-0.301779	-0.159381	-0.323757	-0.190402	-0.214624	-0.850948	-0.495283	-0.11676	-0.326196	-0.370414	-0.0025798
-7.0443	1.56524	0.120633	0.481904	0.191006	0.252289	-0.164377	0.170252	-0.0822832	0.0516321	0.00482674	-0.227273	-0.164051	-0.0390172	-0.00959859	-0.100912	-0.225513
-6.77287	1.85219	-0.122274	0.14223	0.0387387	0.268426	-0.433109	0.12975	0.0209206	-0.00556363	-0.125239	-0.078085	-0.0129436	-0.0180695	-0.0272138	0.0560104	-0.148677
-6.76388	1.76337	-0.0883003	0.0752475	0.0517656	0.234841	-0.448034	0.122714	-2.5e-05	-0.10376	-0.0697724	-0.134351	-0.0291214	0.0216925	-0.0942541	0.0226802	-0.0701879
-7.14235	1.52011	0.162583	0.297647	0.266304	0.355024	-0.195738	0.210139	-0.0219679	-0.00190584	0.0687071	-0.134731	-0.0686476	0.0354365	-0.141387	-0.000758199	-0.0359586
-7.51352	0.797289	0.533552	0.514041	0.368643	0.43898	0.139363	0.285471	0.0782951	0.0534394	0.149126	-0.0959445	-0.248877	0.0668968	0.00262563	-0.0676913	-0.0333788
-6.1403	1.1062	0.315901	1.05181	0.239085	-0.643184	-0.413815	0.171832	0.0323647	-0.0464186	-0.115028	0.11632	-0.0266823	-0.0615387	-0.0623316	0.0756489	-0.11692
-5.28513	1.21716	0.133823	1.02325	0.225668	-0.65791	-0.402248	0.0738602	-0.0175052	-0.114171	-0.107949	0.107297	-0.0591516	-0.133855	-0.00644016	0.0846169	-0.145287
-5.00807	1.29016	0.283552	1.05822	0.284165	-0.475054	-0.338738	0.20496	-0.102011	-0.182395	-0.123703	0.0749264	-0.0633576	-0.180423	-0.0120488	0.0373318	-0.188307
-4.77042	1.39618	0.332101	1.24847	0.0858482	-0.292653	-0.0712731	0.177496	-0.520412	-0.317399	-0.190056	-0.229111	-0.220026	-0.0391412	-0.147216	0.0334161	-0.104023
-4.37644	1.48675	0.294323	1.42592	-0.0316938	-0.0617924	-0.00140825	0.110685	-0.706105	-0.35348	-0.236362	-0.352508	-0.155811	0.137728	-0.0642668	0.0649474	-0.0801944
-4.25514	1.21288	0.296457	1.47907	-0.121941	0.0920403	0.000415865	0.0741225	-0.790408	-0.305403	-0.302576	-0.415028	-0.107702	0.214679	0.0114644	0.113117	-0.0847991
-3.8971	1.43359	0.647203	1.75743	-0.0835384	0.280738	0.0862343	0.273652	-0.56795	0.0179649	-0.0728866	-0.0294143	0.119985	0.291625	0.0550675	0.15681	0.100643
-3.96256	1.43394	0.615679	1.66366	-0.114227	0.200928	0.0226614	0.219186	-0.626376	0.0665995	-0.0313748	-0.0234901	0.171468	0.361475	0.0977798	0.0705317	0.0709831
-3.97342	1.28077	0.627216	1.77911	-0.0861462	0.277965	0.117228	0.377793	-0.54662	0.0817939	-0.130137	-0.0582302	0.0606701	0.244759	0.128817	0.203389	0.232045
-4.14683	1.43218	0.679623	1.56481	-0.202646	0.160168	-0.036812	0.214931	-0.655208	0.147119	-0.134662	0.0213989	0.0235372	0.297409	-0.0175444	0.206292	-0.0722333
-4.89694	0.963777	0.73309	1.40293	-0.387362	0.0479302	0.0031503	-0.156796	-0.702107	0.0457464	-0.193089	-0.179038	-0.182702	-0.0600572	-0.393277	0.0999161	0.0520391
-4.38892	1.17231	0.0811639	1.00975	-0.0909266	0.220847	-0.0396846	-0.0524666	-0.636889	0.108521	-0.148553	-0.159508	-0.310563	-0.00937063	-0.21413	0.233032	-0.110932
-4.46653	1.25099	0.0650988	0.958777	-0.13362	0.233464	-0.0562557	-0.0485934	-0.647448	0.116497	-0.124323	-0.0622664	-0.26588	0.0132693	-0.246788	0.198492	-0.120203
-4.71557	1.40266	0.329104	1.10115	-0.306712	0.000305307	-0.157525	-0.074629	-0.708301	-0.0993635	-0.115809	-0.0195291	-0.306712	0.0719463	-0.174678	0.109877	-0.131821
-5.00912	1.46468	0.42959	1.32666	-0.368985	-0.136071	-0.17682	0.0192561	-0.625647	-0.117332	-0.0989897	0.00555692	-0.200029	0.113388	-0.0496071	0.107489	-0.188179
-5.22754	1.74707	0.171353	1.05942	-0.271966	-0.24293	-0.212952	0.0660424	-0.418244	-0.0533758	-0.0383822	0.11023	-0.193445	0.108384	-0.0976665	0.124522	-0.266846
-4.80884	1.67251	0.147228	0.970627	-0.265918	-0.245984	-0.255143	0.131514	-0.283226	-0.0385736	0.0418459	0.235871	-0.2813	0.150127	-0.245757	0.0687801	-0.402654
-4.70357	1.60688	0.213983	0.924393	-0.256055	-0.28345	-0.276201	0.0804889	-0.212139	0.0183391	0.0647928	0.228225	-0.257056	0.124568	-0.28421	0.105733	-0.451656
-4.48115	1.68237	0.196337	0.585553	-0.192337	-0.234096	-0.272214	-0.0502516	-0.0900213	0.0969015	0.00504154	0.158558	-0.30015	0.102601	-0.330792	0.123389	-0.403356
-4.04794	1.51539	-0.0270483	0.45801	-0.314666	-0.0804671	-0.213254	-0.0143571	-0.0988809	0.0613744	-0.127324	0.0959579	-0.309362	0.0941194	-0.362827	0.0961444	-0.337706
-4.0072	1.47297	-0.0394565	0.452537	-0.306359	-0.072696	-0.19695	0.0165285	-0.0945813	0.0981331	-0.106039	0.106825	-0.308905	0.0741325	-0.353994	0.0642585	-0.363591
-4.10244	1.78886	0.19671	0.215168	-0.141564	0.0204752	-0.129386	-0.10046	0.0464041	0.14501	-0.0132284	0.0201614	-0.307451	0.0245809	-0.408972	-0.0613665	-0.361861
-3.91684	1.93514	0.108267	-0.0373929	-0.131332	0.0501279	-0.186454	-0.152694	-0.00552914	0.175816	-0.143543	-0.0916084	-0.367092	-0.0170971	-0.496556	-0.0469823	-0.220052
-3.74296	1.95889	-0.0515196	-0.0900761	-0.21501	0.0736118	-0.227994	-0.164107	-0.125016	0.148821	-0.261456	-0.137518	-0.371995	0.00799907	-0.492989	-0.101667	-0.308109
-3.72625	2.02757	0.0320351	0.00997742	-0.190213	0.163158	-0.214178	-0.12974	-0.178514	0.12994	-0.196479	-0.190493	-0.343635	-0.0922596	-0.371786	-0.0364532	-0.199304
-3.79695	1.79334	-0.206164	-0.196437	-0.580947	0.188761	-0.331829	-0.167444	-0.290333	0.137783	-0.340401	-0.314341	-0.551488	-0.246009	-0.360048	-0.217257	-0.259348
-4.00762	1.54174	-0.224461	-0.15696	-0.555686	0.203183	-0.283861	-0.131753	-0.297178	0.213511	-0.385616	-0.28629	-0.680769	-0.264678	-0.373299	-0.254117	-0.35389
-4.39876	1.49626	-0.0406059	-0.338074	-0.43011	0.235218	-0.238143	-0.169657	-0.406901	0.100911	-0.393695	-0.200848	-0.71584	-0.247799	-0.289276	-0.19504	-0.30677
-4.19563	1.91038	-0.155757	-0.198633	-0.478474	0.191391	0.0390137	-0.0740148	-0.348221	0.198673	-0.325347	0.0256154	-0.609413	-0.194801	-0.390181	-0.0231509	-0.279348
-4.35445	1.82653	-0.124217	-0.216865	-0.466746	0.183787	0.00676946	-0.049732	-0.334464	0.170743	-0.291769	-0.0104416	-0.690526	-0.316793	-0.511843	-0.0909702	-0.282554
-4.39273	1.82451	-0.158521	-0.276949	-0.574872	0.179206	0.049653	-0.017076	-0.388749	0.146409	-0.380445	0.0958679	-0.649424	-0.283633	-0.565776	-0.127596	-0.373856
-4.6608	2.02683	-0.0364783	-0.297001	-0.54587	0.0929693	-0.11798	0.0605595	-0.480979	0.00233261	-0.453891	0.119696	-0.496058	-0.319129	-0.48386	-0.170997	-0.291706
-4.66442	2.15102	0.125238	-0.288005	-0.587737	0.309437	0.0526303	0.0760482	-0.390576	0.016645	-0.392337	0.14953	-0.390394	-0.215214	-0.261957	-0.0563394	-0.175991
-4.59856	2.32553	-0.0316074	-0.113915	-0.69345	0.20284	-0.00145921	0.163677	-0.512506	-0.000250271	-0.46761	0.189149	-0.403746	-0.321825	-0.401471	-0.249593	-0.150891
-4.60637	2.32726	0.0788005	-0.198231	-0.719311	0.0754274	0.00240648	0.161258	-0.433065	-0.0633361	-0.483806	0.0855942	-0.310476	-0.373987	-0.478593	-0.294122	-0.291086
-4.79672	2.0422	0.19915	0.029594	-0.788614	-0.00863884	-0.0601442	0.108951	-0.50966	-0.0636336	-0.45199	0.0441053	-0.327788	-0.278014	-0.623266	-0.299648	-0.320139
-4.89154	2.13824	0.212184	-0.0287328	-0.894359	-0.12846	0.0983552	0.241937	-0.366894	-0.145518	-0.487771	-0.107007	-0.24758	-0.204543	-0.397899	-0.373661	-0.263774
-5.1676	1.98035	0.3038	-0.124321	-0.709302	0.0903633	-0.061509	0.352035	-0.437217	-0.301674	-0.479416	-0.0297399	-0.173824	-0.0910463	-0.386561	-0.372564	-0.205149
-5.07509	1.58289	0.256317	0.0635614	-0.561515	-0.0596194	-0.200024	0.254728	-0.323755	0.062254	-0.336551	0.0162931	-0.239927	-0.165482	-0.368224	-0.193867	-0.192002
-5.23356	1.84727	0.373176	-0.21977	-0.720185	-0.0924498	-0.0624068	0.383297	-0.410645	-0.18964	-0.518106	-0.208081	-0.340198	-0.0836989	-0.270546	-0.326172	-0.318018
-4.99577	1.96048	0.358631	0.00788702	-0.687545	0.0393599	-0.0887701	0.251013	-0.44306	-0.0562227	-0.537598	0.00875613	-0.234564	-0.0837003	-0.373151	-0.325734	-0.0845629
-4.7629	2.1956	0.0900823	0.0200625	-0.625508	-0.00280871	-0.0565935	0.25371	-0.489139	-0.116319	-0.543773	-0.0281137	-0.200537	-0.0629157	-0.36225	-0.3165	-0.120515
-4.9156	2.16164	0.0138023	0.000847921	-0.584489	0.0492666	-0.144549	0.326613	-0.621042	0.0573061	-0.580552	-0.0355089	-0.322429	-0.184199	-0.465092	-0.37031	-0.259151
-5.16028	2.12218	0.21103	0.153393	-0.543955	0.238871	-0.0228239	0.228567	-0.585896	-0.0118833	-0.434625	0.0473548	-0.301149	-0.23963	-0.419107	-0.244637	-0.000252389
-4.83263	2.31253	-0.105357	0.271934	-0.562809	0.0506692	0.023037	0.0894729	-0.525649	-0.0830457	-0.443906	-0.00599448	-0.221345	-0.207649	-0.271532	-0.277138	0.00413803
-4.79603	2.06906	-0.247549	0.024206	-0.57999	-0.188186	-0.00573518	-0.114602	-0.752094	-0.108046	-0.56323	-0.0338791	-0.35744	-0.359996	-0.341468	-0.426696	-0.0563366
-4.72305	2.25627	-0.193841	0.183499	-0.335797	-0.028375	0.131974	-0.0123182	-0.71549	0.0676402	-0.374254	0.00083669	-0.188692	-0.363609	-0.153342	-0.28139	0.0198486
-4.7647	2.37166	-0.169532	0.0645419	0.00483502	-0.0179313	-0.0170649	0.156621	-0.816745	0.157348	-0.23282	-0.11483	-0.198055	-0.402657	-0.085827	-0.263052	0.0510053
-4.98459	2.36403	-0.294977	0.0404941	0.12983	0.0104059	-0.0675164	0.0584933	-0.762682	0.161409	-0.322054	-0.27237	-0.234174	-0.455564	0.0045863	-0.261068	-0.0917097
-5.26993	2.43895	-0.0115469	-0.0907971	0.215059	0.0133042	-0.298627	-0.133327	-0.872775	0.0706448	-0.460924	-0.482211	-0.141817	-0.437876	-0.059105	-0.120641	-0.116602
-5.50342	2.35787	0.581753	0.312606	0.450003	-0.0219926	-0.274002	0.00351854	-0.944723	0.00168966	-0.314613	-0.40554	0.0760833	-0.348822	-0.0245713	0.00552265	-0.1711
-5.63538	2.28909	0.789368	0.508998	0.427845	-0.161195	-0.257841	0.126188	-0.946578	0.0738553	-0.408969	-0.463718	0.12374	-0.163799	-0.147052	-0.095308	-0.188645
-5.75492	2.27221	0.872976	0.481017	0.527783	-0.206426	-0.251953	0.096865	-1.0195	0.130253	-0.35048	-0.659561	0.190504	-0.116076	-0.116165	-0.150555	-0.222187
-5.6528	2.12849	0.978425	0.619445	0.585708	-0.2002	-0.52023	0.0468505	-0.922942	0.0815322	-0.382449	-0.546883	0.204721	-0.202718	-0.125713	-0.162847	-0.162248
-5.69259	2.2543	1.06472	0.602237	0.693247	-0.261586	-0.467416	0.246512	-0.843829	-0.0279574	-0.517938	-0.532508	0.516007	-0.2198	-0.321373	-0.076156	-0.193285
-5.63207	2.1793	0.953976	0.59944	0.793915	-0.187281	-0.4739	0.202137	-0.896596	-0.0392216	-0.292918	-0.619786	0.3584	-0.146613	-0.304216	-0.00977509	-0.179392
-5.80838	2.19251	1.04378	0.532288	0.623666	-0.259051	-0.556249	0.225737	-0.860404	-0.0613388	-0.311797	-0.595986	0.328455	-0.298837	-0.351504	0.03447	-0.121554
-5.77401	2.09481	0.809017	0.40543	0.496861	-0.370675	-0.5204	0.215242	-0.892128	-0.243992	-0.233379	-0.782951	0.314977	-0.233813	-0.406674	-0.0120739	-0.249127
-5.69732	2.10741	0.653769	0.427136	0.571581	-0.228926	-0.472663	0.199375	-0.757465	-0.163685	-0.332287	-0.581584	0.211872	-0.178444	-0.27775	0.0136155	-0.239154
-5.39036	2.0052	0.36073	0.485174	0.707054	-0.437022	-0.489459	0.245305	-0.432885	-0.315063	-0.25747	-0.539804	0.24659	-0.265262	-0.26372	0.0125387	-0.302863
-4.7454	1.80548	0.0636914	0.696145	0.296612	-0.461865	-0.315839	0.232549	-0.163691	-0.17791	-0.253809	-0.320479	-0.076267	-0.375593	-0.232791	-0.108926	-0.234517
-4.41406	1.75184	-0.104223	0.609952	0.038218	-0.434561	-0.345633	0.373693	-0.198786	-0.171165	-0.29703	-0.158418	-0.285859	-0.40449	-0.260812	-0.139836	-0.320353
-4.19454	1.69958	-0.188826	0.529999	0.0387915	-0.441922	-0.397761	0.340161	-0.132867	-0.0871916	-0.233979	-0.176451	-0.20984	-0.473192	-0.157376	-0.255675	-0.412745
-4.16793	1.71005	-0.428936	0.462274	-0.0262114	-0.337005	-0.470382	0.344599	-0.264646	-0.13662	-0.105638	-0.182596	-0.196122	-0.379683	-0.274996	-0.200057	-0.382267
-4.10596	1.60047	-0.440539	0.173586	0.0376515	-0.441187	-0.53593	0.204093	-0.387075	-0.260676	-0.191037	-0.202884	-0.302169	-0.361836	-0.324562	-0.169438	-0.401612
-4.12177	1.74101	-0.215752	0.442334	0.0138928	-0.469387	-0.641461	0.380997	-0.149729	-0.188043	-0.202967	-0.209501	-0.214324	-0.331329	-0.249169	-0.198464	-0.526718
-4.0237	1.65992	-0.214146	0.317344	0.0434089	-0.374675	-0.537537	0.404272	-0.166191	-0.141479	-0.0695957	-0.222552	-0.146992	-0.410604	-0.309691	-0.161012	-0.429865
-4.02281	1.47402	-0.354998	0.0435017	0.0723234	-0.338169	-0.556229	0.470796	-0.192916	-0.233885	0.0819754	-0.280192	-0.273605	-0.368302	-0.391784	-0.173081	-0.444759
-4.03555	1.29764	-0.437272	-0.128304	0.065517	-0.421615	-0.7472	0.417802	-0.335709	-0.337926	-0.0247503	-0.344017	-0.346065	-0.401697	-0.388	-0.169843	-0.440812
-3.97487	1.49443	-0.173183	0.0732125	0.051574	-0.326865	-0.536225	0.39413	-0.29195	-0.183435	-0.0452731	-0.272232	-0.232693	-0.390944	-0.298811	-0.109476	-0.424081
-4.02262	1.57351	-0.073359	0.250932	0.170564	-0.311246	-0.544721	0.429848	-0.281238	-0.202652	0.0509161	-0.287957	-0.307673	-0.352545	-0.267213	-0.0898066	-0.48956
-4.1714	1.8429	-0.0520522	0.249899	0.285067	-0.311482	-0.542855	0.522344	-0.124223	-0.251551	-0.0320658	-0.336929	-0.39245	-0.236721	-0.247931	-0.051651	-0.407232
-4.1772	1.5318	-0.0496764	0.266044	0.310132	-0.151502	-0.372329	0.53343	-0.163341	-0.400203	-0.189528	-0.367022	-0.432073	-0.244838	-0.105198	0.0302401	-0.393882
-4.07756	1.62484	-0.11215	0.108336	0.244668	-0.210025	-0.549608	0.411512	-0.194807	-0.370308	-0.105707	-0.238646	-0.283573	-0.327489	-0.31225	-0.0820983	-0.432246
-4.17565	1.76081	-0.0948259	0.205882	0.228144	-0.12926	-0.551695	0.420715	-0.198246	-0.304692	-0.0435957	-0.0504751	-0.275192	-0.394262	-0.302725	-0.0655292	-0.39431
-4.1843	1.67269	-0.0109747	0.272648	0.25615	-0.294087	-0.638818	0.404312	-0.112873	-0.0741735	0.0563304	-0.167844	-0.38283	-0.418581	-0.260889	-0.144276	-0.381606
-4.10563	1.63651	-0.10658	0.169218	0.0454703	-0.381399	-0.58694	0.627457	-0.195899	-0.288895	-0.0194702	-0.176951	-0.323708	-0.354805	-0.346065	-0.0952501	-0.306502
-4.17568	1.51065	-0.085829	0.0782592	-0.130153	-0.461838	-0.517908	0.575824	-0.287447	-0.46092	0.00495946	-0.179678	-0.442062	-0.426881	-0.447463	-0.0256307	-0.42433
-4.09663	1.50217	-0.096151	0.134426	-0.116572	-0.240389	-0.474607	0.529459	-0.26005	-0.270169	0.00189392	-0.216489	-0.388871	-0.380866	-0.366491	-0.064403	-0.493396
-4.21586	1.43212	-0.159677	0.0567404	0.0105863	-0.129401	-0.500955	0.447041	-0.0433761	-0.233714	-0.0359434	-0.163652	-0.358567	-0.382186	-0.339744	-0.0755324	-0.430484
-4.3131	1.31864	-0.295734	0.0972693	0.151974	-0.175605	-0.54432	0.490008	-0.119273	-0.300985	-0.0284741	-0.242289	-0.344873	-0.371813	-0.31913	-0.0346103	-0.483725
-4.33333	1.44057	-0.219032	-0.00674031	0.180846	-0.183151	-0.656099	0.49023	-0.231995	-0.284815	-0.0910738	-0.296506	-0.333194	-0.458748	-0.286394	-0.0977554	-0.524175
-4.41371	1.49542	-0.175259	-0.00955271	0.0226418	-0.141298	-0.63271	0.345427	-0.0640089	-0.364899	-0.0847892	-0.281759	-0.37773	-0.500667	-0.276204	-0.151286	-0.564182
-4.43286	1.55264	0.0617398	0.0754453	0.096643	-0.250913	-0.485332	0.419442	-0.178264	-0.219758	-0.108409	-0.216928	-0.407953	-0.404132	-0.305386	-0.0864967	-0.527375
-4.5958	1.57368	0.199903	0.240546	0.270433	-0.188855	-0.407018	0.474465	-0.275927	-0.213791	-0.0116957	-0.215524	-0.562309	-0.420982	-0.320545	-0.101656	-0.555097
-4.60452	1.85952	0.221198	0.301487	0.37823	-0.223834	-0.420979	0.509272	-0.244704	-0.257328	-0.105004	-0.200201	-0.439434	-0.381152	-0.241083	-0.0315278	-0.440916
-4.74197	1.94457	0.138208	0.443561	0.421663	-0.300287	-0.305724	0.768715	-0.248593	-0.174158	-0.0572074	-0.244747	-0.350867	-0.368132	-0.197161	0.0151346	-0.446639
-5.09876	1.77498	0.129157	0.5618	0.263194	-0.159747	-0.21538	0.805536	0.0101696	-0.137403	0.114665	-0.0744002	-0.347157	-0.285744	-0.101861	-0.0701586	-0.313278
-5.57405	1.96122	0.478278	0.877638	0.195111	0.202359	-0.166087	0.57684	0.413359	-0.0365547	-0.208433	-0.170089	-0.223352	0.0697105	0.112657	-0.0287323	-0.295932
-5.38893	2.01828	0.245569	0.805944	0.519612	-0.00329362	-0.122474	0.597167	0.176939	-0.106116	-0.00485216	-0.149457	-0.309382	-0.0944152	0.0474018	-0.217188	-0.219059
-5.65227	1.73493	0.729606	0.736268	0.195308	0.274099	0.151953	0.821854	0.238395	-0.147028	0.329153	0.270616	-0.219807	-0.225558	-0.265278	-0.231019	-0.343669
-5.57039	1.84985	0.194295	0.947063	0.134253	-0.11194	-0.145679	0.428701	0.216989	-0.376915	0.240334	-0.306306	-0.0697264	-0.327876	-0.0920546	-0.219321	-0.452457
-5.87085	1.77989	0.371784	1.10344	0.26651	-0.0740653	-0.227425	0.502295	0.110581	-0.219073	0.111633	0.0996254	-0.345935	-0.284015	0.0829629	-0.299186	-0.416028
-5.77496	1.37099	0.293427	1.22705	-0.0274151	-0.104949	-0.776524	0.228924	0.0586831	-0.263001	0.0268694	-0.193191	-0.391619	-0.424528	-0.2022	-0.360721	-0.382802
-5.71829	1.52694	0.046716	0.93796	-0.117054	0.0644139	-0.165628	0.496477	-0.0174449	-0.146374	-0.0678477	-0.325346	-0.327048	-0.272415	-0.0465589	-0.466873	-0.242112
-5.9714	1.16802	-0.187659	0.891237	-0.219936	-0.223341	-0.653415	0.284466	-0.164153	-0.209797	-0.24675	-0.283416	-0.643606	-0.635182	-0.183622	-0.411904	-0.604697
-6.32396	0.853352	-0.111506	0.897626	0.0423389	-0.421979	-1.03908	0.151937	-0.39393	-0.584211	-0.334738	-0.101511	-0.547728	-0.450679	-0.401871	-0.599321	-0.462853
-5.97379	1.25858	-0.130153	0.815265	-0.151563	0.107072	-0.334214	0.623178	0.186769	-0.190014	-0.22906	-0.00826701	-0.199018	-0.0429681	0.100029	-0.260864	-0.319318
-6.14043	1.02999	-0.23794	0.697312	-0.104961	0.294177	-0.0607754	0.766359	0.27135	0.0171152	-0.0337931	-0.092806	-0.507247	-0.196219	-0.0804758	-0.0696221	-0.0638263
-6.31375	0.957335	-0.328625	0.726331	-0.0542291	0.256749	-0.165309	0.761152	0.123061	-0.126076	0.0039346	-0.0837887	-0.354373	-0.086754	0.102504	0.0780792	0.0432205
-6.59463	0.909124	-0.257412	0.783398	-0.0425229	0.249145	-0.127356	0.747121	0.174005	-0.106383	0.0219694	-0.0659262	-0.206276	-0.0349837	0.0856672	0.0550162	-0.0166664
-6.7575	1.04837	-0.145916	0.665253	0.0017016	0.366991	0.10153	0.758883	0.0410654	-0.217976	-0.0148396	0.0232413	-0.320931	-0.0719177	0.108349	0.0345235	-0.035971
-7.05159	1.26451	-0.093532	0.643452	0.00904192	0.429895	0.0696326	0.767255	0.112184	-0.304868	-0.0714051	-0.136306	-0.442551	-0.0570714	0.0726899	0.0129074	0.0187382
-7.52038	1.38406	-0.0872098	0.721467	0.0795185	0.490808	-0.104808	0.706083	0.223369	-0.32838	-0.147026	-0.15578	-0.400786	-0.050232	0.1263	-0.00665747	-0.103242
-8.03983	1.30872	-0.0639511	0.610052	0.0923323	0.377837	-0.0684561	0.60025	0.124662	-0.185919	-0.0414735	-0.168463	-0.345039	0.0512717	0.165539	0.0412837	-0.0650571
-8.77588	1.2007	0.093533	0.608583	0.18921	0.139994	-0.0842551	0.430943	0.0658484	-0.145983	0.204959	0.116233	-0.121224	0.116689	0.19924	0.0775775	0.0812038
-9.43559	1.2339	0.488424	0.528895	0.396252	0.16335	0.0549729	0.410384	0.262251	0.0861361	0.203651	0.123088	0.0559451	0.23513	0.22445	0.112794	0.0476986
-9.50529	1.19885	0.577996	0.40319	0.338112	0.316278	0.119775	0.348519	0.331311	0.301068	0.204293	0.198789	0.243271	0.191507	0.12855	0.0320489	0.027687
-9.58953	1.11351	0.466263	0.330225	0.320574	0.305084	0.127445	0.440899	0.339048	0.264168	0.276049	0.373339	0.31955	0.122422	0.137576	0.044862	0.0473317
-9.55074	1.15248	0.519958	0.418278	0.440318	0.359513	0.163888	0.292446	0.235554	0.210626	0.164329	0.186129	0.236538	0.133986	0.18189	0.163588	0.141971
-9.44952	1.25513	0.512515	0.445855	0.401317	0.359513	0.144302	0.216437	0.205984	0.236601	0.155979	0.156572	0.180223	0.133442	0.162728	0.135806	0.202091
-9.54598	1.31519	0.625485	0.477288	0.336013	0.318149	0.144999	0.267466	0.245709	0.19684	0.0716593	0.216968	0.111836	0.147269	0.21092	0.171325	0.260798
-9.41561	1.36667	0.539088	0.445898	0.359437	0.311342	0.178624	0.250338	0.330878	0.294372	0.0941951	0.237353	0.118808	0.076477	0.113499	0.200185	0.279216
-9.24588	1.37517	0.507658	0.445963	0.351813	0.265668	0.233929	0.276826	0.301825	0.239705	0.130983	0.239472	0.14655	0.17087	0.159265	0.158164	0.15951
-9.51919	1.20913	0.53208	0.390004	0.302657	0.392088	0.341929	0.385231	0.376215	0.262745	0.104636	0.189852	0.17684	0.268363	0.285804	0.0978754	0.10394
-9.34182	1.35216	0.527961	0.453949	0.330388	0.360515	0.284997	0.287021	0.303971	0.26525	0.223579	0.279595	0.161224	0.174958	0.164884	0.184024	0.161762
-9.19255	1.44849	0.508632	0.459069	0.373458	0.34078	0.275423	0.281519	0.221763	0.188165	0.200132	0.318912	0.168143	0.175941	0.192955	0.184803	0.134026
-9.45503	1.40202	0.520917	0.486878	0.456244	0.415457	0.312989	0.280974	0.249322	0.316394	0.157614	0.314728	0.188806	0.133232	0.167228	0.15682	0.102411
-9.26292	1.43208	0.528789	0.456039	0.413367	0.323919	0.267649	0.261112	0.227849	0.275605	0.196947	0.28296	0.15757	0.121783	0.212607	0.180626	0.112613
-9.27965	1.38058	0.558324	0.446323	0.39686	0.292253	0.237904	0.298709	0.228553	0.287541	0.164851	0.238473	0.115584	0.135804	0.189662	0.149835	0.100681
-9.42795	1.30447	0.524601	0.404013	0.368363	0.26964	0.24532	0.214669	0.173109	0.299031	0.226752	0.275331	0.139043	0.195443	0.14534	0.106039	0.123039
-9.38803	1.28144	0.471657	0.382518	0.301095	0.241875	0.260598	0.232885	0.196471	0.201365	0.149889	0.231425	0.144797	0.126293	0.109986	0.196212	0.179666
-9.46807	1.32437	0.494632	0.385379	0.325952	0.316196	0.261692	0.24646	0.263902	0.187461	0.120904	0.132349	0.173707	0.18286	0.185673	0.171283	0.134232
-9.51664	1.31059	0.53208	0.398981	0.374813	0.376592	0.253639	0.266494	0.249701	0.205856	0.101857	0.178614	0.192327	0.169018	0.160034	0.121303	0.0390445
-9.56773	1.22999	0.508438	0.469885	0.377383	0.343391	0.25412	0.252935	0.229978	0.293329	0.185088	0.268363	0.255659	0.0993049	0.165635	0.16521	0.162573
-9.56137	1.21594	0.441703	0.561786	0.44142	0.292354	0.25724	0.350168	0.272285	0.319287	0.224845	0.352397	0.306897	0.0953136	0.106192	0.176857	0.264101
-9.40827	1.3531	0.465813	0.458217	0.396626	0.293224	0.196596	0.283291	0.221294	0.273037	0.201247	0.290831	0.290088	0.131272	0.056872	0.150728	0.256914
-9.48528	1.35807	0.479027	0.424244	0.433825	0.353716	0.227692	0.320009	0.225675	0.274292	0.170818	0.250997	0.221336	0.108682	0.11735	0.0861911	0.226777
-9.5748	1.29725	0.584275	0.418231	0.521309	0.404241	0.26976	0.376512	0.217617	0.230429	0.170904	0.220085	0.0955378	0.0523613	0.162974	0.0554567	0.0940625
-9.44304	1.30601	0.494644	0.398291	0.450098	0.356085	0.226188	0.330936	0.194243	0.246256	0.156768	0.256746	0.18487	0.173867	0.186576	0.116953	0.141087
-9.37917	1.34973	0.509863	0.450328	0.428808	0.28524	0.241044	0.260663	0.188223	0.227374	0.146919	0.274814	0.197977	0.100581	0.207708	0.158756	0.141983
-9.57448	1.21494	0.503482	0.502992	0.363377	0.18922	0.169025	0.245828	0.298102	0.355391	0.223045	0.328487	0.292431	0.0543992	0.170001	0.17511	0.168513
-9.33189	1.35328	0.532036	0.463192	0.293246	0.257097	0.203422	0.296744	0.230907	0.276052	0.208976	0.249042	0.192842	0.0894305	0.146819	0.156574	0.186695
-9.43864	1.28936	0.519824	0.433839	0.300093	0.243065	0.183815	0.319507	0.241525	0.16366	0.261233	0.299065	0.211253	0.175445	0.17159	0.167153	0.151949
-9.56309	1.25857	0.571426	0.415571	0.407775	0.315749	0.208573	0.362798	0.261943	0.163171	0.271645	0.251803	0.19607	0.222566	0.268996	0.172472	0.0249052
-9.32739	1.33754	0.48828	0.424079	0.365457	0.330453	0.201067	0.330877	0.220568	0.176271	0.225	0.20121	0.172274	0.186054	0.230703	0.0961855	0.124333
-9.51329	1.33973	0.580558	0.554446	0.355676	0.315348	0.209795	0.310307	0.191881	0.221071	0.229284	0.182183	0.167963	0.0954323	0.147771	-0.0411153	0.138414
-9.60926	1.29863	0.588336	0.614527	0.370527	0.321701	0.283206	0.310943	0.129799	0.239998	0.270243	0.0347707	0.135548	0.16748	0.152329	-0.0966109	0.0385431
-9.65807	1.15029	0.484354	0.494525	0.325798	0.196244	0.127834	0.195843	0.0949299	0.127102	0.157681	0.129065	0.163004	0.135706	0.0994008	0.0522847	0.0970968
-9.69757	1.17692	0.483841	0.414416	0.404142	0.189494	0.03103	0.185237	0.158233	0.225305	0.0799879	0.0930241	0.0630589	0.154108	0.154869	0.202314	0.201466
-9.54875	1.35364	0.516825	0.33472	0.379672	0.251052	0.0277243	0.169326	0.0434613	0.179359	0.149755	0.190265	0.0804358	0.116903	0.126611	0.130584	0.0630138
-9.15352	1.51009	0.399744	0.361654	0.288989	0.240911	0.120523	0.122583	0.0883565	0.195805	0.0366671	0.141589	0.075182	0.0808974	0.0156294	0.00175652	0.0794651
-8.79771	1.53984	0.264254	0.340353	0.192028	0.180229	0.0773363	0.0430185	0.0525837	0.127025	-0.0231136	0.0797145	0.0352296	0.0295758	-0.0322311	-0.019906	0.0261624
