-1e+10
-1e+10
-1e+10
-1e+10
-1e+10
-1e+10
-1e+10
-1e+10
-1e+10
-1e+10
-1e+10
-1e+10
-1e+10
-1e+10
-1e+10
-1e+10
-1e+10
-1e+10
-1e+10
-1e+10
-1e+10
-1e+10
-1e+10
-1e+10
-1e+10
-1e+10
-1e+10
-1e+10
-1e+10
-1e+10
-1e+10
-1e+10
-1e+10
-1e+10
5.36675
5.3661
5.36556
5.36452
5.36282
5.36062
5.35835
5.35588
5.35135
5.34533
5.34228
5.34815
5.38666
-1e+10
-1e+10
-1e+10
-1e+10
-1e+10
-1e+10
-1e+10
-1e+10
-1e+10
-1e+10
-1e+10
-1e+10
-1e+10
-1e+10
-1e+10
-1e+10
-1e+10
-1e+10
4.63605
4.63168
4.62518
4.61931
4.61486
4.61067
4.60638
4.60358
4.60179
4.5997
4.59664
4.59192
4.58334
4.57652
4.57422
4.57308
4.57085
4.56642
4.55745
4.55011
4.54822
4.54965
4.5533
4.55644
-1e+10
-1e+10
-1e+10
-1e+10
4.49232
4.48996
4.49183
4.55229
4.55942
4.56365
4.56787
4.57292
4.57773
4.58144
4.58432
4.58667
5.28256
5.28462
5.28428
5.28086
5.27643
5.27395
5.27042
5.2616
5.24956
5.23965
5.23363
5.22922
5.22474
5.21876
5.21192
5.20549
5.20191
5.20131
5.20332
5.20828
5.2169
5.22578
5.23229
5.23807
5.2432
5.24629
5.24792
5.25097
5.2597
5.26932
5.27624
5.28396
5.29316
5.30318
5.31432
5.32693
5.34009
5.35228
5.3641
5.37824
5.40035
5.42719
5.4472
5.46539
5.4883
5.51635
5.54162
5.56262
5.58066
5.59636
5.61161
5.6283
5.64555
5.65926
5.66724
5.66994
5.66818
5.6616
5.64832
5.62026
-1e+10
-1e+10
-1e+10
-1e+10
-1e+10
-1e+10
-1e+10
-1e+10
-1e+10
-1e+10
-1e+10
-1e+10
-1e+10
-1e+10
-1e+10
-1e+10
-1e+10
-1e+10
-1e+10
-1e+10
-1e+10
-1e+10
-1e+10
