5.587810000000000166e+00
5.587810000000000166e+00
5.587810000000000166e+00
5.587810000000000166e+00
5.587810000000000166e+00
5.587810000000000166e+00
5.587810000000000166e+00
5.587810000000000166e+00
5.587810000000000166e+00
5.587810000000000166e+00
5.587810000000000166e+00
5.587810000000000166e+00
5.587810000000000166e+00
5.587810000000000166e+00
5.587810000000000166e+00
5.587810000000000166e+00
5.587810000000000166e+00
5.587810000000000166e+00
5.587810000000000166e+00
5.587810000000000166e+00
5.587810000000000166e+00
5.587810000000000166e+00
5.587810000000000166e+00
5.559479999999999755e+00
5.529899999999999594e+00
5.510279999999999845e+00
5.496760000000000090e+00
5.487409999999999677e+00
5.478299999999999947e+00
5.468729999999999869e+00
5.458339999999999748e+00
5.462973333333333237e+00
5.467606666666666726e+00
5.472240000000000215e+00
5.476873333333332816e+00
5.481506666666666305e+00
5.486139999999999795e+00
5.490773333333333284e+00
5.495406666666666773e+00
5.500040000000000262e+00
5.504673333333333751e+00
5.509306666666667240e+00
5.513939999999999841e+00
5.518573333333333331e+00
5.523206666666666820e+00
5.527840000000000309e+00
5.543359999999999843e+00
5.567660000000000053e+00
5.597319999999999851e+00
5.622899999999999565e+00
5.639059999999999739e+00
5.648290000000000255e+00
5.655160000000000409e+00
5.663700000000000401e+00
5.674520000000000231e+00
5.685529999999999973e+00
5.694180000000000241e+00
5.699889999999999901e+00
5.702210000000000001e+00
5.700669999999999682e+00
5.693139999999999645e+00
5.673790000000000333e+00
5.633160000000000167e+00
5.604070000000000107e+00
5.606220000000000425e+00
5.614259999999999806e+00
5.619959999999999845e+00
5.623219999999999885e+00
5.624119999999999564e+00
5.643974285714285166e+00
5.663828571428570768e+00
5.683682857142856371e+00
5.703537142857142861e+00
5.723391428571428463e+00
5.743245714285714065e+00
5.763099999999999667e+00
5.750350000000000072e+00
5.738999999999999879e+00
5.714900000000000091e+00
5.685710000000000264e+00
5.672690000000000232e+00
5.661559999999999704e+00
5.653209999999999624e+00
5.646080000000000432e+00
5.641510000000000247e+00
5.640380000000000393e+00
5.643340000000000245e+00
5.651980000000000004e+00
5.659830000000000361e+00
5.663240000000000052e+00
5.661990000000000300e+00
5.656189999999999607e+00
5.646469999999999878e+00
5.633720000000000283e+00
5.618839999999999613e+00
5.601340000000000430e+00
5.581179999999999808e+00
5.573970000000000091e+00
5.583108695652174269e+00
5.592247391304347559e+00
5.601386086956521737e+00
5.610524782608695915e+00
5.619663478260869205e+00
5.628802173913043383e+00
5.637940869565217561e+00
5.647079565217391739e+00
5.656218260869565029e+00
5.665356956521739207e+00
5.674495652173913385e+00
5.683634347826086675e+00
5.692773043478260853e+00
5.701911739130435031e+00
5.711050434782608320e+00
5.720189130434782498e+00
5.729327826086956676e+00
5.738466521739130854e+00
5.747605217391304144e+00
5.756743913043478322e+00
5.765882608695652500e+00
5.775021304347825790e+00
5.784159999999999968e+00
5.729400000000000048e+00
5.690990000000000215e+00
5.670270000000000366e+00
5.657549999999999635e+00
5.648329999999999629e+00
5.640780000000000349e+00
5.634649999999999714e+00
5.630239999999999689e+00
5.627620000000000289e+00
5.626409999999999911e+00
5.626100000000000101e+00
5.626190000000000246e+00
5.626249999999999751e+00
5.626019999999999577e+00
5.625539999999999985e+00
5.625160000000000160e+00
5.625239999999999796e+00
5.625829999999999664e+00
5.626769999999999605e+00
5.627690000000000303e+00
5.628320000000000434e+00
5.628569999999999851e+00
5.628849999999999909e+00
5.629850000000000243e+00
5.631669999999999732e+00
5.633420000000000094e+00
5.634409999999999918e+00
5.634470000000000312e+00
5.633840000000000181e+00
5.633259999999999934e+00
5.634339999999999904e+00
5.638169999999999682e+00
5.643629999999999924e+00
5.649029999999999774e+00
5.653620000000000090e+00
5.658170000000000144e+00
5.663640000000000008e+00
5.669679999999999609e+00
5.675500000000000433e+00
5.681460000000000399e+00
5.687820000000000320e+00
5.694119999999999848e+00
5.699189999999999756e+00
5.701979999999999826e+00
5.702639999999999709e+00
5.701579999999999870e+00
5.698210000000000441e+00
5.690059999999999896e+00
5.669330000000000425e+00
5.638639999999999652e+00
5.643200000000000216e+00
5.641482222222222731e+00
5.639764444444444358e+00
5.638046666666666873e+00
5.636328888888889388e+00
5.634611111111111015e+00
5.632893333333333530e+00
5.631175555555556045e+00
5.629457777777777672e+00
5.627740000000000187e+00
5.626022222222222702e+00
5.624304444444444329e+00
5.622586666666666844e+00
5.620868888888889359e+00
5.619151111111110986e+00
5.617433333333333501e+00
5.615715555555556016e+00
5.613997777777777642e+00
5.612280000000000157e+00
5.598480000000000345e+00
5.584439999999999849e+00
5.572239999999999860e+00
5.561980000000000146e+00
5.553009999999999557e+00
5.544789999999999885e+00
5.536940000000000417e+00
5.528150000000000119e+00
5.517900000000000027e+00
5.506300000000000416e+00
5.495569999999999844e+00
5.486810000000000187e+00
5.478530000000000122e+00
5.470589999999999620e+00
5.462860000000000049e+00
5.456330000000000346e+00
5.450319999999999609e+00
5.445570000000000022e+00
5.442040000000000433e+00
5.438869999999999649e+00
5.434840000000000337e+00
5.430049999999999599e+00
5.424780000000000157e+00
5.419170000000000265e+00
5.413840000000000430e+00
5.408780000000000143e+00
5.405179999999999652e+00
5.402820000000000178e+00
5.401250000000000107e+00
5.400500000000000078e+00
5.400769999999999627e+00
5.402099999999999902e+00
5.404560000000000031e+00
5.407910000000000217e+00
5.411450000000000315e+00
5.413660000000000139e+00
5.413990000000000080e+00
5.412700000000000067e+00
5.410339999999999705e+00
5.407399999999999984e+00
5.403940000000000410e+00
5.399650000000000283e+00
5.394110000000000404e+00
5.387629999999999697e+00
5.380670000000000286e+00
5.374889999999999723e+00
5.370580000000000354e+00
5.366970000000000240e+00
5.364899999999999558e+00
5.365350000000000286e+00
5.367580000000000240e+00
5.369839999999999947e+00
5.371509999999999785e+00
5.374380000000000379e+00
5.381990000000000052e+00
5.397479999999999833e+00
5.419990000000000308e+00
5.445759999999999934e+00
5.468840000000000146e+00
5.483010000000000161e+00
5.487169999999999881e+00
5.495645263157894256e+00
5.504120526315789519e+00
5.512595789473683894e+00
5.521071052631579157e+00
5.529546315789473532e+00
5.538021578947368795e+00
5.546496842105263170e+00
5.554972105263157545e+00
5.563447368421052808e+00
5.571922631578947183e+00
5.580397894736842446e+00
5.588873157894736821e+00
5.597348421052631195e+00
5.605823684210526459e+00
5.614298947368420833e+00
5.622774210526316097e+00
5.631249473684210471e+00
5.639724736842105735e+00
5.648200000000000109e+00
5.581819999999999560e+00
5.555410000000000181e+00
5.466129999999999711e+00
5.443710000000000271e+00
5.417040000000000077e+00
5.386079999999999757e+00
5.379929999999999879e+00
5.374600000000000044e+00
5.368719999999999715e+00
5.364250000000000185e+00
5.361320000000000086e+00
5.359449999999999825e+00
5.359070000000000000e+00
5.361329999999999707e+00
5.366019999999999790e+00
5.370809999999999640e+00
5.373549999999999827e+00
5.375149999999999650e+00
5.376820000000000377e+00
5.379299999999999748e+00
5.382439999999999891e+00
5.385799999999999699e+00
5.389310000000000045e+00
5.393919999999999604e+00
5.400599999999999845e+00
5.408689999999999998e+00
5.416719999999999757e+00
5.423180000000000334e+00
5.427590000000000359e+00
5.429969999999999963e+00
5.430620000000000225e+00
5.429429999999999978e+00
5.425989999999999647e+00
5.420010000000000439e+00
5.412230000000000096e+00
5.404709999999999681e+00
5.399890000000000079e+00
5.398340000000000138e+00
5.398259999999999614e+00
5.397389999999999688e+00
5.394599999999999618e+00
5.390139999999999709e+00
5.384890000000000398e+00
5.375539999999999985e+00
5.363760000000000083e+00
5.354070000000000107e+00
5.337159999999999904e+00
5.322269999999999612e+00
5.313130000000000130e+00
5.305570000000000341e+00
5.296960000000000335e+00
5.285779999999999923e+00
5.274130000000000429e+00
5.264380000000000059e+00
5.256240000000000023e+00
5.249629999999999797e+00
5.244439999999999991e+00
5.238809999999999967e+00
5.232070000000000221e+00
5.225410000000000110e+00
5.220469999999999722e+00
5.217130000000000045e+00
5.215099999999999625e+00
5.214150000000000063e+00
5.214369999999999727e+00
5.215939999999999799e+00
5.218810000000000393e+00
5.221980000000000288e+00
5.224149999999999849e+00
5.226799999999999891e+00
5.232730000000000103e+00
5.240809999999999746e+00
5.247630000000000017e+00
5.251629999999999576e+00
5.253459999999999575e+00
5.252390000000000114e+00
5.248079999999999856e+00
5.241030000000000300e+00
5.234259999999999913e+00
5.228600000000000136e+00
5.224990000000000023e+00
5.223349999999999937e+00
5.223639999999999617e+00
5.225410000000000110e+00
5.227459999999999773e+00
5.228939999999999699e+00
5.230380000000000251e+00
5.232569999999999943e+00
5.235430000000000028e+00
5.238330000000000375e+00
5.241259999999999586e+00
5.244729999999999670e+00
5.248899999999999899e+00
5.253650000000000375e+00
5.258709999999999773e+00
5.263620000000000410e+00
5.268749999999999822e+00
5.274280000000000079e+00
5.281640000000000335e+00
5.295180000000000220e+00
5.323210000000000441e+00
5.359149999999999636e+00
5.380029999999999646e+00
5.383510000000000240e+00
5.372189999999999799e+00
5.353209999999999802e+00
5.354311052631579138e+00
5.355412105263157585e+00
5.356513157894736921e+00
5.357614210526315368e+00
5.358715263157894704e+00
5.359816315789473151e+00
5.360917368421052487e+00
5.362018421052631822e+00
5.363119473684210270e+00
5.364220526315789606e+00
5.365321578947368053e+00
5.366422631578947389e+00
5.367523684210526724e+00
5.368624736842105172e+00
5.369725789473684507e+00
5.370826842105262955e+00
5.371927894736842291e+00
5.373028947368420738e+00
5.374130000000000074e+00
5.349739999999999718e+00
5.331620000000000026e+00
5.313790000000000013e+00
5.300790000000000113e+00
5.291850000000000165e+00
5.282779999999999809e+00
5.269350000000000200e+00
5.254529999999999923e+00
5.229129999999999612e+00
5.216929999999999623e+00
5.214360000000000106e+00
5.212019999999999875e+00
5.205599999999999561e+00
5.192020000000000302e+00
5.179610000000000269e+00
5.172010000000000218e+00
5.165309999999999846e+00
5.157779999999999809e+00
5.154110000000000191e+00
5.154480000000000395e+00
5.156390000000000029e+00
4.461610000000000298e+00
4.460230000000000139e+00
4.459690000000000154e+00
4.459539999999999615e+00
4.459419999999999717e+00
4.460589999999999833e+00
4.464409999999999989e+00
4.468440000000000190e+00
4.469610000000000305e+00
4.468960000000000043e+00
4.469170000000000087e+00
4.471739999999999604e+00
4.476840000000000153e+00
4.482070000000000221e+00
4.485560000000000436e+00
4.488139999999999574e+00
4.491060000000000052e+00
4.495989999999999931e+00
4.371253333333333657e+00
4.246516666666666495e+00
4.121780000000000221e+00
4.111530000000000129e+00
4.111690000000000289e+00
4.378339999999999677e+00
4.381829999999999892e+00
4.686119999999999841e+00
4.666089999999999627e+00
4.650509999999999700e+00
4.637129999999999974e+00
4.631739999999999746e+00
4.643640000000000434e+00
4.671870000000000189e+00
4.696019999999999861e+00
4.701050000000000395e+00
4.692040000000000433e+00
4.674030000000000129e+00
4.657160000000000188e+00
4.652149999999999785e+00
4.659029999999999561e+00
4.659029999999999561e+00
4.659029999999999561e+00
4.659029999999999561e+00
4.659029999999999561e+00
4.659029999999999561e+00
4.659029999999999561e+00
4.659029999999999561e+00
4.659029999999999561e+00
4.659029999999999561e+00
4.659029999999999561e+00
4.659029999999999561e+00
4.659029999999999561e+00
4.659029999999999561e+00
4.659029999999999561e+00
4.659029999999999561e+00
4.659029999999999561e+00
4.659029999999999561e+00
