-1e+10
-1e+10
-1e+10
-1e+10
-1e+10
-1e+10
-1e+10
-1e+10
-1e+10
-1e+10
-1e+10
-1e+10
-1e+10
-1e+10
-1e+10
-1e+10
-1e+10
-1e+10
-1e+10
5.77495
5.77945
5.78301
5.78365
5.6714
5.65058
5.52602
5.4357
5.43614
5.44584
5.46206
5.47205
5.4797
5.48496
5.48712
5.48733
5.48716
5.48774
5.48948
5.49287
5.49879
5.50758
5.51838
5.53126
5.55973
5.70281
5.74784
5.76252
5.77072
5.77702
5.78031
-1e+10
-1e+10
-1e+10
-1e+10
-1e+10
-1e+10
-1e+10
-1e+10
-1e+10
-1e+10
-1e+10
-1e+10
-1e+10
5.74461
5.74186
5.7395
5.73714
5.73586
5.73776
5.75767
5.798
5.78546
5.7726
5.76234
5.75415
5.74755
5.74263
5.7401
5.74053
5.74366
5.7487
5.75508
5.76255
5.77068
5.77953
5.78833
5.7975
5.80728
5.81676
5.82567
5.83324
5.84024
5.84835
5.85868
5.87093
5.88277
5.89273
5.90114
5.9086
5.91429
5.91669
5.91456
5.90666
5.89103
5.8649
5.8234
5.74114
5.63454
5.63224
5.66782
-1e+10
-1e+10
-1e+10
-1e+10
-1e+10
-1e+10
-1e+10
-1e+10
-1e+10
-1e+10
-1e+10
-1e+10
5.9536
5.9539
5.94788
5.93458
5.91629
5.89555
5.87505
5.85499
5.8336
5.80796
5.77617
5.74491
5.72884
5.72777
5.72915
5.72624
5.72017
5.7146
-1e+10
-1e+10
-1e+10
5.85523
5.84244
5.82843
5.81314
5.79386
5.77454
5.7627
5.75578
5.75238
5.75073
5.75008
5.7502
5.75084
5.75182
5.75277
5.75315
5.75239
5.7494
5.74238
5.72819
5.70529
5.68014
5.66652
5.66602
5.67098
5.67556
5.68508
5.70791
-1e+10
-1e+10
-1e+10
-1e+10
-1e+10
-1e+10
5.7927
5.79018
5.77801
5.76331
5.73953
5.71117
5.71226
5.71499
5.71831
5.72133
5.72218
5.71915
5.70988
5.69679
5.68513
5.67826
5.67584
5.6793
-1e+10
-1e+10
-1e+10
-1e+10
-1e+10
-1e+10
-1e+10
-1e+10
-1e+10
-1e+10
-1e+10
-1e+10
-1e+10
-1e+10
-1e+10
-1e+10
-1e+10
-1e+10
-1e+10
-1e+10
-1e+10
-1e+10
-1e+10
-1e+10
-1e+10
-1e+10
-1e+10
-1e+10
-1e+10
-1e+10
5.75696
5.73234
5.71823
5.70956
5.70293
5.69751
5.69341
5.69102
5.69091
5.69301
5.69673
5.70105
5.70467
5.70716
5.70874
5.7097
5.71023
5.71044
5.71047
5.71034
5.70988
5.70873
5.70597
5.69868
5.67688
5.6451
5.64103
5.64343
5.6426
5.63712
5.62785
5.61773
5.60687
5.59616
5.58188
5.55903
5.53339
5.51129
5.49041
5.47194
5.45037
5.41977
5.39682
5.37386
5.36716
-1e+10
-1e+10
-1e+10
-1e+10
-1e+10
-1e+10
-1e+10
-1e+10
-1e+10
-1e+10
-1e+10
-1e+10
-1e+10
-1e+10
-1e+10
-1e+10
-1e+10
-1e+10
-1e+10
-1e+10
-1e+10
-1e+10
-1e+10
-1e+10
-1e+10
-1e+10
-1e+10
-1e+10
-1e+10
5.28297
5.27326
5.26499
5.25907
5.25472
-1e+10
-1e+10
-1e+10
5.1175
5.11164
5.10129
5.08849
5.08188
5.0782
5.07451
-1e+10
-1e+10
-1e+10
-1e+10
-1e+10
-1e+10
-1e+10
-1e+10
-1e+10
-1e+10
-1e+10
-1e+10
-1e+10
-1e+10
-1e+10
-1e+10
-1e+10
-1e+10
-1e+10
-1e+10
-1e+10
-1e+10
-1e+10
-1e+10
-1e+10
-1e+10
-1e+10
-1e+10
-1e+10
-1e+10
-1e+10
-1e+10
-1e+10
-1e+10
-1e+10
-1e+10
-1e+10
-1e+10
-1e+10
-1e+10
-1e+10
-1e+10
-1e+10
-1e+10
-1e+10
-1e+10
-1e+10
-1e+10
-1e+10
-1e+10
