0
0
0
0
0
0
0
0
0
0
0
0
0
0
0
0
0
0
0
0
0
0
0
0
0
0
0
0
0
0
0
0
0
0
0
0
0
0
0
0
0
0
1004.58
1937.5
2703.72
2703.72
6383.15
6383.15
6383.15
5361.05
5136.57
5136.57
4875.49
5136.57
5136.57
2494.44
1250
1497.31
1250
1223.35
0
0
0
0
0
0
0
0
0
0
0
0
0
0
0
0
0
0
0
1156.25
1221.48
2031.25
5880.77
7312.58
7399.42
7439.5
7399.42
7439.5
7678.46
7678.46
7452.06
7541.54
7527.73
7527.73
7541.54
7541.54
7527.73
7416.97
7416.97
5762.09
5550
5500
5125
1960.68
1626.67
1626.67
1410.21
1156.25
0
0
0
0
0
0
0
0
0
0
0
0
0
0
0
0
0
0
0
0
0
0
0
0
0
0
0
0
0
0
1476.38
2013.07
2578.12
2578.12
2886.79
3265.62
5136.75
5171.88
5171.88
5171.88
5171.88
2419.3
2419.3
1105.71
1105.71
1105.71
1105.71
0
0
0
0
0
0
0
0
0
0
0
0
0
0
0
0
0
0
0
1072.41
1221.49
1796.88
2062.5
5416.36
5900.51
6719.57
6719.57
6719.57
6781.25
6781.25
6109.38
5191.31
2993.75
2572
2572
2572
2993.75
2572
5140.62
3390.62
5140.62
4579.11
4579.11
4579.11
7655.32
7725.17
7725.17
7725.17
7725.17
7641.06
7641.06
7035.67
7714.3
7035.67
7035.67
7015.94
5823.11
5823.11
6515.62
6515.62
6515.62
6628.43
6628.43
6203.76
6203.76
6233.16
6233.16
6801.82
7421.88
6811.43
6811.43
6801.82
6433.52
6241.38
6241.38
6433.52
6695.04
6695.04
6695.04
6515.62
5591.73
5591.73
5591.73
6221.46
6503.44
6865.85
6865.85
6865.85
7701.7
7701.7
6590.85
4955.38
2536.98
2474.88
2474.88
2536.98
3046.88
3830.51
3830.51
3046.88
2375
2375
2230.52
2375
2230.52
6792.86
2007.59
1779.08
1779.08
2260.53
2172.21
2172.21
2260.53
2337.76
2337.76
2766.63
6382.03
6382.03
6382.03
0
0
0
0
0
0
0
0
0
0
0
0
0
0
0
0
0
0
0
0
0
0
0
6039.75
7700.48
7716.69
7700.48
7700.48
7578.12
7567.02
6703.12
6546.88
6546.88
6546.88
7812.5
7812.5
7817.38
7861.65
7870.33
7876.48
7876.48
7861.65
7725.12
7666.04
6906.25
6906.25
6906.25
6906.25
6000
5343.75
4895.49
3626.57
3626.57
3626.57
3626.57
4248.69
5671.88
5671.88
5138.25
6499.58
6078.81
5452.83
5452.83
5452.83
5229.14
3812.5
3812.5
4423.31
4423.31
4224.98
4224.98
4224.98
3421.88
3166.02
3018.2
3166.02
3018.2
2881.45
2881.45
3173.92
3173.92
5421.88
5569.99
5719.58
6229.61
6229.61
7125
7359.38
7707.68
7125
7125
7699.75
7699.75
7640.62
7690.43
7690.43
7640.62
7406.2
6487.5
6214.96
6214.96
6214.96
7704.68
7704.68
7704.68
6515.62
6515.62
6218.75
5437.5
5437.5
3796.88
3726.19
3275.53
3275.53
3562.5
3562.5
3789.88
3789.88
5906.25
5906.25
3789.88
3383.02
3531.25
3383.02
3383.02
3531.25
3531.25
2382.34
2382.34
2382.34
1968.75
1968.75
2478.61
2881.36
2881.36
2881.36
2881.36
2881.36
3413.37
1718.75
1718.75
1226.04
1226.04
1226.04
1226.04
1226.04
1247.87
1247.87
1247.87
1247.87
3328.12
3328.12
3684.71
4641.23
4641.23
3500
3500
1504.84
1256.39
1256.39
1448.54
1504.84
1481.67
2172.37
2296.88
2916.51
3552.16
3552.16
2916.51
1368.25
1368.25
1140.62
