0
0
0
0
0
0
0
0
0
0
0
0
0
0
0
0
0
0
0
0
0
0
0
0
0
0
0
0
0
0
0
0
0
0
0
0
0
0
0
0
0
0
0
0
0
0
0
0
0
0
0
0
0
0
0
0
1015.62
1152.58
1332.11
2209.57
2973.52
6124.19
6159.03
6159.03
6124.19
2421.78
1756.36
1426.32
1756.36
1756.36
2091.15
2621.76
3211.52
3211.52
3110.37
2621.76
1510.36
1510.36
1510.36
2291.11
2291.11
2291.11
1009.42
0
0
0
0
0
0
0
0
0
0
0
0
0
0
0
0
0
0
1213
4977.84
4977.84
4495.64
4977.84
4495.64
4276.61
4495.64
3149.45
3149.45
4968.03
4968.03
6359.28
6359.28
5953.12
5953.12
6968.75
6968.75
6981.46
6981.46
6968.75
6981.46
6792.73
6710.48
6792.73
7275.77
6906.25
6906.25
6906.25
6906.25
6906.25
7392.47
7512.13
7512.13
7512.13
5728.38
5728.38
5700.59
5728.38
5728.38
5195.25
5080.52
5080.52
5056.67
5080.52
5051.41
5000.61
3995.04
3995.04
3759.38
3759.38
3581.66
1882.72
1267.36
1053.86
1029.07
1016.18
1000
0
0
0
0
0
0
0
0
1082.43
1343.23
5170.92
5234.38
5714.71
5729.59
5781.33
7127.09
5729.59
6937.5
6937.5
5717.09
4948.32
4112.67
3110.47
2457.1
1215.85
1208.68
1182.21
1089.04
1010.5
0
0
0
0
0
0
0
0
0
0
0
0
0
0
0
0
0
0
0
0
0
0
0
0
0
0
0
0
0
0
1004.39
1035.03
1264.24
1381.03
1837.87
2534.5
2507.58
2534.5
2699.88
2699.88
3692.27
4884.26
4884.26
4884.26
4171.88
3899.44
3460.19
3460.19
3899.44
5184.41
5199.38
5199.38
5184.41
5184.41
5356.48
5356.48
5721.06
5721.06
6766.73
6766.73
7375
7342.61
7342.61
7342.61
7342.61
6859.38
6722.87
6502.95
6131.18
6502.95
6131.18
6131.18
5801.8
5782.14
5782.14
5779.34
5779.34
5702.02
5702.02
5702.02
3193.55
3137.28
2322.83
2078.12
1578.12
1265.62
1208.11
1208.11
1172.82
1119.26
0
0
0
0
0
0
0
0
0
0
2011.95
2162.67
2642.34
2642.34
2011.95
1825.79
1281.33
1241.67
1176.11
1111.4
1111.4
1111.4
1031.25
0
0
0
0
0
0
0
0
0
0
0
0
0
0
0
0
0
1203.12
2168.6
2168.6
2168.6
1390.15
1390.15
1356.98
1153.65
1132.81
1080.02
1008.8
1004.27
0
0
0
0
0
0
0
0
0
0
0
0
0
0
0
0
1275.74
2807.77
3062.5
4375
5262.87
5390.62
5442.81
6909.17
6909.17
6909.17
6750
5721.94
5721.94
4593.83
4593.83
5886.22
6312.5
6312.5
7609.38
6312.5
7515.62
7515.62
6525.95
6311.36
6311.36
6311.36
6306.67
6148.77
6007.73
6007.73
6007.73
6007.73
6216.34
6644.57
6644.57
6216.34
6075.15
6075.15
6075.15
6042.84
6307.45
6307.45
6307.45
6265.78
6307.45
6619.3
6619.3
6265.78
1442.43
1421.88
1421.88
1442.43
1442.43
1692.97
1692.97
1436.27
1196.21
1000
0
0
0
0
0
0
0
0
0
0
0
0
0
0
0
0
0
0
0
0
0
0
0
0
0
0
0
0
0
0
0
0
0
0
0
0
0
0
0
0
0
0
0
0
0
0
0
0
0
0
0
0
0
0
0
0
0
0
0
0
0
0
0
0
0
0
0
0
0
