-7.05132	1.32255	-0.219367	0.713173	0.439523	0.290541	-0.158546	0.095123	0.423265	0.35167	-0.00355947	-0.0422615	-0.118317	0.0385434	0.132507	0.135281	-0.0792266
-6.81077	1.09801	-0.223125	0.608791	0.395501	0.384674	-0.0413844	0.145581	0.272369	0.34554	0.148446	-0.153794	-0.0713432	0.0669334	0.164276	0.0834206	-0.0959006
-6.80118	0.865424	-0.181638	0.439018	0.181612	0.330644	-0.146144	0.136076	0.168841	0.3245	0.229398	-0.0711066	-0.0198739	0.147931	0.141726	0.0957348	-0.0992468
-6.95928	0.838619	0.0437251	0.397017	0.140604	0.380692	-0.0086	0.155906	0.224255	0.255595	0.147007	0.0173725	-0.0938232	0.0913728	0.219851	0.124328	-0.0267656
-7.14222	0.675323	0.023313	0.442504	0.308869	0.438506	0.10016	0.0761643	0.262819	0.286281	0.231506	-0.0348543	-0.0319447	0.117921	0.221298	0.113383	0.0744117
-7.1666	0.541819	0.0253219	0.443528	0.452378	0.45644	0.0825031	0.0114273	0.145614	0.189474	0.36294	0.191109	0.0368768	0.0398157	0.134203	0.124459	0.0675877
-7.1123	0.26157	-0.0198946	0.462915	0.505264	0.460007	0.171878	0.0361968	0.107693	0.129274	0.320379	0.349324	0.00129403	0.0443695	0.237408	0.178097	0.0554064
-7.17706	0.152035	0.135717	0.481835	0.373243	0.342537	0.321599	0.145832	0.205081	0.121555	0.266673	0.374533	-0.068067	-0.00413308	0.210228	0.173766	0.0593986
-7.36719	0.171733	0.260643	0.57573	0.396697	0.227669	0.304197	0.162562	0.155897	0.0434969	0.283061	0.40777	-0.0828821	-0.0385052	0.0934273	0.257463	0.154575
-7.51762	0.32376	0.137181	0.535368	0.29966	0.209335	0.38348	0.283579	0.0997735	0.0145254	0.161286	0.249809	0.10571	0.0519485	0.102729	0.227598	0.134754
-7.65942	0.295639	-0.0172948	0.638156	0.258381	0.269868	0.331933	0.287472	0.190966	0.171764	0.137784	0.225586	0.0610928	0.119424	0.192339	0.101622	0.00428361
-7.7972	0.170362	-0.0740203	0.720685	0.260972	0.159401	0.312546	0.296786	0.197999	0.265344	0.235457	0.268014	0.0489468	0.112746	0.321747	0.132124	0.0274456
-7.83348	0.0813732	0.0854337	0.680266	0.374213	0.306325	0.265707	0.319649	0.162472	0.132358	0.24564	0.271241	-0.0345272	0.0131333	0.280927	0.111911	0.127335
-7.82367	0.0613609	0.283082	0.629569	0.28273	0.442402	0.19472	0.264953	0.132429	0.10973	0.292518	0.279647	0.012639	-0.00521709	0.223905	0.126214	0.0991677
-7.76038	0.186585	0.442673	0.519041	0.103352	0.468021	0.195343	0.23721	0.120348	0.180658	0.163153	0.175292	0.102505	0.100966	0.176993	0.291618	0.13602
-7.67017	0.211634	0.420519	0.438813	0.0554275	0.323394	0.163509	0.359608	0.147021	0.175686	0.174613	0.204735	0.173588	0.183697	0.0465414	0.291996	0.26788
-7.31344	0.284215	0.203009	0.49908	0.17465	0.31261	0.207783	0.238313	0.215208	0.162911	0.0198563	0.142773	0.17732	0.0211094	0.0563179	0.283773	0.140842
-6.964	0.123055	0.0688535	0.503075	0.255777	0.220238	0.291379	0.214783	0.369775	0.18654	0.0739315	-0.00358559	-0.00311897	0.095821	0.220724	0.259682	0.0846876
-6.66173	-0.0143077	-0.0793575	0.410267	0.27388	0.213815	0.135577	0.134765	0.296539	0.233717	0.174881	0.0990239	0.101846	0.199976	0.22596	0.200366	0.124776
-6.29352	0.0815716	-0.0418837	0.427818	0.229467	0.186366	-0.026418	0.0968807	0.22778	0.30448	0.300374	0.206922	0.150735	0.139938	0.155113	-0.00610227	-0.0177875
-5.9077	0.0518715	-0.128949	0.419821	0.165383	0.132106	0.0238401	0.0406724	0.131558	0.331163	0.318482	0.183706	0.111769	0.0165403	0.0418785	-0.0928532	-0.129778
-5.69453	0.0517311	-0.30608	0.272659	0.124181	0.184749	0.175058	0.00514096	-0.00189919	0.266059	0.360608	0.230942	0.0979976	-0.0710174	-0.0225744	0.0152902	-0.0472939
-5.63676	0.023653	-0.492958	0.109515	0.139213	0.27059	0.175818	0.00722387	-0.0880493	0.181495	0.376788	0.103936	0.0788116	0.0659287	0.118747	0.177334	0.0429289
-5.6963	0.226697	-0.22891	0.291524	0.375128	0.533732	0.113995	0.0509842	-0.109494	0.124671	0.223135	-0.0397137	-0.0873494	0.0946077	0.121177	0.139222	0.0448667
-5.42546	1.02702	-0.0614651	0.397101	0.346688	0.456889	-0.0389725	-0.144797	-0.272517	-0.0321465	0.1138	0.0216137	-0.167366	-0.135585	-0.163779	-0.0331773	-0.0795859
-5.10879	2.15292	0.107009	0.245371	0.131434	0.315263	-0.0491309	-0.173802	-0.3854	-0.162741	0.068096	0.0873953	-0.0723196	-0.172939	-0.108344	0.0162029	-0.130041
-4.91095	3.27348	0.137009	0.193768	0.473647	0.608025	-0.0455704	0.256058	-0.259145	-0.00299093	0.301377	0.18671	0.0635094	-0.00270635	-0.0103262	-0.0343367	0.188535
-4.65956	3.22238	0.0333523	0.0186626	0.393013	0.460575	-0.164211	0.0936056	-0.366135	-0.101788	-0.168143	0.229762	-0.0947081	-0.280875	0.449272	-0.0852205	0.129649
-4.41263	2.98333	-0.0261135	0.0926456	0.371252	0.643929	-0.210121	0.133051	-0.303122	-0.236112	-0.105065	0.163772	-0.11949	-0.314416	0.446694	0.0985365	0.120477
-4.26606	2.87148	-0.0168664	0.105181	0.611415	0.612881	-0.124706	0.0783449	-0.271405	-0.108933	-0.24632	0.0983358	-0.196662	-0.176526	0.52993	0.12407	0.151841
-4.31479	3.01716	-0.138273	0.304187	0.662382	0.520465	-0.201662	0.164358	-0.279632	-0.0301584	-0.211192	0.138507	-0.225048	-0.107942	0.474557	0.0500251	0.255746
-4.54816	3.12488	-0.0302134	0.439907	0.743394	0.266767	-0.0620558	0.0661812	-0.0649242	-0.161424	-0.134893	0.0224579	-0.0573944	-0.243355	0.633576	-0.232431	0.417064
-5.03671	3.09839	-0.222149	0.305236	0.536768	-0.0877656	-0.36182	-0.256562	-0.191028	-0.382452	-0.383658	-0.0879734	-0.444569	-0.0933047	0.245106	-0.326245	-0.0603452
-5.11557	2.75952	0.0377418	0.411652	0.59826	-0.151752	-0.448842	-0.261657	-0.331011	-0.205717	-0.299199	0.0254794	-0.687179	0.0242494	0.0207509	-0.221491	-0.130065
-5.48399	2.69125	0.510585	0.403721	0.617362	-0.108617	-0.399979	0.101666	-0.371615	-0.192304	-0.638618	-0.00245821	-0.289659	0.137782	0.0454736	-0.357766	-0.210011
-5.46395	2.57535	0.345507	1.0378	0.855847	0.227034	-0.106485	0.0538157	-0.159441	-0.261765	-0.369164	0.221513	-0.159159	0.00817578	0.288227	-0.251992	-0.0816482
-5.48355	2.53547	0.502022	1.1194	0.921044	0.0804298	0.0672384	0.300761	0.0590805	-0.282199	-0.243045	0.14103	-0.372348	0.278429	-0.0121917	-0.163493	0.268723
-5.57056	2.10811	0.380819	1.26694	0.761664	0.169452	0.0482071	0.269103	-0.14881	0.119378	-0.140101	0.023282	-0.496648	-0.313872	-0.136759	0.0773186	0.15937
-5.14422	2.10648	0.180585	1.03149	0.638654	-0.143561	0.117009	0.318204	0.0378177	-0.293801	-0.228928	0.0131325	-0.419585	-0.100641	-0.071052	0.0347915	-0.13904
-5.17223	2.13297	0.206211	0.929815	0.775618	-0.140953	0.181942	0.414394	-0.237207	-0.231317	0.0643061	-0.145502	-0.358151	0.0239521	0.0165983	0.0677004	-0.159176
-5.50911	1.65799	0.165383	1.33874	0.708622	-0.0660402	0.0496023	0.342479	-0.216257	-0.0958065	-0.0067475	-0.17063	-0.449538	-0.0538792	0.0509131	-0.224087	-0.134969
-5.06642	1.58569	0.25743	1.24919	0.6863	-0.0764447	0.293406	0.434226	-0.0384194	0.141036	0.131176	0.103731	-0.265735	0.0970522	0.217072	0.0647499	-0.136336
-5.2328	1.13209	0.226624	1.32776	0.215851	0.207921	0.0488294	0.269083	-0.250889	0.234047	-0.0238449	0.0733951	-0.443784	0.0655372	0.0891112	-0.167983	-0.0268033
-5.40509	0.899527	0.143067	1.26558	0.242413	0.149326	0.310554	0.182623	-0.173969	0.187124	0.294567	0.355084	-0.142566	-0.186932	-0.159516	0.0578446	-0.01311
-5.5014	0.663111	0.189585	0.923302	-0.29155	0.283581	-0.00680835	0.0824646	-0.091325	0.0759917	-0.344855	-0.156968	-0.0338376	0.0858631	0.0263337	-0.0376732	-0.0544238
-5.25928	0.298518	0.219688	0.629275	-0.299153	0.325806	0.154594	0.016603	-0.124905	0.105607	-0.147571	-0.272826	-0.151067	-0.122441	0.250345	0.112986	0.073065
-5.16137	0.0511744	0.37219	0.658391	-0.243681	0.406287	0.0388275	-0.132279	-0.185006	0.133542	-0.110484	-0.178471	0.0122873	-0.0745005	0.068364	0.136902	0.0637301
-5.07114	-0.00727065	0.608065	0.725951	-0.206878	0.255791	-0.0336307	-0.105682	-0.208083	0.0235816	-0.0402805	0.0788963	0.041354	-0.0977336	-0.0521419	-0.016396	-0.107911
-4.98271	0.01873	0.720346	0.711285	-0.0894137	0.252162	-0.114472	-0.270229	-0.193913	-0.0172705	0.00954313	0.180038	0.0558681	-0.170088	-0.0775042	0.043164	-0.0463543
-4.83951	-0.231651	0.525008	0.587817	-0.106601	0.24804	-0.0660359	-0.146045	-0.0976676	-0.0502612	0.0318629	0.0677521	-0.0543148	-0.062194	0.125216	0.0734132	0.022776
-4.70847	-0.283626	0.520594	0.588882	-0.0480748	0.242086	-0.0111873	-0.0155025	0.00512503	0.148614	0.127953	0.105487	-0.0238401	-0.000192491	0.184582	-0.0455831	-0.00642231
-4.69698	-0.223137	0.671182	0.598372	-0.150755	0.349103	-0.0309039	0.00422103	-0.116341	0.0284868	0.129087	0.185552	0.109998	0.133757	0.232295	0.0295312	0.0794165
-4.80234	-0.298979	0.749604	0.627685	-0.180376	0.529683	0.0235051	-0.119709	-0.0627917	0.0461804	0.143459	0.0988207	0.109624	0.20455	0.170629	0.15086	0.145836
-4.95132	-0.61188	0.64684	0.621449	-0.166035	0.576518	0.0358563	-0.0315398	-0.00154855	0.1384	0.201349	0.00535561	-0.00346062	0.160187	0.171348	0.195796	0.140512
-5.05607	-0.5574	0.769451	0.518947	-0.280074	0.638918	0.165122	-0.019984	-0.103721	0.02245	0.194465	0.114415	0.012629	0.124932	0.188256	0.0436502	0.118805
-4.97708	-0.511098	0.808367	0.501221	-0.296471	0.562518	0.159175	-0.0543138	-0.13417	-0.0323696	0.0678731	0.140317	-0.0223235	0.0933077	0.291235	0.0700248	0.150822
-4.90939	-0.495614	0.74112	0.415701	-0.285041	0.384942	0.0402553	-0.133237	-0.00729116	0.110651	-0.000243612	0.10294	0.0164629	0.139604	0.131568	-0.0569182	0.145087
-4.91407	-0.483672	0.709585	0.450006	-0.318798	0.207556	-0.105758	0.01892	0.117603	0.100604	-0.0685184	0.0337569	-0.027687	0.00494986	0.0736409	0.00253769	0.011863
-4.92968	-0.47842	0.697269	0.365839	-0.404175	0.280416	-0.154776	0.0365291	0.0446304	-0.0800513	-0.174429	-0.0415487	-0.0118676	-0.0045715	0.0899479	0.0753073	0.123985
-5.07725	-0.581203	0.84031	0.463026	-0.345627	0.166124	-0.213377	0.0229839	-0.0186437	-0.218213	-0.0673386	0.0779798	0.0356474	0.133157	0.183169	-0.0384932	0.15102
-5.14522	-0.76155	0.669519	0.452259	-0.175976	0.246709	-0.186826	-0.142196	0.0370968	-0.100121	0.00860325	0.188036	0.0775589	0.293402	0.158834	-0.0326462	0.19723
-5.071	-0.750109	0.539424	0.431361	-0.170634	0.239982	-0.113816	-0.114708	0.123106	0.00152838	-0.0800835	0.0518219	-0.0625327	0.224464	0.101088	0.134312	0.207453
-4.91932	-0.468757	0.665435	0.408553	-0.228509	0.286363	-0.145765	-0.165849	0.0255008	0.0860282	-0.0623831	0.0968154	-0.120891	0.0400981	-0.0129395	0.0127722	0.0912874
-4.94816	-0.450238	0.759985	0.404038	-0.163896	0.300775	-0.0940909	-0.11748	-0.0977945	0.0474883	0.0550392	0.05463	-0.0953682	0.00374038	0.00840377	-0.0141012	0.0998887
-5.06856	-0.505897	0.768845	0.469367	-0.0844514	0.294064	-0.0190954	-0.0139043	0.0717838	0.0789386	-0.0713083	0.0385204	-0.240026	-0.0528298	0.132371	-0.117317	-0.0645361
-5.15411	-0.52756	0.691893	0.547873	-0.0162386	0.35538	-0.0723487	-0.0345837	-0.0320191	0.0645994	0.0433466	0.27312	-0.124322	-0.0224284	0.0998149	-0.196967	-0.0684618
-5.31495	-0.475837	0.959231	0.636381	-0.0222317	0.510736	-0.0270911	0.0205113	-0.130438	0.0355623	-0.0122667	0.284223	-0.180457	-0.104311	0.0306193	-0.139699	0.118075
-5.69483	-0.491288	0.53605	0.514268	-0.538678	0.3395	-0.0717944	-0.264389	0.0579927	0.171285	0.114988	0.0629989	-0.11559	-0.249567	0.095791	-0.143306	-0.10497
-5.57991	0.140875	0.983739	1.26804	0.0972233	0.507965	-0.173578	-0.24219	-0.122586	-0.0155436	-0.178118	0.269169	-0.181029	0.0148436	-0.0759441	0.0971284	0.174775
-5.55932	0.649769	1.4917	1.35519	0.492729	0.696337	0.510306	-0.0551712	0.147127	-0.223358	-0.276212	-0.271183	-0.202433	0.0809363	0.204748	-0.0977642	0.521238
-4.10451	1.64119	0.65533	1.57903	-0.0452137	0.525907	0.334996	0.164777	-0.348761	-0.181995	-0.144514	-0.066105	-0.0796532	0.114186	-0.0141784	0.0373153	-0.086545
-3.68232	1.2136	0.906368	1.74258	-0.399387	0.485427	0.283451	0.129316	-0.154571	0.0294175	-0.137226	-0.0774862	-0.169148	0.135671	-0.0139722	-0.08532	0.0687572
-3.71342	1.04676	0.812239	1.6294	-0.409032	0.409287	0.2274	-0.0109017	-0.255512	-0.0674199	-0.127663	-0.0465025	-0.0849902	0.247493	0.0927598	-0.0915636	0.0157135
-3.51402	1.1601	0.787366	1.73844	-0.331942	0.524159	0.217013	0.0717206	-0.202632	0.101552	-0.105937	-0.0173305	-0.0904825	0.192985	0.0721934	0.0210288	0.125376
-3.52658	1.10991	0.85607	1.6624	-0.344126	0.563172	0.227538	0.065956	-0.177614	0.118272	-0.084239	0.0531437	-0.0806856	0.2154	0.0848427	0.0440702	0.143128
-3.55743	1.14039	0.885982	1.65932	-0.311448	0.560328	0.276462	0.0904574	-0.152923	0.126614	-0.0202429	0.0514346	-0.0614814	0.198669	0.0933598	0.0450677	0.181808
-3.67186	1.22026	0.765968	1.70658	-0.469631	0.588603	0.139371	0.132787	-0.326684	0.159802	-0.138498	0.0779924	-0.145185	0.236919	0.0441048	0.0882622	0.0595177
-3.61836	1.13551	0.921765	1.62025	-0.349819	0.510229	0.273559	0.0810941	-0.236451	0.11517	-0.0629545	0.0144158	-0.090714	0.196376	0.107957	0.0256014	0.155526
-3.6308	1.16888	0.871052	1.65283	-0.335467	0.514588	0.29297	0.0510026	-0.190239	0.0656218	-0.0547367	-0.0197886	-0.0907417	0.187098	0.100876	0.0406648	0.14403
-3.62709	1.10166	0.937277	1.61093	-0.321831	0.467101	0.28987	0.0408339	-0.213562	0.0907267	-0.0700963	-0.0133837	-0.109785	0.188312	0.054492	0.0619315	0.137528
-3.71389	1.23511	0.896012	1.65381	-0.332142	0.513467	0.302224	0.034448	-0.210192	0.0998886	-0.0688551	-0.018655	-0.112505	0.194882	0.0654011	0.0611882	0.152627
-3.72885	1.20751	0.883049	1.69267	-0.376226	0.495431	0.296852	0.0436033	-0.25923	0.115439	-0.0707934	-0.0505311	-0.10331	0.149428	0.0814816	0.0589208	0.128188
-3.79951	1.32849	0.841328	1.75039	-0.368085	0.539482	0.267228	0.089792	-0.248288	0.131381	-0.0728928	-0.0448943	-0.0691441	0.113474	0.103583	0.0558478	0.17947
-3.87075	1.43794	0.797272	1.8199	-0.345265	0.523623	0.310238	0.103271	-0.239036	0.143364	0.00108714	-0.0831717	-0.0233978	0.0660523	0.129813	0.0527444	0.215386
-3.96024	1.4559	0.869087	1.76899	-0.406494	0.503516	0.300718	0.0910084	-0.33542	0.191906	-0.0633889	-0.0788053	-0.0334925	0.089195	0.0571568	0.100794	0.166069
-3.98264	1.44912	0.818889	1.74858	-0.294882	0.40473	0.328292	0.0886502	-0.283	0.0959676	-0.0363656	-0.121075	-0.0308412	0.0645852	0.0480509	0.103068	0.151796
-4.08422	1.58774	0.703482	1.81949	-0.255557	0.369483	0.308668	0.157783	-0.361055	0.125613	-0.0260013	-0.150138	-0.00847796	0.044247	0.0771037	0.0606465	0.170564
-4.20212	1.72737	0.639796	1.87544	-0.309604	0.365694	0.314499	0.184916	-0.394162	0.133353	-0.041691	-0.156688	-0.010319	0.117198	0.00953047	0.0915091	0.175063
-4.29999	1.89892	0.509178	1.93044	-0.241954	0.339052	0.272121	0.24972	-0.438142	0.0524049	0.122061	-0.216562	-0.0319103	0.130441	0.0267424	0.0663914	0.199379
-4.35218	1.91595	0.329498	1.93199	-0.264148	0.190636	0.171102	0.296046	-0.459039	-0.0850783	0.0600636	-0.231632	-0.0682548	0.122274	-0.0532555	0.0468944	0.141923
-4.37854	2.05288	0.274812	1.79865	-0.0385451	0.15403	0.156996	0.309308	-0.451637	-0.115966	0.0399477	-0.150899	-0.18683	0.154658	0.0486853	0.0661438	0.122093
-4.4268	2.17979	0.199872	1.75208	0.0774871	0.23348	0.00947898	0.41504	-0.319319	-0.205208	-0.0528866	-0.10546	-0.00708132	0.0511012	0.0244209	0.123852	0.180296
-4.52108	2.39443	0.171857	1.53992	0.159033	0.396927	-0.135006	0.252381	-0.182224	-0.220325	-0.0590984	-0.196771	0.112347	0.0702071	-0.00888687	0.139296	0.165014
-4.62544	2.55883	0.189227	1.35243	0.137905	0.639349	-0.181934	0.0674137	-0.117941	-0.16815	-0.0526566	-0.310552	0.211551	0.00291114	0.101127	0.0109073	0.234714
-4.78403	2.69303	0.334019	1.16626	0.00198678	0.788013	-0.0771038	0.0168686	-0.251106	-0.142536	-0.0102528	-0.338492	0.109667	0.0603235	0.140273	0.0134073	0.199712
-4.94526	2.96806	0.526459	1.14934	-0.0700679	0.929522	0.255685	0.197925	-0.354237	-0.114181	0.123422	-0.0976619	-0.078988	0.116063	0.187106	0.295713	0.215997
-5.41942	3.14357	0.640369	0.892231	-0.364315	0.718273	0.33384	0.045479	-0.537108	-0.407945	0.0239013	-0.160811	-0.0182682	-0.0651232	-0.03495	0.169903	0.168404
-5.56697	3.46284	0.634204	1.14261	-0.29914	0.918846	0.29564	0.295263	-0.27302	-0.318427	0.097026	-0.225011	0.0834411	-0.00394748	0.305046	0.174676	0.219442
-5.4022	3.20371	0.234178	0.821685	-0.057764	0.714527	0.103455	0.152049	-0.170659	-0.538761	-0.222747	-0.293656	-0.0196291	-0.0221804	-0.0152316	0.234559	0.105193
-5.60899	3.49819	0.733507	0.886337	-0.0470451	0.789284	0.283446	0.466293	0.130104	-0.520817	-0.0852503	-0.186136	0.191692	-0.0303029	0.184945	0.365046	0.265541
-5.64614	3.25633	0.777551	0.820772	-0.499298	0.561329	0.30376	0.173484	-0.216859	-0.177034	-0.243552	-0.455116	-0.0843405	0.215276	0.138602	0.0915042	-0.00539845
-5.46312	3.38414	0.595568	0.901741	-0.224026	0.570318	0.15375	0.258887	0.0337848	-0.290807	-0.143073	-0.0945905	-0.0803973	-0.00115215	0.159166	0.382204	-0.0264095
-5.58646	3.51967	0.758648	0.943101	-0.471505	0.39477	0.447071	0.264211	0.034565	-0.505948	-0.0362399	-0.158677	0.0370723	-0.0180075	0.175623	0.249863	0.0674422
-5.33928	3.43231	0.514934	0.933345	-0.461436	0.523332	0.287599	0.0975408	0.015574	-0.404962	-0.0808144	-0.352151	-0.0175432	0.139097	0.155602	0.150323	0.0676317
-5.04924	3.22373	0.616787	0.740903	-0.369547	0.700816	0.295329	0.0680535	-0.0246534	-0.413789	-0.265916	-0.233719	0.128374	-0.0249151	0.2792	0.172704	0.114344
-4.97009	3.22886	0.367328	0.853032	-0.489943	0.745868	0.503551	0.10415	-0.273296	-0.566395	-0.360265	-0.243226	0.025795	0.0776201	0.29642	0.189148	0.11664
-4.75996	3.22602	0.236439	0.790446	-0.40181	0.903033	0.468828	0.0306923	-0.334508	-0.598276	-0.308446	-0.246676	0.101809	-0.00119972	0.252524	0.2202	0.262739
-4.55992	3.16854	0.329088	0.66585	-0.278921	0.532062	0.358297	-0.12192	-0.386424	-0.441284	-0.183098	-0.0641587	0.0813171	-0.105414	0.147482	0.162672	0.261137
-4.29129	3.16129	0.146396	0.960372	-0.457372	0.616599	0.250336	-0.0376664	-0.390454	-0.356678	-0.136597	-0.00905165	0.189239	-0.140458	0.0740625	0.0585056	0.495382
-4.01966	3.21889	0.0404446	0.7664	-0.027164	0.632604	0.194639	-0.285356	-0.289529	0.0498177	0.0626456	-0.0797961	0.0138542	0.0597706	0.29368	0.126196	0.32698
-3.62382	2.75506	0.115558	0.759411	0.014403	0.554423	-0.0010313	-0.253147	-0.191903	0.105897	-0.0247389	-0.102413	0.046835	0.0779221	0.280055	0.150421	0.213584
-3.58208	2.71657	0.059238	0.678481	0.131511	0.425888	-0.194704	-0.0784087	-0.278213	0.179447	-0.120791	-0.19758	0.170505	0.0559538	0.20519	0.140326	0.20032
-3.39342	2.40653	2.51391e-05	0.817671	-0.0509186	0.435484	-0.420744	0.0262749	-0.308765	0.189625	-0.314967	-0.0990901	0.102176	0.081387	0.063894	0.14181	0.154413
-3.41717	2.59001	0.136587	0.843634	0.223807	0.320574	-0.0831038	-0.103531	0.0302535	0.140375	-0.228035	0.078526	0.123885	0.116302	0.173691	0.0651037	0.400566
-3.34039	2.24751	0.370225	0.809921	0.171136	0.382546	-0.199951	-0.0964771	0.126857	-0.0518377	-0.161009	0.0189121	0.196807	0.0169239	0.162976	0.131637	0.307137
-3.61471	2.47027	0.499681	0.895469	0.376629	0.498584	-0.207916	0.162801	0.00698765	0.0484843	-0.167103	0.124824	0.26237	0.137456	0.206228	0.143091	0.299414
-4.20434	2.42586	0.435096	0.896378	0.72502	0.656099	0.111903	0.0689592	-0.194282	-0.11003	-0.520401	-0.136996	0.213859	0.18069	0.308412	0.219662	0.324086
-4.42762	2.53054	0.721675	0.78027	0.474031	0.388844	-0.0578767	0.0462663	-0.120667	0.157134	-0.140415	-0.026314	0.351572	0.0774035	0.0563699	0.024437	0.220263
-4.89159	2.19451	0.8271	0.718283	0.550742	0.0165165	0.0253629	0.113531	-0.0049826	-0.0448313	-0.345637	0.0411989	0.154518	0.0221879	0.0389729	0.0515544	-0.0244088
-5.01244	1.23087	1.13607	0.583306	0.725935	-0.130613	0.0141442	0.0985721	-0.0066155	-0.148127	-0.518713	-0.188791	0.181763	-0.0985322	-0.18716	0.00161638	0.060566
-4.89836	0.816141	0.780284	0.726281	0.991166	-0.107198	0.0926917	0.103154	0.0382609	-0.0746818	-0.16091	-0.11766	-0.269955	-0.120402	-0.150961	0.0912574	0.183194
-4.96094	0.269572	0.66673	0.727273	0.592354	0.360919	0.246251	0.179939	-0.171963	-0.500797	-0.171136	-0.0304657	-0.0472322	-0.0571592	-0.0197634	0.20928	0.00872937
-5.06417	0.127794	0.551329	0.541995	0.78471	-0.0546265	0.225041	0.0347663	-0.023784	-0.0868227	-0.209584	0.166682	0.0115869	-0.129745	-0.135201	0.190032	-0.307136
-4.9931	0.263151	0.677029	0.177635	0.606129	0.140417	0.51578	0.28291	0.0997446	0.106385	0.392768	0.0908266	0.0477415	-0.243534	-0.108362	0.12646	-0.118047
-5.24254	0.215538	0.817572	-0.0481348	0.481171	-0.0590172	0.189491	0.225579	0.337622	-0.140163	0.182973	0.10964	-0.0316665	-0.159788	-0.0654599	-0.0372328	0.0562484
-5.27164	-0.536281	0.687679	-0.0843469	0.251555	0.026032	0.161694	0.122938	0.174668	-0.113719	-0.00135913	-0.0442874	0.137264	-0.153707	-0.159958	-0.127543	-0.00946892
-5.30229	-0.587807	0.547595	-0.206336	0.246466	0.0043961	0.275608	0.0742874	0.0460873	-0.136571	-0.0316818	0.00856631	0.147594	-0.0734045	-0.129622	-0.0412006	-0.0248762
-5.28605	-0.495069	0.52141	-0.255765	0.186481	0.0232102	0.256958	0.0958876	0.0258607	-0.215083	0.0646319	0.202925	0.106911	-0.171288	-0.161485	0.0844281	-0.0323948
-5.25368	-0.460453	0.544162	-0.207741	0.189789	-0.0308813	-0.0151027	0.0189417	-0.0163332	-0.131672	0.0726821	0.231496	0.193493	-0.0728382	0.00871619	0.21553	0.0784677
-4.99996	-0.57758	0.347798	-0.241388	0.135565	-0.0203341	0.0524769	0.0549596	0.0246901	-0.0717772	-0.0819565	0.216925	0.0847742	0.0051233	0.075282	0.219708	0.0703295
-4.97102	-0.869032	0.297359	-0.214392	0.0997782	0.0514109	0.169214	0.198836	0.210734	0.0279065	-0.199365	0.14035	0.030963	0.0426159	0.141959	0.198132	0.0644269
-4.94792	-1.02186	0.507289	-0.12598	0.162374	-0.0255128	0.0159355	0.278629	0.276529	-0.036102	-0.120337	0.0902127	0.155197	0.120173	0.041402	0.162104	0.0770438
-4.93488	-0.864698	0.646889	-0.182515	0.387903	-0.158764	-0.2207	0.212915	0.171506	-0.121987	-0.0672049	0.0263278	0.0905924	0.101991	-0.0224327	0.130347	0.0810561
-4.79017	-0.61507	0.731667	-0.0036651	0.709242	0.146955	-0.21642	0.192206	0.15662	-0.0305131	-0.0989472	0.0704911	0.00672388	0.01636	-0.0419864	0.194854	-0.126786
-4.83573	-0.358487	0.618394	-0.0629074	0.887197	0.402117	0.0124727	0.306389	0.139763	-0.0475834	-0.0937272	0.0760246	-0.0970854	-0.14842	-0.0114065	0.235956	-0.140657
-5.28299	-0.0497517	0.480115	-0.111586	0.962975	0.400176	0.170365	0.196448	0.0622895	-0.0111099	-0.0633294	0.0246965	-0.113057	0.0254576	0.0860071	0.247027	-0.113774
-5.99751	0.307871	0.235982	-0.0845096	0.987632	0.47937	0.166788	0.0253359	0.0464873	0.129585	-0.116525	-0.0613252	-0.0853731	0.058363	-0.0293219	0.11143	-0.0682018
-6.45718	0.134496	0.260495	0.224823	0.684245	0.350973	0.00128098	0.139852	-0.0136112	0.232635	0.0743711	-0.0365473	-0.134597	0.101199	0.0483461	0.077797	-0.050979
-6.52847	-0.348988	0.399294	0.632495	0.538329	0.267889	0.121349	0.416327	-0.149327	0.16518	0.234318	0.171684	-0.126173	-0.00962986	-0.0795607	0.0122745	-0.037617
-6.60193	-0.380432	0.403242	0.582642	0.35862	0.183014	0.201083	0.450473	-0.110144	0.150032	0.293509	0.275139	-0.0202701	0.0941664	-0.0499979	0.0159783	-0.0062871
-7.08398	-0.134048	0.41824	0.519791	0.372275	0.186468	0.24753	0.336853	-0.0476407	0.215951	0.31044	0.335704	0.0824815	0.137676	0.0209853	0.0877619	-0.0473122
-7.74631	0.179576	0.57585	0.550532	0.610742	0.197204	0.357868	0.160666	0.0109815	0.30475	0.154313	0.321798	0.0029579	0.126335	0.125588	0.195655	-0.0442883
-8.3594	0.730771	0.691237	0.559494	0.429583	0.116953	0.350584	0.293031	0.0246572	0.181798	0.114591	0.234128	0.000567891	0.19698	0.103311	0.190302	0.0418129
-8.87302	1.29588	0.589558	0.520822	0.333611	0.283895	0.273159	0.168481	0.250938	0.198435	0.144803	0.190128	0.169505	0.13053	0.0862623	0.15044	0.0692713
-9.03718	1.39713	0.485341	0.481467	0.342874	0.410614	0.327767	0.182009	0.314108	0.324158	0.202785	0.178137	0.0642401	0.112289	0.023748	0.0884796	0.215838
-8.96129	1.26649	0.546021	0.581191	0.28507	0.329351	0.346718	0.268699	0.3492	0.414751	0.161457	0.0989346	-0.00651987	0.162519	0.039694	0.145863	0.230994
-8.69017	0.826808	0.435867	0.896509	0.396502	0.358818	0.363098	0.270175	0.0590079	0.413635	0.102185	0.0733293	0.0392547	0.0808799	-0.0449858	0.202848	0.121938
-7.24489	0.668593	1.10425	0.80961	-0.164302	0.0312939	-0.167357	0.0181281	0.034574	0.0691394	0.195502	-0.0462413	0.35015	0.00893897	0.0972673	0.20611	0.00349687
-6.01012	0.415587	1.32193	0.837116	-0.293424	-0.114748	-0.163184	-0.0777882	-0.0107607	-0.00752285	0.0733792	0.0981301	0.224948	0.0464297	0.0772983	0.131491	-0.0624489
-5.364	0.16562	1.31929	0.794473	-0.0977459	-0.0685567	-0.17038	-0.14634	-0.0527816	-0.0244527	0.0777809	0.193894	0.138382	0.0987263	-0.0309696	0.141055	0.0266853
-5.13479	-0.20533	1.14761	0.85494	0.135836	0.120501	-0.202728	-0.258194	-0.113702	0.0738732	0.0271153	0.190996	0.0414481	0.0111329	0.0112072	0.0734642	0.0566062
-5.06912	-0.548752	0.955942	0.742371	0.163788	0.366863	0.0255402	-0.146167	-0.22544	-0.0136769	-0.0166945	0.180953	0.101959	0.0429342	-0.0597624	-0.141354	0.006425
-4.8548	-0.540333	0.901442	0.549392	-0.171846	0.247537	0.0630131	-0.10762	-0.261697	-0.116275	-0.128523	0.15415	-0.125023	-0.0941546	-0.0468159	-0.177057	0.0207206
-4.53093	-0.261998	0.770616	0.584047	-0.0974293	0.235327	0.175323	-0.0420339	-0.189563	0.00381213	-0.0378529	0.326508	0.0302977	-0.108689	0.0370017	-0.0861149	0.0942357
-4.32841	-0.182284	0.674545	0.758219	-0.116282	0.11992	0.0256442	-0.0373361	-0.210286	0.0589826	-0.114554	0.238708	0.0277787	-0.305372	-0.0407809	-0.061146	0.0805515
-4.38311	-0.232714	0.713797	0.943402	-0.111664	0.103117	-0.0228275	-0.0157701	-0.210497	0.105901	-0.0691019	0.346357	-0.0163583	-0.31075	-0.0125094	0.042408	0.193172
-4.71513	-0.3649	0.71314	0.85754	-0.177127	0.232255	0.0407581	-0.0925876	-0.191137	0.039309	-0.145804	0.168981	-0.0389836	-0.0264165	0.0702238	0.0518479	0.140267
-4.9345	-0.480421	0.578174	0.831619	-0.238957	0.32077	0.0599112	-0.163549	-0.130458	0.079542	-0.21543	0.0524192	-0.0344208	0.0759282	0.0490949	0.0420518	0.118961
-5.01475	-0.392128	0.611371	0.927899	-0.116973	0.412254	0.0681521	-0.251402	-0.323071	-0.118791	-0.302188	0.0382608	0.00583757	0.00368925	0.00262778	0.0420822	0.133003
-5.01895	-0.309609	0.570887	0.911687	-0.153436	0.459465	0.118859	-0.119761	-0.354137	-0.0239779	-0.205756	-0.0104527	-0.123213	-0.172294	0.152487	0.133699	0.0786912
-5.09333	-0.120789	0.671365	0.894144	-0.230144	0.342772	0.0370097	-0.169285	-0.361386	0.0480773	-0.0543084	0.0755451	0.0132066	-0.138058	0.272587	0.0991814	0.00939755
-5.15477	-0.0185007	0.787525	0.926769	-0.273784	0.265078	0.122204	-0.0982353	-0.26868	0.0614739	-0.136938	-0.0455407	0.0675988	0.0110887	0.160454	-0.037154	-0.004219
-5.27484	0.226431	0.621835	0.753169	-0.444198	0.164443	0.0582539	-0.109559	-0.250526	0.164265	-0.171986	-0.138651	-0.00373203	0.0330276	0.0230423	-0.0624515	0.0534152
-5.36597	0.55403	0.556865	0.624263	-0.56366	0.156484	0.12157	-0.134837	-0.271173	0.318065	-0.145524	-0.186534	-0.128381	-0.132415	-0.071745	0.0039498	0.0906325
-5.45504	1.01933	0.795549	1.00343	-0.635667	0.105063	0.341742	0.124248	-0.181968	0.435209	-0.327086	-0.205358	0.0302187	0.0612029	-0.120565	0.0833437	0.151792
-5.52244	1.09539	0.792612	1.04493	-0.41944	0.3712	0.70674	-0.114691	-0.406806	0.182815	-0.172244	-0.0647682	0.0580811	0.00238988	-0.00388515	-0.0738645	-0.112769
-5.59455	1.32069	1.04694	1.33768	-0.137849	0.393989	0.589604	0.114899	0.0287482	0.377986	-0.33304	-0.0444549	0.0637825	-0.170077	-0.106023	-0.0598116	-0.118392
-5.04309	1.68777	1.4197	1.31334	0.130857	0.644273	0.266611	0.22464	-0.253872	0.112976	-0.179114	0.0597529	-0.199127	-0.0356398	-0.0590584	0.0611235	0.096434
-4.65515	1.42916	1.56747	1.34487	-0.175965	0.629045	0.417092	0.0640768	-0.401564	0.36342	0.152575	-0.0478713	-0.105747	0.19832	-0.21871	-0.430742	0.0493343
-4.51082	2.03226	1.37756	1.33269	0.132193	0.622708	0.394329	-0.119699	0.0534736	0.685141	-0.382965	0.278425	0.121555	0.317002	-0.0983413	0.0986789	0.0735318
-4.57263	1.83448	1.21044	1.32567	-0.218941	0.378342	0.18824	-0.116727	-0.130937	0.478619	-0.436201	-0.0153729	0.103717	0.132057	-0.171095	-0.061785	0.0562768
-4.44718	1.784	1.36795	1.23285	-0.247302	0.245173	0.407789	-0.0655949	-0.213212	0.484526	-0.345344	0.00291865	0.0693569	0.0548042	0.0749277	-0.194536	0.176659
-4.59039	2.24053	1.24894	0.989736	0.0232902	0.245373	0.190588	0.17677	-0.294655	0.3316	-0.0953446	-0.015254	0.0618011	0.0638087	0.0758624	-0.184469	0.264683
-4.40943	1.9448	1.09914	0.882196	-0.329364	0.4028	0.169744	-0.194714	-0.266975	0.310171	-0.460659	0.0577182	-0.0725035	-0.0670422	-0.00472056	-0.122219	-0.0104255
-4.30778	1.91678	0.708259	1.10111	-0.325295	0.2415	0.214024	-0.364146	-0.424331	0.285764	-0.425709	-0.0784688	-0.138811	0.0832863	-0.146099	-0.208719	0.0556084
-4.2298	1.77537	0.761922	1.06704	-0.427874	0.303668	0.16027	-0.177203	-0.542144	0.338941	-0.35857	-0.0943852	-0.112862	0.0021115	-0.0550276	-0.240797	0.0030482
-4.26512	1.83102	0.671255	1.16821	-0.533914	0.597413	-0.112134	-0.18264	-0.532275	0.374144	-0.476639	-0.115509	-0.0285063	-0.0322154	-0.0491479	-0.259438	0.0927515
-4.23693	1.66544	0.745195	1.09416	-0.414908	0.366193	0.109029	-0.17576	-0.509879	0.375253	-0.422669	-0.0601336	-0.0747381	0.0142295	-0.124889	-0.171187	0.000661339
-4.20715	1.63969	0.810719	1.08453	-0.377836	0.450336	0.0341869	-0.17766	-0.594027	0.419146	-0.510474	-0.0366517	-0.0375208	0.04576	-0.122873	-0.169655	0.0872249
-4.26879	1.61776	0.792342	1.14617	-0.516804	0.561252	-0.0369143	-0.208332	-0.537877	0.383065	-0.497454	-0.11429	-0.00135189	-0.0272419	-0.038065	-0.203387	0.0603745
-4.22099	1.57284	0.842714	0.991447	-0.378813	0.465378	0.0221505	-0.182829	-0.577761	0.382234	-0.449213	-0.113909	-0.0231329	-0.00523753	-0.0262419	-0.206111	0.0545467
-4.1895	1.51507	0.857783	0.999274	-0.401424	0.50388	-0.00166332	-0.27231	-0.555233	0.392153	-0.524776	-0.142626	0.0300318	-0.0133418	-0.00867595	-0.168008	0.0393698
-4.21071	1.47501	0.838845	1.03192	-0.42546	0.461977	-0.0106788	-0.239897	-0.578113	0.400002	-0.578139	-0.197029	0.0494166	-0.0346906	0.0174485	-0.166318	0.0273924
-4.22445	1.51576	0.816669	1.06239	-0.353097	0.467363	0.00750676	-0.194013	-0.544599	0.351127	-0.485439	-0.20886	0.0766755	-0.0268774	0.0649877	-0.142221	0.0504449
-4.22586	1.457	0.909393	1.09295	-0.263129	0.482227	0.00908154	-0.138627	-0.549712	0.345897	-0.460333	-0.216529	0.0379653	0.123782	0.0994815	-0.112033	0.107159
-4.37554	1.54471	0.881402	1.08383	-0.171757	0.476943	0.117891	-0.236972	-0.574679	0.335204	-0.616781	-0.216399	0.0472814	0.134227	0.136624	-0.0338103	0.0906665
-4.63713	1.68025	0.887579	1.05068	-0.108606	0.520059	0.00491335	-0.26764	-0.532736	0.225041	-0.699295	-0.168084	0.0683506	0.0959382	0.039708	0.0559019	0.0600174
-4.83816	1.42524	0.517491	0.810931	-0.246979	0.451977	-0.191199	-0.204542	-0.663494	0.105859	-0.581097	-0.361886	-0.0448787	0.0357878	-0.0577778	-0.185081	-0.0200327
-4.91222	1.42112	0.537439	0.850421	-0.201409	0.534143	-0.170128	-0.16247	-0.754373	0.189752	-0.656786	-0.313498	-0.0236323	0.0799348	-0.0418444	-0.137667	-0.0598994
-5.23432	1.20928	0.38622	0.78016	-0.144809	0.422405	-0.165811	-0.300246	-0.942721	0.0542574	-0.883849	-0.42864	-0.048837	0.0246142	0.0324436	-0.211826	-0.0403763
-5.512	1.08266	0.481496	0.951798	-0.147852	0.348244	-0.0333185	-0.244045	-0.706686	0.253476	-0.725617	-0.410765	-0.101048	-0.0249472	-0.123949	-0.277174	-0.0806307
-5.54569	1.23199	0.607639	0.925152	-0.140344	0.533733	-0.0994769	-0.143765	-0.563174	0.184865	-0.652918	-0.24564	0.0804715	0.014099	0.189319	0.0354643	0.062652
-5.35103	1.46143	0.366868	0.928112	-0.272821	0.194531	-0.184763	-0.363183	-0.651049	0.154541	-0.651658	-0.30299	-0.00422223	0.00376547	-0.127894	-0.187951	-0.139507
-5.42784	1.38466	0.55232	0.945278	-0.135005	0.263245	-0.215437	-0.22463	-0.667189	0.277261	-0.543922	-0.271592	0.047367	-0.0460461	-0.0848507	-0.273307	-0.0507696
-5.48796	1.65003	0.557253	0.92626	0.0443737	0.187264	-0.245286	-0.278254	-0.677719	0.237169	-0.541336	-0.207832	0.0312332	0.0526779	-0.072486	-0.192593	-0.154222
-5.65741	1.8679	0.476684	0.841001	0.166167	0.0798642	-0.26283	-0.319271	-0.643024	0.12888	-0.432792	-0.307398	0.0679397	-0.0677425	-0.0618405	-0.256594	-0.23235
-5.81834	1.87357	0.474482	0.654856	0.159105	-0.0683826	-0.445733	-0.236805	-0.710158	0.0850843	-0.47908	-0.387144	-0.0451612	-0.111685	-0.14094	-0.285338	-0.319147
-6.15877	1.86479	0.73296	0.68206	0.156138	0.0520515	-0.36801	-0.10619	-0.713925	0.157447	-0.388693	-0.299975	-0.0527698	-0.038534	-0.153124	-0.380713	-0.322507
-6.15668	1.7416	0.777714	0.508075	0.279978	-0.0632989	-0.475204	-0.0470438	-0.75315	0.045094	-0.524935	-0.321717	-0.0621207	-0.15825	-0.0481285	-0.240606	-0.323504
-6.14912	1.78691	0.766967	0.517998	0.373136	-0.136252	-0.429323	-0.0388357	-0.728898	0.138307	-0.35781	-0.298722	-0.140865	-0.231205	-0.084494	-0.195916	-0.309072
-6.08499	1.87588	0.657087	0.600265	0.331849	-0.14276	-0.364564	-0.149358	-0.751292	0.122167	-0.451017	-0.255654	-0.0811976	-0.111454	-0.15631	-0.174892	-0.323707
-6.23377	2.04988	0.878951	0.599578	0.403618	-0.0163169	-0.276545	-0.0619049	-0.703488	0.230463	-0.345736	-0.189022	-0.0163637	-0.0915158	-0.0750966	-0.167853	-0.268431
-5.96056	2.13466	0.684744	0.445566	0.279274	-0.141256	-0.420476	-0.260928	-0.7912	0.0680623	-0.501813	-0.32985	-0.0467487	-0.0825458	-0.127887	-0.250037	-0.25375
-5.83323	2.27784	0.760305	0.622223	0.307914	-0.27187	-0.246172	-0.151327	-0.846637	0.173125	-0.490626	-0.226041	-0.095288	-0.0234232	-0.123531	-0.289482	-0.27004
-5.78697	2.25937	0.762755	0.637116	0.288157	-0.223031	-0.245995	-0.0288806	-0.919356	0.183087	-0.441784	-0.318778	0.028493	-0.187909	-0.103434	-0.221008	-0.388658
-5.76242	2.03225	0.618406	0.537063	0.158051	-0.184388	-0.352455	-0.190886	-0.907175	0.130334	-0.56958	-0.382617	-0.12556	-0.119622	-0.192765	-0.342794	-0.349028
-5.80759	2.13992	0.71283	0.609427	0.18599	-0.112184	-0.284961	-0.129023	-0.829254	0.152857	-0.488682	-0.360368	-0.0599757	-0.0964963	-0.16074	-0.252297	-0.367436
-5.91933	2.22337	0.778976	0.666946	0.23515	-0.198334	-0.331787	-0.128834	-0.704498	0.0658141	-0.48404	-0.292343	-0.0317166	-0.0697081	-0.197302	-0.26904	-0.295729
-6.07304	2.23297	0.981804	0.826521	0.277916	0.00284397	-0.473522	-0.224631	-0.734802	0.102469	-0.24438	-0.305016	-0.104779	-0.0961837	-0.21842	-0.266324	-0.333198
-5.96962	2.33598	0.897	0.868689	0.24054	0.030935	-0.338533	0.0272592	-0.680562	0.0339316	-0.38113	-0.266172	-0.0372797	-0.16159	-0.0642233	-0.171593	-0.240568
-6.11259	2.44774	0.892713	0.992699	0.402218	0.084012	-0.180795	0.141861	-0.522933	0.117824	-0.329001	-0.27576	0.0331161	0.0897429	-0.119949	-0.227976	-0.235525
-6.22799	2.40692	1.12215	0.946526	0.469234	0.123512	-0.0702967	0.0117634	-0.454318	-0.0367784	-0.200225	-0.273176	-0.0739905	-0.0169142	-0.0654918	-0.234165	-0.13699
-6.66834	2.84362	1.3305	1.21655	0.568335	0.0743411	-0.483476	0.0532496	-0.6604	0.163919	0.116598	0.00920378	-0.159783	-0.0256453	-0.160891	0.0668601	-0.0464915
-6.74866	2.47442	1.67381	1.14322	0.555559	0.172856	-0.178394	-0.00150041	-0.285672	0.416309	-0.285202	-0.24654	0.0523433	-0.144841	0.0148511	0.109592	-0.175389
-7.00818	2.47667	1.36466	1.14569	0.66616	-0.0515129	-0.32079	0.219059	-0.587953	0.0720869	-0.266899	-0.400325	-0.17566	0.0402994	-0.132296	-0.252683	-0.252027
-7.06284	2.6438	1.2166	0.880711	0.60298	0.392341	-0.110057	-0.00209507	-0.342191	0.264151	-0.229658	-0.353112	-0.120401	-0.083632	-0.169813	-0.157024	-0.276379
-7.20498	2.21377	0.82166	0.890214	0.459573	0.0388349	-0.184437	-0.104063	-0.468204	0.0197568	-0.406031	-0.613219	-0.277034	-0.246188	-0.426072	-0.317658	-0.303569
-7.03394	2.68454	1.16039	1.02408	0.576212	0.19516	0.224249	0.482264	-0.417717	0.137946	-0.0291082	-0.000167258	0.0849128	0.0047897	-0.245662	0.300623	-0.207631
-7.3159	2.40415	0.871523	1.23747	0.703286	0.29347	0.0019748	0.520769	-0.0827334	0.0882444	-0.064175	-0.331809	0.0876879	-0.0696371	-0.402403	0.32511	0.0481956
-7.58112	2.26594	0.427219	0.757606	0.671617	0.305645	-0.226227	0.211161	-0.224304	0.0445115	-0.196319	-0.318859	0.078683	0.143062	0.0183832	0.130642	-0.0896854
-7.66867	1.1635	0.0108716	0.758686	0.0188698	-0.0152013	-0.238428	-0.399593	-0.515296	-0.255733	-0.640707	-0.470755	-0.22975	-0.281391	-0.182787	-0.163586	-0.18039
-7.24328	1.62551	0.189197	0.992892	0.209572	0.365638	0.422184	0.247707	-0.197257	-0.0944888	-0.202424	-0.198135	-0.0401631	-0.168517	-0.0335777	0.219296	-0.0660552
-7.54627	1.55261	0.146066	1.10042	0.20036	0.255024	0.30387	0.248689	-0.209682	-0.0361327	-0.115564	-0.225556	-0.0377424	-0.0403915	-0.0675342	0.220686	0.0366281
-8.04719	1.40565	0.212718	0.86522	0.258595	0.179598	0.135363	0.0815526	-0.205589	0.0538255	-0.0630202	-0.302778	-0.0328652	0.018683	0.000394187	0.114963	0.124662
-8.73149	1.40506	0.407993	0.71743	0.35036	0.308646	0.231448	0.259365	-0.0601286	0.160811	-0.0948985	-0.251482	0.171147	0.138217	-0.0301423	-0.0760765	0.0570807
-9.21195	1.29309	0.562772	0.613544	0.46925	0.36629	0.295233	0.383483	0.141086	0.142533	0.0132283	-0.021068	0.0546448	-0.0247012	-0.040043	-0.0660392	0.0248576
-9.36998	1.16166	0.55676	0.42916	0.377251	0.437232	0.203697	0.333351	0.18583	0.0164602	0.0507842	0.194666	0.185164	0.11983	0.122107	0.0353535	0.0835293
-9.44821	1.22225	0.542835	0.443496	0.256208	0.261191	0.120727	0.219814	0.167611	0.16248	0.194688	0.305866	0.170049	0.13169	0.0215833	0.0521563	0.0526215
-9.34938	1.29926	0.548287	0.427957	0.237714	0.305728	0.154464	0.251646	0.213236	0.28033	0.183047	0.176768	0.177381	0.120289	0.056703	0.0589775	0.00950766
-9.22582	1.36	0.515845	0.452764	0.348536	0.375212	0.229016	0.290044	0.180896	0.247869	0.0668549	0.146304	0.188643	0.137504	0.140255	0.119137	0.10787
-7.92678	1.60938	0.38484	0.425505	0.283547	0.225689	0.196009	0.15355	0.149028	0.113135	0.129495	0.0987477	0.0923164	0.0861679	0.08824	0.0331817	0.067563
-7.37591	1.52789	0.38992	0.373151	0.268504	0.186151	0.172444	0.12171	0.122245	0.0852341	0.101771	0.0723178	0.0654406	0.0622909	0.0625167	0.0146987	0.0468701
