3.796880000000000109e+03
3.796880000000000109e+03
3.796880000000000109e+03
3.796880000000000109e+03
3.796880000000000109e+03
3.796880000000000109e+03
3.796880000000000109e+03
3.796880000000000109e+03
3.796880000000000109e+03
3.796880000000000109e+03
3.796880000000000109e+03
3.796880000000000109e+03
3.796880000000000109e+03
3.796880000000000109e+03
3.796880000000000109e+03
3.796880000000000109e+03
3.796880000000000109e+03
3.796880000000000109e+03
3.796880000000000109e+03
3.796880000000000109e+03
3.796880000000000109e+03
3.796880000000000109e+03
3.796880000000000109e+03
3.796880000000000109e+03
3.796880000000000109e+03
3.796880000000000109e+03
3.796880000000000109e+03
3.796880000000000109e+03
3.796880000000000109e+03
3.796880000000000109e+03
3.796880000000000109e+03
3.796880000000000109e+03
3.796880000000000109e+03
3.796880000000000109e+03
3.796880000000000109e+03
3.796880000000000109e+03
3.796880000000000109e+03
3.796880000000000109e+03
3.796880000000000109e+03
3.796880000000000109e+03
3.796880000000000109e+03
3.796880000000000109e+03
3.796880000000000109e+03
3.796880000000000109e+03
3.796880000000000109e+03
3.796880000000000109e+03
3.598320000000000164e+03
1.356599999999999909e+03
1.356599999999999909e+03
1.356599999999999909e+03
1.356599999999999909e+03
2.149940000000000055e+03
2.335039999999999964e+03
2.149940000000000055e+03
2.366239999999999782e+03
2.366239999999999782e+03
2.366239999999999782e+03
1.921880000000000109e+03
2.366239999999999782e+03
3.453119999999999891e+03
4.488189999999999600e+03
4.693399999999999636e+03
4.693399999999999636e+03
4.693399999999999636e+03
4.693399999999999636e+03
4.910329999999999927e+03
4.910329999999999927e+03
4.910329999999999927e+03
5.719140000000000327e+03
5.798750000000000000e+03
5.798750000000000000e+03
4.730770000000000437e+03
4.730770000000000437e+03
1.812500000000000000e+03
1.812500000000000000e+03
1.352849999999999909e+03
1.352849999999999909e+03
1.346965833333333194e+03
1.341081666666666479e+03
1.335197499999999991e+03
1.329313333333333276e+03
1.323429166666666561e+03
1.317544999999999845e+03
1.311660833333333358e+03
1.305776666666666642e+03
1.299892499999999927e+03
1.294008333333333212e+03
1.288124166666666497e+03
1.282240000000000009e+03
1.276355833333333294e+03
1.270471666666666579e+03
1.264587499999999864e+03
1.258703333333333376e+03
1.252819166666666661e+03
1.246934999999999945e+03
1.241050833333333230e+03
1.235166666666666515e+03
1.229282500000000027e+03
1.223398333333333312e+03
1.217514166666666597e+03
1.211629999999999882e+03
1.205745833333333394e+03
1.199861666666666679e+03
1.193977499999999964e+03
1.188093333333333248e+03
1.182209166666666533e+03
1.176325000000000045e+03
1.170440833333333330e+03
1.164556666666666615e+03
1.158672499999999900e+03
1.152788333333333412e+03
1.146904166666666697e+03
1.141019999999999982e+03
1.419819999999999936e+03
3.943849999999999909e+03
4.000000000000000000e+03
7.460460000000000036e+03
7.460460000000000036e+03
7.460460000000000036e+03
7.460460000000000036e+03
5.402949999999999818e+03
5.402949999999999818e+03
5.765619999999999891e+03
5.765619999999999891e+03
5.765619999999999891e+03
6.587880000000000109e+03
7.536590000000000146e+03
7.536590000000000146e+03
6.734380000000000109e+03
6.734380000000000109e+03
5.859380000000000109e+03
3.252940000000000055e+03
1.849589999999999918e+03
1.849589999999999918e+03
1.379769999999999982e+03
1.240420000000000073e+03
1.107720000000000027e+03
1.238589999999999918e+03
1.238589999999999918e+03
1.238589999999999918e+03
1.251170000000000073e+03
1.893299999999999955e+03
4.437500000000000000e+03
4.585930000000000291e+03
4.784739999999999782e+03
5.345579999999999927e+03
6.546880000000000109e+03
6.546880000000000109e+03
6.546880000000000109e+03
4.864310000000000400e+03
3.015889999999999873e+03
3.015889999999999873e+03
3.015889999999999873e+03
3.401769999999999982e+03
3.401769999999999982e+03
3.475199999999999818e+03
3.475199999999999818e+03
5.397649999999999636e+03
5.397649999999999636e+03
5.416369999999999891e+03
5.416369999999999891e+03
6.558399999999999636e+03
6.558399999999999636e+03
6.558399999999999636e+03
6.558399999999999636e+03
6.784739999999999782e+03
6.784739999999999782e+03
6.784739999999999782e+03
6.784739999999999782e+03
6.968060000000000400e+03
6.458920000000000073e+03
6.368159999999999854e+03
6.458920000000000073e+03
6.458920000000000073e+03
6.458920000000000073e+03
6.327069999999999709e+03
4.515619999999999891e+03
2.912340000000000146e+03
4.515619999999999891e+03
4.515619999999999891e+03
5.226970000000000255e+03
5.475260000000000218e+03
6.875000000000000000e+03
7.171369999999999891e+03
7.171369999999999891e+03
7.394859999999999673e+03
7.405130000000000109e+03
7.171369999999999891e+03
5.745909999999999854e+03
5.745909999999999854e+03
5.745909999999999854e+03
5.745909999999999854e+03
6.368590000000000146e+03
6.368590000000000146e+03
6.368590000000000146e+03
5.665680000000000291e+03
4.711819999999999709e+03
1.765619999999999891e+03
1.765619999999999891e+03
1.512190000000000055e+03
1.512190000000000055e+03
1.512190000000000055e+03
1.457015555555555693e+03
1.401841111111111104e+03
1.346666666666666742e+03
1.291492222222222154e+03
1.236317777777777792e+03
1.181143333333333430e+03
1.125968888888889069e+03
1.070794444444444480e+03
1.015620000000000005e+03
1.083960000000000036e+03
2.048760000000000218e+03
2.271769999999999982e+03
2.427519999999999982e+03
4.911350000000000364e+03
5.162170000000000073e+03
5.162170000000000073e+03
5.162170000000000073e+03
5.322060000000000400e+03
5.322060000000000400e+03
5.921880000000000109e+03
5.921880000000000109e+03
6.546880000000000109e+03
6.546880000000000109e+03
6.516109999999999673e+03
6.477880000000000109e+03
6.477880000000000109e+03
5.887939999999999600e+03
6.477880000000000109e+03
6.144460000000000036e+03
6.144460000000000036e+03
6.510699999999999818e+03
6.510699999999999818e+03
6.149140000000000327e+03
6.149140000000000327e+03
3.151949999999999818e+03
2.892360000000000127e+03
1.437500000000000000e+03
1.139880000000000109e+03
1.112700000000000045e+03
1.139880000000000109e+03
1.111730000000000018e+03
1.111730000000000018e+03
1.110844285714285661e+03
1.109958571428571531e+03
1.109072857142857174e+03
1.108187142857142817e+03
1.107301428571428460e+03
1.106415714285714330e+03
1.105529999999999973e+03
1.104644285714285616e+03
1.103758571428571486e+03
1.102872857142857129e+03
1.101987142857142771e+03
1.101101428571428414e+03
1.100215714285714284e+03
1.099329999999999927e+03
2.170559999999999945e+03
2.170559999999999945e+03
4.284500000000000000e+03
4.284500000000000000e+03
1.744630000000000109e+03
1.354099999999999909e+03
1.354099999999999909e+03
1.354099999999999909e+03
2.038529999999999973e+03
2.038529999999999973e+03
2.038529999999999973e+03
2.015619999999999891e+03
1.556430000000000064e+03
1.083190000000000055e+03
1.083190000000000055e+03
1.269160000000000082e+03
1.269160000000000082e+03
1.269160000000000082e+03
1.330789999999999964e+03
1.330789999999999964e+03
1.818079999999999927e+03
1.818079999999999927e+03
1.500000000000000000e+03
1.500000000000000000e+03
1.920289999999999964e+03
1.920289999999999964e+03
2.843750000000000000e+03
3.281250000000000000e+03
3.281250000000000000e+03
2.843750000000000000e+03
2.692030000000000200e+03
2.692030000000000200e+03
2.621480000000000018e+03
2.692030000000000200e+03
4.537359999999999673e+03
4.537359999999999673e+03
5.643590000000000146e+03
5.643590000000000146e+03
5.643590000000000146e+03
5.643590000000000146e+03
5.643590000000000146e+03
6.163829999999999927e+03
6.537859999999999673e+03
6.163829999999999927e+03
5.234560000000000400e+03
6.537859999999999673e+03
6.537859999999999673e+03
5.544619999999999891e+03
6.703340000000000146e+03
6.703340000000000146e+03
6.968750000000000000e+03
6.968750000000000000e+03
7.359380000000000109e+03
6.968750000000000000e+03
6.968750000000000000e+03
6.981130000000000109e+03
6.798050000000000182e+03
6.798050000000000182e+03
6.981130000000000109e+03
6.987909999999999854e+03
6.995470000000000255e+03
6.995470000000000255e+03
6.995470000000000255e+03
4.679829999999999927e+03
4.532920000000000073e+03
4.426000000000000000e+03
4.426000000000000000e+03
2.122179999999999836e+03
2.122179999999999836e+03
2.122179999999999836e+03
1.428109999999999900e+03
2.184340000000000146e+03
2.184340000000000146e+03
1.305609999999999900e+03
1.234380000000000109e+03
1.234380000000000109e+03
1.234380000000000109e+03
1.234380000000000109e+03
1.234380000000000109e+03
1.234380000000000109e+03
1.234380000000000109e+03
1.234380000000000109e+03
1.234380000000000109e+03
1.234380000000000109e+03
1.234380000000000109e+03
1.234380000000000109e+03
1.234380000000000109e+03
1.234380000000000109e+03
1.234380000000000109e+03
1.234380000000000109e+03
1.234380000000000109e+03
1.234380000000000109e+03
1.234380000000000109e+03
1.234380000000000109e+03
1.234380000000000109e+03
1.234380000000000109e+03
1.234380000000000109e+03
1.234380000000000109e+03
1.234380000000000109e+03
1.234380000000000109e+03
1.234380000000000109e+03
1.234380000000000109e+03
1.234380000000000109e+03
1.234380000000000109e+03
1.234380000000000109e+03
1.234380000000000109e+03
1.234380000000000109e+03
1.234380000000000109e+03
1.234380000000000109e+03
1.234380000000000109e+03
1.234380000000000109e+03
1.234380000000000109e+03
