1.039819999999999936e+03
1.039819999999999936e+03
1.039819999999999936e+03
1.039819999999999936e+03
1.039819999999999936e+03
1.039819999999999936e+03
1.039819999999999936e+03
1.039819999999999936e+03
1.039819999999999936e+03
1.039819999999999936e+03
1.039819999999999936e+03
1.039819999999999936e+03
1.039819999999999936e+03
1.039819999999999936e+03
1.039819999999999936e+03
1.039819999999999936e+03
1.039819999999999936e+03
1.039819999999999936e+03
1.039819999999999936e+03
1.039819999999999936e+03
1.039819999999999936e+03
1.039819999999999936e+03
1.039819999999999936e+03
1.039819999999999936e+03
1.039819999999999936e+03
1.039819999999999936e+03
1.039819999999999936e+03
1.039819999999999936e+03
1.039819999999999936e+03
1.039819999999999936e+03
1.039819999999999936e+03
1.039819999999999936e+03
1.039819999999999936e+03
1.039819999999999936e+03
1.039819999999999936e+03
1.051599999999999909e+03
1.296880000000000109e+03
1.296880000000000109e+03
1.343750000000000000e+03
5.078949999999999818e+03
6.268420000000000073e+03
6.268420000000000073e+03
6.171880000000000109e+03
5.491829999999999927e+03
6.171880000000000109e+03
6.171880000000000109e+03
7.347489999999999782e+03
7.347489999999999782e+03
7.347489999999999782e+03
6.885220000000000255e+03
6.203119999999999891e+03
6.203119999999999891e+03
5.750000000000000000e+03
5.750000000000000000e+03
6.775359999999999673e+03
6.775359999999999673e+03
6.775359999999999673e+03
6.775359999999999673e+03
6.355479999999999563e+03
5.828119999999999891e+03
5.828119999999999891e+03
5.828119999999999891e+03
5.828119999999999891e+03
5.483380000000000109e+03
6.562500000000000000e+03
6.535399999999999636e+03
6.535399999999999636e+03
6.535399999999999636e+03
6.562500000000000000e+03
6.607789999999999964e+03
6.616930000000000291e+03
7.124920000000000073e+03
7.124920000000000073e+03
7.124920000000000073e+03
7.078119999999999891e+03
7.035079999999999927e+03
6.984380000000000109e+03
6.984380000000000109e+03
6.984380000000000109e+03
6.984380000000000109e+03
7.046880000000000109e+03
7.046880000000000109e+03
7.046880000000000109e+03
5.260239999999999782e+03
5.648899999999999636e+03
5.260239999999999782e+03
5.648899999999999636e+03
5.648899999999999636e+03
5.648899999999999636e+03
5.328119999999999891e+03
5.328119999999999891e+03
4.214390000000000327e+03
4.214390000000000327e+03
4.087460000000000036e+03
2.393449999999999818e+03
1.510140000000000100e+03
1.485481875000000173e+03
1.460823750000000018e+03
1.436165625000000091e+03
1.411507500000000164e+03
1.386849375000000009e+03
1.362191250000000082e+03
1.337533124999999927e+03
1.312875000000000000e+03
1.288216875000000073e+03
1.263558749999999918e+03
1.238900624999999991e+03
1.214242499999999836e+03
1.189584374999999909e+03
1.164926249999999982e+03
1.140268125000000055e+03
1.115609999999999900e+03
1.129529999999999973e+03
1.131779999999999973e+03
1.131779999999999973e+03
1.131779999999999973e+03
1.282785454545454513e+03
1.433790909090909054e+03
1.584796363636363822e+03
1.735801818181818362e+03
1.886807272727272903e+03
2.037812727272727443e+03
2.188818181818181984e+03
2.339823636363636524e+03
2.490829090909091065e+03
2.641834545454545605e+03
2.792840000000000146e+03
3.261400000000000091e+03
6.500000000000000000e+03
3.464019999999999982e+03
3.464019999999999982e+03
4.865449999999999818e+03
4.865449999999999818e+03
3.464019999999999982e+03
3.211460000000000036e+03
1.682730000000000018e+03
1.627299999999999955e+03
1.627299999999999955e+03
1.046799999999999955e+03
1.045640000000000100e+03
1.045640000000000100e+03
1.297470000000000027e+03
1.297470000000000027e+03
1.312500000000000000e+03
1.312500000000000000e+03
1.297470000000000027e+03
1.288817272727272666e+03
1.280164545454545532e+03
1.271511818181818171e+03
1.262859090909090810e+03
1.254206363636363676e+03
1.245553636363636315e+03
1.236900909090909181e+03
1.228248181818181820e+03
1.219595454545454459e+03
1.210942727272727325e+03
1.202289999999999964e+03
1.193637272727272602e+03
1.184984545454545469e+03
1.176331818181818107e+03
1.167679090909090974e+03
1.159026363636363612e+03
1.150373636363636251e+03
1.141720909090909117e+03
1.133068181818181756e+03
1.124415454545454395e+03
1.115762727272727261e+03
1.107109999999999900e+03
1.507819999999999936e+03
2.531250000000000000e+03
2.531250000000000000e+03
3.031250000000000000e+03
3.240880000000000109e+03
3.240880000000000109e+03
3.588579999999999927e+03
6.273439999999999600e+03
6.273439999999999600e+03
7.088420000000000073e+03
7.312500000000000000e+03
7.502260000000000218e+03
7.312500000000000000e+03
7.312500000000000000e+03
6.228390000000000327e+03
6.033060000000000400e+03
5.426869999999999891e+03
3.320960000000000036e+03
1.092829999999999927e+03
1.092829999999999927e+03
1.092829999999999927e+03
1.092829999999999927e+03
1.092829999999999927e+03
1.092829999999999927e+03
1.092829999999999927e+03
1.092829999999999927e+03
1.092829999999999927e+03
1.092829999999999927e+03
1.092829999999999927e+03
1.092829999999999927e+03
1.092829999999999927e+03
1.092829999999999927e+03
1.092829999999999927e+03
1.092829999999999927e+03
1.092829999999999927e+03
1.092829999999999927e+03
1.092829999999999927e+03
1.092829999999999927e+03
1.092829999999999927e+03
1.092829999999999927e+03
1.092829999999999927e+03
1.092829999999999927e+03
1.092829999999999927e+03
1.092829999999999927e+03
1.092829999999999927e+03
1.092829999999999927e+03
1.092829999999999927e+03
1.092829999999999927e+03
1.092829999999999927e+03
1.092829999999999927e+03
1.092829999999999927e+03
1.092829999999999927e+03
1.092829999999999927e+03
1.092829999999999927e+03
1.092829999999999927e+03
1.092829999999999927e+03
1.092829999999999927e+03
1.092829999999999927e+03
1.092829999999999927e+03
1.092829999999999927e+03
1.092829999999999927e+03
1.092829999999999927e+03
1.092829999999999927e+03
1.092829999999999927e+03
1.092829999999999927e+03
1.092829999999999927e+03
1.092829999999999927e+03
1.092829999999999927e+03
1.092829999999999927e+03
1.092829999999999927e+03
1.092829999999999927e+03
1.092829999999999927e+03
1.092829999999999927e+03
1.092829999999999927e+03
1.092829999999999927e+03
1.092829999999999927e+03
1.092829999999999927e+03
1.092829999999999927e+03
1.092829999999999927e+03
1.092829999999999927e+03
1.092829999999999927e+03
1.092829999999999927e+03
1.092829999999999927e+03
1.092829999999999927e+03
1.092829999999999927e+03
1.092829999999999927e+03
1.092829999999999927e+03
1.092829999999999927e+03
1.092829999999999927e+03
1.092829999999999927e+03
1.092829999999999927e+03
1.092829999999999927e+03
1.092829999999999927e+03
1.092829999999999927e+03
1.092829999999999927e+03
1.092829999999999927e+03
1.092829999999999927e+03
1.092829999999999927e+03
1.092829999999999927e+03
1.092829999999999927e+03
1.092829999999999927e+03
1.092829999999999927e+03
1.092829999999999927e+03
1.092829999999999927e+03
1.092829999999999927e+03
1.092829999999999927e+03
1.092829999999999927e+03
1.092829999999999927e+03
1.092829999999999927e+03
1.092829999999999927e+03
1.092829999999999927e+03
1.092829999999999927e+03
1.092829999999999927e+03
1.092829999999999927e+03
1.092829999999999927e+03
1.092829999999999927e+03
1.092829999999999927e+03
1.092829999999999927e+03
1.092829999999999927e+03
1.092829999999999927e+03
1.092829999999999927e+03
1.092829999999999927e+03
1.092829999999999927e+03
1.092829999999999927e+03
