0
0
0
0
0
0
0
0
0
0
0
0
0
0
0
0
0
0
0
0
0
0
0
0
0
0
0
0
0
0
0
0
0
0
1041.93
1047.1
1406.25
5105.55
5352.72
7523.49
7711.03
7777.67
7777.67
7777.67
7640.55
7613.9
7613.9
6719.69
3963.28
3356.85
3356.85
2918.48
2738.73
2738.73
2738.73
2738.73
2738.73
1953.12
0
0
0
0
0
0
0
1420.4
5209.01
5209.01
5209.01
2062.5
2062.5
1531.25
1531.25
4786.15
4786.15
2785.74
4557.25
4122.27
3593.75
4122.27
4122.27
4122.27
3593.75
3119.99
2106.88
2106.88
2106.88
5346.11
5346.11
5346.11
5346.11
5988.41
6113.47
6113.47
6145.57
6145.57
2881.32
2881.32
2881.32
2881.32
3292.65
3515.62
3515.62
3515.62
3292.65
2705.54
2014.09
2014.09
2014.09
3906.25
4241.16
4241.16
3974.24
3974.24
3974.24
3720.8
3720.8
4904.99
7579.8
7579.8
7579.8
7095.59
5361.59
5361.59
6522.03
6522.03
6962.91
7416.64
7416.64
6962.91
6778.07
6778.07
6171.67
6171.67
6778.07
6840.19
6840.19
6840.19
6840.19
7301.48
7301.48
7593.86
7593.86
7593.86
6450.03
5362.42
5294.17
1437.5
1437.5
1421.88
1421.88
1421.88
2843.75
1796.88
1875
2999.48
1875
1796.88
1675.45
1440.44
1201.38
0
0
0
1367.54
2249.87
2948.27
5337.97
5640.62
6700.15
6700.15
6700.15
5371.39
5105.18
2726.6
1827.93
1827.93
1292.52
1292.52
1406.25
1406.25
1292.52
1132.64
0
0
0
0
0
0
0
0
0
0
0
0
0
0
0
0
0
0
0
0
0
0
0
1202.99
1228.75
2349
2349
2349
2271.12
2271.12
1994.19
2271.12
3312.5
3312.5
4656.25
4656.25
4333.82
4333.82
4333.82
3631.22
4006.66
3631.22
3619.72
3619.72
3937.64
3937.64
4640.01
6068.65
6068.65
6068.65
6068.65
6068.65
6106.41
6896.75
6896.75
6106.41
5531.25
5531.25
5531.25
5989.52
6065.53
6190.71
7007.83
7673.82
7673.82
7762.99
7718.94
7718.94
6564.62
6531.25
6431.4
6431.4
6531.25
6648.44
6648.44
6658.99
6648.44
6648.44
5973.05
5010.69
3205.77
2876.71
2029.18
2029.18
2029.18
2029.18
2029.18
1798.72
1463.67
1463.67
1463.67
1534.56
1534.56
1534.56
1205.95
1154.13
1154.13
1152.01
1047.8
1152.01
1421.88
1036.07
1036.07
0
0
0
0
0
0
0
0
0
0
0
0
0
0
0
0
0
0
0
0
0
0
0
0
0
0
0
0
0
0
0
0
0
0
0
0
0
0
