5.386239999999999917e+00
5.386239999999999917e+00
5.386239999999999917e+00
5.386239999999999917e+00
5.386239999999999917e+00
5.386239999999999917e+00
5.386239999999999917e+00
5.386239999999999917e+00
5.386239999999999917e+00
5.386239999999999917e+00
5.386239999999999917e+00
5.386239999999999917e+00
5.386239999999999917e+00
5.386239999999999917e+00
5.386239999999999917e+00
5.386239999999999917e+00
5.386239999999999917e+00
5.386239999999999917e+00
5.386239999999999917e+00
5.386239999999999917e+00
5.386239999999999917e+00
5.386239999999999917e+00
5.386239999999999917e+00
5.386239999999999917e+00
5.386239999999999917e+00
5.386239999999999917e+00
5.386239999999999917e+00
5.386239999999999917e+00
5.386239999999999917e+00
5.386239999999999917e+00
5.386239999999999917e+00
5.386239999999999917e+00
5.386239999999999917e+00
5.386239999999999917e+00
5.386239999999999917e+00
5.386239999999999917e+00
5.386239999999999917e+00
5.386239999999999917e+00
5.386239999999999917e+00
5.386239999999999917e+00
5.386239999999999917e+00
5.386239999999999917e+00
5.386239999999999917e+00
5.386239999999999917e+00
5.386239999999999917e+00
5.386239999999999917e+00
5.386239999999999917e+00
5.386239999999999917e+00
5.386239999999999917e+00
5.386239999999999917e+00
5.386239999999999917e+00
5.386239999999999917e+00
5.386239999999999917e+00
5.386239999999999917e+00
5.386239999999999917e+00
5.386239999999999917e+00
5.386239999999999917e+00
5.386239999999999917e+00
5.386239999999999917e+00
5.386239999999999917e+00
5.386239999999999917e+00
5.386239999999999917e+00
5.386239999999999917e+00
5.386239999999999917e+00
5.386239999999999917e+00
5.386239999999999917e+00
5.386239999999999917e+00
5.386239999999999917e+00
5.386239999999999917e+00
5.386239999999999917e+00
5.386239999999999917e+00
5.386239999999999917e+00
5.386239999999999917e+00
5.386239999999999917e+00
5.386239999999999917e+00
5.386239999999999917e+00
5.386239999999999917e+00
5.386239999999999917e+00
5.386239999999999917e+00
5.386239999999999917e+00
5.386239999999999917e+00
5.386239999999999917e+00
5.386239999999999917e+00
5.386239999999999917e+00
5.386239999999999917e+00
5.386239999999999917e+00
5.386239999999999917e+00
5.386239999999999917e+00
5.386239999999999917e+00
5.386239999999999917e+00
5.386239999999999917e+00
5.386239999999999917e+00
5.386239999999999917e+00
5.386239999999999917e+00
5.386239999999999917e+00
5.386239999999999917e+00
5.386239999999999917e+00
5.386239999999999917e+00
5.378599999999999604e+00
5.370140000000000136e+00
5.362809999999999633e+00
5.356499999999999595e+00
5.351280000000000037e+00
5.347459999999999880e+00
5.344570000000000043e+00
5.342229999999999812e+00
5.339699999999999669e+00
5.335569999999999702e+00
5.328619999999999912e+00
5.320319999999999716e+00
5.319110000000000227e+00
5.330729090909090750e+00
5.342348181818182162e+00
5.353967272727272686e+00
5.365586363636364098e+00
5.377205454545454621e+00
5.388824545454545145e+00
5.400443636363636557e+00
5.412062727272727081e+00
5.423681818181818493e+00
5.435300909090909016e+00
5.446920000000000428e+00
5.458539090909090952e+00
5.470158181818181475e+00
5.481777272727272887e+00
5.493396363636363411e+00
5.505015454545454823e+00
5.516634545454545346e+00
5.528253636363635870e+00
5.539872727272727282e+00
5.551491818181817806e+00
5.563110909090909217e+00
5.574729999999999741e+00
5.580160000000000231e+00
5.568089999999999762e+00
5.544839999999999769e+00
5.526139999999999830e+00
5.515959999999999752e+00
5.507659999999999556e+00
5.499329999999999607e+00
5.491990000000000371e+00
5.488640000000000185e+00
5.490140000000000242e+00
5.493769999999999598e+00
5.495219999999999771e+00
5.493699999999999584e+00
5.490260000000000140e+00
5.485330000000000261e+00
5.478989999999999583e+00
5.471519999999999939e+00
5.462930000000000064e+00
5.453359999999999985e+00
5.443209999999999660e+00
5.432999999999999829e+00
5.422880000000000145e+00
5.412560000000000038e+00
5.401860000000000106e+00
5.391040000000000276e+00
5.381230000000000402e+00
5.373490000000000322e+00
5.366939999999999600e+00
5.360249999999999737e+00
5.352990000000000137e+00
5.346390000000000420e+00
5.340279999999999916e+00
5.335549999999999571e+00
5.331839999999999691e+00
5.329200000000000159e+00
5.327280000000000015e+00
5.324880000000000280e+00
5.321670000000000122e+00
5.318769999999999776e+00
5.317370000000000374e+00
5.316869999999999763e+00
5.316060000000000230e+00
5.314689999999999692e+00
5.312940000000000218e+00
5.310509999999999842e+00
5.307419999999999582e+00
5.304899999999999949e+00
5.304219999999999935e+00
5.304109999999999658e+00
5.303410000000000402e+00
5.302870000000000417e+00
5.303519999999999790e+00
5.305530000000000079e+00
5.308760000000000367e+00
5.313170000000000393e+00
5.318080000000000140e+00
5.322729999999999961e+00
5.326819999999999666e+00
5.330239999999999867e+00
5.332499999999999574e+00
5.333029999999999937e+00
5.331850000000000200e+00
5.329360000000000319e+00
5.326710000000000278e+00
5.325350000000000250e+00
5.325890000000000235e+00
5.327720000000000233e+00
5.330020000000000202e+00
5.332220000000000404e+00
5.333730000000000082e+00
5.334019999999999762e+00
5.332659999999999734e+00
5.329509999999999970e+00
5.324889999999999901e+00
5.319379999999999775e+00
5.313539999999999708e+00
5.308139999999999858e+00
5.303160000000000096e+00
5.299489999999999590e+00
5.299199999999999910e+00
5.304570000000000007e+00
5.316049999999999720e+00
5.331260000000000332e+00
5.347419999999999618e+00
5.361839999999999939e+00
5.372830000000000439e+00
5.381090000000000373e+00
5.388239999999999696e+00
5.394849999999999923e+00
5.401110000000000078e+00
5.406620000000000203e+00
5.411319999999999908e+00
5.414520000000000444e+00
5.415610000000000035e+00
5.414069999999999716e+00
5.409080000000000332e+00
5.400109999999999744e+00
5.389470000000000205e+00
5.384479999999999933e+00
5.383523571428571408e+00
5.382567142857142883e+00
5.381610714285714359e+00
5.380654285714285834e+00
5.379697857142857309e+00
5.378741428571428784e+00
5.377785000000000259e+00
5.376828571428571735e+00
5.375872142857143210e+00
5.374915714285714685e+00
5.373959285714286160e+00
5.373002857142857636e+00
5.372046428571429111e+00
5.371090000000000586e+00
5.370133571428571173e+00
5.369177142857142648e+00
5.368220714285714124e+00
5.367264285714285599e+00
5.366307857142857074e+00
5.365351428571428549e+00
5.364395000000000024e+00
5.363438571428571500e+00
5.362482142857142975e+00
5.361525714285714450e+00
5.360569285714285925e+00
5.359612857142857401e+00
5.358656428571428876e+00
5.357700000000000351e+00
5.359880000000000422e+00
5.359910000000000174e+00
5.209039999999999893e+00
5.192879999999999718e+00
5.186890000000000001e+00
5.180830000000000268e+00
5.173350000000000115e+00
5.166649999999999743e+00
5.161789999999999878e+00
5.158850000000000158e+00
5.157090000000000174e+00
5.156080000000000219e+00
5.156859999999999999e+00
5.187780000000000058e+00
5.188729999999999620e+00
5.181339999999999613e+00
5.176070000000000171e+00
5.176350000000000229e+00
5.194969999999999644e+00
5.205680000000000085e+00
5.202490000000000059e+00
5.199989999999999668e+00
5.199629999999999974e+00
5.200450000000000017e+00
5.202009999999999579e+00
5.205530000000000435e+00
5.211929999999999730e+00
5.217290000000000205e+00
5.221359999999999779e+00
5.223770000000000024e+00
5.226130000000000386e+00
5.229169999999999874e+00
5.230870000000000353e+00
4.556250000000000355e+00
4.561370000000000147e+00
4.565349999999999575e+00
4.580189999999999984e+00
4.585210000000000008e+00
4.588829999999999742e+00
4.597579999999999778e+00
4.604510000000000325e+00
4.618089999999999584e+00
4.634490000000000443e+00
4.634490000000000443e+00
4.634490000000000443e+00
4.634490000000000443e+00
4.634490000000000443e+00
4.634490000000000443e+00
4.634490000000000443e+00
4.634490000000000443e+00
4.634490000000000443e+00
4.634490000000000443e+00
4.634490000000000443e+00
4.634490000000000443e+00
4.634490000000000443e+00
4.634490000000000443e+00
4.634490000000000443e+00
4.634490000000000443e+00
4.634490000000000443e+00
4.634490000000000443e+00
4.634490000000000443e+00
4.634490000000000443e+00
4.634490000000000443e+00
4.634490000000000443e+00
4.634490000000000443e+00
4.634490000000000443e+00
4.634490000000000443e+00
4.634490000000000443e+00
4.634490000000000443e+00
4.634490000000000443e+00
4.634490000000000443e+00
4.634490000000000443e+00
4.634490000000000443e+00
4.634490000000000443e+00
4.634490000000000443e+00
4.634490000000000443e+00
4.634490000000000443e+00
4.634490000000000443e+00
4.634490000000000443e+00
4.634490000000000443e+00
4.634490000000000443e+00
4.634490000000000443e+00
4.634490000000000443e+00
4.634490000000000443e+00
4.634490000000000443e+00
4.634490000000000443e+00
4.634490000000000443e+00
4.634490000000000443e+00
4.634490000000000443e+00
4.634490000000000443e+00
4.634490000000000443e+00
4.634490000000000443e+00
4.634490000000000443e+00
