1.062500000000000000e+03
1.062500000000000000e+03
1.062500000000000000e+03
1.062500000000000000e+03
1.062500000000000000e+03
1.062500000000000000e+03
1.062500000000000000e+03
1.062500000000000000e+03
1.062500000000000000e+03
1.062500000000000000e+03
1.062500000000000000e+03
1.062500000000000000e+03
1.062500000000000000e+03
1.062500000000000000e+03
1.062500000000000000e+03
1.062500000000000000e+03
1.062500000000000000e+03
1.062500000000000000e+03
1.062500000000000000e+03
1.062500000000000000e+03
1.062500000000000000e+03
1.062500000000000000e+03
1.062500000000000000e+03
1.127299999999999955e+03
1.333750000000000000e+03
2.437500000000000000e+03
2.452380000000000109e+03
3.562500000000000000e+03
3.593750000000000000e+03
3.593750000000000000e+03
3.562500000000000000e+03
3.507757333333333463e+03
3.453014666666666471e+03
3.398271999999999935e+03
3.343529333333333398e+03
3.288786666666666861e+03
3.234043999999999869e+03
3.179301333333333332e+03
3.124558666666666795e+03
3.069816000000000258e+03
3.015073333333333267e+03
2.960330666666666730e+03
2.905588000000000193e+03
2.850845333333333656e+03
2.796102666666666664e+03
2.741360000000000127e+03
4.593750000000000000e+03
4.593750000000000000e+03
6.117159999999999854e+03
6.117159999999999854e+03
6.687729999999999563e+03
5.827350000000000364e+03
6.621760000000000218e+03
6.621760000000000218e+03
6.657729999999999563e+03
6.657729999999999563e+03
7.088380000000000109e+03
7.088380000000000109e+03
7.088380000000000109e+03
5.613180000000000291e+03
4.078090000000000146e+03
4.078090000000000146e+03
1.408829999999999927e+03
1.408829999999999927e+03
1.406769999999999982e+03
1.664000000000000000e+03
1.664000000000000000e+03
1.664000000000000000e+03
1.406769999999999982e+03
1.360475714285714275e+03
1.314181428571428569e+03
1.267887142857142862e+03
1.221592857142857156e+03
1.175298571428571449e+03
1.129004285714285743e+03
1.082710000000000036e+03
1.260329999999999927e+03
1.367029999999999973e+03
5.015619999999999891e+03
6.062500000000000000e+03
6.205319999999999709e+03
6.205319999999999709e+03
6.205319999999999709e+03
5.931810000000000400e+03
5.699810000000000400e+03
5.699810000000000400e+03
4.870010000000000218e+03
4.760510000000000218e+03
4.515619999999999891e+03
3.171880000000000109e+03
2.364139999999999873e+03
2.016369999999999891e+03
2.016369999999999891e+03
2.016369999999999891e+03
1.859380000000000109e+03
1.843750000000000000e+03
1.843750000000000000e+03
1.211309999999999945e+03
1.237627826086956475e+03
1.263945652173913004e+03
1.290263478260869533e+03
1.316581304347826062e+03
1.342899130434782592e+03
1.369216956521739121e+03
1.395534782608695650e+03
1.421852608695652179e+03
1.448170434782608709e+03
1.474488260869565238e+03
1.500806086956521540e+03
1.527123913043478296e+03
1.553441739130434598e+03
1.579759565217391128e+03
1.606077391304347657e+03
1.632395217391304186e+03
1.658713043478260715e+03
1.685030869565217245e+03
1.711348695652173774e+03
1.737666521739130303e+03
1.763984347826086832e+03
1.790302173913043362e+03
1.816619999999999891e+03
2.232110000000000127e+03
2.449519999999999982e+03
3.067659999999999854e+03
4.368079999999999927e+03
5.083319999999999709e+03
5.640619999999999891e+03
7.568050000000000182e+03
7.568050000000000182e+03
7.568050000000000182e+03
7.176689999999999600e+03
7.176689999999999600e+03
6.937500000000000000e+03
6.937500000000000000e+03
6.937500000000000000e+03
7.672319999999999709e+03
6.937500000000000000e+03
7.672319999999999709e+03
7.672319999999999709e+03
7.444079999999999927e+03
7.444079999999999927e+03
7.444079999999999927e+03
7.444079999999999927e+03
7.276609999999999673e+03
7.546880000000000109e+03
7.527010000000000218e+03
7.527010000000000218e+03
7.527010000000000218e+03
7.546880000000000109e+03
7.527010000000000218e+03
7.314779999999999745e+03
7.314779999999999745e+03
6.548600000000000364e+03
6.548600000000000364e+03
6.548600000000000364e+03
5.687500000000000000e+03
5.489060000000000400e+03
5.489060000000000400e+03
4.031250000000000000e+03
4.031250000000000000e+03
3.960579999999999927e+03
2.966940000000000055e+03
2.966940000000000055e+03
5.447189999999999600e+03
2.859610000000000127e+03
2.337250000000000000e+03
2.320989999999999782e+03
1.897539999999999964e+03
1.736259999999999991e+03
1.736259999999999991e+03
1.736259999999999991e+03
1.529000000000000000e+03
1.503951111111111004e+03
1.478902222222222235e+03
1.453853333333333239e+03
1.428804444444444471e+03
1.403755555555555475e+03
1.378706666666666706e+03
1.353657777777777710e+03
1.328608888888888941e+03
1.303559999999999945e+03
1.278511111111110949e+03
1.253462222222222181e+03
1.228413333333333185e+03
1.203364444444444416e+03
1.178315555555555420e+03
1.153266666666666424e+03
1.128217777777777656e+03
1.103168888888888887e+03
1.078119999999999891e+03
1.165910000000000082e+03
2.477039999999999964e+03
3.651909999999999854e+03
3.651909999999999854e+03
4.627829999999999927e+03
4.627829999999999927e+03
6.284420000000000073e+03
6.284420000000000073e+03
7.266020000000000437e+03
7.266020000000000437e+03
7.419960000000000036e+03
7.296850000000000364e+03
7.296850000000000364e+03
6.895479999999999563e+03
6.562500000000000000e+03
6.212180000000000291e+03
5.163229999999999563e+03
5.163229999999999563e+03
5.163229999999999563e+03
5.163229999999999563e+03
3.656250000000000000e+03
5.545829999999999927e+03
4.016489999999999782e+03
3.953159999999999854e+03
3.953159999999999854e+03
4.016489999999999782e+03
4.016489999999999782e+03
4.201899999999999636e+03
4.808609999999999673e+03
4.808609999999999673e+03
4.808609999999999673e+03
4.656250000000000000e+03
2.746280000000000200e+03
2.746280000000000200e+03
2.746280000000000200e+03
3.096239999999999782e+03
4.702869999999999891e+03
4.702869999999999891e+03
4.702869999999999891e+03
4.702869999999999891e+03
4.840789999999999964e+03
4.944149999999999636e+03
5.250000000000000000e+03
5.795369999999999891e+03
6.078119999999999891e+03
6.453119999999999891e+03
6.453420000000000073e+03
6.453420000000000073e+03
6.453420000000000073e+03
6.453420000000000073e+03
6.719199999999999818e+03
6.421880000000000109e+03
6.859380000000000109e+03
3.374440000000000055e+03
2.426110000000000127e+03
2.030069999999999936e+03
2.030069999999999936e+03
1.384109999999999900e+03
1.384109999999999900e+03
1.384109999999999900e+03
1.272619999999999891e+03
1.261561052631578832e+03
1.250502105263157773e+03
1.239443157894736714e+03
1.228384210526315655e+03
1.217325263157894597e+03
1.206266315789473538e+03
1.195207368421052479e+03
1.184148421052631420e+03
1.173089473684210589e+03
1.162030526315789530e+03
1.150971578947368471e+03
1.139912631578947412e+03
1.128853684210526353e+03
1.117794736842105294e+03
1.106735789473684235e+03
1.095676842105263177e+03
1.084617894736842118e+03
1.073558947368421059e+03
1.062500000000000000e+03
1.066140000000000100e+03
1.200250000000000000e+03
1.200250000000000000e+03
1.851640000000000100e+03
2.758050000000000182e+03
3.710719999999999800e+03
4.385390000000000327e+03
4.615289999999999964e+03
4.615289999999999964e+03
7.741340000000000146e+03
7.705130000000000109e+03
7.705130000000000109e+03
7.705130000000000109e+03
7.705130000000000109e+03
7.669279999999999745e+03
7.669279999999999745e+03
7.669279999999999745e+03
7.750220000000000255e+03
6.659810000000000400e+03
7.607140000000000327e+03
5.584340000000000146e+03
5.511359999999999673e+03
4.407989999999999782e+03
3.871230000000000018e+03
3.642940000000000055e+03
3.642940000000000055e+03
3.438949999999999818e+03
3.438949999999999818e+03
5.326010000000000218e+03
5.326010000000000218e+03
3.640619999999999891e+03
3.640619999999999891e+03
3.640619999999999891e+03
3.411889999999999873e+03
2.858500000000000000e+03
2.858500000000000000e+03
3.303530000000000200e+03
3.303530000000000200e+03
5.213119999999999891e+03
5.213119999999999891e+03
5.234380000000000109e+03
5.234380000000000109e+03
5.234380000000000109e+03
4.429649999999999636e+03
3.223789999999999964e+03
3.223789999999999964e+03
3.223789999999999964e+03
4.844789999999999964e+03
6.475579999999999927e+03
6.475579999999999927e+03
4.844789999999999964e+03
3.274420000000000073e+03
3.274420000000000073e+03
3.274420000000000073e+03
6.210210000000000036e+03
6.210210000000000036e+03
6.413239999999999782e+03
6.413239999999999782e+03
7.533819999999999709e+03
7.628500000000000000e+03
7.663890000000000327e+03
7.663890000000000327e+03
7.687289999999999964e+03
7.687289999999999964e+03
7.327460000000000036e+03
6.990939999999999600e+03
6.304760000000000218e+03
6.301060000000000400e+03
6.301060000000000400e+03
6.304760000000000218e+03
6.842890000000000327e+03
6.842890000000000327e+03
6.842890000000000327e+03
6.448560000000000400e+03
6.367920000000000073e+03
6.367920000000000073e+03
6.448560000000000400e+03
6.750000000000000000e+03
6.930979999999999563e+03
6.930979999999999563e+03
6.930979999999999563e+03
7.437500000000000000e+03
7.816810000000000400e+03
7.839880000000000109e+03
7.839880000000000109e+03
7.839880000000000109e+03
7.828060000000000400e+03
7.732350000000000364e+03
7.559479999999999563e+03
7.559479999999999563e+03
6.746359999999999673e+03
6.630380000000000109e+03
6.609380000000000109e+03
6.573840000000000146e+03
4.091539999999999964e+03
3.621579999999999927e+03
1.754829999999999927e+03
1.575599999999999909e+03
1.203119999999999891e+03
1.203119999999999891e+03
1.078710000000000036e+03
1.203119999999999891e+03
1.078710000000000036e+03
1.281250000000000000e+03
1.078119999999999891e+03
1.078119999999999891e+03
1.079168421052631402e+03
1.080216842105263140e+03
1.081265263157894651e+03
1.082313684210526162e+03
1.083362105263157900e+03
1.084410526315789411e+03
1.085458947368420922e+03
1.086507368421052661e+03
1.087555789473684172e+03
1.088604210526315683e+03
1.089652631578947194e+03
1.090701052631578932e+03
1.091749473684210443e+03
1.092797894736841954e+03
1.093846315789473692e+03
1.094894736842105203e+03
1.095943157894736714e+03
1.096991578947368453e+03
1.098039999999999964e+03
1.950809999999999945e+03
2.000000000000000000e+03
2.062500000000000000e+03
2.372059999999999945e+03
2.491739999999999782e+03
2.817510000000000218e+03
2.817510000000000218e+03
2.817510000000000218e+03
2.817510000000000218e+03
2.817510000000000218e+03
3.515440000000000055e+03
3.913559999999999945e+03
4.005179999999999836e+03
4.005179999999999836e+03
6.601750000000000000e+03
6.601750000000000000e+03
7.056300000000000182e+03
6.601750000000000000e+03
6.601750000000000000e+03
5.906250000000000000e+03
2.769130000000000109e+03
2.081219999999999800e+03
1.296880000000000109e+03
1.277210000000000036e+03
1.277210000000000036e+03
1.155000000000000000e+03
1.147180000000000064e+03
1.147180000000000064e+03
1.155000000000000000e+03
1.310369999999999891e+03
1.391210000000000036e+03
1.406250000000000000e+03
1.511369999999999891e+03
2.283440000000000055e+03
2.283440000000000055e+03
1.810789999999999964e+03
1.810789999999999964e+03
1.810789999999999964e+03
1.803049999999999955e+03
1.046880000000000109e+03
1.022909999999999968e+03
1.022909999999999968e+03
1.032980000000000018e+03
1.046880000000000109e+03
1.522779999999999973e+03
1.548920000000000073e+03
1.548920000000000073e+03
1.522779999999999973e+03
1.161650000000000091e+03
1.055000000000000000e+03
1.045529999999999973e+03
1.045529999999999973e+03
1.055000000000000000e+03
1.271680000000000064e+03
1.271680000000000064e+03
1.330559999999999945e+03
1.330559999999999945e+03
1.074589999999999918e+03
1.070319999999999936e+03
1.017049999999999955e+03
1.017049999999999955e+03
1.017049999999999955e+03
1.017049999999999955e+03
1.017049999999999955e+03
1.017049999999999955e+03
1.017049999999999955e+03
1.017049999999999955e+03
1.017049999999999955e+03
1.017049999999999955e+03
1.017049999999999955e+03
1.017049999999999955e+03
1.017049999999999955e+03
1.017049999999999955e+03
1.017049999999999955e+03
1.017049999999999955e+03
1.017049999999999955e+03
1.017049999999999955e+03
