-1e+10
-1e+10
-1e+10
-1e+10
-1e+10
-1e+10
-1e+10
-1e+10
-1e+10
-1e+10
-1e+10
-1e+10
-1e+10
-1e+10
-1e+10
-1e+10
-1e+10
-1e+10
-1e+10
-1e+10
-1e+10
-1e+10
-1e+10
-1e+10
-1e+10
-1e+10
-1e+10
-1e+10
-1e+10
-1e+10
-1e+10
-1e+10
-1e+10
-1e+10
-1e+10
-1e+10
-1e+10
-1e+10
-1e+10
-1e+10
-1e+10
-1e+10
5.80599
5.78673
5.77795
5.77394
5.77221
5.77198
5.77263
5.77367
5.77484
5.77551
5.77442
5.77036
5.76321
5.75325
5.74327
5.73824
5.66697
5.66019
-1e+10
-1e+10
-1e+10
-1e+10
-1e+10
-1e+10
-1e+10
-1e+10
-1e+10
-1e+10
-1e+10
-1e+10
-1e+10
-1e+10
-1e+10
-1e+10
-1e+10
-1e+10
-1e+10
6.00794
5.97478
5.96201
5.95212
5.94416
5.93629
5.92749
5.91971
5.9139
5.91111
5.91252
5.91795
5.92606
5.9349
5.94184
5.94723
5.9525
5.95902
5.96574
5.9714
5.97533
5.97748
5.97773
5.97573
5.97092
5.96267
5.95013
5.93592
5.93075
-1e+10
-1e+10
-1e+10
-1e+10
-1e+10
-1e+10
-1e+10
-1e+10
-1e+10
-1e+10
-1e+10
-1e+10
-1e+10
-1e+10
-1e+10
-1e+10
-1e+10
-1e+10
-1e+10
-1e+10
-1e+10
-1e+10
-1e+10
-1e+10
-1e+10
-1e+10
-1e+10
-1e+10
-1e+10
-1e+10
5.9286
5.91928
5.90751
5.89554
5.88317
5.87052
5.85854
5.84873
5.84146
5.83551
5.82937
5.8223
5.81447
5.80651
5.79892
5.79058
5.77266
-1e+10
-1e+10
-1e+10
-1e+10
-1e+10
-1e+10
-1e+10
-1e+10
-1e+10
-1e+10
-1e+10
-1e+10
-1e+10
-1e+10
-1e+10
-1e+10
-1e+10
-1e+10
-1e+10
5.91659
5.88647
5.85734
5.8385
5.83103
5.82779
5.82694
5.82719
5.82765
5.8278
5.82735
5.82597
5.82292
5.8147
5.69292
5.68216
5.67892
5.68187
5.69174
5.71106
5.73028
5.73528
5.73257
5.72741
5.72132
5.71471
5.70806
5.69931
5.68968
5.67865
5.66811
5.65628
5.64285
5.62525
5.60434
5.58799
5.57632
5.56651
5.55577
5.5428
5.52415
5.48054
5.46259
5.45144
5.43776
5.41001
5.39398
5.38507
5.37761
5.37145
5.3645
5.3576
5.35057
5.34581
5.34183
5.33913
5.33752
5.33552
5.33073
5.32289
5.31505
5.3092
5.3055
5.30439
5.30543
5.30736
5.30888
5.30922
5.30812
5.30563
5.30254
5.29981
5.29688
5.29284
5.28733
5.28118
5.2747
5.27365
5.28129
5.31336
5.34265
5.36157
5.37725
5.38771
5.39338
5.3933
5.38745
5.37705
5.36514
5.35527
5.34708
5.33818
5.32841
5.31855
5.31146
5.30858
5.30775
5.30747
5.30703
5.30604
-1e+10
-1e+10
-1e+10
-1e+10
-1e+10
-1e+10
-1e+10
-1e+10
-1e+10
-1e+10
-1e+10
-1e+10
-1e+10
-1e+10
-1e+10
-1e+10
-1e+10
-1e+10
-1e+10
-1e+10
-1e+10
-1e+10
-1e+10
5.33533
5.33258
5.33407
5.33701
5.3407
5.34496
5.34877
5.35109
5.35217
5.35296
5.35349
5.35321
5.35244
5.35186
5.35184
5.3527
5.35471
5.35786
5.36125
5.36419
5.36726
5.37074
5.37357
5.3747
5.37371
5.37113
5.36761
5.36344
5.35961
5.35807
5.35746
5.35353
5.34621
5.33881
5.33354
5.32924
5.32489
5.32018
5.31524
5.31077
5.30712
5.30398
5.30111
5.29902
5.29869
5.29998
5.30173
5.30294
5.30312
5.30223
5.30101
5.30048
5.30087
5.30169
5.30265
5.30302
5.30234
5.30215
5.30182
5.30057
5.29826
5.29535
5.29239
5.28994
5.2883
5.28763
5.28776
5.28775
5.28656
5.28408
5.28129
5.27897
5.27725
5.2757
5.27379
5.27119
5.26814
5.26576
5.26479
5.2657
5.2696
5.27669
5.28543
5.29433
5.30605
5.32105
5.33488
5.35284
5.38168
5.40289
5.42596
5.4508
5.46997
5.48774
5.50618
5.52245
5.53595
5.54844
5.56165
5.57745
5.59209
5.6055
5.61925
5.631
5.63816
5.63967
5.6374
5.63671
5.64003
5.64511
5.64963
5.65298
5.65551
5.65743
5.65877
5.65973
5.66054
5.66148
5.66298
5.66582
5.67203
5.68946
5.74096
5.74998
5.74292
5.72829
5.71186
5.69567
5.67903
5.66185
5.64426
5.62577
5.60794
5.59462
5.58612
5.5788
5.56984
5.55954
5.55
5.5415
5.53211
5.52024
5.50582
5.49004
5.47443
5.45958
5.44543
5.43298
5.42531
