-1e+10
-1e+10
-1e+10
-1e+10
-1e+10
-1e+10
-1e+10
-1e+10
-1e+10
-1e+10
-1e+10
-1e+10
-1e+10
-1e+10
-1e+10
-1e+10
-1e+10
-1e+10
-1e+10
-1e+10
-1e+10
-1e+10
-1e+10
-1e+10
-1e+10
-1e+10
-1e+10
-1e+10
-1e+10
-1e+10
-1e+10
-1e+10
-1e+10
-1e+10
5.46349
5.46528
5.46516
5.45554
5.40672
5.39919
5.39922
5.40039
5.40051
5.39892
5.39721
5.39818
5.40125
5.4023
5.39976
5.39432
5.38712
5.37958
5.3729
5.36726
5.36229
5.35846
5.35694
5.36102
5.37517
5.39497
5.4077
5.41265
5.41393
5.41403
5.41366
5.41268
5.4108
5.40786
5.40411
5.39959
5.39386
5.3868
5.37899
5.37624
5.38037
5.38254
5.3791
5.37311
5.36822
5.36552
5.36371
5.36207
5.36059
5.3593
5.3581
5.3569
5.35587
5.35549
5.35582
5.35634
5.35667
5.35682
5.35727
5.3591
5.36228
5.36266
5.35541
5.35036
5.34889
5.34811
5.34658
5.34396
5.34066
5.33726
5.33343
5.32926
5.32581
5.32323
5.32172
5.32106
5.32013
5.31777
5.31445
5.31185
5.31081
5.31185
5.31455
5.3175
5.31933
5.32038
5.32192
5.32487
5.32866
5.33124
5.33139
5.32991
5.32819
5.32779
5.32958
5.3334
5.33692
5.33958
5.343
5.34923
5.36081
5.37338
5.38241
5.39031
5.39843
5.40631
5.41461
5.42434
5.44298
5.47134
5.48555
5.4895
5.49196
5.4968
5.50515
5.51527
5.52447
5.53008
5.53134
5.53085
5.53065
5.52889
5.52225
5.50979
5.49607
5.48838
5.48422
5.47868
5.47104
5.46313
5.45608
5.44858
5.4397
5.43002
5.42029
5.4106
5.4004
5.38941
5.37797
5.36682
5.35766
5.35097
5.34245
5.32597
5.31374
5.30713
5.3016
5.29688
5.29252
5.28936
5.28788
5.28799
5.28971
5.29295
5.2969
5.30118
5.30615
5.31124
5.31708
5.32237
5.32622
5.32805
5.327
5.32354
5.32059
5.32228
5.32865
5.33297
5.33021
5.32201
-1e+10
-1e+10
-1e+10
-1e+10
-1e+10
-1e+10
-1e+10
-1e+10
5.26793
5.27846
5.29021
5.29727
5.30178
5.30489
5.306
5.30512
5.30243
5.29871
5.2938
5.28652
5.27815
5.27009
5.20318
5.20458
5.21439
5.2215
5.26285
5.43361
5.45521
5.4528
5.44914
5.44754
5.44851
5.45181
5.45538
5.45514
5.44671
5.42389
5.39978
5.37809
5.35972
5.34927
5.34077
5.33156
5.32073
5.30941
5.29859
5.29063
5.28644
5.28011
5.26137
5.21964
5.1803
5.16288
5.16339
-1e+10
-1e+10
-1e+10
5.65274
5.6587
5.65287
5.65212
5.66259
-1e+10
-1e+10
-1e+10
-1e+10
-1e+10
-1e+10
-1e+10
-1e+10
-1e+10
-1e+10
-1e+10
-1e+10
-1e+10
5.42847
5.43337
5.44261
5.45447
5.46984
5.48776
5.50443
5.52013
5.5367
5.55389
5.56851
5.57857
5.58503
5.58937
5.59232
5.59289
5.58651
5.56478
5.56234
5.59792
-1e+10
-1e+10
-1e+10
-1e+10
-1e+10
-1e+10
-1e+10
-1e+10
-1e+10
-1e+10
-1e+10
-1e+10
-1e+10
-1e+10
-1e+10
-1e+10
-1e+10
-1e+10
-1e+10
-1e+10
-1e+10
5.68519
5.69267
5.70015
-1e+10
-1e+10
-1e+10
-1e+10
-1e+10
-1e+10
-1e+10
-1e+10
-1e+10
-1e+10
-1e+10
-1e+10
-1e+10
-1e+10
-1e+10
-1e+10
-1e+10
5.45511
5.46205
5.47163
5.49007
5.50099
5.50805
5.51547
5.52071
5.5233
5.52852
5.53709
5.54346
5.54595
5.54656
5.54769
5.5501
5.5525
5.55368
5.55359
5.55233
5.54975
5.54579
5.54116
5.53715
5.53456
5.5328
5.5303
5.52573
-1e+10
-1e+10
-1e+10
-1e+10
-1e+10
-1e+10
5.545
5.51661
5.49145
5.46016
5.43024
5.40548
5.38372
5.36428
5.34401
5.32304
5.29957
5.27711
5.25399
5.24142
5.23253
5.2194
5.20232
5.19273
5.19051
5.19307
5.19619
5.19697
5.19634
5.19711
5.19984
5.20331
5.20641
5.20908
5.21188
5.21431
5.21588
5.21627
5.21557
5.21356
5.20988
5.2048
5.19986
5.1952
-1e+10
4.6135
4.61537
4.6145
4.60907
4.59534
4.59256
4.64078
4.64845
4.41331
4.42434
4.4392
4.44853
-1e+10
-1e+10
-1e+10
5.56204
5.53929
5.5208
5.50134
5.48021
5.45765
5.43629
5.41763
5.39827
5.3754
5.35561
5.35001
-1e+10
-1e+10
-1e+10
-1e+10
-1e+10
-1e+10
-1e+10
-1e+10
-1e+10
-1e+10
-1e+10
-1e+10
-1e+10
-1e+10
-1e+10
-1e+10
-1e+10
-1e+10
-1e+10
-1e+10
-1e+10
-1e+10
-1e+10
-1e+10
-1e+10
-1e+10
-1e+10
-1e+10
