1.065720000000000027e+03
1.065720000000000027e+03
1.065720000000000027e+03
1.065720000000000027e+03
1.065720000000000027e+03
1.065720000000000027e+03
1.065720000000000027e+03
1.065720000000000027e+03
1.065720000000000027e+03
1.065720000000000027e+03
1.065720000000000027e+03
1.065720000000000027e+03
1.065720000000000027e+03
1.065720000000000027e+03
1.065720000000000027e+03
1.065720000000000027e+03
1.065720000000000027e+03
1.065720000000000027e+03
1.065720000000000027e+03
1.065720000000000027e+03
1.065720000000000027e+03
1.065720000000000027e+03
1.065720000000000027e+03
1.065720000000000027e+03
1.065720000000000027e+03
1.065720000000000027e+03
1.065720000000000027e+03
1.065720000000000027e+03
1.065720000000000027e+03
1.065720000000000027e+03
1.065720000000000027e+03
1.065720000000000027e+03
1.065720000000000027e+03
1.065720000000000027e+03
1.065720000000000027e+03
1.065720000000000027e+03
1.065720000000000027e+03
1.065720000000000027e+03
1.065720000000000027e+03
1.234380000000000109e+03
1.245009999999999991e+03
5.375000000000000000e+03
7.088029999999999745e+03
7.088029999999999745e+03
5.375000000000000000e+03
5.187500000000000000e+03
5.177500000000000000e+03
4.783970000000000255e+03
4.718750000000000000e+03
3.046880000000000109e+03
1.147000000000000000e+03
1.134130000000000109e+03
1.092670000000000073e+03
1.078119999999999891e+03
1.062500000000000000e+03
1.109375000000000000e+03
1.156250000000000000e+03
1.203125000000000000e+03
1.250000000000000000e+03
1.296875000000000000e+03
1.343750000000000000e+03
1.390625000000000000e+03
1.437500000000000000e+03
1.484375000000000000e+03
1.531250000000000000e+03
1.578125000000000000e+03
1.625000000000000000e+03
1.671875000000000000e+03
1.718750000000000000e+03
1.765625000000000000e+03
1.812500000000000000e+03
1.859375000000000000e+03
1.906250000000000000e+03
1.953125000000000000e+03
2.000000000000000000e+03
2.046875000000000000e+03
2.093750000000000000e+03
2.093750000000000000e+03
2.093750000000000000e+03
2.093750000000000000e+03
2.169539999999999964e+03
2.875000000000000000e+03
3.154909999999999854e+03
3.154909999999999854e+03
3.154909999999999854e+03
2.233860000000000127e+03
2.233860000000000127e+03
2.233860000000000127e+03
3.107090000000000146e+03
3.119340000000000146e+03
3.964429999999999836e+03
3.998960000000000036e+03
3.998960000000000036e+03
5.766949999999999818e+03
3.998960000000000036e+03
4.656250000000000000e+03
4.656250000000000000e+03
4.656250000000000000e+03
3.646929999999999836e+03
1.876130000000000109e+03
1.790465000000000146e+03
1.704800000000000182e+03
1.619135000000000218e+03
1.533470000000000027e+03
1.447805000000000064e+03
1.362140000000000100e+03
1.276474999999999909e+03
1.190809999999999945e+03
1.105144999999999982e+03
1.019480000000000018e+03
1.533460000000000036e+03
1.617289999999999964e+03
1.617289999999999964e+03
1.370289999999999964e+03
1.370289999999999964e+03
1.353474090909090819e+03
1.336658181818181674e+03
1.319842272727272757e+03
1.303026363636363612e+03
1.286210454545454468e+03
1.269394545454545550e+03
1.252578636363636406e+03
1.235762727272727261e+03
1.218946818181818116e+03
1.202130909090908972e+03
1.185315000000000055e+03
1.168499090909090910e+03
1.151683181818181765e+03
1.134867272727272848e+03
1.118051363636363703e+03
1.101235454545454559e+03
1.084419545454545414e+03
1.067603636363636269e+03
1.050787727272727352e+03
1.033971818181818207e+03
1.017155909090909063e+03
1.000340000000000032e+03
1.048279999999999973e+03
1.321440000000000055e+03
1.738390000000000100e+03
1.781250000000000000e+03
2.112809999999999945e+03
2.502550000000000182e+03
3.281250000000000000e+03
3.671880000000000109e+03
4.657770000000000437e+03
4.657770000000000437e+03
6.130840000000000146e+03
4.657770000000000437e+03
3.958900000000000091e+03
1.812500000000000000e+03
1.886139090909091010e+03
1.959778181818181793e+03
2.033417272727272803e+03
2.107056363636363585e+03
2.180695454545454595e+03
2.254334545454545605e+03
2.327973636363636615e+03
2.401612727272727170e+03
2.475251818181818180e+03
2.548890909090909190e+03
2.622530000000000200e+03
4.097710000000000036e+03
4.097710000000000036e+03
4.656069999999999709e+03
4.656069999999999709e+03
2.819150000000000091e+03
2.819150000000000091e+03
2.248409999999999854e+03
2.104099999999999909e+03
2.104099999999999909e+03
2.676150000000000091e+03
2.676150000000000091e+03
3.299570000000000164e+03
3.299570000000000164e+03
2.676150000000000091e+03
2.808860000000000127e+03
2.808860000000000127e+03
2.545679999999999836e+03
2.545679999999999836e+03
1.793619999999999891e+03
1.164549999999999955e+03
1.164549999999999955e+03
1.164549999999999955e+03
1.265039999999999964e+03
1.265039999999999964e+03
1.265039999999999964e+03
1.041039999999999964e+03
1.084183636363636424e+03
1.127327272727272657e+03
1.170470909090909117e+03
1.213614545454545350e+03
1.256758181818181811e+03
1.299901818181818044e+03
1.343045454545454504e+03
1.386189090909090737e+03
1.429332727272727197e+03
1.472476363636363430e+03
1.515619999999999891e+03
1.598009999999999991e+03
1.898759999999999991e+03
3.672239999999999782e+03
6.914060000000000400e+03
7.041390000000000327e+03
7.190340000000000146e+03
7.190340000000000146e+03
7.190340000000000146e+03
7.190340000000000146e+03
7.039060000000000400e+03
7.005430000000000291e+03
7.005430000000000291e+03
7.005430000000000291e+03
3.768599999999999909e+03
6.339029999999999745e+03
7.358170000000000073e+03
7.358170000000000073e+03
6.339029999999999745e+03
6.339029999999999745e+03
5.809069999999999709e+03
5.809069999999999709e+03
5.809069999999999709e+03
5.809069999999999709e+03
5.809069999999999709e+03
5.524029999999999745e+03
4.015570000000000164e+03
2.366500000000000000e+03
2.327730000000000018e+03
1.691900000000000091e+03
1.843750000000000000e+03
1.812500000000000000e+03
1.843750000000000000e+03
1.812500000000000000e+03
1.843750000000000000e+03
1.812500000000000000e+03
1.094849999999999909e+03
1.094849999999999909e+03
1.094849999999999909e+03
1.094849999999999909e+03
1.094849999999999909e+03
1.094849999999999909e+03
1.094849999999999909e+03
1.094849999999999909e+03
1.094849999999999909e+03
1.094849999999999909e+03
1.094849999999999909e+03
1.094849999999999909e+03
1.094849999999999909e+03
1.094849999999999909e+03
1.094849999999999909e+03
1.094849999999999909e+03
1.094849999999999909e+03
1.094849999999999909e+03
1.094849999999999909e+03
1.094849999999999909e+03
1.094849999999999909e+03
1.094849999999999909e+03
1.094849999999999909e+03
1.094849999999999909e+03
1.094849999999999909e+03
1.094849999999999909e+03
1.094849999999999909e+03
1.094849999999999909e+03
1.094849999999999909e+03
1.094849999999999909e+03
1.094849999999999909e+03
1.094849999999999909e+03
1.094849999999999909e+03
1.094849999999999909e+03
1.094849999999999909e+03
1.094849999999999909e+03
1.094849999999999909e+03
1.094849999999999909e+03
1.094849999999999909e+03
1.094849999999999909e+03
1.094849999999999909e+03
1.094849999999999909e+03
1.094849999999999909e+03
1.094849999999999909e+03
1.094849999999999909e+03
1.094849999999999909e+03
1.094849999999999909e+03
1.094849999999999909e+03
1.094849999999999909e+03
1.094849999999999909e+03
1.094849999999999909e+03
1.094849999999999909e+03
1.094849999999999909e+03
1.094849999999999909e+03
1.094849999999999909e+03
1.094849999999999909e+03
1.094849999999999909e+03
1.094849999999999909e+03
1.094849999999999909e+03
1.094849999999999909e+03
1.094849999999999909e+03
1.094849999999999909e+03
1.094849999999999909e+03
1.094849999999999909e+03
