5.522920000000000051e+00
5.522920000000000051e+00
5.522920000000000051e+00
5.522920000000000051e+00
5.522920000000000051e+00
5.522920000000000051e+00
5.522920000000000051e+00
5.522920000000000051e+00
5.522920000000000051e+00
5.522920000000000051e+00
5.522920000000000051e+00
5.522920000000000051e+00
5.522920000000000051e+00
5.522920000000000051e+00
5.522920000000000051e+00
5.522920000000000051e+00
5.525199999999999889e+00
5.527120000000000033e+00
5.527669999999999639e+00
5.526609999999999800e+00
5.524339999999999584e+00
5.521359999999999602e+00
5.513910000000000089e+00
5.489550000000000374e+00
5.461420000000000385e+00
5.465679999999999872e+00
5.547310000000000407e+00
5.571850000000000414e+00
5.576069999999999638e+00
5.576830000000000176e+00
5.577840000000000131e+00
5.578949999999999854e+00
5.579310000000000436e+00
5.578430000000000000e+00
5.576609999999999623e+00
5.574530000000000207e+00
5.572449999999999903e+00
5.570100000000000051e+00
5.566869999999999763e+00
5.561840000000000117e+00
5.553469999999999906e+00
5.541649999999999743e+00
5.527910000000000323e+00
5.515620000000000189e+00
5.508469999999999978e+00
5.506750000000000256e+00
5.506479999999999819e+00
5.507920000000000371e+00
5.515480000000000160e+00
5.523039999999999949e+00
5.530600000000000627e+00
5.538160000000000416e+00
5.545720000000000205e+00
5.553279999999999994e+00
5.560840000000000671e+00
5.568400000000000460e+00
5.575960000000000250e+00
5.583520000000000039e+00
5.591079999999999828e+00
5.598640000000000505e+00
5.606200000000000294e+00
5.613760000000000083e+00
5.621319999999999872e+00
5.628879999999999661e+00
5.636440000000000339e+00
5.644000000000000128e+00
5.651559999999999917e+00
5.659119999999999706e+00
5.666679999999999495e+00
5.674240000000000173e+00
5.681799999999999962e+00
5.689359999999999751e+00
5.696919999999999540e+00
5.704480000000000217e+00
5.712040000000000006e+00
5.719599999999999795e+00
5.699049999999999727e+00
5.690629999999999633e+00
5.686309999999999754e+00
5.684230000000000338e+00
5.683609999999999829e+00
5.683740000000000236e+00
5.683900000000000396e+00
5.683769999999999989e+00
5.683460000000000178e+00
5.683099999999999596e+00
5.682760000000000034e+00
5.682529999999999859e+00
5.682570000000000121e+00
5.683010000000000339e+00
5.683819999999999872e+00
5.684820000000000206e+00
5.685800000000000409e+00
5.686639999999999695e+00
5.687280000000000335e+00
5.687800000000000189e+00
5.688369999999999926e+00
5.689079999999999693e+00
5.689939999999999998e+00
5.690940000000000332e+00
5.692079999999999806e+00
5.693489999999999718e+00
5.695459999999999745e+00
5.698479999999999990e+00
5.703050000000000175e+00
5.709120000000000417e+00
5.716039999999999566e+00
5.722550000000000026e+00
5.726910000000000167e+00
5.727859999999999729e+00
5.724020000000000330e+00
5.715180000000000149e+00
5.705219999999999736e+00
5.692809999999999704e+00
5.671269999999999811e+00
5.654239999999999711e+00
5.649130000000000429e+00
5.648850000000000371e+00
5.648719999999999963e+00
5.646679999999999922e+00
5.644239999999999924e+00
5.645430000000000170e+00
5.644867000000000523e+00
5.644303999999999988e+00
5.643741000000000341e+00
5.643177999999999805e+00
5.642615000000000158e+00
5.642052000000000511e+00
5.641488999999999976e+00
5.640926000000000329e+00
5.640362999999999793e+00
5.639800000000000146e+00
5.656579999999999941e+00
5.657569999999999766e+00
5.646539999999999893e+00
5.632460000000000022e+00
5.621690000000000076e+00
5.614080000000000403e+00
5.607859999999999623e+00
5.602759999999999962e+00
5.598740000000000272e+00
5.596199999999999619e+00
5.595360000000000333e+00
5.596119999999999983e+00
5.599099999999999966e+00
5.605719999999999814e+00
5.614180000000000170e+00
5.621229999999999727e+00
5.626430000000000042e+00
5.630740000000000300e+00
5.634820000000000384e+00
5.638760000000000439e+00
5.642599999999999838e+00
5.647199999999999775e+00
5.653929999999999900e+00
5.662919999999999732e+00
5.671840000000000437e+00
5.677550000000000097e+00
5.679219999999999935e+00
5.677839999999999776e+00
5.674339999999999939e+00
5.669059999999999988e+00
5.662010000000000431e+00
5.653789999999999871e+00
5.643930000000000113e+00
5.630969999999999587e+00
5.610459999999999781e+00
5.579500000000000348e+00
5.554129999999999789e+00
5.539139999999999731e+00
5.522359999999999935e+00
5.496559999999999668e+00
5.460219999999999629e+00
5.420200000000000351e+00
5.388670000000000293e+00
5.371179999999999843e+00
5.363559999999999661e+00
5.358419999999999739e+00
5.358934999999999782e+00
5.359449999999999825e+00
5.359964999999999868e+00
5.360479999999999912e+00
5.360994999999999955e+00
5.361509999999999998e+00
5.358909999999999840e+00
5.353720000000000034e+00
5.341169999999999973e+00
5.299240000000000173e+00
5.277709999999999901e+00
5.267999999999999794e+00
5.257649999999999935e+00
5.244180000000000064e+00
5.233410000000000117e+00
5.226119999999999877e+00
5.219520000000000159e+00
5.212579999999999991e+00
5.205479999999999663e+00
5.198739999999999917e+00
5.191679999999999851e+00
5.185010000000000119e+00
5.180649999999999977e+00
5.178420000000000023e+00
5.176960000000000228e+00
5.175019999999999953e+00
5.172600000000000087e+00
5.170209999999999972e+00
5.167690000000000339e+00
5.164600000000000080e+00
5.161570000000000213e+00
5.160540000000000127e+00
5.162460000000000271e+00
5.168020000000000280e+00
5.179450000000000109e+00
5.199160000000000004e+00
5.214419999999999611e+00
5.222940000000000360e+00
5.227640000000000065e+00
5.230089999999999684e+00
5.231670000000000265e+00
5.233050000000000423e+00
5.233920000000000350e+00
5.234300000000000175e+00
5.235050000000000203e+00
5.238590000000000302e+00
5.238590000000000302e+00
5.238590000000000302e+00
5.238590000000000302e+00
5.238590000000000302e+00
5.238590000000000302e+00
5.238590000000000302e+00
5.238590000000000302e+00
5.238590000000000302e+00
5.238590000000000302e+00
5.238590000000000302e+00
5.238590000000000302e+00
5.238590000000000302e+00
5.238590000000000302e+00
5.238590000000000302e+00
5.238590000000000302e+00
5.238590000000000302e+00
5.238590000000000302e+00
5.238590000000000302e+00
5.238590000000000302e+00
