-1e+10
-1e+10
-1e+10
-1e+10
-1e+10
-1e+10
-1e+10
-1e+10
-1e+10
-1e+10
-1e+10
-1e+10
-1e+10
-1e+10
-1e+10
-1e+10
-1e+10
-1e+10
-1e+10
-1e+10
-1e+10
-1e+10
-1e+10
-1e+10
-1e+10
-1e+10
-1e+10
-1e+10
-1e+10
-1e+10
-1e+10
-1e+10
-1e+10
-1e+10
-1e+10
-1e+10
-1e+10
-1e+10
-1e+10
-1e+10
-1e+10
-1e+10
-1e+10
5.53467
5.53564
5.53592
5.53713
5.54256
5.55187
5.55793
5.56158
5.56519
5.5691
5.57186
5.57175
5.56804
5.56215
5.56247
5.5831
5.61582
5.63756
5.64747
5.65151
5.65278
5.65279
5.6522
5.65128
5.64974
5.6468
5.64154
5.63376
5.62268
5.60791
5.58534
5.55541
5.52551
5.51308
-1e+10
-1e+10
-1e+10
-1e+10
-1e+10
-1e+10
-1e+10
-1e+10
-1e+10
-1e+10
-1e+10
-1e+10
-1e+10
-1e+10
-1e+10
-1e+10
-1e+10
-1e+10
-1e+10
-1e+10
-1e+10
-1e+10
-1e+10
-1e+10
-1e+10
-1e+10
-1e+10
-1e+10
-1e+10
-1e+10
-1e+10
-1e+10
-1e+10
-1e+10
-1e+10
5.65874
5.65608
5.65285
5.64825
5.64256
5.63736
5.63405
5.63355
5.63596
5.64096
5.64828
5.65606
5.66284
5.66757
5.67083
5.67385
5.67701
5.67962
5.67956
5.67012
5.63148
5.61083
5.6147
5.62144
5.62875
5.6398
5.67464
5.73678
5.75362
5.75794
5.76036
5.76193
5.76255
5.76179
5.75899
5.75243
5.74181
5.72559
5.71318
5.70939
5.71071
5.71311
5.71498
5.71599
5.71591
5.71467
5.71255
5.70994
5.7069
5.70319
5.69858
5.69312
5.68708
5.68063
5.67385
5.66661
5.65875
5.65027
5.64124
5.63193
5.62252
5.61316
5.60384
5.59456
5.58678
5.58351
5.58236
5.57985
5.57831
5.57843
5.57934
5.5804
5.58152
5.58298
5.58502
5.58751
5.59016
5.59306
5.5967
5.6014
5.60711
5.61283
5.61682
5.61859
5.61714
5.6085
5.57975
5.53043
5.52756
5.53913
-1e+10
-1e+10
-1e+10
-1e+10
-1e+10
-1e+10
-1e+10
-1e+10
5.82272
5.73794
5.7196
5.70113
5.69019
5.68399
5.6795
5.67539
5.66998
5.66167
5.65129
5.6417
5.63789
5.64065
5.64649
5.65194
5.65598
5.65913
5.66224
5.66577
5.66944
5.67282
5.67562
5.67757
5.67826
5.67715
5.67403
5.66928
5.6637
5.65801
5.65254
5.6473
5.64277
5.64208
-1e+10
-1e+10
-1e+10
-1e+10
-1e+10
-1e+10
-1e+10
-1e+10
-1e+10
-1e+10
-1e+10
-1e+10
-1e+10
5.72993
5.71576
5.69943
5.6836
5.66551
5.64323
5.61153
5.55947
5.50626
5.47691
5.45658
5.433
5.41065
5.39651
5.39135
5.39301
5.39645
5.39655
5.39032
5.44065
5.5055
5.50858
5.50934
5.4999
5.41852
5.37075
5.34465
5.3318
5.32197
5.31126
5.29852
5.28605
5.27582
5.26627
5.25434
5.24285
5.23291
5.21614
5.19761
5.19007
5.18515
5.18082
5.17557
5.17115
5.16913
5.16892
5.16889
5.16693
5.16303
5.15956
5.15733
5.1568
5.15795
5.16022
5.16264
5.16563
5.17364
5.18619
5.19057
5.19373
5.19578
5.19758
5.20084
5.20625
5.21282
5.21877
5.22526
5.2362
5.26306
5.30656
5.34106
5.34984
5.34307
5.33057
5.3179
5.30534
-1e+10
-1e+10
-1e+10
-1e+10
-1e+10
-1e+10
-1e+10
-1e+10
-1e+10
-1e+10
-1e+10
-1e+10
-1e+10
-1e+10
-1e+10
-1e+10
-1e+10
-1e+10
-1e+10
-1e+10
-1e+10
-1e+10
-1e+10
-1e+10
-1e+10
-1e+10
-1e+10
-1e+10
-1e+10
-1e+10
-1e+10
-1e+10
-1e+10
-1e+10
-1e+10
-1e+10
-1e+10
