1.111309999999999945e+03
1.111309999999999945e+03
1.111309999999999945e+03
1.111309999999999945e+03
1.111309999999999945e+03
1.111309999999999945e+03
1.111309999999999945e+03
1.111309999999999945e+03
1.111309999999999945e+03
1.111309999999999945e+03
1.111309999999999945e+03
1.111309999999999945e+03
1.111309999999999945e+03
1.111309999999999945e+03
1.111309999999999945e+03
1.111309999999999945e+03
1.111309999999999945e+03
1.111309999999999945e+03
1.111309999999999945e+03
1.111309999999999945e+03
1.111309999999999945e+03
1.111309999999999945e+03
1.111309999999999945e+03
1.111309999999999945e+03
1.111309999999999945e+03
1.111309999999999945e+03
1.111309999999999945e+03
1.111309999999999945e+03
1.111309999999999945e+03
1.111309999999999945e+03
1.111309999999999945e+03
1.111309999999999945e+03
1.111309999999999945e+03
1.111309999999999945e+03
1.111309999999999945e+03
5.729079999999999927e+03
5.729079999999999927e+03
5.729079999999999927e+03
2.682280000000000200e+03
2.569659999999999854e+03
2.209880000000000109e+03
1.281180000000000064e+03
1.281180000000000064e+03
1.724869999999999891e+03
1.106210000000000036e+03
1.106210000000000036e+03
1.106210000000000036e+03
1.106790526315789521e+03
1.107371052631579005e+03
1.107951578947368489e+03
1.108532105263157973e+03
1.109112631578947457e+03
1.109693157894736942e+03
1.110273684210526426e+03
1.110854210526315910e+03
1.111434736842105394e+03
1.112015263157894651e+03
1.112595789473684135e+03
1.113176315789473620e+03
1.113756842105263104e+03
1.114337368421052588e+03
1.114917894736842072e+03
1.115498421052631556e+03
1.116078947368421041e+03
1.116659473684210525e+03
1.117240000000000009e+03
1.132809999999999945e+03
1.521170000000000073e+03
1.521170000000000073e+03
1.521170000000000073e+03
2.786579999999999927e+03
2.786579999999999927e+03
2.786579999999999927e+03
2.951949999999999818e+03
2.951949999999999818e+03
2.951949999999999818e+03
2.213300000000000182e+03
1.468750000000000000e+03
1.468750000000000000e+03
1.468750000000000000e+03
1.292630000000000109e+03
1.238410000000000082e+03
1.238410000000000082e+03
1.238410000000000082e+03
1.238410000000000082e+03
1.515619999999999891e+03
1.861099999999999909e+03
1.515619999999999891e+03
1.048049999999999955e+03
1.057485999999999876e+03
1.066922000000000025e+03
1.076357999999999947e+03
1.085794000000000096e+03
1.095230000000000018e+03
1.331819999999999936e+03
1.331819999999999936e+03
1.331819999999999936e+03
1.187759999999999991e+03
1.187759999999999991e+03
1.187759999999999991e+03
1.352920000000000073e+03
1.352920000000000073e+03
1.533289999999999964e+03
1.973529999999999973e+03
2.276599999999999909e+03
2.574159999999999854e+03
3.343750000000000000e+03
4.273609999999999673e+03
4.273609999999999673e+03
3.343750000000000000e+03
4.618550000000000182e+03
4.618550000000000182e+03
4.618409999999999854e+03
4.618409999999999854e+03
4.812500000000000000e+03
6.132810000000000400e+03
6.343750000000000000e+03
6.445039999999999964e+03
6.343750000000000000e+03
6.132810000000000400e+03
5.673789999999999964e+03
5.673789999999999964e+03
5.673789999999999964e+03
5.673789999999999964e+03
5.032250000000000000e+03
6.512569999999999709e+03
4.093750000000000000e+03
3.393679999999999836e+03
4.093750000000000000e+03
5.390000000000000000e+03
5.176270000000000437e+03
5.390000000000000000e+03
7.194380000000000109e+03
6.921039999999999964e+03
6.921039999999999964e+03
7.194380000000000109e+03
7.194380000000000109e+03
7.753100000000000364e+03
7.753100000000000364e+03
7.753100000000000364e+03
7.753100000000000364e+03
6.757369999999999891e+03
6.757369999999999891e+03
5.629300000000000182e+03
5.453119999999999891e+03
4.084840000000000146e+03
5.453119999999999891e+03
5.453119999999999891e+03
5.453119999999999891e+03
4.515340000000000146e+03
4.515340000000000146e+03
3.578119999999999891e+03
2.921880000000000109e+03
2.921880000000000109e+03
2.921880000000000109e+03
2.921880000000000109e+03
2.731099999999999909e+03
2.719250000000000000e+03
2.595460000000000036e+03
2.001680000000000064e+03
1.955579999999999927e+03
1.424940000000000055e+03
1.212339999999999918e+03
1.191099999999999909e+03
1.114980000000000018e+03
1.114980000000000018e+03
1.114980000000000018e+03
1.114980000000000018e+03
1.114980000000000018e+03
1.114980000000000018e+03
1.114980000000000018e+03
1.114980000000000018e+03
1.114980000000000018e+03
1.114980000000000018e+03
1.114980000000000018e+03
1.114980000000000018e+03
1.114980000000000018e+03
1.114980000000000018e+03
1.114980000000000018e+03
1.114980000000000018e+03
1.114980000000000018e+03
1.114980000000000018e+03
1.114980000000000018e+03
1.114980000000000018e+03
1.114980000000000018e+03
1.114980000000000018e+03
1.114980000000000018e+03
1.114980000000000018e+03
