-1e+10
-1e+10
-1e+10
-1e+10
-1e+10
-1e+10
-1e+10
-1e+10
-1e+10
-1e+10
-1e+10
-1e+10
-1e+10
-1e+10
-1e+10
-1e+10
-1e+10
-1e+10
-1e+10
-1e+10
-1e+10
-1e+10
-1e+10
-1e+10
-1e+10
-1e+10
-1e+10
-1e+10
-1e+10
-1e+10
-1e+10
-1e+10
-1e+10
-1e+10
-1e+10
-1e+10
-1e+10
-1e+10
-1e+10
-1e+10
-1e+10
-1e+10
-1e+10
-1e+10
-1e+10
-1e+10
-1e+10
-1e+10
-1e+10
5.51043
5.52182
5.5258
5.529
5.532
5.53326
5.53177
5.5281
5.5245
5.52234
5.51981
5.51403
5.50483
5.49312
5.48076
5.47022
5.46011
5.44646
5.4267
5.41293
5.40153
5.3863
5.3607
5.33874
5.32394
5.31054
5.29845
5.28846
5.28523
-1e+10
-1e+10
-1e+10
-1e+10
-1e+10
-1e+10
-1e+10
-1e+10
-1e+10
-1e+10
-1e+10
-1e+10
-1e+10
-1e+10
-1e+10
-1e+10
-1e+10
-1e+10
-1e+10
-1e+10
-1e+10
-1e+10
-1e+10
-1e+10
5.33422
5.34139
5.34403
5.33925
5.32763
5.30881
5.28352
5.26122
5.2297
5.17838
5.13061
5.1259
5.16587
5.24213
5.24496
5.23424
5.22737
5.22538
5.2271
5.23104
5.23649
5.24408
5.25462
5.26773
5.28185
5.29529
5.30678
5.31538
5.32056
5.32221
5.32079
5.31666
5.31032
5.30322
5.29874
5.29966
-1e+10
-1e+10
-1e+10
-1e+10
-1e+10
-1e+10
-1e+10
-1e+10
-1e+10
-1e+10
5.56622
5.53304
5.49465
5.47115
5.45707
5.44702
5.43872
5.43062
5.42165
5.41109
5.39858
5.38513
5.37194
5.35951
5.34689
5.33288
5.31777
5.30345
5.28898
5.27238
5.25436
5.2368
5.22088
5.20722
5.19453
5.18239
5.17297
5.16765
5.16483
5.16363
5.16368
5.165
5.16798
5.17251
5.17758
5.18001
5.17931
5.17585
5.17123
5.1699
5.17801
5.19735
5.21352
-1e+10
-1e+10
-1e+10
-1e+10
-1e+10
-1e+10
-1e+10
-1e+10
-1e+10
-1e+10
-1e+10
-1e+10
5.43547
5.36616
5.3286
5.3166
5.31038
5.3022
5.29335
5.28619
5.2815
5.27966
5.28083
5.28464
5.2908
5.29922
5.30975
5.32167
5.33399
5.34614
5.35743
5.36652
5.3742
5.37963
5.38257
5.38182
5.37682
5.36531
5.32936
5.31358
5.31148
5.31148
5.31294
5.31972
-1e+10
-1e+10
-1e+10
-1e+10
-1e+10
-1e+10
-1e+10
-1e+10
-1e+10
-1e+10
-1e+10
-1e+10
5.47207
5.48719
5.50409
5.51758
5.52687
5.53468
5.54229
5.55203
5.56445
5.57749
5.58782
5.59475
5.6
5.60517
5.61127
5.61795
5.62462
5.63149
5.63826
5.64515
4.95964
4.96463
4.96833
4.97147
4.97501
4.97747
4.9748
4.96453
4.95263
4.9434
4.93372
4.91698
4.88361
4.86535
4.84752
4.82955
4.81159
-1e+10
-1e+10
-1e+10
5.37851
5.36616
5.3543
5.3315
5.30925
5.29376
5.28028
5.2672
5.25445
5.24347
5.23477
5.22792
5.22273
5.21843
5.21444
5.21121
-1e+10
-1e+10
-1e+10
-1e+10
-1e+10
-1e+10
-1e+10
-1e+10
-1e+10
-1e+10
-1e+10
-1e+10
-1e+10
-1e+10
-1e+10
-1e+10
-1e+10
-1e+10
-1e+10
-1e+10
-1e+10
-1e+10
-1e+10
-1e+10
-1e+10
-1e+10
-1e+10
-1e+10
-1e+10
-1e+10
-1e+10
-1e+10
-1e+10
-1e+10
-1e+10
-1e+10
-1e+10
-1e+10
-1e+10
-1e+10
-1e+10
-1e+10
-1e+10
-1e+10
-1e+10
-1e+10
-1e+10
-1e+10
-1e+10
-1e+10
-1e+10
-1e+10
-1e+10
-1e+10
-1e+10
-1e+10
-1e+10
-1e+10
-1e+10
-1e+10
-1e+10
-1e+10
-1e+10
-1e+10
-1e+10
-1e+10
-1e+10
-1e+10
-1e+10
-1e+10
-1e+10
-1e+10
-1e+10
-1e+10
-1e+10
-1e+10
-1e+10
-1e+10
-1e+10
-1e+10
-1e+10
-1e+10
-1e+10
-1e+10
-1e+10
-1e+10
-1e+10
-1e+10
-1e+10
-1e+10
-1e+10
-1e+10
-1e+10
-1e+10
-1e+10
-1e+10
-1e+10
-1e+10
-1e+10
-1e+10
-1e+10
-1e+10
-1e+10
-1e+10
-1e+10
-1e+10
-1e+10
-1e+10
-1e+10
-1e+10
-1e+10
-1e+10
-1e+10
-1e+10
-1e+10
-1e+10
-1e+10
