0
0
0
0
0
0
0
0
0
0
0
0
0
0
0
0
0
0
0
0
0
0
0
0
0
0
0
0
0
0
0
0
0
0
0
0
0
0
0
1187.94
1340.14
3437.5
4375
5175.07
6073.52
6073.52
5175.07
5140.62
4374.22
3788.69
4374.22
4374.22
4028.75
4028.75
4028.75
2385.6
2003.35
1566.31
1292.33
1071.68
1070.31
1047.08
0
0
0
0
0
0
0
0
0
0
0
0
0
0
0
0
0
0
0
0
0
0
0
0
0
1193.84
1765.62
1799.36
1799.36
4966.17
5433.02
6109.38
6109.38
6109.38
6109.38
6109.38
6203.12
5918.82
6203.12
6203.12
6339.26
4554.92
4812.23
4812.23
4812.23
4269.99
1658.86
1531.25
1531.25
1531.25
1102.02
1015.62
1010.23
0
0
0
0
0
0
0
0
0
3523.19
5389.06
5389.06
5389.06
4937.75
5389.06
5937.42
5937.42
4930.23
2289.06
0
0
0
0
0
0
0
0
0
0
0
0
0
0
0
0
0
0
0
0
0
0
0
0
0
0
0
0
0
0
0
1231.68
1343.75
4734.38
5046.88
5046.88
5046.88
3549.88
3549.88
3549.88
4617.01
5492.11
5703.56
6451.47
6359.38
6451.47
7123.77
7123.77
7495.24
7495.24
7495.24
7482.01
5853.14
5853.14
5853.14
5853.14
7072.3
7072.3
6752.08
6752.08
6752.08
6031.25
6031.25
7061.02
7061.02
7061.02
7221.31
7501.23
7221.31
7221.31
6599.66
6599.66
6599.66
6599.66
6707.08
7749.86
7751.45
7751.45
7751.45
7537.39
7429
7429
7267.89
7267.89
7514.52
7514.52
5328.12
6468.75
5328.12
5162.8
3859.38
2074.64
1660.66
1275.05
1106.21
1081.17
1062.5
0
0
0
0
0
0
0
0
1050.91
1156.25
2203.12
2281.2
2582.86
2582.86
2582.86
2281.2
2138.73
1858.26
1656.25
1435.03
1435.03
1150.83
1078.12
1070.31
0
0
0
0
0
0
0
0
0
0
0
0
0
0
0
0
0
0
0
1093.75
1140.62
1371.7
5372.61
6234.38
6234.38
5372.61
5146.21
5146.21
5146.21
6892.4
7484.48
7669.82
7669.82
7417.47
7417.47
6859.15
6859.15
6859.15
6859.15
6103.27
6273.64
6273.64
6273.64
6103.27
6273.64
6031.29
6031.29
6846.18
6846.18
4531.25
4531.25
3233.64
1777.26
1622.87
1192.81
1343.75
1140.62
1140.62
1218.75
1343.75
2477.63
3585.7
4031.85
5729.9
6153.28
7391.44
7735.02
7735.02
7735.02
7714.41
7714.41
7714.41
7271.59
7271.59
7271.59
6625
6505.38
4671.88
4568.09
4351.68
4010.79
3456.19
3456.19
3456.19
3456.19
3487.42
4008.36
4008.36
5539.94
5539.94
4008.36
6146.13
6146.13
4361
6146.13
6146.13
6103.49
4779.39
6103.49
4779.39
4779.39
6095
6204.05
6095
6168.75
6095
4325.35
3094.92
1446.51
1139.37
1121.51
0
0
0
0
0
0
0
0
0
0
0
0
1122.15
1753.15
1753.15
1753.91
1833.69
1833.69
2495.19
2495.19
2495.19
1886.84
1886.84
1886.84
1906.79
1915.45
1915.45
1988.49
1988.49
1896.04
1184.61
1184.61
1184.61
1184.61
1184.61
1085.94
1085.94
1085.94
1085.94
1085.94
0
0
0
0
0
0
0
0
0
0
0
0
0
0
0
0
0
0
0
0
0
0
0
0
0
0
0
0
0
0
0
0
