0
0
0
0
0
0
0
0
0
0
0
0
0
0
0
0
0
0
0
0
0
0
0
0
0
0
0
0
0
0
0
5124.6
5829.68
7836.55
7836.55
7542.5
7561.32
7542.5
7490.89
7465.84
7465.84
7465.84
7779.98
7779.98
7779.98
5811.38
5811.38
5656.25
5811.38
5354.81
1976.59
1663.33
1338.57
1214.65
1091.6
0
0
0
0
0
0
0
0
0
0
0
0
0
0
0
1157.37
3015
3859.38
4137.71
5961.76
5961.76
5993.25
5993.25
6322.47
7373.61
7809.75
7373.61
7332.43
7809.75
7332.43
6661.73
5595.27
4995.08
4943.62
4995.08
4995.08
5019.73
6221.73
7520.8
7520.8
7520.8
7520.8
7482.7
7394.83
7394.83
7394.83
7223.84
7223.84
7223.84
7578.12
7578.12
7661.78
7677.68
7677.68
7677.68
7677.68
7599.54
7575.07
7389.98
7389.98
7389.98
7389.98
7389.98
6035.52
5642.17
5642.17
5642.17
2032.76
2032.76
1186.58
1136.03
1186.58
1186.58
1136.03
1000
0
0
0
0
1012.54
1148.7
1497.47
1681.97
1843.75
1843.75
1843.75
1843.75
2075.1
6352.75
7515.85
7515.85
7515.85
1240.15
1168.79
1168.79
1175.36
1175.36
1145.95
1175.36
1208.5
1156.89
1171.79
1460.94
1171.79
1156.89
1171.79
1460.94
2734.38
2734.38
2734.38
1265.62
1254.96
1144.66
1254.96
1144.66
1084.05
0
0
0
0
0
0
0
0
0
0
0
0
0
0
0
0
0
0
0
0
0
0
0
0
0
0
0
0
0
0
0
0
0
0
0
0
0
0
0
0
0
0
0
0
0
0
0
0
0
0
0
0
0
0
0
0
0
0
0
0
0
0
0
0
0
0
0
0
0
0
0
