0
0
0
0
0
0
0
0
0
0
0
0
0
0
0
0
0
0
0
0
0
0
0
0
0
0
0
0
0
0
0
0
0
0
0
0
0
0
0
0
0
0
0
0
0
0
0
0
0
1008.95
3565.43
3565.43
5265.62
3565.43
1659.65
1659.65
2631.28
2631.28
3827.33
4109.06
4710.74
6226.31
6501.85
6501.85
6501.85
6501.85
5817.9
5817.9
7739.72
7777.49
7796.88
7851.11
7851.11
7851.11
7839.71
7812.5
7559.75
7540.94
7540.94
6044.71
6044.71
7513.01
7598.57
7573.93
7573.93
7573.93
7119.9
6750
4840.36
1743.83
1743.83
1743.83
5045.36
5045.36
7524.88
7548.47
6764.74
6764.74
6764.74
6621.1
6621.1
6133.7
5604.27
5604.27
5604.27
4619.26
4609.38
4609.38
4619.26
4619.26
4515.62
4659.81
4659.81
4515.62
4968.75
5009.7
4968.75
3734.38
4948.36
3081.89
3081.89
4618.57
4948.36
4618.57
5080.89
4894.18
4894.18
4876.43
4876.43
4876.43
4363.9
4363.9
5465.02
5465.02
5465.02
5465.02
4518.44
4518.44
4565.25
4518.44
4512.36
3442.99
3442.99
3442.99
3514.41
3514.41
3514.41
2015.62
1229.13
1229.13
1225.18
1229.13
1229.13
1225.18
0
0
0
0
0
0
0
0
0
0
1169.16
1447.21
2309.99
3860.08
4463.64
4803.84
5502.5
5871.48
5502.5
4803.84
3584.34
3161.77
3161.77
3157.2
3161.77
2832.16
3234.38
2832.16
3234.38
2832.16
2646.36
2375
2285.48
1460.78
1316.48
1316.48
1460.78
1075.59
1075.59
0
0
0
0
0
0
0
0
0
0
0
0
0
0
0
0
0
0
1000.04
1072.69
1819.14
1819.14
2138.59
2138.59
2138.59
2138.59
2178.71
2538.87
2593.05
2851.38
2851.38
2851.38
3412.65
3611.37
3611.37
3611.37
4483.53
4632.81
4632.81
4632.81
4450.44
4450.44
4074.41
4450.44
5828.12
5828.12
4921.88
4921.88
4180.86
4180.86
4180.86
7591.51
7591.51
7591.51
6338.19
6304.69
4273.1
2804.1
2682.99
2543.72
2451.33
2197.19
1938.56
1938.56
1824.74
1824.74
2245.8
3164.06
2245.8
3164.06
4367.19
4507.81
4507.81
4898.44
6330.77
6330.77
4898.44
4605.43
4315.43
3469.68
1610.61
1295.14
1125
1125
1125
1125
1125
1173
1492.19
1492.19
1492.19
1458.82
1458.82
0
0
0
0
0
0
0
0
0
0
0
0
0
0
0
0
0
0
0
0
0
0
0
0
0
0
0
0
0
0
0
0
0
0
0
0
0
0
0
0
0
0
0
0
0
0
