0
0
0
0
0
0
0
0
0
0
0
0
0
0
0
0
0
0
0
0
0
0
0
0
0
0
0
0
0
1015.62
1276.81
4074.88
5684.93
6046.88
6046.88
6375.56
6375.56
6375.56
6757.7
7270.32
6757.7
5765.62
5765.62
5711.1
5711.1
5765.62
6431.9
6781.25
6843.75
6781.25
6924
6924
6924
6549.84
5551.95
1546.88
1546.88
1546.88
3368.57
4968.75
4968.75
3368.57
2098.88
1568.49
1160.93
1160.93
1157.05
1157.05
1157.05
1473.07
2020.58
3078.27
3941.73
4118.63
4353.32
4694.62
4985.62
5371.73
5463.81
5463.81
5473.33
7671.88
7671.88
7671.88
7831.07
6739.23
6739.23
7240.67
7240.67
7240.67
7553.75
7553.75
6720.8
7359.08
6720.8
6594.29
2909.37
1361.33
1361.33
1361.33
2147.55
2147.55
2147.55
1765.62
1363.81
1178.37
1031.25
1031.25
1031.25
1531.25
1531.25
1620.68
1620.68
1376.87
1171.88
1171.88
0
0
0
0
0
0
0
0
0
1016.73
1182.22
3004.6
3387.96
4979.82
5969.23
6393.13
7366.27
7770.31
7770.31
7797.32
7770.31
7764.02
7741.34
7741.34
7362.36
7362.36
5984.38
5965.54
5886.59
5765.62
5074.86
4883.21
4883.21
3858.96
4883.21
5214.48
6347.2
6347.2
6347.2
6347.2
6347.2
6187.5
6187.5
5739.2
5739.2
7437.5
7437.5
6573.61
6573.61
6299.6
6299.6
6299.6
6299.6
6954.94
7223.64
7142.79
7142.79
6954.94
5726.7
4196.17
4196.17
4542.54
4196.17
3486
1722.51
1722.51
1256.54
1256.54
1380.18
1254.71
1250.88
1113.23
0
0
0
0
0
1151.55
1344.33
3034
4410.2
4410.2
5447.41
5447.41
6140.62
6140.62
6373.84
6373.84
6373.84
2458.48
1328.12
1328.12
1328.12
1344.25
1559.43
2039.99
2770.37
2770.37
2770.37
1585.94
1248.52
1072.76
1062.34
1062.34
1062.34
3468.75
3490.47
3820
3889.89
3913.52
4157.91
3913.52
3889.89
3131.15
2632.28
2580.29
2277.67
2272.82
2277.67
1156.25
1156.25
1140.62
0
0
0
0
0
0
0
0
0
0
0
0
0
0
0
0
0
0
0
0
0
0
0
0
1160.18
1171.88
1279.62
2291.78
3566.99
4238.39
4238.39
4435.6
5169.7
5169.7
4435.6
4194.25
3951.33
3951.33
3951.33
4716.17
6043.8
6043.8
4716.17
4716.17
4359.46
4359.46
4359.46
5395
4359.46
2859.98
2859.98
2859.98
2859.98
6084.81
6125
6125
6125
6479.69
6479.69
5391.69
5391.69
4409.16
4381.81
4334.12
2383.72
1877.46
1877.46
2383.72
2411.85
3262.74
3271.17
3271.17
3271.17
3781.25
3781.25
3265.62
1006.54
0
0
0
0
1180.14
1641.55
4741.94
4741.94
4741.94
4647.36
4647.36
4351.42
4351.42
7039.06
7039.06
6625
6625
6625
5990.07
5990.07
5990.07
1714.62
1714.62
2739.5
2739.5
3137.23
3137.23
3137.23
2495.26
2237.89
1759.18
1424.56
1424.56
1424.56
1424.56
2280.47
2280.47
1568.45
1568.45
1568.45
1448.03
1448.03
1628.91
2105.47
2202.8
2681.61
3321.23
3321.23
3321.23
1031.37
0
0
0
0
0
0
0
0
0
0
0
0
0
0
0
0
0
0
0
0
0
0
0
0
0
0
0
0
0
0
0
0
0
0
0
0
0
0
0
0
0
0
0
0
0
0
0
0
0
0
0
0
0
0
0
