0
0
0
0
0
0
0
0
0
0
0
0
0
0
0
0
0
0
0
0
0
0
0
0
0
0
0
0
0
0
0
0
0
0
0
2140.62
3378.63
5006.1
7031.25
7440.03
7440.03
7031.25
6502.01
5488.37
3968.75
2556.04
1444.67
1303.29
1303.29
1213.99
1213.99
1204.28
1204.28
0
0
0
0
0
0
0
0
0
0
0
0
0
0
0
0
0
0
0
0
1150.54
1344.19
1344.19
1565.05
1704.02
5265.62
5265.62
5269.57
6534.56
5265.62
5451.73
5753.75
5753.75
5753.75
6058.5
6058.5
6343.75
6875
6058.5
6290.29
6290.29
5872.64
5872.64
5189.32
5187.5
3543.8
3543.8
3543.8
3543.8
4171.88
4171.88
5120.85
4533.02
5120.85
5120.85
5120.85
5435.7
5435.7
5926.06
6205.66
7382.91
7585.1
7585.1
7596.58
7382.91
7032.12
7032.12
3997.2
3652.23
3652.23
5746.92
5746.92
5746.92
5746.92
4067.23
3704.29
3359.38
3359.38
3031.25
3029.85
3031.25
3029.85
3031.25
3532.66
3941.45
3952.13
5971.16
3952.13
3952.13
3952.13
3871.09
3871.09
5923.37
6040.08
6262.41
6734.38
6734.38
7430.74
7674.22
7674.22
5823.55
5839.58
5839.58
5823.55
5751.81
5839.58
5744.74
5485.45
5485.45
7022.27
5485.45
5485.45
7315.41
6598.32
4435.36
4146.53
0
0
0
0
0
0
0
0
0
0
0
0
0
0
0
0
0
0
0
0
0
0
0
0
0
0
0
0
0
0
0
0
0
0
0
0
0
0
0
0
0
0
0
0
0
0
0
