0
0
0
0
0
0
0
0
0
0
0
0
0
0
0
0
0
0
0
0
0
0
0
0
0
0
0
0
0
0
0
0
0
0
0
0
0
0
0
0
0
0
0
0
0
0
0
0
0
0
0
0
0
0
0
0
0
0
0
0
0
0
0
0
0
1015.51
1249.28
1648.44
1648.44
1648.44
1648.44
1648.44
3901.03
3901.03
4171.88
3901.03
2703.12
2468.23
2468.23
2468.23
2703.12
3015.62
5468.75
5972.84
5972.84
6035.67
6035.67
6156.25
6156.25
6440.02
7429.96
7579.2
7579.2
7634.08
7634.08
7579.2
7634.08
6146.45
4901.88
4557.82
4557.82
4557.82
4557.82
6921.88
6921.88
7414.44
6921.88
6921.88
6296.88
6296.88
1028.14
1021.39
0
0
0
0
0
0
0
0
0
0
0
0
0
0
0
0
0
0
0
0
0
0
0
0
0
0
0
0
0
0
0
0
0
0
0
0
0
1390.62
1665.78
1844.33
1871.16
2120.23
4353.16
4353.16
4353.16
5078.12
4062.48
3737.73
2898.19
2401.25
1590.67
1368.25
1067.85
0
0
0
0
0
0
0
0
0
0
0
0
0
0
0
0
0
0
0
0
0
0
0
0
0
1002.95
1109.38
1703.12
4221.44
4221.44
4356.38
4356.38
5443.76
5703.12
5703.12
5703.12
5093.75
4300.3
4146.28
3343.75
3343.75
3145.63
3343.75
3988.04
4315.75
4315.75
4315.75
3644.61
3644.61
2242.19
2242.19
2242.19
2242.19
1206.53
1042.7
1042.7
1042.7
1054.47
1101.95
1210.68
1859.38
3741.77
3906.35
5582.35
6874.68
6985.08
6985.08
6985.08
6467.16
6000
5823.94
3758.27
2223.34
2179.21
1186.69
1081.93
1018.64
0
0
0
0
0
0
0
0
0
0
0
0
0
0
0
0
0
0
1056.72
1640.62
3458.17
3458.17
4088.95
4831.9
4831.9
7676.51
7585.92
7629.92
7676.51
7676.51
7745.74
7745.74
7762.06
7745.74
7684.86
7525.33
7684.86
7113.26
7672.96
7672.96
7726.04
7726.04
7726.04
7726.04
7508.72
7474.32
3759.91
3596.29
2808.09
2808.09
2786.23
2786.23
3135.06
5705.4
7495.83
7643.66
7643.66
7495.83
7394.4
6609.6
5031.25
4839.73
3031.25
2135.79
1412.87
1106.58
1062.5
0
0
0
0
0
0
0
0
0
0
0
0
0
0
0
0
0
0
1013.62
2389.24
2592.65
3906.25
6391.53
6391.53
5212.19
5212.19
5212.19
5212.19
5212.19
5621.88
5621.88
5621.88
4765.62
5664.98
4765.62
4765.62
4765.62
2515.62
2515.62
3078.12
1750
1377.66
0
0
0
0
0
0
0
0
0
0
0
0
0
0
0
0
0
0
0
0
0
0
0
0
2672.28
6974.82
6974.82
6974.82
4257.35
4257.35
4257.35
4257.35
3393.9
3393.9
3186.37
3186.37
3186.37
3186.37
1044.62
0
0
0
0
0
0
0
0
0
0
0
0
0
0
0
0
0
0
0
0
0
0
0
0
0
0
0
0
0
0
0
0
0
0
0
0
0
0
0
0
0
0
0
0
0
0
0
0
0
0
0
0
0
0
0
0
0
0
0
0
0
0
0
0
0
0
0
0
0
0
0
0
0
0
0
0
0
0
0
0
0
0
0
0
0
0
0
0
0
0
0
0
0
0
0
0
0
0
0
0
0
