0
0
0
0
0
0
0
0
0
0
0
0
0
0
0
0
0
0
0
0
0
0
0
0
0
0
0
0
0
0
0
0
0
0
0
0
0
0
0
0
0
0
0
0
0
0
0
0
0
0
0
0
0
0
0
0
0
0
0
0
0
0
0
0
0
0
0
0
0
0
0
0
0
0
0
0
0
0
0
0
0
0
0
0
0
0
0
0
0
0
0
0
1083.74
3451.01
5140.62
5789.06
5140.62
5140.62
5906.25
5906.25
3289.06
5906.25
3685.39
1793.3
3685.39
3685.39
3685.39
5351.7
5351.7
5000
5351.7
5000
5000
6557.14
6939.19
6939.19
7466.54
7466.54
7466.54
4487.29
2559.37
2559.37
2355
2355
2355
1177.28
1139.48
0
0
0
0
0
0
1437.5
1550.06
2180.76
2813.46
3162.15
3432.32
4653.65
5222.74
5244.04
5244.04
5667.99
5667.99
5667.99
5745.65
7437.16
6710.31
7437.16
7437.16
7437.16
6710.31
7506.96
5486.92
5453.12
5453.12
3456.88
1867.16
1203.12
1203.12
1203.12
1203.12
1203.12
0
0
0
0
0
0
0
1162.55
1217.48
2406.25
2406.25
3632.67
4109.38
4743.62
5519.63
5793.35
6984.38
6984.38
5830.55
5830.55
6238.92
6238.92
6238.92
6390.62
6390.62
5683.79
4330.11
2334.29
1207.15
1202.44
1202.44
1207.15
1999.19
1999.19
1999.19
0
0
0
0
0
0
0
0
0
0
0
0
1093.75
1914.4
1958.57
3330.14
5547.41
5547.41
5676.2
5547.41
5595.15
5595.15
5676.2
6479.12
7412.35
7412.35
7412.35
4005.27
4005.27
3935.59
3587.17
3587.17
3969.33
3903.71
3969.33
5953.12
7484.38
7484.38
7484.38
7513.62
6242.19
6242.19
7235.51
7314.4
7314.4
7386.6
7386.6
7386.6
6625.34
5944.66
5944.66
5906.25
3618.69
1069.97
1069.97
1069.97
4773.21
5176.64
5469.03
7093.75
5469.03
5469.03
7705.27
7705.27
7705.27
7705.27
6993.43
3644.48
3644.48
3644.48
3958.61
4559.68
4559.68
4475.91
4559.68
5566.98
5239.64
5239.64
6601.8
6601.8
6601.8
7271.11
7384.06
7432.35
7384.06
7271.11
4925.44
4742.11
4717.14
2351.5
1749.58
1225.08
1138.57
1116.16
0
0
0
0
0
0
0
0
0
0
0
0
0
0
0
1015.02
1166.72
2718.75
2718.75
2718.75
1109.88
1109.88
1106.31
1106.31
1142.25
1226.56
1142.25
1142.25
0
0
0
0
0
0
0
2617.19
3890.62
5832.94
5854.51
5854.51
5832.94
4216.19
4216.19
4216.19
4539.21
6105.8
6105.8
6082.9
6670.23
6703.12
6082.9
6703.12
7284.99
7284.99
5246.82
5387.88
5387.88
5246.82
4578.12
4578.12
4070.31
3265.62
4070.31
3023.41
2901.29
2901.29
2415.35
2415.35
2511.44
3278.62
3000
3000
3000
2527.37
2527.37
2527.37
3541.07
3541.07
3541.07
5301.51
3498.23
3236.05
3297.8
3287.16
3287.16
3287.16
3287.16
3287.16
3357.43
3357.43
4337.98
4437.88
4593.75
4788.1
4811.27
4922.43
4922.43
4922.43
4922.43
4687.45
4687.45
4126.75
4093.64
4126.75
4020.44
3616.37
4020.44
4814.65
4601.56
4601.56
4601.56
2883.13
0
0
0
1090.25
1094.04
1109.35
1109.35
1109.35
2425.78
3551.6
3551.6
3551.6
3112.18
2830.68
2153.51
1004.08
0
0
0
0
0
0
0
0
0
0
0
0
0
0
0
0
0
0
0
0
0
0
0
0
0
0
0
0
0
0
0
0
0
0
0
0
0
0
0
0
0
0
0
0
0
0
0
0
0
0
0
0
0
0
0
0
0
0
0
0
0
0
0
0
0
0
0
0
0
0
0
0
0
0
0
0
