-1e+10
-1e+10
-1e+10
-1e+10
-1e+10
-1e+10
-1e+10
-1e+10
-1e+10
-1e+10
-1e+10
-1e+10
-1e+10
-1e+10
-1e+10
-1e+10
-1e+10
-1e+10
-1e+10
-1e+10
-1e+10
-1e+10
-1e+10
-1e+10
-1e+10
-1e+10
-1e+10
-1e+10
-1e+10
-1e+10
-1e+10
-1e+10
-1e+10
-1e+10
-1e+10
-1e+10
-1e+10
-1e+10
-1e+10
-1e+10
-1e+10
-1e+10
-1e+10
-1e+10
-1e+10
-1e+10
-1e+10
5.06166
5.05656
5.05214
5.0477
5.04327
5.0384
5.0362
5.03763
5.04271
5.05462
5.0825
5.10207
5.11637
5.13032
5.15186
5.17653
5.20022
5.22749
5.25688
5.28172
5.30186
5.32372
5.35414
5.38696
5.40443
5.4147
5.42491
5.43587
5.44413
5.44958
5.45536
5.46498
5.48616
5.52118
5.54017
5.55403
5.56895
5.58397
5.59775
5.61103
5.6231
5.63339
5.64198
5.65139
5.6615
5.67209
5.68018
5.68522
5.68619
5.68293
5.6749
5.66344
5.65039
5.63704
5.62112
5.60253
5.60186
-1e+10
-1e+10
-1e+10
-1e+10
-1e+10
-1e+10
-1e+10
-1e+10
-1e+10
-1e+10
-1e+10
-1e+10
-1e+10
-1e+10
-1e+10
-1e+10
-1e+10
-1e+10
-1e+10
-1e+10
-1e+10
-1e+10
-1e+10
-1e+10
-1e+10
-1e+10
-1e+10
-1e+10
-1e+10
-1e+10
5.57071
5.55443
5.55212
5.55935
5.56959
5.57615
5.57356
5.55954
5.53379
5.50364
5.48296
5.47135
5.46409
5.45894
5.45313
5.44576
5.43619
5.42492
5.41385
5.40441
5.39632
5.38877
5.38058
5.37323
5.36689
5.36194
5.35701
5.35069
5.34148
5.32958
5.32123
5.32333
5.3307
5.3348
5.33332
5.3273
5.31803
5.30622
5.29249
5.27807
5.26464
5.25361
5.24492
5.23549
-1e+10
-1e+10
-1e+10
-1e+10
-1e+10
-1e+10
-1e+10
-1e+10
-1e+10
-1e+10
-1e+10
-1e+10
-1e+10
-1e+10
-1e+10
-1e+10
-1e+10
-1e+10
-1e+10
-1e+10
-1e+10
-1e+10
-1e+10
-1e+10
-1e+10
-1e+10
-1e+10
-1e+10
-1e+10
-1e+10
-1e+10
-1e+10
-1e+10
-1e+10
-1e+10
-1e+10
-1e+10
-1e+10
-1e+10
-1e+10
-1e+10
-1e+10
-1e+10
-1e+10
-1e+10
-1e+10
-1e+10
-1e+10
-1e+10
-1e+10
-1e+10
-1e+10
-1e+10
-1e+10
-1e+10
-1e+10
-1e+10
-1e+10
-1e+10
-1e+10
-1e+10
-1e+10
-1e+10
-1e+10
-1e+10
-1e+10
-1e+10
-1e+10
-1e+10
-1e+10
-1e+10
-1e+10
-1e+10
-1e+10
-1e+10
-1e+10
-1e+10
-1e+10
-1e+10
-1e+10
-1e+10
-1e+10
-1e+10
-1e+10
-1e+10
-1e+10
-1e+10
-1e+10
-1e+10
-1e+10
-1e+10
-1e+10
-1e+10
-1e+10
-1e+10
