0
0
0
0
0
0
0
0
0
0
0
0
0
0
0
0
0
0
0
0
0
0
0
0
0
0
0
0
0
0
0
0
0
0
0
0
0
0
0
0
0
0
0
0
0
0
0
0
1026.22
1093.75
2126.7
2126.7
2126.7
1048.94
0
0
0
0
0
0
0
0
0
0
0
0
0
0
0
0
0
0
0
0
0
0
0
0
0
0
0
0
1112.72
1385.7
3518.34
3674.52
5765.97
5765.97
5765.97
6412.26
6501.21
7785.04
7796.88
7796.88
7796.88
6374.12
6264.08
6264.08
6264.08
6229.59
5850.2
5809.49
5809.49
5850.2
5706.01
5572.5
6359.38
3709.38
3709.38
1731.98
2609.38
2109.38
2109.38
2109.38
2609.38
3108.9
3108.9
3108.9
3108.9
3108.9
5323
5323
5702.96
6355.76
6355.76
5382.56
5382.56
5382.56
5318.78
5382.56
6284.45
7078.12
7570.11
7570.11
7553.7
7553.7
7553.7
7516.18
4720.87
3264.91
3212.89
1807.14
1807.14
1370.88
1225.13
0
0
0
0
0
0
0
0
0
0
0
0
0
0
0
0
0
0
0
0
0
1155.35
1327.03
1418.16
2416.71
4546.88
4546.88
4781.47
5890.62
7421.44
7421.44
7421.44
7164.34
7062.5
6853.03
6853.03
6853.03
6468.75
6853.03
6468.75
7189.04
6468.75
7071.36
7071.36
7071.36
7071.36
7815.53
7815.53
7818.4
7823.14
7818.4
7816.01
7816.01
7517.11
5144.01
4753.76
4654.39
3817.85
3817.85
3817.85
3817.85
4441.13
4441.13
3553.08
3054.68
3054.68
3054.68
1448.83
1038.46
0
0
0
0
0
0
0
0
0
0
0
0
0
0
0
0
0
0
0
0
0
0
0
0
0
0
0
0
0
0
0
0
0
0
0
0
0
1132.95
1925.55
2860.84
2860.84
4080.19
4511.83
4511.83
4833.51
4869.83
4869.83
6649.84
7656.7
7320.3
7656.7
7656.7
7320.3
7320.3
7343.75
7296.05
7343.75
7578.12
7439.84
7585.16
7585.16
7439.84
4687.5
3842.72
1407.96
1404.71
1121.43
1121.43
1121.43
0
0
0
0
0
0
0
0
0
0
0
0
0
0
0
0
0
0
0
0
0
0
0
1141.86
1160.84
1289.95
1630.87
2911.82
3671.14
3671.14
3421.12
3421.12
4655.01
3421.12
4655.01
5071.3
5071.3
5482.92
6804.46
5877.75
5877.75
6804.46
5877.75
5272.27
5272.27
5365.75
5365.75
6003.81
6003.81
6207.93
6003.81
5406.25
5406.25
6501.43
6773.44
7784.26
7784.26
7784.26
6323.91
6323.91
6094.86
6094.86
4804.98
4804.98
4804.98
4804.98
2947
4865.02
1430.35
1430.35
1361.16
1279.9
1279.9
1287.46
1156.25
1156.25
1156.25
0
0
0
0
0
0
0
0
0
0
0
0
0
0
0
0
0
0
0
0
0
0
0
0
0
0
0
0
0
0
0
0
0
0
0
0
0
0
0
0
