-1e+10
-1e+10
-1e+10
-1e+10
-1e+10
-1e+10
-1e+10
-1e+10
-1e+10
-1e+10
-1e+10
-1e+10
-1e+10
-1e+10
-1e+10
-1e+10
-1e+10
-1e+10
-1e+10
-1e+10
-1e+10
-1e+10
-1e+10
-1e+10
-1e+10
-1e+10
-1e+10
-1e+10
-1e+10
-1e+10
-1e+10
-1e+10
-1e+10
-1e+10
-1e+10
-1e+10
-1e+10
-1e+10
-1e+10
-1e+10
-1e+10
-1e+10
-1e+10
-1e+10
-1e+10
-1e+10
-1e+10
-1e+10
-1e+10
-1e+10
-1e+10
-1e+10
-1e+10
5.40983
5.41574
5.42178
5.42704
5.43015
5.42924
5.41977
5.40279
5.39289
5.39625
5.41889
5.47741
5.55131
5.58533
5.60155
5.60962
5.61359
5.61511
5.61552
5.61603
5.61764
5.62072
5.62488
5.62934
5.63339
5.63749
5.64268
5.64963
5.65803
5.66757
5.67692
5.68528
5.69195
5.6967
5.69887
5.69707
5.68812
5.66473
5.62943
5.62551
5.64439
5.66359
5.68449
5.79276
5.93747
5.93051
5.91239
5.89708
5.8846
5.87406
5.86434
5.85502
5.84582
5.83478
5.81782
5.78141
5.70207
5.63885
5.61244
5.59224
5.57464
5.56064
5.54679
5.53315
5.52188
5.51451
5.51148
5.51193
5.51537
5.52286
-1e+10
-1e+10
-1e+10
-1e+10
-1e+10
-1e+10
5.65733
5.61907
5.58627
5.56327
5.54427
5.52691
5.51033
5.49372
5.47645
5.45833
5.43979
5.42282
5.40638
5.39053
5.37747
5.36585
5.35515
5.34612
5.33787
5.33063
5.32338
5.31768
5.31284
5.30973
5.30752
5.30531
5.30204
5.298
5.29369
5.28942
5.28606
5.28339
5.28144
5.28011
5.27866
5.27621
5.27208
5.26587
5.25778
5.24801
5.23807
5.23026
5.22518
5.22164
5.21541
5.2023
-1e+10
-1e+10
-1e+10
-1e+10
-1e+10
-1e+10
-1e+10
-1e+10
-1e+10
-1e+10
-1e+10
-1e+10
5.3982
5.38815
5.37932
5.37029
5.36132
5.35537
5.35459
5.35893
5.36727
5.37564
5.37871
5.37659
5.37126
5.36431
5.35797
5.35015
5.3402
5.28811
5.27612
5.27147
5.26756
5.26096
5.26136
5.26548
5.26968
5.27614
5.28592
5.2986
5.31345
5.3304
5.34494
5.35001
5.34511
5.33836
5.33463
5.33354
5.33356
5.3331
5.33148
5.32892
5.32612
5.32321
5.32022
5.31686
5.31315
5.30872
5.30342
5.29854
5.29493
5.29299
5.29287
5.29342
5.29262
5.2895
5.28469
5.27918
5.27514
5.27502
-1e+10
-1e+10
-1e+10
-1e+10
-1e+10
-1e+10
-1e+10
-1e+10
-1e+10
-1e+10
-1e+10
-1e+10
-1e+10
-1e+10
-1e+10
-1e+10
-1e+10
-1e+10
-1e+10
-1e+10
-1e+10
-1e+10
-1e+10
-1e+10
-1e+10
-1e+10
-1e+10
-1e+10
-1e+10
-1e+10
-1e+10
-1e+10
-1e+10
5.42617
5.42882
5.43634
5.44756
5.4601
5.47013
5.4769
5.48173
5.48462
5.48518
5.48359
5.4801
5.47553
5.47477
5.51715
5.53768
5.54334
5.54865
5.55367
5.55761
5.56002
5.56119
5.56189
5.56274
5.56388
5.56504
5.56586
5.56598
5.56496
5.56232
5.55774
5.55123
5.54316
5.53558
5.53124
5.53121
5.53376
5.5367
5.53899
5.54031
5.54064
5.54006
5.53862
5.53628
5.5332
5.53006
5.52843
5.53062
5.5365
5.54212
5.54489
5.54522
5.54405
5.54195
5.53928
5.53623
5.53259
5.52765
5.52106
5.51304
5.50411
5.4947
5.48504
5.47533
5.46629
5.45863
5.45226
5.44627
5.43937
5.43052
5.41978
5.40746
5.39347
5.37875
5.36742
5.3626
-1e+10
-1e+10
-1e+10
-1e+10
-1e+10
-1e+10
-1e+10
-1e+10
-1e+10
-1e+10
-1e+10
-1e+10
-1e+10
-1e+10
-1e+10
-1e+10
-1e+10
-1e+10
-1e+10
-1e+10
-1e+10
-1e+10
-1e+10
-1e+10
-1e+10
4.73625
4.72447
4.71466
4.69198
4.68199
4.65453
4.64674
5.31392
5.3039
5.28999
5.27808
5.26598
5.25462
5.24567
5.23678
5.22655
5.21401
5.2026
5.19456
5.18803
5.18023
5.17171
5.16452
5.16001
5.15825
5.15885
5.16038
5.1625
5.16534
5.16961
5.17515
5.18122
5.18678
5.19037
5.19215
5.19265
-1e+10
-1e+10
-1e+10
-1e+10
-1e+10
-1e+10
-1e+10
-1e+10
-1e+10
-1e+10
-1e+10
-1e+10
-1e+10
-1e+10
-1e+10
-1e+10
-1e+10
-1e+10
-1e+10
-1e+10
-1e+10
-1e+10
-1e+10
-1e+10
-1e+10
-1e+10
-1e+10
-1e+10
-1e+10
-1e+10
-1e+10
-1e+10
-1e+10
-1e+10
-1e+10
-1e+10
-1e+10
-1e+10
-1e+10
-1e+10
-1e+10
-1e+10
-1e+10
-1e+10
-1e+10
-1e+10
-1e+10
-1e+10
-1e+10
-1e+10
-1e+10
-1e+10
-1e+10
-1e+10
-1e+10
