0
0
0
0
0
0
0
0
0
0
0
0
0
0
0
0
0
0
0
0
0
0
0
0
0
0
0
0
0
0
0
0
0
0
0
0
0
0
0
0
0
0
0
0
0
0
0
0
0
0
0
0
0
0
0
0
0
1125.88
1515.62
5081.72
5792.44
5792.44
5515.62
5515.62
5250
2999.94
2999.94
2250
2000
1827.45
1569.11
1166.76
1114.43
1019.24
0
0
0
0
0
0
0
0
0
0
0
0
0
0
0
1213.23
1920.49
3223.59
3425.09
4843.75
4843.75
4843.75
5508.57
1390.83
1390.83
4308.58
4648.63
4308.58
4308.58
3625
3625
2421.88
2274.68
3625
2274.68
2274.68
2274.68
4077.25
4077.25
5179.84
5179.84
5179.84
5625
5625
5625
5625
6062.5
6062.5
6062.5
6062.5
6062.5
2444.73
2444.73
2031.25
1703.12
0
0
0
0
0
0
0
0
0
0
0
0
0
0
0
0
0
0
0
0
0
0
0
0
1188.34
3296.88
3500
3687.5
3687.5
3687.5
4734.38
5842.05
5842.05
4258.62
4258.62
3562.17
3276.9
2488.81
1504.33
1483.89
1153.37
1024.01
0
0
0
0
0
0
0
0
0
0
0
0
0
0
0
1230.2
1411.68
1481.79
2324.93
3407.01
3407.01
4045
6098.8
6114.06
6265.62
6265.62
6265.62
4495.8
4331.09
1110.74
1092.84
1092.84
1092.84
1092.84
1158.97
1997.08
3482.06
4242.19
5919.13
5919.13
5919.13
5511.97
5355.5
3558.51
2575.89
2573.21
2573.21
2575.89
4641.49
4641.49
4641.49
3212.88
3200.47
3200.47
3200.47
3200.47
3656.25
3679.98
3679.98
7774.48
7774.48
7774.48
7755.79
7536.95
7536.95
7468.06
7468.06
6859.38
6859.38
6621.8
6177
4292.72
2736.4
2736.4
2736.4
5271.81
5664.32
5664.32
5303.69
5271.81
4843.75
4843.75
4843.75
5757.65
6325.57
6325.57
6578.12
6578.12
6578.12
6681.82
6681.82
6681.82
5709.12
3794.17
3379.67
2989.48
2989.48
3304.09
3359.38
3304.09
3304.09
3359.38
3359.38
5421.88
5421.88
5820.31
5421.88
5421.88
6036.63
6088.81
6036.63
7827.05
7827.05
5867.19
5254.17
5254.17
5254.17
5613.17
5959.55
6259.03
6259.03
5959.55
4222.96
4222.96
3833.98
3822.32
3822.32
3833.98
3833.98
6382.81
6382.81
6382.81
6382.81
6346.81
6346.81
6346.81
6346.81
6206.58
6206.58
5812.96
5812.96
5812.96
7039.06
5742.19
5789.94
6409.76
5890.5
5789.94
5789.94
5839.03
5625
5449.04
5449.04
2882.9
2882.9
2625
2882.9
3044.5
3846.32
3846.32
3846.32
3846.32
3266.58
3076.63
3076.63
3266.58
3010.21
5834.37
5834.37
3021.97
3021.97
3021.97
3021.97
3626.35
3810.26
3810.26
4625
3810.26
3810.26
3474.59
3474.59
3474.59
5311.22
7468.75
7468.75
6142.03
5311.22
5109.38
5052.65
5052.65
5052.65
5401.61
5401.61
5401.61
5401.61
5401.61
4263.97
5632.81
6058.01
6058.01
5632.81
7377.82
7541.75
7377.82
3664.65
6182.56
6182.56
6182.56
6182.56
6234.38
6234.38
6234.38
6158.57
6158.57
5796.88
1146.11
1049.22
1045.76
1049.22
1049.22
1045.76
1120.17
1121.31
1290.26
1290.26
1290.26
1290.26
1290.26
1375.72
1707.73
2242.19
2560.74
2560.74
2078.73
2078.73
1591.16
1591.16
1074.22
1591.16
1591.16
1610.09
1610.09
1610.09
1292.94
1155.95
1155.95
1141.55
1032.08
0
0
0
0
0
0
0
0
0
0
0
0
0
0
0
0
0
0
0
0
0
0
0
0
0
0
0
0
0
0
0
0
0
0
0
0
0
0
0
0
0
0
0
0
0
0
0
0
0
0
0
0
0
0
0
0
0
0
0
0
