-1e+10
-1e+10
-1e+10
-1e+10
-1e+10
-1e+10
-1e+10
-1e+10
-1e+10
-1e+10
-1e+10
-1e+10
-1e+10
-1e+10
-1e+10
-1e+10
-1e+10
-1e+10
-1e+10
-1e+10
-1e+10
-1e+10
-1e+10
-1e+10
-1e+10
-1e+10
-1e+10
-1e+10
-1e+10
-1e+10
-1e+10
-1e+10
-1e+10
-1e+10
-1e+10
-1e+10
-1e+10
-1e+10
-1e+10
-1e+10
-1e+10
-1e+10
-1e+10
-1e+10
-1e+10
-1e+10
-1e+10
-1e+10
-1e+10
-1e+10
-1e+10
-1e+10
-1e+10
-1e+10
-1e+10
-1e+10
-1e+10
-1e+10
-1e+10
-1e+10
-1e+10
-1e+10
-1e+10
-1e+10
-1e+10
-1e+10
-1e+10
-1e+10
-1e+10
5.36426
5.36237
5.35622
5.34667
5.33779
5.33259
5.32838
5.3254
5.32635
5.32907
5.33103
5.33134
5.32963
5.32471
5.31362
5.27644
5.21911
5.19642
5.18884
5.1886
-1e+10
-1e+10
-1e+10
-1e+10
-1e+10
-1e+10
-1e+10
-1e+10
-1e+10
-1e+10
-1e+10
5.38076
5.35939
5.33237
5.32222
5.31137
5.29627
5.2845
5.27748
5.27156
5.26394
5.25352
5.2427
5.23597
5.23344
5.23443
5.23807
5.24388
5.25107
5.25936
5.26651
5.27142
5.2737
5.27334
5.26851
5.25388
5.25413
5.29067
5.34418
5.39321
5.42387
5.42873
5.42252
5.42077
5.42307
5.42601
5.42803
5.42894
5.42847
5.42745
5.43076
5.44584
5.46507
5.48015
5.49276
5.50386
5.51421
5.52401
5.53276
5.53953
5.54374
5.5453
5.54473
5.5426
5.53916
5.53408
5.52661
5.51636
5.50211
5.48098
5.44898
5.41007
5.38405
5.35539
5.33493
5.31698
5.30096
5.28706
5.27698
5.27131
5.2678
5.26342
5.25472
5.23732
5.22248
5.21795
5.22111
-1e+10
-1e+10
-1e+10
-1e+10
-1e+10
-1e+10
-1e+10
-1e+10
-1e+10
-1e+10
-1e+10
-1e+10
-1e+10
-1e+10
5.33438
5.3016
5.29277
5.29393
5.30156
5.31477
5.33307
5.35025
5.35814
5.35757
5.35257
5.3451
5.33526
5.32444
5.31394
5.30371
5.29232
5.27844
5.26202
5.24424
5.22624
5.20898
5.19405
5.18484
5.18553
-1e+10
-1e+10
-1e+10
-1e+10
-1e+10
-1e+10
-1e+10
-1e+10
-1e+10
-1e+10
-1e+10
5.53759
5.5087
5.48298
5.444
5.42334
5.40762
5.38669
5.35187
5.33301
5.32599
5.3202
5.31188
5.30243
5.29255
5.28125
5.26797
5.25427
5.245
5.25673
5.35213
5.43858
5.45544
5.45616
5.45399
5.4519
5.45024
5.44845
5.44608
5.44321
5.44041
5.43787
5.43503
5.43104
5.42576
5.41991
5.41415
5.40648
5.39759
5.38614
5.37265
5.35888
5.34356
5.32544
5.30756
5.28484
5.26003
5.24075
5.22214
5.20712
5.19694
5.19095
5.18801
-1e+10
-1e+10
-1e+10
-1e+10
-1e+10
-1e+10
-1e+10
-1e+10
-1e+10
-1e+10
-1e+10
-1e+10
-1e+10
-1e+10
5.43935
5.40297
5.38149
5.35849
5.33674
5.3196
5.30802
5.29981
-1e+10
-1e+10
-1e+10
-1e+10
-1e+10
-1e+10
-1e+10
-1e+10
-1e+10
-1e+10
-1e+10
-1e+10
-1e+10
-1e+10
-1e+10
-1e+10
-1e+10
-1e+10
-1e+10
-1e+10
-1e+10
-1e+10
-1e+10
-1e+10
-1e+10
-1e+10
-1e+10
-1e+10
-1e+10
-1e+10
-1e+10
-1e+10
-1e+10
-1e+10
-1e+10
-1e+10
-1e+10
-1e+10
-1e+10
-1e+10
-1e+10
-1e+10
-1e+10
-1e+10
-1e+10
-1e+10
-1e+10
-1e+10
-1e+10
-1e+10
-1e+10
-1e+10
-1e+10
-1e+10
-1e+10
-1e+10
-1e+10
-1e+10
-1e+10
-1e+10
-1e+10
