0
0
0
0
0
0
0
0
0
0
0
0
0
0
0
0
0
0
0
0
0
0
0
0
0
0
0
0
0
0
0
0
0
0
0
0
0
0
0
0
0
0
0
0
0
0
0
0
0
0
0
1268.28
1432.98
2062.5
2062.5
2062.5
1191.06
1164.06
1164.06
1164.06
1164.06
0
0
0
0
0
0
0
0
0
0
0
0
0
0
0
1177.97
1281.25
1310.21
1645.64
2702.87
2798.38
3038.33
4160.86
4287.91
5265.62
6985.34
6985.34
6227.66
6227.66
6751.21
6638.24
6751.21
6844.59
6983.98
6983.98
6983.98
7334.55
7013.61
6546.67
6546.67
7013.61
7013.61
6488.82
7296.15
7296.15
7421.88
7271.81
7271.81
5298.29
4406.25
3438.55
1706.8
1552.47
1080.29
0
0
0
0
0
0
0
0
0
0
0
0
0
0
0
0
0
0
0
0
0
0
0
0
1183.98
1498.7
2411.16
2701.97
4187.5
6406.25
7534.97
7624.33
7624.33
7489.68
7489.68
5578.9
5578.9
7476.47
5194.18
7476.47
7476.47
5955.31
5955.31
6358.26
6358.26
6358.26
6358.26
5078.12
5078.12
5078.12
5164.79
5218.68
6674.29
7728.66
6674.29
7198.13
6902.35
7198.13
7198.13
7198.13
6902.35
7765.62
6851.56
6848.79
6851.56
6851.56
6848.79
1519
1153.16
1142.79
1142.79
1015.62
1000
0
0
0
1196.85
1196.85
1196.85
1089.84
1053.51
1051.29
1051.29
1051.29
1153.43
1674.86
2097.44
2097.44
2097.44
1310.7
1310.7
1310.7
1310.7
1150.7
0
0
0
1058.61
1115.05
2019.75
1382.81
1117.31
1117.31
1117.31
0
0
0
0
0
0
0
0
0
0
0
0
0
0
0
0
0
0
0
0
0
0
0
0
0
0
0
0
0
0
0
0
0
0
0
0
0
0
0
0
0
0
0
0
0
0
0
0
0
0
0
0
0
0
0
0
0
0
0
0
0
0
0
0
0
0
0
0
0
0
0
0
0
0
