0
0
0
0
0
0
0
0
0
0
0
0
0
0
0
0
0
0
0
0
0
0
0
0
0
0
0
0
0
0
0
0
0
0
0
0
0
0
1140.62
1140.62
1140.62
1140.62
2875
3164.06
3630.89
6013.46
4666.72
3630.89
3801.42
3889.85
3801.42
3801.42
3889.85
4156.99
4156.99
4156.99
3776.92
3500.73
3500.73
3500.73
3500.73
3500.73
3468.75
3468.75
4446.19
6812.5
6812.5
6812.5
6812.5
6832.32
6832.32
6832.32
6849.7
6859.38
6859.38
6849.7
6859.38
7004.86
7798.91
7004.86
7004.86
7004.86
6766.25
6766.25
7287.95
7466.76
7287.95
7687.94
7287.95
7704.81
7229.33
7003.43
7003.43
7003.43
5956.53
5267.79
5267.79
5109.38
5109.38
4816.65
3440.62
2491.38
2140.62
2140.62
1531.25
1241.55
0
0
0
0
0
0
0
0
0
0
0
0
0
0
0
0
0
0
1160.31
2877.57
2877.57
2877.57
2836.15
2877.57
4214.79
4374.27
6220.54
6220.54
6220.54
6187.5
6187.5
5617.97
6187.5
6517.53
7727.41
7440.02
7725.47
7725.47
7440.02
7440.02
6428.78
6423.9
6423.9
6423.9
5110.38
3804.4
3804.4
3386.51
2937.5
1388.37
1281.25
1278.36
1120.04
1015.62
1013.39
0
0
0
0
0
0
0
0
0
0
0
0
0
0
0
0
0
0
0
0
0
1064.99
1089.86
1355.64
2353.57
2517.84
2517.84
2984.26
2565.95
2565.95
4500
4500
7247.53
7294.5
7294.5
7409.14
7409.14
7607.95
7607.95
6678.45
6678.45
6678.45
4141.03
3193.14
1339.5
1339.5
1208.47
1071.12
0
0
0
0
0
0
0
0
0
0
0
0
0
0
0
0
1119.57
1329.26
2640.62
4016.35
5533.25
5533.25
6406.25
5533.25
3680.67
3680.67
5897.24
5865.97
5897.24
5897.24
5865.97
2825.62
2825.62
2250
2210.67
2120.95
1617.77
1069.3
1021.29
0
0
0
0
0
0
0
0
0
0
0
0
0
0
0
0
0
0
0
0
0
0
0
0
0
0
0
0
0
0
0
0
0
0
0
0
0
0
0
0
0
0
0
0
0
0
0
0
0
0
0
0
0
0
0
0
0
0
