4.804640000000000022e+00
4.804640000000000022e+00
4.804640000000000022e+00
4.804640000000000022e+00
4.804640000000000022e+00
4.804640000000000022e+00
4.804640000000000022e+00
4.804640000000000022e+00
4.804640000000000022e+00
4.804640000000000022e+00
4.804640000000000022e+00
4.804640000000000022e+00
4.804640000000000022e+00
4.804640000000000022e+00
4.804640000000000022e+00
4.804640000000000022e+00
4.804640000000000022e+00
4.804640000000000022e+00
4.804640000000000022e+00
4.804640000000000022e+00
4.804640000000000022e+00
4.804640000000000022e+00
4.804640000000000022e+00
4.804640000000000022e+00
4.804640000000000022e+00
4.804640000000000022e+00
4.804640000000000022e+00
4.804640000000000022e+00
4.804640000000000022e+00
4.804640000000000022e+00
4.804640000000000022e+00
4.804640000000000022e+00
4.804640000000000022e+00
4.804640000000000022e+00
4.804640000000000022e+00
4.804640000000000022e+00
4.804640000000000022e+00
4.804640000000000022e+00
4.804640000000000022e+00
4.804640000000000022e+00
4.804640000000000022e+00
4.804640000000000022e+00
4.804640000000000022e+00
4.804640000000000022e+00
4.804640000000000022e+00
4.804640000000000022e+00
4.804640000000000022e+00
4.804640000000000022e+00
4.804640000000000022e+00
4.804640000000000022e+00
4.804529999999999745e+00
4.803679999999999950e+00
4.802150000000000141e+00
4.798689999999999678e+00
5.478089999999999904e+00
5.472269999999999968e+00
5.469800000000000217e+00
5.470240000000000435e+00
5.470729999999999649e+00
5.471589999999999954e+00
5.476060000000000372e+00
5.484619999999999607e+00
5.494720000000000049e+00
5.504879999999999995e+00
5.514940000000000175e+00
5.524580000000000268e+00
5.533699999999999619e+00
5.542119999999999713e+00
5.550270000000000259e+00
5.556639999999999802e+00
5.560430000000000206e+00
5.562030000000000030e+00
5.562450000000000117e+00
5.562660000000000160e+00
5.563159999999999883e+00
5.563049999999999606e+00
5.559389999999999610e+00
5.551300000000000345e+00
5.543490000000000251e+00
5.539620000000000211e+00
5.536979999999999791e+00
5.532070000000000043e+00
5.524339999999999584e+00
5.515570000000000306e+00
5.507249999999999979e+00
5.499179999999999957e+00
5.491100000000000314e+00
5.484700000000000131e+00
5.480299999999999727e+00
5.473939999999999806e+00
5.464330000000000354e+00
5.459310000000000329e+00
5.459970000000000212e+00
5.462950000000000195e+00
5.465989999999999682e+00
5.468219999999999636e+00
5.470049999999999635e+00
5.471980000000000288e+00
5.473099999999999632e+00
5.472360000000000113e+00
5.469610000000000305e+00
5.465449999999999697e+00
5.460829999999999629e+00
5.455809999999999604e+00
5.450040000000000440e+00
5.444289999999999630e+00
5.438990000000000435e+00
5.433250000000000135e+00
5.425699999999999967e+00
5.414659999999999584e+00
5.400719999999999743e+00
5.385640000000000427e+00
5.370840000000000281e+00
5.356959999999999944e+00
5.345069999999999766e+00
5.336610000000000298e+00
5.332699999999999996e+00
5.334299999999999820e+00
5.340670000000000250e+00
5.349579999999999558e+00
5.359670000000000378e+00
5.370309999999999917e+00
5.379959999999999631e+00
5.387290000000000134e+00
5.391810000000000436e+00
5.394070000000000142e+00
5.394960000000000200e+00
5.394989999999999952e+00
5.394409999999999705e+00
5.393469999999999764e+00
5.392369999999999663e+00
5.391230000000000189e+00
5.390100000000000335e+00
5.388910000000000089e+00
5.387609999999999566e+00
5.386330000000000062e+00
5.385110000000000063e+00
5.383670000000000400e+00
5.381359999999999921e+00
5.377690000000000303e+00
5.372720000000000162e+00
5.366780000000000328e+00
5.359880000000000422e+00
5.351499999999999702e+00
5.341099999999999959e+00
5.328739999999999810e+00
5.315579999999999750e+00
5.302660000000000373e+00
5.290250000000000341e+00
5.279099999999999682e+00
5.270279999999999632e+00
5.264359999999999928e+00
5.262030000000000207e+00
5.263510000000000133e+00
5.286509999999999820e+00
5.309510000000000396e+00
5.332510000000000083e+00
5.355509999999999771e+00
5.378510000000000346e+00
5.401510000000000034e+00
5.424510000000000609e+00
5.447510000000000296e+00
5.470509999999999984e+00
5.493510000000000559e+00
5.516510000000000247e+00
5.439110000000000333e+00
5.414360000000000284e+00
5.404490000000000016e+00
5.399899999999999700e+00
5.396740000000000315e+00
5.392870000000000275e+00
5.386999999999999567e+00
5.378239999999999910e+00
5.366810000000000080e+00
5.353679999999999772e+00
5.341070000000000206e+00
5.332029999999999603e+00
5.327919999999999767e+00
5.326139999999999652e+00
5.323310000000000208e+00
5.319259999999999877e+00
5.315170000000000172e+00
5.311259999999999870e+00
5.306560000000000166e+00
5.299929999999999808e+00
5.290770000000000195e+00
5.279359999999999609e+00
5.266860000000000319e+00
5.254760000000000097e+00
5.244180000000000064e+00
5.235960000000000392e+00
5.231469999999999843e+00
5.232700000000000351e+00
5.242097894736842179e+00
5.251495789473684894e+00
5.260893684210526722e+00
5.270291578947368549e+00
5.279689473684211265e+00
5.289087368421053093e+00
5.298485263157894920e+00
5.307883157894737636e+00
5.317281052631579463e+00
5.326678947368421291e+00
5.336076842105263118e+00
5.345474736842105834e+00
5.354872631578947662e+00
5.364270526315789489e+00
5.373668421052632205e+00
5.383066315789474032e+00
5.392464210526315860e+00
5.401862105263158575e+00
5.411260000000000403e+00
5.391020000000000145e+00
5.346330000000000027e+00
5.320520000000000138e+00
5.300629999999999953e+00
5.281010000000000204e+00
5.262979999999999769e+00
5.247200000000000308e+00
5.231959999999999944e+00
5.216050000000000075e+00
5.199530000000000207e+00
5.184300000000000352e+00
5.173370000000000246e+00
5.168020000000000280e+00
5.168050000000000033e+00
5.172259999999999636e+00
5.177889999999999660e+00
5.181680000000000064e+00
5.182570000000000121e+00
5.182050000000000267e+00
5.182000000000000384e+00
5.182450000000000223e+00
5.182269999999999932e+00
5.180959999999999788e+00
5.178239999999999732e+00
5.173519999999999897e+00
5.166439999999999699e+00
5.156990000000000407e+00
5.146090000000000053e+00
5.134890000000000398e+00
5.125009999999999621e+00
5.118290000000000006e+00
5.114860000000000184e+00
5.112390000000000434e+00
5.108799999999999564e+00
5.103340000000000209e+00
5.095340000000000202e+00
5.085230000000000139e+00
5.075789999999999580e+00
5.069860000000000255e+00
5.067149999999999821e+00
5.065839999999999677e+00
5.064779999999999838e+00
5.065459999999999852e+00
5.072169999999999845e+00
5.083990000000000009e+00
5.090029999999999610e+00
5.086719999999999686e+00
5.078619999999999912e+00
5.070500000000000007e+00
5.064040000000000319e+00
5.058810000000000251e+00
5.053340000000000387e+00
5.048960000000000115e+00
5.045939999999999870e+00
5.040199999999999569e+00
5.030949999999999811e+00
5.030059999999999754e+00
5.033290000000000042e+00
5.037239999999999718e+00
5.040899999999999714e+00
5.048339999999999606e+00
5.066370000000000040e+00
5.154630000000000045e+00
5.222540000000000404e+00
5.229619999999999713e+00
5.238699999999999690e+00
5.240420000000000300e+00
5.233760000000000190e+00
5.225769999999999804e+00
5.221000000000000085e+00
5.222109999999999808e+00
5.229560000000000208e+00
5.244309999999999583e+00
5.255160000000000053e+00
5.255160000000000053e+00
5.255160000000000053e+00
5.255160000000000053e+00
5.255160000000000053e+00
5.255160000000000053e+00
5.255160000000000053e+00
5.255160000000000053e+00
5.255160000000000053e+00
5.255160000000000053e+00
5.255160000000000053e+00
5.255160000000000053e+00
5.255160000000000053e+00
5.255160000000000053e+00
5.255160000000000053e+00
5.255160000000000053e+00
5.255160000000000053e+00
5.255160000000000053e+00
5.255160000000000053e+00
5.255160000000000053e+00
5.255160000000000053e+00
5.255160000000000053e+00
5.255160000000000053e+00
5.255160000000000053e+00
5.255160000000000053e+00
5.255160000000000053e+00
5.255160000000000053e+00
5.255160000000000053e+00
5.255160000000000053e+00
5.255160000000000053e+00
5.255160000000000053e+00
5.255160000000000053e+00
5.255160000000000053e+00
5.255160000000000053e+00
5.255160000000000053e+00
5.255160000000000053e+00
5.255160000000000053e+00
5.255160000000000053e+00
5.255160000000000053e+00
5.255160000000000053e+00
5.255160000000000053e+00
5.255160000000000053e+00
5.255160000000000053e+00
5.255160000000000053e+00
5.255160000000000053e+00
5.255160000000000053e+00
5.255160000000000053e+00
