-8.86377	1.69491	0.273218	0.501431	0.129922	0.26147	0.116612	0.174126	0.0678453	0.168211	0.0652998	0.0887661	0.0176562	0.0922169	0.0210487	0.0606004	-0.0084769
-9.16098	1.68226	0.332339	0.497308	0.180924	0.266019	0.158335	0.185718	0.10446	0.184467	0.101526	0.097874	0.0502047	0.0974436	0.0581017	0.0584031	0.0238532
-10.2203	1.22579	0.645017	0.516195	0.358502	0.353606	0.253463	0.274102	0.2527	0.242664	0.20687	0.165103	0.096679	0.161065	0.124656	0.0515956	0.0939212
-10.3769	1.11574	0.664568	0.509765	0.41196	0.398383	0.253786	0.291239	0.248324	0.202607	0.181549	0.17349	0.166621	0.165986	0.166358	0.181456	0.136961
-10.3755	1.14562	0.741148	0.502717	0.34792	0.265941	0.138735	0.272154	0.290845	0.243369	0.223603	0.206371	0.191163	0.136463	0.11613	0.16455	0.0855895
-10.4493	1.07442	0.71326	0.534709	0.41244	0.261506	0.188806	0.318724	0.362326	0.323916	0.282259	0.245507	0.219244	0.14402	0.0634949	0.121004	0.0723534
-10.4424	1.0534	0.627358	0.436594	0.358845	0.297662	0.334104	0.323444	0.2944	0.305841	0.23285	0.156414	0.149614	0.148271	0.116988	0.142516	0.0970642
-10.3319	1.08289	0.576558	0.372397	0.314758	0.219707	0.221624	0.225709	0.214625	0.29435	0.240587	0.156656	0.0772977	0.155043	0.186624	0.120536	0.0768949
-10.2141	1.15552	0.574943	0.415918	0.389193	0.266595	0.21505	0.228527	0.279726	0.277932	0.182089	0.175871	0.0987429	0.157539	0.183903	0.106714	0.0713647
-10.0239	1.31616	0.615606	0.393488	0.394379	0.311097	0.247558	0.264025	0.228159	0.219491	0.169902	0.219444	0.15986	0.157009	0.140209	0.150041	0.152827
-10.1449	1.27321	0.710527	0.452069	0.454926	0.425869	0.307487	0.269177	0.28351	0.290018	0.243696	0.244604	0.221151	0.212503	0.146549	0.125761	0.104468
-10.0528	1.31301	0.673265	0.408141	0.416967	0.439332	0.330754	0.267075	0.243193	0.273106	0.267349	0.254179	0.19352	0.17349	0.159612	0.159797	0.123712
-9.95926	1.34273	0.632179	0.439285	0.394102	0.332426	0.26932	0.268855	0.224539	0.273848	0.250434	0.197902	0.194275	0.188234	0.193111	0.150899	0.149936
-10.0869	1.33398	0.65244	0.480778	0.429656	0.388492	0.322017	0.299358	0.241513	0.259656	0.233318	0.193333	0.230015	0.173531	0.154246	0.125443	0.110285
-10.0414	1.32209	0.588359	0.42467	0.392098	0.339791	0.287552	0.236727	0.244085	0.237618	0.219399	0.156702	0.182846	0.181535	0.186682	0.133675	0.115541
-9.97596	1.34094	0.590058	0.421341	0.398482	0.344962	0.32759	0.236797	0.249081	0.199852	0.192906	0.174129	0.190311	0.154974	0.159311	0.12864	0.122627
-10.1891	1.27054	0.603306	0.424835	0.406699	0.340305	0.322446	0.259278	0.255823	0.247156	0.220617	0.248882	0.211033	0.149707	0.160882	0.16008	0.151346
-10.2309	1.21594	0.542879	0.363632	0.370991	0.337272	0.291363	0.220332	0.16618	0.238205	0.17689	0.218692	0.179266	0.209401	0.17772	0.17555	0.178812
-10.1267	1.25454	0.556345	0.354077	0.355772	0.296763	0.238023	0.165725	0.164813	0.202791	0.170066	0.247454	0.159818	0.174254	0.167334	0.122154	0.145087
-10.1112	1.23345	0.552459	0.368773	0.332773	0.274642	0.247515	0.204876	0.229694	0.251517	0.195444	0.205092	0.144762	0.152031	0.187273	0.109935	0.116795
-10.217	1.19579	0.589782	0.443465	0.376783	0.315837	0.234548	0.232301	0.232382	0.278812	0.238248	0.222062	0.228397	0.236463	0.210388	0.12979	0.163648
-10.1591	1.24299	0.624222	0.441167	0.407292	0.362674	0.242605	0.284018	0.243626	0.268558	0.193118	0.208714	0.21669	0.16901	0.136755	0.0993884	0.147532
-10.1316	1.24084	0.616529	0.450498	0.398789	0.300511	0.230901	0.267301	0.250589	0.241311	0.197616	0.221789	0.190914	0.147049	0.138559	0.117502	0.102802
-10.3387	1.11082	0.632234	0.415835	0.427467	0.362011	0.228148	0.207532	0.222976	0.216108	0.159791	0.227428	0.252402	0.246329	0.207437	0.154229	0.229931
-10.2267	1.15805	0.615797	0.373632	0.378927	0.355572	0.234433	0.227477	0.245955	0.299765	0.205451	0.168934	0.196115	0.1899	0.14377	0.112648	0.217715
-10.235	1.15225	0.659124	0.429031	0.340388	0.309438	0.258107	0.211537	0.177142	0.269417	0.159368	0.174033	0.173662	0.165116	0.133372	0.127609	0.205071
-9.8667	1.47571	0.715143	0.492666	0.359642	0.273781	0.187371	0.193814	0.113146	0.148589	0.0714962	0.123472	0.10501	0.128929	0.154752	0.127433	0.148305
-9.60663	1.89803	0.896008	0.53338	0.362628	0.363845	0.230611	0.164988	0.0237873	-0.0468127	-0.0668169	0.0207853	0.0731104	0.102088	0.103084	0.0362873	0.104738
-8.08415	1.86085	0.714451	0.493103	0.221648	0.105698	0.0219549	-0.0389052	-0.0808044	-0.0996189	-0.0827216	-0.0143417	0.0531343	0.0986131	0.0905282	0.056726	0.0583231
-6.96099	3.38586	0.259717	-0.0800604	-0.21399	-0.189494	0.0159914	0.0709788	-0.0279528	-0.486384	0.121293	0.00747575	0.150988	-0.152516	0.2942	-0.151154	-0.101462
-6.03726	3.33663	0.228382	-0.153593	-0.28703	-0.243847	-0.0363414	0.0846356	-0.078186	-0.559362	0.106337	0.0679102	0.168741	-0.125681	0.309237	-0.247797	-0.213349
-6.00274	3.41138	0.156858	-0.127913	-0.345982	-0.260109	-0.0268741	0.0862489	-0.0578434	-0.642566	0.183287	0.0615572	0.294816	-0.159941	0.413041	-0.352587	-0.258297
-5.71183	2.39962	0.221648	-0.1946	-0.149926	-0.10002	-0.0622905	-0.0162785	-0.0400324	-0.236669	-0.0387634	0.221305	0.237406	0.246762	0.12402	-0.150513	-0.242712
-5.17579	2.90066	-0.00765251	-0.379431	-0.154038	-0.134135	-0.218784	0.0867862	-0.125065	-0.436743	0.0137968	0.245324	0.124871	-0.16164	0.0349062	-0.0681783	-0.127895
-4.51749	3.03215	-0.104736	-0.395802	-0.16155	-0.140757	-0.263261	0.137936	-0.148637	-0.514751	0.0848198	0.322703	0.196562	-0.211108	0.0716734	-0.20027	-0.168183
-4.50361	3.19337	-0.188326	-0.263193	-0.131549	-0.0114369	-0.219133	0.115487	-0.148423	-0.564121	0.189215	0.322726	0.37926	-0.323644	0.143235	-0.27343	-0.129493
-4.18846	2.95623	-0.0514479	-0.404457	-0.173437	-0.118353	-0.319295	-0.0070135	-0.172293	-0.436967	0.0861249	0.318184	0.280676	-0.30883	0.0157715	-0.230156	-0.203676
-3.68672	3.22903	-0.414331	-0.303855	-0.0989587	0.182576	-0.241791	0.0965121	-0.0243079	-0.373222	0.267924	0.100068	0.317444	-0.540672	0.239432	-0.238328	0.0486143
-3.4368	3.08854	-0.236366	-0.179514	-0.073712	0.266068	-0.309116	-0.0233686	0.0890493	-0.273176	0.231895	0.0037601	0.330903	-0.634003	0.299402	-0.133326	0.252009
-3.33464	3.2149	-0.448196	-0.100597	-0.0245735	0.288721	-0.396667	0.0178136	0.0848906	-0.312796	0.260092	0.125864	0.206359	-0.610837	0.312972	-0.0758854	0.208419
-3.31555	3.39485	-0.646957	-0.125217	0.0461799	0.318013	-0.469571	-0.0588397	0.0415048	-0.209034	0.25452	0.137397	0.169557	-0.563796	0.305769	-0.0688178	0.0206837
-3.16208	3.23257	-0.6004	-0.195588	0.027685	0.414804	-0.500319	-0.0675319	-0.0115015	-0.10493	0.293904	0.104558	0.133276	-0.638285	0.332027	-0.0114699	0.00114372
-2.90379	3.10038	-0.6839	-0.0254589	0.0294927	0.546176	-0.604351	0.0289516	-0.00690546	-0.0984676	0.307465	-0.0287585	0.0761434	-0.627342	0.48258	-0.0328394	0.323196
-2.75125	2.86817	-0.641556	-0.115347	0.173985	0.448055	-0.639164	-0.0216403	0.0186255	-0.0555798	0.264638	-0.0601389	0.0756913	-0.50237	0.445937	-0.0973768	0.245617
-2.7562	2.85925	-0.707031	-0.00509273	0.137246	0.407925	-0.741892	0.0738796	0.00576162	0.0608002	0.0890125	-0.0483712	0.091617	-0.400975	0.451371	-0.170978	0.235944
-2.79972	2.86186	-0.850625	0.0135316	0.117911	0.262381	-0.77723	0.0796557	0.0518851	0.00317856	0.0909534	-0.0519812	0.21166	-0.326075	0.352693	-0.238847	0.00205248
-2.81804	2.79566	-1.10832	0.121738	0.0208449	0.25014	-0.955009	0.14522	-0.0400394	0.0296878	0.0467957	0.105945	0.297006	-0.246404	0.141676	-0.343504	-0.30537
-2.94115	2.72106	-1.12502	0.273204	0.0816777	0.289456	-1.07576	0.233746	-0.121583	0.0182256	-0.0405728	0.121996	0.342817	-0.185232	0.189241	-0.402252	-0.129003
-2.95301	2.43477	-1.14956	0.514227	0.0719448	0.230893	-1.13875	0.334927	-0.152467	-0.0621194	-0.0284416	0.187257	0.327354	-0.12824	0.122609	-0.440889	0.0148467
-3.4138	2.17272	-0.97762	0.773325	0.307616	-0.0241554	-1.23334	0.316727	-0.0195808	-0.0939281	0.126302	0.14531	0.147513	-0.227523	0.303048	-0.380241	0.296389
-3.34023	1.81612	-0.91033	0.263607	-0.0261941	-0.22728	-1.07956	0.166091	-0.161411	-0.321025	-0.0807957	0.125954	0.0335509	-0.174825	0.0651917	-0.458456	0.0660106
-3.51209	1.77682	-0.804529	0.45404	-0.0990069	-0.216547	-1.14337	0.201866	-0.235712	-0.254766	-0.0183144	0.172538	-0.0933327	-0.180056	0.165535	-0.419886	0.0587238
-3.74077	1.71354	-0.943804	0.713726	-0.154257	-0.0784035	-1.10649	0.320769	-0.242854	-0.229556	-0.0223923	0.338814	-0.0775769	-0.0907045	0.129827	-0.424184	0.171785
-4.09834	1.28934	-0.552969	0.464831	0.187862	-0.322611	-0.835521	0.172755	-0.0517389	-0.307594	0.110382	0.396559	0.000270527	-0.0423632	0.107212	-0.330478	0.119779
-4.62455	1.63055	-0.676108	0.737954	-0.126368	-0.204807	-0.891858	0.256303	-0.444202	-0.30381	0.102379	0.473232	-0.120756	-0.012591	0.0906518	-0.194008	0.040902
-5.00651	1.57825	-0.511395	0.746503	-0.0095131	-0.222816	-0.829352	0.291027	-0.350694	-0.309599	0.257424	0.545096	-0.0192387	0.0596426	0.152261	-0.157929	0.065697
-5.24109	1.34719	-0.187087	0.459122	-0.00998844	-0.146327	-0.613626	0.34987	-0.464699	-0.0942345	0.3377	0.108861	0.102859	0.0706951	0.212903	-0.0785826	-0.0525744
-5.0483	1.15494	-0.0720495	0.291134	-0.0371242	-0.0895524	-0.576257	0.400509	-0.587193	-0.0966808	0.277686	0.0546568	0.00368012	0.0306442	0.0959544	-0.199101	0.0247579
-4.49237	1.27128	0.0652231	0.163457	-0.181094	-0.00442967	-0.716457	0.342608	-0.649082	-0.0732871	0.260927	0.0830199	0.0253202	0.121243	0.033505	-0.188249	0.0693903
-4.23356	1.16203	0.201316	0.231125	-0.316297	-0.149434	-0.724376	0.215313	-0.683553	-0.129688	0.10745	0.0152564	-0.0548158	0.0353766	0.0515219	-0.208454	-0.0426563
-3.78268	1.13242	0.103683	0.488262	-0.484739	-0.0599733	-0.693275	0.23233	-0.607107	-0.130967	0.0796871	0.181917	-0.11153	0.0242626	0.218174	-0.267655	-0.130788
-3.34169	1.03257	-0.0513443	0.638927	-0.363522	-0.0809037	-0.727196	0.205885	-0.552809	-0.294138	0.000142256	0.250293	-0.0545494	-0.0757603	0.167394	-0.257746	-0.067787
-3.34256	1.79902	-0.0469344	0.820309	-0.185206	0.258838	-0.732781	0.342902	-0.295384	-0.166383	-0.0465069	0.158772	0.0731261	0.00481664	0.295051	-0.0806051	0.199734
-2.8786	2.08013	-0.542938	1.12912	-0.313319	0.0264161	-0.551951	0.240564	-0.383728	-0.106097	-0.0439327	0.117056	0.126555	0.0759039	0.218306	0.067317	0.269991
-2.73899	2.12148	-0.656502	1.21838	-0.277348	0.00452279	-0.567448	0.301456	-0.402169	-0.268909	0.102475	0.101105	0.181461	0.00305364	0.360614	-0.099619	0.127096
-3.12856	2.65361	-0.656235	1.28988	-0.21334	-0.0824525	-0.588182	0.255944	-0.35592	-0.212195	0.112346	0.100168	0.230026	-0.0617908	0.277802	-0.0410383	0.118073
-3.29928	2.74994	-0.122769	0.973365	0.132745	-0.358177	-0.418134	0.0010278	-0.18505	-0.174984	0.0517495	0.156757	0.314151	-0.021424	0.078461	0.00216335	0.171421
-3.22804	2.75491	-0.0516712	0.874841	0.143029	-0.337902	-0.482038	0.143245	-0.183652	-0.368946	0.233002	0.123055	0.345766	-0.0871821	0.0871388	-0.0135573	0.315175
-3.61383	3.34485	-0.419981	1.21207	-0.110031	-0.0771443	-0.739788	0.364308	-0.240874	-0.20042	0.179171	0.0592705	0.253763	-0.0587776	-0.0480343	0.18983	-0.0717238
-3.48094	3.05922	-0.23336	1.13646	0.113981	-0.20384	-0.68411	0.209483	-0.196552	-0.0446825	0.1022	0.102905	0.163814	-0.118908	0.088604	0.00591317	-0.00857333
-3.55196	3.12279	-0.251508	1.21669	0.0607978	-0.175151	-0.542767	-0.0209973	0.0334421	-0.115178	0.133339	-0.0301468	0.22441	-0.146128	0.107049	0.0407245	-0.0261195
-3.6294	3.17124	-0.289159	1.30842	0.112373	-0.125467	-0.432995	-0.0867993	-0.15738	-0.0102567	-0.0149476	0.0700477	0.189529	-0.0106526	0.111909	0.0792206	0.152628
-3.46067	2.42054	0.201613	0.881144	0.329809	-0.149292	-0.503111	-0.0963105	0.0250957	0.0784397	0.109585	-0.0968824	0.17471	-0.229497	0.0411255	0.0264143	-0.10841
-3.54266	2.19043	0.487822	0.492787	0.455996	0.0471323	-0.437521	-0.0377517	-0.0667632	0.0583431	0.00354608	-0.11652	0.345791	-0.2944	-0.0313315	0.137444	-0.198389
-3.36477	1.49086	1.00104	0.377949	0.334808	0.398459	-0.541252	0.281849	-0.136745	-0.100738	-0.245647	0.0493089	0.0611195	0.0851623	0.086373	0.081377	0.00138026
-3.57063	1.29798	1.11518	0.396395	0.359545	0.400738	-0.489917	0.154037	0.0899364	-0.0775881	-0.419673	0.101008	0.19672	-0.0196119	-0.0812634	-0.0261285	0.0259138
-3.94173	1.33755	1.26457	0.187519	0.217016	0.371001	-0.579984	0.142526	-0.0120995	0.213486	-0.260287	0.0781411	0.259912	-0.195621	-0.26181	-0.180813	-0.421784
-4.15509	1.47732	1.14579	0.41424	0.147279	0.418008	-0.381511	0.0907375	-0.0460977	0.0434099	-0.196076	-0.082963	0.327811	-0.145418	-0.0884447	-0.252687	-0.218794
-4.45228	1.37524	1.74706	0.619676	0.157433	0.455873	-0.026879	0.102486	-0.0368802	0.0561619	-0.503671	-0.400457	0.267435	0.247166	-0.177162	0.373432	0.280061
-4.70177	1.09708	2.11351	0.501035	0.100027	0.315184	-0.0186946	0.0128712	0.117156	0.0470807	-0.312258	-0.335516	0.0552169	0.120481	0.161751	-0.0013246	0.0584093
-4.75124	0.803043	1.9558	1.00244	0.297168	-0.1297	-0.539529	0.34116	0.27346	0.195917	-0.30733	-0.530737	0.00846387	0.259052	0.245553	-0.122105	-0.300132
-4.61977	0.915736	1.82402	0.428955	0.38128	0.391717	-0.121969	0.0939443	0.0128088	-0.127381	-0.206377	-0.203198	0.252858	-0.0845138	-0.0270965	0.0557071	-0.00217071
-4.96787	0.915312	2.05636	0.600102	0.465822	0.101128	-0.186725	0.181908	0.0751239	-0.00355748	-0.286608	-0.147118	0.144059	0.0130138	-0.122658	0.00959617	-0.101742
-5.10471	0.971838	2.57195	0.350924	0.593233	0.0170798	-0.108759	0.132121	-0.187191	0.00262667	-0.249148	0.123018	0.109874	-0.296417	-0.0901449	0.434322	-0.115777
-5.00491	1.08419	2.48979	0.581082	0.527197	-0.0726669	-0.122547	0.21974	-0.0420644	0.0854099	-0.434487	-0.337349	0.0965299	0.0890751	0.50528	0.176462	-0.275458
-4.62951	1.07135	1.93005	0.489685	0.759363	0.479508	-0.338906	0.0652471	-0.367078	-0.248341	-0.286475	0.0259167	0.520023	-0.00808561	-0.0941979	0.00306285	0.0154572
-4.44777	1.43571	1.83016	0.227092	0.262993	0.286664	-0.104321	0.00628905	-0.00650608	-0.0963295	-0.405612	0.25566	0.203592	-0.150159	-0.150562	-0.14914	-0.120128
-4.07659	1.58231	1.64079	0.166304	0.352069	0.129338	-0.182345	0.00358439	0.184559	-0.125607	-0.304647	-0.0170552	0.234131	-0.026038	-0.145286	-0.025143	0.11052
-3.87137	1.6353	1.30282	0.0135305	0.452864	0.166527	-0.450875	0.238826	0.0318773	0.193573	-0.279565	-0.0818544	0.273093	-0.333448	-0.158788	-0.0809379	-0.331892
-3.85342	2.00188	1.15431	0.0647079	0.388686	0.143866	-0.174324	-0.113085	0.0108081	0.172993	0.0116681	-0.188118	-0.00621981	-0.00561519	-0.196395	-0.0956772	-0.048462
-3.73409	2.17029	0.874075	0.491491	0.366134	0.201508	-0.578345	-0.070185	0.141243	0.113985	-0.0249686	-0.167619	0.100244	-0.116271	-0.176063	0.306763	-0.0278967
-3.53849	2.10823	0.899887	0.509072	0.0193084	0.37226	-0.486293	-0.0676244	0.230913	0.00708273	0.0199393	-0.266349	0.0474082	0.0447877	-0.0860394	0.0806357	-0.108123
-3.79882	2.82126	0.444492	0.622445	-0.00274634	0.143016	-0.0522069	-0.335358	0.218454	0.0167505	-0.137182	0.0172805	-0.0868599	0.116169	-0.0242322	-0.0899972	0.073738
-4.0767	3.14849	0.296565	0.695466	-0.237386	0.554567	-0.259255	-0.514569	0.242407	0.120786	-0.128315	0.0495502	0.0185561	-0.136804	0.133928	-0.271905	0.125323
-4.78255	3.38928	0.418742	0.685996	-0.228673	0.329424	-0.0789181	-0.667151	0.0411493	0.265663	0.0303465	0.0107926	0.151716	-0.107926	-0.361052	-0.0476548	0.188033
-5.26435	3.4257	-0.0939865	1.06572	0.0470133	0.460812	0.0440922	-0.127809	0.0868906	-0.0221499	-0.44164	-0.0894931	0.00184085	0.249903	0.0463837	0.0702237	0.0779397
-6.39888	4.04809	0.522894	0.749373	0.287441	0.790864	0.178727	0.108277	0.123377	0.0397836	0.0545125	-0.11884	-0.172382	-0.317129	-0.188647	0.161112	0.307965
-7.05031	4.1946	0.695724	0.446855	0.196032	1.00901	0.362246	-0.2498	0.0927054	0.240779	-0.0267272	0.181418	0.200442	-0.426546	-0.412389	-0.127385	-0.010336
-7.11496	4.43173	0.747729	0.353177	0.256311	0.749727	0.361808	-0.300592	0.00391653	-0.172858	0.24006	0.10782	0.0446974	-0.295782	-0.169823	-0.160967	0.113507
-7.13193	4.53501	0.876508	0.478857	0.471057	0.560916	0.403552	0.00802065	-0.10173	0.0483997	0.0625432	0.297567	0.188334	-0.225949	-0.0946599	-0.0498847	0.290758
-7.11182	4.35681	0.783162	0.464095	0.336579	0.696434	0.266625	-0.0923642	-0.317057	-0.0111874	0.173554	0.0691579	0.0492673	-0.135403	-0.129289	0.00857502	0.230024
-7.35872	4.31363	0.735071	0.420291	0.316255	0.509971	0.0499524	-0.222058	-0.347727	-0.0890545	-0.0456891	-0.0663752	-0.0975177	-0.174628	-0.209057	-0.0957835	0.167209
-7.8347	3.85993	1.00448	0.510804	0.49089	0.622774	0.217764	-0.303007	-0.354566	-0.237065	-0.0700992	-0.133592	-0.311248	-0.226899	-0.13317	0.101758	0.151221
-7.62146	4.09308	0.958841	0.536887	0.462856	0.789344	0.255875	-0.00969188	-0.329804	-0.00351449	-0.00958628	0.190485	0.00181154	-0.00541767	-0.135779	0.113615	0.0878696
-8.51856	3.34011	1.67427	1.08992	0.733889	0.572195	0.374137	-0.166865	-0.303169	0.0425758	0.306497	0.188577	0.285421	-0.0732415	0.173373	0.452834	0.312938
-9.17549	3.04246	1.58123	0.906308	0.71237	0.569788	0.283601	-0.169813	-0.268436	0.00134564	0.328522	0.351717	0.301893	-0.0546291	0.398482	0.259978	0.313281
-7.68736	1.63884	0.626678	0.657357	0.216343	0.424669	0.310885	-0.110577	-0.00277387	-0.0528186	-0.0613878	0.0546149	0.0537331	-0.00582698	-0.114962	-0.0568159	0.0886439
-6.35039	2.09234	0.162576	0.752866	-0.261999	0.445589	0.000432462	-0.28922	0.168894	0.139988	0.116272	-0.107164	0.204587	0.101678	-0.0291813	-0.0945494	-0.0858159
-5.39682	1.9957	0.387547	0.502959	0.0255668	0.268009	-0.105693	-0.301801	0.135388	0.194959	0.0418841	-0.0761617	0.0742056	0.0875891	0.0483948	-0.0966694	-0.144309
-5.35297	2.34206	0.212565	0.430126	0.0687778	0.391925	-0.116156	-0.339566	0.165579	0.0856205	0.129771	-0.0515035	0.056565	-0.0854828	0.0186408	-0.036336	-0.104826
-5.71517	3.37061	0.204936	0.412457	0.170725	0.472487	0.182029	-0.0861769	0.0146812	0.465377	-0.0526804	0.0569106	0.336953	-0.203044	0.229255	-0.220736	0.169585
-4.38995	3.0462	-0.289926	0.358151	0.187827	0.288912	0.0888738	-0.328434	-0.0127895	0.108299	0.202701	-0.262762	0.215132	-0.162165	0.173738	-0.0728754	-0.0293964
-3.70503	2.99986	-0.194917	0.397772	0.00629434	0.344475	0.00638269	-0.269416	-0.0428444	0.239927	0.346461	0.0579487	0.343647	-0.00595817	0.283213	-0.105084	0.1102
-3.3499	2.96405	-0.303312	0.448369	-0.0355553	0.347236	-0.0652465	-0.220113	0.0543039	0.272319	0.32478	0.0537149	0.434466	0.0359797	0.359133	-0.0557418	0.102512
-3.33193	3.09462	-0.444147	0.386194	-0.0843407	0.194401	-0.139845	-0.193162	0.203936	0.389883	0.20068	0.0875874	0.354656	0.0126794	0.249772	-0.175816	0.291159
-3.19062	2.67766	-0.483841	0.215066	-0.198133	0.170501	-0.281151	-0.18137	0.0277991	0.313999	0.0872378	-0.0652921	0.225784	-0.151442	0.179488	-0.235153	0.139088
-3.57309	2.91951	-0.698669	-0.0688692	-0.1075	-0.0966574	-0.339119	-0.376458	0.17641	0.0284871	0.0702609	-0.27088	0.174095	-0.372538	0.0466828	-0.377555	-0.0337489
-3.3963	2.66327	-0.712386	-0.0360735	-0.170411	-0.128562	-0.2145	-0.295702	0.241543	0.0926505	0.012188	-0.239378	0.117759	-0.360092	-0.011859	-0.354355	0.0254424
-3.23868	2.45723	-0.702939	-0.0874352	-0.186395	-0.0370966	-0.265366	-0.138616	0.226488	0.135758	0.0734244	-0.278543	0.127162	-0.364403	0.0683816	-0.410289	0.0715147
-3.22263	2.38131	-0.707693	-0.0490675	-0.175912	-0.00440098	-0.255168	-0.0244947	0.121093	0.252548	-0.00491136	-0.20038	0.0855143	-0.229087	0.0450413	-0.32323	0.0382837
-3.18469	2.26134	-0.660166	-0.0750268	-0.0814783	-0.0347222	-0.112731	0.0066837	0.101677	0.272407	-0.00486775	-0.239996	0.136415	-0.20926	-0.00981125	-0.210054	0.0817699
-3.27188	2.18614	-0.59505	-0.181826	0.038255	-0.104988	0.0303659	-0.0504379	0.0648213	0.262307	-0.0147319	-0.363868	0.220567	-0.27342	0.0301584	-0.235483	0.0262079
-3.44404	2.326	-0.743205	-0.0785165	-0.0385403	0.0174112	0.0700748	0.0212602	0.010582	0.294723	-0.0738735	-0.338898	0.187658	-0.259728	0.0951758	-0.245943	0.0239425
-3.3426	2.14757	-0.617751	-0.150998	-0.0275138	0.0701803	0.160717	0.0390991	0.0163516	0.281009	0.00655128	-0.343845	0.190571	-0.191168	0.116571	-0.192367	0.0755681
-3.47599	2.31195	-0.711661	-0.17634	-0.0287321	0.0514178	0.181457	0.0163704	0.0178273	0.2429	0.0362054	-0.392438	0.210667	-0.247362	0.140905	-0.190572	0.00437707
-3.51926	2.20516	-0.565948	-0.247711	0.0129559	-0.030681	0.186339	0.0728886	-0.0326927	0.295947	-0.0464489	-0.380571	0.19176	-0.245427	0.124059	-0.192322	-0.0028635
-3.4702	2.17864	-0.589645	-0.17834	0.0386948	0.0508738	0.308395	0.015982	-0.00727613	0.321092	0.00201853	-0.325521	0.165028	-0.152748	0.13334	-0.163222	0.0934775
-3.52466	2.22078	-0.610139	-0.108807	-0.10506	0.185803	0.27908	-0.016533	-0.0475377	0.176666	0.0786968	-0.250202	0.156272	-0.182629	0.131533	-0.147697	0.0581258
-3.51933	2.20412	-0.625666	-0.27632	0.0832738	0.0769272	0.441294	-0.0317766	0.0270028	0.278579	0.00630359	-0.32249	0.148848	-0.150148	0.166656	-0.184505	0.22291
-3.60355	2.21218	-0.614216	-0.244543	-0.0166589	0.175597	0.45223	-0.0926985	0.0987693	0.205594	0.0807536	-0.400228	0.136242	-0.161948	0.153903	-0.113732	0.155173
-3.76707	2.1499	-0.32581	-0.288845	-0.173774	0.320976	0.396738	-0.074008	0.0438334	0.25907	0.0995213	-0.428732	0.0980719	-0.198333	0.13864	-0.0161548	0.0636114
-3.69993	2.07299	-0.362555	-0.327266	-0.0649081	0.164435	0.527014	-0.0183036	-0.0112654	0.165048	0.0934174	-0.372319	0.170749	-0.228877	0.15222	-0.0898791	0.118608
-4.08925	1.94873	-0.433957	-0.478813	-0.306933	0.0752009	0.340711	-0.0611592	-0.110243	-0.00648541	0.0532935	-0.429249	0.0207335	-0.273432	0.0428142	-0.162593	0.0458679
-4.38615	2.15502	-0.378023	-0.437228	-0.294495	0.0093252	0.451132	-0.0278506	-0.240255	-0.104901	0.0290703	-0.321792	0.0857969	-0.388233	-0.121213	0.00671403	0.153045
-4.65545	2.37872	-0.483829	-0.485575	-0.0768953	0.130987	0.428002	-0.129407	-0.311996	0.0971276	-0.080171	-0.325119	-0.011658	-0.390796	-0.0820699	-0.0783991	0.0421884
-4.71481	2.15035	-0.497881	-0.334219	0.00358946	0.170121	0.447058	-0.309646	-0.165766	0.133852	-0.0102734	-0.331697	-0.220872	-0.342923	-0.191255	0.0568259	0.0654943
-4.68283	2.1417	-0.362531	-0.248653	0.0300556	0.258955	0.513208	-0.214298	-0.122504	0.149854	0.0550117	-0.225515	0.0131776	-0.291699	-0.124269	0.0679636	0.0323557
-4.98808	2.46274	-0.0786949	-0.546371	-0.166403	0.244145	0.636463	-0.143231	-0.130664	0.0558576	0.181133	-0.288099	0.202099	-0.326008	-0.145002	0.0415605	0.0233591
-5.22063	2.71021	0.00709214	-0.755739	-0.275948	0.29192	0.592753	-0.188292	-0.0411554	-0.0412292	0.245225	-0.316684	0.222741	-0.367969	-0.0802998	-0.0751326	0.0614452
-5.12281	2.71246	0.000214598	-0.751091	-0.26395	0.181323	0.520752	-0.166038	-0.109788	-0.051902	0.164702	-0.290428	0.212003	-0.408871	-0.0945734	-0.013197	0.0304656
-5.00728	2.73104	0.105669	-0.64072	-0.302952	0.0978397	0.541954	-0.120976	-0.139203	-0.0381669	0.122709	-0.261101	0.232288	-0.356288	-0.131729	-0.00890534	0.0824292
-5.07313	2.75901	0.174377	-0.6518	-0.255383	0.0725079	0.593687	-0.0540529	-0.153422	0.0237963	0.0996536	-0.176819	0.230091	-0.314619	-0.0847535	-0.0450131	0.12145
-5.4551	2.54732	0.254426	-0.644261	-0.283128	0.145552	0.644337	0.0180982	-0.0455223	-0.0442037	0.219548	-0.0751765	0.216802	-0.27299	-0.0944742	0.0371785	0.146438
-5.97121	2.25518	0.28404	-0.42545	-0.199054	0.368018	0.705046	0.033087	-0.0371728	-0.111652	0.0759534	-0.12407	0.148813	-0.200296	-0.118122	-0.0338841	0.0382127
-5.99317	2.59183	0.310288	-0.740794	-0.475926	0.300709	0.741594	-0.0587768	-0.0659715	-0.0605602	0.0197527	-0.106521	0.0907939	-0.192856	-0.304894	-0.147067	-0.0480856
-6.10122	2.601	0.215576	-0.657882	-0.452577	0.292656	0.782046	-0.0954559	-0.0115395	-0.0331833	-0.0203233	-0.0825765	0.203677	-0.332474	-0.285889	-0.0578541	-0.134248
-5.94081	2.58433	-0.0244063	-0.548268	-0.307507	0.26392	0.763634	-0.0920023	-0.119087	0.0244014	0.0455731	-0.19081	0.262702	-0.331859	-0.241952	-0.103573	-0.128015
-5.86166	2.58709	-0.136163	-0.471364	-0.200669	0.222301	0.787964	-0.0615659	-0.251702	0.0687989	0.040633	-0.193722	0.280495	-0.24651	-0.275921	-0.0647854	-0.0615847
-5.78847	2.58848	-0.166239	-0.498105	-0.179923	0.167158	0.883776	-0.090067	-0.292003	0.136574	-0.0358865	-0.109228	0.284938	-0.249714	-0.241141	-0.10272	0.055286
-6.37974	2.34247	0.0732674	-0.470511	-0.246201	0.217636	0.888817	0.0626841	-0.217229	0.0387802	0.0634434	-0.0155353	0.284968	-0.23583	-0.190716	-0.0591423	0.110981
-6.30899	2.27817	0.232563	-0.43727	-0.24238	0.216212	0.777903	0.116179	-0.165028	0.00381046	0.00452954	-0.153292	0.191285	-0.216939	-0.0549953	-0.00591043	0.00800946
-6.0976	2.28736	0.146384	-0.720785	-0.451852	0.180791	0.674497	0.0976599	-0.189377	0.0319664	-0.000758837	-0.18272	0.172481	-0.225798	-0.160799	-0.0805038	-0.0467822
-6.40684	2.20595	0.0668701	-0.845767	-0.562824	0.104487	0.677285	0.078143	-0.227344	0.0383701	0.00763554	-0.169015	0.210713	-0.27152	-0.222096	-0.125102	-0.054781
-7.11902	2.09804	0.279933	-0.468461	-0.57124	0.159204	0.814131	0.115668	-0.0777475	0.00139302	0.000580089	0.0895804	0.389254	-0.280528	-0.196438	-0.0260856	0.0999603
-7.2199	1.8566	0.22183	-0.212444	-0.26838	0.212435	0.77362	0.123689	-4.67245e-05	0.0487445	-0.0689739	0.0708836	0.429241	-0.206441	0.0109796	0.0552067	0.0258288
-7.13312	2.1505	0.418674	-0.220193	-0.379365	0.116874	0.722173	0.181629	-0.03122	0.0288334	-0.119702	0.075972	0.386921	-0.338022	-0.0891739	-0.131837	0.00656481
-7.20078	2.28828	0.603952	-0.1507	-0.512469	0.141281	0.647966	0.0923465	-0.0650252	-0.0433491	-0.149977	-0.0198012	0.311449	-0.382858	-0.0806016	-0.159371	0.0324848
-7.21112	2.31793	0.743945	-0.076208	-0.502745	0.0773811	0.607146	0.0591306	-0.0875223	0.00549309	-0.112387	-0.071786	0.250783	-0.458205	-0.00269934	-0.186952	0.0453086
-7.18315	2.49638	0.794788	-0.0426487	-0.444389	0.140136	0.530968	0.0538538	-0.0477176	-0.0400645	-0.265513	-0.125878	0.320378	-0.353992	0.00858713	-0.397522	-0.098497
-6.95	2.72934	0.713655	-0.02672	-0.501171	0.0636584	0.539411	-0.0306948	-0.145075	-0.0393326	-0.161799	-0.0046214	0.199841	-0.43453	-0.00860585	-0.458337	-0.0833923
-7.10424	2.66144	0.758626	-0.0385653	-0.584352	0.0208428	0.624887	0.0840039	-0.241696	0.0523364	-0.0742801	-0.00622013	0.21218	-0.546049	0.0206183	-0.411441	-0.0893244
-7.45687	2.21491	0.543462	-0.0508939	-0.613966	0.150254	0.609054	0.0140872	-0.186	0.0799749	-0.10757	-0.0590157	0.230415	-0.375677	0.0696866	-0.454076	-0.0534103
-7.74045	2.03287	0.356857	-0.108491	-0.66343	0.105323	0.537595	-0.00563337	-0.139006	0.0888653	-0.150846	-0.012556	0.1355	-0.421281	0.0214022	-0.521783	-0.0437773
-7.80244	2.21515	0.425167	-0.0411601	-0.753781	0.13154	0.479216	0.0926658	-0.0635168	0.0420082	-0.142556	0.0203211	0.205802	-0.291074	0.0166181	-0.502963	-0.0479881
-7.81719	2.18953	0.279974	0.00136268	-0.740171	0.131881	0.429709	0.238241	0.0217969	0.0317026	-0.0779679	0.140878	0.32322	-0.203756	0.0394634	-0.320412	-0.0255118
-7.97542	2.07227	0.295435	-0.0526696	-0.740335	0.215121	0.45835	0.215787	0.123367	0.119794	0.0594438	0.167481	0.325829	-0.203615	0.126076	-0.127454	0.0934997
-8.12615	1.98793	0.454463	0.0253874	-0.568019	0.323933	0.462357	0.177861	0.145459	0.0618086	-0.0330875	0.141981	0.179342	-0.241264	0.0495298	-0.0838293	0.129247
-8.25452	2.07202	0.625168	0.13896	-0.605188	0.328283	0.440863	0.17231	0.209474	0.120885	-0.138683	0.111128	0.134612	-0.178768	0.0197597	-0.0900063	0.0871453
-8.53335	2.16974	0.716924	0.283357	-0.566714	0.250265	0.374462	0.104067	0.238133	0.177729	-0.19364	0.129828	0.125984	-0.0779233	0.0650845	-0.0462934	0.109833
-8.7745	2.12294	0.74018	0.226701	-0.365336	0.248123	0.308307	0.129877	0.197834	0.0848095	-0.115299	0.226632	0.232071	0.0911083	0.0869354	0.0199708	0.165496
-8.72737	2.36263	0.64841	0.122071	-0.214819	0.24936	0.261917	0.076063	0.126976	0.118791	-0.0984742	0.108493	0.17499	0.156466	0.0373704	-0.156034	0.0511731
-8.80934	2.43555	0.450146	0.0544188	-0.0440295	0.409711	0.235653	0.143444	0.119641	-0.0113035	-0.19015	0.0285033	0.0830725	0.126301	0.0452688	-0.31628	-0.113353
-9.01006	2.23089	0.499236	0.206477	0.153744	0.431038	0.285452	0.153589	0.0424771	-0.0359838	-0.172521	0.128444	0.154415	0.140039	0.0895259	-0.311135	-0.119514
-9.34926	2.0165	0.672125	0.431796	0.177206	0.231065	0.289703	0.135359	-0.130338	-0.193875	-0.130817	0.193004	0.150839	0.0990196	0.166129	-0.144955	-0.0127812
-9.3732	2.00459	0.752461	0.417498	0.135752	0.13699	0.274932	0.222632	-0.081592	-0.121385	-0.124276	0.0396176	0.05643	0.0109658	0.158654	-0.0865875	-0.050499
-9.35373	1.75537	0.663046	0.40414	0.14926	0.0919929	0.183629	0.293139	-0.121213	-0.165683	-0.100724	-0.0502325	0.116545	0.00100503	0.10335	0.051516	0.175282
-9.40952	1.58615	0.641	0.53813	0.321302	0.250912	0.173096	0.226017	-0.274574	-0.179906	-0.0307255	-0.0567416	0.137856	0.0537039	0.0410421	-0.0322808	0.286348
-9.40233	1.46282	0.585531	0.490594	0.368385	0.414317	0.243642	0.23839	-0.104998	-0.0952084	-0.029718	-0.057575	0.143006	0.175437	0.0768485	0.0180376	0.205706
-9.40234	1.47793	0.657068	0.401634	0.324083	0.487732	0.251076	0.189023	-0.190277	-0.114122	-0.0192551	0.0776782	0.208725	0.205928	0.114032	-0.056006	0.0612307
-9.4654	1.65881	0.905137	0.510609	0.342396	0.421592	0.150342	0.132277	-0.23113	-0.0536508	0.00525267	0.0540609	0.191346	0.150123	0.0425894	-0.0332043	0.028946
-9.44023	1.62926	0.871279	0.64192	0.401072	0.441974	0.177488	0.179643	-0.212818	-0.0711988	-0.00269408	-0.0494541	0.126342	0.0504536	-0.00949191	0.0686357	0.0379068
-9.40616	1.5684	0.783954	0.598908	0.404508	0.411835	0.193344	0.167887	-0.160809	-0.0317081	0.00598898	0.0205181	0.159252	0.0870778	0.0232035	0.0822932	0.0988006
-9.39121	1.54288	0.817897	0.524981	0.392755	0.42373	0.118778	0.0302441	-0.212448	-0.122539	0.0688318	0.131722	0.214516	0.111873	0.108641	0.165758	0.186404
-9.38651	1.47218	0.828243	0.522265	0.359535	0.445378	0.114124	0.0564907	-0.167064	-0.141232	0.124968	0.0802636	0.165053	0.0484076	0.136395	0.103519	0.176951
-9.47707	1.41283	0.889547	0.682548	0.479233	0.46165	0.0612391	0.178647	-0.082941	-0.0908594	0.0994728	0.0470756	0.0768915	0.00278273	0.143055	0.00743028	0.0997665
-9.58924	1.37665	0.900163	0.71301	0.548233	0.51781	0.145279	0.3218	-0.0869535	-0.122817	-0.00545172	0.00727665	0.151908	0.0760216	0.105253	-0.0182857	-0.026212
-9.62112	1.33028	0.823689	0.597774	0.410752	0.426417	0.0834932	0.261079	0.00714869	-0.0367893	0.095042	0.0264822	0.0920879	0.0501213	0.207929	0.192361	0.166224
-9.58607	1.42215	0.816574	0.621572	0.429652	0.32631	-0.00309349	0.18286	-0.0601099	-0.10973	0.00593531	-0.0140771	0.115596	0.0380351	0.179207	0.226899	0.182934
-9.61254	1.39791	0.737609	0.552864	0.41416	0.430323	0.0607268	0.0807869	-0.185078	-0.142125	0.0159457	-0.0134822	0.156375	0.028893	0.154474	0.273975	0.131907
-9.58039	1.37834	0.758875	0.527485	0.317642	0.451346	0.135089	0.0963807	-0.106533	-0.0315741	0.085046	-0.00598177	0.140666	0.0646034	0.10431	0.243296	0.176988
-9.74443	1.40536	0.915814	0.599627	0.389364	0.472002	0.141728	0.141443	-0.0813595	-0.025637	0.0993355	0.0635213	0.171082	0.0434684	0.115713	0.30243	0.213272
-9.73613	1.44062	0.800868	0.511718	0.378181	0.422838	0.135744	0.204388	0.00030693	0.0536029	0.141261	0.096787	0.16101	0.112488	0.193415	0.226106	0.196577
-9.86636	1.39958	0.84737	0.624756	0.380127	0.392721	0.130747	0.221238	0.0257236	0.0510212	0.170599	0.105835	0.141252	0.122463	0.133639	0.153188	0.125841
-9.95587	1.3876	0.797016	0.623412	0.409915	0.38406	0.161969	0.192227	0.0835912	0.108124	0.136759	0.133553	0.159463	0.147282	0.0781092	0.127852	0.139534
-9.93392	1.33665	0.747259	0.558139	0.367756	0.373633	0.152636	0.194657	0.09326	0.123985	0.0461054	0.0948413	0.0923527	0.0409487	0.115818	0.0804123	0.0948616
-9.96992	1.32049	0.735771	0.476484	0.31663	0.348507	0.0744545	0.0771252	0.0143394	0.0109148	-0.044388	-0.0301849	0.0171748	0.0290905	0.147158	0.0773138	0.112375
-10.126	1.27235	0.78515	0.560933	0.396101	0.330971	0.0555894	0.0489724	-0.00930039	-0.0330193	-0.0117427	-0.0436293	-0.0272818	-0.00735703	0.0884011	0.0750575	0.079296
-9.91757	1.37699	0.733339	0.526307	0.420524	0.329027	0.117516	0.132088	0.0403133	0.0633907	0.0048708	-0.000210753	0.00922715	0.0445129	0.0449686	0.0955785	0.127619
-9.93425	1.37269	0.736432	0.564224	0.474651	0.396425	0.200796	0.148295	0.0669488	0.124189	0.0159633	0.063956	0.0295054	0.0900645	0.133855	0.147202	0.16947
-10.0943	1.26527	0.724121	0.562408	0.507517	0.449126	0.260389	0.201366	0.130002	0.226123	0.106974	0.163683	0.041162	0.0878598	0.141228	0.153133	0.173095
-9.8676	1.37408	0.62151	0.473519	0.405152	0.392241	0.249567	0.185218	0.160684	0.201	0.163229	0.125707	0.0776179	0.0915016	0.136575	0.119967	0.115847
-9.87429	1.35482	0.584614	0.443773	0.375087	0.319207	0.258354	0.252512	0.199557	0.231736	0.201119	0.175558	0.170393	0.140954	0.150175	0.1146	0.0979206
-9.97062	1.45606	0.764236	0.584265	0.493647	0.364724	0.317479	0.306208	0.190651	0.213851	0.114663	0.0731909	0.100486	0.114823	0.146615	0.15772	0.142671
-9.75368	1.50951	0.71151	0.555408	0.459405	0.356035	0.2665	0.224641	0.187062	0.163565	0.147894	0.156727	0.162943	0.144002	0.121469	0.115853	0.12322
-9.93727	1.47269	0.740416	0.574072	0.516338	0.368125	0.234182	0.210266	0.198199	0.175052	0.11973	0.119356	0.132535	0.17106	0.149099	0.16124	0.133157
-10.0512	1.41481	0.800135	0.573226	0.530524	0.351769	0.202392	0.240989	0.17253	0.209238	0.152665	0.158981	0.169924	0.135739	0.142661	0.168461	0.144797
-9.76151	1.41064	0.643917	0.502785	0.406092	0.358056	0.209776	0.185092	0.160588	0.206616	0.204044	0.148819	0.200435	0.225763	0.223869	0.196541	0.162826
-10.101	1.42937	0.830387	0.608167	0.443715	0.350932	0.184503	0.201072	0.18787	0.183497	0.196217	0.129324	0.159348	0.230336	0.226737	0.173422	0.199241
-9.89976	1.51709	0.756404	0.552172	0.430161	0.343774	0.221096	0.201934	0.159767	0.134442	0.0875701	0.0819841	0.0596806	0.118381	0.130588	0.15926	0.266339
-9.78331	1.55826	0.729807	0.507092	0.404979	0.352733	0.241953	0.191562	0.101295	0.0933658	0.0854854	0.0893025	0.0730134	0.087296	0.108369	0.167951	0.219151
-8.81012	1.98624	0.411585	0.344459	0.359721	-0.0493029	-0.323069	0.12609	0.54617	0.255338	-0.136035	0.0549262	0.304749	0.138312	0.0524002	0.121614	0.0955981
-7.66067	2.72986	-0.00754693	0.326609	0.510191	-0.11387	-0.475375	-0.0560008	0.263923	0.0748082	-0.184465	0.108381	0.108382	-0.0755054	-0.0308753	0.113977	-0.0433405
-6.79175	2.36108	-0.0322176	0.455792	0.295098	-0.163404	-0.46655	-0.175475	0.170686	0.00686002	-0.237484	0.0199158	0.0571693	-0.0873334	-0.153132	-0.00718852	0.0223319
-6.26227	1.83796	-0.147189	0.68495	0.0675429	0.0410598	-0.150136	-0.263825	-0.00780872	-0.0402225	-0.0403403	0.114374	-0.0122028	0.0488856	-0.266521	-0.0477513	0.057727
-5.95218	1.42051	-0.346092	0.627546	0.0688519	0.283359	0.0854337	-0.0236693	-0.00659089	-0.0636211	-0.00925402	0.0331649	-0.0146629	0.002252	-0.119544	0.0138915	0.0920844
-5.90014	1.3681	-0.25229	0.482718	0.148855	0.281786	0.0444644	0.0761674	0.00585627	-0.00999177	0.111565	0.0592181	0.022013	-0.127042	-0.215585	-0.205304	-0.0282515
-5.75374	1.68388	0.252485	0.24055	0.113308	-0.0637132	-0.144641	-0.0649854	-0.118896	-0.00863121	0.0203331	0.0632606	0.050251	-0.0512945	-0.101317	-0.158662	-0.131684
-4.86157	2.18045	0.173904	0.24531	0.117455	-0.0211697	-0.169973	-0.449585	-0.111354	0.034307	-0.0240156	-0.139449	0.00187105	0.113467	-0.237932	-0.0435053	-0.142564
-4.98554	2.51545	0.489028	0.744479	0.368763	0.0347766	-0.0868828	-0.489652	-0.160643	-0.0252936	0.0132914	0.129416	0.328931	0.360046	-0.189379	-0.170823	-0.345374
-3.43083	2.49833	-0.153571	0.38189	-0.185747	0.00478185	-0.188901	-0.583227	-0.0691339	0.0942786	0.196182	-0.190702	0.0812085	0.167998	-0.200244	0.0717504	-0.184824
-3.36722	2.33811	-0.338049	0.473007	-0.151276	0.196806	-0.0739011	-0.530516	-0.0343657	0.131115	0.159451	-0.225346	0.107161	0.198673	-0.179661	-0.0181467	-0.217204
-3.69308	2.39563	-0.461318	0.510175	-0.321857	0.148773	-0.190142	-0.578899	-0.0998841	0.0472429	0.117519	-0.356656	0.00409317	0.163593	-0.307373	0.130599	-0.422551
-4.83471	2.72151	-0.148563	0.683016	-0.0501965	0.342999	-0.0753971	-0.621564	-0.374148	0.0840023	0.230263	-0.284603	0.102533	0.139115	-0.150941	-0.10278	-0.0990073
-5.86937	3.4994	0.0892056	0.839474	0.743644	0.232936	-0.0752534	-0.249638	-0.272468	-0.253684	0.195116	-0.0375501	-0.037645	-0.0389181	-0.0342415	-0.118094	-0.217284
-5.47414	3.22449	0.139613	0.849902	0.589265	0.0562781	-0.206359	-0.356197	-0.408666	-0.359072	0.239265	-0.329565	-0.22111	0.0557304	-0.0796448	-0.206641	0.00448672
-5.19132	2.91256	0.191586	0.798495	0.570791	0.0561641	-0.385861	-0.225481	-0.404443	-0.336605	0.043808	-0.33267	-0.129941	-0.0462271	0.00176782	-0.160062	-0.137504
-5.02225	3.18997	-0.0237355	1.12338	0.617038	0.248074	-0.324672	-0.0971925	-0.33895	-0.267573	0.285524	-0.290363	-0.0381297	0.19757	0.0607079	-0.273988	0.0163076
-4.74824	2.92104	-0.0689144	1.04492	0.598859	0.195121	-0.318072	-0.153171	-0.332323	-0.281114	0.155794	-0.301919	-0.114363	0.193997	0.0209461	-0.231517	-0.14811
-4.6791	3.01592	-0.0706979	1.05823	0.686756	0.0940128	-0.243799	-0.215846	-0.213989	-0.350828	0.339004	-0.486907	0.0397472	0.0387704	0.202149	-0.360099	-0.0101776
-4.63508	3.01411	-0.100325	0.981992	0.743428	-0.0534125	-0.351677	-0.227292	-0.285401	-0.232172	0.11728	-0.331196	-0.289528	0.339694	-0.00714459	-0.191141	-0.198906
-4.66473	3.09848	-0.229156	1.01736	0.553603	0.0158883	-0.668069	-0.151297	-0.400645	-0.230848	0.0387713	-0.424846	-0.267276	0.278903	0.0610873	-0.195778	-0.391278
-4.56025	3.1505	-0.122013	1.02665	0.82917	-0.139477	-0.429429	-0.161865	-0.285991	-0.132575	0.0904103	-0.378173	-0.093095	0.201314	0.300837	-0.340683	-0.192485
-4.55871	3.04971	-0.141421	0.867506	0.778257	-0.139344	-0.534499	-0.17514	-0.384793	-0.257346	0.0635536	-0.383437	-0.166682	0.155072	0.224127	-0.324337	-0.278532
-4.65946	3.08926	-0.329638	0.566357	0.900788	-0.379526	-0.528486	-0.350557	-0.475281	-0.380012	-0.002551	-0.476462	-0.204813	-0.0461989	0.271807	-0.396851	-0.40385
-4.593	3.23949	-0.36477	0.693504	0.960587	-0.303138	-0.348802	-0.363761	-0.305673	-0.368651	0.0650558	-0.244577	-0.282077	0.0941696	0.258209	-0.410513	-0.178464
-4.60795	3.24788	-0.529759	0.730805	0.878906	-0.325056	-0.328071	-0.416031	-0.355118	-0.367946	-0.0109832	-0.217001	-0.304822	0.0604877	0.178307	-0.259433	-0.309363
-4.44342	3.00625	-0.528053	0.81399	0.729795	-0.203617	-0.339875	-0.406912	-0.305555	-0.485143	0.0971824	-0.296136	-0.247804	0.0171202	0.164785	-0.162309	-0.344126
-4.19958	2.93625	-0.598972	0.954689	0.516035	-0.0243856	-0.219538	-0.316288	-0.339223	-0.29627	0.105452	-0.157697	-0.340687	-0.0473176	0.156317	-0.0761871	-0.121421
-2.76049	2.50956	-1.24513	0.573245	-0.259983	-0.0797487	-0.137329	-0.173468	0.089956	-0.0504116	0.00994114	-0.276618	-0.127895	-0.0341664	-0.0924293	-0.0210996	-0.161291
-2.47568	2.22088	-1.19151	0.38134	-0.340974	-0.129699	-0.143444	-0.214739	0.106426	-0.125959	0.0470218	-0.411135	-0.0456314	-0.00965289	-0.154934	-0.000985704	-0.149037
-2.49272	2.1592	-1.15787	0.261725	-0.291327	-0.236692	-0.139354	-0.218986	0.138908	-0.207322	0.0492688	-0.476671	-0.0958578	0.0549342	-0.272612	0.124418	-0.176001
-2.43723	2.0797	-1.10239	0.232471	-0.26771	-0.228154	-0.0899881	-0.168586	0.226623	-0.208251	0.12592	-0.502052	-0.0785149	0.0849779	-0.29562	0.153859	-0.113878
-2.45147	2.05912	-1.13633	0.178954	-0.2026	-0.248089	-0.0670465	-0.117093	0.211925	-0.159883	0.117949	-0.475982	-0.0947883	0.0830917	-0.324205	0.162099	-0.100654
-2.45638	1.93789	-1.26756	0.120178	-0.218715	-0.320611	-0.0789195	-0.163	0.179128	-0.181945	0.0214872	-0.438268	-0.182194	0.100498	-0.437195	0.212689	-0.224526
-2.43756	1.87839	-1.24848	0.132181	-0.104335	-0.346506	0.0245728	-0.148316	0.268688	-0.200249	0.0922567	-0.433171	-0.0863585	0.0619887	-0.402914	0.150485	-0.13654
-2.47981	1.83793	-1.22804	0.112368	-0.035337	-0.379222	0.0561496	-0.13704	0.306538	-0.214751	0.116501	-0.42926	-0.0351635	0.0400066	-0.419986	0.139493	-0.121679
-2.60842	1.86248	-1.20431	0.0866606	0.0264504	-0.43893	0.0406249	-0.119842	0.321908	-0.210846	0.135893	-0.43334	0.0131051	-0.0258089	-0.423852	0.0984596	-0.114622
-2.72475	1.93769	-1.21615	0.240089	0.00138913	-0.41043	0.00529245	-0.0442808	0.350438	-0.227465	0.202789	-0.389949	0.0769564	-0.119749	-0.369592	0.0934296	-0.0808045
-2.8422	1.88442	-1.18022	0.237689	-0.00140513	-0.576973	-0.0585081	-0.0518207	0.261347	-0.258144	0.137104	-0.262028	-0.0701265	-0.114126	-0.484811	0.151456	-0.209601
-2.97457	1.9431	-1.16892	0.311531	0.0941011	-0.73411	-0.063689	-0.0570323	0.256344	-0.336597	0.184085	-0.193337	-0.0863683	-0.171782	-0.442036	0.125259	-0.241321
-3.16034	1.97394	-1.09139	0.42237	0.0608744	-0.77563	-0.0898788	-0.125249	0.277472	-0.445601	0.226964	-0.22154	-0.0495964	-0.199057	-0.393062	0.0801692	-0.311045
-3.34249	1.99874	-0.74837	0.527403	0.202746	-0.668325	-0.0200767	-0.0486411	0.267503	-0.44466	0.321371	-0.0864402	-0.00297276	-0.0990255	-0.218399	-0.0106612	-0.192724
-3.78898	1.93003	-0.324226	0.566283	0.235385	-0.562272	-0.0985528	-0.0125866	0.0541164	-0.368153	0.322117	-0.156145	0.0190602	-0.107532	-0.0631424	-0.128479	-0.128914
-5.17431	2.20016	0.305962	0.925854	0.312459	-0.300283	-0.283935	-0.00662391	-0.00222473	-0.216695	0.290247	-0.268079	0.14024	-0.0381106	-0.0728174	-0.128948	0.0665037
-6.34883	2.01194	0.482467	0.595669	0.198004	-0.406814	-0.591188	-0.0460418	-0.238696	-0.261547	-0.127907	-0.177286	0.093125	-0.15034	-0.0881367	-0.0229636	0.0106272
-7.62922	2.67691	0.389123	1.16618	0.364859	-0.435704	-0.570947	0.0946146	-0.0200236	-0.219115	-0.262822	-0.0967957	-0.0056515	-0.0126499	0.0500915	-0.127307	0.0136622
-7.54922	2.01502	0.434389	0.764905	0.446152	-0.191995	-0.284607	0.0975327	-0.0366719	-0.144616	-0.0183385	-0.0672597	-0.036168	0.0555332	0.0626246	-0.0238543	0.104444
-7.96452	1.92626	0.56521	0.703354	0.44453	-0.0341738	-0.0424005	0.135967	-0.0147854	-0.0815499	0.0541479	0.00401444	-0.0518009	0.0906841	0.106901	0.0209207	0.11629
-8.38945	1.92547	0.576766	0.708607	0.458805	-0.0129667	-0.00916288	0.175727	0.0229013	-0.10153	0.0104691	-0.00554391	-0.143672	-0.0566759	0.0977818	0.0794259	0.0825981
-8.82255	1.89226	0.551305	0.778914	0.55395	-0.0016666	-0.000662417	0.221127	0.0136826	-0.139344	0.0248545	0.0297019	-0.0911501	-0.0464647	0.0949616	0.0760816	0.0828209
-8.61244	1.61296	0.0938934	0.836821	0.544902	0.234211	-0.0409986	0.204534	0.158699	0.0957461	-0.203806	-0.00116167	0.0910201	-0.0201572	-0.15261	0.0519642	0.114941
-7.67111	1.20781	-0.241299	0.555754	0.405439	0.238969	-0.0371415	0.222385	0.239911	0.220059	-0.103993	0.155769	0.26042	0.107817	-0.208982	-0.0255168	0.0970284
-6.3315	1.08413	-0.557256	0.00129259	0.248494	0.75887	0.110524	0.209433	0.0733025	0.170517	0.0531291	-0.154557	0.204327	0.235357	-0.13698	-0.103382	0.0178299
-5.34657	1.16116	-0.63611	-0.0325903	0.219475	0.63518	-0.0431027	0.250454	0.0230089	0.139462	0.179358	-0.196197	0.264813	0.217143	-0.047952	-0.114263	0.0835675
-4.94416	1.23205	-0.459056	-0.126856	0.268951	0.50759	-0.0432896	0.377283	0.131738	0.258103	0.180481	-0.0963862	0.312927	0.257225	-0.0336291	-0.0716164	0.0334879
-4.68251	0.896309	-0.229073	-0.277971	0.263901	0.560392	0.0340949	0.437647	-0.00805609	0.226158	0.155621	0.161989	0.4	0.159421	-0.0301169	-0.091483	0.0459686
-4.52602	0.34458	-0.0922161	-0.160476	0.21444	0.553552	0.0579763	0.31396	-0.164506	0.105588	0.247179	0.289136	0.327842	0.197776	-0.0621537	-0.0315333	0.12931
-4.56066	-0.0548315	-0.0109835	-0.0822167	0.265194	0.53055	-0.0337078	0.366397	0.00340783	0.0636097	0.133647	0.270242	0.215544	0.172427	-0.0236969	-0.0216917	0.143688
-4.88312	-0.568467	0.148807	0.0641923	0.335307	0.40855	-0.209604	0.421489	0.285512	0.222115	0.0894274	0.253118	0.152655	0.189929	0.0116687	-0.0690389	0.136205
-5.09	-0.754616	0.396958	0.274954	0.356725	0.322909	-0.321182	0.40007	0.254633	0.367328	-0.0112479	0.0794127	0.107233	0.183038	0.0290167	-0.134537	0.109902
-5.14147	-0.677933	0.587059	0.272111	0.400448	0.235738	-0.287988	0.371406	0.159686	0.309162	-0.163103	0.0698265	0.190675	0.259526	0.068012	-0.105734	0.0975358
-5.3078	-0.846645	0.680946	0.294429	0.326617	0.230243	-0.16169	0.37106	0.125106	0.302991	-0.00511917	0.117004	0.28212	0.297616	0.0552346	-0.130534	0.0750997
-5.45422	-0.986081	0.64731	0.331694	0.325886	0.27252	-0.0569568	0.522581	0.25049	0.133598	-0.0568507	0.256521	0.342037	0.242931	0.0495386	-0.0754668	0.0493643
-5.52321	-0.983395	0.722513	0.235301	0.314796	0.358849	-0.135898	0.509999	0.300643	0.256284	-0.24844	0.175193	0.383005	0.170913	0.0618719	-0.0215306	0.0652981
-5.48662	-0.888657	0.654462	0.0107966	0.191097	0.364627	-0.286986	0.232305	0.128061	0.251542	-0.307058	0.105536	0.416949	0.212957	0.12324	0.0845622	0.164007
-5.57089	-0.964718	0.506661	-0.142416	0.213253	0.264312	-0.462657	0.120831	0.0343865	0.293515	-0.206767	-0.0893771	0.38237	0.119327	0.0114437	0.159429	0.312308
-5.44674	-0.795834	0.454679	-0.0405111	0.173346	0.185435	-0.483198	0.184388	0.168254	0.272033	-0.0711815	0.0425583	0.233107	-0.0205661	-0.0618026	0.0582675	0.214931
-5.42124	-0.61875	0.424171	0.107	0.233738	0.143566	-0.487836	0.121417	0.0911025	0.133197	-0.20486	0.114791	0.192248	-0.146026	-0.199607	-0.180502	0.0455169
-5.14933	0.0476585	0.557152	0.212922	0.191972	0.124124	-0.394259	0.0444324	-0.0640653	-0.0571203	-0.389398	-0.107193	0.0993659	-0.222717	-0.243264	-0.127636	-0.11459
-5.57001	0.161688	0.761668	0.851381	0.919821	0.45858	-0.325649	0.256718	-0.0872464	0.2076	-0.0594658	-0.0820046	0.0761507	-0.110695	-0.359817	-0.0394621	0.211472
-4.80494	2.00573	0.679237	0.425324	0.177703	0.365876	-0.412096	0.312332	-0.0364717	0.161905	-0.0134173	0.186462	-0.118991	0.0597907	-0.110368	-0.191552	-0.124669
-4.39389	2.56229	0.322508	0.581918	0.125412	-0.0576281	-0.406566	0.0426637	-0.103476	-0.262495	0.104453	-0.0284774	0.0433424	0.104559	-0.0510198	-0.0567899	-0.141323
-4.17073	2.76051	0.125608	0.932016	0.328578	0.0352825	-0.227743	0.107571	0.121772	-0.098651	0.251673	0.0734359	0.440788	0.0626566	0.135096	-0.0618499	0.178325
-4.20985	2.86493	0.155684	1.24616	0.417892	0.00655376	-0.0529939	0.239891	0.126504	-0.121565	0.417959	0.101939	0.6376	-0.00241876	0.338037	-0.00781263	0.372039
-4.52283	2.85031	0.26295	1.43554	0.357094	0.0480116	0.012839	0.224512	-0.0237925	-0.201253	0.491072	0.0283843	0.639934	-0.0497497	0.498946	-0.0475179	0.402115
-5.35617	2.94114	0.666313	1.36064	0.596481	0.0210549	-0.033075	0.275853	-0.358999	-0.216825	0.55781	-0.200041	0.532254	0.163235	0.417065	0.130388	0.305484
-6.18457	2.71139	0.936444	1.52085	0.271014	-0.299351	-0.0138126	0.207955	-0.445328	-0.17149	0.273136	-0.154892	0.0420636	-0.219643	0.338233	-0.0530588	0.442105
-7.68891	2.6762	0.50943	1.37202	0.494022	-0.272865	-0.353494	-0.0162311	-0.756138	-0.499837	-0.147651	-0.394118	-0.135629	-0.534378	-0.247093	-0.480755	0.136234
-8.50793	2.5233	1.11675	1.25272	0.265334	-0.351903	-0.104126	0.0215425	-0.28188	-0.406041	-0.246694	-0.419772	0.127684	0.00988113	-0.294118	-0.0379469	0.181541
-7.46331	1.8859	0.709534	0.537408	0.307382	0.104018	-0.0162883	-0.0490338	-0.141649	-0.154615	-0.0647013	-0.0509314	-0.0677134	0.00145597	0.0543243	0.00275695	0.0231603
-9.00526	2.21481	0.966761	0.737899	0.368448	-0.00284376	-0.0588412	0.0893985	-0.103374	-0.053883	0.111667	0.0569476	0.0513774	0.105857	0.0960444	0.0633796	0.0769932
-9.44096	1.94693	1.21471	0.962241	0.569395	-0.0228471	-0.206738	0.0529471	-0.0275046	-0.019784	0.00755264	-0.024052	0.0456073	0.00302302	0.0665269	0.034769	0.0573342
-9.55421	1.9172	1.09762	0.877369	0.588085	0.173822	0.0541343	0.0913007	-0.0752851	-0.0879741	0.0172832	0.0399375	0.0244809	0.00823052	0.0593459	-0.0202224	0.0230184
-9.53532	1.90717	0.980325	0.71698	0.489595	0.20352	0.114162	0.043132	0.034105	0.0111485	0.043652	0.0495645	0.00597252	0.0520695	0.0684844	0.0429557	-0.0231385
-9.69819	1.7947	0.850914	0.79241	0.613372	0.107867	0.0576252	0.0752727	0.019596	-0.00043802	0.136304	0.0856063	-0.081674	0.0318168	0.0997976	0.0126534	-0.0207558
-7.67715	0.915787	-0.46856	1.0876	-0.0501496	0.253231	0.190793	0.283645	-0.218644	0.140904	0.0354729	0.0454146	0.153736	-0.0388988	0.179969	-0.0612872	0.227231
-6.43363	0.616053	-0.606388	0.901528	-0.246737	0.0628529	-0.00381293	0.164252	-0.296622	0.0714873	0.108709	0.0547773	0.26786	0.0525481	0.1835	0.0158231	0.252361
-5.67303	0.749653	-0.548391	0.801608	-0.255826	-0.104252	-0.158546	0.133355	-0.123073	0.250144	0.244358	-0.0144673	0.257587	0.0721845	0.113044	-0.0231029	0.0706912
-5.09223	1.11971	-0.372229	0.615878	-0.354391	-0.253638	-0.112133	0.267321	-0.197048	0.141421	0.156994	-0.183772	0.271151	0.0635517	0.00676752	-0.071699	0.047495
-4.90972	1.20001	-0.145355	0.572781	-0.525206	-0.192685	-0.017165	0.26284	-0.213235	0.12692	0.17713	-0.0519796	0.301094	0.00902375	0.00563991	0.0259333	0.0604634
-5.06658	0.857676	0.0355539	0.523446	-0.484107	-0.15435	-0.00661123	0.29877	-0.161932	0.0819601	0.21638	0.165908	0.333613	-0.0850173	0.0526844	0.117617	0.153458
-5.41204	0.514518	0.0628389	0.463941	-0.309221	0.057592	-0.152253	0.0659084	-0.124917	0.297959	0.30832	0.127966	0.254369	-0.0712072	0.0594693	0.0894745	0.197788
-5.5757	0.491086	0.0760338	0.700584	-0.377682	-0.0725413	-0.16391	0.162996	-0.124303	0.223303	0.353484	-0.0531343	0.102578	-0.0520433	-0.0342642	-0.0539499	-0.00824795
-5.54401	0.947901	0.281249	0.984092	-0.441662	-0.151964	-0.046073	0.192987	-0.244602	0.0730403	0.258061	-0.0437282	0.133013	-0.0936444	-0.0314753	-0.137261	-0.0784604
-5.95477	1.27658	0.257282	0.966772	-0.319501	-0.248492	-0.25904	-0.188671	-0.228715	-0.0159001	0.0123725	-0.120094	0.154465	-0.391636	-0.0856636	-0.122265	-0.305112
-5.13902	2.43784	0.624679	1.35138	-0.376561	-0.216729	-0.131086	0.364525	0.0123322	-0.206138	0.189103	-0.0559783	0.132447	-0.099842	0.16487	-0.167724	0.0380721
-4.70616	2.65147	-0.251805	0.679334	-0.268619	0.0789236	-0.39573	-0.0462432	-0.065664	-0.481352	-0.136481	-0.343784	-0.0588404	-0.605828	0.0771882	-0.22535	-0.223192
-4.01077	2.4987	-0.255859	1.10713	-0.301075	-0.221505	-0.217431	-0.0578495	-0.318074	-0.0867247	-0.116544	0.135158	-0.0046007	-0.0465343	-0.0512288	-0.0467274	-0.19573
-3.98066	2.70061	-0.377408	1.27258	-0.329446	-0.0143898	-0.387192	0.0647596	-0.114414	-0.362427	0.0771973	-0.187266	0.220525	-0.295457	0.245495	-0.0521484	-0.0179559
-4.01148	2.63071	-0.48193	1.21471	-0.45302	-0.0734822	-0.380144	-0.041601	-0.131858	-0.429433	-0.00625032	-0.347555	0.155667	-0.555781	0.239945	-0.136956	0.0361707
-3.95254	2.52904	-0.486512	1.27469	-0.458459	0.0611142	-0.360335	0.00946305	-0.0919221	-0.439949	-0.0152291	-0.374578	0.214471	-0.630147	0.313191	-0.17161	0.191602
-4.08901	2.45236	-0.554794	1.23101	-0.474519	0.118022	-0.423142	0.0111949	-0.17169	-0.43625	-0.17648	-0.378624	0.0435817	-0.632477	0.127628	-0.110004	0.131623
-4.37841	2.42588	-0.478685	1.16795	-0.372942	0.0222153	-0.490522	-0.0690991	-0.365389	-0.456999	-0.322411	-0.282615	-0.0270067	-0.508275	-0.0954802	-0.0582569	-0.125996
-4.84502	3.02022	0.0575255	1.30001	0.115474	0.162211	-0.248292	-0.0698596	-0.128807	-0.353701	-0.0646363	-0.212646	0.470182	-0.116856	0.0699181	0.066565	0.203494
-5.17022	3.13647	0.386589	1.18502	0.420635	0.191253	-0.469895	0.132248	-0.388187	-0.528504	0.074683	-0.269757	0.677068	-0.145222	0.230833	-0.0682729	0.106635
-5.3592	3.27963	0.439622	0.896447	0.522638	-0.135255	-0.701113	0.14253	-0.496845	-0.602506	0.242261	-0.449835	0.602436	-0.226413	-0.0388659	-0.272824	0.0804088
-5.28163	3.14107	0.350337	0.888054	0.536846	-0.254451	-0.754328	0.0923233	-0.75023	-0.477777	0.228131	-0.321003	0.567668	-0.504423	-0.235959	-0.131559	-0.041673
-5.44947	3.21366	0.37687	0.87195	0.681223	-0.165132	-0.810007	0.0659235	-0.779942	-0.618429	0.331823	-0.279308	0.663882	-0.63914	-0.272276	-0.264331	0.115181
-5.62624	3.32606	0.668537	0.648233	0.722254	-0.192458	-0.605901	0.0874822	-0.733773	-0.491688	0.112849	-0.294247	0.761699	-0.750111	-0.257544	-0.0878544	0.115189
-5.85638	3.29789	0.639021	0.626531	0.542992	-0.189626	-0.631541	0.0355729	-0.721345	-0.654297	0.0337395	-0.458479	0.519665	-0.696334	-0.475763	-0.0917005	-0.0654094
-6.06745	2.93449	0.856897	0.685919	0.481901	-0.166687	-0.596614	0.0797124	-0.785444	-0.889241	0.0456703	-0.451746	0.150472	-0.640173	-0.545647	-0.257462	-0.0546692
-6.11085	2.86778	1.09007	1.07034	0.152421	-0.307008	-0.733263	0.293168	-0.604808	-0.836173	0.144009	-0.696832	0.282605	-0.575062	-0.443799	-0.220501	-0.142513
-6.21541	2.8418	1.08492	1.39644	0.044579	-0.274836	-0.658083	0.162275	-0.668813	-0.7834	0.0103625	-0.238878	0.387031	-0.709669	-0.620037	0.0753134	-0.317588
-5.92174	2.68218	1.14456	1.54556	0.115007	0.135428	-0.253687	-0.350733	-0.446038	-0.144342	0.125868	-0.274889	0.247836	-0.213979	-0.136385	-0.207014	0.0617325
-5.18173	2.02679	0.318324	1.55723	0.00388084	0.546782	-0.00168458	0.391298	-0.0750626	-0.469971	-0.264812	-0.473855	0.0807318	-0.178937	-0.013034	0.268259	-0.139358
-4.941	1.90076	0.504693	1.72048	-0.336797	0.66092	0.0382684	0.206183	0.332475	-0.134593	-0.0744208	-0.327432	0.349922	-0.00981261	-0.233147	0.233732	0.23816
-4.76244	1.42325	0.0617153	1.52106	-0.302012	0.31687	0.0748882	0.424982	0.0932318	-0.517496	-0.0731646	-0.336647	0.123304	-0.289339	0.0822295	-0.124953	-0.257165
-4.85542	1.42361	-0.0354498	1.53627	-0.622149	0.363298	0.3824	0.379052	0.023927	-0.462544	0.0142213	-0.355544	0.11204	-0.534271	0.100144	-0.167144	-0.245951
-4.80861	1.50206	-0.198062	1.66917	-0.562507	0.559584	0.203495	0.308011	0.234199	-0.0793527	-0.0513657	-0.224319	-0.0886365	-0.0906787	-0.0638531	-0.0384189	-0.152845
-4.7826	1.4044	0.193092	1.6525	-0.177263	0.678831	0.310858	0.459577	0.314204	-0.0855503	-0.0361239	-0.0538746	-0.0136886	-0.131331	0.36714	0.389547	-0.158042
-5.07829	1.17939	0.154716	1.27569	-0.372611	0.495813	0.0242333	0.489634	-0.13877	-0.504585	-0.242348	-0.206819	-0.00332778	-0.456291	-0.43615	-0.22298	-0.177133
-4.87382	1.49249	0.0538396	1.2707	-0.455544	0.313048	0.278406	0.310972	0.142718	-0.361172	-0.0987604	-0.548742	-0.0815655	-0.295507	-0.00378268	0.00533076	-0.359579
-4.94163	1.40487	-0.0605356	1.45111	-0.122082	0.855861	0.838243	0.406657	0.0614922	-0.0959052	0.0709981	-0.431403	0.0415273	0.189336	-0.0572347	0.000977175	-0.115171
-5.06612	1.1584	-0.0993989	1.37906	-0.440164	0.376995	0.143619	0.0839548	-0.0959412	-0.416298	-0.264792	-0.546925	-0.0510654	-0.46496	-0.45691	-0.473158	-0.274593
-4.88235	1.47062	0.0153355	1.3428	-0.533366	0.345481	0.242588	0.237564	-0.568834	-0.452243	-0.178054	-0.457805	-0.125192	-0.565626	0.14182	-0.306946	-0.388307
-4.76248	1.81761	0.0805058	1.27248	-0.459268	0.365069	0.1474	-0.138069	-0.188275	-0.52865	-0.288497	-0.30846	-0.126145	-0.364848	0.0057228	-0.0596923	-0.320967
-4.75169	2.11984	0.125807	1.63183	-0.208419	-0.0723808	0.339078	0.435277	-0.397095	-0.270716	-0.271434	-0.280894	0.113735	-0.109609	-0.141896	-0.165945	0.172282
-4.70854	1.95716	0.350158	1.47119	-0.743449	0.0457195	0.222216	0.170446	-0.35885	-0.363604	-0.164188	-0.453256	-0.231107	-0.356579	0.117632	-0.0688	-0.282231
-4.64242	2.45028	0.0830244	0.903147	-0.394865	0.215666	0.0435729	0.181463	-0.378203	-0.326111	-0.176136	-0.402372	-0.209529	-0.482163	-0.133021	-0.184917	0.110794
-4.28226	2.30961	-0.359713	0.928428	-0.455379	-0.226603	0.00922486	-0.204306	-0.1832	-0.423855	-0.304778	-0.580673	-0.345904	-0.482485	-0.201445	-0.18493	-0.255566
-4.39039	2.62864	-0.350211	0.598294	-0.553494	0.0173803	-0.243823	0.0262129	-0.440002	-0.244607	-0.374825	-0.696412	-0.0935804	-0.726053	-0.11378	-0.244004	-0.266787
-4.21744	2.76898	-0.610001	0.550974	-0.280621	0.0532328	-0.272519	0.166824	-0.239886	-0.335578	-0.359007	-0.308595	-0.365758	-0.598634	-0.0421043	-0.271066	-0.0150752
-4.24284	2.77993	-0.557306	0.401637	-0.383744	-0.00813027	-0.390229	0.116455	-0.342445	-0.341802	-0.322803	-0.475829	-0.287303	-0.580639	-0.0893852	-0.330677	-0.156263
-4.09532	2.94357	-0.671939	0.366114	-0.165811	-0.081545	-0.591523	0.331245	-0.323611	-0.402384	-0.119989	-0.510819	-0.106514	-0.5645	-0.0420913	-0.245779	-0.0642435
-3.97252	2.82074	-0.785397	0.36028	-0.137815	-0.336903	-0.523844	0.143611	-0.34812	-0.3474	-0.370688	-0.290894	-0.250974	-0.586643	-0.0296617	-0.28016	-0.186374
-4.06735	3.00308	-0.955249	0.205907	-0.161204	-0.293751	-0.858956	0.109585	-0.292282	-0.603706	-0.244694	-0.412622	-0.24006	-0.632478	-0.0826686	-0.298622	-0.352126
-3.83519	2.99961	-1.14737	0.429296	-0.134304	-0.369831	-0.745639	0.134552	-0.338766	-0.394259	-0.281956	-0.379306	-0.0321813	-0.722335	0.0686636	-0.360706	-0.194933
-3.86619	3.129	-1.29545	0.404731	-0.085109	-0.405167	-0.874247	0.224976	-0.413923	-0.412515	-0.201528	-0.465081	0.0112464	-0.703032	-0.0355746	-0.282092	-0.254439
-3.95098	3.1639	-1.35045	0.202722	-0.00937211	-0.56601	-0.931055	0.141061	-0.506815	-0.345136	-0.405489	-0.410322	-0.0578054	-0.77702	-0.0905939	-0.26676	-0.444638
-3.82353	3.22361	-1.38377	0.445114	-0.0320794	-0.460821	-0.778875	0.177769	-0.428266	-0.164686	-0.401491	-0.276602	0.0483832	-0.717069	0.0493726	-0.309699	-0.205301
-3.87415	3.15764	-1.39832	0.132518	0.126463	-0.667323	-0.845549	0.0352704	-0.425716	-0.306272	-0.406081	-0.384424	-0.0766872	-0.634985	-0.217554	-0.168601	-0.49417
-3.85363	3.18857	-1.45338	0.183021	0.11551	-0.607614	-0.865097	0.0751119	-0.484685	-0.139747	-0.579946	-0.206361	-0.117329	-0.645236	-0.11559	-0.295394	-0.406715
-3.76189	3.14868	-1.2344	0.106001	0.30238	-0.548235	-0.773548	0.0910626	-0.281613	-0.199315	-0.357925	-0.228055	0.00561054	-0.535955	-0.0924748	-0.227071	-0.246275
-3.8835	3.27889	-1.3935	0.210283	0.11968	-0.421162	-0.868244	0.0170248	-0.26326	-0.184177	-0.416924	-0.272668	0.0783182	-0.639658	-0.0518706	-0.256573	-0.331731
-3.99571	3.43104	-1.34072	0.144512	0.285837	-0.529711	-0.740238	-0.0159683	-0.235138	-0.0868229	-0.415405	-0.267524	0.193865	-0.683046	0.0452145	-0.314919	-0.255673
-4.11693	3.57703	-1.5482	0.126405	0.23228	-0.546306	-0.812211	-0.0739973	-0.255179	-0.148148	-0.382029	-0.381724	0.195474	-0.733127	0.025437	-0.332502	-0.397333
-4.00773	3.51752	-1.3814	0.24344	0.194873	-0.281286	-0.92063	0.183789	-0.338207	0.1222	-0.410869	-0.189285	0.197452	-0.50827	-0.0473295	-0.184603	-0.265639
-4.01973	3.5898	-1.41119	0.310846	0.170555	-0.229189	-0.876644	0.170394	-0.243637	0.0998131	-0.263787	-0.277998	0.314225	-0.513308	-0.00340631	-0.159427	-0.252419
-3.98814	3.4485	-1.4325	0.295948	0.0907526	-0.280265	-0.876018	0.107956	-0.230263	0.0434838	-0.291606	-0.272184	0.228323	-0.535086	-0.0114403	-0.235938	-0.335458
-3.91671	3.38463	-1.33138	0.266869	0.122965	-0.208781	-0.833237	0.146191	-0.197707	0.0704222	-0.162502	-0.342578	0.324264	-0.55199	0.0874503	-0.262761	-0.246005
-3.83155	3.10513	-1.26256	0.145845	0.100427	-0.307789	-0.784193	-0.0100801	-0.163519	-0.0545161	-0.221466	-0.287565	0.132991	-0.478237	-0.0496369	-0.27915	-0.37827
-3.93665	3.29478	-1.29431	0.26881	-0.0246222	-0.111967	-0.802869	0.00392019	-0.0596914	-0.0909182	-0.0953765	-0.346423	0.23958	-0.542381	0.0854823	-0.306678	-0.295823
-3.88342	3.14253	-1.12666	0.194773	-0.0632947	-0.0795326	-0.746119	-0.0174874	-0.110641	0.00316472	-0.145772	-0.328365	0.206662	-0.495761	0.0466688	-0.255154	-0.320366
-3.87621	3.06645	-1.04405	0.111641	-0.0247167	-0.154524	-0.598251	-0.151269	-0.08494	0.00338534	-0.123361	-0.358437	0.213394	-0.533015	0.0998396	-0.323478	-0.305675
-3.90804	3.0378	-0.940065	0.10341	-0.122271	-0.142273	-0.430889	-0.281981	-0.0282004	-0.0621274	0.000798757	-0.441496	0.175608	-0.418712	0.0552792	-0.326287	-0.290246
-3.95366	2.96876	-0.967033	0.0706896	-0.247277	-0.10235	-0.464083	-0.326537	-0.15458	-0.0789213	-0.00239838	-0.462118	-0.0138356	-0.334517	-0.0290922	-0.330134	-0.435451
-3.93044	2.82894	-0.617717	-0.0779143	-0.172445	-0.030508	-0.392156	-0.25001	-0.236766	0.0549299	-0.113745	-0.0925109	-0.314227	-0.0750044	-0.124258	-0.174498	-0.388939
-4.04533	2.92334	-0.572318	0.0467622	-0.247402	0.0426694	-0.383738	-0.071574	-0.400536	0.0979023	0.0138575	-0.19055	-0.0868596	-0.235614	-0.0126688	-0.123128	-0.334244
-4.21904	3.24175	-0.58993	0.25825	-0.248846	0.063213	0.020502	-0.174744	-0.282118	0.00140972	0.307859	-0.24276	0.119489	-0.160161	-0.0290883	0.00666196	-0.0769278
-4.42392	3.22722	-0.506184	0.213328	-0.388409	0.0539723	0.0192455	-0.101241	-0.652117	0.219553	-0.0101834	-0.133525	0.161127	-0.29122	-0.136663	0.11215	-0.280326
-4.57569	3.08898	-0.0687172	0.269305	-0.479108	0.0592659	0.263201	-0.233342	-0.559348	0.205587	0.00632617	-0.0223263	0.188179	-0.308323	0.0073392	0.0339525	-0.119366
-4.65711	3.13787	-0.097271	0.309641	-0.471331	0.0861304	0.215914	-0.174718	-0.572723	0.224685	-0.244239	0.183242	0.187275	-0.230432	0.074666	-0.102649	-0.0529135
-5.35294	3.45785	0.230886	0.224973	-0.412446	0.135578	0.129262	-0.125959	-0.510345	0.28365	-0.189251	0.136206	0.0618751	-0.218549	0.0387127	0.0731994	-0.0981163
-5.06974	3.10404	0.248025	0.439887	-0.617933	0.267432	0.180139	-0.00849097	-0.514496	0.0959752	-0.265958	0.198177	0.289899	-0.135158	0.0760911	-0.0777649	0.0228507
-5.94565	3.13047	0.741901	0.511358	-0.82423	0.211083	0.28671	-0.103534	-0.411368	-0.0638001	-0.168855	0.200499	0.55214	-0.492534	-0.146925	-0.200463	0.161977
-5.56427	2.96496	0.36527	0.233788	-0.630262	0.17876	0.186649	-0.146248	-0.531456	0.0573289	-0.290157	0.103283	0.261657	-0.262195	-0.0201225	-0.159125	-0.068246
-5.83332	3.08843	0.391248	0.262498	-0.559415	0.199408	0.225633	-0.0826283	-0.475935	0.123122	-0.286395	0.164779	0.309546	-0.18947	-0.00111702	-0.115759	-0.184609
-5.90469	3.10981	0.479494	0.0582962	-0.385838	0.114172	0.299145	-0.128517	-0.478544	0.0978628	-0.207411	0.150145	0.327273	-0.287064	-0.0376508	-0.0368039	-0.217036
-5.90041	2.9708	0.497741	-0.0493578	-0.341658	0.0923991	0.29008	-0.14942	-0.478076	0.0619548	-0.120466	0.161351	0.282152	-0.296845	-0.0730103	-0.0421552	-0.210666
-5.88884	2.81943	0.447411	-0.0129166	-0.409353	0.155668	0.27489	-0.236862	-0.51513	0.0509692	-0.0516105	0.134211	0.258971	-0.269843	-0.0789265	-0.0981221	-0.220533
-5.81976	2.84575	0.405267	-0.235165	-0.424549	0.23278	0.394654	-0.381831	-0.32822	0.147574	-0.0142339	0.0996978	0.18206	-0.379987	-0.0683797	0.0272413	-0.113815
-5.60295	2.80264	0.000701355	-0.245117	-0.18551	0.106625	0.374165	-0.29219	-0.170129	0.170702	0.0292035	0.0643163	0.0711072	-0.370064	-0.0254913	0.00699921	-0.181339
-5.39944	2.70577	-0.205744	-0.304805	-0.199681	-0.103006	0.429234	-0.376811	-0.205131	0.162667	-0.0430016	-0.039231	0.000797347	-0.45488	-0.0436025	-0.134599	-0.101597
-5.44538	2.792	-0.191587	-0.0503597	-0.265366	0.143907	0.336019	-0.269413	-0.159285	0.204084	0.0996874	-0.115766	0.0766841	-0.451461	0.0437251	-0.118874	-0.0908827
-5.40538	2.56925	-0.103361	0.107429	-0.259372	0.133594	0.36662	-0.292858	-0.101641	0.255635	0.072321	-0.239046	0.069987	-0.391813	0.0501787	-0.0792426	-0.104847
-5.54354	2.71014	-0.00765849	0.01854	-0.2375	0.13908	0.385737	-0.259891	-0.134383	0.300466	0.0895931	-0.310061	0.0968231	-0.356128	0.0224601	-0.0542853	-0.0927759
-5.60289	2.86582	-0.143876	-0.0148592	-0.162446	0.19984	0.242724	-0.19737	-0.039123	0.279179	0.0144591	-0.282481	0.00821794	-0.201436	-0.0446492	-0.0724211	-0.241849
-5.71639	2.86527	-0.0955821	-0.0836759	-0.121341	0.313939	0.149013	-0.208574	0.117317	0.290481	-0.00809035	-0.370305	0.066177	-0.177937	-0.0251528	-0.193109	-0.0659001
-5.54921	2.5215	-0.236328	0.216092	-0.0824155	0.188387	0.0607709	-0.237754	0.344872	0.25291	-0.05041	-0.260206	0.0428616	-0.293868	0.161813	-0.3166	-0.0817545
-5.57146	2.6259	-0.211003	0.250344	-0.0816008	0.0580758	0.0664457	-0.348496	0.321528	0.224554	-0.0699027	-0.217458	0.0906891	-0.349774	0.223593	-0.334383	-0.0968194
-5.7432	2.55883	0.190182	0.409823	-0.208452	-0.0781481	0.0506562	-0.182483	0.150168	0.125743	0.076911	-0.410367	0.171932	-0.244163	0.0372779	-0.252482	-0.291221
-5.82428	2.54977	0.223345	0.414997	-0.226378	0.0317534	0.0117339	-0.100568	0.0543566	0.144919	0.132664	-0.409355	0.0260911	-0.233499	-0.00896238	-0.178761	-0.233706
-6.01338	2.25978	0.358436	0.730154	-0.181325	0.0817126	-0.102517	-0.0911897	0.266966	0.124895	0.0104398	-0.286215	0.0999601	-0.287907	-0.241359	-0.296812	-0.00905147
-5.99216	2.26376	0.35997	0.668024	-0.284564	0.271994	-0.14441	-0.217019	0.342952	0.0691971	0.14596	-0.283066	0.132073	-0.441441	-0.0785797	-0.111109	-0.0231673
-5.95533	2.22188	0.274177	0.658138	-0.224487	0.266959	-0.116658	-0.194689	0.227024	0.162406	0.000365139	-0.288874	0.257145	-0.291305	-0.256617	-0.192985	-0.0216458
-5.92991	1.91942	0.225525	0.794074	-0.0090084	0.359976	-0.279273	-0.316384	0.311492	0.0640013	0.0727739	-0.175247	0.420678	-0.171038	-0.418619	-0.290066	0.0482824
-5.97842	2.22072	0.427745	1.0425	-0.0902479	0.273625	-0.237246	0.0220965	0.429925	-0.242634	0.0914643	-0.0801805	0.136915	-0.138948	-0.188274	-0.400603	0.0898617
-5.88788	2.18011	0.397032	1.20009	-0.0109213	-0.00919825	-0.0605199	-0.195542	0.33789	0.163785	-0.0373374	-0.204077	0.0562166	-0.0579798	-0.0689015	-0.297985	-0.0759084
-6.03562	2.20669	0.266224	0.998591	-0.0928179	0.10976	-0.0536207	-0.151127	0.0993791	-0.0168979	-0.272179	-0.168967	0.287914	-0.0663834	-0.427169	-0.433279	-0.299137
-6.1962	2.15133	0.715676	1.17105	-0.375035	-0.0582916	0.0500029	-0.292294	-0.0156348	0.245005	0.0462577	-0.178307	0.192612	-0.164214	-0.275837	-0.350481	-0.326761
-6.19205	2.21881	0.260977	1.05976	-0.254277	-0.0227343	-0.323188	0.104552	0.282746	-0.00904766	-0.232503	-0.128206	0.342406	-0.30002	-0.258578	-0.341883	-0.516664
-6.17499	2.51244	0.40715	1.38151	-0.0783149	0.352643	0.201856	0.238828	0.721383	0.262681	0.374626	0.00713467	0.533962	0.00621242	0.166084	0.183415	0.404031
-6.25437	1.9333	0.360154	1.26969	-0.121509	0.392864	-0.290369	0.175564	0.353608	0.211093	-0.0429909	0.0273682	0.253344	0.173548	-0.238836	-0.00951858	0.0927863
-6.09766	0.887215	0.350421	0.759916	0.208644	0.29558	-0.442369	-0.106892	0.360649	0.250496	-0.15728	-0.0363833	0.0538197	0.0739585	-0.150666	-0.261651	-0.0891465
-6.02732	0.49455	0.321484	0.44308	0.108579	0.414237	-0.483111	-0.0241546	0.401753	0.00791027	-0.225657	-0.0709525	0.128901	0.0251116	-0.128025	-0.178476	-0.0557649
-6.0679	0.0617785	0.327218	0.362862	-0.0189697	0.298444	-0.467768	0.130396	0.271354	0.000449119	-0.0713159	0.0273795	0.302358	0.127975	-0.0859	-0.049223	0.100589
-6.28885	-0.372737	0.398976	0.266648	-0.0799292	0.259141	-0.342784	0.325252	0.309342	-0.0283116	-0.101493	0.0340762	0.227897	0.201193	-0.0330088	-0.0136364	0.257884
-6.31349	-0.593468	0.512018	0.143635	-0.0951373	0.298517	-0.288314	0.35615	0.325555	0.102259	-0.0696992	-0.0417412	0.140136	0.00127413	0.00425822	0.0554124	0.233425
-6.32096	-0.711297	0.507078	0.0869192	-0.169821	0.167255	-0.384069	0.368353	0.224928	0.127894	-0.0185123	0.0487781	0.289795	0.0227804	0.0848659	-0.0251359	0.237076
-6.27913	-0.895601	0.44622	0.165495	-0.137149	0.225179	-0.325627	0.238077	0.168238	0.122896	-0.0611233	0.158621	0.463466	0.0219436	0.0102956	-0.0382381	0.107786
-6.16985	-0.880075	0.515812	0.274952	0.0105676	0.395915	-0.24393	0.26554	0.26823	0.165745	-0.0511075	0.152066	0.414988	-0.0565072	-0.0988592	-0.0637691	-0.0329845
-6.21292	-0.776067	0.628505	0.199412	0.0637015	0.361921	-0.26011	0.1487	0.326359	0.258556	-0.0412925	0.0518243	0.381785	0.0670869	-0.128468	0.111663	0.0402718
-6.32558	-0.788866	0.749217	0.169304	0.0250516	0.338685	-0.182894	0.24012	0.222275	0.210503	-0.0535662	0.084541	0.318347	0.105946	0.0606411	0.184426	0.0890106
-6.5343	-0.967286	0.688691	0.125169	0.091792	0.408422	-0.235176	0.333295	0.31722	0.228947	-0.0319371	0.0370349	0.213083	0.0889724	0.142859	0.0937904	0.157181
-6.63039	-0.982943	0.74414	-0.0163579	0.106444	0.486993	-0.23708	0.349377	0.255779	0.319693	0.110693	0.0299244	0.333881	0.106513	0.137162	-0.00356582	0.0920787
-6.70023	-0.976591	0.821774	0.0324477	0.270212	0.586502	-0.102312	0.366002	0.249426	0.252708	0.0379603	0.099511	0.338877	0.121852	0.0500747	-0.0719234	0.0311152
-6.69195	-0.848167	0.849665	-0.0122012	0.162469	0.485552	0.0155465	0.399673	0.294005	0.253042	-0.00881707	0.286316	0.318477	0.168485	-0.0208694	0.0812981	0.0805202
-6.80642	-0.840148	0.818788	-0.0459809	-0.0483963	0.383368	0.0625406	0.430187	0.165631	0.322925	0.0436685	0.356928	0.307861	0.174018	0.0620722	0.115481	0.11847
-6.95579	-0.909348	0.713896	0.0182737	0.0148917	0.437201	-0.0124052	0.313096	0.161082	0.361112	0.0565176	0.150851	0.260932	0.329186	0.252582	0.0335743	0.0927975
-7.00461	-0.955599	0.610633	-0.0176067	0.157933	0.636967	0.0178205	0.331816	0.0962126	0.358587	0.100615	0.149591	0.334787	0.276266	0.133379	0.0361977	0.227375
-7.04196	-0.932882	0.647729	0.00834612	0.149691	0.686335	0.0109624	0.241658	0.13125	0.276	0.012449	0.246904	0.40985	0.19906	-0.0132541	0.0835326	0.37477
-7.07597	-0.907556	0.774195	-0.0695847	0.25898	0.840452	0.0431337	0.325971	0.205835	0.224947	0.00368714	0.268681	0.324116	0.128067	0.0525653	-0.0591465	0.326372
-7.12665	-0.842174	0.896925	-0.0571422	0.0666368	0.809104	-0.0021744	0.402715	0.0954859	0.153574	0.101341	0.220955	0.37029	0.275811	0.0881819	-0.0389017	0.201129
-7.16475	-0.879553	0.744564	-0.0540943	0.02929	0.655048	-0.117991	0.353558	0.114382	0.226001	0.153322	0.177801	0.392528	0.253927	0.0680562	0.0818669	0.231541
-7.14387	-0.959279	0.811098	0.0518576	-0.026062	0.575686	-0.183557	0.284207	0.168397	0.36843	0.1498	0.210735	0.278263	0.234833	0.174089	0.102084	0.216794
-7.07037	-0.916763	0.767755	0.118342	-0.032747	0.656248	-0.10752	0.394671	0.113131	0.326433	0.0943818	0.157066	0.388807	0.267618	0.0818133	0.0152815	0.112677
-7.05375	-0.752026	0.722309	0.0273331	-0.181704	0.674534	-0.0102253	0.422738	0.232517	0.171528	0.0634405	0.151505	0.370261	0.237405	0.0163053	-0.0170976	0.102678
-7.20004	-0.600125	0.607374	0.0898199	-0.242897	0.631245	0.025511	0.224757	0.215222	0.130794	0.0728971	0.17064	0.279881	0.223674	0.0292987	-0.0162924	0.0649449
-7.34952	-0.496058	0.364725	0.0788461	-0.172849	0.570867	0.0243748	0.319331	0.330096	0.104346	0.207083	0.208513	0.355339	0.269035	0.0800552	0.0109202	0.0557248
-7.52946	-0.208717	0.51924	0.353461	0.061031	0.58449	-0.0962725	0.242484	0.184873	0.135363	0.0886219	0.11691	0.454829	0.24879	0.0808243	-0.0280365	-0.013476
-7.81193	0.0484494	0.490866	0.467065	0.0320056	0.643847	-0.0533308	0.178368	0.211495	0.304408	0.102095	0.0886591	0.523886	0.181732	-0.0809567	0.0495645	-0.0449998
-8.3018	0.266451	0.380704	0.470142	-0.0135756	0.691217	0.00512011	0.301506	0.256324	0.365793	0.185443	0.108622	0.432671	0.248354	-0.032395	0.0589333	-0.0612633
-8.90764	0.603924	0.350291	0.488369	0.166141	0.659707	-0.0283426	0.354141	0.287006	0.226948	0.19125	0.126076	0.373354	0.20194	-0.0475446	0.123622	0.121642
-9.55039	0.943847	0.451797	0.410361	0.304853	0.580639	-0.112832	0.306423	0.372587	0.214887	0.149532	-0.0529095	0.344995	0.230146	0.0823596	0.151284	0.17193
-9.98222	1.23577	0.524002	0.442973	0.362961	0.403393	0.124854	0.179201	0.282218	0.179832	0.164089	0.0524397	0.196194	0.180413	0.0633572	0.0618435	0.124688
-9.99857	1.35179	0.640471	0.47032	0.370339	0.329847	0.270024	0.202452	0.2103	0.166443	0.229688	0.139335	0.143834	0.196313	0.149	0.0936098	0.118748
-10.1418	1.26722	0.630107	0.448264	0.402719	0.338196	0.270411	0.308948	0.263641	0.244463	0.26553	0.134544	0.133436	0.199828	0.171621	0.124314	0.142857
-10.1364	1.24184	0.603409	0.416369	0.388097	0.317222	0.244843	0.316355	0.288033	0.304914	0.240548	0.134926	0.115076	0.218325	0.133066	0.123655	0.112194
-9.88955	1.35661	0.526827	0.402313	0.338193	0.276263	0.237021	0.232872	0.20658	0.203389	0.184266	0.181441	0.15234	0.208705	0.131811	0.138522	0.111297
-9.84411	1.37101	0.550555	0.466045	0.335935	0.311118	0.263088	0.217018	0.218421	0.217625	0.200568	0.193967	0.150897	0.173098	0.17987	0.160076	0.127552
-9.935	1.37126	0.55102	0.453884	0.368239	0.312137	0.274521	0.257847	0.245303	0.237593	0.211512	0.230702	0.198014	0.198902	0.182753	0.155544	0.16335
-9.57516	1.4041	0.523639	0.435441	0.355068	0.293568	0.266493	0.262316	0.241205	0.233523	0.2056	0.212277	0.215354	0.208176	0.168723	0.154267	0.163008
-9.63384	1.44455	0.552813	0.420188	0.371964	0.316981	0.287331	0.276495	0.234846	0.244825	0.216672	0.230441	0.191824	0.205353	0.188358	0.195083	0.18795
-9.88899	1.39753	0.628452	0.46171	0.411123	0.354655	0.314197	0.303397	0.264932	0.283149	0.240213	0.264998	0.197221	0.226915	0.230795	0.172714	0.179058
-9.51709	1.41237	0.545824	0.4718	0.380492	0.320554	0.249417	0.25668	0.284789	0.271034	0.233852	0.18915	0.179795	0.214474	0.215554	0.151136	0.150086
-9.83498	1.4095	0.576626	0.482776	0.440233	0.385003	0.298577	0.291366	0.290755	0.301048	0.272512	0.202651	0.211492	0.205397	0.174099	0.175918	0.164369
-9.83808	1.41735	0.573773	0.478347	0.37808	0.316855	0.295932	0.310703	0.265332	0.240399	0.258585	0.23546	0.214418	0.222597	0.191892	0.203624	0.168874
-9.5618	1.41358	0.531204	0.457504	0.362505	0.334222	0.29025	0.271989	0.239349	0.210833	0.1856	0.194662	0.164811	0.205414	0.207862	0.168481	0.140437
-10.1006	1.23729	0.588178	0.482561	0.468987	0.414875	0.34247	0.343074	0.330946	0.266493	0.233457	0.264825	0.276644	0.247603	0.128935	0.165232	0.130311
-9.86281	1.34886	0.592086	0.460166	0.415579	0.365167	0.276745	0.323477	0.301261	0.239927	0.211885	0.224552	0.230396	0.239033	0.165855	0.219846	0.165262
-9.79067	1.3229	0.569459	0.455964	0.4073	0.3419	0.242338	0.242019	0.218115	0.240148	0.229537	0.260049	0.218764	0.196259	0.179632	0.168161	0.175371
-10.2293	1.1847	0.661694	0.486605	0.475099	0.429384	0.28794	0.34609	0.291001	0.254594	0.216331	0.283395	0.212952	0.245424	0.271417	0.160618	0.11841
-9.79516	1.39495	0.57866	0.453458	0.372902	0.363456	0.296522	0.278644	0.237067	0.262795	0.211764	0.243851	0.206353	0.190497	0.20519	0.165938	0.131722
-9.79354	1.38252	0.556542	0.435324	0.365605	0.366487	0.267919	0.232278	0.244059	0.269107	0.215889	0.218179	0.174816	0.188454	0.213525	0.143685	0.113944
-9.94958	1.36531	0.616161	0.449074	0.399688	0.376574	0.258988	0.251367	0.25077	0.256582	0.219907	0.214479	0.211983	0.167819	0.182742	0.161456	0.167945
-9.79203	1.35836	0.518757	0.38676	0.304337	0.277848	0.22958	0.239616	0.202549	0.210937	0.192784	0.162743	0.185522	0.158585	0.173476	0.161722	0.165742
-9.91624	1.33537	0.516381	0.356629	0.309571	0.283425	0.242973	0.239685	0.193783	0.206943	0.170719	0.160027	0.194071	0.189373	0.137772	0.114716	0.120637
-10.0969	1.25106	0.552477	0.346988	0.326547	0.28736	0.236799	0.234763	0.19912	0.196195	0.189257	0.168004	0.169383	0.191526	0.136165	0.16199	0.143871
-9.94302	1.26426	0.503689	0.358333	0.335873	0.288595	0.231389	0.228443	0.230287	0.215533	0.178537	0.15792	0.168973	0.173079	0.103999	0.154401	0.12342
-9.90012	1.28924	0.507719	0.401337	0.34349	0.277132	0.234328	0.229674	0.205507	0.171799	0.13773	0.132041	0.156153	0.196573	0.134747	0.1396	0.105487
-10.0161	1.33073	0.567197	0.439588	0.35549	0.300443	0.28674	0.235459	0.251886	0.241414	0.182829	0.149073	0.179399	0.172769	0.137595	0.152064	0.122871
-9.84503	1.35711	0.568512	0.433551	0.340299	0.295474	0.279543	0.253582	0.217607	0.236555	0.197313	0.181174	0.210073	0.165139	0.156176	0.155408	0.145379
-9.82567	1.36322	0.57637	0.420379	0.357311	0.306105	0.280626	0.24836	0.223602	0.24539	0.203645	0.199616	0.207768	0.169971	0.193082	0.179315	0.173649
-8.34733	1.44765	0.468345	0.390997	0.303118	0.231039	0.217981	0.173677	0.16507	0.145236	0.137555	0.116769	0.110626	0.100291	0.10701	0.0890665	0.0830582
-7.91649	1.41466	0.441877	0.358782	0.276829	0.198081	0.189834	0.141729	0.134989	0.114345	0.107656	0.0861983	0.0810578	0.0699418	0.0781409	0.0597029	0.0545195
