0
0
0
0
0
0
0
0
0
0
0
0
0
0
0
0
0
0
0
0
0
0
0
0
0
0
0
0
0
0
0
0
0
0
0
0
3968.41
3968.41
4585.35
3968.41
3968.41
4703.12
4703.12
3563.13
3610.94
3610.94
3610.94
4282.98
4456.81
4656.25
4684.61
4847.6
6162.24
6234.38
6234.38
6244.39
6244.39
5656.85
4955.21
3999.1
3999.1
3750
3999.1
4390.62
4390.62
3729.59
4390.62
3729.59
3729.59
4514.09
4670.2
6025.42
6025.42
6025.42
6025.42
6025.42
4163.41
4109.38
2109.71
2109.71
2109.71
2458.32
2482.45
2482.45
2492.07
2482.45
2205.21
1560.54
1185.78
1030.11
0
0
0
0
0
0
0
0
0
0
0
0
0
0
0
0
0
0
0
0
0
0
0
0
0
0
0
0
0
0
0
0
0
0
0
1220.89
2209.31
3315.35
3315.35
4301.56
5069.32
5069.32
5069.32
5069.32
4341.76
4341.76
4743.27
4743.27
5784.49
5818.4
5818.4
5784.49
5784.49
4749.12
4749.12
5287.99
7016.43
6878.33
7016.43
7016.43
7273.04
6878.33
7422.13
3029.98
2908.71
2356.83
1518.22
1352.83
1352.83
1326.69
1326.69
1117.52
1109.38
0
0
0
0
0
0
0
0
0
1082.46
1146.37
4359.38
4359.38
5728.51
5728.51
5728.51
5593.75
6533.23
5593.75
2500
2500
2937.5
2937.5
6444.8
6953.12
7254.39
7254.39
6444.8
7453.11
7453.11
7544.85
7705.45
7705.45
7593.75
7593.75
7593.75
7593.75
7652.01
7808.6
7890.23
7890.23
7890.23
7312.5
7312.5
7042.69
7042.69
6729.37
3016.29
2334.42
2171.3
1406.25
1406.25
1406.25
1052.25
0
0
0
0
0
0
0
0
0
0
0
0
0
0
0
0
0
0
0
0
0
0
0
1046.88
1299.69
2156.25
2602.01
2727.66
3527.2
7402
7402
7402
6937.5
6548.55
6303.01
6077.2
6077.2
6067.91
6067.91
5678.71
6016.62
6067.91
6122.19
6122.19
7789.21
7789.21
7789.21
7491.66
7491.66
7491.66
6383.13
7173.19
7173.19
6862.48
6383.13
1147.42
0
0
0
0
0
0
0
0
0
0
0
0
0
0
0
0
0
0
0
0
0
0
0
0
0
0
0
0
0
0
0
0
0
0
0
0
0
0
0
0
0
0
0
0
0
0
0
0
0
0
0
0
0
0
0
0
0
0
0
0
0
0
0
