5.124600000000000364e+03
5.124600000000000364e+03
5.124600000000000364e+03
5.124600000000000364e+03
5.124600000000000364e+03
5.124600000000000364e+03
5.124600000000000364e+03
5.124600000000000364e+03
5.124600000000000364e+03
5.124600000000000364e+03
5.124600000000000364e+03
5.124600000000000364e+03
5.124600000000000364e+03
5.124600000000000364e+03
5.124600000000000364e+03
5.124600000000000364e+03
5.124600000000000364e+03
5.124600000000000364e+03
5.124600000000000364e+03
5.124600000000000364e+03
5.124600000000000364e+03
5.124600000000000364e+03
5.124600000000000364e+03
5.124600000000000364e+03
5.124600000000000364e+03
5.124600000000000364e+03
5.124600000000000364e+03
5.124600000000000364e+03
5.124600000000000364e+03
5.124600000000000364e+03
5.124600000000000364e+03
5.124600000000000364e+03
5.829680000000000291e+03
7.836550000000000182e+03
7.836550000000000182e+03
7.542500000000000000e+03
7.561319999999999709e+03
7.542500000000000000e+03
7.490890000000000327e+03
7.465840000000000146e+03
7.465840000000000146e+03
7.465840000000000146e+03
7.779979999999999563e+03
7.779979999999999563e+03
7.779979999999999563e+03
5.811380000000000109e+03
5.811380000000000109e+03
5.656250000000000000e+03
5.811380000000000109e+03
5.354810000000000400e+03
1.976589999999999918e+03
1.663329999999999927e+03
1.338569999999999936e+03
1.214650000000000091e+03
1.091599999999999909e+03
1.095710624999999936e+03
1.099821249999999964e+03
1.103931874999999991e+03
1.108042500000000018e+03
1.112153124999999818e+03
1.116263749999999845e+03
1.120374374999999873e+03
1.124484999999999900e+03
1.128595624999999927e+03
1.132706249999999955e+03
1.136816874999999982e+03
1.140927499999999782e+03
1.145038124999999809e+03
1.149148749999999836e+03
1.153259374999999864e+03
1.157369999999999891e+03
3.015000000000000000e+03
3.859380000000000109e+03
4.137710000000000036e+03
5.961760000000000218e+03
5.961760000000000218e+03
5.993250000000000000e+03
5.993250000000000000e+03
6.322470000000000255e+03
7.373609999999999673e+03
7.809750000000000000e+03
7.373609999999999673e+03
7.332430000000000291e+03
7.809750000000000000e+03
7.332430000000000291e+03
6.661729999999999563e+03
5.595270000000000437e+03
4.995079999999999927e+03
4.943619999999999891e+03
4.995079999999999927e+03
4.995079999999999927e+03
5.019729999999999563e+03
6.221729999999999563e+03
7.520800000000000182e+03
7.520800000000000182e+03
7.520800000000000182e+03
7.520800000000000182e+03
7.482699999999999818e+03
7.394829999999999927e+03
7.394829999999999927e+03
7.394829999999999927e+03
7.223840000000000146e+03
7.223840000000000146e+03
7.223840000000000146e+03
7.578119999999999891e+03
7.578119999999999891e+03
7.661779999999999745e+03
7.677680000000000291e+03
7.677680000000000291e+03
7.677680000000000291e+03
7.677680000000000291e+03
7.599539999999999964e+03
7.575069999999999709e+03
7.389979999999999563e+03
7.389979999999999563e+03
7.389979999999999563e+03
7.389979999999999563e+03
7.389979999999999563e+03
6.035520000000000437e+03
5.642170000000000073e+03
5.642170000000000073e+03
5.642170000000000073e+03
2.032759999999999991e+03
2.032759999999999991e+03
1.186579999999999927e+03
1.136029999999999973e+03
1.186579999999999927e+03
1.186579999999999927e+03
1.136029999999999973e+03
1.115448333333333267e+03
1.094866666666666561e+03
1.074284999999999854e+03
1.053703333333333376e+03
1.033121666666666670e+03
1.012539999999999964e+03
1.148700000000000045e+03
1.497470000000000027e+03
1.681970000000000027e+03
1.843750000000000000e+03
1.843750000000000000e+03
1.843750000000000000e+03
1.843750000000000000e+03
2.075099999999999909e+03
6.352750000000000000e+03
7.515850000000000364e+03
7.515850000000000364e+03
7.515850000000000364e+03
1.240150000000000091e+03
1.168789999999999964e+03
1.168789999999999964e+03
1.175359999999999900e+03
1.175359999999999900e+03
1.145950000000000045e+03
1.175359999999999900e+03
1.208500000000000000e+03
1.156890000000000100e+03
1.171789999999999964e+03
1.460940000000000055e+03
1.171789999999999964e+03
1.156890000000000100e+03
1.171789999999999964e+03
1.460940000000000055e+03
2.734380000000000109e+03
2.734380000000000109e+03
2.734380000000000109e+03
1.265619999999999891e+03
1.254960000000000036e+03
1.144660000000000082e+03
1.254960000000000036e+03
1.144660000000000082e+03
1.084049999999999955e+03
1.084049999999999955e+03
1.084049999999999955e+03
1.084049999999999955e+03
1.084049999999999955e+03
1.084049999999999955e+03
1.084049999999999955e+03
1.084049999999999955e+03
1.084049999999999955e+03
1.084049999999999955e+03
1.084049999999999955e+03
1.084049999999999955e+03
1.084049999999999955e+03
1.084049999999999955e+03
1.084049999999999955e+03
1.084049999999999955e+03
1.084049999999999955e+03
1.084049999999999955e+03
1.084049999999999955e+03
1.084049999999999955e+03
1.084049999999999955e+03
1.084049999999999955e+03
1.084049999999999955e+03
1.084049999999999955e+03
1.084049999999999955e+03
1.084049999999999955e+03
1.084049999999999955e+03
1.084049999999999955e+03
1.084049999999999955e+03
1.084049999999999955e+03
1.084049999999999955e+03
1.084049999999999955e+03
1.084049999999999955e+03
1.084049999999999955e+03
1.084049999999999955e+03
1.084049999999999955e+03
1.084049999999999955e+03
1.084049999999999955e+03
1.084049999999999955e+03
1.084049999999999955e+03
1.084049999999999955e+03
1.084049999999999955e+03
1.084049999999999955e+03
1.084049999999999955e+03
1.084049999999999955e+03
1.084049999999999955e+03
1.084049999999999955e+03
1.084049999999999955e+03
1.084049999999999955e+03
1.084049999999999955e+03
1.084049999999999955e+03
1.084049999999999955e+03
1.084049999999999955e+03
1.084049999999999955e+03
1.084049999999999955e+03
1.084049999999999955e+03
1.084049999999999955e+03
1.084049999999999955e+03
1.084049999999999955e+03
1.084049999999999955e+03
1.084049999999999955e+03
1.084049999999999955e+03
1.084049999999999955e+03
1.084049999999999955e+03
1.084049999999999955e+03
1.084049999999999955e+03
1.084049999999999955e+03
1.084049999999999955e+03
1.084049999999999955e+03
1.084049999999999955e+03
1.084049999999999955e+03
1.084049999999999955e+03
