-1e+10
-1e+10
-1e+10
-1e+10
-1e+10
-1e+10
-1e+10
-1e+10
-1e+10
-1e+10
-1e+10
-1e+10
-1e+10
-1e+10
-1e+10
-1e+10
-1e+10
-1e+10
-1e+10
-1e+10
-1e+10
-1e+10
-1e+10
-1e+10
-1e+10
-1e+10
-1e+10
-1e+10
-1e+10
-1e+10
-1e+10
-1e+10
-1e+10
-1e+10
-1e+10
-1e+10
-1e+10
-1e+10
-1e+10
-1e+10
-1e+10
-1e+10
-1e+10
-1e+10
-1e+10
-1e+10
-1e+10
-1e+10
-1e+10
-1e+10
-1e+10
5.68161
5.6527
5.63701
5.57785
5.56581
5.5608
5.56075
5.56421
5.5701
5.57817
5.5883
5.59848
5.60661
5.61215
5.61578
5.62012
-1e+10
-1e+10
-1e+10
-1e+10
-1e+10
-1e+10
-1e+10
-1e+10
-1e+10
-1e+10
5.71231
5.72376
5.72808
5.72721
5.72135
5.71048
5.69661
5.68174
5.66626
5.64894
5.62759
5.60158
5.574
5.55201
5.5393
5.52871
5.5205
5.52105
5.527
-1e+10
-1e+10
-1e+10
-1e+10
-1e+10
-1e+10
-1e+10
-1e+10
-1e+10
-1e+10
-1e+10
-1e+10
-1e+10
-1e+10
-1e+10
-1e+10
-1e+10
-1e+10
-1e+10
-1e+10
-1e+10
-1e+10
-1e+10
-1e+10
-1e+10
-1e+10
-1e+10
-1e+10
-1e+10
5.82369
5.84237
5.84106
5.83588
5.82989
5.82315
5.81574
5.80902
5.8039
5.8005
5.79851
5.79779
5.79813
5.79907
5.79998
5.80024
5.79928
5.79643
5.79123
5.78375
5.77482
5.76647
5.76056
5.76059
5.76911
5.78073
5.78582
5.77956
5.76131
5.73898
5.71845
5.69238
-1e+10
-1e+10
-1e+10
-1e+10
-1e+10
-1e+10
-1e+10
-1e+10
5.28813
5.29184
5.28903
5.28646
5.28626
5.28916
5.29423
5.30096
5.30854
5.31708
5.32899
5.34668
5.36951
5.39129
5.40449
5.40954
5.40932
5.40648
-1e+10
-1e+10
-1e+10
-1e+10
-1e+10
-1e+10
-1e+10
-1e+10
-1e+10
-1e+10
-1e+10
-1e+10
-1e+10
-1e+10
-1e+10
-1e+10
-1e+10
-1e+10
-1e+10
-1e+10
-1e+10
-1e+10
-1e+10
-1e+10
-1e+10
-1e+10
-1e+10
-1e+10
-1e+10
-1e+10
-1e+10
-1e+10
-1e+10
-1e+10
-1e+10
-1e+10
-1e+10
-1e+10
-1e+10
-1e+10
-1e+10
-1e+10
-1e+10
5.48963
5.49258
5.49637
5.5011
5.50825
5.51981
5.53359
5.5456
5.55622
5.56708
5.5778
5.58759
5.59526
5.60124
5.60554
5.60823
5.6095
5.60987
5.60967
5.60829
5.60347
5.59168
5.56812
5.52641
5.48595
5.46711
5.45565
5.44501
5.43727
5.4405
5.46714
5.50277
5.53011
5.55154
5.56881
5.58312
5.5951
5.60501
5.61303
5.61903
5.62342
5.6269
5.63023
5.63386
5.6375
5.6405
5.64276
5.64458
5.64587
5.64613
5.64483
5.64159
5.63641
5.62996
5.62333
5.61681
5.60923
5.60105
5.59261
5.58453
5.57547
5.56513
5.55391
5.54364
5.53491
5.52719
5.52048
5.5139
5.50694
5.49991
5.4927
5.48588
5.47908
5.47298
5.46729
5.46196
5.45692
5.45262
5.44969
5.44781
5.44626
5.44455
5.44272
5.44112
5.44012
5.43995
5.44042
5.44089
5.44092
5.44069
5.44056
5.44047
5.43987
5.43811
5.43492
5.43016
5.42217
5.40614
5.37409
5.34795
5.34265
5.35075
5.37274
5.38157
5.37923
5.3729
5.36392
5.35247
5.33929
5.32545
5.30978
5.29207
5.27609
5.26199
5.24905
5.23729
5.22516
5.21199
5.20189
5.19682
5.19433
5.19211
5.18924
5.18478
5.1782
5.16645
5.14082
5.16713
-1e+10
-1e+10
-1e+10
-1e+10
-1e+10
-1e+10
-1e+10
-1e+10
-1e+10
-1e+10
-1e+10
-1e+10
5.30092
5.2928
5.2872
5.28
5.27067
5.25968
5.25141
5.24931
5.25234
5.25578
5.25712
5.25758
5.25861
5.26022
5.26184
5.26346
5.26473
5.26488
5.26356
5.26106
5.2576
5.25298
5.24695
5.23882
5.22872
5.21633
5.20166
5.18858
5.17885
5.16764
-1e+10
-1e+10
-1e+10
4.3328
4.33699
4.34171
4.34708
4.35109
4.35595
4.3692
4.37493
4.33147
4.33413
4.16391
4.16095
4.16033
4.16281
4.17918
4.18221
4.1834
4.23562
4.23496
4.23316
4.26939
4.26918
-1e+10
-1e+10
-1e+10
-1e+10
-1e+10
-1e+10
-1e+10
-1e+10
-1e+10
-1e+10
-1e+10
-1e+10
-1e+10
-1e+10
-1e+10
-1e+10
-1e+10
-1e+10
-1e+10
-1e+10
-1e+10
-1e+10
-1e+10
-1e+10
-1e+10
-1e+10
-1e+10
-1e+10
-1e+10
-1e+10
-1e+10
-1e+10
-1e+10
-1e+10
-1e+10
-1e+10
-1e+10
-1e+10
-1e+10
-1e+10
-1e+10
-1e+10
-1e+10
-1e+10
-1e+10
-1e+10
-1e+10
-1e+10
-1e+10
-1e+10
-1e+10
-1e+10
-1e+10
-1e+10
-1e+10
-1e+10
-1e+10
-1e+10
-1e+10
-1e+10
-1e+10
-1e+10
-1e+10
-1e+10
-1e+10
-1e+10
-1e+10
-1e+10
-1e+10
-1e+10
-1e+10
-1e+10
-1e+10
-1e+10
-1e+10
-1e+10
