1.058839999999999918e+03
1.058839999999999918e+03
1.058839999999999918e+03
1.058839999999999918e+03
1.058839999999999918e+03
1.058839999999999918e+03
1.058839999999999918e+03
1.058839999999999918e+03
1.058839999999999918e+03
1.058839999999999918e+03
1.058839999999999918e+03
1.058839999999999918e+03
1.058839999999999918e+03
1.058839999999999918e+03
1.058839999999999918e+03
1.058839999999999918e+03
1.058839999999999918e+03
1.058839999999999918e+03
1.058839999999999918e+03
1.058839999999999918e+03
1.058839999999999918e+03
1.058839999999999918e+03
1.058839999999999918e+03
1.058839999999999918e+03
1.058839999999999918e+03
1.058839999999999918e+03
1.058839999999999918e+03
1.058839999999999918e+03
1.972440000000000055e+03
3.613070000000000164e+03
3.613070000000000164e+03
4.044539999999999964e+03
4.044539999999999964e+03
4.720109999999999673e+03
4.071179999999999836e+03
4.720109999999999673e+03
4.720109999999999673e+03
4.071179999999999836e+03
4.071179999999999836e+03
3.578159999999999854e+03
3.360230000000000018e+03
3.296880000000000109e+03
1.211109999999999900e+03
1.211109999999999900e+03
1.211109999999999900e+03
1.785420000000000073e+03
1.811609999999999900e+03
2.072559999999999945e+03
2.072559999999999945e+03
1.972339999999999918e+03
1.894950000000000045e+03
1.894950000000000045e+03
1.894950000000000045e+03
1.972339999999999918e+03
1.726789999999999964e+03
2.033440000000000055e+03
2.106719999999999800e+03
2.687500000000000000e+03
4.094289999999999964e+03
4.094289999999999964e+03
4.094289999999999964e+03
4.082150000000000091e+03
3.452750000000000000e+03
3.452750000000000000e+03
3.452750000000000000e+03
3.725380000000000109e+03
4.065929999999999836e+03
4.319130000000000109e+03
4.319130000000000109e+03
7.011810000000000400e+03
7.011810000000000400e+03
6.586710000000000036e+03
4.425300000000000182e+03
4.425300000000000182e+03
3.000000000000000000e+03
1.624660000000000082e+03
1.624660000000000082e+03
2.334849999999999909e+03
2.359380000000000109e+03
2.334849999999999909e+03
2.359380000000000109e+03
2.646449999999999818e+03
2.873989999999999782e+03
2.646449999999999818e+03
2.646449999999999818e+03
2.640619999999999891e+03
2.141940000000000055e+03
2.141940000000000055e+03
2.437500000000000000e+03
2.437500000000000000e+03
2.437500000000000000e+03
2.598099999999999909e+03
3.584510000000000218e+03
4.405829999999999927e+03
4.405829999999999927e+03
4.671130000000000109e+03
4.671130000000000109e+03
4.671130000000000109e+03
1.317009999999999991e+03
1.187500000000000000e+03
1.177099999999999909e+03
1.199634000000000015e+03
1.222167999999999893e+03
1.244701999999999998e+03
1.267235999999999876e+03
1.289769999999999982e+03
1.312303999999999860e+03
1.334837999999999965e+03
1.357371999999999844e+03
1.379905999999999949e+03
1.402440000000000055e+03
1.424973999999999933e+03
1.447507999999999811e+03
1.470041999999999916e+03
1.492576000000000022e+03
1.515109999999999900e+03
1.537644000000000005e+03
1.560177999999999884e+03
1.582711999999999989e+03
1.605246000000000095e+03
1.627779999999999973e+03
1.627779999999999973e+03
2.939449999999999818e+03
2.361539999999999964e+03
2.939449999999999818e+03
3.819289999999999964e+03
4.093750000000000000e+03
4.093750000000000000e+03
4.347880000000000109e+03
4.382649999999999636e+03
6.265619999999999891e+03
7.174039999999999964e+03
7.174039999999999964e+03
7.366729999999999563e+03
7.366729999999999563e+03
7.142060000000000400e+03
7.142060000000000400e+03
7.762920000000000073e+03
7.142060000000000400e+03
5.312500000000000000e+03
7.082210000000000036e+03
7.082210000000000036e+03
5.312500000000000000e+03
5.203989999999999782e+03
4.648579999999999927e+03
3.763210000000000036e+03
3.718179999999999836e+03
3.718179999999999836e+03
3.718179999999999836e+03
3.718179999999999836e+03
5.618489999999999782e+03
7.514420000000000073e+03
7.598739999999999782e+03
7.514420000000000073e+03
7.514420000000000073e+03
4.675510000000000218e+03
4.021320000000000164e+03
4.021320000000000164e+03
3.395260000000000218e+03
2.535869999999999891e+03
2.287639999999999873e+03
1.558630000000000109e+03
1.262880000000000109e+03
1.234380000000000109e+03
1.076589999999999918e+03
1.078708499999999958e+03
1.080826999999999998e+03
1.082945500000000038e+03
1.085063999999999851e+03
1.087182499999999891e+03
1.089300999999999931e+03
1.091419499999999971e+03
1.093538000000000011e+03
1.095656500000000051e+03
1.097775000000000091e+03
1.099893499999999904e+03
1.102011999999999944e+03
1.104130499999999984e+03
1.106249000000000024e+03
1.108367500000000064e+03
1.110486000000000104e+03
1.112604499999999916e+03
1.114722999999999956e+03
1.116841499999999996e+03
1.118960000000000036e+03
1.319109999999999900e+03
1.707359999999999900e+03
1.707359999999999900e+03
1.406690000000000055e+03
1.406690000000000055e+03
1.406690000000000055e+03
1.406690000000000055e+03
1.517009999999999991e+03
2.218469999999999800e+03
2.499210000000000036e+03
2.616389999999999873e+03
3.102380000000000109e+03
3.956030000000000200e+03
3.956030000000000200e+03
4.927319999999999709e+03
4.171880000000000109e+03
4.171880000000000109e+03
4.171880000000000109e+03
6.531250000000000000e+03
5.118140000000000327e+03
5.975970000000000255e+03
5.975970000000000255e+03
5.118140000000000327e+03
2.591269999999999982e+03
2.474440000000000055e+03
1.185849999999999909e+03
1.182460487804877857e+03
1.179070975609756033e+03
1.175681463414633981e+03
1.172291951219512157e+03
1.168902439024390105e+03
1.165512926829268281e+03
1.162123414634146229e+03
1.158733902439024405e+03
1.155344390243902353e+03
1.151954878048780529e+03
1.148565365853658477e+03
1.145175853658536653e+03
1.141786341463414601e+03
1.138396829268292549e+03
1.135007317073170725e+03
1.131617804878048673e+03
1.128228292682926849e+03
1.124838780487804797e+03
1.121449268292682973e+03
1.118059756097560921e+03
1.114670243902439097e+03
1.111280731707317045e+03
1.107891219512195221e+03
1.104501707317073169e+03
1.101112195121951345e+03
1.097722682926829293e+03
1.094333170731707469e+03
1.090943658536585417e+03
1.087554146341463365e+03
1.084164634146341541e+03
1.080775121951219489e+03
1.077385609756097665e+03
1.073996097560975613e+03
1.070606585365853789e+03
1.067217073170731737e+03
1.063827560975609913e+03
1.060438048780487861e+03
1.057048536585366037e+03
1.053659024390243985e+03
1.050269512195121933e+03
1.046880000000000109e+03
1.089089999999999918e+03
1.577849999999999909e+03
2.042170000000000073e+03
2.099619999999999891e+03
2.109380000000000109e+03
2.218530000000000200e+03
2.218530000000000200e+03
2.659219999999999800e+03
2.312500000000000000e+03
2.312500000000000000e+03
2.659219999999999800e+03
3.017840000000000146e+03
3.542929999999999836e+03
4.681220000000000255e+03
4.681220000000000255e+03
4.681220000000000255e+03
1.796880000000000109e+03
1.796880000000000109e+03
1.632160000000000082e+03
1.796880000000000109e+03
1.796880000000000109e+03
1.632160000000000082e+03
1.207339999999999918e+03
1.207339999999999918e+03
1.207339999999999918e+03
1.207339999999999918e+03
1.207339999999999918e+03
1.183106249999999818e+03
1.158872499999999945e+03
1.134638750000000073e+03
1.110404999999999973e+03
1.086171249999999873e+03
1.061937500000000000e+03
1.037703750000000127e+03
1.013470000000000027e+03
1.994210000000000036e+03
2.373369999999999891e+03
2.373369999999999891e+03
2.560139999999999873e+03
2.560139999999999873e+03
3.343750000000000000e+03
3.343750000000000000e+03
3.343750000000000000e+03
2.906920000000000073e+03
2.874590000000000146e+03
2.535110000000000127e+03
2.535110000000000127e+03
2.312500000000000000e+03
2.312500000000000000e+03
2.312500000000000000e+03
3.213969999999999800e+03
3.625000000000000000e+03
3.627039999999999964e+03
4.453109999999999673e+03
4.838720000000000255e+03
4.838720000000000255e+03
4.838720000000000255e+03
4.453109999999999673e+03
4.113890000000000327e+03
4.113890000000000327e+03
4.890619999999999891e+03
3.713510000000000218e+03
3.713510000000000218e+03
2.274000000000000000e+03
2.131530000000000200e+03
1.361589999999999918e+03
1.136690000000000055e+03
1.136690000000000055e+03
1.139177692307692269e+03
1.141665384615384710e+03
1.144153076923076924e+03
1.146640769230769365e+03
1.149128461538461579e+03
1.151616153846153793e+03
1.154103846153846234e+03
1.156591538461538448e+03
1.159079230769230890e+03
1.161566923076923104e+03
1.164054615384615545e+03
1.166542307692307759e+03
1.169029999999999973e+03
1.171517692307692414e+03
1.174005384615384628e+03
1.176493076923077069e+03
1.178980769230769283e+03
1.181468461538461497e+03
1.183956153846153939e+03
1.186443846153846152e+03
1.188931538461538594e+03
1.191419230769230808e+03
1.193906923076923022e+03
1.196394615384615463e+03
1.198882307692307677e+03
1.201370000000000118e+03
1.203857692307692332e+03
1.206345384615384773e+03
1.208833076923076987e+03
1.211320769230769201e+03
1.213808461538461643e+03
1.216296153846153857e+03
1.218783846153846298e+03
1.221271538461538512e+03
1.223759230769230726e+03
1.226246923076923167e+03
1.228734615384615381e+03
1.231222307692307822e+03
1.233710000000000036e+03
2.437500000000000000e+03
5.081470000000000255e+03
5.081470000000000255e+03
5.131989999999999782e+03
6.639119999999999891e+03
5.131989999999999782e+03
4.224869999999999891e+03
4.224869999999999891e+03
3.205210000000000036e+03
3.205210000000000036e+03
3.205210000000000036e+03
3.109809999999999945e+03
3.109809999999999945e+03
5.669970000000000255e+03
2.556849999999999909e+03
1.643640000000000100e+03
1.643640000000000100e+03
1.825559999999999945e+03
1.203119999999999891e+03
1.070309999999999945e+03
1.825559999999999945e+03
1.594789999999999964e+03
1.148440000000000055e+03
1.156250000000000000e+03
1.167640000000000100e+03
1.167640000000000100e+03
1.156250000000000000e+03
1.156250000000000000e+03
1.167640000000000100e+03
1.142480000000000018e+03
1.142480000000000018e+03
1.142480000000000018e+03
1.109799999999999955e+03
1.109799999999999955e+03
1.109799999999999955e+03
1.109799999999999955e+03
1.109799999999999955e+03
1.109799999999999955e+03
1.109799999999999955e+03
1.109799999999999955e+03
1.109799999999999955e+03
1.109799999999999955e+03
1.109799999999999955e+03
1.109799999999999955e+03
1.109799999999999955e+03
1.109799999999999955e+03
1.109799999999999955e+03
1.109799999999999955e+03
1.109799999999999955e+03
1.109799999999999955e+03
1.109799999999999955e+03
1.109799999999999955e+03
1.109799999999999955e+03
1.109799999999999955e+03
1.109799999999999955e+03
1.109799999999999955e+03
1.109799999999999955e+03
1.109799999999999955e+03
1.109799999999999955e+03
1.109799999999999955e+03
1.109799999999999955e+03
1.109799999999999955e+03
1.109799999999999955e+03
1.109799999999999955e+03
