0
0
0
0
0
0
0
0
0
0
0
0
0
0
0
0
0
0
0
0
0
0
0
0
0
0
0
0
0
0
0
0
0
0
0
0
0
0
0
0
0
0
0
0
0
0
0
0
0
0
0
0
0
0
0
0
0
0
0
0
0
0
0
0
0
0
0
0
0
1071.36
1131.8
1131.8
1131.8
1131.8
1437.5
1990.68
2939.67
3137.38
3137.38
3137.38
2802.99
1606.79
1606.79
1606.79
1606.79
1606.79
1675.6
1675.6
1258.68
2968.75
2968.75
2968.75
3365.69
3596.88
4718.75
7046.88
7046.88
3596.88
7046.88
7547.89
6691.32
6691.32
7547.89
7547.89
7742.89
7742.89
7742.89
7742.89
7742.89
7707.17
7755.14
7838.97
7838.97
7713.48
7721.76
7717.27
7717.27
7721.76
7872.78
7872.78
7872.78
7830.85
7830.85
7606.88
7561.67
7541.68
7606.88
7606.88
7700.38
7707.52
7707.52
7703.75
7703.12
7703.12
7701.43
7703.12
7703.12
7832.78
7832.78
7852.67
7885.02
7885.02
7890.37
7890.37
7857.04
7815.99
7758.67
7506.83
7506.83
7506.83
6433.8
6125
6125
4866.8
3967.12
3615.1
3967.12
3615.1
1621.86
1621.86
1878.89
1744.88
1878.89
1878.89
1878.89
2004.45
2004.45
1036.34
0
0
0
0
0
0
0
0
0
0
0
0
0
0
0
0
0
0
0
0
0
0
0
0
0
0
0
0
0
0
0
0
0
0
0
0
0
0
0
0
0
0
0
0
0
0
0
0
0
0
0
0
0
0
0
0
0
0
1212.36
1314.89
4393.21
5672.16
5735.03
7671.09
7872.77
7872.77
7872.77
7598.71
6982.57
6982.57
6465.48
6234.38
4636.8
3319.96
2220.5
1514.08
1435.04
1435.04
1275.12
1082.76
0
0
0
0
0
0
0
0
0
0
0
0
0
0
0
0
0
0
0
1269.39
6135.2
7474.68
7660.25
7554.8
7586.05
7660.25
7660.25
7686.45
7686.45
7686.45
7686.45
7539.41
7063.64
7063.64
6247.06
6247.06
6247.06
6781.25
7214.06
7214.06
7214.06
7556.51
7611.04
7643.01
7643.01
7611.04
7611.04
6759.81
6731.58
6502.9
6502.9
3770.06
3019.4
2696.2
2696.2
2696.2
3108.5
3108.5
3108.5
3108.5
2646.17
2646.17
3460.94
5117.19
5117.19
5284.18
5284.18
5284.18
4147.19
4147.19
4147.19
6253.37
6253.37
6253.37
5343.75
5330.02
5330.02
5330.02
6916.65
7640.73
7640.73
6916.65
3351.56
2825.77
1961.34
1809.91
1961.34
1496.47
1470.15
1470.15
1470.15
1136.97
1136.97
1729.41
4768.92
3140.62
3140.62
3960.04
3960.04
3960.04
4307.82
4351.56
4351.56
4307.82
3895.13
3895.13
3895.13
4070.31
4296.88
7256.01
7312.5
7312.5
7256.01
6234.38
3495.24
3495.24
6234.38
5820.27
7269.98
7271.64
7269.98
6239.5
6605.51
6605.51
6605.51
6605.51
7233.06
7484.38
7233.06
7809.62
7809.62
5400.96
5400.96
7382.81
5334.16
6757.81
7318.28
7318.28
6757.81
7318.28
7335.29
7335.29
7237.78
7335.29
7358.62
7237.78
4295.39
4295.39
2723.53
2723.53
1445.31
1257.37
1152.25
1140.55
0
0
0
0
0
0
0
0
0
0
0
0
0
0
0
0
0
0
0
0
0
0
0
0
0
0
0
0
0
0
0
0
0
0
0
0
0
0
0
0
0
0
0
0
0
0
0
0
0
0
0
0
0
0
0
0
0
0
0
0
0
0
0
0
0
0
0
0
0
