5.391860000000000319e+00
5.391860000000000319e+00
5.391860000000000319e+00
5.391860000000000319e+00
5.391860000000000319e+00
5.391860000000000319e+00
5.391860000000000319e+00
5.391860000000000319e+00
5.391860000000000319e+00
5.391860000000000319e+00
5.391860000000000319e+00
5.391860000000000319e+00
5.391860000000000319e+00
5.391860000000000319e+00
5.391860000000000319e+00
5.391860000000000319e+00
5.391860000000000319e+00
5.391860000000000319e+00
5.391860000000000319e+00
5.391860000000000319e+00
5.391860000000000319e+00
5.391860000000000319e+00
5.391860000000000319e+00
5.391860000000000319e+00
5.391860000000000319e+00
5.391860000000000319e+00
5.391860000000000319e+00
5.391860000000000319e+00
5.391860000000000319e+00
5.391860000000000319e+00
5.391860000000000319e+00
5.391860000000000319e+00
5.391860000000000319e+00
5.391860000000000319e+00
5.391860000000000319e+00
5.391860000000000319e+00
5.391860000000000319e+00
5.391860000000000319e+00
5.391860000000000319e+00
5.391860000000000319e+00
5.391860000000000319e+00
5.391860000000000319e+00
5.391860000000000319e+00
5.391860000000000319e+00
5.391860000000000319e+00
5.391860000000000319e+00
5.391860000000000319e+00
5.391860000000000319e+00
5.391860000000000319e+00
5.389800000000000146e+00
5.386260000000000048e+00
5.382060000000000066e+00
5.376900000000000013e+00
5.369740000000000180e+00
5.380430000000000490e+00
5.391119999999999912e+00
5.401810000000000223e+00
5.412500000000000533e+00
5.423189999999999955e+00
5.433880000000000265e+00
5.444570000000000576e+00
5.455259999999999998e+00
5.465950000000000308e+00
5.476640000000000619e+00
5.487330000000000041e+00
5.498020000000000351e+00
5.508710000000000662e+00
5.519400000000000084e+00
5.530090000000000394e+00
5.540779999999999816e+00
5.551470000000000127e+00
5.562160000000000437e+00
5.572849999999999859e+00
5.583540000000000170e+00
5.594230000000000480e+00
5.604919999999999902e+00
5.615610000000000213e+00
5.626300000000000523e+00
5.636989999999999945e+00
5.647680000000000256e+00
5.658370000000000566e+00
5.669059999999999988e+00
5.679750000000000298e+00
5.666920000000000179e+00
5.652120000000000033e+00
5.638760000000000439e+00
5.627510000000000012e+00
5.618549999999999933e+00
5.610850000000000115e+00
5.603839999999999932e+00
5.597929999999999851e+00
5.594140000000000335e+00
5.593379999999999797e+00
5.595019999999999882e+00
5.597649999999999793e+00
5.600489999999999746e+00
5.603519999999999612e+00
5.607039999999999580e+00
5.611410000000000231e+00
5.616130000000000067e+00
5.620390000000000441e+00
5.623479999999999812e+00
5.624850000000000350e+00
5.624369999999999870e+00
5.622449999999999726e+00
5.619889999999999830e+00
5.617479999999999585e+00
5.615899999999999892e+00
5.616419999999999746e+00
5.620700000000000252e+00
5.629249999999999865e+00
5.644110000000000404e+00
5.672209999999999752e+00
5.705639999999999823e+00
5.727619999999999933e+00
5.739860000000000184e+00
5.747270000000000323e+00
5.752369999999999983e+00
5.756179999999999630e+00
5.758619999999999628e+00
5.759170000000000122e+00
5.757530000000000037e+00
5.753849999999999909e+00
5.748649999999999594e+00
5.742149999999999643e+00
5.734399999999999942e+00
5.728720000000000034e+00
5.727689999999999948e+00
5.728650000000000020e+00
5.728209999999999802e+00
5.725559999999999761e+00
5.721750000000000114e+00
5.718289999999999651e+00
5.715620000000000367e+00
5.712950000000000195e+00
5.709380000000000344e+00
5.704189999999999650e+00
5.697009999999999685e+00
5.688799999999999635e+00
5.682179999999999787e+00
5.682339999999999947e+00
5.697280000000000122e+00
5.729700000000000237e+00
5.757130000000000081e+00
5.765810000000000102e+00
5.759151363636363818e+00
5.752492727272727535e+00
5.745834090909091252e+00
5.739175454545454969e+00
5.732516818181818685e+00
5.725858181818181514e+00
5.719199545454545230e+00
5.712540909090908947e+00
5.705882272727272664e+00
5.699223636363636381e+00
5.692565000000000097e+00
5.685906363636363814e+00
5.679247727272727531e+00
5.672589090909091247e+00
5.665930454545454964e+00
5.659271818181818681e+00
5.652613181818181509e+00
5.645954545454545226e+00
5.639295909090908943e+00
5.632637272727272659e+00
5.625978636363636376e+00
5.619320000000000093e+00
5.591599999999999682e+00
5.567199999999999704e+00
5.548580000000000290e+00
5.532639999999999780e+00
5.516650000000000276e+00
5.502279999999999838e+00
5.492399999999999949e+00
5.485990000000000144e+00
5.480470000000000397e+00
5.475030000000000285e+00
5.468600000000000350e+00
5.460810000000000386e+00
5.450870000000000104e+00
5.440000000000000391e+00
5.429969999999999963e+00
5.421260000000000190e+00
5.413990000000000080e+00
5.406769999999999854e+00
5.400339999999999918e+00
5.393539999999999779e+00
5.386709999999999887e+00
5.379159999999999719e+00
5.372580000000000133e+00
5.366679999999999673e+00
5.362119999999999997e+00
5.358730000000000437e+00
5.356460000000000221e+00
5.354989999999999917e+00
5.353799999999999670e+00
5.352490000000000414e+00
5.351230000000000153e+00
5.350469999999999615e+00
5.350839999999999819e+00
5.352909999999999613e+00
5.356729999999999769e+00
5.361089999999999911e+00
5.364600000000000257e+00
5.365899999999999892e+00
5.364130000000000287e+00
5.360140000000000349e+00
5.355360000000000120e+00
5.351099999999999746e+00
5.348110000000000142e+00
5.347459999999999880e+00
5.348589999999999733e+00
5.347730000000000317e+00
5.341949999999999754e+00
5.346020526315789390e+00
5.350091052631579025e+00
5.354161578947367772e+00
5.358232105263157408e+00
5.362302631578947043e+00
5.366373157894736678e+00
5.370443684210526314e+00
5.374514210526315949e+00
5.378584736842104697e+00
5.382655263157894332e+00
5.386725789473683967e+00
5.390796315789473603e+00
5.394866842105263238e+00
5.398937368421051985e+00
5.403007894736841621e+00
5.407078421052631256e+00
5.411148947368420892e+00
5.415219473684210527e+00
5.419290000000000163e+00
5.423360526315788910e+00
5.427431052631578545e+00
5.431501578947368181e+00
5.435572105263157816e+00
5.439642631578947451e+00
5.443713157894736199e+00
5.447783684210525834e+00
5.451854210526315470e+00
5.455924736842105105e+00
5.459995263157894740e+00
5.464065789473683488e+00
5.468136315789473123e+00
5.472206842105262758e+00
5.476277368421052394e+00
5.480347894736842029e+00
5.484418421052631665e+00
5.488488947368420412e+00
5.492559473684210047e+00
5.496629999999999683e+00
5.477389999999999759e+00
5.467019999999999769e+00
5.459310000000000329e+00
5.453149999999999942e+00
5.447729999999999961e+00
5.441760000000000375e+00
5.433629999999999960e+00
5.423009999999999664e+00
5.412180000000000213e+00
5.402929999999999566e+00
5.394870000000000054e+00
5.387780000000000236e+00
5.380639999999999645e+00
5.373700000000000365e+00
5.366469999999999629e+00
5.359939999999999927e+00
5.353909999999999947e+00
5.349219999999999864e+00
5.346199999999999619e+00
5.345620000000000260e+00
5.347859999999999836e+00
5.352109999999999701e+00
5.356889999999999930e+00
5.360039999999999694e+00
5.361379999999999590e+00
5.360820000000000363e+00
5.357510000000000439e+00
5.345180000000000042e+00
5.273030000000000328e+00
5.277910000000000323e+00
5.284080000000000332e+00
5.289488750000000294e+00
5.294897500000000257e+00
5.300306250000000219e+00
5.305715000000000181e+00
5.311123750000000143e+00
5.316532500000000105e+00
5.321941250000000068e+00
5.327350000000000030e+00
5.332758749999999992e+00
5.338167499999999954e+00
5.343576249999999916e+00
5.348985000000000767e+00
5.354393750000000729e+00
5.359802500000000691e+00
5.365211250000000653e+00
5.370620000000000616e+00
5.376028750000000578e+00
5.381437500000000540e+00
5.386846250000000502e+00
5.392255000000000464e+00
5.397663750000000427e+00
5.403072500000000389e+00
5.408481250000000351e+00
5.413890000000000313e+00
5.414769999999999861e+00
5.409749999999999837e+00
5.397929999999999673e+00
5.381079999999999863e+00
5.360640000000000072e+00
5.343490000000000073e+00
5.331559999999999633e+00
5.322470000000000034e+00
5.314519999999999911e+00
5.306210000000000093e+00
5.296170000000000044e+00
5.285370000000000346e+00
5.275319999999999787e+00
5.264750000000000263e+00
5.251240000000000130e+00
5.235479999999999912e+00
5.220629999999999882e+00
5.207930000000000170e+00
5.196259999999999657e+00
5.184549999999999770e+00
5.174439999999999706e+00
5.168289999999999829e+00
5.166059999999999874e+00
5.165980000000000238e+00
5.166070000000000384e+00
5.165639999999999787e+00
5.164930000000000021e+00
5.164229999999999876e+00
5.163219999999999921e+00
5.161220000000000141e+00
5.157530000000000392e+00
5.151580000000000048e+00
5.144300000000000317e+00
5.138410000000000366e+00
5.136890000000000178e+00
5.139579999999999593e+00
5.143130000000000202e+00
5.145220000000000127e+00
5.147029999999999994e+00
5.150850000000000151e+00
5.157219999999999693e+00
5.162700000000000067e+00
5.167570000000000441e+00
5.174579999999999735e+00
5.184650000000000425e+00
5.196430000000000327e+00
5.207489999999999952e+00
5.215230000000000032e+00
5.221420000000000172e+00
5.228550000000000253e+00
5.235649999999999693e+00
5.246520000000000294e+00
5.265539999999999665e+00
5.265539999999999665e+00
5.265539999999999665e+00
5.265539999999999665e+00
5.265539999999999665e+00
5.265539999999999665e+00
5.265539999999999665e+00
5.265539999999999665e+00
5.265539999999999665e+00
5.265539999999999665e+00
5.265539999999999665e+00
5.265539999999999665e+00
5.265539999999999665e+00
5.265539999999999665e+00
5.265539999999999665e+00
5.265539999999999665e+00
5.265539999999999665e+00
5.265539999999999665e+00
5.265539999999999665e+00
5.265539999999999665e+00
5.265539999999999665e+00
5.265539999999999665e+00
5.265539999999999665e+00
5.265539999999999665e+00
5.265539999999999665e+00
5.265539999999999665e+00
5.265539999999999665e+00
5.265539999999999665e+00
5.265539999999999665e+00
5.265539999999999665e+00
5.265539999999999665e+00
5.265539999999999665e+00
5.265539999999999665e+00
5.265539999999999665e+00
5.265539999999999665e+00
5.265539999999999665e+00
5.265539999999999665e+00
5.265539999999999665e+00
5.265539999999999665e+00
5.265539999999999665e+00
5.265539999999999665e+00
