-9.99657	1.344	0.666181	0.367192	0.368516	0.32166	0.197435	0.0588656	0.143193	0.194899	0.212623	0.142909	0.0835622	0.137986	0.154928	0.0438434	0.0734971
-10.0197	1.34854	0.595434	0.413023	0.384969	0.297469	0.217765	0.145481	0.161819	0.189519	0.234	0.167138	0.116881	0.168121	0.189739	0.0879885	0.107954
-10.2732	1.1828	0.573703	0.423913	0.393398	0.287029	0.277203	0.26086	0.228961	0.196278	0.235305	0.221655	0.195657	0.264832	0.267614	0.124547	0.103141
-10.4015	1.08604	0.619678	0.431022	0.394864	0.346998	0.312197	0.259229	0.310403	0.263121	0.219153	0.212274	0.18186	0.265001	0.241421	0.188017	0.12819
-10.301	1.16583	0.604764	0.388273	0.311588	0.250224	0.23488	0.231245	0.295965	0.267586	0.213874	0.173088	0.162875	0.207141	0.204289	0.222854	0.126371
-10.2168	1.18333	0.568437	0.380022	0.317861	0.261793	0.226487	0.257556	0.24767	0.239844	0.209058	0.172855	0.213318	0.186523	0.177996	0.15387	0.146879
-10.281	1.15012	0.629996	0.465228	0.370016	0.335714	0.254142	0.301419	0.226232	0.25799	0.23036	0.132548	0.227511	0.217737	0.218873	0.122355	0.123195
-10.2094	1.19965	0.588956	0.401388	0.38645	0.298277	0.226805	0.268663	0.238805	0.242561	0.237107	0.216311	0.251356	0.218968	0.198783	0.143831	0.141389
-10.178	1.17693	0.588722	0.478684	0.385118	0.336723	0.299038	0.281604	0.30197	0.204454	0.205871	0.214784	0.173155	0.154529	0.125579	0.140636	0.13301
-10.2941	1.12735	0.566624	0.5029	0.445488	0.387181	0.318223	0.311019	0.318537	0.227842	0.208406	0.191561	0.162999	0.251964	0.102923	0.0815177	0.19459
-10.2276	1.16812	0.556286	0.441561	0.401802	0.376494	0.273068	0.304376	0.284236	0.269711	0.19099	0.119543	0.170851	0.310742	0.173944	0.106343	0.161555
-10.1678	1.22084	0.576788	0.39172	0.376729	0.384809	0.252009	0.259103	0.242187	0.244018	0.183743	0.097248	0.17956	0.295563	0.208989	0.201578	0.179945
-10.3967	1.09929	0.643642	0.453645	0.501068	0.420245	0.282407	0.223604	0.120831	0.132815	0.170926	0.102854	0.218424	0.310344	0.263842	0.258575	0.192725
-10.2867	1.16974	0.565781	0.349288	0.443921	0.373433	0.276907	0.266343	0.209318	0.183632	0.255581	0.176507	0.194045	0.2154	0.210239	0.178151	0.119224
-10.2616	1.21102	0.550003	0.349857	0.362851	0.365297	0.287209	0.205067	0.221571	0.258086	0.287439	0.26362	0.200678	0.142189	0.115733	0.118971	0.136131
-10.4355	1.05013	0.504214	0.323719	0.384818	0.419983	0.340077	0.188855	0.176394	0.239216	0.244731	0.287522	0.252863	0.22813	0.116729	0.133528	0.112613
-10.3945	1.08644	0.529915	0.351095	0.377898	0.363236	0.26682	0.148287	0.144783	0.204428	0.179188	0.183631	0.234412	0.248335	0.118275	0.181016	0.172806
-10.354	1.11604	0.599348	0.418093	0.394277	0.354222	0.291991	0.1741	0.19125	0.20002	0.178555	0.161356	0.205302	0.187701	0.0985217	0.161666	0.0753484
-10.4502	1.00514	0.657855	0.448434	0.383368	0.335908	0.287228	0.222597	0.287287	0.277664	0.166875	0.188818	0.231517	0.252947	0.148422	0.168662	0.00549824
-10.4121	0.936625	0.551836	0.349327	0.352382	0.387888	0.24815	0.272523	0.280925	0.401939	0.247482	0.272971	0.225919	0.183012	0.157344	0.196039	0.140323
-10.4144	0.954858	0.621148	0.366917	0.372978	0.442652	0.260084	0.270829	0.275998	0.355395	0.204605	0.260679	0.213547	0.196761	0.161847	0.199282	0.205251
-10.3929	0.981141	0.647309	0.37262	0.37862	0.460587	0.336216	0.277328	0.274593	0.265624	0.204563	0.243277	0.260007	0.209598	0.143519	0.140072	0.104862
-10.2098	1.12682	0.619787	0.363849	0.278346	0.276342	0.233263	0.232939	0.202493	0.165795	0.106688	0.145194	0.19284	0.133002	0.141885	0.10211	0.0708098
-10.1853	1.15145	0.565189	0.401419	0.315806	0.259042	0.211359	0.259061	0.260543	0.248738	0.155878	0.163685	0.220654	0.180867	0.156407	0.127196	0.0880504
-10.2554	1.09844	0.473286	0.339313	0.361609	0.330999	0.296419	0.244293	0.189653	0.192985	0.186419	0.242965	0.149315	0.148216	0.202912	0.157859	0.122516
-9.84078	1.15537	0.238943	0.278942	0.401229	0.368555	0.368406	0.255873	0.0231066	0.0926313	0.192028	0.324241	0.206235	0.0879441	0.167064	0.127217	0.205979
-9.18165	1.05479	-0.0568904	0.255059	0.427988	0.341292	0.495492	0.249679	-0.0754653	0.15572	0.135591	0.255941	0.237466	0.0552872	0.115425	0.178305	0.145727
-8.51274	0.738833	-0.0861103	0.365433	0.304847	0.239962	0.441266	0.189674	0.0250363	0.133041	0.211382	0.250147	0.208706	0.132126	0.120541	0.128492	0.125366
-8.1111	0.476165	-0.109329	0.435669	0.405969	0.337554	0.376897	0.0848346	0.139513	0.169932	0.266372	0.340833	0.147008	0.207059	0.0555364	0.0137837	0.119496
-7.65622	0.366456	-0.196315	0.522402	0.365022	0.381658	0.314911	-0.0585792	0.203387	0.211501	0.282892	0.442748	0.111659	0.106271	0.0982525	0.157044	0.150172
-7.22127	0.207248	-0.316575	0.3975	0.301824	0.305483	0.193653	-0.0816691	0.215502	0.244934	0.192334	0.47332	0.229283	0.203677	0.113642	0.124865	0.249494
-7.05734	0.0305058	-0.370117	0.359647	0.283924	0.262486	0.283364	-0.00640914	0.141517	0.21539	0.197414	0.46171	0.206528	0.079977	0.120103	0.189818	0.269925
-6.93404	-0.0592638	-0.310754	0.378092	0.414782	0.398013	0.447521	-0.0158782	0.0155676	0.09417	0.227029	0.300711	0.23455	0.0959579	0.0996721	0.107122	0.219933
-6.70079	-0.00799454	-0.311826	0.280168	0.286024	0.245405	0.385244	0.0197924	0.0948818	0.0673744	0.324802	0.225458	0.163386	0.0695424	0.0196277	0.0451781	0.179064
-6.28565	0.430188	-0.23295	0.142514	0.124567	0.115219	0.163194	-0.0522337	0.0111517	-0.0663728	0.124689	0.276264	0.166991	-0.0154635	-0.00774421	0.0655519	0.219512
-5.78979	0.782941	-0.211708	0.120608	0.0769164	0.109546	0.0241531	-0.151919	0.0453498	0.0205072	0.151906	0.184108	0.175825	0.00197252	0.072165	0.114335	0.200179
-5.67385	0.742253	-0.172259	0.137977	0.0926275	0.0633445	-0.031107	-0.133624	0.100826	0.0260438	0.151165	0.204659	0.195272	0.0935892	0.0927604	0.129233	0.21962
-5.55221	0.784663	-0.0495518	0.186968	0.241427	0.201712	0.0749994	-0.0307878	-0.00105896	0.0152343	0.162793	0.191746	0.206523	0.0825159	-0.0858863	-0.0386971	0.189769
-5.50693	0.92606	0.0132462	0.187002	0.24924	0.215498	0.0451001	-0.0911062	-0.0977289	0.176592	0.348682	0.124687	0.139224	0.046395	-0.071157	-0.066514	0.146109
-5.85171	1.14513	0.274813	0.236237	-0.0280606	0.350789	-0.0805235	-0.0124795	-0.228255	-0.0893569	0.124066	-0.00617814	-0.158883	0.234477	0.297719	-0.331953	-0.142962
-5.7567	1.48435	-0.512029	0.111282	0.538944	0.493198	-0.061326	-0.0188102	-0.299624	0.0741982	0.305127	0.0862832	-0.0715661	-0.194782	-0.080095	-0.0384923	0.057382
-5.57955	3.09141	0.0467423	0.310693	0.58809	0.57466	0.0628039	-0.107105	0.0418489	0.0363807	0.0449085	0.379912	0.0862246	-0.00964245	0.0261424	-0.134767	0.130406
-5.24222	3.842	-0.490841	-0.236065	0.585689	0.639347	-0.312766	-0.36217	-0.194104	-0.0957089	-0.417341	-0.114532	0.00903071	-0.431691	0.0979638	0.017986	-0.193779
-4.57599	4.25045	-0.723191	0.00669362	0.215063	0.430079	-0.358781	-0.166427	-0.0230417	0.0453581	0.14037	0.135351	0.248054	-0.161141	-0.026509	-0.0537363	-0.0389872
-4.88135	4.48302	-0.917094	-0.0772613	0.183153	0.218342	-0.446243	-0.273327	-0.108915	-0.091325	0.089427	-0.127258	0.306142	-0.223627	-0.155796	-0.0450292	-0.284737
-4.58606	4.20398	-0.609182	0.0290429	0.167663	0.40015	-0.323221	-0.175766	0.0244718	-0.062105	0.111752	0.175139	0.200582	-0.164182	-0.0185333	-0.0346	-0.0906128
-4.53615	4.25209	-0.156773	-0.016279	0.217648	0.547816	-0.167813	-0.293297	0.131678	0.0292999	0.0359217	0.163559	0.503938	-0.258088	0.151149	-0.0529622	0.105834
-4.69447	4.31541	-0.0814004	0.289073	0.144127	0.631052	-0.106498	-0.235574	0.0285091	-0.15686	0.0424819	0.17519	0.593375	-0.0356478	0.117292	-0.0645484	0.145982
-5.12804	3.74642	0.149687	0.213853	-0.0856294	0.15825	-0.188378	-0.161471	-0.358371	-0.592592	-0.434653	-0.272161	0.565173	-0.098663	-0.136137	-0.287735	-0.177322
-5.51297	3.43476	0.192622	0.253379	0.550245	0.690406	0.215096	-0.267105	-0.13093	-0.699386	-0.616625	-0.503631	0.147804	-0.303799	0.111526	0.0406853	0.0588672
-5.4401	3.65062	0.965801	0.408979	0.390901	0.395542	0.105387	-0.088822	-0.0966716	-0.109259	-0.167013	-0.235197	0.271251	0.0825487	0.425374	-0.274259	0.0633692
-5.30164	3.38955	0.761299	0.530237	0.502159	0.146483	0.256897	-0.0741842	-0.102815	-0.2605	-0.266305	-0.260269	0.111468	0.0237478	0.369095	-0.173675	-0.00964966
-5.28842	3.30064	0.761875	0.510104	0.371298	0.172174	-0.00315886	0.0628088	-0.403457	-0.213209	-0.21604	-0.439144	0.251032	-0.137099	0.391746	-0.221266	-0.160282
-5.34068	3.183	1.06914	0.613351	0.294865	0.396593	0.0341164	-0.0340066	-0.306922	-0.230801	-0.141751	-0.378099	0.316836	-0.0384459	0.463811	-0.301318	-0.0490286
-5.78372	3.20872	1.01393	0.437937	0.485785	-0.0161685	0.0423001	-0.144258	-0.562831	-0.409392	-0.230965	-0.471756	0.106407	-0.0958138	0.243103	-0.252542	-0.362589
-6.03633	3.35197	1.24512	0.522929	0.36472	0.412652	-0.0907005	-0.359483	-0.354359	-0.18936	-0.382591	-0.320178	0.317216	-0.0973948	-0.0190267	-0.231807	-0.0223343
-6.37485	3.13306	1.32215	0.793218	0.437853	0.167079	0.0113966	-0.0758389	-0.540335	-0.565352	-0.155606	-0.715149	0.32946	-0.027882	0.393413	-0.319886	-0.298078
-6.64057	2.35396	1.12388	0.677645	0.0872092	-0.16428	-0.258878	-0.202045	-0.501539	-0.817317	-0.689727	-0.800285	-0.290468	-0.487149	-0.171525	-0.54376	-0.463289
-7.04018	2.82694	1.05572	0.29518	0.372283	0.318058	-0.619707	-0.1439	-0.554991	-0.595857	-0.532501	-0.64804	-0.348809	-0.247258	-0.0350725	-0.404371	-0.400973
-7.75687	2.90828	1.48737	1.10384	0.45431	-0.38668	-0.410844	0.0962831	-0.351957	-0.40788	-0.425609	-0.307513	-0.237113	-0.243327	0.165925	-0.0803297	-0.220259
-8.14049	2.95899	1.44791	1.11771	0.845801	0.449398	-0.0281723	0.0478407	-0.248449	-0.248636	-0.130819	-0.2843	-0.0296341	0.276459	0.161151	0.355723	0.192614
-9.31381	3.04055	1.34899	0.86054	0.555519	-0.0604777	-0.00830351	0.0860295	-0.292559	-0.338549	-0.303164	-0.116453	-0.371892	0.155738	0.20236	-0.0851136	-0.015129
-7.82046	1.91337	0.780162	0.605859	0.377059	0.238705	0.115472	0.0223194	-0.0517571	-0.0835796	-0.103116	-0.0950635	-0.0819326	-0.0508222	0.00157899	0.0366912	0.0641244
-8.52859	1.90253	0.803138	0.647277	0.433223	0.30814	0.183249	0.104655	0.0430578	-0.00616492	-0.0490038	-0.0660129	-0.0570236	-0.0449838	-0.0135558	0.0186675	0.0395677
-9.5165	2.00102	1.14851	0.916734	0.673269	0.363525	0.195755	0.107614	-0.0292919	-0.0945981	-0.12875	-0.128762	-0.0845525	-0.0806419	0.00462362	0.0167421	0.0813215
-7.12236	2.09796	-0.162231	0.158652	0.836184	0.324923	-0.184156	0.055757	-0.0921598	0.169996	0.0421436	0.220722	0.0292586	-0.113004	0.0455313	0.00517889	0.163757
-5.8718	1.72972	-0.316906	0.352725	0.577484	0.364531	-0.0584901	-0.018896	-0.0105954	0.245478	0.129561	0.26321	0.158946	-0.292731	0.0682259	-0.0185054	-0.0476522
-5.26871	1.27594	-0.339556	0.56042	0.538064	0.376364	0.0159374	-0.0301303	0.0687817	0.292369	0.195516	0.230735	0.202765	-0.165655	0.0071636	-0.0416423	-0.0966046
-5.1926	0.803677	-0.323698	0.63026	0.537802	0.356605	0.107802	0.151333	0.276412	0.458079	0.170918	0.129877	0.278	0.0530826	0.0310575	-0.0275274	0.00126615
-5.33531	0.575042	-0.500699	0.713674	0.664619	0.238629	0.0274897	0.185702	0.317098	0.383078	0.0939601	0.160288	0.247461	0.0968304	0.117817	0.126656	0.168881
-5.54837	0.530127	-0.731559	0.653623	0.675794	0.194939	0.022828	0.0981009	0.226177	0.15631	0.000871558	0.380562	0.270462	0.0474756	0.0898288	0.239856	0.258549
-5.78256	0.666573	-0.828335	0.532732	0.678315	0.214366	-0.104046	0.0592457	0.311366	-0.0340961	-0.139981	0.39022	0.193237	-0.0424271	0.0529158	0.189443	0.111408
-6.20364	0.713148	-0.93032	0.774309	0.602089	0.0493219	-0.135245	0.136061	0.202861	-0.0119532	-0.0576993	0.286827	0.0792057	-0.0045021	-0.0241627	0.189733	0.188697
-6.40725	0.68696	-0.679469	0.989102	0.415468	-0.0423686	0.164424	0.39164	0.0238719	-0.0392657	-0.00378094	0.205518	0.0511834	0.0416059	0.0681835	0.31497	0.33101
-6.42057	0.386266	-0.405855	1.10542	0.252723	-0.183445	0.227577	0.30835	0.0270982	0.0461859	0.199713	0.212275	0.132174	0.194509	0.158678	0.338333	0.125175
-6.18386	0.143895	-0.152894	1.0291	0.112735	-0.135816	0.306271	0.133116	-0.00918936	0.0173029	0.111579	0.261334	0.234924	0.077222	-0.0184559	0.19019	0.173195
-5.89241	-0.0827909	-0.0656539	0.831314	-0.139675	-0.093081	0.190484	-0.170287	-0.121226	0.0236121	-0.0376619	0.138672	0.207081	-0.0216844	-0.110521	0.131785	0.132752
-5.42227	-0.159393	-0.00320812	0.969252	-0.244883	-0.203353	0.247913	0.013054	0.066072	0.0245528	-0.0236159	0.177262	0.21878	-0.132091	-0.044257	0.114864	0.0577553
-5.15342	-0.144832	-0.11889	0.790387	-0.311845	-0.11647	0.344406	0.195493	0.242518	0.0850697	0.0742159	0.115966	0.125845	-0.132027	0.0426191	0.268451	0.0507872
-4.97842	-0.257788	-0.212767	0.78547	-0.338128	-0.168243	0.170518	0.183376	0.211184	0.0148896	0.106164	0.0406301	0.0829249	0.0399323	0.0243781	0.171532	0.0325514
-4.91241	-0.316636	-0.350124	0.837878	-0.352147	-0.181155	0.0277244	0.11216	0.154247	-0.0456508	0.0473866	0.0290523	0.184387	0.111206	-0.0161228	0.0949942	0.0757464
-4.82094	-0.140081	-0.339459	0.839016	-0.355395	-0.142797	-0.0915559	0.069239	0.198075	0.0609854	0.0660121	0.0540682	0.079947	-0.111207	-0.117669	0.10308	0.0472368
-4.8447	-0.0121699	-0.346299	0.69039	-0.267551	-0.104634	-0.0342019	0.0328639	0.121847	0.0460989	-0.117231	0.150199	0.016185	-0.150034	-0.174886	0.0571626	0.0772551
-4.88286	0.0473634	-0.275304	0.694941	-0.276928	0.0487522	0.0479332	-0.0189603	0.132751	0.0924062	-0.173324	0.239246	0.0947461	-0.113877	-0.0485416	0.110962	0.0146738
-5.05856	-0.0273025	-0.181131	0.858239	-0.154444	0.0879619	0.100284	-0.0542688	0.0920407	0.0508265	-0.122152	0.194726	0.0636664	0.00306057	0.0815393	0.202902	0.081241
-5.25986	0.147137	0.0147289	1.04802	-0.0714972	0.027477	-0.0858096	-0.101368	0.170648	0.070293	-0.11424	0.0940226	0.0356549	-0.0433647	-0.0235576	0.0966971	0.0595816
-5.47743	0.370534	0.0313085	1.04867	-0.0598802	0.0470361	-0.0216961	-0.104928	0.0904088	-0.0402377	-0.146498	-0.0229309	0.0770287	0.0465499	0.0216078	0.135475	-0.00589368
-5.99185	0.311301	0.224607	1.06428	-0.27241	0.226582	0.190739	0.111256	0.122443	0.0283112	0.0119018	-0.41796	-0.135739	0.0459175	-0.0419365	0.028698	-0.105752
-5.90517	0.845368	0.567213	1.34313	0.012266	0.515038	0.14298	0.085129	-0.320733	-0.28104	0.171124	-0.176554	0.14026	-0.048114	-0.337156	0.056268	0.175475
-5.8715	1.28596	1.1804	1.90549	0.421901	0.0507139	0.301143	-0.265695	-0.544324	-0.200725	-0.0449921	0.00978687	0.411087	0.0181503	-0.139452	-0.299231	0.0176334
-4.52702	2.30235	0.48777	1.83574	-0.00290821	-0.140711	0.198955	0.183143	-0.0964692	-0.240296	0.0979298	-0.282606	0.0398438	0.129436	-0.0960793	-0.266362	0.0762428
-4.11173	2.45365	0.0699383	1.90887	0.162777	-0.147242	0.322789	-0.0148697	-0.203279	-0.0887876	0.193738	-0.254567	-0.203093	0.164276	-0.0788638	0.0205425	0.258282
-4.07283	2.32482	0.163907	1.54281	0.17049	-0.21387	0.351764	0.110191	-0.136826	-0.28084	0.263038	-0.217913	-0.103612	0.174822	-0.323383	0.0187772	0.0736734
-4.04112	2.32193	0.126381	1.63423	0.0590193	-0.160476	0.244307	0.202422	-0.172259	-0.260263	0.190846	-0.196067	-0.0173677	0.114794	-0.228781	-0.119341	0.124844
-4.01222	2.36318	-0.0178013	1.68706	0.0102541	-0.158143	0.190262	0.255502	-0.14124	-0.333971	0.197746	-0.10753	-0.102726	0.153717	-0.219852	-0.124421	0.074548
-3.9751	2.26825	0.0684835	1.48148	0.0803204	-0.219586	0.129719	0.260398	-0.0445385	-0.351206	0.208327	-0.0313186	-0.115061	0.0479377	-0.193903	-0.254982	0.00861529
-3.99865	2.58824	-0.0666559	1.61369	0.134494	-0.141552	0.160604	0.160013	0.0214844	-0.44663	0.0914116	-0.101891	-0.0666041	0.176025	-0.102971	0.0293866	0.183308
-4.02058	2.75908	-0.213915	1.68947	0.0537021	-0.0337076	0.0676266	0.124662	0.10977	-0.533302	0.143412	-0.175608	0.0916596	0.0255955	-0.0433395	0.069551	0.198063
-4.12235	2.97371	-0.369163	1.46191	0.182757	-0.0488439	-0.0466814	0.1491	0.177575	-0.472265	0.219878	-0.17698	0.0637491	-0.0242643	-0.269798	0.145325	-0.069775
-4.05795	3.0294	-0.385908	1.45985	0.248117	-0.0714223	-0.0674308	0.1782	-0.0626457	-0.165825	-0.0670517	-0.0139478	0.012094	0.0322285	-0.204598	0.113227	0.0865187
-4.12324	3.18075	-0.433274	1.44339	0.14948	0.0862848	-0.114291	0.0385996	0.118569	-0.303432	0.1103	-0.217084	0.206185	-0.0765511	-0.20539	0.0281095	0.161798
-4.1047	3.26517	-0.459612	1.41291	0.288258	-0.0295625	0.0012485	-0.143038	0.203035	-0.332787	0.0925473	-0.277097	0.317473	-0.114529	-0.0881452	-0.0282847	0.316796
-4.01414	3.18725	-0.467998	1.43483	0.247663	-0.0204284	-0.0266165	-0.171793	0.234235	-0.297741	0.040787	-0.183448	0.212804	-0.0220623	-0.17358	-0.0371195	0.342303
-4.03913	3.36222	-0.600013	1.51636	0.31042	-0.0593614	0.00699162	-0.253781	0.262572	-0.315766	-0.006555	-0.176805	0.21499	0.0519254	-0.105546	-0.100228	0.518611
-4.04053	3.26335	-0.643845	1.52952	0.29793	-0.165415	0.0836199	-0.344682	0.392551	-0.36984	0.131801	-0.197523	0.215896	-0.118503	-0.0903715	-0.174685	0.368571
-4.15225	3.35109	-0.836251	1.64299	0.341654	-0.326123	0.160832	-0.275928	0.258574	-0.131494	-0.0445283	0.00167838	0.0246055	-0.132504	-0.0784167	-0.179552	0.20843
-4.22096	3.04887	-0.545896	1.57529	0.311371	-0.462337	0.178739	-0.0403646	0.00787472	0.070525	-0.130066	0.0987919	-0.141499	-0.121725	-0.00865619	-0.0768285	0.0409248
-4.36976	2.76188	-0.280526	1.01076	0.494691	-0.274217	-0.207999	0.231746	0.0409476	-0.102892	-0.0152372	0.169709	-0.206744	-0.094715	-0.0821411	-0.0980262	-0.0228601
-4.96	2.55804	0.0829516	0.963937	0.551928	-0.386554	0.119766	0.252812	0.0746593	-0.276673	-0.109429	0.1218	-0.121224	-0.0892029	-0.0284341	0.154209	-0.0627504
-5.86387	2.11178	0.870603	1.2914	0.390932	-0.34486	-0.119594	0.0984459	0.401351	-0.231192	0.0995183	-0.0420161	-0.291075	0.198267	-0.166491	-0.628111	0.149265
-6.03249	1.78289	0.621921	1.63047	0.948353	-0.111709	0.140339	0.441234	-0.100635	-0.0239982	-0.094887	-0.160276	-0.160847	-0.0300383	-0.154218	0.146734	0.111485
-6.1077	1.54978	0.641267	1.63396	0.872135	0.155148	0.484123	0.371242	-0.194886	0.0503678	-0.134112	-0.415426	-0.225091	-0.123277	0.124788	0.219776	0.380822
-6.16438	1.51789	0.358674	1.36631	0.553276	0.344923	0.287936	0.201613	0.186879	-0.162692	-0.0351078	-0.225142	-0.051588	-0.0159386	-0.266123	-0.11054	0.101987
-6.64603	1.14015	0.280773	1.76158	0.843807	0.38846	0.55664	0.0606341	0.0539697	-0.0263855	-0.164242	0.0973445	-0.0608601	-0.535355	-0.285875	0.0395154	0.184286
-6.60002	1.08984	0.387341	1.73082	0.743798	0.268544	0.49355	0.255077	-0.00284548	0.0135142	-0.204239	-0.428049	-0.158308	-0.0982618	0.117083	0.124657	0.378567
-5.88577	0.181991	0.115724	1.22174	0.193897	-0.0381922	0.30093	-0.0289433	0.010133	0.00104744	-0.195184	0.0168713	-0.281655	-0.0381273	-0.163806	-0.060143	-0.0480322
-5.54252	-0.214362	0.170342	1.19511	0.175673	-0.0415938	0.298621	-0.0319569	0.107062	0.0450149	-0.271758	0.084019	-0.154359	-0.0519861	-0.0469207	0.119956	0.0204305
-5.51894	-0.385011	0.205265	1.18552	0.0723053	-0.0620482	0.251879	-0.0257064	0.262489	0.12546	-0.238875	0.167162	-0.128082	-0.0907912	0.0248809	0.152576	0.095686
-5.55347	-0.168654	0.154929	1.16217	0.0663269	0.0292011	0.356603	0.131983	0.182819	-0.0559698	-0.228923	0.0934224	-0.0846749	-0.0659572	0.0619986	0.0879829	0.0438014
-5.66922	0.106143	0.127183	1.27096	0.0263273	-0.0335155	0.32215	0.0333995	0.0700021	-0.0793161	-0.277452	0.0512456	0.00385561	-0.0658041	0.206354	0.144694	0.0862721
-5.30028	1.03789	0.0844695	0.993453	-0.180903	-0.227682	0.0391295	-0.303255	-0.164787	-0.150774	-0.331178	0.014371	-0.0121064	0.0580205	0.278576	0.2304	0.0626152
-4.58214	1.70458	-0.325064	1.09262	-0.321853	-0.531958	-0.235808	-0.345549	-0.142986	-0.431222	-0.226481	-0.0248016	-0.234943	-0.142203	0.0443983	0.0829993	0.0314032
-4.14355	1.99834	-0.574502	1.35562	-0.448405	-0.452589	-0.161712	-0.361259	-0.0790097	-0.550908	-0.0937656	-0.114352	-0.0460512	-0.140525	0.106907	0.0525933	-0.0290023
-3.90643	1.73979	-0.403265	1.21921	-0.397102	-0.420703	-0.0950661	-0.307067	-0.181642	-0.43851	-0.130064	-0.0491037	-0.0571837	-0.112049	0.0564766	0.130366	-0.041171
-3.90077	2.05807	-0.815371	1.12447	-0.624617	-0.562165	-0.230778	-0.537153	-0.0977851	-0.788404	-0.0706202	-0.271508	-0.0134794	-0.320825	-0.0375903	-0.0615358	-0.379485
-3.88948	2.39598	-0.811232	1.32406	-0.523611	-0.476989	-0.206703	-0.453814	-0.0904829	-0.614271	-0.111168	-0.192073	-0.00452726	-0.236178	0.0203951	-0.0108403	-0.300635
-3.9841	2.57942	-0.713179	1.34398	-0.410521	-0.439334	-0.107844	-0.371857	-0.0246887	-0.581121	-0.0313985	-0.177748	0.0772516	-0.272149	0.12249	0.00971251	-0.283167
-4.28116	2.79464	-0.731898	1.31189	-0.284843	-0.563011	0.0117924	-0.526191	0.10183	-0.664576	-0.0561443	-0.153385	0.0235485	-0.180517	-0.0905364	0.0786914	-0.408875
-4.21148	2.62182	-0.617091	1.3705	-0.36568	-0.288513	-0.209864	-0.298273	-0.0214832	-0.5416	-0.180987	-0.10599	0.0159523	-0.230514	-0.0115579	0.0349602	-0.257001
-4.34882	2.58999	-0.606186	1.35068	-0.246109	-0.254599	-0.206323	-0.318582	0.00724151	-0.54738	-0.197326	-0.037646	0.05998	-0.197187	-0.0413009	0.0926606	-0.32206
-4.37217	2.476	-0.554292	1.31104	-0.0698167	-0.243893	-0.0974429	-0.369529	0.0433086	-0.498482	-0.305508	0.129117	-0.0919539	-0.0771985	-0.0874659	0.129926	-0.217588
-4.36917	2.24767	-0.26016	1.19772	0.106734	-0.156125	-0.133977	-0.278932	-0.0172401	-0.361264	-0.423964	0.170171	0.00695382	-0.0852115	0.0377206	0.16861	-0.100396
-4.4632	2.18789	-0.223509	1.28469	-0.0860209	-0.0604175	0.00338148	-0.220755	0.0558115	-0.356014	-0.356613	0.204087	-0.04914	0.0212493	-0.055695	0.262945	-0.0506967
-5.21456	1.93701	0.241889	1.41658	0.382273	-0.0377451	-0.293937	-0.321792	0.159808	-0.250255	-0.295723	0.20977	0.310968	-0.105356	0.191357	0.295077	-0.129059
-5.19949	1.87607	0.045299	1.06336	-0.0129848	0.0384633	-0.118715	-0.301925	0.0975986	-0.475632	-0.310221	-0.0173018	-0.0266859	-0.244582	-0.0336171	0.0720373	-0.0463983
-5.29714	1.86583	0.0168068	0.911903	0.0308478	0.0592242	-0.109634	-0.338321	0.173062	-0.380978	-0.37547	0.0313084	-0.0323727	-0.302281	-0.190261	-0.0369635	0.0186723
-5.72831	2.02164	0.0581976	0.988613	0.151124	0.0568764	0.0131818	-0.273102	0.295995	-0.232216	-0.351812	0.139555	-0.0179317	-0.303143	-0.247118	-0.00848996	0.0482949
-6.86678	2.0255	0.330771	1.04249	0.111203	0.0856004	-0.0735362	-0.189955	0.302767	-0.238045	-0.33167	0.183327	0.0337196	-0.226216	-0.104921	0.152643	0.0288166
-7.83844	1.77632	0.579718	0.726542	0.299849	0.247415	-0.101674	-0.211177	0.180974	-0.144746	-0.247715	0.106998	0.182253	-0.019934	0.0481329	0.224117	0.241212
-8.59422	1.87996	0.599673	0.652029	0.427364	0.195228	-0.023729	-0.0690882	0.0499759	-0.0916608	-0.204372	-0.00187029	0.100434	-0.0229609	0.0728331	0.206248	0.165225
-9.0735	1.88072	0.731627	0.827098	0.570475	0.304647	-0.0123762	0.00569358	0.141499	-0.110972	-0.159434	0.00610241	0.0925767	0.0407683	0.0770318	0.179899	0.15615
-9.57382	1.89932	0.938368	1.03102	0.727378	0.312036	-0.0239343	-0.00376342	0.103079	-0.175873	-0.234595	0.107567	0.146	0.0943338	0.0629475	0.0127636	0.00969866
-9.64592	1.82671	0.996978	0.841128	0.608669	0.388408	0.185959	0.0740407	0.057377	-0.00426706	-0.0568698	0.0680146	0.0701547	0.0913825	0.0766158	0.0715392	0.171581
-9.58205	1.74094	0.930077	0.758323	0.56441	0.336985	0.116409	0.052615	0.0763348	-0.020844	-0.0982826	0.0287364	0.119184	0.0970868	0.109297	0.192982	0.211315
-9.40918	0.985891	1.20949	0.834954	0.401423	0.594106	-0.00767846	0.186118	0.194531	-0.02199	-0.0810535	-0.063686	0.107518	0.0846063	0.105649	0.113848	0.272353
-8.58945	0.31472	1.08917	0.663286	0.203327	0.566633	0.0603787	0.250371	0.142085	0.119351	-0.0226072	0.0507418	0.135701	0.0362919	0.0509482	0.0651199	0.175136
-7.724	-0.00390122	0.795305	0.552408	0.172846	0.422511	0.116423	0.358358	0.161442	0.193364	0.10716	0.0760999	0.183947	-0.0196907	0.11721	0.117269	0.232945
-6.66781	0.05732	0.792493	0.421086	0.0941483	0.375899	0.089862	0.232001	0.052259	-0.0076793	0.0689308	0.198495	0.310607	-0.183207	0.11785	0.0262718	0.161296
-5.85608	0.154721	0.759257	0.351627	0.227564	0.465151	0.0142488	0.211936	0.119315	-0.0161446	0.0320262	0.190979	0.181681	-0.238444	0.121816	-0.127769	0.068173
-5.54027	0.123091	0.756541	0.341539	0.304348	0.507313	0.0328203	0.279737	0.124174	0.0812993	0.145956	0.179353	0.0817079	-0.23742	-0.0132541	-0.0421101	0.0527199
-5.56018	-0.161679	0.754676	0.461396	0.312957	0.467702	0.0412876	0.268666	0.137975	0.0546795	0.166652	0.255915	0.0424031	-0.180604	-0.0588459	-0.0124641	0.0257947
-5.60104	-0.30239	0.766199	0.402562	0.339421	0.370844	-0.0291671	0.25776	0.162183	0.146902	0.141246	0.15261	-9.6939e-06	-0.243407	0.00848289	-0.0663978	-0.0321468
-5.52287	-0.494598	0.509167	0.0898078	0.0948247	0.286854	0.0420027	0.295806	0.0443026	-0.0311047	-0.0102299	0.0249867	-0.0239844	-0.0985486	-0.0114048	-0.139698	0.0982817
-5.3432	-0.539164	0.360427	-0.00925285	-0.0905779	0.319845	0.0804588	0.240508	0.150182	0.179033	0.124317	0.134675	0.0642496	0.00983778	0.0430068	-0.0213666	0.290496
-5.21735	-0.410711	0.467864	0.0196017	0.0284107	0.243878	0.0131617	0.160923	0.130884	0.174374	0.141338	0.154484	0.0679554	-0.022112	0.0527454	-0.0340777	0.289262
-5.1882	-0.398346	0.391494	0.0173975	0.085363	0.136148	-0.104784	0.180267	0.0553876	0.176466	0.106398	0.00558038	0.114344	0.00865162	0.0527611	-0.0204585	0.140961
-5.19552	-0.418692	0.400406	0.0121931	0.179918	0.0910748	-0.162478	0.223035	0.120992	0.128267	0.0828429	0.0631083	0.119734	-0.0709208	0.0451503	-0.00857373	-0.0351267
-5.25819	-0.364669	0.530994	0.0117249	0.0420026	0.159634	0.0104323	0.415466	0.199238	0.122275	0.153262	0.1065	0.0804024	-0.0428343	0.0972485	-0.00011539	0.0645791
-5.29712	-0.3516	0.472293	0.132993	0.0466195	0.210017	0.0430757	0.514168	0.112575	0.063986	-0.0123331	0.253045	0.146772	0.0290845	0.10074	0.0816878	0.088008
-5.31083	-0.340033	0.459386	0.172471	0.109776	0.235417	0.0274059	0.414107	0.119512	0.132053	-0.0179843	0.24877	0.158237	0.0674366	-0.0431124	0.0393413	0.152266
-5.30936	-0.202672	0.460842	-0.0408697	0.105089	0.319655	0.0967202	0.406551	0.121057	0.1736	-0.0369239	0.148035	0.19772	0.158192	0.0361758	-0.00575706	0.170109
-5.38229	-0.232804	0.387549	-0.0288599	0.129276	0.387692	0.214913	0.285253	0.00386417	0.184457	-0.00189487	0.128004	0.134296	0.0976142	0.135873	0.0616239	0.11918
-5.30131	-0.251187	0.426266	0.0347323	0.0772652	0.418614	0.100455	0.133804	-0.167251	0.130995	0.0344354	0.152387	0.00814548	0.056502	0.0858723	0.155183	0.145288
-5.31697	-0.124075	0.451809	-0.0172354	-0.0175757	0.385755	-0.0163416	0.175585	-0.211176	-0.112808	-0.0340976	0.0773451	-0.0567348	0.0561436	0.0568248	0.139767	0.170063
-5.39138	0.0727429	0.624958	0.18929	0.153764	0.423034	0.0463193	0.266631	-0.0759525	-0.111975	0.0106203	-0.0549781	-0.0186307	3.14427e-05	-0.166983	0.107312	0.150428
-5.71077	0.392641	0.635832	0.486734	-0.0128993	0.123565	-0.0150981	0.38196	-0.104489	0.00944024	-0.34003	-0.18909	0.0458238	0.201765	0.130794	0.0357161	0.319848
-5.58847	1.43379	1.04396	0.36277	0.551439	0.76556	-0.0754239	0.035968	0.28462	-0.0478336	-0.516838	-0.301008	0.102159	0.0449967	0.0595134	0.149941	0.270757
-4.38179	2.56333	0.339213	1.16913	0.496242	-0.244666	-0.307023	0.201552	0.047358	-0.0986348	-0.198476	-0.339719	0.259607	0.25325	-0.122423	0.2347	-0.106976
-3.72253	3.01389	-0.295161	0.826433	-0.0676634	-0.0220331	-0.405949	-0.114807	-0.0531305	0.178795	-0.0467975	-0.100818	0.310211	-0.0315149	-0.256855	0.155803	0.0123694
-3.23853	2.86681	-0.713176	0.780014	-0.331856	-0.0801286	-0.247232	-0.29196	0.348919	-0.163816	0.192057	-0.179965	0.32092	0.0117036	-0.39553	0.209119	-0.182624
-3.10558	2.6185	-0.50769	0.596491	-0.253627	-0.150762	-0.13449	-0.0202412	0.161969	0.10302	0.067885	-0.327541	0.308924	-0.109169	-0.177449	0.154408	0.0423838
-3.13425	2.49973	-0.604363	0.574982	-0.244859	-0.21685	-0.0450446	0.0483686	0.421973	0.0623942	0.115597	-0.222	0.204368	-0.23991	-0.424679	0.142086	-0.180049
-2.95403	2.40387	-0.744226	0.39185	-0.132851	-0.214659	-0.0879696	0.151632	0.31096	0.114563	0.13537	-0.174776	0.241948	-0.209732	-0.554234	0.068866	-0.303063
-3.04004	2.63333	-1.11219	0.323003	-0.0529725	-0.213751	0.284624	0.036749	0.47933	0.100302	-0.0744305	-0.132316	0.118867	-0.177921	-0.406366	0.0163442	-0.301197
-3.01138	2.60529	-1.28194	0.468526	-0.242429	0.0703068	0.207193	0.0563566	0.547923	-0.0353074	-0.080157	-0.140696	0.0653818	-0.0234245	-0.502957	0.115025	-0.396795
-2.82784	2.39607	-1.05699	0.333058	-0.143891	0.0798607	0.222817	0.144966	0.438809	0.0653317	-0.225562	-0.128545	0.0180961	-0.0138512	-0.379556	0.105045	-0.201168
-2.88431	2.47634	-1.0303	0.332835	-0.175617	0.0706477	0.316587	0.00848142	0.568362	-0.0434273	-0.19054	-0.207032	0.0721789	-0.0341266	-0.309164	0.0997389	-0.189074
-2.89915	2.50972	-1.08079	0.422608	-0.254538	0.0203876	0.362098	-0.0892556	0.619102	-0.100332	-0.119784	-0.289439	0.111581	-0.0227353	-0.288546	0.122993	-0.259704
-2.94369	2.68458	-1.01447	0.385539	-0.141262	0.0381066	0.324407	0.044179	0.473949	0.0696177	-0.255291	-0.202945	0.0462368	-0.0796118	-0.141251	0.0370186	0.0574199
-2.93642	2.6963	-1.06669	0.339706	-0.15871	0.00906875	0.371671	-0.11246	0.504952	-0.0356731	-0.175297	-0.244928	0.107208	-0.0598555	-0.110727	-0.0147483	-0.0687202
-2.88018	2.59125	-1.01103	0.233736	-0.111259	0.0321605	0.341	-0.131831	0.483533	-0.106211	-0.113267	-0.245188	0.118308	0.0101174	-0.196705	0.0607432	-0.187262
-2.95677	2.72909	-1.12427	0.227012	-0.0693363	0.050163	0.270201	-0.0950678	0.35162	-0.0582883	-0.159124	-0.206729	0.165357	-0.0316921	-0.131799	0.00168079	-0.199674
-3.00668	2.77039	-1.1597	0.170481	-0.0130002	0.025791	0.26919	-0.162734	0.309556	-0.0860992	-0.149328	-0.169595	0.16491	0.0433575	-0.223847	0.0933047	-0.359946
-2.91738	2.63662	-0.979872	0.0147746	0.154543	-0.0287186	0.317468	-0.181731	0.313715	-0.125853	-0.115896	-0.156215	0.163195	0.000334215	-0.110266	-0.0121324	-0.21196
-2.9925	2.67755	-1.00875	0.0495138	0.0740307	0.0106729	0.306491	-0.250932	0.339205	-0.224747	-0.0705947	-0.151296	0.143866	0.0868796	-0.170123	0.0180798	-0.303013
-3.18186	2.91862	-1.13805	0.12145	0.0304024	0.0118434	0.346629	-0.295298	0.320886	-0.205646	-0.076181	-0.137942	0.170662	0.0832518	-0.191956	0.0768638	-0.400475
-3.22218	2.90133	-0.943403	-0.0867068	0.225781	-0.109009	0.416183	-0.251944	0.19386	-0.0827065	-0.160336	-0.0595249	0.124287	0.0865576	-0.134009	0.0475667	-0.368618
-3.24634	2.89912	-0.986577	-0.0635813	0.124094	-0.0281523	0.363374	-0.2779	0.178756	-0.0781106	-0.158825	-0.073409	0.116833	0.121177	-0.136474	0.0434443	-0.469403
-3.21448	2.85825	-0.955577	-0.0235636	0.0919286	0.0499102	0.377131	-0.270545	0.159199	-0.0652304	-0.161536	-0.0331955	0.0672752	0.126981	-0.100692	0.00738393	-0.357643
-3.13046	2.77024	-0.969643	0.0451427	-0.000991506	0.179837	0.288463	-0.21665	0.082708	-0.0602808	-0.0979774	-0.0633175	0.0775185	0.14007	-0.091647	0.048981	-0.388937
-3.07535	2.70358	-0.922686	-0.0616781	0.116676	0.0829961	0.405781	-0.27225	0.0957454	-0.0567719	-0.0955832	-0.0473271	0.0516143	0.136808	-0.0790171	0.0695169	-0.397421
-3.14858	2.74825	-0.957563	-0.078713	0.0879899	0.0917983	0.368966	-0.281813	0.060704	-0.107552	-0.057579	-0.0350545	0.0168684	0.176832	-0.123594	0.13227	-0.534872
-3.15833	2.77069	-0.932859	-0.0825766	0.0837469	0.157816	0.3009	-0.188935	-0.0303677	-0.0330832	-0.0783253	-0.0584689	0.0735069	0.122078	-0.0888996	0.144955	-0.512422
-3.24062	2.91484	-0.927298	-0.0582915	0.0411956	0.285167	0.217008	-0.0296545	-0.149985	0.0230633	-0.049038	-0.0581553	0.0636335	0.0718	-0.0054304	0.0851215	-0.387904
-3.21557	2.78519	-0.806777	-0.182465	0.0958437	0.154657	0.347195	-0.193514	0.00990262	-0.190845	0.0950085	-0.153358	0.128297	0.032304	-0.0304277	0.118626	-0.45124
-3.20298	2.80283	-0.796004	-0.208393	0.107261	0.211367	0.325399	-0.186608	0.00919329	-0.127067	-0.0502198	0.0577593	-0.0689282	0.158781	-0.126533	0.171479	-0.406088
-3.34471	3.00973	-0.903596	-0.156468	0.0754262	0.163729	0.395958	-0.220476	-0.00329676	-0.14276	-0.0461334	0.0405767	-0.0069446	0.0815955	-0.111555	0.194542	-0.428143
-3.33078	2.98664	-0.803138	-0.163331	0.10252	0.168479	0.466744	-0.218962	0.0362893	-0.132722	-0.0610335	0.0640592	-0.0188893	9.43073e-07	-0.02978	0.110508	-0.229726
-3.32955	2.90433	-0.777594	-0.151015	-0.0302424	0.265111	0.333854	-0.14402	-0.0454687	-0.143064	-0.0763913	0.0646995	-0.0270372	0.00232102	-0.06617	0.166862	-0.342528
-3.3313	2.9142	-0.711455	-0.179986	-0.0168994	0.291308	0.399049	-0.24185	0.0761283	-0.243322	-0.0468229	0.127792	-0.105215	0.0481652	-0.0972708	0.205273	-0.280125
-3.37687	2.99505	-0.738763	-0.140561	-0.0390065	0.321786	0.33521	-0.0831437	-0.0585923	-0.193603	-0.0063741	0.0283695	0.0283637	-0.107477	-0.0231402	0.185596	-0.19846
-3.36694	2.91446	-0.665478	-0.119702	-0.119313	0.39652	0.284942	-0.0682816	-0.0588222	-0.241141	0.0221037	0.0307313	0.0126394	-0.134386	0.0156932	0.163667	-0.193822
-3.41042	2.97472	-0.628514	-0.147273	-0.116477	0.415528	0.279675	-0.0490542	-0.0503106	-0.264631	0.0278937	0.0593453	-0.0255527	-0.116226	-0.00244315	0.163681	-0.148298
-3.51526	3.0591	-0.644405	-0.169493	-0.144694	0.357069	0.370152	-0.183863	0.0999032	-0.458081	0.149315	-0.0152526	-0.0131318	-0.0724644	-0.0892852	0.248618	-0.282613
-3.4714	3.00126	-0.578998	-0.145602	-0.144058	0.420972	0.245713	0.00850604	-0.068573	-0.34715	0.0701197	0.0163885	0.0307245	-0.165243	0.0158399	0.141968	-0.121365
-3.55954	3.09773	-0.594899	-0.0989482	-0.182029	0.394996	0.339465	-0.0966064	0.0474499	-0.421545	0.131328	-0.0665063	0.102522	-0.23663	0.125424	0.0364489	-0.0768542
-3.6084	3.11468	-0.536474	-0.110894	-0.182544	0.407341	0.284379	-0.0338951	0.0179893	-0.373668	0.061202	0.0204717	0.0180264	-0.15196	0.0859532	0.0506987	-0.0977466
-3.61993	3.04994	-0.395187	-0.178758	-0.103795	0.321791	0.277274	0.025371	0.0565054	-0.376583	0.0722522	-0.0709964	0.114231	-0.186096	0.137261	-0.0181486	-0.0996104
-3.65909	3.02802	-0.453257	-0.0576383	-0.263915	0.391039	0.163522	0.0273396	0.107288	-0.454961	0.0969073	-0.126519	0.128833	-0.131763	0.14613	-0.0741249	-0.196314
-3.73678	3.04219	-0.375872	-0.111398	-0.176178	0.236188	0.212614	-0.0347733	0.284728	-0.586762	0.169857	-0.252528	0.203235	-0.0818992	0.164231	-0.145501	-0.24337
-3.83838	3.15002	-0.428643	-0.010094	-0.302638	0.311689	0.101859	0.0407538	0.207721	-0.543932	0.16061	-0.270655	0.214528	-0.116148	0.201326	-0.155566	-0.271963
-3.87488	3.10238	-0.317053	-0.0178886	-0.302978	0.307547	0.067865	0.0919658	0.246213	-0.534653	0.113942	-0.233612	0.134524	0.00825385	0.129199	-0.151534	-0.265535
-3.88198	3.01931	-0.182808	-0.040386	-0.290811	0.317287	0.0273977	0.110096	0.247535	-0.536223	0.137966	-0.270861	0.165151	-0.0274984	0.178694	-0.195756	-0.215321
-3.98246	3.13172	-0.264145	0.056994	-0.390962	0.334558	-0.0472887	0.122439	0.302532	-0.549857	0.132517	-0.28155	0.16721	0.0459815	0.139313	-0.210022	-0.350579
-4.09095	3.20682	-0.217225	0.0185426	-0.267067	0.24373	0.00461025	0.0733954	0.335533	-0.591502	0.219699	-0.321199	0.214343	-0.0147095	0.171984	-0.247608	-0.316556
-4.19946	3.18689	-0.195849	0.0917667	-0.241392	0.319648	-0.172999	0.0863813	0.206681	-0.506339	0.195302	-0.225513	0.131921	0.0953167	0.0271077	-0.163913	-0.380043
-4.55417	3.13626	-0.0107779	0.224153	0.116288	0.360568	-0.137547	-0.176418	0.236275	-0.559626	0.204614	-0.199085	0.150431	0.0982626	0.0883854	-0.229428	-0.371989
-4.91644	3.06339	-0.103487	0.649263	0.558515	0.608512	0.0657398	-0.30989	-0.16131	-0.637327	-0.028676	-0.221893	0.263003	0.12862	0.271874	-0.215097	-0.374124
-4.95966	3.24084	-0.0573563	0.550396	0.656869	0.397027	-0.0940791	-0.409054	-0.125103	-0.558259	0.270304	-0.144512	0.302007	0.022446	0.106976	-0.247732	-0.369987
-4.86908	3.12947	0.013807	0.602003	0.673719	0.314894	-0.195768	-0.393598	-0.298088	-0.250931	0.166791	-0.00535335	0.25702	-0.125317	0.188622	-0.36852	-0.285381
-4.95347	3.16086	0.0226709	0.56943	0.713252	0.234103	-0.321595	-0.447537	-0.279218	-0.2763	0.404405	-0.125225	0.255358	-0.164588	0.125037	-0.29827	-0.432573
-5.05474	3.31317	0.0817287	0.607801	0.72981	0.274168	-0.406237	-0.43939	-0.266637	-0.177486	0.358878	0.0266748	0.098646	-0.158501	0.0724362	-0.166768	-0.383858
-5.04761	3.25819	0.285418	0.670146	0.736899	0.367688	-0.444833	-0.434715	-0.177424	-0.168229	0.401786	0.0320494	0.107723	-0.320297	0.182621	-0.201781	-0.11937
-5.12168	3.27268	0.393446	0.413772	0.963618	0.129821	-0.378529	-0.445992	-0.264538	-0.13984	0.367332	-0.0221375	0.161259	-0.372714	0.263947	-0.2073	-0.259388
-5.26601	3.55438	0.229362	0.620976	0.797248	0.14409	-0.337263	-0.371128	-0.279596	-0.0756318	0.287865	-0.0350331	0.0351036	-0.155519	0.257685	-0.240087	-0.21335
-5.46244	3.43239	0.691161	0.54376	0.90038	0.100892	-0.298485	-0.448324	-0.100507	-0.144814	0.35636	-0.325671	0.325323	-0.160063	0.372549	-0.350009	-0.160175
-6.03961	3.49905	1.08548	0.405653	0.725841	0.136351	-0.491064	-0.344439	-0.0576923	-0.0070865	-0.0174445	-0.450901	0.20976	0.233528	0.250217	-0.372672	-0.288793
-6.3898	3.32502	1.15672	0.766298	0.515099	-0.0873636	-0.294378	-0.285176	-0.170476	-0.157281	0.0805182	-0.225828	-0.00242128	-0.0651098	0.388666	-0.154743	-0.263474
-6.9576	2.71813	1.59881	1.00547	0.450859	-0.122384	-0.352967	0.0168646	-0.280771	-0.349859	-0.109476	0.0220796	0.195897	0.0284041	0.193045	0.0149149	-0.17723
-7.10097	1.57339	1.04838	0.768638	0.39591	0.285259	-0.632875	-0.541265	-0.717447	-0.257471	-0.196099	0.0132937	0.15812	0.123748	0.0930527	-0.2061	-0.059414
-8.05311	1.98038	1.32161	0.746499	0.861328	0.24654	-0.5427	-0.198333	-0.684141	-0.474359	-0.19145	0.102592	0.191848	-0.0211117	0.222703	-0.300934	-0.404033
-7.98579	1.83524	0.916397	0.547564	0.352103	0.24523	-0.180737	-0.0483564	-0.286575	-0.147291	-0.258545	-0.284724	-0.100322	-0.13618	0.0105422	-0.0990167	0.033407
-7.79399	1.79401	0.283315	0.851256	0.333534	0.148121	0.0274895	-0.0282723	-0.0688131	-0.122674	-0.190176	-0.185567	-0.10859	-0.123897	0.0369627	-0.0250341	0.101241
-6.17949	1.18368	0.305707	0.200523	0.435134	0.162739	-0.12743	0.286426	0.0090159	0.0148325	0.0919457	0.0659603	0.122117	-0.11127	0.112638	-0.0332438	0.0671891
-5.20234	0.854909	0.375342	0.187927	0.324412	0.247993	-0.148034	0.2406	0.153534	-0.0778718	0.148266	0.190331	0.120864	-0.0117269	0.110979	0.0513314	0.109363
-4.85502	0.662286	0.609647	0.261095	0.396654	0.281861	-0.156548	0.226631	0.252344	-0.0216317	0.0721032	0.293941	0.168594	0.00903256	0.0261813	0.130862	0.0496505
-4.99704	0.405945	0.777306	0.288011	0.389681	0.36217	-0.184568	0.21624	0.336275	0.193088	0.0322529	0.283835	0.371446	-0.0154262	0.0256904	0.147385	0.0246871
-5.27028	0.13297	0.831674	0.503179	0.265864	0.248728	-0.158345	0.194581	0.313925	0.189586	0.0077644	0.218207	0.449427	0.00901586	0.0420964	0.128696	0.0830905
-5.34216	0.23805	0.78217	0.487226	0.228538	0.226226	-0.110157	0.234745	0.202638	0.181814	-0.204972	0.100287	0.32723	0.0426529	-0.0376799	0.112684	0.00969593
-5.57642	0.834683	0.576882	0.592557	-0.110329	0.177319	-0.445768	0.137385	0.0331788	0.156285	-0.465855	0.255741	0.0831729	-0.0521999	-0.0604131	-0.0535577	-0.160941
-5.4738	1.15493	1.08376	0.586145	0.290271	0.275265	-0.38153	0.0738246	0.426649	-0.0104468	-0.151742	-0.13696	-0.0184499	0.0240294	0.151127	-0.194164	-0.187963
-4.64172	2.13848	0.983775	1.05461	0.301195	0.237596	-0.325385	-0.00856066	0.212729	0.0777485	-0.0777891	0.0412921	0.430894	-0.100966	-0.0607448	-0.0194256	0.19791
-4.57674	2.53178	0.828964	0.295508	0.224618	0.200856	-0.290679	-0.116669	0.177829	-0.000617682	-0.269138	-0.00521532	0.186169	-0.0880197	-0.193254	0.0821125	0.0785379
-4.51433	2.70147	0.715597	0.256919	0.309539	0.155606	-0.382629	0.0622577	0.147518	-0.0127435	-0.249888	0.160572	0.306009	-0.352166	0.15998	-0.129375	0.109317
-4.59273	2.74973	0.577361	0.683239	0.0576933	-0.0125509	-0.0671664	-0.1013	0.0741968	0.0572614	-0.187655	0.0505493	0.372573	-0.127122	-0.188849	0.119779	0.0295767
-4.61385	2.66069	0.95086	0.69909	-0.0286873	0.158646	-0.0542571	-0.160508	0.274868	0.0501233	-0.137439	0.242226	0.305402	-0.0641593	0.0552899	-0.124713	0.245271
-4.68695	2.77222	1.21407	0.471107	0.203546	0.294202	-0.0676829	-0.219204	0.384144	0.23283	-0.0728692	0.263288	0.432366	0.0764264	0.00289278	-0.0445491	0.410737
-4.65239	2.67208	0.858406	0.674997	0.253397	0.422482	-0.302497	-0.164953	0.0737358	0.279611	-0.158133	0.31037	0.517855	-0.0256037	-0.0309815	0.0852511	0.257922
-4.67576	2.3389	0.993051	0.4673	0.308197	0.553225	-0.6036	0.0646153	0.167838	-0.25365	-0.21153	0.390822	0.323118	-0.0556357	0.201274	-0.096854	0.193862
-4.94068	1.86879	1.45023	0.496154	0.289456	0.385916	-0.369321	0.210833	-0.283512	-0.0560055	-0.349379	0.151619	0.35325	-0.0547122	0.178277	0.0555218	0.0159161
-5.19961	1.29834	1.45704	0.792145	0.647582	0.521456	-0.250771	-0.247795	-0.155463	-0.134709	-0.488618	0.0498845	0.288764	0.13151	-0.026175	0.140079	-0.0513094
-5.37279	1.01272	1.94377	0.581756	0.701201	0.149205	-0.31918	0.264454	-0.292206	-0.0415154	-0.174039	0.0434027	0.0512974	-0.129831	-0.111907	0.070314	0.203484
-5.49093	0.459814	1.76793	0.736548	0.853871	0.224838	-0.46994	-0.00692657	-0.139592	-0.100632	-0.459294	0.237867	-0.00169	-0.0425584	-0.310564	-0.0432461	-0.0340049
-5.80279	0.211222	1.33093	0.365878	1.06205	0.520382	-0.192236	-0.0714993	-0.0877161	-0.149235	-0.534548	0.092022	0.125631	-0.198645	-0.225374	-0.090387	-0.0888629
-6.08847	-0.412425	1.0454	0.0355894	0.757619	0.420906	0.309813	0.198788	-0.255273	-0.476351	-0.208531	-0.118596	-0.165834	0.0121338	-0.164334	-0.166328	0.106609
-5.85771	-0.197416	1.02571	-0.113669	0.282891	-0.0688835	0.126925	0.153922	0.0687217	-0.180537	-0.233302	-0.0334476	0.0640128	-0.132204	-0.165897	-0.0125255	-0.0214318
-5.92684	-0.238017	0.950861	-0.232106	0.232109	-0.187489	0.013725	0.16941	0.0291753	-0.322021	-0.211176	0.16554	0.138807	-0.081847	-0.142552	0.00571994	0.0176725
-6.04892	-0.207754	0.868221	-0.226973	0.165913	-0.325171	0.046286	0.29839	0.100737	-0.242444	-0.211291	0.23007	0.0364808	-0.183128	-0.0662781	-0.00441897	0.01796
-6.16046	-0.0786087	0.869539	-0.126877	0.251267	-0.21103	0.0288075	0.180099	0.210753	-0.141318	-0.0526544	0.269855	0.10295	-0.108637	0.136395	0.175772	0.166149
-6.24367	-0.0391153	0.911337	-0.0800973	0.316765	-0.142264	0.078177	0.252065	0.20724	-0.0400335	-0.0826622	0.155905	0.236787	0.0736681	0.162096	0.121051	0.162887
-6.3095	-0.188702	0.937233	-0.124481	0.403819	-0.13587	0.100737	0.271998	0.237785	0.0124842	0.040959	0.181468	0.391686	0.107083	0.0699084	-0.0302253	0.0685788
-6.29371	-0.286245	0.932731	-0.21967	0.312242	-0.137085	0.152585	0.300647	0.277674	0.038872	0.115586	0.135626	0.387706	0.108082	0.0553243	-0.0349725	0.128776
-6.26924	-0.349554	0.884773	-0.191261	0.262352	-0.27015	0.114336	0.273975	0.302697	0.0122434	0.122781	0.0862	0.15185	0.00505798	0.116981	-0.144661	0.0648346
-6.19338	-0.285172	0.793931	-0.312398	0.32557	-0.173704	0.160181	0.287989	0.239037	-0.0733628	0.0126336	0.0735219	0.150432	0.0376112	0.134126	-0.0881422	0.0456031
-6.07923	-0.348695	0.729737	-0.243288	0.353161	-0.103266	0.184604	0.250287	-0.00244858	-0.196112	0.0239747	0.182276	0.233004	0.0788618	0.174131	0.124199	0.147222
-6.09217	-0.373955	0.885117	-0.164914	0.450114	-0.0527811	0.281794	0.331876	0.170132	0.0216722	0.059326	0.182702	0.191918	-0.0497836	0.175333	0.214892	0.25833
-6.14817	-0.305303	0.96934	-0.236417	0.497793	-0.0908448	0.156881	0.307236	0.256587	0.102748	0.0776618	0.255605	0.122589	-0.0606118	0.118165	0.273494	0.150722
-6.08277	-0.37856	0.772353	-0.3766	0.498097	-0.0960357	0.15289	0.397198	0.257694	0.118611	0.0372887	0.126639	0.0168679	-0.197729	0.0860633	0.294724	0.108151
-6.02101	-0.46155	0.662429	-0.371616	0.476296	-0.00464441	0.220506	0.458518	0.328784	0.18521	0.152145	0.0718043	0.0232255	-0.155486	0.14201	0.254649	0.0022219
-5.97826	-0.512266	0.813677	-0.152956	0.412552	0.0931887	0.175774	0.364666	0.24432	0.121235	0.132487	0.033078	0.0223064	0.00617042	0.184142	0.230999	0.0309606
-5.81517	-0.551927	0.927504	0.0166274	0.385439	-0.0330731	0.13371	0.344671	0.153358	0.00946326	0.0617041	0.238734	0.0517132	-0.0892546	0.0155769	0.202814	-0.0535942
-5.51329	-0.473806	0.939164	0.0741603	0.307491	-0.144244	0.116973	0.264672	0.136343	-0.025958	-0.0173967	0.180928	0.0792937	0.0256892	0.10695	0.136657	-0.180828
-5.42696	-0.488781	0.724553	0.0395402	0.174761	-0.249179	-0.00902905	0.135431	0.112048	0.072153	-0.0904919	0.12008	0.110088	-0.0228283	0.0383597	0.093821	-0.118258
-5.32601	-0.255344	0.544757	0.253786	0.155118	-0.263896	-0.04681	0.160454	0.0603903	0.000566413	0.0232235	0.230527	0.154928	-0.11565	0.0327263	0.217646	-0.00780854
-5.71165	0.402368	0.167406	0.278454	0.255924	-0.296205	-0.429377	0.0797536	-0.0908804	-0.282936	-0.169807	0.411746	-0.0908084	-0.160511	0.0406778	0.0663661	-0.111867
-5.92234	1.1263	0.106989	0.466277	-0.0753137	-0.324961	0.0937296	0.523462	0.112899	-0.116585	-0.0589331	0.0702273	0.159331	-0.267744	-0.0284863	0.104851	0.0784058
-4.86254	2.53225	0.443316	0.938451	-0.0964248	-0.0273841	-0.00544161	0.197225	-0.180103	0.145861	-0.0220594	0.0306234	0.0619693	-0.189268	0.0984636	-0.0988177	0.0783855
-4.21582	2.78447	0.552445	0.62154	0.140579	0.128777	-0.190531	0.168225	-0.0794527	0.13413	-0.0822553	0.248153	0.237813	-0.149967	0.177618	-0.0112485	-0.0273671
-3.7191	2.69125	0.0200154	1.0303	-0.0525498	0.00939698	-0.209769	0.365026	-0.188852	0.0525358	0.0703418	0.0993153	0.277318	-0.177852	0.327166	-0.12347	0.206906
-3.56869	2.39365	-0.198061	0.968808	-0.133732	-0.223592	-0.180126	0.163641	-0.240153	-0.140406	-0.0138818	-0.0404978	0.124157	-0.186041	0.0907679	0.0905158	-0.115701
-3.58564	2.32723	-0.164217	0.949888	-0.215594	-0.153223	-0.184946	0.221443	-0.329918	-0.139448	-0.0734313	-0.18314	0.166567	-0.367936	0.272143	-0.0301049	0.0329008
-3.53317	2.31681	-0.171733	0.954355	-0.124919	-0.165159	-0.173112	0.279276	-0.27935	-0.228671	0.0168042	-0.200031	0.130494	-0.29285	0.211007	0.0472905	0.0547073
-3.5706	2.23611	-0.147029	0.926434	-0.190072	-0.228682	-0.0654775	0.180056	-0.391271	-0.100531	-0.244145	-0.147515	-0.00262562	-0.345071	0.252555	-0.0283978	0.0988197
-3.54376	2.42115	-0.303404	1.12287	-0.205151	-0.178476	0.00255329	0.164534	-0.189676	-0.258853	-0.00874038	-0.195924	0.0321837	-0.265161	0.210139	0.0605502	0.147073
-3.42989	2.1927	-0.256913	1.03454	-0.255022	-0.0790925	-0.171539	0.209567	-0.270495	-0.247978	-0.0823558	-0.293942	0.0921446	-0.452587	0.345525	-0.0682976	0.163229
-3.45578	2.17418	-0.271326	0.958823	-0.238887	-0.143796	-0.231034	0.27103	-0.373617	-0.262	-0.119125	-0.321999	0.00126758	-0.416282	0.252001	0.0134793	0.0784266
-3.49606	2.23317	-0.37865	1.03134	-0.334275	-0.0974708	-0.265485	0.224286	-0.355159	-0.311036	-0.135336	-0.346454	-0.0418624	-0.432175	0.246737	0.0161326	0.0552859
-3.48946	2.23027	-0.378315	0.952654	-0.31819	-0.0904864	-0.253281	0.145941	-0.289731	-0.38813	-0.0998698	-0.448889	0.0235234	-0.523876	0.312168	-0.0295862	0.0491927
-3.50871	2.29288	-0.492956	0.961552	-0.321842	-0.044642	-0.338588	0.206755	-0.345293	-0.38664	-0.139558	-0.454853	-0.0444064	-0.481998	0.282053	-0.00910736	0.0216994
-3.4597	2.24783	-0.513123	0.97811	-0.344771	-0.0160909	-0.376099	0.270313	-0.409959	-0.345556	-0.228	-0.397803	-0.0630006	-0.46718	0.271167	-0.0031099	0.0128984
-3.38958	2.31681	-0.501374	1.04501	-0.29039	0.0843877	-0.252809	0.235055	-0.246524	-0.330112	-0.191081	-0.312695	-0.0322726	-0.428205	0.376779	-0.0318015	0.144934
-3.47016	2.42658	-0.638854	1.04624	-0.370061	0.132084	-0.325563	0.228869	-0.270374	-0.366381	-0.266823	-0.309251	-0.0630678	-0.457346	0.359402	-0.0197864	0.0770231
-3.48349	2.45304	-0.629709	1.09544	-0.361612	0.162644	-0.301275	0.196143	-0.164183	-0.439133	-0.171629	-0.369577	0.00609099	-0.49545	0.40088	-0.0302184	0.119491
-3.47926	2.4651	-0.520037	1.05305	-0.265203	0.206018	-0.26073	0.262338	-0.146661	-0.408716	-0.124486	-0.384826	0.0867938	-0.535435	0.526233	-0.0839196	0.225432
-3.63124	2.64029	-0.646872	1.07907	-0.296409	0.134724	-0.258896	0.139507	-0.113244	-0.426636	-0.185598	-0.353064	0.0402334	-0.533675	0.411563	-0.0292469	0.14729
-3.62351	2.42564	-0.436115	0.998463	-0.248905	0.0603819	-0.162226	0.0444774	-0.0730031	-0.497917	-0.143285	-0.417417	0.0360512	-0.563148	0.414608	-0.00885833	0.12262
-3.79845	2.63417	-0.450225	1.15433	-0.299189	0.226981	-0.323698	0.123383	-0.0657477	-0.43065	-0.102395	-0.375016	0.139351	-0.606575	0.386512	0.00103596	0.189662
-4.07647	2.82754	-0.279097	1.18303	-0.117394	0.234382	-0.229633	0.0757579	0.00284668	-0.412459	-0.0162857	-0.361935	0.310811	-0.607162	0.409159	-0.0273493	0.277243
-4.39991	3.0363	-0.0809911	1.28026	0.169844	0.307997	-0.298329	0.219615	-0.0635896	-0.344751	0.0361683	-0.242203	0.56809	-0.386921	0.373505	-0.126581	0.286091
-4.82884	3.26621	0.418533	1.24308	0.567619	0.313112	-0.448391	0.337612	-0.0941924	-0.416126	0.314387	-0.18719	0.830897	-0.0364587	0.261035	-0.202027	0.199541
-4.74896	3.30248	0.546458	1.19503	0.617532	0.250689	-0.38629	0.466382	-0.134811	-0.259775	0.370362	-0.0469259	0.889669	-0.0869601	0.265339	-0.0879477	0.200681
-4.88278	3.4883	0.521098	1.40948	0.643547	0.410268	-0.416376	0.592791	-0.262513	-0.258566	0.514868	-0.0478752	1.07597	-0.0475821	0.324986	-0.0414378	0.187918
-4.87341	3.46408	0.666614	1.28941	0.827436	0.204566	-0.315791	0.561411	-0.23888	-0.199098	0.494902	0.0228368	0.979492	0.00956372	0.32962	-0.0476542	0.238196
-4.91551	3.32235	0.734944	1.24724	0.696377	0.197242	-0.43086	0.489918	-0.263796	-0.281303	0.47376	-0.0804703	0.870523	0.0589022	0.316281	-0.126384	0.158192
-5.30298	3.40415	0.795281	1.16182	0.586752	-0.0391505	-0.579546	0.511107	-0.391604	-0.394698	0.378552	-0.416627	0.887869	0.0850744	0.316202	-0.301513	-0.0292711
-5.39978	3.64921	0.759776	0.910549	0.591771	0.0052986	-0.289137	0.197353	-0.29477	-0.43586	0.601777	-0.384584	0.548501	0.0354751	0.264352	0.012439	-0.072536
-5.42669	3.6696	1.01388	1.08597	0.562883	0.250464	-0.191468	0.483713	-0.305277	-0.203938	0.631588	-0.26368	0.636907	-0.114108	0.606947	0.00269018	0.289416
-5.9284	3.67295	1.17765	0.998753	0.728124	0.0374124	-0.0968413	0.427864	-0.42435	-0.000669488	0.255829	-0.236607	0.475817	-0.176794	0.66389	0.0851578	0.198297
-6.6538	3.74279	1.37985	0.878016	0.601257	0.104491	-0.399225	0.388784	-0.263243	-0.280492	0.312489	-0.319743	0.126664	-0.175126	0.427024	0.149619	0.237595
-7.36332	3.1799	1.43772	1.13517	0.327468	-0.158027	-0.451106	0.0280986	-0.602677	-0.163435	-0.128465	-0.257765	-0.103313	-0.350683	0.0415509	0.0555165	0.0666176
-8.05924	3.48167	1.47822	0.836406	0.353226	-0.299098	-0.432634	0.0802473	-0.407657	-0.475936	-0.273094	-0.293495	0.041874	-0.324096	-0.109303	-0.190285	0.176297
-7.65692	2.44087	1.32847	1.31672	0.0147033	0.309234	-0.346039	-0.196924	-0.364159	-0.262361	-0.303755	-0.44125	-0.146657	-0.0162486	-0.148829	-0.120847	0.114513
-5.37787	1.44031	0.413333	1.19657	-0.188458	0.275267	-0.121944	-0.213513	-0.392439	0.0805361	0.282272	-0.168453	-0.516954	-0.197551	0.127008	0.169341	-0.143881
-5.78926	0.748493	1.02301	1.32976	0.0911164	0.260263	0.20253	0.120982	-0.692634	-0.378369	0.0167579	-0.42339	-0.192088	0.0456962	-0.250036	-0.03611	-0.0823502
-5.56178	1.46164	1.12157	1.59505	0.465226	0.198154	-0.00921038	0.221064	0.0286908	0.0234739	-0.110961	-0.098184	0.0694078	-0.0399425	0.323183	-0.153174	0.0469632
-5.23984	1.77411	0.777515	1.34475	-0.208706	0.132629	0.232795	-0.0600538	-0.573839	-0.209827	-0.0947014	-0.279713	-0.035289	-0.128235	0.0890669	-0.0854414	-0.131029
-5.19647	2.05009	0.551985	1.3881	-0.0311767	-0.0232587	0.0784063	0.0320166	-0.509361	-0.168523	-0.212209	-0.366864	0.0400456	-0.121391	0.0412323	-0.0645819	-0.044703
-5.17921	2.08794	0.490533	1.38891	-0.196614	-0.0619602	0.166053	-0.197014	-0.445041	-0.325833	-0.166358	-0.33563	-0.0356226	-0.103364	-0.0476786	-0.0448922	-0.164307
-5.14663	2.26624	0.648299	1.50377	-0.136292	0.131225	0.205825	-0.0968821	-0.26758	-0.254515	-0.0285967	-0.226817	0.127879	-0.0641444	0.152556	-0.122406	0.117931
-5.13288	2.26286	0.774271	1.4632	-0.057418	0.0409517	0.224103	0.0215957	-0.506757	0.0313429	-0.216316	-0.0732444	0.179688	-0.14359	0.260787	-0.184829	0.174703
-4.95544	2.08064	0.933849	1.51136	-0.0691162	0.195643	0.245201	-0.0404278	-0.296794	-0.0672161	-0.0611778	-0.0891445	0.171485	0.0459709	0.244458	-0.17347	0.310036
-4.86031	1.94102	0.859687	1.5161	-0.05347	0.042934	0.324964	-0.160972	-0.259421	-0.146167	-0.0646349	-0.0895897	0.0807803	0.0578089	0.205568	-0.172565	0.257842
-4.964	1.96128	0.774031	1.48387	-0.150581	0.022646	0.208189	-0.133439	-0.405168	-0.175236	-0.102828	-0.18287	0.120082	-0.0629943	0.158623	-0.162965	0.12552
-4.96742	2.0876	0.843008	1.50106	-0.132677	0.0949688	0.322721	-0.14419	-0.358429	-0.0851084	-0.0422725	-0.137329	0.145151	0.0771902	0.172471	-0.143704	0.271134
-4.9408	1.85413	0.935968	1.4192	-0.196155	0.015648	0.314992	-0.252447	-0.42366	-0.143552	-0.137035	-0.199994	0.137592	-0.0290437	0.168876	-0.14624	0.130238
-5.03554	1.85969	0.797925	1.41255	-0.281741	-0.122961	0.329724	-0.504384	-0.356784	-0.282419	-0.145386	-0.332119	0.0930402	-0.0636903	-0.0146597	-0.0356206	-0.0980726
-4.84114	1.9886	0.86774	1.62354	-0.177982	0.207241	0.232477	-0.0611095	-0.428888	0.0280648	-0.0709651	-0.135473	0.234463	0.0921866	0.191858	-0.0224418	0.305184
-4.75681	1.87038	0.961447	1.50496	-0.0718463	0.0583741	0.359775	-0.197974	-0.304245	-0.0444422	-0.0718988	-0.138071	0.230201	0.0946751	0.220507	-0.0661938	0.32558
-4.73137	1.95434	0.775607	1.57197	-0.102969	0.0363685	0.376461	-0.259254	-0.306709	-0.0943389	-0.0124886	-0.206924	0.254868	0.130437	0.11796	0.00658968	0.260892
-4.61764	1.88659	0.818308	1.5491	-0.123064	-0.00180551	0.380837	-0.220212	-0.348338	-0.0597667	-0.0359483	-0.0947652	0.141935	0.156694	0.171964	-0.0818503	0.320244
-4.68941	1.95662	0.756832	1.496	-0.193237	-0.0408697	0.219709	-0.145542	-0.435275	-0.0880417	-0.0764762	-0.144856	0.136747	0.114538	0.0289864	0.0623277	0.12125
-4.76115	2.08387	0.630665	1.45907	-0.344041	0.0422261	-0.0655744	0.0196815	-0.638868	-0.0218383	-0.130896	-0.234558	0.14692	0.0440499	0.0411907	-0.0731707	0.0529109
-4.59651	2.16898	0.647099	1.62129	-0.262205	0.0204461	0.291381	-0.138508	-0.377227	0.0294995	-0.0151563	-0.127821	0.28419	0.0880359	0.244544	-0.135176	0.342303
-4.59825	2.25134	0.642741	1.48671	-0.199883	-0.0658179	0.276876	-0.144261	-0.342833	0.0113286	-0.0386183	-0.0782946	0.270814	0.0688069	0.213154	-0.127154	0.313381
-4.47605	2.31318	0.635143	1.52811	-0.167177	-0.0260984	0.279001	-0.0453567	-0.337511	0.153665	-0.0403803	0.0470257	0.224761	0.209378	0.232067	-0.105557	0.417593
-4.48366	2.25567	0.540295	1.29438	-0.171588	-0.141228	0.100992	-0.0368643	-0.582477	0.208744	-0.167331	-0.0701826	0.281365	-0.0428233	0.263482	-0.215693	0.177002
-4.47142	2.2854	0.873453	1.079	-0.0788444	-0.0855027	0.115736	0.0350328	-0.474507	0.17658	-0.0120305	0.0569973	0.170973	0.174759	0.17744	-0.141807	0.289127
-4.36592	2.22876	0.742562	1.09439	-0.067777	-0.238813	0.107845	-0.0110317	-0.49631	0.159894	0.000333014	-0.0389053	0.310524	-0.000593716	0.193306	-0.112344	0.138707
-4.3603	2.42461	0.387801	1.11865	-0.141418	-0.290068	0.01833	-0.0789311	-0.482162	0.127556	-0.0617262	-0.0288483	0.303837	-0.110026	0.170424	-0.128159	0.00507171
-4.29215	2.37403	0.464372	1.02314	-0.0973301	-0.426613	0.134945	-0.290635	-0.293343	-0.0366468	0.0890084	-0.00127609	0.196437	0.020116	0.0766131	-0.106013	-0.0379651
-4.22012	2.39149	0.587241	0.83741	0.0849505	-0.396182	-0.0483899	-0.0413715	-0.439386	0.133704	0.114519	-0.0373291	0.318051	0.0683647	-0.00245869	0.000337842	-0.0301696
-4.26664	2.49984	0.701782	0.790737	-0.0176505	-0.189301	-0.22263	0.000940341	-0.30269	0.0699099	0.147437	0.157583	0.19282	0.0911494	0.157504	-0.137264	0.069171
-4.15706	2.49625	0.459351	1.17292	-0.262455	-0.14227	-0.125237	-0.102083	-0.21138	0.0615086	0.223049	0.118121	0.292926	0.0237411	0.284088	-0.221198	0.119912
-4.17743	2.64127	0.444412	1.11099	-0.216801	-0.180784	-0.096786	0.0669487	-0.37956	0.295156	0.130456	0.0650314	0.481892	-0.076475	0.317554	-0.125115	0.0943175
-4.18834	2.66221	0.450435	1.13016	-0.337689	-0.207723	-0.00137261	-0.00942534	-0.289832	0.19891	0.27146	-0.0245711	0.388792	0.0586906	0.226188	-0.130776	0.0927625
-4.02459	2.71573	0.30581	1.20044	-0.258673	-0.11462	-0.0373124	0.113444	-0.175827	0.283462	0.16421	0.262856	0.276339	0.161203	0.207658	-0.0263615	0.226887
-3.9863	2.67346	0.193504	1.11046	-0.252233	-0.172866	-0.203769	0.335413	-0.336999	0.231576	0.243055	0.0973896	0.26702	0.0700087	0.212919	-0.131624	0.208166
-4.04763	2.6878	0.227584	1.00942	-0.180678	-0.233333	-0.227736	0.450857	-0.451879	0.324313	0.145677	0.13643	0.207964	0.0560221	0.196056	-0.113117	0.196073
-4.11205	2.68291	0.145968	1.01592	-0.354699	-0.143171	-0.249832	0.256565	-0.338202	0.228526	0.0639896	0.0776277	0.211718	-0.037633	0.154978	-0.128688	0.0882352
-4.08808	2.68951	0.164418	0.955398	-0.246525	-0.221835	-0.117061	0.135043	-0.111308	0.0675288	0.232457	0.0139553	0.250881	-0.121018	0.337417	-0.299464	0.250567
-4.01355	2.56726	0.017654	1.1366	-0.227433	-0.332417	-0.0239257	0.110499	-0.199295	0.151921	0.128029	0.0386834	0.291317	-0.184698	0.341379	-0.2499	0.199377
-3.99022	2.46368	0.0907044	1.04686	-0.208341	-0.277946	-0.122654	0.205006	-0.349494	0.220996	0.0683924	0.117917	0.146548	-0.0549502	0.234484	-0.212112	0.158374
-4.04658	2.53607	0.0475518	1.13362	-0.194124	-0.258992	-0.143977	0.162946	-0.224869	0.15352	0.0763146	0.177068	0.159657	-0.0956072	0.310133	-0.235496	0.202257
-4.21035	2.73902	0.171869	1.03674	-0.0201959	-0.370535	-0.00208649	0.210065	-0.234531	0.182168	0.18244	0.0994508	0.229137	0.0116304	0.260075	-0.097123	0.248905
-4.25789	2.77116	-0.109709	1.28368	-0.227146	-0.222263	-0.157466	0.191398	-0.244021	0.0808524	0.0834304	0.173279	0.195973	-0.0943481	0.326754	-0.176557	0.178747
-4.23886	2.53604	-0.0260624	1.23883	-0.206909	-0.309198	-0.168813	0.179622	-0.401343	0.0581182	0.110677	0.0447681	0.212198	-0.0809709	0.236276	-0.162606	0.0662195
-4.23704	2.55318	0.0858772	1.33364	0.00160405	-0.252469	-0.141538	0.268248	-0.336922	0.0178186	0.334755	0.035653	0.282894	0.0587102	0.330091	-0.180732	0.354879
-4.29927	2.41979	0.147526	1.45315	-0.0348002	-0.293445	-0.0392619	0.178506	-0.404572	0.0791285	0.200689	0.0858438	0.187499	0.152804	0.237946	-0.061306	0.284121
-4.48372	2.37212	0.265091	1.44941	0.00665584	-0.345586	-0.0212756	0.1374	-0.44575	-0.000309481	0.222745	-0.0435046	0.287607	0.0689042	0.283588	-0.10758	0.265171
-4.56912	2.34444	0.317913	1.5848	-0.023459	-0.10785	-0.00843151	0.18199	-0.422935	-0.0685433	0.290177	-0.0281555	0.290617	0.18045	0.314976	-0.0981333	0.428711
-4.85917	2.46349	0.35022	1.66544	0.0634496	-0.159828	0.132147	0.141443	-0.322866	-0.0782607	0.20198	0.00431186	0.334033	0.141826	0.349332	-0.0896287	0.560844
-5.16227	2.4145	0.506849	1.45492	0.167862	-0.251372	0.111715	0.226989	-0.292895	-0.293383	0.212714	-0.0683653	0.230963	0.100974	0.352075	-0.137713	0.483523
-5.75116	2.31305	1.08255	1.25542	0.157736	-0.042654	0.15676	0.292591	-0.506293	-0.318617	0.367168	-0.129258	0.198085	0.141875	0.288594	-0.00485149	0.531441
-6.12923	2.39008	0.740627	1.3166	0.398464	-0.162734	0.116639	0.319616	-0.384749	-0.26058	0.172375	-0.194666	0.216911	0.11485	0.161745	0.0875757	0.367967
-6.89353	2.32018	1.02175	1.19465	0.372083	-0.0860113	0.0156548	0.448363	-0.372972	-0.414118	0.329328	-0.254936	-0.00179305	0.0796415	-0.107893	0.138106	0.390701
-8.62938	1.55346	0.574316	1.36949	0.360603	-0.745124	-0.806965	-0.247934	-0.594959	-0.268643	0.0343778	-0.824228	-0.365004	-0.314663	-0.062679	-0.116	-0.218975
-8.3718	1.9942	0.656548	1.07638	0.361206	-0.0448295	-0.0694515	0.33108	-0.149485	-0.284036	0.121181	-0.143199	-0.00279263	0.0113575	0.145495	0.0364609	0.1187
-8.57483	1.78981	0.651673	0.69726	0.44794	0.131307	0.0469122	0.152081	-0.044491	-0.137108	-0.0350471	-0.0292606	-0.0269505	-0.0168665	0.100999	0.162766	0.166184
-9.4203	1.82054	0.726787	0.963552	0.778646	0.191449	-0.0656649	0.175913	-0.0502315	-0.286747	-0.0391334	0.0616799	-0.0307986	0.0251753	0.176985	0.135696	0.146445
-8.54401	1.8355	0.156984	0.424093	0.572288	0.339238	0.0332281	0.10756	-0.0364102	0.0112088	-0.151234	0.14999	0.4598	-0.0209675	-0.0716993	-0.149241	0.202988
-7.22795	1.54561	-0.375421	0.208842	0.40051	0.18483	-0.194445	0.15394	-0.110671	-0.0614075	0.118588	0.102328	0.65475	-0.0289245	0.0253377	-0.118846	0.115052
-6.45547	1.51271	-0.560891	0.0275478	0.214292	0.163721	-0.206115	0.155762	-0.0995329	-0.11878	0.137275	-0.0949434	0.427242	0.0792393	0.136024	-0.0221966	0.0814187
-5.92844	1.56773	-0.670127	-0.0154611	0.0929994	0.0693349	-0.22104	0.156498	-0.115358	-0.251273	0.163859	-0.0496164	0.308073	-0.0163655	0.232975	-0.0458979	-0.00707514
-5.76428	1.54332	-0.491643	0.0124228	0.210495	0.0785585	-0.1758	0.248854	-0.0515527	-0.220674	0.218402	0.083881	0.329242	-0.0462075	0.145478	-0.00810743	-0.0675693
-6.06201	1.28266	-0.331833	0.219713	0.396468	0.109809	-0.100225	0.199147	0.0919227	-0.131308	0.187039	0.0447648	0.460869	-0.0053281	-0.0993861	-0.0244408	-0.0659364
-6.30644	1.52466	0.171934	0.489433	0.280004	-0.0410411	-0.206835	0.0169539	0.216499	-0.0487294	-0.0265625	-0.299497	0.35496	-0.170204	-0.232157	-0.034475	0.0355156
-5.81933	2.46499	0.240034	0.313535	-0.117822	-0.115687	-0.272557	-0.171986	0.1584	-0.144717	0.0416326	-0.397285	0.309952	-0.239549	-0.231553	-0.173645	0.109786
-5.19779	2.54579	0.158743	0.346131	-0.108868	-0.0904299	-0.294954	-0.198258	0.140543	-0.00853131	0.0742903	-0.425616	0.34607	-0.237732	-0.140585	-0.333743	0.205841
-4.97025	2.40183	0.106794	0.30975	-0.235129	-0.272907	-0.478858	-0.277361	0.00894876	0.108741	0.11385	-0.569459	0.266221	-0.227023	-0.034284	-0.397603	0.268202
-4.8429	2.47223	-0.0910552	0.17621	-0.233218	-0.262781	-0.498504	-0.24625	0.00147024	0.181199	-0.0542823	-0.44615	0.219514	-0.237848	-0.0717613	-0.392167	0.166094
-4.67671	2.33113	-0.0211902	0.238398	-0.128243	-0.310508	-0.45892	-0.17007	0.171132	0.146064	0.0176905	-0.498641	0.12359	-0.07496	-0.0235979	-0.440434	0.163349
-4.7108	2.40641	0.0580766	0.210617	-0.0695378	-0.215824	-0.313106	-0.155235	0.178338	0.0855451	0.0469053	-0.434717	0.10686	-0.145648	0.0361604	-0.416701	0.126951
-5.14911	2.80098	-0.0262895	0.110185	-0.0904383	-0.123005	-0.255947	-0.184431	0.244134	0.0417543	0.133001	-0.421414	0.0544649	-0.15297	0.0345674	-0.436636	0.127241
-5.35704	2.85761	-0.063328	0.154654	-0.194636	-0.0929024	-0.163863	-0.172837	0.187156	0.133616	0.127631	-0.411691	0.199171	-0.245308	-0.00907432	-0.310591	0.0601864
-5.52944	2.77091	-0.08739	0.168908	-0.196999	0.0426031	-0.0684284	-0.253203	0.224455	0.168994	0.290444	-0.375148	0.212787	-0.377883	-0.0122367	-0.363552	0.125948
-5.65404	2.72569	-0.115804	-0.0174915	-0.0409286	0.105951	-0.0473869	-0.269045	0.100844	0.190843	0.226112	-0.354154	0.235186	-0.457655	0.0107005	-0.345407	-0.064952
-5.56804	2.87986	0.0332455	-0.0761823	-0.21546	0.0964511	-0.133049	-0.251751	0.0333863	0.0532502	0.308507	-0.509813	0.117493	-0.382315	0.0267771	-0.24997	0.0817908
-5.45634	3.00386	0.123577	0.0567514	-0.432888	0.0531233	0.142686	-0.344732	0.222342	-0.053636	0.341627	-0.374628	0.090262	-0.394623	0.0572832	-0.159648	-0.00332802
-5.47948	3.08587	0.165675	0.123037	-0.476985	0.10875	0.237746	-0.345876	0.115681	0.0240563	0.489695	-0.403522	0.0479324	-0.425706	0.159425	-0.168434	-0.0177691
-5.46028	3.07878	0.25426	0.0922104	-0.38515	0.127769	0.253733	-0.245919	-0.0852062	0.179391	0.402605	-0.393084	0.0651414	-0.31495	0.0545549	-0.14586	0.131983
-5.44841	3.08829	0.219216	0.0394354	-0.300467	0.0736106	0.201387	-0.156487	-0.0887421	0.161993	0.309877	-0.452765	0.14467	-0.298299	-0.0288922	-0.128637	0.227518
-5.48366	3.08198	0.237723	0.0929765	-0.413619	0.075014	0.233065	-0.198633	-0.0654059	0.125087	0.246524	-0.41176	0.0997783	-0.308605	0.0129701	-0.10063	0.0604281
-5.57237	3.15236	0.291308	0.126217	-0.446259	0.10832	0.251699	-0.264173	-0.0224218	0.123821	0.238378	-0.374689	0.174136	-0.355902	-0.0105015	-0.0602276	-0.00570585
-5.62399	3.17377	0.258487	0.197311	-0.49098	0.181648	0.269681	-0.227017	-0.153142	0.0850475	0.371635	-0.302848	0.154576	-0.411687	0.0136102	-0.175064	0.0403301
-5.65657	3.20321	0.198194	0.201721	-0.555769	0.119419	0.375577	-0.171803	-0.214491	0.00322938	0.394171	-0.211126	-0.0109595	-0.506829	0.174209	-0.172306	-0.0378766
-5.69516	3.13706	0.213612	0.196548	-0.545036	0.235959	0.29371	-0.337929	-0.131971	-0.0388022	0.415505	-0.265122	0.105717	-0.493018	0.109668	-0.137246	-0.0162082
-5.81592	3.11511	0.261902	0.318069	-0.533882	0.284505	0.221117	-0.324951	-0.0812347	-0.0576467	0.397367	-0.142584	0.0101376	-0.344214	0.0281151	-0.187085	0.16852
-5.97586	3.01616	0.402311	0.422518	-0.46628	0.230811	0.228282	-0.357359	0.098839	0.0674295	0.397208	-0.239856	0.0407363	-0.339698	-0.00853937	-0.109028	0.164469
-6.39103	2.93747	0.615837	0.437517	-0.420863	-0.0314361	0.261502	-0.0064072	0.0695885	-0.0574733	0.135278	-0.110371	0.407133	-0.479376	-0.132388	-0.296301	0.185838
-6.23863	2.95262	0.266555	-0.130711	-0.401499	0.193078	0.245286	-0.403403	-0.105446	-0.129249	0.347733	-0.21711	0.0994489	-0.342517	-0.138756	-0.256512	0.115676
-6.33283	3.12419	0.368068	-0.00999441	-0.431312	0.290537	0.315173	-0.477747	-0.227479	-0.0336532	0.28518	-0.215508	0.0989995	-0.369413	-0.155295	-0.235346	0.104296
-6.62103	3.17499	0.512946	0.418238	-0.533649	0.23413	0.288692	-0.34982	-0.0675323	-0.0708057	0.214306	-0.0647459	0.119583	-0.443476	-0.147353	-0.065828	0.0309717
-6.75285	3.16814	0.580996	0.518142	-0.334444	0.0970543	0.372883	-0.40767	0.0309807	-0.0437979	0.192157	-0.00261213	0.258301	-0.440081	-0.292793	0.0393531	0.0354551
-6.95832	3.27583	0.495393	0.384481	-0.337204	0.264077	0.483743	-0.306857	-0.15856	-0.0784171	0.24084	-0.0511405	0.321432	-0.24243	-0.367032	-0.110743	0.181753
-7.19826	2.72595	0.26101	0.312585	-0.57468	0.251386	0.550387	-0.30774	-0.291776	-0.253307	0.124274	-0.0805388	0.191582	-0.194268	-0.172994	-0.243352	-0.0662664
-7.01827	3.32049	0.502169	0.312865	-0.485086	0.15105	0.500228	-0.266857	-0.0477323	-0.215208	0.0929952	-0.118481	0.224946	-0.172879	-0.189271	-0.174393	-0.0192853
-6.94323	2.83269	0.647651	0.37967	-0.37331	0.00151672	0.400788	-0.134946	-0.102886	-0.00288212	-0.0656856	-0.045518	0.274873	-0.138608	-0.182819	-0.191159	-0.161433
-7.36983	2.42449	0.350272	0.370915	-0.394729	0.114433	0.433982	-0.187249	-0.0907834	0.0278118	-0.0323254	-0.0546956	0.302242	-0.148173	-0.135174	-0.163884	-0.173413
-7.60871	2.629	0.183337	0.391576	-0.584151	0.0610362	0.431645	-0.136264	-0.0410332	-0.0373715	-0.0560496	-0.0271594	0.245449	-0.0964953	-0.194806	-0.206869	-0.115349
-7.73135	2.62016	0.266463	0.496917	-0.645136	-0.050342	0.328442	-0.109112	0.00706945	-0.115411	-0.0460409	-0.018567	0.128344	0.0425178	-0.305525	-0.243895	-0.0508298
-7.95841	2.60919	0.490256	0.489552	-0.743553	0.0831727	0.466151	0.040955	0.0709895	-0.274633	-0.0253093	0.158014	0.189133	0.0157622	-0.301169	-0.105461	-0.052422
-8.1024	2.31201	0.37546	0.362288	-0.664468	0.134349	0.406831	0.107495	0.278538	-0.0321619	0.0165833	0.165296	0.160676	0.0140022	-0.197488	-0.158854	-0.09982
-8.13356	2.12772	0.260557	0.296839	-0.38241	0.137172	0.203345	0.15284	0.167946	-0.142137	-0.0828792	0.191989	0.344211	0.280004	-0.0160017	-0.234959	-0.10092
-8.17665	2.05048	0.394667	0.321222	-0.289269	0.205994	0.262433	0.197118	0.146415	-0.131664	-0.107053	0.263556	0.398881	0.370405	0.0588424	-0.188297	-0.152599
-8.63904	2.01802	0.535937	0.212216	-0.394495	0.252713	0.4419	0.260961	0.275329	0.013934	-0.0508426	0.190973	0.232998	0.2319	0.0771415	-0.0662949	-0.0709395
-9.29317	1.96187	0.578773	0.0975931	-0.237062	0.244778	0.495724	0.2712	0.348583	0.120219	-0.0653462	0.152896	0.209999	0.183858	0.101001	0.108484	0.190005
-9.75838	1.55321	0.540563	0.21744	0.201489	0.239879	0.256727	0.272623	0.185255	0.133972	0.215879	0.306698	0.2493	0.216665	0.0929438	0.0740142	0.197234
-10.1975	1.17569	0.65024	0.430534	0.367012	0.410661	0.342331	0.302758	0.220246	0.28743	0.234597	0.211897	0.251389	0.244813	0.10812	0.0772433	0.0752668
-10.2827	1.07251	0.575427	0.481078	0.420905	0.42076	0.329271	0.263381	0.220589	0.352753	0.210939	0.22378	0.205481	0.138805	0.200588	0.19272	0.132948
-10.1417	1.20064	0.56761	0.455951	0.367117	0.317548	0.285517	0.308771	0.253755	0.263482	0.128492	0.268181	0.22135	0.144131	0.201333	0.220576	0.158941
-10.3987	1.08542	0.593639	0.44612	0.407873	0.412307	0.379834	0.372157	0.283149	0.2409	0.184322	0.298844	0.212841	0.221297	0.233743	0.209541	0.0981612
-10.1816	1.26038	0.604576	0.429769	0.377701	0.388226	0.349071	0.288697	0.215297	0.226922	0.225171	0.21647	0.168691	0.238246	0.161182	0.131375	0.137137
-10.2227	1.21701	0.611275	0.387844	0.37968	0.349499	0.280879	0.257879	0.217379	0.229478	0.241384	0.195132	0.130485	0.177218	0.154128	0.116575	0.114311
-10.2535	1.13178	0.612352	0.413397	0.345775	0.291222	0.229345	0.232408	0.188683	0.182084	0.175105	0.195903	0.17802	0.136819	0.127136	0.0993804	0.12644
-10.1867	1.21038	0.602223	0.402978	0.348412	0.313257	0.239401	0.244727	0.22649	0.182194	0.178604	0.20117	0.172539	0.183631	0.209637	0.183402	0.171098
-10.3728	1.08276	0.615943	0.406936	0.348371	0.292336	0.212193	0.242607	0.257569	0.277743	0.26633	0.236215	0.206283	0.200549	0.187849	0.168017	0.20811
-10.3043	1.12537	0.622361	0.391934	0.312884	0.297537	0.25709	0.269213	0.233458	0.228593	0.257583	0.223023	0.188404	0.172702	0.132364	0.153205	0.19752
-10.4555	0.999479	0.591868	0.333943	0.373939	0.316264	0.287597	0.261667	0.24129	0.259789	0.289502	0.251459	0.238503	0.236614	0.177058	0.153619	0.195893
-10.3812	1.08539	0.600212	0.372639	0.462007	0.379498	0.273865	0.269269	0.248668	0.254691	0.216656	0.187381	0.221892	0.210201	0.141034	0.119887	0.169045
-10.3148	1.12966	0.6086	0.429124	0.49052	0.399656	0.243926	0.27841	0.235463	0.247475	0.185583	0.135985	0.18698	0.183216	0.167596	0.136056	0.16756
-10.4825	1.02095	0.64906	0.406732	0.440996	0.385792	0.240518	0.24603	0.254507	0.246069	0.223752	0.149886	0.238584	0.194437	0.203683	0.188297	0.238308
-10.5104	1.06911	0.68112	0.417574	0.402641	0.388864	0.220968	0.164578	0.180701	0.222945	0.264109	0.210003	0.250438	0.222481	0.207977	0.154718	0.178299
-10.4428	1.07299	0.67107	0.41918	0.417412	0.365724	0.225815	0.181277	0.172447	0.254565	0.229698	0.164299	0.174413	0.206597	0.161434	0.0780022	0.0907774
-10.3625	1.05222	0.68195	0.458799	0.505477	0.363002	0.263146	0.235932	0.197157	0.224254	0.182112	0.18656	0.152468	0.170156	0.0845415	0.0678956	0.111045
-10.3079	1.13236	0.755117	0.518932	0.476021	0.374401	0.314111	0.295345	0.235871	0.242959	0.197612	0.148312	0.0967013	0.110503	0.0151514	0.0640907	0.0507845
-10.4503	1.06939	0.76954	0.581888	0.480957	0.422299	0.312335	0.312348	0.295031	0.285603	0.257152	0.181369	0.123337	0.134873	0.102222	0.109915	0.0717276
-9.93012	1.41887	0.598887	0.470744	0.347864	0.330564	0.266791	0.25043	0.22147	0.199623	0.116595	0.188009	0.183642	0.122991	0.104909	0.0922358	0.121117
-8.85565	1.48898	0.426482	0.395936	0.236353	0.236428	0.175112	0.170096	0.137435	0.113832	0.0646552	0.0898452	0.124897	0.0609276	0.028387	0.0431841	0.0648901
