1.368750000000000000e+03
1.368750000000000000e+03
1.368750000000000000e+03
1.368750000000000000e+03
1.368750000000000000e+03
1.368750000000000000e+03
1.368750000000000000e+03
1.368750000000000000e+03
1.368750000000000000e+03
1.368750000000000000e+03
1.368750000000000000e+03
1.368750000000000000e+03
1.368750000000000000e+03
1.368750000000000000e+03
1.368750000000000000e+03
1.368750000000000000e+03
1.368750000000000000e+03
1.368750000000000000e+03
1.368750000000000000e+03
1.368750000000000000e+03
1.368750000000000000e+03
1.368750000000000000e+03
1.368750000000000000e+03
1.368750000000000000e+03
1.368750000000000000e+03
1.368750000000000000e+03
1.368750000000000000e+03
1.368750000000000000e+03
1.368750000000000000e+03
1.368750000000000000e+03
1.368750000000000000e+03
1.368750000000000000e+03
1.368750000000000000e+03
1.368750000000000000e+03
1.368750000000000000e+03
1.368750000000000000e+03
1.368750000000000000e+03
1.368750000000000000e+03
1.368750000000000000e+03
1.368750000000000000e+03
1.368750000000000000e+03
1.368750000000000000e+03
1.368750000000000000e+03
1.368750000000000000e+03
1.368750000000000000e+03
1.368750000000000000e+03
1.368750000000000000e+03
1.368750000000000000e+03
1.398869999999999891e+03
1.414059999999999945e+03
1.414059999999999945e+03
2.919239999999999782e+03
2.919239999999999782e+03
2.919239999999999782e+03
2.312500000000000000e+03
2.312500000000000000e+03
2.312500000000000000e+03
5.044779999999999745e+03
5.044779999999999745e+03
6.725100000000000364e+03
6.725100000000000364e+03
6.882220000000000255e+03
7.346619999999999891e+03
7.346619999999999891e+03
6.882220000000000255e+03
4.896130000000000109e+03
3.039630000000000109e+03
3.031820000000000164e+03
2.879929999999999836e+03
1.808150000000000091e+03
1.808150000000000091e+03
1.771960000000000036e+03
1.670940000000000055e+03
1.670940000000000055e+03
1.771960000000000036e+03
1.863349999999999909e+03
3.089469999999999800e+03
3.089469999999999800e+03
3.484380000000000109e+03
3.089469999999999800e+03
2.890619999999999891e+03
2.843750000000000000e+03
2.843750000000000000e+03
2.843750000000000000e+03
2.916019999999999982e+03
4.211850000000000364e+03
5.996149999999999636e+03
5.996149999999999636e+03
6.949600000000000364e+03
6.949600000000000364e+03
7.304869999999999891e+03
7.405000000000000000e+03
7.507149999999999636e+03
7.405000000000000000e+03
7.304869999999999891e+03
5.260199999999999818e+03
5.260199999999999818e+03
5.167510000000000218e+03
5.167510000000000218e+03
3.753250000000000000e+03
3.753250000000000000e+03
3.693369999999999891e+03
1.450099999999999909e+03
1.078119999999999891e+03
1.085176774193548226e+03
1.092233548387096789e+03
1.099290322580645125e+03
1.106347096774193460e+03
1.113403870967741796e+03
1.120460645161290358e+03
1.127517419354838694e+03
1.134574193548387029e+03
1.141630967741935365e+03
1.148687741935483928e+03
1.155744516129032263e+03
1.162801290322580599e+03
1.169858064516128934e+03
1.176914838709677497e+03
1.183971612903225832e+03
1.191028387096774168e+03
1.198085161290322503e+03
1.205141935483871066e+03
1.212198709677419401e+03
1.219255483870967737e+03
1.226312258064516072e+03
1.233369032258064635e+03
1.240425806451612971e+03
1.247482580645161306e+03
1.254539354838709642e+03
1.261596129032258204e+03
1.268652903225806540e+03
1.275709677419354875e+03
1.282766451612903438e+03
1.289823225806451774e+03
1.296880000000000109e+03
1.296880000000000109e+03
1.316680000000000064e+03
1.296880000000000109e+03
1.316680000000000064e+03
1.316680000000000064e+03
3.376289999999999964e+03
5.070600000000000364e+03
5.070600000000000364e+03
5.156250000000000000e+03
5.156250000000000000e+03
5.156250000000000000e+03
5.507539999999999964e+03
5.507539999999999964e+03
5.854710000000000036e+03
7.234380000000000109e+03
7.234380000000000109e+03
6.686420000000000073e+03
6.686420000000000073e+03
6.665699999999999818e+03
6.665699999999999818e+03
6.665699999999999818e+03
6.973819999999999709e+03
6.973819999999999709e+03
6.973819999999999709e+03
5.634180000000000291e+03
3.832380000000000109e+03
3.317010000000000218e+03
3.093750000000000000e+03
3.093750000000000000e+03
3.093750000000000000e+03
5.953119999999999891e+03
5.953119999999999891e+03
5.953119999999999891e+03
2.963030000000000200e+03
2.703969999999999800e+03
2.511090000000000146e+03
2.061769999999999982e+03
1.627250000000000000e+03
1.504490000000000009e+03
1.306779999999999973e+03
1.125000000000000000e+03
1.106069999999999936e+03
1.061099999999999909e+03
1.061099999999999909e+03
1.061099999999999909e+03
1.061099999999999909e+03
1.061099999999999909e+03
1.061099999999999909e+03
1.061099999999999909e+03
1.061099999999999909e+03
1.061099999999999909e+03
1.061099999999999909e+03
1.061099999999999909e+03
1.061099999999999909e+03
1.061099999999999909e+03
1.061099999999999909e+03
1.061099999999999909e+03
1.061099999999999909e+03
1.061099999999999909e+03
1.061099999999999909e+03
1.061099999999999909e+03
1.061099999999999909e+03
1.061099999999999909e+03
1.061099999999999909e+03
1.061099999999999909e+03
1.061099999999999909e+03
1.061099999999999909e+03
1.061099999999999909e+03
1.061099999999999909e+03
1.061099999999999909e+03
1.061099999999999909e+03
1.061099999999999909e+03
1.061099999999999909e+03
1.061099999999999909e+03
1.061099999999999909e+03
1.061099999999999909e+03
1.061099999999999909e+03
1.061099999999999909e+03
1.061099999999999909e+03
1.061099999999999909e+03
1.061099999999999909e+03
1.061099999999999909e+03
1.061099999999999909e+03
1.061099999999999909e+03
1.061099999999999909e+03
1.061099999999999909e+03
1.061099999999999909e+03
1.061099999999999909e+03
1.061099999999999909e+03
1.061099999999999909e+03
1.061099999999999909e+03
1.061099999999999909e+03
1.061099999999999909e+03
1.061099999999999909e+03
1.061099999999999909e+03
1.061099999999999909e+03
1.061099999999999909e+03
1.061099999999999909e+03
1.061099999999999909e+03
1.061099999999999909e+03
1.061099999999999909e+03
1.061099999999999909e+03
1.061099999999999909e+03
1.061099999999999909e+03
1.061099999999999909e+03
1.061099999999999909e+03
1.061099999999999909e+03
1.061099999999999909e+03
1.061099999999999909e+03
1.061099999999999909e+03
1.061099999999999909e+03
1.061099999999999909e+03
1.061099999999999909e+03
1.061099999999999909e+03
1.061099999999999909e+03
1.061099999999999909e+03
1.061099999999999909e+03
1.061099999999999909e+03
1.061099999999999909e+03
1.061099999999999909e+03
1.061099999999999909e+03
1.061099999999999909e+03
1.061099999999999909e+03
1.061099999999999909e+03
1.061099999999999909e+03
1.061099999999999909e+03
1.061099999999999909e+03
1.061099999999999909e+03
1.061099999999999909e+03
1.061099999999999909e+03
1.061099999999999909e+03
1.061099999999999909e+03
1.061099999999999909e+03
1.061099999999999909e+03
1.061099999999999909e+03
1.061099999999999909e+03
1.061099999999999909e+03
1.061099999999999909e+03
