-1e+10
-1e+10
-1e+10
-1e+10
-1e+10
-1e+10
-1e+10
-1e+10
-1e+10
-1e+10
-1e+10
-1e+10
-1e+10
-1e+10
-1e+10
-1e+10
-1e+10
-1e+10
-1e+10
-1e+10
-1e+10
-1e+10
-1e+10
-1e+10
-1e+10
-1e+10
-1e+10
-1e+10
-1e+10
-1e+10
5.33832
5.35809
5.37673
5.3773
5.36556
5.34848
5.33053
5.31231
5.29299
5.27412
5.2608
5.26091
-1e+10
-1e+10
-1e+10
-1e+10
-1e+10
-1e+10
5.45082
5.43095
5.41754
5.40722
5.39888
5.39142
5.38435
5.37708
5.36927
5.36004
5.34849
5.33387
5.31563
5.29179
5.26064
5.22853
5.20693
5.18618
-1e+10
-1e+10
-1e+10
-1e+10
-1e+10
-1e+10
-1e+10
-1e+10
-1e+10
-1e+10
-1e+10
-1e+10
-1e+10
-1e+10
-1e+10
-1e+10
-1e+10
-1e+10
-1e+10
-1e+10
-1e+10
-1e+10
5.58815
5.58462
5.5798
5.54128
5.53146
5.52665
5.52393
5.52208
5.52015
5.5166
5.51045
5.50161
5.49033
5.4797
5.47593
5.48504
5.50718
5.53586
5.5653
5.59275
5.617
5.63718
5.65231
5.66257
5.66897
5.6725
5.67409
5.67396
5.67177
5.6671
5.65922
5.64875
5.62499
5.54478
5.48294
5.46653
5.45457
5.44199
5.42866
5.4151
5.40336
5.39427
5.38933
5.38986
5.39509
5.40256
5.40731
-1e+10
-1e+10
-1e+10
-1e+10
-1e+10
-1e+10
-1e+10
-1e+10
-1e+10
-1e+10
-1e+10
5.37926
5.36069
5.34282
5.32677
5.31258
5.29783
5.28183
5.26761
5.25661
5.24819
5.2419
5.23802
5.23674
5.23752
5.23929
5.24129
5.24336
5.24582
5.24895
5.25232
5.25523
5.257
5.25772
5.25781
5.25776
5.25726
5.25546
5.2543
5.25928
5.27351
5.29187
5.30451
5.30965
5.30985
5.30613
5.29789
5.28548
5.2708
5.25677
5.24642
5.24363
5.25346
-1e+10
-1e+10
-1e+10
-1e+10
-1e+10
-1e+10
-1e+10
-1e+10
-1e+10
-1e+10
-1e+10
5.52376
5.51521
5.48123
5.42911
5.38515
5.33809
5.31374
5.31598
5.3382
5.36238
5.37505
5.37748
5.37311
5.36354
5.34945
5.33157
5.31117
5.29015
5.27105
5.25681
5.25064
5.25695
-1e+10
-1e+10
-1e+10
-1e+10
-1e+10
-1e+10
-1e+10
-1e+10
-1e+10
-1e+10
-1e+10
5.39127
5.36584
5.30119
5.28624
5.27581
5.26511
5.25295
5.2405
5.22912
5.21907
5.21055
5.20358
5.19834
5.19438
5.19177
5.19014
5.18871
5.18599
5.17973
5.17094
-1e+10
-1e+10
-1e+10
-1e+10
-1e+10
-1e+10
-1e+10
-1e+10
-1e+10
-1e+10
5.31099
5.30239
5.29762
5.29441
5.29223
5.29094
5.29031
5.28977
5.28857
5.28623
5.28247
5.27671
5.26848
5.25712
5.24537
5.23768
5.23652
-1e+10
-1e+10
-1e+10
-1e+10
-1e+10
-1e+10
-1e+10
-1e+10
-1e+10
-1e+10
-1e+10
-1e+10
5.56595
5.54833
5.5281
5.50606
5.48444
5.46806
5.45972
5.45591
5.45291
5.45285
5.45495
5.45698
5.4586
5.46018
5.46224
5.4653
5.4696
5.47448
5.48014
5.48722
5.49343
5.49744
5.49907
5.49908
5.49792
5.49533
5.49146
5.48692
5.48194
5.47659
5.47027
5.46211
5.4521
5.44018
5.426
5.40912
5.39343
5.38224
5.37164
5.3554
-1e+10
-1e+10
-1e+10
-1e+10
-1e+10
-1e+10
-1e+10
-1e+10
-1e+10
-1e+10
-1e+10
-1e+10
-1e+10
-1e+10
-1e+10
-1e+10
-1e+10
-1e+10
-1e+10
-1e+10
-1e+10
-1e+10
-1e+10
-1e+10
-1e+10
-1e+10
-1e+10
-1e+10
-1e+10
-1e+10
-1e+10
-1e+10
-1e+10
-1e+10
-1e+10
-1e+10
-1e+10
-1e+10
-1e+10
-1e+10
-1e+10
-1e+10
-1e+10
-1e+10
-1e+10
-1e+10
-1e+10
-1e+10
-1e+10
-1e+10
-1e+10
-1e+10
-1e+10
-1e+10
-1e+10
-1e+10
-1e+10
-1e+10
-1e+10
-1e+10
-1e+10
-1e+10
-1e+10
-1e+10
-1e+10
-1e+10
-1e+10
-1e+10
-1e+10
-1e+10
-1e+10
-1e+10
-1e+10
-1e+10
-1e+10
-1e+10
-1e+10
-1e+10
-1e+10
-1e+10
-1e+10
-1e+10
-1e+10
-1e+10
