3.968409999999999854e+03
3.968409999999999854e+03
3.968409999999999854e+03
3.968409999999999854e+03
3.968409999999999854e+03
3.968409999999999854e+03
3.968409999999999854e+03
3.968409999999999854e+03
3.968409999999999854e+03
3.968409999999999854e+03
3.968409999999999854e+03
3.968409999999999854e+03
3.968409999999999854e+03
3.968409999999999854e+03
3.968409999999999854e+03
3.968409999999999854e+03
3.968409999999999854e+03
3.968409999999999854e+03
3.968409999999999854e+03
3.968409999999999854e+03
3.968409999999999854e+03
3.968409999999999854e+03
3.968409999999999854e+03
3.968409999999999854e+03
3.968409999999999854e+03
3.968409999999999854e+03
3.968409999999999854e+03
3.968409999999999854e+03
3.968409999999999854e+03
3.968409999999999854e+03
3.968409999999999854e+03
3.968409999999999854e+03
3.968409999999999854e+03
3.968409999999999854e+03
3.968409999999999854e+03
3.968409999999999854e+03
3.968409999999999854e+03
3.968409999999999854e+03
4.585350000000000364e+03
3.968409999999999854e+03
3.968409999999999854e+03
4.703119999999999891e+03
4.703119999999999891e+03
3.563130000000000109e+03
3.610940000000000055e+03
3.610940000000000055e+03
3.610940000000000055e+03
4.282979999999999563e+03
4.456810000000000400e+03
4.656250000000000000e+03
4.684609999999999673e+03
4.847600000000000364e+03
6.162239999999999782e+03
6.234380000000000109e+03
6.234380000000000109e+03
6.244390000000000327e+03
6.244390000000000327e+03
5.656850000000000364e+03
4.955210000000000036e+03
3.999099999999999909e+03
3.999099999999999909e+03
3.750000000000000000e+03
3.999099999999999909e+03
4.390619999999999891e+03
4.390619999999999891e+03
3.729590000000000146e+03
4.390619999999999891e+03
3.729590000000000146e+03
3.729590000000000146e+03
4.514090000000000146e+03
4.670199999999999818e+03
6.025420000000000073e+03
6.025420000000000073e+03
6.025420000000000073e+03
6.025420000000000073e+03
6.025420000000000073e+03
4.163409999999999854e+03
4.109380000000000109e+03
2.109710000000000036e+03
2.109710000000000036e+03
2.109710000000000036e+03
2.458320000000000164e+03
2.482449999999999818e+03
2.482449999999999818e+03
2.492070000000000164e+03
2.482449999999999818e+03
2.205210000000000036e+03
1.560539999999999964e+03
1.185779999999999973e+03
1.030109999999999900e+03
1.035409444444444262e+03
1.040708888888888850e+03
1.046008333333333212e+03
1.051307777777777801e+03
1.056607222222222163e+03
1.061906666666666524e+03
1.067206111111111113e+03
1.072505555555555475e+03
1.077804999999999836e+03
1.083104444444444425e+03
1.088403888888888787e+03
1.093703333333333376e+03
1.099002777777777737e+03
1.104302222222222099e+03
1.109601666666666688e+03
1.114901111111111049e+03
1.120200555555555638e+03
1.125500000000000000e+03
1.130799444444444362e+03
1.136098888888888951e+03
1.141398333333333312e+03
1.146697777777777901e+03
1.151997222222222263e+03
1.157296666666666624e+03
1.162596111111111213e+03
1.167895555555555575e+03
1.173195000000000164e+03
1.178494444444444525e+03
1.183793888888888887e+03
1.189093333333333476e+03
1.194392777777777837e+03
1.199692222222222426e+03
1.204991666666666788e+03
1.210291111111111150e+03
1.215590555555555738e+03
1.220890000000000100e+03
2.209309999999999945e+03
3.315349999999999909e+03
3.315349999999999909e+03
4.301560000000000400e+03
5.069319999999999709e+03
5.069319999999999709e+03
5.069319999999999709e+03
5.069319999999999709e+03
4.341760000000000218e+03
4.341760000000000218e+03
4.743270000000000437e+03
4.743270000000000437e+03
5.784489999999999782e+03
5.818399999999999636e+03
5.818399999999999636e+03
5.784489999999999782e+03
5.784489999999999782e+03
4.749119999999999891e+03
4.749119999999999891e+03
5.287989999999999782e+03
7.016430000000000291e+03
6.878329999999999927e+03
7.016430000000000291e+03
7.016430000000000291e+03
7.273039999999999964e+03
6.878329999999999927e+03
7.422130000000000109e+03
3.029980000000000018e+03
2.908710000000000036e+03
2.356829999999999927e+03
1.518220000000000027e+03
1.352829999999999927e+03
1.352829999999999927e+03
1.326690000000000055e+03
1.326690000000000055e+03
1.117519999999999982e+03
1.109380000000000109e+03
1.106688000000000102e+03
1.103996000000000095e+03
1.101304000000000087e+03
1.098612000000000080e+03
1.095920000000000073e+03
1.093228000000000065e+03
1.090536000000000058e+03
1.087844000000000051e+03
1.085152000000000044e+03
1.082460000000000036e+03
1.146369999999999891e+03
4.359380000000000109e+03
4.359380000000000109e+03
5.728510000000000218e+03
5.728510000000000218e+03
5.728510000000000218e+03
5.593750000000000000e+03
6.533229999999999563e+03
5.593750000000000000e+03
2.500000000000000000e+03
2.500000000000000000e+03
2.937500000000000000e+03
2.937500000000000000e+03
6.444800000000000182e+03
6.953119999999999891e+03
7.254390000000000327e+03
7.254390000000000327e+03
6.444800000000000182e+03
7.453109999999999673e+03
7.453109999999999673e+03
7.544850000000000364e+03
7.705449999999999818e+03
7.705449999999999818e+03
7.593750000000000000e+03
7.593750000000000000e+03
7.593750000000000000e+03
7.593750000000000000e+03
7.652010000000000218e+03
7.808600000000000364e+03
7.890229999999999563e+03
7.890229999999999563e+03
7.890229999999999563e+03
7.312500000000000000e+03
7.312500000000000000e+03
7.042689999999999600e+03
7.042689999999999600e+03
6.729369999999999891e+03
3.016289999999999964e+03
2.334420000000000073e+03
2.171300000000000182e+03
1.406250000000000000e+03
1.406250000000000000e+03
1.406250000000000000e+03
1.052250000000000000e+03
1.052026249999999891e+03
1.051802500000000009e+03
1.051578750000000127e+03
1.051355000000000018e+03
1.051131249999999909e+03
1.050907500000000027e+03
1.050683750000000146e+03
1.050460000000000036e+03
1.050236249999999927e+03
1.050012500000000045e+03
1.049788750000000164e+03
1.049565000000000055e+03
1.049341249999999945e+03
1.049117500000000064e+03
1.048893750000000182e+03
1.048670000000000073e+03
1.048446249999999964e+03
1.048222500000000082e+03
1.047998750000000200e+03
1.047775000000000091e+03
1.047551249999999982e+03
1.047327500000000100e+03
1.047103750000000218e+03
1.046880000000000109e+03
1.299690000000000055e+03
2.156250000000000000e+03
2.602010000000000218e+03
2.727659999999999854e+03
3.527199999999999818e+03
7.402000000000000000e+03
7.402000000000000000e+03
7.402000000000000000e+03
6.937500000000000000e+03
6.548550000000000182e+03
6.303010000000000218e+03
6.077199999999999818e+03
6.077199999999999818e+03
6.067909999999999854e+03
6.067909999999999854e+03
5.678710000000000036e+03
6.016619999999999891e+03
6.067909999999999854e+03
6.122189999999999600e+03
6.122189999999999600e+03
7.789210000000000036e+03
7.789210000000000036e+03
7.789210000000000036e+03
7.491659999999999854e+03
7.491659999999999854e+03
7.491659999999999854e+03
6.383130000000000109e+03
7.173189999999999600e+03
7.173189999999999600e+03
6.862479999999999563e+03
6.383130000000000109e+03
1.147420000000000073e+03
1.147420000000000073e+03
1.147420000000000073e+03
1.147420000000000073e+03
1.147420000000000073e+03
1.147420000000000073e+03
1.147420000000000073e+03
1.147420000000000073e+03
1.147420000000000073e+03
1.147420000000000073e+03
1.147420000000000073e+03
1.147420000000000073e+03
1.147420000000000073e+03
1.147420000000000073e+03
1.147420000000000073e+03
1.147420000000000073e+03
1.147420000000000073e+03
1.147420000000000073e+03
1.147420000000000073e+03
1.147420000000000073e+03
1.147420000000000073e+03
1.147420000000000073e+03
1.147420000000000073e+03
1.147420000000000073e+03
1.147420000000000073e+03
1.147420000000000073e+03
1.147420000000000073e+03
1.147420000000000073e+03
1.147420000000000073e+03
1.147420000000000073e+03
1.147420000000000073e+03
1.147420000000000073e+03
1.147420000000000073e+03
1.147420000000000073e+03
1.147420000000000073e+03
1.147420000000000073e+03
1.147420000000000073e+03
1.147420000000000073e+03
1.147420000000000073e+03
1.147420000000000073e+03
1.147420000000000073e+03
1.147420000000000073e+03
1.147420000000000073e+03
1.147420000000000073e+03
1.147420000000000073e+03
1.147420000000000073e+03
1.147420000000000073e+03
1.147420000000000073e+03
1.147420000000000073e+03
1.147420000000000073e+03
1.147420000000000073e+03
1.147420000000000073e+03
1.147420000000000073e+03
1.147420000000000073e+03
1.147420000000000073e+03
1.147420000000000073e+03
1.147420000000000073e+03
1.147420000000000073e+03
1.147420000000000073e+03
1.147420000000000073e+03
1.147420000000000073e+03
1.147420000000000073e+03
1.147420000000000073e+03
1.147420000000000073e+03
