5.510430000000000383e+00
5.510430000000000383e+00
5.510430000000000383e+00
5.510430000000000383e+00
5.510430000000000383e+00
5.510430000000000383e+00
5.510430000000000383e+00
5.510430000000000383e+00
5.510430000000000383e+00
5.510430000000000383e+00
5.510430000000000383e+00
5.510430000000000383e+00
5.510430000000000383e+00
5.510430000000000383e+00
5.510430000000000383e+00
5.510430000000000383e+00
5.510430000000000383e+00
5.510430000000000383e+00
5.510430000000000383e+00
5.510430000000000383e+00
5.510430000000000383e+00
5.510430000000000383e+00
5.510430000000000383e+00
5.510430000000000383e+00
5.510430000000000383e+00
5.510430000000000383e+00
5.510430000000000383e+00
5.510430000000000383e+00
5.510430000000000383e+00
5.510430000000000383e+00
5.510430000000000383e+00
5.510430000000000383e+00
5.510430000000000383e+00
5.510430000000000383e+00
5.510430000000000383e+00
5.510430000000000383e+00
5.510430000000000383e+00
5.510430000000000383e+00
5.510430000000000383e+00
5.510430000000000383e+00
5.510430000000000383e+00
5.510430000000000383e+00
5.510430000000000383e+00
5.510430000000000383e+00
5.510430000000000383e+00
5.510430000000000383e+00
5.510430000000000383e+00
5.510430000000000383e+00
5.510430000000000383e+00
5.510430000000000383e+00
5.521819999999999951e+00
5.525800000000000267e+00
5.528999999999999915e+00
5.532000000000000028e+00
5.533260000000000289e+00
5.531769999999999854e+00
5.528100000000000236e+00
5.524499999999999744e+00
5.522339999999999804e+00
5.519809999999999661e+00
5.514029999999999987e+00
5.504830000000000112e+00
5.493120000000000225e+00
5.480760000000000076e+00
5.470220000000000304e+00
5.460110000000000241e+00
5.446460000000000079e+00
5.426700000000000301e+00
5.412930000000000241e+00
5.401530000000000165e+00
5.386300000000000310e+00
5.360699999999999577e+00
5.338739999999999597e+00
5.323940000000000339e+00
5.310539999999999594e+00
5.298449999999999882e+00
5.288459999999999717e+00
5.285230000000000317e+00
5.287189600000000489e+00
5.289149200000000661e+00
5.291108799999999945e+00
5.293068400000000118e+00
5.295028000000000290e+00
5.296987600000000462e+00
5.298947200000000635e+00
5.300906799999999919e+00
5.302866400000000091e+00
5.304826000000000263e+00
5.306785600000000436e+00
5.308745200000000608e+00
5.310704799999999892e+00
5.312664400000000064e+00
5.314624000000000237e+00
5.316583600000000409e+00
5.318543200000000581e+00
5.320502799999999866e+00
5.322462400000000038e+00
5.324422000000000210e+00
5.326381600000000383e+00
5.328341200000000555e+00
5.330300799999999839e+00
5.332260400000000011e+00
5.334220000000000184e+00
5.341389999999999638e+00
5.344030000000000058e+00
5.339249999999999829e+00
5.327630000000000088e+00
5.308810000000000251e+00
5.283520000000000216e+00
5.261219999999999786e+00
5.229700000000000237e+00
5.178379999999999761e+00
5.130609999999999893e+00
5.125899999999999679e+00
5.165869999999999962e+00
5.242130000000000400e+00
5.244959999999999845e+00
5.234239999999999782e+00
5.227369999999999628e+00
5.225380000000000358e+00
5.227100000000000080e+00
5.231040000000000134e+00
5.236489999999999867e+00
5.244080000000000297e+00
5.254620000000000068e+00
5.267730000000000246e+00
5.281850000000000378e+00
5.295289999999999608e+00
5.306779999999999831e+00
5.315380000000000216e+00
5.320560000000000400e+00
5.322210000000000107e+00
5.320789999999999687e+00
5.316659999999999719e+00
5.310319999999999929e+00
5.303219999999999601e+00
5.298739999999999561e+00
5.299660000000000259e+00
5.323892727272727221e+00
5.348125454545455071e+00
5.372358181818182032e+00
5.396590909090908994e+00
5.420823636363636844e+00
5.445056363636363805e+00
5.469289090909091655e+00
5.493521818181818617e+00
5.517754545454545578e+00
5.541987272727273428e+00
5.566220000000000390e+00
5.533039999999999736e+00
5.494650000000000034e+00
5.471149999999999736e+00
5.457069999999999865e+00
5.447020000000000195e+00
5.438719999999999999e+00
5.430620000000000225e+00
5.421649999999999636e+00
5.411089999999999733e+00
5.398579999999999934e+00
5.385130000000000194e+00
5.371940000000000381e+00
5.359510000000000218e+00
5.346890000000000143e+00
5.332880000000000287e+00
5.317770000000000330e+00
5.303449999999999775e+00
5.288979999999999571e+00
5.272380000000000067e+00
5.254360000000000142e+00
5.236799999999999677e+00
5.220880000000000187e+00
5.207220000000000404e+00
5.194530000000000314e+00
5.182389999999999830e+00
5.172970000000000290e+00
5.167650000000000077e+00
5.164830000000000254e+00
5.163630000000000386e+00
5.163680000000000270e+00
5.165000000000000036e+00
5.167980000000000018e+00
5.172509999999999941e+00
5.177579999999999849e+00
5.180010000000000225e+00
5.179310000000000080e+00
5.175849999999999618e+00
5.171230000000000437e+00
5.169900000000000162e+00
5.178009999999999557e+00
5.197350000000000136e+00
5.213519999999999932e+00
5.230593076923076623e+00
5.247666153846153314e+00
5.264739230769230893e+00
5.281812307692307584e+00
5.298885384615384275e+00
5.315958461538460966e+00
5.333031538461538545e+00
5.350104615384615236e+00
5.367177692307691927e+00
5.384250769230768618e+00
5.401323846153846198e+00
5.418396923076922889e+00
5.435469999999999580e+00
5.366159999999999819e+00
5.328599999999999781e+00
5.316600000000000215e+00
5.310380000000000322e+00
5.302200000000000024e+00
5.293350000000000222e+00
5.286190000000000389e+00
5.281500000000000306e+00
5.279659999999999798e+00
5.280829999999999913e+00
5.284639999999999560e+00
5.290799999999999947e+00
5.299220000000000041e+00
5.309750000000000192e+00
5.321670000000000122e+00
5.333990000000000009e+00
5.346140000000000114e+00
5.357429999999999914e+00
5.366520000000000401e+00
5.374200000000000088e+00
5.379629999999999690e+00
5.382570000000000299e+00
5.381820000000000270e+00
5.376820000000000377e+00
5.365310000000000024e+00
5.329360000000000319e+00
5.313579999999999970e+00
5.311480000000000423e+00
5.311480000000000423e+00
5.312940000000000218e+00
5.319720000000000226e+00
5.331439230769230875e+00
5.343158461538461523e+00
5.354877692307692172e+00
5.366596923076923709e+00
5.378316153846154357e+00
5.390035384615385006e+00
5.401754615384615654e+00
5.413473846153846303e+00
5.425193076923076951e+00
5.436912307692308488e+00
5.448631538461539137e+00
5.460350769230769785e+00
5.472070000000000434e+00
5.487190000000000012e+00
5.504089999999999705e+00
5.517579999999999707e+00
5.526869999999999727e+00
5.534679999999999822e+00
5.542290000000000383e+00
5.552030000000000243e+00
5.564449999999999896e+00
5.577490000000000059e+00
5.587819999999999787e+00
5.594750000000000334e+00
5.599999999999999645e+00
5.605170000000000208e+00
5.611270000000000202e+00
5.617950000000000443e+00
5.624620000000000175e+00
5.631490000000000329e+00
5.638259999999999827e+00
5.645150000000000112e+00
4.959640000000000271e+00
4.964629999999999654e+00
4.968329999999999913e+00
4.971470000000000056e+00
4.975010000000000154e+00
4.977470000000000283e+00
4.974800000000000111e+00
4.964529999999999887e+00
4.952630000000000088e+00
4.943399999999999572e+00
4.933720000000000105e+00
4.916979999999999684e+00
4.883610000000000007e+00
4.865350000000000286e+00
4.847520000000000273e+00
4.829550000000000232e+00
4.811589999999999812e+00
4.953319999999999723e+00
5.095050000000000523e+00
5.236780000000000435e+00
5.378510000000000346e+00
5.366159999999999819e+00
5.354300000000000281e+00
5.331500000000000128e+00
5.309249999999999581e+00
5.293759999999999799e+00
5.280280000000000307e+00
5.267199999999999882e+00
5.254450000000000287e+00
5.243470000000000297e+00
5.234770000000000145e+00
5.227920000000000122e+00
5.222730000000000317e+00
5.218429999999999680e+00
5.214439999999999742e+00
5.211210000000000342e+00
5.211210000000000342e+00
5.211210000000000342e+00
5.211210000000000342e+00
5.211210000000000342e+00
5.211210000000000342e+00
5.211210000000000342e+00
5.211210000000000342e+00
5.211210000000000342e+00
5.211210000000000342e+00
5.211210000000000342e+00
5.211210000000000342e+00
5.211210000000000342e+00
5.211210000000000342e+00
5.211210000000000342e+00
5.211210000000000342e+00
5.211210000000000342e+00
5.211210000000000342e+00
5.211210000000000342e+00
5.211210000000000342e+00
5.211210000000000342e+00
5.211210000000000342e+00
5.211210000000000342e+00
5.211210000000000342e+00
5.211210000000000342e+00
5.211210000000000342e+00
5.211210000000000342e+00
5.211210000000000342e+00
5.211210000000000342e+00
5.211210000000000342e+00
5.211210000000000342e+00
5.211210000000000342e+00
5.211210000000000342e+00
5.211210000000000342e+00
5.211210000000000342e+00
5.211210000000000342e+00
5.211210000000000342e+00
5.211210000000000342e+00
5.211210000000000342e+00
5.211210000000000342e+00
5.211210000000000342e+00
5.211210000000000342e+00
5.211210000000000342e+00
5.211210000000000342e+00
5.211210000000000342e+00
5.211210000000000342e+00
5.211210000000000342e+00
5.211210000000000342e+00
5.211210000000000342e+00
5.211210000000000342e+00
5.211210000000000342e+00
5.211210000000000342e+00
5.211210000000000342e+00
5.211210000000000342e+00
5.211210000000000342e+00
5.211210000000000342e+00
5.211210000000000342e+00
5.211210000000000342e+00
5.211210000000000342e+00
5.211210000000000342e+00
5.211210000000000342e+00
5.211210000000000342e+00
5.211210000000000342e+00
5.211210000000000342e+00
5.211210000000000342e+00
5.211210000000000342e+00
5.211210000000000342e+00
5.211210000000000342e+00
5.211210000000000342e+00
5.211210000000000342e+00
5.211210000000000342e+00
5.211210000000000342e+00
5.211210000000000342e+00
5.211210000000000342e+00
5.211210000000000342e+00
5.211210000000000342e+00
5.211210000000000342e+00
5.211210000000000342e+00
5.211210000000000342e+00
5.211210000000000342e+00
5.211210000000000342e+00
5.211210000000000342e+00
5.211210000000000342e+00
5.211210000000000342e+00
5.211210000000000342e+00
5.211210000000000342e+00
5.211210000000000342e+00
5.211210000000000342e+00
5.211210000000000342e+00
5.211210000000000342e+00
5.211210000000000342e+00
5.211210000000000342e+00
5.211210000000000342e+00
5.211210000000000342e+00
5.211210000000000342e+00
5.211210000000000342e+00
5.211210000000000342e+00
5.211210000000000342e+00
5.211210000000000342e+00
5.211210000000000342e+00
5.211210000000000342e+00
5.211210000000000342e+00
5.211210000000000342e+00
5.211210000000000342e+00
5.211210000000000342e+00
5.211210000000000342e+00
5.211210000000000342e+00
5.211210000000000342e+00
5.211210000000000342e+00
5.211210000000000342e+00
5.211210000000000342e+00
5.211210000000000342e+00
5.211210000000000342e+00
5.211210000000000342e+00
5.211210000000000342e+00
5.211210000000000342e+00
5.211210000000000342e+00
5.211210000000000342e+00
