-8.68731	1.72339	0.245514	0.511792	0.141153	0.282528	0.10957	0.182877	0.0839313	0.117626	0.0576857	0.122153	0.0538303	0.0749075	0.0199324	0.0668996	0.0164049
-8.86157	1.72641	0.281875	0.524528	0.176179	0.300084	0.140719	0.204203	0.111962	0.14145	0.0844639	0.143783	0.0812858	0.0957609	0.0451548	0.0841161	0.0425322
-9.9314	1.48296	0.52311	0.412322	0.353407	0.291074	0.25621	0.204117	0.175607	0.193191	0.18851	0.160227	0.14262	0.145109	0.113754	0.127119	0.105246
-10.2916	1.15355	0.543304	0.386064	0.356966	0.302689	0.250253	0.161613	0.17082	0.238423	0.230354	0.175807	0.138943	0.167387	0.197811	0.161209	0.1273
-10.4856	0.970797	0.548409	0.447468	0.385974	0.403443	0.334808	0.182522	0.1951	0.248994	0.232621	0.213613	0.157717	0.0803167	0.135756	0.140387	0.0941159
-10.5095	0.926311	0.577724	0.432635	0.385544	0.354785	0.24116	0.199567	0.190298	0.180053	0.153206	0.20453	0.262649	0.164016	0.150422	0.165182	0.180262
-10.3171	1.06146	0.511201	0.336682	0.275651	0.238363	0.130319	0.209802	0.164491	0.133014	0.0964043	0.103748	0.172287	0.126573	0.087351	0.0621193	0.147209
-10.2867	1.11604	0.545204	0.409702	0.321199	0.300994	0.223895	0.290755	0.185638	0.151091	0.123443	0.149467	0.216793	0.157709	0.077527	0.100456	0.187016
-10.444	0.992308	0.60137	0.47996	0.371778	0.3227	0.170215	0.263433	0.286455	0.309959	0.179339	0.253054	0.318805	0.236838	0.095802	0.0357777	0.146192
-10.2369	1.1249	0.638951	0.467952	0.339945	0.299953	0.19504	0.222597	0.196455	0.257776	0.198365	0.215248	0.223316	0.198316	0.195908	0.123649	0.154418
-10.1762	1.2035	0.613568	0.424783	0.356495	0.331827	0.268522	0.272651	0.197607	0.254771	0.222844	0.178432	0.221093	0.159163	0.206743	0.183855	0.125815
-10.2889	1.1278	0.543723	0.410631	0.407536	0.360536	0.33574	0.322497	0.198025	0.216102	0.248054	0.224533	0.196314	0.199051	0.240724	0.168973	0.121373
-10.1242	1.27938	0.545979	0.395255	0.372314	0.26161	0.281576	0.291611	0.221648	0.171911	0.227986	0.206194	0.171943	0.186762	0.184415	0.14519	0.121187
-10.2885	1.15214	0.544666	0.407135	0.421314	0.283803	0.233809	0.264674	0.252133	0.205343	0.192616	0.150368	0.187132	0.177787	0.17461	0.170794	0.170843
-10.4678	1.00079	0.491902	0.335926	0.46177	0.364259	0.268376	0.244434	0.290766	0.33989	0.233241	0.13472	0.205173	0.211964	0.162992	0.162433	0.216525
-10.3812	1.02981	0.483844	0.341744	0.423274	0.362893	0.250849	0.221051	0.215445	0.24871	0.199091	0.147756	0.209595	0.244166	0.225494	0.179176	0.121961
-10.4324	0.973624	0.528465	0.375959	0.37324	0.352357	0.247585	0.186846	0.227053	0.244348	0.170208	0.165477	0.158845	0.192823	0.180418	0.14182	0.0843352
-10.4499	1.00416	0.57466	0.354443	0.35339	0.319754	0.210772	0.132911	0.22204	0.279448	0.198827	0.191087	0.165639	0.215033	0.214334	0.120961	0.0653545
-10.4046	1.07829	0.618932	0.433068	0.418909	0.359403	0.299653	0.230622	0.224354	0.290246	0.250447	0.194616	0.164425	0.192321	0.213	0.151792	0.117259
-10.5162	0.99677	0.637867	0.469757	0.408387	0.372388	0.294221	0.257263	0.231629	0.346382	0.383244	0.360347	0.272581	0.233521	0.17262	0.145768	0.111851
-10.3494	1.13536	0.679134	0.436447	0.300739	0.303569	0.204329	0.23059	0.213159	0.242145	0.241562	0.216237	0.242988	0.255343	0.171373	0.11941	0.0794179
-10.2412	1.21123	0.633299	0.395394	0.316902	0.337418	0.249973	0.276007	0.248436	0.241627	0.221151	0.181897	0.218841	0.173463	0.171904	0.129388	0.101282
-10.3083	1.15406	0.618524	0.438339	0.386788	0.371051	0.309322	0.270266	0.240756	0.272911	0.21222	0.20622	0.182692	0.138901	0.210148	0.129384	0.125643
-10.2138	1.19633	0.537275	0.402127	0.33414	0.288812	0.242329	0.208719	0.199983	0.232339	0.176381	0.180661	0.140644	0.178113	0.21602	0.117647	0.176488
-10.3129	1.09019	0.525816	0.394528	0.345188	0.322808	0.226523	0.199095	0.190579	0.248915	0.188619	0.171957	0.130828	0.193285	0.198506	0.103353	0.156414
-10.4284	1.01022	0.570269	0.443659	0.33541	0.340972	0.283931	0.214161	0.204811	0.267473	0.211046	0.18312	0.152953	0.205909	0.168003	0.139092	0.176399
-10.2471	1.11934	0.513215	0.392774	0.315634	0.310475	0.251845	0.164404	0.159384	0.213317	0.182778	0.171148	0.148145	0.217089	0.146239	0.108156	0.11348
-10.2618	1.14566	0.544884	0.383401	0.352143	0.316323	0.260379	0.229041	0.220349	0.238306	0.183347	0.175218	0.181219	0.201918	0.157685	0.1368	0.121902
-10.3946	1.09525	0.60797	0.413128	0.401168	0.314084	0.217685	0.174115	0.226936	0.262343	0.250914	0.161516	0.179246	0.217182	0.244309	0.161792	0.0966117
-10.4732	0.96628	0.540308	0.381206	0.347459	0.284899	0.239352	0.194337	0.208351	0.224498	0.28404	0.18471	0.22674	0.26704	0.280035	0.220216	0.0903448
-10.5694	0.935836	0.602899	0.399253	0.327733	0.281474	0.239179	0.253871	0.287664	0.281098	0.273236	0.150712	0.153879	0.2531	0.25458	0.229285	0.154464
-10.4851	0.997044	0.633763	0.425703	0.331515	0.229438	0.204882	0.309978	0.374265	0.291637	0.235496	0.172835	0.146726	0.221737	0.13974	0.088201	0.15481
-10.4179	1.06572	0.605408	0.398787	0.346325	0.21968	0.218685	0.282318	0.294039	0.257273	0.232751	0.188921	0.133627	0.140644	0.064368	0.0633445	0.170282
-10.5079	0.952838	0.500168	0.337721	0.377174	0.245789	0.208559	0.225894	0.20328	0.209929	0.216591	0.175364	0.108515	0.0547003	-0.0213232	0.0227239	0.0893384
-10.4768	1.02039	0.593472	0.395365	0.443524	0.328908	0.228628	0.201604	0.168468	0.222842	0.238172	0.168026	0.145019	0.12972	0.0773044	0.0899297	0.139911
-10.463	1.02549	0.521423	0.357289	0.430934	0.372873	0.259748	0.205873	0.191791	0.206489	0.272083	0.2155	0.181343	0.114773	0.138182	0.0984093	0.111951
-10.4861	0.967802	0.52783	0.375111	0.424581	0.340514	0.21268	0.231971	0.249817	0.162722	0.208617	0.222714	0.261527	0.148394	0.195691	0.146975	0.133958
-10.4046	0.995189	0.576553	0.446276	0.471527	0.378454	0.199025	0.269645	0.198617	0.121969	0.169294	0.123035	0.256803	0.178146	0.196065	0.103808	0.156771
-10.3721	1.04927	0.629706	0.512211	0.503036	0.440821	0.248784	0.297584	0.22018	0.241208	0.234385	0.112223	0.170254	0.146926	0.155757	0.0829179	0.0963492
-10.1928	1.23365	0.646532	0.494978	0.47212	0.415705	0.310656	0.324641	0.280185	0.231314	0.230994	0.227271	0.174802	0.152842	0.155761	0.164194	0.118203
-10.2094	1.27411	0.769003	0.558426	0.48764	0.351237	0.314716	0.36741	0.286855	0.212136	0.260052	0.265645	0.191436	0.129238	0.0769978	0.105404	0.0856088
-9.94818	1.14823	0.576647	0.645135	0.515766	0.226989	0.251499	0.26596	0.209907	0.297089	0.224127	0.193975	0.161144	0.0952179	0.126451	0.211305	0.0953106
-9.03599	0.83408	0.184588	0.445636	0.533121	0.317618	0.245367	0.20008	0.0574421	0.234445	0.24939	0.328189	0.180401	0.15425	0.0795479	0.219604	0.165155
-8.39858	0.476543	0.0943604	0.231575	0.508782	0.395698	0.31603	0.19081	0.0877706	0.299546	0.330303	0.34755	0.178179	0.218482	0.0129342	0.155556	0.231408
-7.77913	0.179647	0.141166	0.242839	0.401975	0.434752	0.321324	0.153392	0.115063	0.271878	0.412471	0.446996	0.112339	0.0481422	0.0239348	0.106211	0.202018
-7.1387	0.28189	0.077885	0.0304089	0.296704	0.342045	0.187029	0.0324899	0.104144	0.145292	0.265945	0.273967	0.132072	0.232257	0.16193	0.102743	0.15562
-6.34367	0.721483	-0.0237997	-0.186655	0.152504	0.264295	0.0399394	-0.110026	0.0245347	0.0288385	0.130001	0.153344	0.138293	0.190266	0.0736021	0.0215462	0.0791223
-5.98513	0.760934	-0.134039	-0.121753	0.157319	0.213408	0.012778	-0.0709178	-0.0435328	0.00548178	0.200429	0.133345	0.156189	0.203635	0.0612669	0.0611275	0.0753967
-5.88921	1.04455	-0.0843046	-0.00825565	0.277798	0.211684	-0.00118671	-0.0284586	0.0330128	0.135047	0.242331	0.160339	0.183148	0.214445	0.0868637	0.120341	0.0731707
-5.96245	1.24056	-0.100067	0.0226373	0.385302	0.308383	0.0272585	-0.0866188	0.119393	0.188647	0.25171	0.326728	0.276606	0.167269	0.160674	0.096891	0.0187998
-6.54368	1.39426	0.0277608	0.00217766	0.10421	0.314432	-0.109943	-0.159302	-0.202398	0.0336461	0.150971	0.108474	-0.243576	0.153993	0.0383007	-0.105326	0.0217243
-6.95673	1.42546	-0.840863	-0.243541	-0.30738	-0.246348	-0.0348093	0.0974543	-0.262732	0.208904	0.334616	0.0569638	-0.196602	-0.222212	0.222417	0.0532734	0.359674
-6.53836	2.83274	-0.121291	0.390833	0.824447	0.697745	-0.26302	-0.218994	-0.425	0.130994	0.044327	-0.112891	0.182917	-0.159735	-0.0335302	-0.093226	0.349496
-4.62349	4.01919	-0.0371733	-0.508573	0.241657	0.602101	-0.391012	-0.0276832	-0.185402	0.0171493	-0.314945	0.707419	-0.243979	-0.212372	0.154518	-0.0237707	0.0418175
-4.42641	4.04947	-0.127015	-0.594541	0.507113	0.17335	-0.534632	-0.00596665	-0.239981	0.361876	-0.264718	0.562528	-0.223945	-0.174559	-0.0409046	-0.0971889	0.0641641
-4.146	3.86608	-0.0959858	-0.682833	0.635064	0.291094	-0.473766	-0.0829685	-0.348107	0.30261	-0.309539	0.524671	-0.174501	-0.0371426	0.145735	-0.196978	0.384074
-4.05156	3.6942	-0.104113	-0.494053	0.583005	0.206904	-0.583375	0.124276	-0.229378	0.263656	-0.238121	0.26727	-0.12817	0.00469086	0.156151	-0.19811	0.140127
-3.8849	3.47085	-0.115005	-0.266284	0.696457	0.0546643	-0.474938	0.0128831	0.00580437	0.285548	-0.415946	0.233798	-0.246581	0.0735564	0.286171	-0.0756868	0.163745
-4.00538	3.60497	-0.0886377	-0.180901	0.975959	0.0241908	-0.363802	-0.110486	0.0537348	0.307452	-0.466278	0.0791525	-0.236135	0.165848	0.184107	0.191521	0.434198
-4.28499	3.41109	0.0964055	-0.183395	0.960245	-0.108528	-0.631022	0.180163	0.0974421	0.0545755	-0.204838	0.318971	-0.238545	0.104162	-0.0928641	-0.170975	0.0797457
-4.49436	3.21491	0.407283	0.124007	0.507511	-0.0513597	-0.338211	0.117253	0.0427873	0.389884	-0.416885	-0.00861056	-0.137518	0.303708	-0.0809038	-0.216054	-0.00158775
-4.36389	2.86763	0.29384	0.529274	0.613092	-0.0583751	-0.493526	0.379494	0.409365	-0.0146542	-0.471599	-0.0150097	-0.00875192	-0.0573498	0.135005	-0.00510989	0.0853013
-4.47259	2.68355	0.309223	0.683342	0.259385	-0.355343	-0.0370009	0.706865	-0.165359	-0.0155963	-0.35786	0.125099	-0.205309	0.362545	-0.146877	-0.117221	-0.0378168
-4.72144	2.40946	0.10224	0.932059	0.46585	-0.0920253	0.137904	0.517993	-0.0718216	-0.181074	-0.0417025	-0.115851	-0.178546	0.289235	-0.056146	-0.137393	-0.0826952
-4.79506	1.82456	0.0881525	1.00082	0.409492	0.310266	0.565474	0.528433	0.0483929	0.285565	-0.13259	-0.292446	-0.355481	-0.134546	-0.120381	-0.0468374	0.308001
-4.87032	1.73663	0.0858339	0.986592	0.304347	0.322027	0.459429	0.406681	0.0534774	0.0737659	-0.0864977	-0.52496	-0.322025	0.177768	-0.134035	0.0346825	0.0878718
-5.09022	1.46511	-0.0265858	1.59732	0.394448	0.203497	0.509929	0.337179	0.379856	0.0963019	-0.0962484	-0.465121	0.00797251	0.03317	-0.048633	-0.0804991	-0.0679331
-4.76343	1.38001	0.207201	1.30652	-0.107769	0.207098	0.533468	0.524311	-0.0493283	0.0979412	0.0667984	-0.176364	-0.115282	-0.140162	0.0145855	-0.24921	0.09522
-4.83678	1.41908	0.254606	1.31495	-0.0710131	0.50297	0.864514	0.348126	-0.206791	0.029539	0.087092	0.109329	-0.0461897	-0.297708	0.0558374	-0.0153117	-0.0661592
-4.84166	1.67703	0.324663	1.43187	-0.229402	0.16795	0.354963	0.406357	0.103596	0.00758717	-0.118577	-0.438854	0.0164582	0.234978	0.0689433	-0.212915	-0.00424566
-5.0255	1.46767	0.702894	1.28878	-0.453756	0.0925371	0.534804	0.651552	-0.15044	-0.169726	0.0787306	-0.00216935	-0.0576895	-0.208254	-0.140718	-0.110932	-0.129557
-4.83203	1.68292	0.644401	1.38056	-0.202479	0.180979	0.30728	0.00464804	-0.342824	0.00872005	0.143491	-0.223102	0.187125	-0.23021	-0.14737	0.182512	-0.0607655
-4.91006	1.49403	0.719497	1.41754	0.168678	0.616175	0.226485	0.011888	-0.385044	-0.0365665	-0.433227	-0.330033	0.192268	0.309845	0.189469	-0.164179	0.050618
-5.20539	1.89318	1.19554	1.15594	-0.165816	0.372733	-0.116577	0.0243184	-0.20318	-0.266485	-0.118655	0.0677055	0.411597	-0.00377836	-0.335546	-0.208226	-0.0334015
-4.84886	1.8383	1.03373	1.66934	-0.202876	0.218591	0.0976436	-0.15232	-0.284761	-0.211233	-0.242006	0.153494	0.233211	0.0407681	-0.0481029	0.109003	-0.0111903
-5.15009	2.08351	1.24501	1.47672	-0.286366	0.0476778	-0.283974	-0.00543466	-0.336168	0.145019	0.149532	0.0559499	0.0735364	-0.0247666	-0.406558	-0.322412	0.0850605
-4.86945	2.30058	1.29729	1.19439	-0.602185	0.314896	0.0601047	-0.159314	-0.536279	0.400105	0.164509	-0.274145	-0.0255613	0.268335	-0.325587	-0.139717	0.0758583
-4.57927	2.45979	0.834211	1.26997	-0.353662	0.16437	0.187827	-0.212107	-0.286163	0.0838408	0.0262756	-0.142611	0.0391527	0.182352	-0.132237	-0.0023243	0.0443693
-4.24215	2.29656	0.602361	1.2561	-0.214786	0.257308	0.029969	-0.0875485	-0.324715	-0.00388493	-0.00303643	-0.0149865	0.0712437	0.0891745	-0.119613	-0.120297	0.261335
-3.97624	1.98986	0.656987	1.43535	-0.278492	0.161152	0.082713	-0.134658	-0.281275	-0.0497043	0.0169278	-0.0739833	0.232435	0.0488819	-0.271767	0.0195252	0.255687
-4.03882	2.05298	0.551124	1.49298	-0.213568	0.127734	0.200138	-0.146067	-0.28474	-0.00493022	0.0280007	-0.173596	0.129903	0.157019	-0.263298	0.0364997	0.00275291
-4.29956	2.26386	0.715233	1.44989	-0.263516	0.118261	0.116706	-0.249974	-0.11794	-0.035998	0.0800185	-0.129036	0.021523	0.0987095	-0.227892	0.109457	0.130945
-4.35827	2.35705	0.596384	1.49494	-0.081621	-0.0853145	0.223946	-0.25013	-0.192708	0.0314968	0.128909	-0.199281	0.0482881	-0.0610772	-0.16722	0.253933	0.178197
-4.33692	2.49105	0.205832	1.76719	-0.215455	0.0930574	0.256542	-0.277145	-0.0363905	-0.249537	0.284806	-0.283556	-0.0171142	0.034913	-0.172178	0.193201	0.174679
-3.88307	1.99037	0.349679	1.71162	-0.307158	0.0828184	0.339562	-0.32062	-0.0820457	-0.148008	0.154244	-0.181549	-0.0122561	0.0256945	-0.177116	0.189845	0.198058
-3.82541	1.92556	0.27556	1.74084	-0.278571	0.0595102	0.472235	-0.310025	-0.081217	-0.216652	0.0629395	-0.140762	0.0208215	0.121033	-0.240332	0.056849	0.0410664
-3.94955	1.95635	0.158624	1.80456	-0.257027	0.0945968	0.549628	-0.366321	-0.0369482	-0.293398	0.0275478	-0.0819123	-0.00155502	0.158231	-0.253251	0.00442231	-0.0054101
-4.20526	1.94975	0.256765	1.70428	-0.202319	0.0656193	0.641997	-0.280184	-0.0628181	-0.337111	-0.0516949	-0.0942206	0.0753938	0.147229	-0.217364	-0.121948	-0.244961
-4.74062	2.2286	0.192339	1.56076	-0.322267	0.119303	0.545224	-0.0871651	-0.0312627	-0.240133	-0.195819	-0.166581	0.0736176	0.1831	-0.145641	-0.184311	-0.352542
-5.88269	2.60745	0.48332	1.47455	0.000225221	0.142773	0.426937	-0.354897	-0.137549	-0.125764	-0.050138	-0.117536	0.118236	-0.109968	0.269418	-0.577635	-0.0144313
-7.35122	2.95766	1.38011	2.12782	-0.654536	-0.179451	0.410825	-0.107003	-0.182966	-0.171208	0.157704	0.0513188	-0.366721	-0.26576	0.410987	0.177702	-0.386142
-8.1007	2.78635	0.749501	1.57955	-0.374774	-0.274195	0.0755558	-0.382396	0.0945468	-0.0761101	-0.0387636	0.182102	0.0802188	-0.0194669	-0.281194	0.145488	-0.107755
-8.62532	2.44325	1.63624	1.74856	0.102684	-0.415176	0.360787	-0.344818	0.119322	-0.282859	0.0438378	-0.200385	-0.07399	-0.116315	0.281717	0.0070139	0.308723
-8.43839	1.8528	0.772746	0.9353	0.0119353	0.00196407	0.100275	-0.338464	-0.177015	-0.172793	-0.203389	-0.0591869	-0.0916449	0.0112076	0.138925	0.176067	0.248443
-8.63285	1.53112	0.56295	0.748927	-0.0128429	0.0353131	0.0872426	-0.248196	-0.102511	-0.119902	-0.139186	-0.0620913	-0.0770656	0.0121036	0.117732	0.0722862	0.261767
-7.76568	1.39327	-0.0605248	0.756596	-0.101176	0.308432	0.126323	-0.292608	-0.115489	-0.0415289	-0.119903	-0.0272819	0.0403041	-0.0437905	0.0973154	0.0648335	0.199747
-6.61505	1.03909	-0.271138	0.838095	-0.0437	0.308077	0.149036	-0.0445505	-0.102439	0.00175715	0.0677003	0.0854157	0.0263924	-0.0395227	0.130593	0.106945	0.079715
-5.84526	0.585516	-0.141315	0.93941	-0.0565734	0.369356	0.174214	-0.0115716	-0.117906	0.0891121	0.119894	0.090857	0.0333454	-0.0941211	0.189677	0.109748	-0.0513355
-5.3329	0.439253	0.0419424	1.00173	-0.23446	0.184073	0.152129	-0.0578443	-0.0910985	-0.023041	0.0315659	0.08642	0.0687991	-0.0411564	0.0991431	0.0446912	-0.0629229
-4.88488	0.398359	0.00890471	1.22694	-0.225027	0.195734	0.0411787	-0.0277521	-0.176418	-0.320415	-0.0604909	0.155396	0.191943	-0.204356	0.113367	0.0569241	-0.179819
-5.46001	0.786149	-0.0732695	0.966602	-0.111815	-0.00695576	-0.0439741	-0.128051	0.0362419	-0.130217	-0.0621889	0.0709614	0.113362	-0.213647	0.233667	-0.0234745	-0.3939
-5.97935	0.807234	-0.154773	1.4373	0.35051	-0.00795333	-0.361292	0.0331546	-0.226945	-0.0127248	-0.203607	0.0572752	0.228478	-0.125833	-0.0230949	0.151748	-0.0177369
-5.78326	1.93064	-0.124431	1.57288	0.486984	0.0510227	-0.311163	-0.13545	-0.0880557	-0.258837	-0.227668	0.22081	0.0977853	-0.0818791	0.0973202	-0.0505577	0.184236
-4.6381	2.82205	0.319041	1.22595	0.00934225	-0.144308	0.373401	-0.158022	-0.403356	-0.177452	-0.0481134	0.134738	-0.0312501	-0.0167517	0.216733	-0.0983662	-0.202314
-4.39788	2.69624	0.183321	1.00556	-0.00903281	-0.244593	0.0157104	-0.202096	0.0897918	0.0252191	-0.208008	-0.0483818	0.151721	0.092669	-0.294593	0.278775	-0.184248
-4.27068	2.80034	0.181428	1.04791	0.198647	-0.540448	0.200237	-0.3221	0.397849	-0.325815	-0.128736	-0.00524952	0.106808	0.0959839	-0.139095	0.0767894	-0.267495
-4.7048	3.05518	0.772977	1.13377	0.416637	-0.510033	-0.0514182	-0.350075	0.286562	-0.014662	-0.178629	-0.246694	0.138435	0.177755	0.0655311	-0.216129	-0.640835
-5.5613	3.03061	1.33397	1.01633	0.245466	0.00364963	-0.000932554	-0.378951	-0.0404656	-0.0483946	-0.0672142	-0.0441043	-0.247724	0.227663	0.273769	-0.290167	-0.566204
-6.78273	2.90314	1.03005	1.53834	1.33862	-0.0915468	-0.524042	-0.611063	0.315401	-0.279528	0.0917935	-0.175274	-0.245286	0.260506	0.0885807	-0.111748	-0.375206
-7.95739	3.20566	1.32661	1.15752	0.554575	0.121118	-0.114072	-0.332741	0.0952412	-0.211896	-0.306957	-0.0310858	0.00687169	0.111611	0.0302521	-0.0583386	-0.0187109
-8.59411	2.71359	1.52991	1.31361	0.469684	0.20512	-0.345321	-0.132111	-0.0979579	-0.11176	-0.285891	0.0385081	-0.0533459	0.0861934	0.00374699	-0.0612169	0.0516322
-8.28828	2.22352	0.715767	1.16847	0.657345	0.0781676	-0.756703	-0.163792	-0.0172008	0.280122	-0.0897001	-0.274117	-0.0308357	0.202767	0.0351884	-0.162667	-0.244155
-8.18845	1.47597	0.31391	0.346086	0.19617	-0.0377424	-0.1883	-0.0560964	-0.0908622	-0.0732382	-0.113823	-0.0244575	0.136488	0.168929	0.197864	0.231765	0.401405
-8.55579	1.33537	0.355375	0.547188	0.371772	0.110733	-0.268739	-0.0116715	-0.114273	0.0698946	-0.211173	-0.0643046	0.0375049	0.177556	0.242791	0.154529	0.368051
-8.63743	1.04834	0.41068	0.631528	0.342372	0.395947	-0.199197	-0.17477	-0.115126	0.180819	-0.126968	-0.0757818	-0.00606448	0.151139	0.339266	0.245581	0.24894
-8.5906	0.751949	0.489433	0.348235	0.276574	0.408269	-0.100249	0.05547	-0.206225	0.264963	-0.0140009	-0.134884	0.0348754	0.185921	0.352353	0.236856	0.222127
-8.29245	0.780687	0.604443	0.115839	0.143384	0.34872	-0.112952	0.149593	-0.0518367	0.288989	0.0144047	-0.0764374	0.084579	0.100221	0.312474	0.208287	0.213526
-8.12007	0.589272	0.470205	0.27767	0.0631479	0.404457	0.154021	0.230272	-0.0294196	0.358991	0.262781	0.124592	0.109858	-0.0673471	0.335082	0.24155	0.246182
-7.33724	1.30528	-0.0838812	-0.29873	0.0498281	0.713469	0.510189	0.236184	-0.139209	0.199115	0.0270001	-0.122312	0.0972863	-0.0176678	0.321489	0.152419	0.144358
-6.30633	1.94593	-0.329312	-0.530086	-0.00021729	0.814201	0.424366	0.147823	-0.220024	0.213922	0.0146727	0.124581	0.255737	-0.0432152	-0.0853965	-0.261498	0.160297
-5.5131	1.84651	-0.27936	-0.677917	-0.157954	0.656574	0.332824	0.126578	-0.271074	0.231407	0.0368923	0.225854	0.299314	-0.0458187	-0.196622	-0.308192	0.00926481
-5.17717	1.85938	-0.124411	-0.793314	-0.242045	0.529964	0.284919	0.0915837	-0.171337	0.234131	0.10888	0.222215	0.327656	-0.122656	-0.218131	-0.221277	0.0840955
-5.02143	1.79069	-0.0250095	-0.754957	-0.326139	0.546076	0.300064	0.0429289	-0.0987246	0.179084	0.194343	0.150596	0.305916	-0.161851	-0.341993	-0.262936	-0.0454013
-5.13752	1.74942	0.241904	-0.590389	-0.48342	0.558654	0.31441	0.0268959	-0.139657	0.19151	0.29678	0.227417	0.263733	-0.250891	-0.408316	-0.185905	0.0508825
-5.31149	1.54084	0.485228	-0.170131	-0.311419	0.489244	0.363672	0.0602842	-0.0767139	0.071379	0.295602	0.368432	0.218795	-0.214282	-0.296333	-0.12844	0.0245753
-5.22163	1.37792	0.311789	-0.00155334	-0.10279	0.361787	0.238133	0.211214	-0.00830924	-0.0731838	0.143799	0.2425	0.122625	0.0760106	-0.146544	-0.0712654	0.0384122
-5.3305	1.35098	0.26909	-0.042215	-0.108853	0.431384	0.0200944	0.250634	-0.0857074	-0.112022	0.134543	0.33188	0.0681876	0.210292	-0.0507257	-0.0616065	0.08816
-5.70215	1.31018	0.257461	-0.143389	-0.269824	0.413208	0.042453	0.123199	0.0351597	-0.12816	-0.0653443	0.196919	-0.00579347	0.187263	-0.0518705	-0.0997551	0.149579
-6.03308	1.23059	0.288633	-0.134674	-0.381565	0.311915	0.0200133	-0.0626255	0.109351	-0.0780652	0.00700968	0.178885	0.057689	0.224	-0.209708	-0.152702	0.223034
-6.08123	1.33453	0.23547	-0.12444	-0.337815	0.443451	0.242769	-0.0240049	0.0171092	-0.0754023	0.0188684	0.175501	-0.0319972	0.120632	-0.100755	-0.249777	0.15376
-6.01176	1.57095	0.302554	-0.0330944	-0.316363	0.351757	0.253619	0.0543191	-0.12383	-0.18838	-0.21458	0.133954	-0.0812636	-0.0518143	-0.157463	-0.196032	0.0998455
-6.11938	1.87828	0.403497	0.204849	-0.0692915	0.741707	0.197263	-0.0873723	-0.163222	0.100757	-0.282978	0.395792	0.102002	0.064355	-0.0561214	-0.219307	-0.0069354
-5.81046	2.77171	0.70142	0.150328	-0.148717	0.692666	0.491118	0.116768	-0.21023	-0.0768625	-0.247719	0.0181922	-0.120405	-0.0301538	-0.108455	0.00134621	0.184913
-4.7196	2.97408	-0.193071	-0.183866	0.129636	0.67145	0.835089	0.90612	0.211762	0.575305	0.00546091	0.149602	-0.0291254	-0.405558	-0.140027	-0.482214	0.0244844
-3.94804	3.16785	-0.0323228	-0.0170048	-0.466693	0.441662	-0.00301414	0.322729	-0.420533	-0.0124296	-0.236074	0.0708584	0.0812254	-0.22213	0.107032	-0.191753	0.165337
-3.79366	3.1387	-0.189134	0.0775003	-0.502991	0.53265	0.00734874	0.240988	-0.437441	-0.0341923	-0.268886	0.130746	-0.0383958	-0.113609	0.103972	-0.0312316	0.0739495
-3.99829	3.25067	-0.108478	-0.313638	-0.302324	0.57766	-0.107889	0.231782	-0.499273	-0.145374	-0.401139	0.10766	-0.0603125	-0.180305	0.0963247	-0.0235283	0.124166
-4.03737	3.13101	-0.134679	-0.195623	-0.444576	0.553901	-0.0396669	0.109187	-0.509386	-0.204636	-0.427507	-0.0355029	-0.02769	-0.259086	0.0683701	0.00102166	0.139717
-4.05982	3.34193	-0.219447	-0.354119	-0.0324602	0.244407	0.274446	0.111778	-0.444734	-0.148382	-0.429592	0.0182329	-0.0756473	-0.229867	0.051824	0.105618	0.2351
-3.81053	3.03713	-0.399262	-0.24095	-0.195582	0.3923	0.048045	0.20548	-0.525903	-0.170415	-0.362532	-0.0998027	-0.121233	-0.317126	0.0502598	0.0824573	0.161516
-3.7073	2.82786	-0.571749	-0.227552	-0.167219	0.372383	0.0651587	0.101587	-0.563135	-0.0482699	-0.451904	-0.135496	-0.154733	-0.416902	0.0990443	0.0303784	0.0626768
-3.61073	2.55955	-0.612859	-0.13673	-0.0679647	0.424973	0.153572	0.106053	-0.398699	-0.0615903	-0.330181	-0.22479	-0.149201	-0.416717	0.121092	0.00832987	0.164671
-3.68366	2.44096	-0.775791	-0.141916	-0.0725739	0.47508	0.117318	0.171664	-0.548404	0.0528513	-0.447605	-0.195191	-0.296188	-0.473079	0.0745444	-0.0586477	0.126621
-3.91092	2.77391	-1.01347	-0.0982184	-0.0379748	0.443626	0.121211	0.0281644	-0.519402	0.0458527	-0.447866	-0.160031	-0.307705	-0.418813	0.0184825	-0.0512659	0.0443276
-3.93178	2.52663	-1.04823	-0.185714	0.0396788	0.255155	0.105763	-0.0743045	-0.54441	0.0319005	-0.608727	-0.266194	-0.327432	-0.439518	-0.0881016	-0.161133	-0.171867
-4.0016	2.60843	-1.01664	-0.0931942	0.0559347	0.228881	0.0859089	-0.0118303	-0.503224	0.0386558	-0.53028	-0.339335	-0.174256	-0.461783	-0.0299561	-0.233119	-0.133888
-4.13516	2.85708	-1.15061	0.0485239	0.0477176	0.247562	0.154067	-0.191042	-0.324121	0.0688757	-0.555535	-0.305365	-0.118075	-0.380309	0.00572549	-0.239636	-0.168388
-4.05518	2.75567	-1.02894	0.00937028	0.284139	0.06526	0.377467	-0.275365	-0.137565	0.0695368	-0.529111	-0.252422	-0.125319	-0.275728	-0.00647935	-0.24175	-0.00138421
-4.2529	2.73678	-1.07313	-0.105011	0.235611	-0.0582367	0.217448	-0.111106	-0.3784	0.0226381	-0.579028	-0.507094	-0.164327	-0.417676	-0.203942	-0.248653	-0.236352
-4.31337	2.89234	-0.896861	-0.165608	0.540962	-0.20083	0.0988977	0.0371454	-0.425209	0.109375	-0.619652	-0.335023	-0.0107399	-0.282459	-0.213093	-0.105238	-0.185916
-4.20089	2.64005	-0.991902	0.0342709	0.412281	-0.176597	0.121953	0.0191889	-0.289236	0.0751138	-0.685295	-0.32782	-0.154252	-0.337074	-0.230718	-0.249139	-0.0672571
-4.24887	2.68843	-0.842897	0.109094	0.359055	-0.221665	0.00839402	0.0476801	-0.336706	0.0908476	-0.716249	-0.20127	-0.136145	-0.397451	-0.120246	-0.254659	-0.0810465
-4.33345	2.89339	-0.88687	0.311715	0.372691	-0.167389	-0.0620406	0.175736	-0.234975	0.115143	-0.698314	-0.0555833	-0.172269	-0.434411	-0.0339669	-0.241954	0.146456
-4.42913	2.80664	-0.537744	0.185566	0.437126	-0.18734	-0.344567	0.286761	-0.296371	-0.01214	-0.557723	-0.0877885	-0.215739	-0.425006	-0.0242632	-0.253552	0.0918122
-4.5565	2.89825	-0.561723	0.415128	0.193575	-0.140714	-0.331371	0.133458	-0.240251	-0.0509644	-0.68162	0.104248	-0.37115	-0.403822	-0.00888284	-0.261844	0.0325119
-4.53477	2.84918	-0.670039	0.638713	0.104736	-0.217991	-0.25891	0.0288419	-0.269577	-0.0976791	-0.595579	0.00319867	-0.280383	-0.483775	0.00571484	-0.304425	0.0226418
-4.69467	2.92493	-0.61214	0.775949	0.0198145	-0.111928	-0.381316	0.0266987	-0.270094	-0.178232	-0.5046	0.0170734	-0.287166	-0.42888	-0.0974822	-0.215648	-0.00369215
-4.9043	2.85222	-0.232225	0.772799	0.296877	-0.162842	-0.281362	-0.120235	-0.225279	-0.171322	-0.469638	0.137821	-0.114372	-0.436679	0.0113804	-0.279736	0.143746
-5.48467	3.03129	0.381151	0.918376	0.555926	-0.100707	-0.403553	-0.161624	-0.360399	-0.188951	-0.453256	0.359072	0.267376	-0.346584	-0.0612492	-0.219331	0.185701
-6.0109	2.96093	0.74401	1.0266	0.6205	-0.302757	-0.435371	0.0873026	-0.779124	-0.441104	-0.513547	0.0697949	0.46396	-0.078413	-0.208908	-0.457392	0.00284097
-5.93292	3.36292	0.666769	0.672945	0.616014	-0.13976	-0.373291	-0.0321908	-0.54148	-0.359289	-0.219701	0.0197296	0.288643	-0.0939476	-0.121956	-0.120492	-0.0635402
-5.9894	3.44545	0.613899	0.693276	0.712937	-0.170368	-0.325201	-0.0152222	-0.662866	-0.234855	-0.150706	0.00847542	0.34668	-0.157804	-0.0913294	-0.00239562	-0.0707708
-6.13607	3.53841	0.67954	0.75681	0.718032	-0.107217	-0.267718	0.118514	-0.685112	-0.182229	-0.142336	0.0655036	0.333267	-0.190856	-0.0372324	0.0490052	0.0728822
-6.33631	3.38352	0.72636	0.766947	0.728519	-0.0948195	-0.278734	0.0754884	-0.523766	-0.368871	-0.0672327	-0.171975	0.335214	-0.290195	-0.0734283	0.103894	0.0594946
-6.78981	3.43882	0.689829	0.719101	0.508982	-0.153183	-0.334903	-0.0793332	-0.529248	-0.412169	-0.211261	-0.213258	0.143977	-0.36566	-0.255672	0.109542	-0.0792886
-7.17801	3.06906	0.969817	0.651591	0.386527	-0.124162	-0.421026	-0.124441	-0.563972	-0.378821	-0.384808	-0.39895	0.18235	-0.477906	-0.284509	-0.0762195	-0.0696068
-6.50442	2.11298	0.156152	1.34362	-0.170713	-0.222518	-0.357876	-0.125442	-0.661624	-0.280137	-0.541305	-0.253399	-0.299483	-0.470924	-0.22615	-0.0615373	-0.272955
-5.1104	1.54791	-0.199389	1.0448	-0.124341	-0.0536919	-0.10281	-0.171621	-0.390703	-0.297972	-0.218342	0.0577941	-0.241621	-0.25221	-0.22002	0.0463579	-0.265124
-4.98383	2.24955	0.471067	1.37238	0.328718	0.0290676	-0.0430879	0.143885	-0.0191095	-0.0328033	0.185694	0.45106	0.246086	0.193363	0.0475129	0.211471	0.092829
-4.51582	2.48375	-0.173454	1.25931	0.0160401	-0.163271	-0.168545	-0.101383	-0.0630451	-0.0301841	-0.0911296	0.352291	0.0258627	0.1087	-0.138207	0.203483	-0.138342
-4.22358	2.34762	-0.343273	1.19099	-0.0799753	-0.128872	-0.104913	-0.0205546	-0.127047	0.0966246	-0.126947	0.458436	-0.129854	0.209077	-0.159994	0.156859	-0.106354
-4.18633	2.3276	-0.382943	1.16105	-0.163315	-0.136464	-0.136793	-0.0508094	-0.116621	0.0114706	-0.0331642	0.349542	-0.0847668	0.188776	-0.194007	0.194259	-0.173454
-4.15453	2.30237	-0.317641	1.11581	-0.0177613	-0.0819469	-0.148719	0.0643885	-0.137164	0.0221022	0.0393431	0.288414	0.0528339	0.187334	-0.0955432	0.121499	-0.0629963
-4.57932	2.39181	-0.426698	0.932436	-0.213639	-0.272544	-0.255522	-0.107916	-0.328782	-0.109678	-0.00516945	0.116272	-0.0338152	0.0530939	-0.235448	0.149941	-0.339592
-4.73234	2.65408	-0.211631	0.720536	0.245515	-0.0590337	-0.270384	0.00720444	-0.163517	-0.153889	0.0637055	0.100804	0.145808	0.225738	-0.136625	0.0266481	-0.0353679
-4.97125	2.24436	-0.253763	0.812595	0.15684	-0.187364	-0.227441	-0.186239	-0.159913	-0.207016	0.0284509	0.0691124	0.162657	0.0659924	-0.166375	-0.0276805	0.00279459
-5.60682	2.49025	0.0437356	0.823141	0.19213	-0.266844	-0.140085	-0.188036	-0.172197	-0.238734	0.0165686	-0.0923491	0.163591	-0.0323429	-0.214512	0.0861761	0.0356956
-6.11828	2.80902	0.247047	0.674277	0.0946932	-0.231604	-0.0940667	-0.131753	-0.368779	-0.193015	0.0732806	-0.23663	0.286754	0.0088258	-0.284662	0.125691	0.0555089
-6.97124	2.63162	0.292947	0.673373	0.128197	-0.214147	-0.197369	-0.202728	-0.420434	-0.161269	-0.0256946	-0.250715	0.340334	0.0563769	-0.38794	0.106269	0.0604808
-7.34661	1.83934	0.580892	0.366168	0.122413	-0.0262111	-0.152152	-0.24842	-0.174112	-0.0654821	-0.183923	-0.134677	0.0805146	0.0545999	0.00243304	0.104497	0.19661
-8.11896	1.93952	0.699647	0.575496	0.299067	0.024558	-0.127131	-0.153703	-0.148323	-0.0784534	-0.0723588	-0.0223927	0.0986495	0.0940684	0.0684041	0.0973246	0.109717
-8.93516	1.97904	0.747473	0.818677	0.443785	-0.00686629	-0.127219	-0.112342	-0.163292	-0.0612399	-0.0544745	-0.15609	0.053301	0.0328518	0.0555574	0.121213	0.0364016
-9.46622	1.8755	0.936422	0.938438	0.502679	0.0905143	-0.100648	-0.163979	-0.17729	-0.121678	-0.0624967	-0.198289	0.0343452	0.055237	0.0445054	0.0822893	0.0773322
-9.54356	1.88135	0.920805	0.762193	0.503147	0.1986	-0.0154246	-0.0796534	-0.0939581	-0.116548	-0.04435	-0.081106	-0.0472714	-0.0359249	-0.0116739	-0.017385	0.0915601
-9.40672	1.50649	0.877602	0.778784	0.309993	0.407948	0.136384	-0.0222194	-0.0554073	-0.0547532	-0.0536948	-0.00275543	0.0318147	-0.0412009	-0.0146262	0.121227	0.0989815
-9.06394	1.07186	0.827955	0.820759	0.139831	0.531383	0.325932	0.0496661	-0.0247137	-0.0280701	-0.036814	0.0605478	0.100751	-0.0273292	-0.090925	0.133269	0.0995798
-8.96402	1.01523	0.64475	0.582741	0.119682	0.646589	0.450035	0.0399805	0.00229228	-0.0231956	0.0491383	0.0538409	0.135387	-0.0187572	0.0173396	0.160288	-0.0102678
-9.09517	1.28082	0.467755	0.345431	0.299972	0.600559	0.522715	0.138908	0.0832836	-0.0665207	0.172439	0.0716558	0.152277	0.103273	0.101594	0.113513	-0.0606083
-9.16343	1.51793	0.478092	0.344059	0.310592	0.398782	0.368409	0.243798	0.128786	0.0508091	0.174692	0.176926	0.221325	0.146516	0.0746438	0.0506137	0.0644964
-9.56007	1.61563	0.666277	0.462726	0.362488	0.488297	0.389839	0.304452	0.182777	0.0721535	0.105697	0.159735	0.192899	0.175786	0.110001	0.042311	0.0429336
-9.49456	1.62215	0.630159	0.502263	0.415733	0.41786	0.364323	0.307242	0.245728	0.182574	0.128392	0.11827	0.145938	0.160878	0.15021	0.147581	0.118442
-7.8282	2.23532	0.547317	0.0958681	-0.232726	0.0334252	0.253609	0.293176	0.467041	0.119809	0.163172	-0.0054063	0.0917769	0.2317	0.0755677	0.0717929	-0.0919999
-6.49677	2.62759	0.697255	-0.239293	-0.474069	0.0827606	0.0825807	0.0011901	0.285311	-0.0639798	0.339664	-0.0773948	0.169261	0.116709	-0.0947537	0.0209812	-0.0940004
-5.77705	2.69209	0.630463	-0.305973	-0.589551	0.178831	-0.0571967	-0.20929	0.345693	-0.0911341	0.332211	0.0287256	0.358071	0.0508269	-0.107637	0.143845	-0.126734
-5.53529	2.61104	0.533655	-0.472037	-0.641772	0.175523	-0.0301345	-0.245304	0.322864	-0.0591276	0.353506	0.0140008	0.319438	0.12579	-0.02668	0.123279	-0.190747
-5.85186	2.56472	0.459534	-0.505563	-0.678582	0.0966885	0.074432	-0.218952	0.367193	-0.0146354	0.338886	-0.0444256	0.238149	0.134451	-0.0310067	0.11949	-0.145275
-6.0402	2.43741	0.259369	-0.307003	-0.514886	0.0263969	0.188074	-0.044114	0.338303	0.101341	0.3128	-0.124633	0.145717	0.099338	0.00877592	0.0986887	-0.0470205
-6.15264	1.97993	-0.0654464	-0.229018	-0.284459	0.219243	0.4402	0.142626	0.259139	0.143657	0.0981891	-0.20095	0.0410541	0.211506	0.108684	0.0627359	-0.0489942
-6.23056	1.72216	-0.304202	-0.182282	-0.260199	0.26579	0.228203	0.093833	0.164675	-0.033662	-0.00104941	-0.127232	0.0709118	0.147325	0.0166997	0.168712	-0.0246247
-6.24581	1.83062	-0.261854	-0.0267877	-0.340993	0.277757	0.251533	0.0545919	0.19571	-0.0531892	0.140359	-0.0040422	-0.000248193	0.110115	-0.146179	0.106476	-0.0524418
-6.79439	1.9711	0.0263902	0.0898644	-0.829887	0.363424	0.769156	0.0437594	0.313558	-0.296576	0.128693	-0.028512	-0.183693	-0.0811675	-0.48378	0.25939	-0.0429086
-6.50047	2.33553	0.309088	0.182726	-0.616396	0.601288	0.68776	0.155456	0.263516	-0.299282	0.0813197	-0.133307	0.0412538	0.0411908	-0.648829	0.210034	-0.125083
-5.75242	3.12142	0.729024	0.00874863	-0.348664	0.359087	0.376697	-0.0753711	-0.117036	-0.173054	-0.108314	-0.0964195	-0.0166323	0.146587	-0.141516	0.0727466	-0.267396
-4.66719	3.55966	0.349144	-0.0783393	-0.382107	0.292082	0.267002	0.0576432	-0.0408887	-0.0410207	0.0494105	0.0526988	0.0414099	0.0625645	-0.100284	-0.0727471	0.0143461
-4.24406	3.54221	-0.0609722	-0.252218	-0.287993	0.215599	0.247265	0.0029266	-0.1796	0.148745	0.12174	0.174517	-0.115141	0.0233054	-0.328421	0.163172	0.023287
-4.18985	3.59771	-0.353153	-0.3924	-0.0405623	-0.148707	0.460794	-0.109058	-0.397385	0.395925	0.0815999	0.145267	-0.091466	-0.160762	-0.226229	0.0371185	0.0291449
-3.80492	3.01108	-0.381796	-0.0898381	-0.406394	0.0393349	0.298232	-0.116105	-0.299537	0.344116	0.0734607	0.131495	-0.0789511	-0.183376	-0.296799	-0.045132	0.136956
-3.76584	3.00168	-0.558276	0.0593111	-0.35992	0.0462914	0.241144	-0.167221	-0.123001	0.46885	0.0526402	0.0985452	-0.198565	0.0891503	-0.263385	-0.0731988	-0.00678079
-3.6655	2.98155	-0.687596	0.140682	-0.227173	0.116482	0.234988	-0.228771	0.124312	0.397199	0.188751	-0.00893469	-0.0384602	-0.0240973	-0.0857399	-0.222779	0.130609
-3.50262	2.65789	-0.710824	0.119508	-0.126844	0.0743486	0.0225317	-0.135663	0.0711044	0.464757	0.0541355	-0.0429446	0.0350884	0.016349	-0.200519	-0.182729	0.0163571
-3.43567	2.53175	-0.72829	0.213793	-0.0590102	-0.0639603	-0.028093	-0.063447	0.103665	0.433168	-0.0370898	0.00246056	0.0596216	-0.00317153	-0.212719	-0.230191	0.0888451
-3.50495	2.58639	-0.729519	0.256297	0.00506341	-0.0691118	-0.192474	0.0438467	0.103246	0.352027	-0.0118769	0.0203568	0.119834	0.0024213	-0.224329	-0.302477	0.145096
-3.51933	2.52254	-0.783696	0.345689	-0.012549	-0.2266	-0.196604	0.00234056	0.0611401	0.300901	-0.0675868	0.136018	0.0452171	0.0704969	-0.312372	-0.230053	-0.00118661
-3.47837	2.40933	-0.647298	0.531142	-0.046131	-0.169851	-0.243259	0.122233	-0.0166182	0.332765	0.00490013	0.221678	0.0935656	0.0216502	-0.272391	-0.28092	0.113875
-3.62241	2.44094	-0.653547	0.574848	0.0516033	-0.321989	-0.286737	0.0602641	-0.0517116	0.275247	0.0353284	0.236176	0.155973	0.0300021	-0.344298	-0.248113	-0.0076877
-3.69179	2.33786	-0.433754	0.606227	0.156244	-0.377086	-0.285729	-0.00144689	0.0265779	0.171111	0.185019	0.18888	0.234789	-0.00894292	-0.316777	-0.311933	0.109138
-3.86212	2.48243	-0.501701	0.671902	0.124281	-0.331193	-0.399012	0.104549	-0.0364797	0.190356	0.126301	0.226561	0.115293	-0.0741887	-0.270315	-0.242132	0.167317
-3.78068	2.2816	-0.394471	0.657783	0.0918958	-0.324671	-0.34106	0.145072	-0.0348722	0.120469	0.11607	0.177794	-0.00919248	-0.0474522	-0.240635	-0.0765085	0.166442
-3.90675	2.26165	-0.357606	0.768102	0.0583598	-0.226862	-0.322235	0.173893	-0.0806527	0.0833005	0.0863333	0.182127	-0.053255	0.0221038	-0.24755	-0.00988717	0.213546
-4.0976	2.30453	-0.272495	0.806558	0.183069	-0.179248	-0.252184	0.173829	-0.11707	0.0108615	0.16809	0.10118	0.06761	0.00306984	-0.177863	-0.0378253	0.32323
-4.67921	2.50476	0.0995653	0.775262	0.334636	-0.148301	-0.229888	0.343627	-0.227255	0.000711904	0.246371	0.115787	0.147024	0.0752522	-0.251517	0.125035	0.377732
-5.38551	2.83604	0.228781	0.828466	0.632801	-0.0012336	-0.0598676	0.115733	-0.0223643	0.0544265	0.268522	0.112489	0.3037	0.335972	-0.26023	0.0451635	0.499316
-6.39806	3.05084	0.308319	0.99296	0.636955	0.109978	-0.342837	0.136293	-0.0781956	0.0927659	0.351027	-0.152021	0.235649	0.129959	-0.24688	-0.0908701	0.482894
-7.85505	3.17951	0.410005	0.993615	0.289328	-0.103298	-0.43233	-0.0608825	-0.211782	-0.0293424	-0.0675955	-0.637565	-0.0728097	0.0769204	-0.304917	-0.128732	0.358484
-8.46312	2.64844	0.783956	0.886722	0.148774	-0.418979	-0.297954	-0.0416828	-0.297227	-0.416672	-0.078166	-0.216475	-0.204473	0.0501425	-0.0559271	0.105668	0.207964
-7.9328	2.00704	0.751283	0.613101	0.317954	0.0179529	-0.122433	-0.0984041	-0.105438	-0.148084	-0.130987	-0.0595306	0.0022945	0.00568582	0.013981	0.11382	0.168814
-8.7299	2.05994	0.767746	0.65421	0.371894	0.0680516	-0.0580434	-0.035531	-0.0532977	-0.0942713	-0.144933	-0.113311	0.0272653	0.0118014	-0.0324563	0.0412266	0.155137
-9.16539	2.13135	0.571053	0.416098	0.750555	0.466636	-0.126769	-0.122161	-0.397601	0.0554667	0.032306	0.0336759	0.0733665	-0.225422	-0.0588272	-0.0128926	0.231899
-9.07579	1.88208	0.363166	0.222559	0.726048	0.703932	-0.0416563	-0.122686	-0.53758	0.0884438	-0.00731205	0.0552915	0.106497	-0.164296	0.0277805	-0.0176643	0.237577
-9.03308	1.82811	0.48513	0.258176	0.552678	0.635105	0.0814013	-0.104028	-0.317773	0.0926706	0.0999047	0.0897557	-0.0135817	-0.137696	0.0909858	0.106457	0.324421
-9.22153	1.64918	0.556486	0.38669	0.395287	0.424789	0.264187	0.0982636	-0.0441059	0.0928634	0.158956	0.182076	0.0500441	-0.00982487	0.0890103	0.180523	0.259295
-9.72831	1.59405	0.76581	0.588082	0.552177	0.508463	0.309877	0.185753	0.0905004	0.159683	0.129365	0.137389	0.0448235	0.0503359	0.0620502	0.131261	0.224941
-9.50604	1.61269	0.686557	0.593644	0.450332	0.386766	0.309509	0.268476	0.229269	0.200499	0.162399	0.144435	0.101423	0.0803453	0.111297	0.119522	0.114428
-9.77889	1.57204	0.732342	0.594407	0.465187	0.399696	0.316652	0.260446	0.245642	0.227052	0.212208	0.173686	0.162016	0.114384	0.147449	0.113311	0.122111
-10.1655	1.29035	0.826617	0.657489	0.526649	0.474422	0.340275	0.336914	0.368827	0.332991	0.264119	0.160124	0.1728	0.0894832	0.115051	0.0417179	0.0396345
-9.75915	1.45252	0.645564	0.49349	0.409348	0.37248	0.293276	0.298684	0.25369	0.218656	0.211436	0.184603	0.160893	0.13381	0.134212	0.126461	0.109476
-9.72685	1.43969	0.592669	0.471616	0.3956	0.352021	0.275274	0.259157	0.23559	0.242576	0.20952	0.212018	0.156851	0.159008	0.141684	0.139001	0.0831626
-9.32138	1.48693	0.506	0.434089	0.347288	0.291864	0.269446	0.23593	0.225654	0.204429	0.197463	0.184594	0.172442	0.172331	0.158125	0.157344	0.144403
-9.63392	1.46415	0.604987	0.472817	0.388223	0.328497	0.321605	0.265896	0.251373	0.230144	0.216435	0.210644	0.183734	0.185587	0.186497	0.184956	0.161797
-9.45145	1.48116	0.559689	0.453067	0.390247	0.317827	0.302085	0.256684	0.237871	0.221202	0.192072	0.18188	0.15937	0.15967	0.14186	0.136913	0.121983
-9.01403	1.41922	0.477197	0.411803	0.330144	0.316751	0.26859	0.239319	0.214675	0.191891	0.173892	0.161504	0.149679	0.156983	0.165183	0.161454	0.156462
-7.69851	2.72019	0.415879	0.233151	-0.654964	-0.190308	-0.135823	0.177822	0.269494	0.234603	0.442158	-0.00397654	0.187995	0.0757573	-0.152956	0.285952	0.0730151
-6.63938	2.85815	0.388317	0.123461	-0.810607	-0.185485	-0.208971	0.0222605	0.209939	0.116011	0.484116	-0.0902454	0.182933	0.103415	-0.160137	0.356378	0.0736272
-6.3006	3.0446	0.43458	0.0208063	-0.741118	-0.07907	-0.188335	-0.0981794	0.177541	0.001976	0.561741	-0.167235	0.256662	0.114014	-0.177341	0.294881	0.124764
-6.5846	3.09913	0.461038	-0.0254633	-0.607596	0.000497565	-0.173877	-0.140832	0.137943	-0.0406805	0.587076	-0.156983	0.356381	0.0869191	-0.164328	0.242081	0.196421
-7.18886	2.98042	0.749722	0.00133671	-0.504015	0.0517332	-0.0822256	-0.0707638	0.125866	-0.0703737	0.503691	-0.140645	0.345998	-0.0675785	-0.116253	0.208425	0.0363213
-8.06946	2.90143	0.891137	0.0258443	-0.184094	-0.0536485	-0.202368	0.0747922	0.183855	-0.061966	0.0562621	-0.516091	0.646636	-0.212287	-0.272823	0.427278	-0.0278672
-8.09184	2.73173	0.843557	0.743831	0.1239	0.433773	0.352978	0.0248354	0.378399	-0.420624	-0.07685	-0.296627	-0.0914741	-0.171015	0.186587	0.109366	0.129549
-6.14892	3.63422	0.754725	0.594376	-0.232752	-0.0262472	0.1344	-0.115279	0.123847	-0.403182	0.182385	-0.147936	0.112161	0.0742099	-0.00822816	0.0442174	0.15619
-5.03559	3.95228	0.672692	0.651019	-0.420305	-0.32417	0.233356	-0.0874454	0.0572955	-0.319075	0.0329785	-0.262333	0.118085	0.411976	0.129043	0.157361	0.483956
-4.99541	3.92062	0.552168	0.735872	-0.664987	-0.268068	0.107502	-0.0297571	-0.090864	-0.340566	0.122631	-0.061846	0.135565	0.24762	0.0689222	0.104338	0.4795
-4.64639	3.72055	0.403234	0.442546	-0.718508	-0.148934	0.140223	0.0413084	-0.142538	-0.265285	0.0825673	-0.0843344	0.162605	0.217049	0.0625343	0.0372622	0.223933
-4.47827	3.67908	0.314267	0.345045	-0.609341	-0.256212	0.192673	0.102821	-0.132753	-0.316502	0.0440083	-0.0722621	0.0662995	0.332856	0.167297	-0.0464788	0.370644
-4.4355	3.83936	0.164231	0.130287	-0.596764	-0.147482	0.224217	0.177481	-0.167472	-0.308056	-0.0276419	-0.212366	0.186743	0.353204	0.232052	-0.0232758	0.382699
-4.24685	3.7952	0.0400661	-0.0213547	-0.520221	-0.034169	0.221025	0.282753	-0.251378	-0.320658	-0.1102	-0.105846	0.129179	0.317405	0.332844	-0.0630295	0.41479
-4.17089	3.77519	-0.314735	0.0490083	-0.500118	0.0380829	0.0432698	0.393819	-0.333495	-0.204263	-0.0967649	0.081745	-0.0134167	0.176543	0.364839	-0.233157	0.333342
-4.16622	3.70351	-0.391463	0.0662842	-0.324279	0.0505991	-0.161311	0.38477	-0.376962	-0.0519071	-0.0230859	0.150434	-0.128513	0.0799727	0.288476	-0.135969	0.273519
-4.09369	3.67026	-0.464	-0.164058	-0.193874	0.0448326	-0.0987743	0.274904	-0.364666	-0.0997732	0.0414176	0.368961	-0.198431	-0.0625907	0.221409	-0.188501	0.208114
-3.93443	3.44757	-0.392421	-0.293228	-0.0594941	-0.026458	-0.0136219	0.22231	-0.356621	-0.0628476	-0.0238583	0.487873	-0.245433	-0.127874	0.211124	-0.171393	0.233516
-4.03945	3.5933	-0.67355	-0.247311	-0.141098	-0.0163233	-0.0950807	0.188443	-0.312552	-0.0462735	0.13464	0.527804	-0.252851	-0.112763	-0.0910627	-0.254311	0.0330804
-3.91886	3.40479	-0.611562	-0.205297	-0.0489732	0.0355095	-0.281142	0.224193	-0.273518	0.154263	-0.0292514	0.498068	-0.288582	-0.164604	0.0751354	-0.255012	0.0596379
-3.86304	3.27236	-0.52605	-0.220315	0.0870766	0.0167393	-0.436803	0.280821	-0.276288	0.325675	-0.110179	0.421204	-0.32136	-0.173696	0.200699	-0.26834	0.0492673
-3.87544	3.32222	-0.602529	-0.211111	0.199813	-0.00369222	-0.484997	0.253977	-0.296812	0.420813	-0.129078	0.417594	-0.314943	-0.198703	0.176036	-0.264432	0.10302
-3.92916	3.5021	-0.808913	-0.142545	0.303108	-0.0534422	-0.404134	0.0926181	-0.187741	0.437807	-0.121582	0.41814	-0.37459	-0.195575	0.167868	-0.214815	0.122147
-3.83889	3.43495	-0.766802	-0.302168	0.481151	-0.110784	-0.352322	0.127728	-0.228711	0.446316	-0.0997322	0.292411	-0.284669	-0.264987	0.242745	-0.184677	0.13654
-3.74963	3.43792	-0.866636	-0.331251	0.557123	-0.150744	-0.26905	0.154436	-0.195242	0.379475	-0.0670345	0.186596	-0.258502	-0.215233	0.198046	-0.0588547	0.0789605
-3.81395	3.49518	-0.881132	-0.410118	0.605007	-0.19696	-0.199943	0.125105	-0.182066	0.471463	-0.260256	0.309783	-0.276548	-0.255661	0.322095	-0.251489	0.0681145
-3.95628	3.65103	-1.03661	-0.459949	0.654561	-0.302374	-0.14332	0.0912052	-0.106908	0.420272	-0.274855	0.404296	-0.321983	-0.0701768	0.00242729	-0.157449	-0.212491
-4.029	3.58396	-0.842491	-0.536474	0.606809	-0.173432	-0.303211	0.316977	-0.256857	0.521369	-0.388282	0.388201	-0.24438	-0.0804606	0.0374832	-0.215876	-0.2175
-4.06528	3.55003	-0.88924	-0.258535	0.349162	-0.049772	-0.265581	0.1911	-0.045756	0.313393	-0.306183	0.243055	-0.0975446	-0.109744	0.113583	-0.359789	-0.126935
-4.16442	3.59307	-0.898001	-0.340194	0.543654	-0.196928	-0.261548	0.322296	-0.135599	0.341822	-0.341934	0.246206	-0.0761843	-0.043415	0.00605465	-0.299202	-0.237439
-4.34686	3.66184	-0.737871	-0.269213	0.384411	0.0604854	-0.287718	0.332177	-0.115662	0.340547	-0.549532	0.373088	-0.107277	-0.121331	0.187491	-0.381968	-0.023637
-4.56729	3.82783	-0.397668	-0.191438	0.544955	0.0757544	-0.0321916	0.239764	0.0865787	0.166803	-0.455155	0.101749	-0.285179	0.0586981	0.220144	-0.0342409	0.48466
-4.68843	3.67964	-0.341548	-0.336946	0.734304	0.0706893	-0.284852	0.277826	0.197528	0.0973201	-0.307155	-0.0457613	-0.173262	-0.00405487	0.238403	-0.0973908	0.164053
-5.27833	3.67242	-0.00565881	-0.121342	0.0185057	0.00618327	0.0822538	0.176259	0.190352	0.145992	-0.571777	0.23456	0.0561636	-0.096191	0.063853	-0.323498	-0.135615
-5.62125	3.43493	-0.231905	-0.349164	0.299589	0.188025	0.0711884	-0.168017	0.124102	0.0906008	-0.0916593	0.0787775	0.13367	-0.0806962	-0.0177162	-0.647531	-0.568627
-5.82136	3.10005	-0.184476	0.196088	0.209732	0.440013	0.126416	0.346188	-0.233407	-0.0873648	-0.0955819	0.145135	-0.059488	-0.323429	0.152442	-0.170766	-0.178029
-5.57358	2.06852	-0.142517	0.455063	0.284015	0.338411	0.383031	0.24607	0.00893552	0.0246811	-0.217073	-0.090893	-0.0763132	-0.16176	-0.0241134	0.00719691	0.243876
-5.85706	0.777956	0.0296454	0.216556	-0.0914761	0.111908	-0.0512252	0.0837522	0.591401	-0.178545	-0.238374	-0.00231254	0.0628817	0.107695	-0.0789018	-0.397931	-0.163586
-5.7961	0.730154	0.114078	0.429046	0.263337	0.302047	0.143305	0.127735	0.23538	0.133514	0.0578454	0.0352369	-0.0207217	-0.0145226	0.134988	-0.155854	-0.0534781
-6.19727	0.534825	0.185252	0.48108	0.334574	0.417584	0.178857	0.16832	0.100556	0.0880702	0.0612525	0.0428225	-0.0535367	-0.0343835	0.111371	-0.103336	-0.0150327
-6.52922	0.550624	0.200971	0.492589	0.343159	0.438719	0.231456	0.18767	0.0749905	0.0186807	0.0279581	-0.0447238	0.0451277	0.125655	0.126375	-0.0428985	0.023403
-6.59625	0.399737	-0.0072108	0.399016	0.313276	0.354399	0.333375	0.229176	0.105451	0.0630604	0.104727	0.0325967	0.119465	0.156773	0.101259	-0.00776877	-0.00206163
-6.53607	0.300398	-0.102567	0.18965	0.303936	0.241088	0.385609	0.160287	0.0332858	0.205309	0.143673	0.152448	0.252553	0.137226	0.108155	-0.0231704	0.00208607
-6.6033	0.221376	-0.0205616	0.172721	0.303252	0.248806	0.373373	0.200893	0.0294857	0.254585	0.312811	0.188751	0.308194	0.0983035	0.060789	0.151702	0.101486
-6.68123	0.23729	0.0056922	0.19728	0.232967	0.265988	0.323747	0.156051	-0.0090948	0.155845	0.284849	0.152961	0.327132	0.136313	0.158579	0.223674	0.0604104
-6.82522	0.266717	-0.0433384	0.219261	0.189192	0.363639	0.357905	0.223724	-0.0850628	0.145121	0.293362	0.153484	0.193937	0.215163	0.209337	0.182286	0.0731634
-6.8114	0.460018	-0.13232	0.121871	0.145139	0.332996	0.316275	0.2354	0.0649452	0.194786	0.225531	0.178664	0.196656	0.289559	0.252504	0.156446	0.105139
-6.8765	0.43008	-0.0447322	0.13185	0.226629	0.311076	0.132627	0.292207	0.0566269	0.290786	0.313936	0.286996	0.197429	0.259292	0.305294	0.0528282	0.0818597
-6.87741	0.267674	-0.0318358	0.218154	0.24083	0.336137	0.19935	0.23803	0.208805	0.332298	0.349528	0.297877	0.279777	0.188402	0.245148	0.0917936	-0.0137319
-6.72492	0.160412	0.0469145	0.249773	0.0453647	0.329042	0.355091	-0.00468128	0.0122755	0.28577	0.292615	0.221581	0.250099	0.231288	0.159216	0.149032	0.158977
-6.61758	0.168424	0.0894604	0.18892	0.0460834	0.226229	0.406176	-0.0310238	-0.116711	0.105423	0.323264	0.202757	0.158613	0.158968	0.184522	0.133672	0.0978743
-6.58783	0.233808	0.0418033	0.00268649	-0.066712	0.168479	0.314695	0.087464	0.0938976	0.172436	0.221132	0.156935	0.177906	0.0798596	0.151585	0.0995464	-0.0170452
-6.45411	0.251131	0.0258638	0.0379594	0.164324	0.148621	0.190023	0.0646345	0.0952748	0.157576	0.16713	0.199333	0.184413	0.0103249	0.173738	0.0957174	0.0784081
-6.15963	0.22078	0.0118236	0.174603	0.340413	0.157791	0.149095	0.121564	0.121136	0.325113	0.175161	0.171867	0.0508941	-0.203783	0.100589	0.0933665	0.0679227
-5.89568	0.291623	0.0495821	0.368106	0.396227	0.16709	0.00999087	0.114495	0.087555	0.359118	0.19436	0.298105	0.027365	-0.176879	0.127333	0.0264964	0.0922249
-5.79107	0.318751	0.048082	0.325958	0.524553	0.326207	0.0787307	0.051867	-0.056677	0.316396	0.371625	0.445741	0.157935	-0.0781163	0.0731942	0.0537721	0.121012
-5.83798	0.516576	0.0291557	0.266717	0.450837	0.286456	0.189434	0.0721263	-0.037857	0.242448	0.314518	0.327365	0.177467	-0.125962	0.0853115	0.0327901	0.144406
-6.12319	0.720785	0.0389604	0.272891	0.414806	0.322759	0.220974	0.100688	-0.0866589	0.0873381	0.226347	0.337193	0.31189	-0.00791529	0.130641	-0.0880997	0.0341759
-6.38544	1.18208	0.15915	0.334005	0.265849	0.335526	0.163228	0.093761	-0.0851435	-0.0808951	0.0225966	0.273411	0.114957	-0.128433	-0.068433	-0.152834	0.032303
-6.12362	2.21678	0.463055	0.175279	-0.204261	0.0766017	-0.0210403	-0.189409	-0.342496	-0.242021	-0.15107	0.120078	-0.0277901	-0.0501437	-0.117627	-0.142089	-0.0496838
-5.72322	2.74313	0.557151	0.0631441	-0.686604	0.333183	0.098622	-0.407549	-0.479488	-0.141093	-0.27477	0.164089	-0.0152259	-0.107583	-0.202113	-0.0990068	-0.153292
-5.6002	2.72959	0.382468	-0.151204	-0.901638	0.117302	-0.120354	-0.652635	-0.766659	-0.3286	-0.542141	0.0703719	-0.0557197	-0.195785	-0.375822	-0.11518	-0.224245
-5.40715	2.95031	0.398797	-0.141232	-0.754366	0.0718993	-0.117696	-0.424529	-0.63519	-0.259067	-0.365828	0.225249	-0.027442	-0.17681	-0.331038	-0.0722839	-0.142207
-5.09282	2.68865	0.50623	0.095387	-0.692134	0.184321	-0.00583116	-0.438714	-0.554146	-0.0211008	-0.228058	0.155494	-0.0348529	-0.0459798	-0.279457	-0.0699638	-0.0943851
-5.28083	2.65515	0.548458	-0.137318	-0.589613	0.225004	0.0226507	-0.532507	-0.583725	-0.0164995	-0.269342	0.230695	0.0418796	-0.152682	-0.224169	0.000825861	-0.0187975
-5.26404	2.54533	0.263697	-0.0328261	-0.608177	0.0327934	-0.0279703	-0.611521	-0.547326	-0.00390666	-0.177318	0.142935	-0.0717701	-0.118303	-0.191424	0.00177148	-0.116196
-5.34893	2.61396	0.0548513	-0.0627706	-0.261463	0.0422071	-0.103094	-0.538646	-0.455524	0.0131877	-0.0218601	0.000804353	-0.0331094	-0.0474915	-0.205723	0.0562503	-0.0998939
-5.17496	2.53601	0.100927	0.212881	-0.272577	-0.112649	-0.262144	-0.496723	-0.370757	0.155122	-0.03779	-0.0793934	-0.0246308	0.0576893	-0.205558	-0.0617345	-0.223659
-5.17198	2.72398	-0.0108725	-0.0201608	-0.121505	-0.178608	-0.368824	-0.529387	-0.345573	0.17741	-0.151726	-0.0075855	-0.0861694	0.00406748	-0.113346	-0.0929548	-0.179485
-4.90686	2.60901	-0.102543	0.212535	-0.0499474	-0.245609	-0.194009	-0.557916	-0.154437	0.227888	-0.218062	0.087937	-0.0902467	0.153581	-0.174981	-0.128833	-0.128633
-4.98239	2.77511	0.15255	0.278918	0.0419862	-0.102443	-0.183359	-0.510402	-0.21152	0.23883	-0.10288	0.128598	-0.0390482	0.154673	-0.0939028	-0.0698402	-0.196912
-4.93962	2.8296	-0.133756	0.396505	0.325579	-0.141928	-0.32916	-0.267609	-0.184377	0.153568	-0.0999219	0.205446	0.0549799	0.153663	-0.192822	-0.0955361	-0.00371253
-5.11446	2.63557	-0.0435473	0.438614	0.491249	-0.123596	-0.324263	-0.369201	-0.142466	0.226908	-0.149686	0.26133	0.219531	0.0272777	-0.193778	-0.109116	-0.0519718
-5.22774	2.7332	0.0877962	0.565805	0.27539	-0.359877	-0.201513	-0.115485	0.0050779	0.0207858	-0.137368	0.267671	0.192361	-0.0981226	-0.15331	-0.0151974	0.0363975
-5.33402	2.75649	0.0457323	0.776396	0.321696	-0.415103	-0.0941834	-0.177053	0.0139618	-0.0749782	-0.14577	0.248776	0.237632	-0.0822267	-0.162127	0.0418223	-0.00131087
-5.57594	2.81439	0.392244	0.57116	0.0672323	-0.119356	-0.282633	-0.156928	-0.141403	-0.0134205	-0.10218	0.196082	0.178443	-0.11922	-0.0439584	-0.0139046	-0.0548146
-5.51296	2.59768	0.216188	0.771388	0.00730661	-0.330354	-0.122056	-0.211953	-0.174711	-0.0532728	0.0594999	0.245972	0.0926464	-0.070069	0.02937	-0.0384394	-0.143112
-5.68379	2.17671	0.195682	0.965436	-0.00800785	-0.425766	-0.140433	-0.199629	-0.11355	-0.0572073	0.0350993	0.217852	0.0962	0.0164182	-0.0209568	-0.139324	-0.0848595
-5.54902	2.17069	0.255027	0.922206	0.0140797	-0.309631	-0.149955	-0.194625	-0.0990683	-0.00798511	-0.00427343	0.113765	0.0915788	-0.0150517	0.0632437	-0.0817081	-0.103159
-5.63998	2.38841	0.332769	0.984131	-0.280967	-0.371464	-0.245241	-0.179293	-0.170574	-0.110708	-0.0162181	0.0841763	0.145862	-0.0694556	0.103138	-0.182989	-0.106026
-5.93905	2.20436	0.645058	0.984329	-0.232782	-0.431204	-0.112432	-0.0991958	-0.215885	-0.0475223	0.0710271	0.19791	0.178685	0.0461477	0.119767	-0.134142	-0.0862586
-6.39301	2.23397	0.72238	1.3403	-0.130633	-0.372334	0.00464023	-0.128741	-0.292414	-0.0494874	0.0206779	0.124329	0.120881	-0.00934844	0.00863203	-0.187494	-0.0692127
-6.12258	2.32094	0.6731	1.25427	-0.277733	-0.377451	0.016621	-0.144575	-0.177046	-0.133562	-0.109853	0.154931	-0.0713632	0.00206215	0.0115576	-0.196611	0.02267
-6.11437	2.30275	0.732945	1.18427	-0.297239	-0.35933	-0.0503279	-0.15681	-0.2373	-0.14596	-0.0370898	0.15134	-0.0979931	0.0722116	0.0113286	-0.234974	0.0948229
-6.543	2.1147	0.715595	1.42851	-0.132525	-0.46775	0.0481688	-0.0543136	-0.299131	-0.0342539	0.0396332	0.109229	0.00502287	0.203726	-0.0206108	-0.305431	0.190777
-6.60541	2.42941	0.695079	1.73089	0.171405	-0.212406	0.505544	0.411682	0.0260642	0.177958	0.00201903	0.164671	-0.0124624	0.0978977	0.211797	-0.238872	0.24052
-6.04048	2.5301	0.788656	1.58304	0.0939159	-0.0113938	0.276587	0.217701	-0.196245	0.0880287	0.0138876	0.234337	0.0148151	0.182053	0.0472402	-0.0010643	0.165571
-6.54918	2.1075	0.949256	1.66748	-0.0397583	-0.399658	0.0782089	0.187824	-0.246897	-0.0216579	0.238618	0.455992	0.093623	0.41134	-0.0595667	-0.131926	0.318329
-7.08463	1.96974	0.88491	2.04022	0.65276	0.244165	0.321339	0.552971	0.0469527	0.0666326	0.479266	0.215481	0.0721365	0.452384	0.0804871	-0.106388	0.465114
-7.14036	2.21032	0.700931	2.14036	0.245886	0.067373	0.32213	0.105509	-0.198603	0.0401253	0.0637611	0.281161	0.14791	0.312589	0.0899589	-0.329646	0.162012
-6.73366	2.66659	0.94139	1.5333	0.0947345	0.0140208	0.253081	0.0524968	0.12417	0.00194584	-0.107233	0.0973521	-0.027541	0.33303	-0.0867299	-0.114742	0.307461
-7.40051	1.67867	0.992878	2.32016	0.0566424	-0.551304	-0.106413	-0.616553	-0.480268	0.160833	0.1953	0.132919	-0.00917054	0.192198	-0.428298	-0.510893	0.44458
-6.70857	2.27261	0.679166	1.58382	0.190668	0.114726	0.222097	-0.0266176	-0.235319	0.195488	0.0150762	-0.154647	0.160293	0.0688401	0.0277719	0.0190152	0.148584
-7.14411	2.70274	1.07938	1.8651	-0.0861063	0.039295	0.54438	-0.104165	-0.352557	0.171855	0.0421064	-0.166326	-0.0121871	0.320528	-0.0319234	-0.189031	0.370066
-7.15031	2.91552	1.29999	2.27876	0.0542366	-0.112439	0.691186	0.0861272	-0.0878762	-0.0102986	0.13846	0.00990226	0.331685	0.443367	0.0566834	-0.0717809	0.650668
-7.26719	2.96008	1.536	2.33119	0.144486	0.144656	0.679013	0.121246	-0.109518	0.0255949	0.201488	0.111178	0.415659	0.463956	0.206596	0.146184	0.610718
-7.54502	2.91978	1.65556	2.12791	0.386499	0.16315	0.561689	-0.0120662	-0.207481	0.0466004	0.382052	0.0516481	0.0739122	0.702699	0.221202	0.13722	0.5057
-7.48473	2.78115	1.19079	2.3207	0.531343	0.230799	0.635972	0.116359	-0.267768	0.139757	-0.0331827	0.018416	0.505234	0.646269	0.336909	0.1892	0.321776
-7.93378	2.08316	0.957021	1.95011	0.27697	0.0857388	0.158876	-0.050102	-0.511195	-0.287836	0.112027	-0.341925	-0.101653	-0.0854279	-0.253351	0.126798	0.259541
-8.35103	2.25004	0.853432	1.89305	-0.0775418	-0.290103	0.641678	-0.0951639	-0.575102	-0.0301884	-0.0717762	-0.422296	-0.0427484	0.283003	-0.13156	-0.0701345	0.272237
-7.88816	1.64888	0.491254	0.918277	0.245523	-0.0429497	0.311914	-0.0143907	-0.352764	0.00235863	-0.0191294	-0.37966	-0.0453236	0.117851	-0.214818	0.0502	0.21658
-8.64581	1.65725	0.436721	0.942068	0.244959	-0.000140141	0.372632	0.0401302	-0.237748	0.0808775	0.0655057	-0.229226	0.0941437	0.225561	-0.125162	0.127994	0.218705
-9.57371	1.55759	0.728415	1.12359	0.306523	0.0964608	0.487284	0.0837416	-0.199656	0.134954	0.0968824	-0.230627	0.112754	0.178408	-0.0648915	0.0846954	0.156544
-9.90088	1.37074	0.623956	0.70481	0.42161	0.22187	0.385161	0.273366	0.0671887	0.271637	0.273366	0.0112594	0.107609	0.235303	0.0563902	0.0576202	0.144735
-10.0365	1.32857	0.574383	0.43937	0.407689	0.338171	0.270685	0.27949	0.224809	0.263906	0.262568	0.186377	0.155818	0.236814	0.183426	0.182599	0.138778
-10.273	1.1941	0.579402	0.386167	0.396123	0.32618	0.243225	0.262828	0.259323	0.280253	0.286677	0.250978	0.205073	0.242109	0.249012	0.211387	0.180302
-9.98396	1.31484	0.556731	0.393227	0.353996	0.301237	0.278552	0.245364	0.218498	0.196598	0.18431	0.209665	0.191721	0.179933	0.178276	0.16716	0.174581
-10.0589	1.28714	0.61556	0.406675	0.347908	0.348576	0.298984	0.2325	0.27775	0.242106	0.214786	0.232545	0.213813	0.195009	0.168829	0.130969	0.130289
-10.1971	1.16488	0.633183	0.46762	0.442656	0.425509	0.324689	0.209811	0.274616	0.249107	0.1533	0.194637	0.220482	0.189018	0.2034	0.110856	0.0995276
-10.0392	1.27969	0.556923	0.40711	0.305595	0.286336	0.272927	0.204967	0.224372	0.231999	0.185746	0.188504	0.176325	0.165184	0.214748	0.149788	0.155571
-10.2835	1.21334	0.597038	0.424928	0.380575	0.286696	0.296441	0.264417	0.225575	0.22167	0.192002	0.19161	0.167854	0.168095	0.170712	0.100017	0.126647
-10.5706	0.945187	0.546259	0.464225	0.432453	0.324833	0.311747	0.331149	0.293943	0.257203	0.286679	0.278333	0.24785	0.166786	0.163572	0.118446	0.122666
-10.415	0.999055	0.521592	0.370401	0.301762	0.290975	0.238189	0.235491	0.148703	0.115141	0.142938	0.178034	0.19252	0.147924	0.130678	0.116036	0.0928548
-10.4644	0.961259	0.573084	0.380681	0.323614	0.304453	0.27195	0.234632	0.165996	0.261893	0.271369	0.227433	0.173448	0.149151	0.155271	0.140915	0.0853356
-10.5642	0.948123	0.659544	0.443921	0.417871	0.302042	0.249901	0.254341	0.249363	0.294292	0.260902	0.222256	0.119318	0.112249	0.113615	0.145934	0.121244
-10.4854	1.04799	0.669291	0.396005	0.438891	0.261934	0.164496	0.175929	0.246174	0.260028	0.1464	0.116665	0.103447	0.141569	0.167988	0.219694	0.171413
-10.5181	0.988705	0.593449	0.370716	0.417678	0.242236	0.102093	0.0599532	0.178744	0.253962	0.119572	0.0938135	0.132204	0.185082	0.216214	0.277298	0.197711
-10.6025	0.956231	0.587747	0.410373	0.428661	0.335961	0.178914	0.0970321	0.23162	0.340163	0.180373	0.079847	0.0679309	0.0539541	0.0934773	0.213604	0.18676
-10.5618	0.974378	0.607169	0.406441	0.431972	0.39839	0.256241	0.181633	0.192107	0.269135	0.120167	0.0765953	0.0904773	0.0769455	0.102162	0.19789	0.191378
-10.5894	0.928117	0.722374	0.484266	0.459307	0.412683	0.340357	0.280579	0.156819	0.157472	0.0712262	0.103938	0.120859	0.0688692	0.104923	0.101676	0.109125
-10.4441	1.07051	0.709363	0.499477	0.399005	0.350401	0.290419	0.299314	0.236437	0.231895	0.181455	0.161937	0.186652	0.11765	0.12282	0.072211	0.108008
-10.3639	1.10381	0.611678	0.473631	0.432865	0.369685	0.236488	0.244466	0.217654	0.275265	0.193719	0.162327	0.210407	0.151135	0.149852	0.0740742	0.150592
-10.4895	0.966577	0.55153	0.441788	0.389411	0.344993	0.270973	0.312648	0.24918	0.308008	0.190709	0.148709	0.257584	0.23272	0.216024	0.0822152	0.163962
-10.3645	1.09013	0.587328	0.430847	0.34638	0.318734	0.2465	0.260206	0.246578	0.301188	0.184183	0.147402	0.181815	0.190085	0.213315	0.099173	0.141664
-10.2591	1.13603	0.580787	0.388599	0.318554	0.303242	0.234985	0.192147	0.207308	0.241811	0.162919	0.185006	0.169	0.16838	0.214673	0.156452	0.113658
-10.2107	1.16403	0.530483	0.374638	0.315346	0.252888	0.235299	0.205448	0.226261	0.185345	0.1522	0.19246	0.201054	0.171975	0.174475	0.16177	0.136688
-10.2176	1.21096	0.582836	0.453444	0.357269	0.299082	0.263177	0.25683	0.221542	0.175798	0.147282	0.189858	0.172899	0.181391	0.188136	0.158354	0.121581
-10.2024	1.21075	0.48919	0.403528	0.35861	0.286901	0.194814	0.215054	0.25899	0.249734	0.168806	0.179195	0.222551	0.233603	0.205026	0.133244	0.137839
-10.1378	1.25062	0.516372	0.407314	0.336718	0.281716	0.233278	0.209068	0.233826	0.213083	0.185998	0.170591	0.168798	0.176896	0.220579	0.142981	0.148825
-10.2468	1.21345	0.588458	0.427723	0.379579	0.316717	0.327729	0.250213	0.273755	0.201962	0.209464	0.206544	0.212107	0.180514	0.179275	0.122532	0.161718
-10.1426	1.28684	0.554335	0.380094	0.401131	0.312297	0.245043	0.242331	0.301224	0.192225	0.202101	0.211201	0.194779	0.189189	0.140212	0.16859	0.159883
-10.1817	1.2045	0.552427	0.395085	0.393443	0.324654	0.180405	0.235818	0.25376	0.218948	0.20944	0.185929	0.18252	0.175814	0.129391	0.195916	0.147679
-10.333	1.0945	0.543856	0.367325	0.355206	0.351529	0.199897	0.197893	0.223162	0.27512	0.253713	0.18772	0.220878	0.213501	0.156438	0.220751	0.187356
-10.3508	1.11428	0.613113	0.455441	0.382248	0.35428	0.290746	0.250997	0.245799	0.287889	0.227083	0.148627	0.205261	0.250584	0.163025	0.192197	0.165739
-10.2329	1.20075	0.573398	0.440996	0.37392	0.337326	0.285668	0.254148	0.235512	0.245983	0.186313	0.131727	0.192056	0.186693	0.142323	0.1573	0.0953994
-10.4091	1.11737	0.607268	0.433345	0.375761	0.363241	0.299253	0.321854	0.293083	0.27703	0.261886	0.181748	0.208765	0.206954	0.171851	0.172754	0.114321
-10.4758	1.05978	0.638588	0.40802	0.382867	0.430181	0.355819	0.348356	0.288739	0.24802	0.281263	0.189471	0.194967	0.218452	0.145687	0.175929	0.133325
-10.1966	1.21651	0.58064	0.392579	0.344979	0.347476	0.263851	0.219705	0.20084	0.179217	0.214127	0.186782	0.154243	0.189634	0.124721	0.165946	0.180621
-10.3219	1.18093	0.617216	0.4263	0.364221	0.360205	0.284503	0.222731	0.262336	0.244903	0.191004	0.2316	0.193347	0.19681	0.131924	0.132321	0.160727
-10.3177	1.14733	0.595595	0.422934	0.378138	0.385247	0.265147	0.205428	0.235151	0.258771	0.173364	0.199558	0.221554	0.221141	0.193501	0.160362	0.179496
-10.1312	1.22817	0.546753	0.405841	0.327615	0.321994	0.25651	0.197416	0.211712	0.213456	0.194291	0.205902	0.238977	0.240113	0.225961	0.192944	0.1851
-10.2655	1.21887	0.604563	0.379487	0.355916	0.366725	0.289092	0.262141	0.25533	0.238924	0.24277	0.211071	0.224799	0.194862	0.13392	0.172569	0.212932
-10.2782	1.22874	0.612922	0.359266	0.318666	0.339844	0.309167	0.270413	0.220502	0.214794	0.240006	0.223029	0.232391	0.189937	0.129558	0.199865	0.202142
-9.92947	1.36784	0.618094	0.448978	0.345848	0.316346	0.252139	0.248076	0.195485	0.208724	0.225959	0.194482	0.163641	0.14509	0.131131	0.121053	0.0749408
-8.7994	1.42609	0.454651	0.382339	0.249335	0.211613	0.182624	0.156932	0.146626	0.104315	0.115173	0.0948413	0.0646756	0.0892419	0.0844821	0.0375872	0.0381212
