-9.74408	1.27994	0.699764	0.319756	0.388761	0.288412	0.297736	0.312472	0.116065	0.0124047	0.128206	0.13854	0.114193	0.0781517	0.0397006	0.0729194	0.132966
-9.97434	1.25891	0.724455	0.413635	0.407754	0.364664	0.336577	0.310486	0.179385	0.128211	0.159734	0.165118	0.169035	0.104536	0.107507	0.126585	0.103021
-10.2014	1.20204	0.616665	0.43051	0.355973	0.323078	0.266966	0.252034	0.22492	0.272477	0.165416	0.166506	0.198135	0.198505	0.163716	0.194535	0.116389
-10.2838	1.10238	0.588489	0.432998	0.414153	0.356395	0.248687	0.280481	0.208324	0.310012	0.200922	0.135325	0.170858	0.271348	0.203497	0.126279	0.136415
-10.1248	1.17273	0.596154	0.402171	0.370348	0.30426	0.201065	0.251951	0.167336	0.269778	0.204649	0.163284	0.190603	0.245204	0.197125	0.131144	0.148841
-10.1589	1.13703	0.57471	0.408073	0.388962	0.287664	0.226529	0.281604	0.199128	0.192968	0.166586	0.196836	0.179518	0.167591	0.123005	0.122669	0.114832
-10.1468	1.18046	0.58421	0.395152	0.360203	0.302957	0.241567	0.234231	0.218995	0.214092	0.179091	0.171975	0.171468	0.186279	0.139972	0.152109	0.135656
-10.2249	1.11497	0.541208	0.378096	0.389387	0.37545	0.29966	0.249201	0.233178	0.269751	0.260716	0.228993	0.185842	0.256186	0.156577	0.142677	0.135199
-10.2486	1.13743	0.562561	0.442862	0.406964	0.373569	0.334438	0.264419	0.224454	0.240708	0.20463	0.168773	0.189385	0.259206	0.180439	0.156563	0.0783133
-10.297	1.09713	0.548635	0.45221	0.381787	0.336758	0.324953	0.342131	0.268972	0.268315	0.233353	0.234078	0.203067	0.209649	0.169373	0.1523	0.138576
-10.4416	1.02732	0.57293	0.525661	0.481577	0.436777	0.431016	0.426265	0.244954	0.216433	0.195133	0.13569	0.129202	0.169325	0.184893	0.142326	0.197539
-10.275	1.1903	0.587868	0.445819	0.390326	0.313317	0.309833	0.291655	0.257341	0.302079	0.187719	0.138831	0.181884	0.184055	0.184723	0.162698	0.213783
-10.3353	1.12972	0.540067	0.314465	0.338063	0.32307	0.2594	0.27493	0.29325	0.315593	0.209147	0.127455	0.0755058	0.135611	0.169553	0.197667	0.212373
-10.4171	1.1289	0.63549	0.348355	0.302766	0.38819	0.239592	0.210401	0.286577	0.254999	0.220824	0.185057	0.102302	0.199811	0.232147	0.193814	0.188137
-10.3308	1.14899	0.583655	0.37796	0.378686	0.388191	0.27704	0.17877	0.221801	0.120624	0.188554	0.257195	0.121305	0.135948	0.121167	0.118995	0.146888
-10.3164	1.09741	0.58268	0.346218	0.438048	0.30282	0.239393	0.144671	0.240028	0.186762	0.237661	0.230862	0.106374	0.174628	0.174274	0.185958	0.104676
-10.403	0.999251	0.598951	0.356168	0.448071	0.308992	0.196721	0.183291	0.293998	0.318432	0.243177	0.176477	0.175746	0.234056	0.184532	0.148161	0.0570966
-10.2888	1.10566	0.558918	0.425004	0.434752	0.327148	0.194562	0.214013	0.248085	0.2644	0.213127	0.176048	0.18341	0.195847	0.189338	0.16011	0.13815
-10.1401	1.26597	0.540806	0.38619	0.358409	0.306437	0.260213	0.221469	0.216885	0.211528	0.201894	0.173587	0.163798	0.181633	0.175442	0.155123	0.123008
-10.1383	1.22038	0.512203	0.366056	0.39273	0.334095	0.315584	0.191644	0.215719	0.190216	0.184305	0.213653	0.147629	0.202935	0.181619	0.151049	0.100682
-10.1073	1.24687	0.55433	0.353838	0.375149	0.275952	0.309412	0.207447	0.223843	0.22672	0.179153	0.177372	0.10984	0.211681	0.191609	0.168003	0.0840896
-10.0869	1.21272	0.510306	0.383817	0.391627	0.294716	0.258969	0.222852	0.218967	0.222047	0.181939	0.163031	0.104843	0.245932	0.205544	0.142784	0.102986
-9.95417	1.32934	0.547004	0.401584	0.349854	0.28408	0.250591	0.242695	0.205307	0.229698	0.19848	0.202935	0.13875	0.186242	0.170516	0.145533	0.154577
-10.1251	1.17973	0.534956	0.342215	0.362586	0.342818	0.284896	0.299245	0.262627	0.270656	0.219745	0.195509	0.232163	0.239002	0.213928	0.189357	0.236467
-9.96748	1.30072	0.588146	0.38607	0.356916	0.347636	0.237418	0.235567	0.196005	0.219424	0.210536	0.163744	0.21529	0.200785	0.17716	0.174819	0.161754
-10.1142	1.21397	0.594513	0.38155	0.345903	0.343315	0.25001	0.224464	0.211205	0.240044	0.198668	0.193494	0.229817	0.219834	0.150644	0.188807	0.169002
-10.3656	1.15331	0.589171	0.396673	0.442571	0.381847	0.282594	0.196396	0.174923	0.274178	0.273657	0.246843	0.274418	0.251089	0.168283	0.22551	0.176364
-9.90659	1.74059	0.920689	0.46951	0.284425	0.211626	0.169824	0.182419	0.200392	0.136096	0.130039	0.144281	0.104321	0.103565	0.0356795	0.122514	0.112884
-9.62192	2.09845	1.04528	0.359583	0.0963283	0.138238	0.13595	0.138269	0.155185	0.0786587	0.0532262	0.0643677	0.0417096	0.0443788	0.00710135	0.0818116	-0.00105868
-9.67818	2.17401	1.0849	0.353022	0.153454	0.133604	0.188041	0.158766	0.186759	0.111367	0.0807019	0.0736594	0.07414	0.0682001	0.0582272	0.0878275	0.0349096
-10.0041	1.75694	0.907451	0.446836	0.323376	0.167428	0.225683	0.184834	0.164781	0.186656	0.161345	0.0919781	0.0927174	0.101573	0.133561	0.088046	0.054011
-10.287	1.1649	0.536664	0.333963	0.394995	0.322245	0.245819	0.238505	0.227089	0.267864	0.270042	0.17548	0.238037	0.235166	0.209326	0.123427	0.0808187
-10.3224	1.13685	0.579637	0.348598	0.399446	0.350834	0.264705	0.230002	0.210757	0.224466	0.215435	0.171832	0.192484	0.189351	0.13001	0.0673736	0.0223838
-10.3499	1.12792	0.660701	0.444468	0.387067	0.31657	0.30064	0.251446	0.208239	0.253333	0.219503	0.176018	0.147715	0.157004	0.0831315	0.0525957	0.0748286
-10.2716	1.11926	0.563454	0.406813	0.406648	0.298746	0.227579	0.224121	0.196598	0.223321	0.240836	0.157506	0.0606334	0.138773	0.0886468	0.0831117	0.16338
-10.3073	1.13087	0.555099	0.405883	0.421129	0.29959	0.138593	0.234311	0.270434	0.276171	0.254448	0.139584	0.0306115	0.103165	0.0620171	0.0833025	0.160775
-10.3638	1.1048	0.568986	0.391074	0.361133	0.295287	0.169542	0.280759	0.283098	0.277557	0.226374	0.115078	0.0803984	0.111848	0.0939975	0.085658	0.0958083
-10.3182	1.12707	0.576414	0.406286	0.349289	0.219512	0.161023	0.230077	0.171721	0.198373	0.255187	0.245272	0.200633	0.144303	0.143956	0.0670249	0.0669699
-10.3321	1.02601	0.548612	0.349235	0.395598	0.238933	0.15024	0.17075	0.143244	0.198486	0.208253	0.341316	0.228733	0.151486	0.128994	0.078299	0.00962079
-10.4299	0.90735	0.423854	0.241263	0.348342	0.256223	0.154274	0.179669	0.255747	0.285123	0.178355	0.228436	0.188394	0.168617	0.0534658	0.065446	0.0534372
-10.1702	1.18128	0.562803	0.364486	0.315802	0.283585	0.208638	0.204443	0.237952	0.281851	0.191424	0.130882	0.169041	0.176643	0.065919	0.0715085	0.102478
-10.0868	1.24456	0.625627	0.401199	0.371835	0.340674	0.262473	0.211664	0.183536	0.271325	0.186401	0.133121	0.20575	0.192026	0.156682	0.135068	0.138244
-10.2407	1.15922	0.662979	0.569611	0.497611	0.350228	0.302255	0.205641	0.162148	0.286821	0.193684	0.118411	0.157171	0.154758	0.180598	0.101998	0.105046
-9.3164	1.52239	0.47681	0.448427	0.267973	0.169831	0.146414	0.118603	0.0434794	0.0814331	0.100219	0.0782441	0.10849	0.204963	0.189217	0.171184	0.266184
-7.74973	1.59442	0.50596	0.393912	0.169598	0.033044	-0.0252863	-0.0790002	-0.111075	-0.0646998	-0.0291696	-0.0169698	0.00996733	0.042168	0.0411427	0.0657957	0.0956206
-6.88147	2.37168	0.684225	0.35181	-0.151989	-0.382826	-0.230062	-0.0953062	-0.169406	-0.147717	-0.0163187	-0.0968088	-0.11964	0.030784	-0.00864531	-0.0706721	0.0831324
-6.44349	2.96075	0.741875	0.674272	-0.48532	-0.71287	0.0303714	0.039027	-0.26053	-0.267123	-0.0368539	-0.000534478	-0.0559563	0.016946	-0.0593847	-0.221632	0.0308166
-6.27275	2.96531	0.696102	0.833074	-0.613883	-0.719564	0.0165438	0.102767	-0.297243	-0.346064	0.0119218	0.091134	-0.0579777	-0.0769814	0.0123745	-0.301668	0.0210629
-6.30488	2.29618	0.840026	0.911338	-0.618917	-0.57512	-0.120586	0.102477	-0.318819	-0.240811	0.0646231	0.0913023	-0.0457932	0.031359	-0.0112092	-0.259486	-0.0576245
-5.78087	1.97101	0.773851	1.04431	-0.322095	-0.367666	0.00923603	0.0275464	-0.158736	-0.0943919	0.0616488	0.0760152	-0.0433517	0.017602	0.00161201	-0.103877	-0.0738956
-4.96552	2.32435	0.37766	1.01358	-0.389832	-0.669781	0.157468	0.0635844	-0.125151	-0.284965	-0.0315336	0.144126	-0.112291	-0.171351	0.0245994	-0.178857	-0.0813635
-4.52192	2.40143	0.137446	1.07335	-0.392749	-0.660414	0.12272	-0.0773345	-0.131138	-0.272054	0.00194913	0.0249258	-0.119059	-0.198946	0.0435776	-0.267423	-0.184857
-4.45907	2.60195	0.157966	1.34964	-0.0416481	-0.306972	-0.0221269	-0.245866	0.156885	-0.212302	0.263431	0.132983	0.132804	-0.0798192	0.262594	-0.183077	-0.139307
-3.95246	2.62468	0.212103	0.712077	-0.0380312	-0.260597	-0.187734	0.204352	-0.0751439	-0.119913	0.047945	0.115518	-0.219754	0.0257168	-0.0384706	-0.020422	0.0154009
-3.62193	2.43497	0.0628875	1.26165	-0.12029	-0.182199	-0.170024	-0.0914695	0.0362099	-0.33399	0.0776521	0.199602	0.0142742	-0.0119903	0.139639	-0.0395504	0.0547955
-4.0514	2.87511	0.371161	0.840446	0.0163725	-0.0625007	-0.114663	-0.217872	0.0853927	-0.405501	-0.0372591	0.125788	0.0742311	-0.0630453	0.096661	0.145951	-0.0270667
-4.13173	2.47184	0.546027	0.743989	-0.309335	0.0602576	-0.267347	-0.259054	-0.0115346	-0.421745	-0.217159	-0.157522	-0.191672	-0.385995	0.0595123	-0.0669627	0.0823557
-4.49374	2.68138	0.344937	0.615088	-0.12951	-0.1569	-0.138697	-0.298356	-0.000303236	-0.697255	-0.402822	0.0309815	-0.575589	-0.345983	-0.122205	-0.137575	-0.0318665
-4.42778	2.56209	0.34907	0.912392	0.102512	-0.0803261	-0.113653	-0.0703277	0.0440514	-0.515509	-0.36332	-0.16125	-0.176548	-0.311711	-0.118365	-0.0649629	0.180482
-4.56121	2.58225	0.501183	1.07815	0.0138064	-0.172707	0.0908717	-0.0960238	-0.0658478	-0.502299	-0.409097	-0.0794683	-0.0165055	-0.3707	-0.0230948	-0.2089	0.265043
-4.55008	2.77064	0.298538	0.669316	0.216128	0.0828331	-0.196868	-0.236252	-0.0367869	-0.444542	-0.496573	-0.122046	-0.132096	-0.272938	-0.170629	-0.13381	0.0774576
-4.92528	3.23166	0.605832	0.640127	0.425938	0.345032	-0.251413	-0.306724	0.281981	-0.476333	-0.188296	-0.204274	0.168666	-0.166564	-0.153237	-0.131578	0.526182
-5.15478	3.0807	0.835647	0.661497	0.245587	0.0256156	-0.124742	-0.408549	-0.0830929	-0.264056	-0.393787	-0.306069	-0.0500909	-0.0324328	-0.136042	-0.217732	0.15504
-5.27487	3.28563	1.03205	0.993072	0.716926	0.474455	-0.0666294	-0.227023	-0.107511	-0.295601	-0.0568278	-0.345858	0.262517	0.54348	0.284353	-0.102758	0.28143
-5.25399	3.28871	1.13253	0.708058	0.597519	0.175014	-0.0604347	-0.363449	-0.205162	-0.317892	-0.258594	-0.172132	0.348438	0.325883	0.09111	-0.290824	0.0921721
-5.43151	3.32013	1.07	0.441673	0.766995	0.264307	-0.349658	-0.698572	-0.521804	-0.119903	-0.251773	-0.210641	0.49095	0.0749362	0.0963722	-0.435185	-0.19655
-5.42112	3.37815	0.876559	0.500517	0.794811	0.0618288	-0.603532	-0.535746	-0.463724	-0.283394	-0.0965676	-0.149341	0.380968	-0.134127	0.224149	-0.473222	-0.287955
-5.154	3.04419	1.14134	0.468953	0.601408	0.164515	-0.814207	-0.468923	-0.263984	-0.206004	-0.151412	-0.0126653	0.141814	-0.0197956	0.174226	-0.472762	-0.186254
-5.27941	3.29377	0.814243	0.430034	0.630497	-0.0617702	-0.75357	-0.671236	-0.258417	-0.237177	-0.101685	-0.145193	0.124814	-0.199509	0.171265	-0.532484	-0.226928
-4.86266	3.09598	1.01721	0.850066	0.513021	0.0244665	0.0542027	-0.463595	-0.575494	0.0737705	0.289058	-0.060894	0.128593	0.126991	0.444282	-0.197844	-0.158528
-4.41442	2.67799	0.962274	0.890255	0.491629	0.0358317	-0.157969	-0.323806	-0.279669	-0.103632	0.121053	0.104549	0.211732	0.174835	0.082351	-0.146886	0.101798
-4.76675	3.11447	1.00924	0.762969	0.983843	0.0651382	-0.00421223	-0.162912	-0.417549	-0.150082	0.00910703	0.409475	0.408163	0.322547	0.181843	-0.23355	0.25014
-4.80126	3.12534	1.20094	0.767645	1.24062	0.725485	0.0695868	-0.226574	-0.380511	-0.309451	0.177151	0.433196	0.693438	0.711557	0.415833	-0.0391561	0.153025
-4.7417	3.04815	0.890685	0.543032	0.671892	0.312227	0.00783642	-0.272139	-0.655896	-0.134882	-0.122042	0.234994	0.399573	0.166509	0.22668	-0.271681	0.138073
-4.76191	2.96523	1.03914	0.444908	0.40572	0.319086	0.0187125	-0.348393	-0.396417	-0.37788	-0.216296	0.423074	0.125265	0.210071	-0.0589498	-0.219758	0.234532
-4.69625	3.10672	1.01432	0.471097	0.478316	0.454323	-0.0150711	-0.217368	-0.382714	-0.40016	0.0530436	0.408615	0.151089	0.291484	-0.116852	-0.00342849	0.315935
-4.73521	3.0197	1.02999	0.305991	0.134864	0.542918	-0.108077	-0.283415	-0.481899	-0.382266	-0.151659	0.380646	-0.0664717	0.064788	-0.017468	-0.247857	0.301437
-4.86249	3.26905	1.08351	0.452352	0.31439	0.371481	-0.0367302	0.0323538	-0.408161	-0.498461	-0.121092	0.584131	0.116453	0.189447	-0.123162	-0.22431	0.560675
-4.8126	3.2209	0.884226	0.0114847	0.340446	0.345385	-0.117295	-0.162502	-0.560432	-0.336915	-0.285013	0.279946	-0.0528489	-0.0680092	0.0386532	-0.171051	0.17759
-4.82118	3.08103	1.04162	0.131778	0.143151	0.379876	-0.086251	-0.340436	-0.292129	-0.497642	-0.268455	0.377452	-0.186189	0.0490908	0.0804409	-0.337868	0.278001
-4.80055	3.08482	1.07485	0.10443	0.142201	0.381366	-0.0513792	-0.214289	-0.314021	-0.48431	-0.349883	0.367684	-0.096502	0.0441371	0.0890495	-0.271003	0.255067
-4.86013	3.07873	1.19242	-0.0406404	0.0560553	0.388474	-0.127919	-0.168838	-0.346638	-0.458551	-0.550086	0.520721	-0.163976	-0.0251645	0.0906859	-0.31805	0.231201
-4.62759	2.94829	1.19233	0.370636	-0.0326225	0.402867	0.127937	-0.0228726	-0.55626	-0.316789	-0.17499	0.315559	0.0508879	0.320588	-0.25029	-0.00830385	0.312981
-4.78802	3.12231	1.16703	0.158684	-0.228656	0.451866	-0.00455936	-0.222459	-0.213222	-0.607233	-0.406831	0.51818	-0.122235	0.113357	-0.0431865	-0.314404	0.356762
-4.3847	2.66921	0.86298	0.307216	-0.255146	0.311067	-0.0676328	-0.241903	-0.456148	-0.574479	-0.254473	0.10251	0.10599	-0.0523777	-0.0754153	-0.201304	0.118713
-4.6469	3.1256	1.05381	0.328152	-0.420192	0.601196	0.0865594	-0.274495	-0.257796	-0.429538	-0.346867	0.405352	0.0772238	0.0755945	-0.0397546	-0.142526	0.299016
-3.86561	2.56795	0.587907	0.0848211	-0.097641	0.267226	0.0022077	-0.257863	-0.549855	-0.133658	-0.226859	0.220248	-0.0810808	0.0186467	-0.0551808	-0.129781	0.154518
-4.08639	2.94832	0.881788	-0.271685	-0.443356	0.395818	0.163452	-0.501596	-0.449439	0.207269	0.0227963	0.0814301	-0.0537538	0.185336	-0.212355	-0.357597	0.276832
-3.75374	3.60888	0.75122	-0.259474	0.292724	0.622879	0.10592	-0.236322	0.249273	0.603987	0.342562	0.559579	0.0113999	0.194589	0.374284	-0.19855	0.425515
-3.44543	3.37432	0.367378	0.0781326	0.0775746	0.50952	0.0246104	-0.201235	0.154201	0.640946	0.159356	0.491709	0.179674	0.131442	0.320619	-0.256693	0.320861
-3.20934	2.96844	0.254639	0.0107426	0.0803946	0.400719	-0.13377	-0.331842	0.266582	0.477084	0.0664217	0.306008	0.173008	0.195421	0.224793	-0.390573	0.225929
-3.06136	2.9855	0.0393088	0.275499	0.12213	0.348338	-0.0572862	-0.349292	0.42149	0.489881	0.00360041	0.387532	0.212517	0.264013	0.207259	-0.413937	0.318654
-3.07883	2.96984	0.00568732	0.331981	0.155784	0.219767	-0.13057	-0.203326	0.379297	0.371525	0.0345955	0.428059	0.270003	0.143623	0.213461	-0.391578	0.286062
-3.10873	3.02854	0.036953	0.440293	0.352489	0.168354	-0.149098	-0.109143	0.453859	0.379291	-0.0232657	0.504026	0.480726	0.108161	0.122719	-0.298833	0.345218
-3.2679	3.03614	0.0713577	0.528074	0.421725	-0.0512368	-0.0489101	-0.333395	0.602957	0.158335	-0.0179256	0.596364	0.348935	0.14548	0.0375294	-0.217611	0.226697
-3.1335	2.79066	0.0984287	0.581598	0.389383	-0.165774	-0.0883063	-0.0865036	0.375286	0.160693	0.0660711	0.565299	0.30198	0.0427608	0.100593	-0.242487	0.248364
-3.24853	2.91516	0.0265137	0.672503	0.3406	-0.29454	0.0312581	-0.130342	0.473299	-0.0365314	0.264196	0.478788	0.22588	0.0608377	-0.0485135	-0.0556912	0.198379
-3.24072	2.77564	-0.184692	0.831569	0.0464436	-0.24521	-0.102489	-0.0821073	0.207367	0.00772119	0.104532	0.382921	0.182258	-0.141993	0.0240091	-0.116687	0.156313
-3.26686	2.68322	-0.26706	0.841144	0.040546	-0.404259	-0.0620332	-0.0103722	-0.0215039	0.0824432	0.00913852	0.415941	-0.0631994	-0.0676388	0.0722753	-0.176477	0.128205
-3.19495	2.53911	-0.302349	0.92778	-0.0396563	-0.515922	0.0870432	-0.129162	0.00195985	-0.0453502	0.175815	0.217695	-0.00273221	-0.0924213	0.0670457	-0.234901	0.164439
-3.2462	2.65468	-0.502771	1.23998	-0.195274	-0.406883	0.232399	-0.296775	0.150951	-0.155965	0.213541	0.227424	-0.182043	0.139601	-0.0781213	-0.095294	0.234171
-3.28251	2.52068	-0.431293	1.2554	-0.182419	-0.360534	0.141517	-0.216653	-0.0206283	-0.125196	0.208435	0.127492	-0.160987	0.131794	-0.0507424	-0.0825302	0.239208
-3.37039	2.49534	-0.415837	1.32193	-0.113466	-0.31801	0.090253	-0.180224	-0.148035	-0.114498	0.140949	0.059653	-0.144338	0.186807	-0.0781042	0.0206875	0.180266
-3.38264	2.26546	-0.136092	1.26879	-0.0596793	-0.333035	0.103853	-0.247716	-0.219223	-0.118665	0.135492	0.0517086	-0.131914	0.232481	-0.134692	0.0569846	0.189817
-3.68824	2.52128	-0.0927629	1.18946	0.0958502	-0.298669	0.00631076	-0.146887	-0.332899	-0.197679	0.181059	-0.114096	0.079665	0.119805	-0.0142496	0.0312925	0.119382
-3.81448	2.43554	0.0613184	1.24671	0.189267	-0.184945	-0.0748253	-0.0556812	-0.528256	-0.208934	0.198952	-0.19643	0.197608	0.197277	-0.0985393	0.170807	-0.0289053
-4.07071	2.07899	0.333365	1.69847	0.227841	-0.0877973	0.0155898	-0.614926	-0.548431	-0.253995	0.268914	0.0839163	0.168644	0.333878	-0.286894	0.0263465	-0.00258407
-4.44937	2.67492	0.576552	1.53898	-0.0666474	-0.226991	-0.132775	-0.132152	-0.447619	-0.0112048	0.162487	-0.328769	0.320364	0.236227	-0.188786	0.203229	-0.0731612
-4.34403	2.51377	1.07123	1.34316	-0.436744	-0.0472016	-0.0523928	-0.00733193	-0.145111	-0.376342	0.142397	-0.0939583	0.0536595	0.150215	0.0538841	0.081372	0.220923
-4.35316	2.45528	0.910425	1.33035	-0.45018	-0.0475537	-0.130974	-0.0108183	-0.138024	-0.408837	0.0483075	0.034402	0.172721	0.241041	-0.048578	-0.158318	-0.0191353
-4.2725	2.66302	0.806649	1.37174	-0.459307	0.145281	0.0915438	-0.125768	-0.0962824	-0.298751	-0.0845076	-0.0486702	0.165739	0.121512	-0.0424551	0.240693	0.236836
-4.10788	2.60106	0.568505	1.41604	-0.38778	0.0904575	0.102598	-0.0441899	-0.152362	-0.304443	0.0125349	-0.0570645	0.0300385	0.264853	-0.142914	0.232065	0.215144
-4.3182	2.80776	0.395397	1.4461	-0.42976	0.0410358	0.00820963	0.123745	-0.246319	-0.229166	-0.0245678	0.0342162	0.0889143	0.292146	-0.379231	0.24459	-0.0229674
-4.52229	3.211	0.0896988	1.56353	-0.191066	-0.0883473	0.255853	0.0276961	-0.128285	-0.346828	0.0133856	-0.0564292	0.001523	0.274289	-0.181538	0.21141	0.217884
-4.76159	3.06957	0.191895	1.31357	0.0492647	-0.228296	0.325714	0.237253	0.0149244	-0.241334	-0.266855	0.0255259	-0.0715084	0.0964182	-0.0215602	0.17298	0.381622
-6.26436	3.42778	0.52416	1.50622	0.220212	-0.0332135	0.0592878	0.0914033	0.08517	0.266723	0.056297	-0.149135	-0.155522	-0.263754	-0.0995489	0.107328	0.158252
-7.272	3.80701	0.667933	1.20964	0.817725	0.298749	-0.103614	0.25111	0.151852	0.118744	0.409135	-0.0636906	0.241168	-0.231507	-0.464338	-0.36584	0.00318294
-7.19181	3.8777	0.910221	1.07898	0.715576	0.197139	0.0806416	0.0318432	0.305302	0.292824	-0.102538	0.246879	0.193218	-0.21566	-0.268848	-0.127915	0.101017
-7.57819	3.83985	1.00868	0.889876	0.616053	0.123281	-0.210768	0.125106	0.0886416	0.314909	-0.153011	-0.100208	0.0839404	-0.189764	-0.351343	-0.0234657	0.02778
-7.95341	3.86828	0.804426	1.03579	0.335853	-0.332597	-0.0911751	0.0237633	0.209289	-0.379509	-0.257925	-0.0575188	0.109782	-0.142395	-0.389839	-0.30994	-0.0889718
-7.79961	3.7342	0.92739	0.796695	0.499663	0.379885	0.215714	-0.190593	-0.037627	0.222578	0.00956633	-0.0945429	0.0430329	0.177734	-0.236331	-0.561789	0.108258
-8.53087	3.96519	1.50284	0.642249	0.245384	0.337484	-0.0108725	-0.085578	0.10753	-0.24247	-0.170144	0.250909	0.0414339	-0.121143	-0.183591	-0.35198	-0.09382
-6.32778	3.28661	-0.205905	0.235696	0.562818	0.53662	0.418874	0.10545	0.0367267	0.00700926	-0.343278	0.127554	0.0937315	-0.158745	-0.158409	-0.0225289	0.0499097
-5.49144	1.92463	0.622169	0.926884	0.599836	0.469895	0.0907392	-0.153896	-0.113993	0.0617717	0.0105833	0.168515	-0.219681	-0.17055	-0.0180168	-0.126603	0.314094
-5.69591	1.89669	0.733046	1.17127	0.499324	0.124296	0.222412	0.331248	-0.00235618	-0.191711	-0.332039	-0.0282273	-0.0194813	0.220566	0.0502074	-0.381461	0.0160603
-5.26953	2.24792	0.645822	0.755844	0.580616	0.365755	0.021862	0.209232	-0.0722135	-0.350642	-0.214491	0.04206	0.0900292	-0.001594	-0.0419678	-0.197454	0.277455
-5.48975	2.50225	0.725663	0.818071	0.246914	0.53372	0.516092	-0.0812899	0.0883484	-0.379388	-0.51132	-0.0950014	0.368209	-0.0726087	0.0165391	0.147899	0.0376613
-5.63074	2.94547	0.3337	0.740608	0.393815	0.461885	0.466169	0.292724	-0.394543	-0.498163	-0.302426	0.0198411	0.0409087	0.00532429	0.142836	0.0236684	0.113665
-5.58908	3.15361	0.279983	0.647385	0.545801	0.331671	0.600884	0.0528243	-0.237392	-0.573477	-0.172811	-0.138313	0.131119	0.0259043	0.132768	0.067286	0.156453
-5.37008	3.16708	0.687295	0.470982	0.416166	0.681085	0.577672	0.0775465	-0.410228	-0.440346	-0.25741	-0.0661699	0.0599315	-0.0689318	0.0950396	0.395926	0.598883
-5.08281	3.21869	0.513474	0.515903	0.199636	0.533958	0.416002	-0.175171	-0.276708	-0.33958	-0.0780318	-0.110371	0.133172	-0.0152495	0.18075	0.0566333	0.368088
-4.79123	3.16113	0.473678	0.437117	0.276271	0.293076	0.397185	-0.272876	-0.31759	-0.199672	-0.264782	0.15433	0.0633899	0.0806192	0.132539	-0.0687162	0.297875
-4.58537	3.17433	0.402497	0.640445	0.201013	0.115462	0.398162	-0.292529	-0.253058	-0.250466	-0.108725	0.0606612	0.0732606	0.0869447	0.0989996	0.0655122	0.284726
-4.27896	3.06085	0.511034	0.589731	0.0437126	0.320914	0.3362	-0.432459	-0.205711	-0.148112	-0.00327968	-0.107662	0.0290803	0.0724376	0.183851	0.212515	0.354347
-4.16087	2.91689	0.444611	0.710305	-0.0124079	0.19175	0.162113	-0.366101	-0.163455	-0.12859	-0.0291165	-0.0375482	0.107105	0.0763802	0.0744147	0.120987	0.186727
-3.94634	2.73458	0.454072	0.60766	0.183984	0.192459	0.126468	-0.471166	-0.106135	-0.139123	0.0466714	-0.182194	0.193063	0.020121	0.172963	0.155703	0.153066
-3.82825	2.58201	0.379168	0.68097	0.165991	0.184838	0.0716459	-0.476159	-0.0989227	-0.117479	0.0185519	-0.141137	0.229102	0.0437693	0.0779501	0.125233	0.0653853
-3.84649	2.5913	0.436027	0.694296	0.296664	0.0839769	0.0036927	-0.299869	-0.140563	-0.121139	-0.0659965	-0.158506	0.306283	0.0527926	0.0182866	0.159635	0.162414
-3.94838	2.57135	0.479722	0.693687	0.306437	0.0655566	-0.0154129	-0.396996	0.0167447	-0.171691	-0.0574379	-0.228435	0.469578	0.0409251	-0.077558	0.0633343	0.122707
-4.14525	2.48645	0.4995	0.71832	0.395981	0.0309736	-0.0317334	-0.371631	-0.0248622	-0.169242	-0.0909384	-0.171279	0.469388	0.0927854	-0.121249	-0.0304324	0.0345588
-4.75513	2.47422	0.676133	0.653129	0.604507	0.379746	-0.00338053	-0.449196	-0.0118503	-0.279961	-0.195123	-0.159017	0.39999	0.13282	-0.018899	0.0793838	-0.027453
-5.31457	1.97805	1.24613	0.402466	0.347121	0.331813	0.349911	-0.448178	0.0453592	0.238645	-0.0378643	-0.0617965	0.153813	-0.206051	-0.307768	-0.000410707	0.0221005
-5.82948	2.10832	1.27373	0.414108	0.50618	0.192927	0.331058	-0.131362	-0.227385	0.0103156	0.127758	0.114851	-0.05011	-0.048641	-0.143802	0.0255086	-0.322833
-6.13567	1.74108	1.41056	0.627751	0.812008	0.266443	0.0691018	0.000824932	-0.209472	0.102173	0.0261018	0.0350218	-0.217595	-0.220082	-0.0234488	0.207521	0.05403
-5.77908	1.15217	1.10186	0.949423	0.807412	0.13418	-0.0757643	0.145948	0.0635062	0.0689668	-0.167385	0.0907177	-0.102532	-0.115198	-0.0452849	0.0232307	0.144105
-5.40304	0.891221	0.245759	1.04127	1.12546	0.338467	-0.0515488	0.212659	-0.0564127	-0.100045	0.00705178	0.116267	0.0469309	-0.258871	-0.0199456	0.00342331	-0.011961
-5.25764	0.677787	0.582422	0.785027	1.00198	0.683315	0.00333701	0.0208503	0.14695	0.363346	-0.0701822	0.210303	0.140776	-0.0680822	0.116253	-0.168193	0.200164
-5.47553	0.86369	0.428035	0.39541	0.669349	0.381227	0.072401	0.193246	0.15419	0.209551	-0.192727	0.147003	-0.0516885	0.0881883	0.0106801	-0.215253	0.0796455
-6.16803	1.21238	0.403705	0.320239	0.517877	0.347056	0.276103	0.162853	0.0197907	0.224259	-0.0514192	0.239648	-0.0849971	0.201402	0.0844639	-0.0632376	0.0524249
-7.54004	1.81268	0.626546	0.243899	0.698146	0.390259	0.247588	0.142541	-0.201578	0.208621	-0.0371024	0.0876987	0.0168523	0.180432	0.0586035	-0.0623245	0.0443164
-8.52792	1.7462	0.709691	0.561925	0.568987	0.378776	-0.0462145	0.0298822	0.0466329	0.17219	-0.122409	-0.0437033	0.0351708	0.104073	0.142906	0.0934491	0.17772
-8.67926	1.72813	0.519223	0.629912	0.62389	0.256423	0.0723449	0.327449	0.14236	-0.0320975	-0.0348039	0.160599	-0.00276173	-0.0629775	0.107997	0.114531	0.0488473
-8.45204	2.02457	0.017803	0.566102	0.762625	-0.0431996	-0.0406536	0.714751	0.273239	-0.189122	0.0579618	0.247203	0.0249714	-0.117908	0.106094	0.0877395	0.0931822
-8.14019	2.01283	-0.259607	0.406298	0.864157	-0.0112032	-0.146653	0.725062	0.342736	-0.0664245	0.0950255	0.185199	0.127329	-0.0726862	0.140176	0.0155453	0.0739902
-8.20642	1.8156	-0.31573	0.300545	0.89639	0.0248846	-0.218101	0.758568	0.387381	0.103982	0.114361	0.145431	0.239576	-0.0465325	0.181206	-0.0538184	0.0526982
-8.57731	1.55348	-0.275225	0.306018	0.891027	0.171536	-0.238163	0.672006	0.368969	0.203634	0.154775	0.14558	0.194651	-0.0117617	0.171994	-0.0344928	-0.0095545
-8.95245	1.38249	0.0729333	0.471617	0.870519	0.426243	-0.0290595	0.277449	0.155574	0.100563	0.138502	0.0732783	0.1439	0.127737	0.185835	-0.00244806	-0.0531448
-9.22889	1.16406	0.109619	0.526716	0.773009	0.576445	0.194326	0.0411223	0.177333	0.25322	0.23978	6.82336e-05	0.100537	0.0769947	0.0319251	-0.043086	-0.0230199
-8.73875	0.3941	-0.209885	0.857931	0.808704	0.786248	0.416796	0.0691429	0.246027	0.214256	0.304279	0.230455	-0.0178182	0.0599545	0.0479008	0.106174	0.000192406
-8.32377	-0.030793	-0.553664	0.819418	0.942602	0.978722	0.570197	0.0492458	0.180172	0.171622	0.276399	0.231463	-0.0698565	0.0560786	-0.053544	0.0662619	-0.0397357
-8.2838	0.15769	-0.516499	0.702466	0.727617	0.756452	0.365876	-0.114844	0.0654491	0.134633	0.282297	0.196826	-0.0825164	0.0366989	-0.0452094	0.0985684	-0.0149493
-7.36236	1.7436	-0.575404	-0.378441	-0.132174	0.238992	0.0999612	-0.000651194	0.015415	-0.0664977	0.0558798	-0.0322522	0.0483155	0.00617469	-0.0396178	0.126175	0.022693
-6.13108	1.84078	-0.382053	-0.773508	-0.0448014	0.856932	0.347498	0.0149609	0.0357329	-0.00648532	0.236696	0.0393812	0.161347	0.0865938	0.0748361	0.241555	0.153589
-5.2113	1.8363	-0.243826	-0.759734	0.0163194	0.909513	0.294965	-0.108428	0.099356	-0.071192	0.184345	0.0588059	0.169583	0.0274553	-0.0311848	0.312349	0.0617234
-4.91758	1.7919	-0.0825313	-0.678706	0.0282496	0.926044	0.253016	-0.173031	0.0403073	-0.141548	0.133406	0.191593	0.141221	0.0113322	-0.049743	0.150493	0.0319558
-4.60267	1.93788	0.0175843	-0.757969	-0.17139	0.946587	0.26787	-0.166933	-0.260381	-0.430056	0.0836705	0.413754	0.111864	-0.0484211	0.0208861	0.0071344	-0.015202
-4.53605	1.96816	-0.0719121	-0.695309	-0.364357	0.888784	0.382797	-0.125803	-0.315578	-0.359971	0.135244	0.36868	0.0968156	-0.099328	-0.150972	0.078116	0.0855988
-4.58087	1.55613	-0.119535	-0.571301	-0.414277	0.749298	0.430518	-0.111478	-0.180762	-0.0825075	0.107459	0.361475	0.134937	-0.191524	-0.191909	0.0982616	0.0397964
-4.48783	1.28646	-0.00651861	-0.46426	-0.318936	0.663522	0.445519	0.0255327	-0.131399	0.0868486	0.0825894	0.448048	0.173095	-0.263257	-0.151926	0.0196499	-0.0130161
-4.503	1.01192	0.0970659	-0.241281	-0.222897	0.81714	0.366162	0.0504207	-0.0402982	0.0624603	0.117002	0.442518	0.176376	-0.150644	-0.104086	-0.0421033	-0.000659898
-4.43067	0.770548	0.00084992	-0.219628	-0.240192	1.06193	0.3507	0.0403749	-0.013572	0.079292	0.302135	0.488903	-0.0205203	-0.241982	-0.201834	-0.098418	-0.00611479
-4.34541	0.83008	-0.0289878	-0.180019	-0.256153	1.10426	0.424578	0.0901667	0.0932106	0.154376	0.243996	0.51897	-0.106251	-0.20536	-0.15269	-0.0841585	0.0816973
-4.43915	0.932486	-0.0722544	-0.205472	-0.189866	0.958336	0.392674	0.158612	0.101879	0.233001	0.0766118	0.429483	-0.0397264	-0.129369	0.0214153	-0.082827	0.0344413
-4.4187	0.955123	-0.000147166	-0.0767802	-0.21534	0.835004	0.583602	0.200606	-0.00790109	0.125141	0.101442	0.310557	-0.0438776	-0.0537528	-0.0105585	-0.172606	-0.0792105
-4.35119	1.09102	0.0954629	0.146416	-0.142644	0.732477	0.538541	0.117845	-0.0670805	0.0575523	0.0245182	0.202632	0.0215414	0.0025693	-0.111299	-0.195461	-0.113628
-4.69025	1.55382	0.354394	0.0266725	-0.138427	0.857817	0.468393	-0.274482	0.0860753	0.403558	0.0960282	-0.289084	-0.271769	-0.0918465	-0.336566	0.0866307	0.152964
-4.36856	2.09995	0.3609	0.223171	-0.440797	0.460667	0.664369	-0.102049	-0.085565	-0.179601	-0.0573398	-0.114562	-0.240481	0.0937319	-0.242715	-0.0329655	0.0257358
-4.1512	2.47968	0.630623	-0.0941569	-0.384309	0.349692	0.541333	-0.0364723	0.0770189	0.0991112	-0.217253	-0.0301106	0.0360233	0.0706711	-0.148795	-0.025853	-0.163963
-4.02716	2.5889	0.588407	-0.0179464	-0.278928	0.0950573	0.847572	-0.22879	-0.0839749	0.16337	0.194066	0.145261	-0.160595	0.0609848	-0.230019	-0.196348	0.156998
-3.85041	3.08407	0.0416343	-0.362067	-0.0611228	0.0781704	0.789446	-0.113394	-0.0261347	0.0473932	0.11277	0.256902	-0.192105	0.283814	-0.307923	-0.121742	0.0707374
-3.60028	3.01996	-0.45542	-0.489151	-0.0253555	-0.0128116	0.572172	-0.0356008	-0.0195776	-0.146317	0.105356	0.160359	-0.306868	0.256409	-0.332859	-0.0586011	-0.031519
-3.55785	3.07103	-0.538037	-0.531386	0.0890167	-0.15727	0.668939	-0.0048035	0.0494239	-0.175179	0.195979	0.138639	-0.3171	0.254393	-0.395251	0.0408994	0.0740402
-3.62036	3.09963	-0.554838	-0.578558	0.115875	-0.261189	0.726742	-0.00287388	-0.0287612	-0.092803	0.176394	0.123167	-0.337297	0.268544	-0.387631	0.0370377	0.0693696
-3.64123	3.08044	-0.624698	-0.417681	-0.0320657	-0.116329	0.820264	-0.114712	0.129186	-0.128332	0.171979	0.248527	-0.319738	0.237981	-0.271194	-0.0794861	0.15688
-3.77954	3.19946	-0.71347	-0.711319	0.0920507	-0.28547	0.750368	-0.106995	-0.0560538	-0.0349252	0.00457833	0.264442	-0.360272	0.174648	-0.282317	-0.00181893	-0.048642
-3.89899	3.22804	-0.874954	-0.688219	0.0294922	-0.261403	0.594186	-0.00906329	-0.136075	-0.100286	0.0333065	0.198048	-0.358825	0.164977	-0.342417	-0.0665315	-0.0363776
-3.65801	2.97669	-0.863329	-0.675414	-0.00844785	-0.289366	0.65168	-0.0258731	-0.053977	-0.1431	0.0180668	0.273253	-0.360256	0.0382527	-0.209388	-0.0865952	-0.0306791
-3.61268	2.92207	-0.870012	-0.65523	0.0208029	-0.325178	0.638837	0.0673914	-0.193858	-0.0563721	-0.0222547	0.255725	-0.316482	0.0486001	-0.248737	-0.0931296	0.0530782
-3.64748	2.86697	-0.882238	-0.683785	-0.0215391	-0.346141	0.661014	0.00954255	-0.19153	-0.0913346	-0.0744735	0.257706	-0.324649	0.0330873	-0.273705	-0.0768315	0.00141494
-3.77738	3.10418	-0.865297	-0.75721	0.206897	-0.431857	0.77344	-0.0539675	-0.085727	-0.0690935	-0.145837	0.42193	-0.431154	0.170538	-0.319361	-0.0710267	0.0915041
-3.72446	2.94005	-0.742617	-0.868876	0.308256	-0.627726	0.875407	-0.119323	-0.107155	-0.0876264	-0.184098	0.37582	-0.319793	-0.000146361	-0.185836	-0.179315	0.08454
-3.81497	3.017	-0.699466	-0.791171	0.138971	-0.448839	0.796645	-0.108603	-0.117977	-0.0959001	-0.121405	0.321134	-0.288143	0.0385596	-0.228951	-0.128665	0.0252178
-3.81085	2.76551	-0.708157	-0.873489	-0.0302733	-0.496472	0.574227	-0.128263	-0.238248	-0.292756	-0.111677	0.124721	-0.272702	-0.0805165	-0.248883	-0.136639	-0.238933
-4.11579	3.2654	-0.827803	-0.713426	0.0738473	-0.612602	0.697632	-0.0818978	-0.185647	-0.241307	-0.120183	0.288226	-0.389584	0.0781283	-0.304276	-0.128516	-0.166364
-4.23236	3.36692	-0.677742	-0.606317	0.0898241	-0.618058	0.759161	-0.0686505	-0.129394	-0.136759	-0.144263	0.330681	-0.302624	-0.00460389	-0.194795	-0.137675	-0.128458
-4.66364	3.57252	-0.564053	-0.547563	-0.0958462	-0.637849	0.53654	0.0346533	-0.169733	-0.25867	-0.035934	0.0637137	-0.173285	-0.187437	-0.205661	-0.170073	-0.162437
-5.38835	3.07953	-0.40248	-0.357919	-0.227095	-0.418776	0.551099	0.342251	0.073055	0.187785	0.115329	0.128555	-0.201838	-0.226165	-0.537813	-0.270426	-0.315573
-6.94104	3.72147	0.414914	0.155125	0.207147	0.0415694	0.239589	0.267878	0.161428	0.13006	0.0092362	0.0473912	0.0294843	-0.258481	-0.0224013	0.0326004	-0.038554
-8.17264	3.88144	0.848152	-0.0745525	-0.22782	-0.305082	0.137177	0.0609757	-0.145852	-0.319576	-0.244903	0.151365	0.133248	-0.017291	-0.194724	-0.227665	-0.176503
-7.21774	2.08696	0.695785	0.249513	-0.0545125	-0.0548668	0.0451381	0.0782591	-0.0117025	-0.105694	-0.0658301	0.0647569	0.101704	0.0101077	-0.100746	-0.111389	-0.0537024
-8.51145	2.78975	0.953721	0.162329	-0.0810382	0.0242414	0.39619	0.410176	0.0769495	-0.0409923	0.111878	0.142189	0.0765704	0.0327213	-0.138701	-0.222109	-0.0160816
-8.84612	2.72802	0.929809	0.135513	-0.0207909	0.0481677	0.322532	0.343625	0.198078	0.118903	0.190998	0.179781	0.0548754	0.00227998	-0.137016	-0.180825	0.0417708
-9.00637	2.39301	0.928853	0.318442	0.126244	0.0641019	0.229344	0.240277	0.155565	0.139383	0.184885	0.184079	0.0452085	-0.0470517	-0.155426	-0.0116566	0.111733
-9.29068	1.9744	0.803523	0.414166	0.259602	0.153307	0.243988	0.165484	0.0551455	0.0849163	0.181728	0.199592	0.121651	0.0756228	-0.00152463	0.0665922	0.0729391
-9.73366	1.92664	0.956001	0.52364	0.307434	0.19264	0.239745	0.188475	0.125517	0.226833	0.257363	0.202311	-0.0102451	-0.112915	-0.112477	0.00959635	0.16354
-9.65589	1.78486	0.76998	0.493284	0.379287	0.283754	0.22329	0.192852	0.198692	0.28059	0.233768	0.176266	0.0430706	-0.0542388	-0.11844	-0.0282777	0.145013
-9.87964	1.63685	0.727157	0.502873	0.397765	0.258016	0.177232	0.0939578	0.0992578	0.223863	0.150346	0.0731912	0.0884919	0.0654762	-0.027888	0.0424696	0.10806
-9.7888	1.4593	0.59852	0.532171	0.449571	0.362336	0.290441	0.243575	0.177996	0.202547	0.155659	0.112946	0.0860718	0.0138256	0.0628284	0.106538	0.0762081
-9.43939	1.50968	0.579376	0.488173	0.400802	0.342802	0.285334	0.262416	0.22715	0.208054	0.156411	0.125242	0.132655	0.106559	0.111552	0.0905936	0.0833206
-9.74798	1.48181	0.74984	0.576408	0.515741	0.403143	0.326942	0.306401	0.286327	0.256773	0.199585	0.133608	0.165404	0.125066	0.124739	0.0879146	0.118128
-9.67487	1.50575	0.657056	0.491605	0.452259	0.375862	0.359478	0.281573	0.288929	0.257989	0.216037	0.190812	0.168528	0.15533	0.12627	0.113997	0.114626
-9.58494	1.45336	0.562634	0.441921	0.413815	0.346227	0.270476	0.234523	0.231827	0.229604	0.179487	0.231665	0.203472	0.165318	0.114199	0.164054	0.152885
-9.91353	1.50321	0.692054	0.525566	0.532644	0.445886	0.351366	0.301214	0.262016	0.253026	0.182618	0.22052	0.144039	0.0770334	0.0721061	0.103281	0.0800286
-8.35177	2.68609	0.303399	0.0909936	0.0373265	0.268716	0.376418	-0.0309698	-0.329371	0.128156	0.340287	0.223395	0.125402	-0.0434368	0.0497025	0.173784	0.0466839
-6.9726	2.58304	0.222927	0.170513	0.0528691	0.219021	0.282398	-0.126909	-0.349797	0.136444	0.216637	0.211372	0.16082	-0.123307	-0.107144	0.0920046	0.115763
-5.82722	2.41806	0.439098	0.0466792	0.0199489	0.183708	0.198865	-0.0464491	-0.167891	-0.0269521	0.053248	0.0688739	0.0436229	-0.081289	-0.147733	-0.0739963	-0.0507839
-6.06402	3.10887	0.905343	0.68754	0.108763	0.249592	0.00773812	0.239298	0.304434	0.0655968	-0.0424216	0.075411	0.373029	0.096141	0.057598	0.163603	0.11282
-5.12855	4.23483	-0.103115	-0.603512	0.315768	0.0495709	0.142971	-0.00620428	0.0447841	-0.0132018	-0.0452701	0.138628	0.207119	0.020385	-0.211963	-0.0169074	0.0610671
-4.9789	4.39907	-0.447092	-0.59697	0.41335	-0.289611	0.282687	-0.283956	-0.0503435	0.150759	-0.321506	0.358408	0.194092	0.100642	-0.349487	0.103997	-0.170979
-4.94597	4.5153	-0.537678	-0.636837	0.335363	-0.344636	0.141269	-0.21807	-0.0839176	-0.0231334	-0.272162	0.362595	0.224873	-0.014624	-0.306638	0.0403029	-0.212712
-4.91168	4.55756	-0.375497	-0.725971	0.576366	-0.442475	0.257106	-0.215082	-0.00715617	0.0313766	-0.170756	0.333546	0.308293	0.0592092	-0.254903	0.00834962	-0.053902
-4.78801	4.22291	-0.363148	-0.784022	0.471687	-0.459259	0.118962	-0.290627	-0.0979826	0.00907459	-0.301079	0.298355	0.119912	0.0371629	-0.341393	0.0497946	-0.239648
-4.96321	4.35943	-0.553963	-0.722461	0.331711	-0.313607	-0.127562	-0.188024	-0.30005	0.0366126	-0.388162	0.287793	0.0210617	-0.0333685	-0.417844	0.156537	-0.389059
-4.95787	4.25245	-0.452146	-0.709328	0.372545	-0.37014	-0.027185	-0.283877	-0.167489	-0.0939237	-0.341589	0.314815	0.0123726	-0.14678	-0.254173	0.0213126	-0.261756
-5.07247	4.35664	-0.409798	-0.564593	0.400962	-0.363439	0.0649448	-0.261288	-0.119037	-0.054114	-0.378472	0.381044	0.106979	-0.218236	-0.0983458	-0.0506714	-0.0946971
-5.16057	4.21785	-0.305306	-0.704455	0.469294	-0.517716	0.12839	-0.424068	-0.043215	-0.22354	-0.410566	0.287353	0.0468393	-0.211844	-0.225411	-0.0304666	-0.246254
-5.35217	4.32801	-0.0931951	-0.564506	0.286656	-0.25628	-0.0443866	-0.130637	-0.0165415	-0.281218	-0.311333	0.157536	0.202165	-0.117177	-0.165566	-0.104511	-0.0721333
-5.24157	3.91393	0.327372	-0.431297	0.20079	-0.0718497	-0.130329	0.0469733	0.052499	-0.212875	-0.371333	0.297323	0.137833	-0.0254828	-0.00735028	-0.140846	0.0915899
-5.78401	4.4464	0.368293	-0.434685	0.429809	-0.302597	0.0289137	0.128028	0.0796446	-0.166245	-0.340738	0.251276	0.177938	-0.00921582	0.11937	-0.104645	0.164113
-6.15049	4.54411	0.461096	-0.47157	0.35196	-0.341081	-0.143982	0.11797	0.195406	-0.290267	-0.317815	0.0582147	0.0912943	-0.0351711	0.084753	-0.0448923	-0.0781025
-6.44695	4.48228	0.758176	-0.203381	0.42498	-0.338833	-0.238464	0.116436	0.270344	-0.203193	-0.193627	0.146924	0.134123	-0.195779	0.119397	0.0676966	0.136104
-6.80707	4.34637	0.869491	0.360313	0.473772	-0.385099	-0.451696	-0.0941076	0.242721	0.0773837	0.028645	0.0964703	0.119821	-0.277402	-0.0742547	0.0904064	0.354576
-6.88827	4.35259	0.698871	0.259245	0.309603	-0.486102	-0.135155	0.0323214	0.0539758	-0.0954606	-0.0216535	-0.0229875	0.0592876	-0.108484	-0.0662434	0.0256573	0.0951718
-6.89088	4.13239	0.679464	0.351427	0.201092	-0.065672	-0.274058	0.0643706	0.0944314	-0.0129716	-0.111699	0.0825105	0.0272159	-0.152046	0.00499392	0.0113037	0.184659
-7.02646	3.8627	0.862651	0.592864	-0.169739	0.18391	-0.015729	-0.0860496	0.135797	-0.0404917	-0.203643	0.185041	0.111604	-0.236021	0.000103577	-0.0106171	0.232801
-7.75236	3.20243	0.411354	0.254734	-0.00927458	0.0149614	0.163196	-0.0241695	0.038195	-0.00537672	0.0190054	0.233104	0.17193	0.0893956	0.0281777	0.151005	0.146716
-7.79897	3.30628	0.781892	0.376913	0.0474393	-0.113064	0.0103935	-0.206696	-0.0885849	-0.114366	-0.164494	-0.0139122	-0.051481	-0.21306	-0.214136	-0.0248511	0.132842
-7.51546	3.37517	0.681581	0.323038	-0.18919	-0.261414	-0.0270805	-0.238459	-0.0207569	-0.303504	-0.159657	-0.0785974	-0.0182454	-0.311823	-0.268344	-0.181795	0.0564545
-7.49668	3.67859	0.795783	0.428529	0.0149435	-0.156944	-0.0305303	-0.0849546	-0.015172	-0.230962	-0.0631012	0.0088422	-0.0733103	-0.246119	-0.0999847	-0.185898	-0.013086
-7.47653	3.91933	0.863369	0.128971	0.140877	-0.200895	0.0482149	-0.0742758	-0.0366454	-0.0141032	-0.158729	-0.00446777	-0.164405	-0.239474	-0.0541442	-0.0985398	-0.0533578
-7.39967	3.92812	0.941367	0.0951056	0.101394	-0.0820518	-0.0326315	-0.0384747	0.0635414	-0.125111	-0.016749	-0.10639	-0.101742	-0.270737	-0.0536236	-0.0208094	0.0360263
-7.16577	3.9724	0.864309	0.0562681	0.106988	-0.155739	-0.0578984	0.0306964	0.0817348	-0.189599	0.0351867	-0.0331074	-0.192118	-0.243817	-0.0209856	0.0569513	-0.00500405
-6.99337	3.96745	0.850159	-0.0661794	0.0122391	-0.234613	-0.0115218	0.0725897	0.0155771	-0.244628	0.0127826	-0.014861	-0.173593	-0.215985	-0.0450487	0.099687	0.0762419
-7.02783	4.32262	0.705065	-0.277325	0.184818	-0.425522	-0.150637	-0.0924327	0.148745	-0.288251	-0.0553767	0.0336205	-0.0802234	-0.200918	-0.110651	0.149638	0.126135
-6.92259	4.45017	0.693673	-0.267643	0.293127	-0.591236	-0.209884	0.0339472	0.292099	-0.392479	-0.033216	-0.0375663	-0.0360581	-0.318107	0.182693	0.0962536	0.112373
-6.88304	4.52809	0.638301	-0.302253	0.177371	-0.635363	-0.0732256	0.0481834	0.294956	-0.439946	-0.0734541	0.0461817	-0.0530843	-0.290084	0.144287	-0.0289827	0.0554786
-6.74785	4.47783	0.599694	-0.384215	0.0978842	-0.610144	-0.0141975	-0.0507474	0.296086	-0.478768	-0.0666055	0.0598909	-0.000226859	-0.181257	0.0629449	-0.123189	-0.0890144
-6.69813	4.43989	0.727674	-0.479283	0.150846	-0.618895	0.0216882	0.0927396	0.208005	-0.440663	-0.146458	0.209644	0.0289996	-0.219561	0.178127	-0.189467	0.0529433
-6.56805	4.47247	0.575415	-0.632863	0.139213	-0.449886	-0.0240022	0.0906826	0.233573	-0.467393	-0.189614	0.263247	-0.00228544	-0.16065	0.19368	-0.363583	-0.123936
-6.3145	4.32307	0.440733	-0.637797	0.0604494	-0.412035	0.0926671	-0.064725	0.262557	-0.410377	-0.233696	0.124453	0.0296295	0.00974781	0.0202241	-0.364054	-0.0800708
-5.96746	4.06418	0.176497	-0.718395	0.198502	-0.353123	0.0303105	-0.0537012	0.1374	-0.605121	-0.141259	0.257492	0.11985	-0.15607	-0.0461768	-0.308311	-0.0538183
-5.85084	3.92563	0.00469494	-0.672949	0.249119	-0.380722	0.0315865	-0.214592	0.0369624	-0.534437	-0.134677	0.334096	0.140361	-0.285371	-0.100105	-0.31919	-0.142835
-5.78647	4.0005	-0.166915	-0.684156	0.36174	-0.36333	-0.054671	-0.198144	0.025113	-0.389443	-0.0810731	0.394426	0.0494856	-0.339676	-0.114981	-0.314898	-0.0111546
-5.68034	3.80721	-0.09593	-0.687035	0.39268	-0.347522	0.0581087	-0.370461	0.1291	-0.413743	0.006359	0.431181	-0.0452652	-0.342313	-0.154988	-0.199711	-0.0952774
-5.75795	3.76807	-0.0149736	-0.710137	0.387537	-0.290562	0.0983052	-0.394782	0.119027	-0.474152	-0.0670494	0.324003	0.108456	-0.287351	-0.19699	-0.287878	-0.183252
-5.8547	3.81255	-0.0819518	-0.678435	0.321431	-0.251239	-0.0708578	-0.280681	0.028496	-0.342301	-0.178809	0.256938	0.125705	-0.375803	-0.185793	-0.24939	-0.164111
-5.94758	3.90941	0.0838244	-0.587968	0.303949	-0.1619	-0.0920349	-0.277806	0.0715453	-0.106849	-0.12727	0.256639	-0.0250759	-0.384827	-0.118708	-0.0830741	-0.131221
-6.10815	4.21151	0.0581206	-0.737559	0.411594	-0.0489186	-0.0159108	-0.351473	0.183597	-0.0952734	-0.0775284	0.223843	-0.0181481	-0.320499	-0.18664	-0.0390197	-0.176318
-6.07456	4.20806	-0.0294105	-0.712826	0.475076	-0.0699978	0.0623491	-0.422483	0.197534	0.047045	-0.179435	0.299703	-0.127229	-0.276595	-0.184176	0.006276	-0.110677
-5.96847	4.05479	-0.0787057	-0.744403	0.508817	-0.0668604	0.0442309	-0.453676	0.182277	0.0816361	-0.145623	0.169072	-0.099705	-0.216306	-0.237863	-0.0139158	-0.121236
-5.91106	3.95268	-0.173979	-0.808008	0.684448	-0.208639	0.0486355	-0.442012	0.177485	0.0464971	-0.131196	0.166901	-0.0786948	-0.304666	-0.157945	0.0134996	-0.35071
-6.0095	3.93649	-0.205678	-0.659835	0.673357	-0.135819	0.000141447	-0.333309	0.117064	0.156506	-0.0556151	0.199975	-0.126741	-0.259524	-0.155007	0.0711323	-0.290984
-6.34696	3.85678	0.0284403	-0.505825	0.482017	-0.0242228	0.108286	-0.464838	0.193053	0.225914	0.033296	0.128935	-0.170941	-0.209668	-0.0782059	-0.0611102	-0.351834
-6.32035	3.70043	-0.13301	-0.567156	0.598139	-0.0848724	-0.0652654	-0.299968	0.331656	0.100494	-0.059221	0.172108	-0.0450823	-0.189147	-0.0376775	-0.11827	-0.370807
-6.11718	3.79226	-0.39784	-0.741089	0.732682	-0.222141	-0.279986	-0.331044	0.154841	0.0844944	-0.195	0.133756	-0.08634	-0.170692	-0.149219	-0.112601	-0.239408
-6.01707	3.76494	-0.451898	-0.599263	0.748625	-0.114873	-0.321849	-0.27698	0.129814	0.10323	-0.167991	0.141083	-0.110916	-0.160541	-0.171598	-0.0738373	-0.242301
-6.30812	3.69061	-0.444313	-0.635581	0.754201	-0.156139	-0.249158	-0.436555	0.172019	0.109605	-0.276753	0.194427	-0.141114	-0.196109	-0.162412	-0.0820846	-0.292982
-6.5484	3.60311	-0.285435	-0.705257	0.797377	0.00462321	-0.358646	-0.446147	0.291194	0.136212	-0.230077	0.242693	-0.0744908	-0.240858	-0.0112681	-0.103291	-0.344012
-6.62766	3.47087	-0.244369	-0.685731	0.788687	0.0124133	-0.349996	-0.486041	0.317211	0.169281	-0.202846	0.201083	-0.041481	-0.217877	-0.0322977	-0.0853482	-0.258079
-6.68857	3.27131	-0.267812	-0.597972	0.686188	0.0341717	-0.356586	-0.524412	0.314748	0.26048	-0.146935	0.158405	0.0050803	-0.14138	-0.110231	-0.0626619	-0.105747
-7.26889	2.48113	-0.116327	-0.160399	0.588859	0.101421	-0.465203	-0.389562	0.150744	0.345051	0.00822448	0.144019	0.11493	-0.00165937	-0.0459012	-0.126853	-0.0226673
-7.60456	2.19955	-0.0616304	-0.0485484	0.709751	0.395627	-0.416415	-0.162163	0.0520616	0.22967	-0.168847	0.076558	0.0971126	0.0298717	-0.120963	-0.187911	0.124854
-7.96312	2.04754	0.115516	-0.0271594	0.747186	0.591102	-0.321046	0.00683478	-0.0287494	0.0786145	-0.309554	0.0372261	0.0307619	-0.0424038	-0.135621	-0.131216	0.22786
-8.40221	1.97074	0.328391	0.180101	0.681675	0.593712	-0.343467	0.0549746	-0.0510738	0.13336	-0.211022	0.0569098	0.0903141	0.00138485	-0.077465	-0.0977356	0.294228
-8.92859	1.63441	0.538292	0.607314	0.669193	0.398587	-0.187771	0.0605958	0.0695858	0.220917	0.0565201	0.19201	-0.0904506	0.0151832	0.0267666	0.0188011	0.260473
-9.28508	1.55677	0.620764	0.64391	0.604732	0.375292	-0.0302978	0.0650846	0.0892713	0.165142	0.0645738	0.118131	0.0309211	0.233136	0.226903	0.0546648	0.157654
-9.56986	1.6908	0.57389	0.639984	0.67214	0.381418	0.0834439	0.0438988	0.156106	0.19874	0.149966	0.117838	0.114374	0.128163	0.124709	0.0164547	0.114838
-9.72326	1.49508	0.427048	0.634759	0.778345	0.499029	0.176524	0.122344	0.293712	0.292005	0.206118	0.0706009	0.0813032	0.152549	0.000230318	-0.097478	0.0855205
-9.70334	1.39104	0.565448	0.521504	0.51481	0.496732	0.135379	0.180182	0.287535	0.234015	0.157943	0.0356519	0.173357	0.192253	0.0801221	-0.0288274	0.101729
-9.91012	1.14279	0.502076	0.546052	0.610248	0.595989	0.000802016	0.171622	0.249353	0.200449	0.101484	0.00131981	0.124321	0.141353	0.0108724	0.00642549	0.0910613
-10.0953	1.15148	0.499269	0.43726	0.509706	0.503393	0.155654	0.174506	0.235641	0.245924	0.0454329	0.0569868	0.135877	0.115068	-0.00229053	0.00928047	0.0993739
-9.92918	1.31663	0.496661	0.366608	0.389963	0.309895	0.140674	0.21251	0.286304	0.22491	0.0396028	0.0988027	0.170665	0.165645	0.0528886	0.0801084	0.168132
-9.00021	1.94429	-0.0999549	0.261882	0.478274	0.0823415	0.0543583	0.30681	0.0532148	-0.0205086	0.242081	0.182927	0.0493871	0.183253	0.160766	0.0919002	0.140425
-7.71807	2.25876	-0.510199	0.174737	0.23683	-0.0419148	-0.255973	0.465325	0.0816122	-0.291049	0.383833	0.105662	0.171609	0.215083	0.000732882	0.196929	0.00390008
-6.92091	2.27728	-0.459393	0.317154	0.203822	0.0543975	-0.305906	0.508135	0.106651	-0.305104	0.422345	0.159357	0.139904	0.2515	-0.106091	0.138983	-0.106768
-6.64112	2.23131	-0.264915	0.578604	0.122318	0.0166685	-0.239318	0.539689	0.168829	-0.201875	0.518424	0.225839	0.0971494	0.253148	-0.212201	0.076185	-0.215657
-6.92341	2.10336	-0.0153428	0.874372	0.0468234	-0.109799	-0.266415	0.535591	0.225028	-0.0617029	0.542791	0.219659	0.090701	0.251363	-0.23118	0.0547229	-0.156848
-7.35843	1.84831	0.00356532	1.01355	0.108891	0.0125904	-0.262684	0.373729	0.256407	-0.131368	0.464955	0.295353	0.0877084	0.188518	-0.0691207	0.0824324	-0.0179713
-7.37699	1.84508	-0.310617	0.756722	0.123696	0.059899	-0.120678	0.288716	0.291339	-0.152325	0.185387	0.159397	0.159503	0.20574	0.0733105	0.171522	0.0923452
-7.37498	1.93536	-0.506444	0.727626	0.0762094	-0.0286476	-0.0450386	0.425936	0.369746	-0.0832866	0.151855	0.0591704	0.120211	0.272738	0.0742054	0.0949371	0.11354
-7.44388	1.99865	-0.483581	0.652632	0.108592	-0.132169	0.0635741	0.478606	0.38644	-0.11351	0.128664	0.0610283	0.0489157	0.308149	0.0449057	0.0464975	0.201546
-7.60638	1.96563	-0.366204	0.58331	0.0281084	-0.311545	0.0370846	0.414024	0.318114	-0.135535	0.115624	0.088597	-0.0853754	0.20182	0.116631	0.105318	0.195973
-7.95619	2.13397	-0.33956	0.747307	-0.000907234	-0.226422	-0.123147	0.359188	0.364545	-0.158485	0.192317	0.113026	-0.0728178	0.224641	0.103767	0.134289	0.231745
-8.26118	1.99608	-0.128252	0.754517	0.189692	-0.106263	0.00446892	0.450696	0.353415	-0.11144	0.252485	0.209886	-0.0343999	0.233293	0.0447056	0.13381	0.216681
-8.79061	1.72784	0.00134425	0.679828	0.327011	-0.0359566	0.215379	0.571853	0.405619	-0.0294099	0.156659	0.210741	0.00546271	0.255065	0.0642573	0.0805315	0.191476
-9.39375	1.56686	0.251124	0.496544	0.306105	-0.0187191	0.152713	0.51411	0.389065	0.0683805	0.225264	0.228543	0.082148	0.316351	0.175128	0.0246843	0.0228888
-10.0277	1.36642	0.643901	0.542143	0.317515	0.114442	0.201924	0.475238	0.422336	0.260203	0.291491	0.267823	0.206242	0.220401	0.178749	0.106944	0.0835834
-10.2624	1.22363	0.675629	0.422217	0.344611	0.304691	0.290444	0.346087	0.303062	0.298211	0.256949	0.182742	0.177182	0.102861	0.138985	0.173996	0.0810409
-10.1893	1.17929	0.605167	0.386088	0.283091	0.244913	0.256415	0.219641	0.206353	0.244189	0.152966	0.135212	0.0941146	0.0865467	0.154783	0.128339	0.0524026
-10.1583	1.22829	0.622186	0.375262	0.32454	0.302836	0.239601	0.236162	0.248151	0.266013	0.168186	0.192921	0.103204	0.147938	0.179945	0.145082	0.0949856
-9.97086	1.33563	0.606167	0.423485	0.379638	0.332018	0.251284	0.231615	0.235041	0.25135	0.155033	0.21531	0.158881	0.192128	0.155727	0.130263	0.118651
-10.1433	1.28863	0.694052	0.493454	0.457957	0.471551	0.322184	0.235302	0.285284	0.30454	0.244125	0.265546	0.162163	0.191376	0.190665	0.16031	0.158326
-10.0416	1.33572	0.678389	0.491662	0.409572	0.40017	0.314771	0.257746	0.252967	0.284454	0.268384	0.22031	0.166587	0.183028	0.20603	0.156553	0.145425
-9.88703	1.3394	0.598633	0.448932	0.40782	0.338383	0.274519	0.252056	0.229278	0.281528	0.233973	0.203491	0.175717	0.189532	0.190676	0.177869	0.16619
-10.0213	1.33038	0.633404	0.493616	0.478568	0.386871	0.282806	0.240377	0.287669	0.29205	0.221243	0.196195	0.200205	0.1758	0.154767	0.176566	0.13209
-9.97873	1.34408	0.594556	0.43893	0.394285	0.321921	0.275817	0.215834	0.262967	0.218249	0.210866	0.166594	0.220291	0.170422	0.167118	0.163357	0.130952
-9.94381	1.35922	0.603117	0.455585	0.411664	0.305283	0.30284	0.277082	0.27468	0.214863	0.188714	0.147575	0.186828	0.154802	0.156323	0.144022	0.133468
-10.1239	1.3054	0.595001	0.410639	0.423443	0.33608	0.298641	0.286826	0.26501	0.246894	0.220645	0.20271	0.200133	0.169987	0.154315	0.156041	0.151909
-10.1955	1.21659	0.583903	0.378663	0.374934	0.278896	0.264015	0.249884	0.227804	0.176065	0.212372	0.208715	0.2001	0.181103	0.150034	0.163899	0.133134
-10.0968	1.25877	0.586388	0.375779	0.320501	0.254641	0.218245	0.158905	0.206648	0.21515	0.231363	0.194635	0.185834	0.167399	0.143341	0.152693	0.142473
-10.0538	1.27642	0.553164	0.380707	0.311999	0.271632	0.217255	0.184199	0.22496	0.249194	0.249535	0.186491	0.175746	0.213875	0.150866	0.100434	0.13418
-10.168	1.24093	0.567021	0.423422	0.393033	0.383956	0.263484	0.192323	0.201546	0.331186	0.285354	0.240687	0.195178	0.235186	0.127624	0.0927024	0.164505
-10.0743	1.30939	0.582626	0.437466	0.420592	0.375201	0.270342	0.254263	0.18347	0.281337	0.222026	0.189781	0.173292	0.226309	0.151553	0.10745	0.150938
-10.0821	1.26365	0.604389	0.452283	0.396599	0.365125	0.260025	0.289046	0.196308	0.235052	0.217181	0.215189	0.219906	0.152228	0.0905152	0.0882283	0.113248
-10.3139	1.16939	0.626381	0.419296	0.412439	0.410431	0.259558	0.261899	0.175836	0.246264	0.183005	0.154096	0.235142	0.2105	0.19244	0.19651	0.211616
-10.2006	1.22609	0.607421	0.356651	0.391285	0.373374	0.230542	0.234919	0.179585	0.25075	0.211369	0.203264	0.204561	0.158476	0.176245	0.186725	0.16809
-9.80101	1.3777	0.586493	0.452426	0.369357	0.289218	0.2508	0.229943	0.217486	0.206995	0.184175	0.135973	0.163237	0.155079	0.14897	0.100921	0.122492
-8.91619	1.43431	0.408838	0.378891	0.234917	0.189393	0.160149	0.142843	0.137918	0.100106	0.105699	0.0759418	0.0754521	0.0750186	0.066844	0.0182084	0.0612046
