-10.4443	0.916688	0.46238	0.301829	0.258355	0.164377	0.01469	0.116557	0.157549	0.200003	0.168448	0.269615	0.320949	0.228645	0.151641	0.0617442	0.0608854
-10.2987	1.01067	0.475283	0.305932	0.260048	0.224357	0.104868	0.19561	0.214305	0.226768	0.23774	0.264026	0.258692	0.198281	0.127571	0.0590239	0.0629446
-10.4217	1.04447	0.52164	0.420516	0.35906	0.347287	0.269015	0.191025	0.190061	0.235353	0.255092	0.191511	0.140249	0.142122	0.165857	0.0864406	0.0912327
-10.3781	1.06997	0.523698	0.416347	0.386998	0.33956	0.311462	0.170339	0.179245	0.22998	0.239635	0.240613	0.136584	0.142956	0.223098	0.144499	0.0600651
-10.3919	1.07077	0.55455	0.396463	0.459761	0.332531	0.227284	0.141352	0.150722	0.174467	0.213895	0.254487	0.154079	0.141937	0.11287	0.15314	0.0656991
-10.3134	1.16677	0.679166	0.457514	0.420966	0.292546	0.235287	0.206055	0.120398	0.117007	0.172484	0.191448	0.15727	0.198957	0.0919372	0.145343	0.0969342
-10.213	1.17628	0.606569	0.433265	0.354688	0.296187	0.254596	0.216394	0.188405	0.209004	0.227336	0.185546	0.120459	0.223912	0.180598	0.138095	0.162296
-10.2699	1.14466	0.586017	0.419632	0.350709	0.318204	0.277732	0.252013	0.213008	0.196107	0.233298	0.185015	0.138206	0.198453	0.195492	0.167109	0.214341
-10.3101	1.1294	0.583185	0.43081	0.398736	0.32759	0.261152	0.258363	0.263795	0.236738	0.205453	0.170625	0.161386	0.179657	0.173062	0.165802	0.137069
-10.223	1.17144	0.528647	0.394542	0.319334	0.290387	0.275011	0.243981	0.267937	0.243011	0.188143	0.187287	0.165782	0.181676	0.183193	0.167562	0.104821
-10.1772	1.2703	0.558008	0.449757	0.352788	0.291782	0.294706	0.262665	0.246844	0.23246	0.166597	0.206697	0.177368	0.198731	0.219336	0.13513	0.109976
-10.2295	1.23358	0.602333	0.507033	0.370527	0.285078	0.304457	0.249791	0.281067	0.273921	0.229883	0.257633	0.178812	0.162832	0.279614	0.179408	0.136977
-10.0921	1.25925	0.601751	0.435114	0.339729	0.297646	0.332875	0.302947	0.270851	0.25226	0.188483	0.181471	0.142391	0.181895	0.239873	0.151569	0.130334
-10.155	1.22422	0.662397	0.424514	0.368459	0.337034	0.275077	0.301359	0.298159	0.250593	0.199874	0.161003	0.0923387	0.10849	0.170377	0.174763	0.193257
-10.3469	1.0837	0.6861	0.451347	0.436855	0.363344	0.197928	0.262409	0.305138	0.212407	0.197172	0.215395	0.271811	0.201956	0.171583	0.179861	0.216627
-10.1609	1.15291	0.566072	0.369091	0.38327	0.325089	0.199488	0.232879	0.182209	0.197306	0.208803	0.20993	0.228297	0.182095	0.208266	0.150741	0.143918
-10.1069	1.24164	0.586131	0.410559	0.357832	0.297257	0.190468	0.214881	0.210469	0.230487	0.20827	0.212576	0.189359	0.157754	0.206723	0.138804	0.109948
-10.2751	1.20511	0.637385	0.457357	0.432004	0.354459	0.237771	0.198492	0.190762	0.228612	0.262614	0.284491	0.197122	0.162813	0.154378	0.167276	0.130365
-10.0806	1.27065	0.595586	0.431183	0.371424	0.28622	0.273924	0.314208	0.274249	0.251777	0.249908	0.243426	0.177639	0.198132	0.135425	0.173708	0.166434
-10.0319	1.27767	0.570343	0.469621	0.364441	0.313545	0.2685	0.277683	0.257005	0.238745	0.216553	0.189613	0.155365	0.217118	0.142544	0.163379	0.203383
-10.2406	1.14287	0.594309	0.487372	0.388584	0.356472	0.259416	0.236035	0.272311	0.220378	0.231162	0.195502	0.158982	0.23245	0.181338	0.185356	0.128861
-10.0081	1.25961	0.525425	0.374918	0.341529	0.277809	0.245216	0.2348	0.226713	0.198048	0.188535	0.226764	0.164256	0.215763	0.164853	0.158053	0.147958
-10.0875	1.2115	0.556076	0.362177	0.37563	0.302417	0.287046	0.254039	0.212507	0.176618	0.176556	0.228846	0.128384	0.203406	0.0961679	0.104546	0.201967
-10.2123	1.1805	0.572519	0.391238	0.401954	0.303236	0.241054	0.255708	0.193136	0.133682	0.199329	0.250051	0.180518	0.190327	0.135216	0.1337	0.216181
-10.1592	1.23584	0.575067	0.377717	0.345197	0.297416	0.203557	0.23613	0.21435	0.192412	0.202082	0.18372	0.167678	0.149056	0.172399	0.154766	0.144268
-10.2101	1.19182	0.583176	0.39691	0.327792	0.306004	0.222296	0.222027	0.20492	0.19836	0.188182	0.169695	0.188783	0.191688	0.167796	0.134949	0.126041
-10.3854	1.08627	0.584419	0.466231	0.381524	0.256453	0.179574	0.242458	0.2445	0.230188	0.25501	0.206996	0.225614	0.233839	0.17781	0.127925	0.178006
-10.4321	1.06526	0.584478	0.475363	0.354587	0.266038	0.260212	0.271654	0.212176	0.256879	0.305495	0.239083	0.152595	0.175877	0.237479	0.181927	0.177748
-10.4004	1.10169	0.599192	0.50032	0.420516	0.275774	0.21533	0.168379	0.146236	0.249222	0.264157	0.220913	0.156055	0.161802	0.179561	0.101101	0.10651
-10.3356	1.16136	0.637806	0.466153	0.451678	0.284284	0.209201	0.150968	0.185871	0.21776	0.208373	0.163667	0.162888	0.154794	0.133824	0.10067	0.106372
-10.4633	1.01533	0.614166	0.478358	0.515837	0.326345	0.238724	0.266559	0.266872	0.206923	0.144757	0.0944857	0.0967092	0.159355	0.168215	0.152248	0.0917713
-10.3804	1.02734	0.539764	0.462985	0.499676	0.304127	0.214645	0.335114	0.299292	0.270444	0.194739	0.175443	0.147439	0.134371	0.172434	0.10368	0.0809583
-10.3085	1.16263	0.659335	0.496484	0.496508	0.334896	0.242949	0.271214	0.244922	0.219111	0.121745	0.212091	0.168892	0.0897384	0.15731	0.0737976	0.127776
-10.4139	1.08161	0.631409	0.436626	0.450575	0.392416	0.21435	0.125645	0.193493	0.26599	0.21948	0.255715	0.239164	0.206363	0.277115	0.138811	0.158952
-10.3295	1.11194	0.576842	0.411452	0.344773	0.340524	0.209273	0.116141	0.163697	0.223695	0.234915	0.15426	0.153355	0.196204	0.192841	0.157361	0.200021
-10.2531	1.10417	0.553752	0.450688	0.39237	0.347432	0.244097	0.199577	0.200505	0.198477	0.235826	0.178594	0.162827	0.174566	0.104135	0.147924	0.168382
-10.1526	1.18424	0.555372	0.438175	0.387821	0.275029	0.261384	0.25821	0.258332	0.193418	0.155336	0.126919	0.183821	0.143249	0.064755	0.125308	0.155262
-10.1757	1.19711	0.575469	0.412695	0.314293	0.259918	0.299319	0.243387	0.25335	0.25543	0.234958	0.209759	0.226884	0.120811	0.0393924	0.120473	0.127606
-10.2873	1.10926	0.577834	0.45185	0.349644	0.275912	0.280803	0.249024	0.198845	0.240778	0.217592	0.190332	0.219759	0.203094	0.121795	0.0684679	0.108037
-10.0954	1.24334	0.582719	0.417577	0.353932	0.287318	0.225497	0.262697	0.21905	0.259401	0.175851	0.159366	0.195362	0.190009	0.131103	0.0507607	0.130379
-9.95298	1.3348	0.574278	0.398226	0.357813	0.301603	0.241194	0.252393	0.171582	0.249254	0.169478	0.150796	0.171804	0.186014	0.137762	0.0974578	0.149451
-10.0184	1.15975	0.551099	0.562996	0.348439	0.367389	0.344119	0.272906	0.249039	0.281133	0.231453	0.235618	0.183715	0.17379	0.144969	0.134449	0.154557
-9.27416	0.845102	0.00998128	0.945331	0.174337	0.415415	0.451357	0.305398	0.357552	0.129335	0.220144	0.39197	0.140898	0.167718	0.24384	0.151559	0.106589
-8.66767	0.69442	-0.267909	0.936587	0.123724	0.571291	0.43913	0.364388	0.218585	-0.0300032	0.0810208	0.413951	0.249814	0.168027	0.216914	0.084134	0.141225
-6.73364	1.67063	-1.03471	0.162973	0.135935	0.347463	0.219855	0.325575	0.0704814	-0.223866	-0.108868	0.254858	0.198504	-0.00218862	0.0564751	0.10053	0.0752435
-5.80635	1.57083	-1.08556	0.0446413	0.127084	0.304201	0.243309	0.280124	0.0423247	-0.387628	-0.135171	0.182864	0.21976	-0.0769571	-0.0739302	0.100377	0.0194981
-5.45679	1.29134	-1.05602	0.0943997	0.0618504	0.387834	0.278055	0.319986	0.0383734	-0.469203	-0.102502	0.0817872	0.149787	-0.120547	-0.188318	0.101282	-0.108684
-5.17722	1.04896	-1.26496	0.445548	0.259751	0.4692	0.45626	0.227424	0.00507166	-0.528004	-0.142139	-0.0616599	-0.0693977	-0.0454186	-0.194875	0.0503962	-0.0446161
-4.85649	1.05809	-1.17475	0.800264	0.371589	0.463541	0.372178	0.0592595	0.0563292	-0.48159	0.0320696	0.180009	0.100431	0.0555214	-0.26964	-0.0956336	-0.0111892
-5.1977	0.671567	-1.02219	0.547266	0.253983	0.41934	0.116313	-0.0384967	0.164129	-0.722308	-0.0216154	-0.184652	0.0998423	0.352596	-0.12604	0.153295	-0.0886576
-4.73434	2.05379	-0.307894	0.727065	0.588732	0.38703	0.073159	0.107864	0.585815	-0.0888326	-0.138856	-0.194859	-0.256008	-0.192079	-0.121006	0.670747	0.277482
-4.34598	2.59448	0.143574	0.537567	0.0726314	0.333364	0.0538143	0.299734	0.292757	-0.0488906	0.103892	-0.30329	0.0311134	-0.135109	-0.0973196	0.066931	-0.00362527
-4.59119	2.73516	0.342431	0.56753	0.213314	0.341009	-0.287427	-0.104215	0.210799	0.0965163	0.0695921	0.0778909	-0.0557594	-0.0369772	-0.323682	-0.134118	-0.114149
-4.70072	2.80966	0.556321	0.573422	0.130593	0.322371	-0.29392	-0.257481	0.243816	-0.0143416	0.0784304	0.152738	-0.185143	0.173044	-0.235789	-0.462816	-0.101827
-4.50894	2.63351	0.3542	0.690157	0.423295	-0.0695062	-0.154776	-0.185262	0.277781	-0.193859	0.177235	0.076314	0.00276961	0.0321589	-0.0739191	-0.587941	-0.271218
-4.62285	2.74853	0.374796	0.718178	0.558481	0.157784	-0.350775	-0.275054	0.101646	-0.101039	0.116996	0.272222	0.0337724	-0.0528094	0.0130956	-0.652382	-0.26937
-4.47398	2.32774	0.750471	0.685948	0.327207	0.122959	-0.290642	-0.348486	0.171114	-0.235896	0.114452	0.417114	-0.116072	0.124827	0.0348312	-0.705066	-0.486998
-4.59792	2.56838	0.494433	0.944131	0.544041	-0.033057	-0.201525	-0.396984	0.119773	-0.102409	-0.0170095	0.211436	0.286798	-0.0188507	-0.0869827	-0.574962	-0.343843
-4.60414	2.48739	0.584562	1.06606	0.517367	-0.0588074	-0.292058	-0.237578	-0.00836213	-0.0817428	0.0472768	0.169645	0.252949	0.0445947	-0.0410351	-0.651474	-0.215738
-4.61225	2.77865	0.452926	0.917065	0.541099	0.127161	0.0044168	-0.242955	-0.057637	-0.0676119	0.0664822	-0.0343438	0.0166978	0.063115	0.0278908	-0.213209	-0.100335
-4.02709	2.91399	0.0125063	0.571055	0.00880134	0.110011	0.190735	0.133222	0.357256	-0.0639817	0.0537188	-0.0189912	-0.39074	0.118384	-0.116817	-0.102388	0.0677587
-3.55708	2.57671	-0.183289	0.677596	-0.404977	0.155503	0.17794	-0.127385	0.442998	-0.234595	-0.290535	0.223366	-0.237838	0.25797	-0.354552	0.0976204	-0.159211
-3.89852	2.85823	0.180093	0.0150088	-0.017805	0.291365	-0.0244652	0.102033	0.513165	-0.341915	-0.146366	0.30983	-0.30955	0.0985581	0.00971291	-0.0778777	-0.191489
-3.59578	2.33509	0.0238694	0.57333	-0.372264	0.445773	0.108295	0.0947785	0.526416	-0.430278	0.0453203	0.122206	-0.0735063	-0.00131491	-0.044816	-0.0531283	-0.157417
-3.53228	2.35373	-0.288265	0.5734	-0.317735	0.368721	0.15901	-0.0657834	0.323958	-0.176976	-0.140386	0.22781	-0.217953	0.15109	-0.295276	0.154736	-0.251806
-3.53899	2.10323	-0.178571	0.875383	-0.11712	-0.0849127	-0.115063	0.172109	0.845749	-0.341556	-0.310263	0.0629304	-0.0183333	0.487414	-0.186734	0.0577749	-0.573551
-3.85247	2.29846	-0.281382	0.782246	-0.143544	0.15011	-0.036337	-0.241179	0.507288	-0.089854	0.130021	-0.151955	-0.280621	-0.236559	-0.150422	0.335846	-0.0907834
-3.8861	2.44105	-0.434838	1.05444	-0.257017	0.205858	-0.0441464	0.105834	0.456897	-0.0482891	0.0866642	0.100626	-0.278028	-0.0652804	-0.0447607	0.132669	-0.0668765
-3.95849	2.20003	-0.0405709	0.910702	-0.184644	0.201131	-0.144826	0.177487	0.429743	-0.0381279	0.0620545	-0.0409146	0.0265652	-0.137575	-0.0011688	0.0190203	-0.12182
-4.13511	2.24193	-0.116092	0.874659	-0.296544	0.185807	-0.130685	0.132478	0.0250879	-0.158644	0.198444	-0.0744096	0.0918349	-0.30702	-0.00138282	0.114006	-0.394741
-4.23594	2.12954	-0.26958	0.881691	-0.365179	-0.030712	-0.0957235	-0.255741	0.0179721	-0.23888	0.0250582	0.0465495	-0.20749	-0.209736	-0.130455	-0.014394	-0.527503
-4.50919	2.10248	0.202483	1.09304	-0.55784	0.00947663	0.0662244	-0.302125	-0.314855	-0.0884742	0.138099	0.0145026	-0.17275	-0.038131	-0.369628	0.0833713	-0.400024
-4.55547	2.51042	1.05622	1.50561	-0.193733	0.272141	0.387545	0.313331	0.150159	0.484221	0.790998	0.14472	0.143494	0.241255	0.157039	0.428471	0.0594936
-4.7518	2.19557	0.75921	1.4739	-0.108399	0.368703	-0.013048	0.0367659	0.102376	0.244855	0.320918	-0.046344	0.346726	0.403038	0.0201064	0.258464	-0.391224
-5.33725	2.42165	0.961233	1.75607	-0.277006	0.215442	0.323899	0.204379	0.0133107	0.0874865	0.390615	0.152251	0.552156	0.301136	-0.0971159	0.221151	-0.13026
-6.15714	2.09397	1.04905	1.61973	-0.0578584	0.0130444	-0.240244	0.0692561	-0.376611	0.241274	0.280816	-0.035293	0.0431557	-0.105555	-0.10721	0.14717	-0.058346
-7.31775	2.30124	1.52893	1.9226	0.426505	-0.0646928	-0.0964851	0.197689	0.177328	0.630228	0.483714	-0.305341	-0.0436717	0.173473	0.139116	0.660121	0.387259
-8.87281	1.93323	1.11633	1.46242	-0.321332	-0.657531	-0.504241	-0.334784	-0.462603	-0.471205	-0.177649	-0.454924	-0.251872	-0.333438	-0.590491	-0.237456	-0.221031
-8.0387	1.9373	0.901738	0.747237	0.288645	0.227796	0.0647118	0.0299929	-0.0479031	-0.000107454	0.00726335	-0.11013	0.0659601	0.0249487	0.00809359	0.163534	0.0979344
-8.21842	1.80795	0.775055	0.595683	0.368297	0.266916	0.118192	0.0798241	0.0197422	0.0247837	0.00407362	0.0142806	0.0551792	0.0146898	0.0676324	0.0837457	0.0762044
-8.47046	1.77587	0.741119	0.618391	0.389838	0.261922	0.119248	0.116294	-0.0166459	-0.0231225	-0.0266476	-0.0419451	0.025303	0.0147442	0.0775286	0.0689069	0.0954781
-9.17186	1.8521	0.908967	0.820811	0.546487	0.343231	0.208162	0.203191	-0.178701	-0.0439477	0.0866411	-0.0388441	-0.0153399	-0.0362905	0.0525039	0.0526955	0.0951457
-9.3482	1.77898	0.864575	0.799601	0.559874	0.292339	0.227004	0.221452	-0.0963047	0.0248166	0.161546	0.0439447	-0.00521841	0.00522952	0.0468915	0.0426115	0.0622195
-9.25769	1.73282	0.75151	0.614261	0.470788	0.380323	0.272271	0.217796	0.141658	0.145583	0.119011	0.0746461	0.0349858	0.0214062	0.0517018	0.0161026	-0.016942
-9.426	1.58303	0.797757	0.696235	0.451091	0.368163	0.242644	0.274121	0.148181	0.0931455	0.166239	0.112271	0.0816756	0.0210183	0.0507193	0.0192226	-0.0241093
-9.28511	1.39463	0.465132	0.776213	0.513379	0.28359	0.21587	0.439465	0.227696	-0.0418694	0.254936	0.181277	0.0382158	-0.0106592	0.126235	0.101832	-0.0234259
-9.00753	1.05639	0.00443897	1.02346	0.660071	0.443101	0.192811	0.419741	0.261898	-0.107096	0.389704	0.215568	0.0153909	-0.0523949	0.0499386	0.169548	-0.133351
-8.7597	1.1198	0.0324852	0.903236	0.544622	0.339408	0.0794792	0.469532	0.218326	-0.0737282	0.345009	0.16448	0.0455223	-0.00756352	0.0803658	0.205967	-0.0988619
-9.12017	1.08692	0.23779	0.838193	0.617916	0.34436	0.0107387	0.530706	0.239492	-0.0133514	0.184293	0.130838	0.0956522	0.0128718	0.0083782	0.127721	-0.0753792
-9.45036	1.1061	0.451436	0.759153	0.615891	0.434969	0.0194446	0.428254	0.269947	0.00391793	0.152316	0.138936	0.113857	-0.0125338	-0.053702	0.112429	-0.0167362
-8.27858	1.42698	-0.417069	0.228758	0.783929	0.655749	-0.162141	-0.14172	0.347654	0.00841456	0.222229	0.0368154	0.0631556	-0.0954879	0.0915929	-0.062523	0.159209
-6.67259	1.30907	-0.791649	0.217259	0.370929	0.500866	-0.131989	-0.209161	0.309492	-0.00888645	0.216609	-0.175015	0.043819	-0.0873839	0.0385623	-0.0880593	0.203933
-5.73086	1.09797	-0.892764	-0.0277734	0.0688482	0.447355	-0.0775974	-0.131802	0.179623	0.0538302	0.237778	-0.0919522	-0.0245113	-0.0872922	-0.0229555	-0.0865251	0.0613397
-5.01174	1.14732	-0.857741	-0.121806	-0.133954	0.208981	-0.256856	-0.179055	0.152349	0.0314976	0.181362	-0.0698706	-0.0358577	-0.142822	-0.0686085	-0.164132	-0.106556
-4.61669	1.30932	-0.629616	-0.0100877	0.0168421	0.184478	-0.253264	-0.182902	0.13193	0.0368589	0.211189	-0.0172669	0.150394	-0.0166953	0.00641371	-0.0861943	-0.0897304
-4.77074	1.39474	-0.449296	-0.0804965	0.137224	0.175276	-0.291296	-0.184717	0.147201	0.140766	0.323313	0.0210073	0.187388	-0.0285906	0.0382438	-0.0253997	-0.0252137
-5.22897	1.07088	-0.27381	0.0492682	0.239873	0.195619	-0.286401	-0.227604	0.0903711	0.123988	0.300614	0.0378877	0.223075	-0.0132252	-0.016965	-0.0547173	-0.0585141
-5.19282	0.72378	-0.463331	0.0699789	0.359211	0.344508	-0.163769	-0.156141	0.208039	0.022633	0.250543	-0.000943207	0.202628	-0.0366801	-0.103316	-0.0330629	-0.0159711
-4.94239	1.00367	-0.268606	0.125845	0.243304	0.17123	-0.334569	-0.17697	0.225637	0.123033	0.318943	0.0266773	0.213715	0.00704462	-0.0938963	0.0306395	0.0164369
-4.89456	1.01594	-0.285677	0.149989	0.228447	0.122081	-0.339751	-0.247143	0.174639	0.202819	0.287474	0.0637184	0.256318	-0.0494932	-0.0428611	0.0759417	0.109316
-4.97796	0.980505	-0.525478	0.101705	0.296374	0.146956	-0.241627	-0.165938	0.250264	0.196158	0.253117	0.00922314	0.332202	-0.118001	0.0858324	0.23272	0.117265
-5.1565	1.03203	-0.597013	0.140938	0.136433	0.173592	-0.165694	0.012997	0.378168	0.192276	0.124534	0.0911248	0.44811	-0.0446566	-0.105834	0.194022	0.0427313
-5.39887	0.968584	-0.582389	0.325661	-0.000602146	0.103519	0.0499096	0.393571	0.50462	0.421668	0.276936	0.240241	0.423386	-0.0164884	-0.335302	0.0129028	0.13507
-5.26081	1.25561	-0.616838	0.210421	0.0967765	0.332061	-0.00548701	0.135798	0.26486	0.166845	0.021514	0.0796913	0.00994075	0.128157	-0.416911	0.0417227	0.163004
-5.12278	1.92742	0.0374786	0.97676	0.271265	0.306048	-0.1451	-0.314746	0.0621294	0.183119	-0.00642815	-0.112122	-0.0417242	0.025904	-0.389651	0.0796643	0.142157
-4.84148	2.27119	0.509534	1.34023	0.129362	0.153111	0.117441	-0.0195048	0.518857	-0.135647	0.0956727	0.231512	0.390247	0.0768512	-0.343064	0.157283	-0.0123036
-4.58523	2.69305	0.404206	1.46538	0.419108	0.415466	0.493958	0.176945	0.68238	0.170063	0.276722	0.458431	0.518875	0.302321	-0.227142	0.373968	0.206865
-4.75984	2.89144	0.742222	1.82651	0.127024	-0.0100175	0.457775	0.381347	0.687249	-0.129204	0.339241	0.545724	0.332707	0.401429	-0.107196	0.0166586	0.619959
-4.79341	2.98623	0.379563	1.50033	-0.0171522	0.00925985	0.390154	-0.474313	0.469662	-0.22083	0.137953	0.444439	0.0943066	0.220866	-0.214674	0.247485	0.10856
-5.18672	2.75461	0.303825	1.5662	0.0549368	-0.380337	0.0242721	-0.12	-0.0552845	-0.256217	-0.0459995	0.129195	0.110415	0.113175	-0.166142	0.109517	-0.26275
-5.97582	2.71601	0.0620661	1.03721	-0.248824	-0.306536	-0.0173233	-0.495211	-0.446079	-0.375923	-0.0461482	-0.16551	-0.312843	-0.222702	-0.196563	-0.190111	-0.433918
-7.62795	3.06875	0.764863	1.81569	0.105594	-0.16591	0.110425	-0.210964	-0.143052	-0.280215	-0.26818	-0.0224732	-0.0515542	-0.0923183	-0.419372	-0.118704	0.126079
-8.16349	2.94745	1.00537	1.52712	0.130116	-0.275301	0.179824	0.0692097	0.0937739	0.0406738	-0.41366	-0.26254	-0.129953	-0.370346	-0.392162	-0.379833	-0.08266
-7.95944	1.74163	0.33553	1.6108	0.701403	0.249391	0.289547	0.0610527	0.0724296	0.0198928	-0.296032	-0.573572	-0.699021	-0.840594	-0.626191	-0.397657	-0.102264
-8.43155	2.40794	0.99734	1.51891	0.362757	-0.093983	0.324957	-0.102559	-0.205514	-0.0635329	-0.286395	-0.255046	-0.502593	-0.263838	-0.383528	-0.45253	-0.146786
-7.0198	3.08661	0.858876	0.315937	0.389473	0.497817	-0.0218578	0.393783	-0.326013	-0.0528218	0.103229	0.0967316	-0.141154	-0.0347953	0.0392574	-0.0732674	-0.0709941
-6.60628	2.27488	0.703676	0.920345	0.260533	0.395199	-0.0869095	0.058493	-0.584211	-0.453882	0.0341905	-0.255113	-0.0567852	-0.139484	-0.0469802	-0.247751	-0.0112531
-6.24233	2.68135	1.566	0.813795	0.467921	0.190535	-0.0609708	0.206656	-0.302327	-0.180862	0.0460626	0.0352324	0.390043	-0.0270346	-0.070134	0.0700912	-0.0112399
-6.20982	2.73289	1.1937	1.02089	0.581733	-0.0116122	-0.344939	0.016464	-0.516825	-0.245679	-0.0545977	-0.311429	0.152749	-0.120347	0.0193686	-0.13986	-0.135627
-6.32715	3.20958	1.33848	0.764048	0.717076	0.172873	-0.15408	-0.0204093	-0.529372	-0.250804	-0.0752244	-0.00384076	0.0797613	-0.0760321	0.19524	-0.047949	-0.00576897
-6.5942	3.14399	1.60688	0.644343	0.339614	-0.123049	-0.121728	-0.149256	-0.83596	-0.468266	-0.0702445	-0.290008	0.0213484	-0.05764	0.0709415	-0.262519	-0.471009
-6.28147	3.2578	1.28931	0.770621	0.549181	-0.17474	-0.156201	-0.097371	-0.797725	-0.568279	-0.0676334	0.0645461	0.105642	0.0171042	-0.245244	-0.137246	-0.253175
-6.13196	3.32002	1.36238	0.66065	0.664965	-0.111188	-0.0751378	-0.153983	-0.600838	-0.634856	0.0395649	-0.00554258	0.296626	0.024238	-0.20815	-0.0104466	-0.181364
-6.32946	3.32749	1.31255	0.486823	0.433129	-0.033819	-0.437469	-0.372456	-0.588581	-0.881706	-0.0797496	0.0795387	0.152607	-0.155784	-0.30313	-0.419663	-0.302082
-6.21069	3.5453	1.40251	0.42659	0.469111	-0.0991591	-0.0251549	-0.353857	-0.682925	-0.624873	0.0130275	0.231938	0.024196	-0.117292	-0.15202	-0.0494202	-0.291697
-6.20667	3.82944	1.10578	0.674332	0.530545	0.129004	-0.176265	-0.388978	-0.502921	-0.515257	-0.136023	0.456893	0.113259	-0.0966452	-0.215677	0.057886	-0.183109
-5.87201	3.73272	1.17437	0.888841	0.616226	0.0860841	-0.0517297	-0.0447392	-0.530628	-0.512375	0.353715	0.309673	0.14562	0.079479	0.0221901	0.00284166	0.0886699
-5.86329	3.79829	1.31004	0.786213	0.535336	0.167962	-0.000784491	-0.120746	-0.337738	-0.398761	0.197444	0.383408	0.174314	0.0351257	0.0866335	0.100438	0.025594
-5.9063	4.16356	1.65126	1.02316	0.616998	0.408283	0.2896	0.11222	-0.0931027	-0.0191319	0.294014	0.605853	0.542828	0.0506809	0.188874	0.418999	0.393535
-6.10233	4.00417	1.08834	0.801075	0.773319	-0.313493	0.0986885	-0.0147264	-0.267025	-0.338038	-0.00615597	0.354476	0.128292	-0.0199596	0.0328859	0.175645	-0.0975507
-6.02647	3.49074	0.941579	0.694689	0.532848	-0.0905013	-0.461167	-0.0281907	-0.488389	-0.353789	-0.175971	0.016633	0.0923412	-0.14651	-0.0122286	-0.0206418	-0.345242
-5.93328	3.28764	1.12939	0.96601	0.748606	-0.113703	-0.227408	0.134405	-0.430587	-0.279787	0.127147	0.0188143	0.274442	-0.0923194	0.0827726	0.0648059	-0.0717983
-6.14409	2.80628	0.934981	0.748527	0.552478	-0.273901	-0.460605	-0.253952	-0.386807	-0.520446	-0.141462	-0.227226	-0.0486188	-0.237885	-0.054852	-0.225606	-0.291135
-6.7637	2.67361	1.48946	0.815812	0.556123	-0.489074	-0.5215	0.214569	-0.554963	-0.315226	-0.106711	-0.501543	0.251903	-0.515642	-0.0237608	-0.0625409	-0.181195
-6.4703	2.99717	0.502957	0.147613	0.665104	0.0710549	-0.355662	0.0611828	-0.453779	-0.365283	-0.196083	-0.295097	-0.0382531	-0.362798	0.0909979	-0.281171	0.0307065
-7.73113	2.61234	0.855535	0.505074	0.401824	0.331055	-0.172121	-0.234464	-0.621485	-0.730176	-0.184102	-0.491911	-0.22401	-0.328528	0.0469465	-0.320232	-0.0149686
-8.51887	1.97506	0.645226	0.964852	0.568413	0.0236574	-0.560054	-0.28253	-0.521672	-0.763979	-0.41021	-0.564023	-0.574488	-0.586296	0.0237671	-0.211756	-0.132492
-9.45568	2.49076	1.15454	0.878724	0.751582	0.0422925	-0.0953954	-0.270644	-0.801354	-0.471542	-0.31471	-0.475491	-0.0463064	-0.30199	0.057046	-0.138985	-0.182313
-8.4705	1.95828	0.791422	0.633287	0.42166	0.250067	0.0775814	0.00951154	-0.0499531	-0.138353	-0.136168	-0.0885954	-0.0438816	0.0231237	0.0615785	0.104408	0.14888
-8.47269	1.84801	0.75774	0.613051	0.400019	0.272238	0.144802	0.0489495	-0.0158473	-0.049924	-0.0595786	-0.0600741	-0.0284076	0.00926152	0.0525645	0.0812677	0.100612
-8.8799	1.77815	0.712027	0.584901	0.385621	0.267154	0.156052	0.0815323	0.0157502	-0.028194	-0.0503571	-0.0468749	-0.0294676	-0.00086288	0.0238121	0.0487719	0.0566613
-9.41303	1.70903	0.725401	0.588379	0.403872	0.28296	0.159528	0.112392	-0.0905491	-0.110936	-0.0486549	-0.0286633	-0.101095	-0.088665	-0.0593365	0.0046582	0.0214703
-9.63016	1.53742	0.731649	0.63715	0.374275	0.361644	0.224179	0.127806	-0.224144	-0.129246	0.0305365	0.00081054	-0.129091	-0.116099	-0.169415	-0.0738342	0.0506526
-9.49521	1.49769	0.670528	0.683931	0.37527	0.274119	0.291321	0.189311	-0.0259788	0.054099	0.0486012	-0.00165568	0.000552336	0.0288772	-0.0231196	0.0442416	0.111929
-9.47195	1.51714	0.703799	0.67916	0.370628	0.320925	0.319493	0.212523	0.124965	0.122477	0.0719059	0.0356047	0.039952	0.0382874	0.0210154	0.0184157	0.0993491
-9.43959	1.58079	0.71405	0.642795	0.396356	0.377654	0.312532	0.185053	0.208423	0.164666	0.0487679	0.0473118	-0.0177145	0.000226753	0.0292725	-0.0177499	0.0274081
-7.55179	1.99272	-0.136646	0.662887	0.178109	0.411909	0.263273	0.045484	0.101544	-0.00346674	0.357123	0.224713	-0.00932157	0.216306	-0.123021	-0.211292	-0.125376
-6.30801	2.20474	-0.269421	0.755525	0.0245659	0.509214	0.249957	0.0206104	-0.106951	0.0608581	0.311084	0.308708	-0.0810317	0.161807	-0.131893	-0.245674	-0.117694
-5.64071	2.60525	-0.376915	0.69923	0.0719698	0.34616	0.303506	-0.156586	-0.0552014	-0.108756	0.0413041	0.00558309	-0.378133	0.218379	-0.104328	0.180935	0.338993
-6.23676	2.41519	0.517705	0.685115	0.307748	0.605412	0.0589169	-0.433165	-0.112936	-0.0388184	-0.197117	0.645302	-0.0252269	-0.283061	-0.146772	-0.0989452	-0.08307
-4.72951	3.45356	0.456903	0.390294	-0.659085	0.368395	0.326708	-0.365922	0.148171	-0.306607	0.0415926	0.260113	0.0118872	-0.101885	-0.0405206	-0.0442722	0.134894
-4.51527	3.44074	0.535066	0.0872945	-0.583721	0.334474	0.111352	-0.219102	-0.0278028	-0.250206	-0.00475308	0.291749	-5.9194e-05	0.0239802	-0.0432642	-0.109324	0.194906
-4.45599	3.35315	0.682725	0.07105	-0.606321	0.341478	0.376016	-0.0168842	-0.068757	-0.184795	-0.194958	0.355872	0.128517	0.00103529	0.0156157	-0.260841	0.354446
-4.33413	3.0925	0.786693	0.00294476	-0.648677	0.443747	0.228345	-0.0366053	-0.065904	-0.235394	-0.156486	0.331607	0.067688	0.0996186	-0.000973363	-0.22821	0.186125
-4.43441	3.15455	0.758851	0.0884077	-0.680096	0.407862	0.312647	-0.0320131	-0.0606519	-0.283264	-0.206766	0.394841	0.0100504	0.175205	-0.0339712	-0.142765	0.110567
-4.49195	3.15171	0.957383	-0.00137814	-0.552121	0.360429	0.345523	-0.0186645	-0.0889357	-0.187486	-0.212984	0.324842	0.124574	0.0900725	0.171597	-0.332033	0.201452
-4.51559	3.12196	0.853829	-0.112608	-0.492551	0.359361	0.181859	0.0301497	-0.2457	-0.145561	-0.30634	0.281491	0.122495	-0.0274408	0.191573	-0.243375	0.0392915
-4.49672	3.12715	0.956693	-0.0645145	-0.406661	0.40103	0.169275	0.114855	-0.271731	-0.0836979	-0.28761	0.312413	0.0888319	0.0426309	0.151729	-0.213433	0.149362
-4.53952	3.00865	1.02514	-0.042477	-0.415145	0.437493	0.185214	-0.00547908	-0.236221	-0.179957	-0.253101	0.252631	0.117082	-0.0390131	0.193407	-0.233175	0.150965
-4.75917	3.08487	0.99947	0.0106565	-0.391836	0.489845	0.127305	0.000885317	-0.328325	-0.255832	-0.236004	0.190735	0.117908	-0.101357	0.166249	-0.168003	0.0918496
-5.07387	3.10621	1.02729	0.0128934	-0.33832	0.37903	0.208868	-0.00100127	-0.429069	-0.323424	-0.437962	0.162781	0.110115	-0.118664	0.0622898	-0.15649	0.0453819
-5.19915	3.11175	0.913509	0.28924	-0.241887	0.496941	0.312012	0.0272763	-0.353511	-0.425097	-0.35852	0.252729	0.0471779	-0.0801029	0.0364693	-0.104338	0.148704
-5.0592	2.68095	0.956361	0.1942	0.0479926	0.610958	0.298801	-0.0485605	-0.308541	-0.41474	-0.297432	0.0249794	0.186788	-0.0372403	-0.109764	-0.0494956	0.14172
-5.44058	2.88823	1.10298	0.261598	-0.0350233	0.398621	0.466345	-0.00936356	-0.376021	-0.34323	-0.388795	0.291599	0.105309	0.00868287	-0.0556179	-0.243323	0.104817
-5.36266	3.00122	1.27033	0.00414992	0.303032	0.526828	0.265024	0.0325224	-0.209882	-0.287227	0.0345941	0.383361	0.144168	-0.0557893	-0.0970943	0.167441	0.0808436
-4.87678	2.61393	0.854272	0.588532	0.389444	0.270082	0.0940174	-0.0337498	-0.245987	0.0565817	0.00153307	0.0268826	0.0387548	0.380301	-0.0786235	-0.0110833	0.0476821
-4.7326	2.80064	0.781474	0.720231	0.405687	0.31993	0.176122	-0.174799	-0.0112063	0.0763593	-0.326357	0.2806	0.247871	0.063735	0.173429	-0.107408	0.35724
-4.75788	2.86924	0.58628	0.696613	0.625935	-0.118222	0.111769	-0.12857	-0.153837	0.064475	-0.494894	0.202831	0.253693	-0.0340565	0.0707026	0.112868	0.159787
-4.55351	2.68487	0.64806	1.06909	0.578726	-0.0505636	0.188716	-0.10132	0.0464919	-0.101675	-0.368072	0.360242	0.20564	0.129848	0.152895	0.18411	0.419325
-4.44945	2.50336	0.582974	1.18909	0.539439	-0.132113	0.251489	-0.00346334	-0.171071	-0.163656	-0.324255	0.314715	0.125413	0.143647	0.26877	0.210381	0.400163
-4.58495	2.37453	0.546774	1.15612	0.271585	-0.339286	0.253621	-0.139579	-0.393447	-0.301953	-0.268458	0.261269	-0.149453	0.0630165	0.173205	0.0388026	0.260919
-4.43593	2.08952	0.495252	1.31436	0.250252	-0.260082	0.235905	-0.127962	-0.378004	-0.310519	-0.22438	0.117781	-0.237829	0.204892	0.0350284	0.0731966	0.283927
-4.42326	1.95614	0.525536	1.37242	0.194225	-0.279963	0.24233	-0.128145	-0.464616	-0.246122	-0.164238	-0.0597452	-0.106242	0.0883093	0.0530888	0.00875419	0.307022
-4.31984	1.82342	0.545956	1.48257	0.0580974	-0.139178	0.246415	-0.0956201	-0.506199	-0.104023	-0.202564	-0.0574463	-0.0911418	0.129548	-0.0279286	0.043099	0.379882
-4.33014	1.79278	0.452471	1.49216	0.146334	-0.31464	0.373808	-0.220833	-0.461896	-0.137605	-0.203716	-0.0570333	-0.126486	0.169962	-0.154334	0.034569	0.338349
-4.25949	1.65937	0.545157	1.46007	0.126807	-0.235165	0.429645	-0.276788	-0.374337	-0.157202	-0.181634	-0.0743627	-0.0631426	0.156301	-0.11169	-0.0339265	0.424476
-4.30495	1.6553	0.575515	1.54527	-0.00664464	-0.160474	0.450845	-0.297338	-0.381533	-0.132318	-0.206849	-0.0591122	-0.0847991	0.21877	-0.15007	0.00911907	0.38618
-4.40752	1.83428	0.457599	1.62577	0.0689935	-0.202933	0.454431	-0.23254	-0.401342	-0.0860275	-0.236414	-0.0429536	-0.0607648	0.19977	-0.125375	0.0563252	0.388654
-4.42884	1.81723	0.438451	1.58708	0.0538801	-0.192417	0.416723	-0.239202	-0.443966	-0.0934736	-0.227885	-0.0935204	-0.0807916	0.201741	-0.182595	0.0420267	0.29965
-4.42588	1.84189	0.432142	1.61362	0.0587373	-0.111601	0.344573	-0.138063	-0.442006	-0.09777	-0.231146	-0.0645933	-0.0713771	0.227809	-0.1519	0.0246146	0.35485
-4.41996	1.81268	0.459542	1.61702	0.0482954	-0.107446	0.346532	-0.138274	-0.433236	-0.150121	-0.143977	-0.124332	-0.0293878	0.21028	-0.148759	0.0536039	0.305383
-4.5565	1.97009	0.451168	1.57357	0.139226	-0.112673	0.361414	-0.0662657	-0.433881	-0.13289	-0.164377	-0.113778	-0.0619381	0.211177	-0.0993391	0.0702188	0.319735
-4.57134	1.9976	0.434322	1.50152	0.196668	-0.149953	0.330528	-0.101083	-0.415163	-0.253821	-0.0824494	-0.170789	-0.0873576	0.269674	-0.176788	0.146603	0.194376
-4.7426	2.26965	0.305999	1.49259	0.277364	-0.147387	0.19508	-0.0383526	-0.256521	-0.373082	-0.0647452	-0.143063	-0.0237079	0.193645	-0.0971387	0.0932321	0.239057
-4.99351	2.21519	0.463118	1.36738	0.504318	-0.191144	-0.0438746	0.231227	-0.0231632	-0.666142	-0.261408	-0.0235006	0.264607	-0.123992	-0.0576627	0.109647	0.268126
-5.33534	2.34513	0.518861	1.068	0.478801	0.159352	0.104489	-0.146525	-0.146486	-0.318404	-0.201438	-0.0176444	0.0266445	-0.0271424	-0.0593736	0.243982	0.103372
-5.67182	2.13567	0.825428	0.806931	0.547832	0.0301468	0.104684	-0.143605	-0.360965	0.00567973	-0.443896	0.0550785	0.00686533	-0.115734	-0.0164086	-0.0947527	-0.00882782
-5.6237	1.67964	0.811488	0.967522	0.812782	0.376808	0.177475	-0.153994	-0.220517	-0.0813521	-0.0717754	-0.202576	-0.0109279	0.106791	0.081019	0.132023	0.0714113
-5.88082	1.20117	0.993795	0.956419	0.681926	-0.0210073	0.193561	-0.183087	-0.261182	0.0503682	-0.333142	-0.217416	-0.0551282	-0.311863	-0.159005	-0.132603	0.0881665
-6.05724	0.709422	1.01395	1.0635	0.994928	0.175462	-0.196849	-0.482304	-0.405861	0.0660784	0.265353	-0.13333	-0.501998	-0.28884	-0.247223	0.108995	0.108812
-5.89097	0.570293	0.499613	0.850155	0.60041	-0.148573	-0.185594	-0.226426	-0.24931	-0.00669026	-0.0886565	-0.182484	-0.272821	-0.227898	-0.230517	0.0134307	0.0748254
-5.85364	0.604295	0.376084	0.537003	0.663669	0.122966	0.0757113	-0.0907411	-0.0886033	0.0357527	0.124366	-0.00757561	-0.129127	-0.115568	-0.00383286	0.0296166	0.0976451
-5.63243	0.649551	0.354444	0.698773	0.592152	0.155015	0.102775	-0.023782	0.0157018	-0.0228068	0.0825302	0.133449	-0.0356092	-0.15217	0.0166352	0.0632211	0.128861
-5.63297	0.63824	0.469743	0.993611	0.585314	0.1381	0.0596624	-0.017754	-0.0818416	-0.0544917	0.0593235	0.116623	0.022219	-0.0375861	0.000375159	0.0432138	0.150316
-5.8058	0.597754	0.446282	0.867258	0.516042	0.169274	0.0453835	0.0564749	-0.0426286	0.0752191	-0.00065088	0.0326701	0.0223248	0.179656	0.0123067	0.00770329	0.0073241
-6.01154	0.66669	0.30099	0.586962	0.42444	0.278084	0.122894	0.148026	-0.0441499	0.08209	0.100046	0.0817862	0.125392	0.234974	0.111737	-0.0209522	-0.0645174
-6.44381	0.769076	0.11362	0.412734	0.311531	0.322777	0.00488442	0.119651	-0.136943	-0.110868	0.145268	0.0244291	0.108182	0.236932	0.15556	-0.0404214	0.035942
-6.84515	0.916858	-0.000354788	0.431533	0.335835	0.361914	-0.13371	0.0505362	-0.528121	-0.356765	0.146856	-0.066722	0.224784	0.0765076	0.104861	-0.0158519	0.00185912
-6.94086	1.21521	-0.0339106	0.338014	0.108876	0.245021	-0.237802	0.0206637	-0.624722	-0.368623	0.114839	-0.132645	0.164569	-0.0192675	-0.0920595	-0.160296	-0.12451
-6.95053	1.43415	0.0236075	0.357625	0.110792	0.159738	-0.372624	0.0723497	-0.390973	-0.207102	0.185513	-0.230083	0.143561	0.109831	0.00703657	-0.171758	-0.00316739
-6.92262	1.47412	-0.0430504	0.477169	0.207041	0.0845739	-0.348978	0.0861749	-0.363673	-0.147957	0.333493	-0.203534	0.241709	0.148615	0.0615481	-0.123728	0.0556254
-6.87401	1.635	0.107817	0.46163	0.258051	0.0682626	-0.280614	0.0606708	-0.391985	-0.0912636	0.286212	-0.123005	0.178993	0.12591	0.0723147	-0.0129812	0.0601259
-6.43534	1.54021	0.336937	0.345069	0.259608	0.145802	0.00462676	-0.0262008	-0.123704	-0.0417731	0.0501978	-0.0367431	-0.0447113	-0.00112652	0.0157683	0.00443991	0.026685
-7.2886	2.21604	0.506543	0.66275	0.344402	0.371172	0.630343	0.166618	-0.599991	-0.137991	0.534238	-0.0710049	0.0492707	-0.188791	0.083084	-0.229515	-0.10925
-6.71956	2.92107	0.826248	1.07445	0.836833	0.238566	0.29945	0.167139	-0.246494	-0.251781	0.26458	-0.0597552	0.278467	0.0601333	0.08459	-0.18059	0.162136
-5.88102	3.82982	0.732294	0.678831	0.738869	0.637752	0.378457	0.103683	0.368277	-0.0815234	0.321209	0.234622	0.291192	0.099389	0.228333	-0.162374	0.0920582
-6.02035	3.61203	0.383918	0.208137	0.266881	0.172933	0.143933	-0.301004	-0.268718	-0.929442	-0.208685	-0.528586	-0.296047	-0.202764	-0.0137521	-0.194366	-0.0280761
-5.58064	3.76053	0.393806	0.753379	0.422528	0.240612	0.26629	-0.235485	-0.152514	-0.457934	-0.0634662	0.0215741	-0.0487046	0.129238	0.0944775	-0.248123	0.318806
-4.62702	3.3174	0.509168	0.378024	-0.433163	0.158313	0.238823	-0.0736332	-0.0755299	-0.261692	-0.142986	0.0518856	-0.0754814	-0.219464	-0.00402512	-0.0074181	0.116672
-4.25326	3.4169	-0.201899	0.087058	-0.460702	0.299071	0.300901	-0.21618	-0.295531	-0.204458	-0.234354	-0.158871	-0.182045	-0.413909	0.131724	-0.122706	0.224308
-4.18313	3.22473	-0.361991	0.0901299	-0.653799	0.71747	0.382079	-0.231038	-0.169704	-0.243289	-0.33291	-0.450238	-0.273345	-0.372848	0.173625	0.0392131	0.249091
-4.22475	3.23366	-0.521889	-0.149567	-0.382394	0.612582	0.225598	-0.30605	0.0799198	-0.489898	-0.319736	-0.352008	-0.427907	-0.312382	0.266069	-0.134806	0.133059
-4.11757	3.09308	-0.475694	-0.191285	-0.437051	0.77404	0.198179	-0.410923	0.00512043	-0.247933	-0.336989	-0.461273	-0.182451	-0.270295	0.0303438	-0.0053451	0.0892094
-4.14281	2.92836	-0.659567	-0.291431	-0.413713	0.58267	0.0329394	-0.546839	-0.0458196	-0.418853	-0.488638	-0.551644	-0.257512	-0.344619	-0.0378535	-0.166853	-0.158259
-4.10555	3.03137	-0.583583	-0.241855	-0.275244	0.703546	-0.00823031	-0.359509	-0.0392883	-0.271515	-0.536328	-0.426061	-0.123138	-0.204396	-0.127971	-0.0119096	0.00838196
-4.05641	2.8759	-0.871001	-0.165541	-0.452	0.428285	-0.0474122	-0.571182	-0.0157992	-0.542756	-0.54787	-0.661069	-0.167181	-0.27183	-0.234659	-0.187451	-0.198452
-3.94502	2.86767	-0.673518	-0.0986547	-0.309634	0.590105	-0.239976	-0.250065	0.0741365	-0.546335	-0.543786	-0.352682	-0.12617	-0.318004	0.00695118	-0.150991	-0.0215143
-3.85294	3.04947	-0.361193	0.0656009	-0.193112	0.764173	0.0900165	-0.212716	0.211855	-0.232366	-0.351557	-0.428991	0.364065	-0.219795	0.0538711	0.0691915	0.308404
-3.81576	3.02057	-0.271982	0.135097	-0.214068	0.713236	0.154517	-0.184067	0.135267	-0.0920525	-0.461582	-0.299879	0.244075	-0.0596325	0.0601594	-0.000841106	0.377814
-3.57152	2.81016	-0.458634	0.27557	-0.0472772	0.421197	0.0939258	-0.0450628	0.115105	-0.297661	-0.385722	-0.128793	-0.00761055	-0.00926369	0.113167	0.104651	0.200205
-3.61994	2.97095	-0.418294	0.255772	0.168549	0.393225	0.0292368	0.120982	0.211195	-0.405546	-0.348494	0.00662393	0.0460751	-0.00030148	0.180573	0.104986	0.287424
-3.33466	2.72308	-0.576072	0.472385	0.160583	0.233234	0.14849	0.0660884	0.0811581	-0.240823	-0.448402	0.0641066	0.0658912	-0.0145988	0.170862	0.138876	0.232029
-3.25783	2.70765	-0.643561	0.706438	0.122526	0.225586	0.229663	0.0966569	0.0678497	-0.205978	-0.363235	0.0765861	0.143573	-0.054557	0.217555	0.171984	0.274194
-3.23723	2.65603	-0.570869	0.893744	0.0264206	0.233866	0.201523	0.164207	0.0161591	-0.126754	-0.29503	0.120968	0.158568	-0.0545124	0.268648	0.119393	0.313118
-3.2109	2.40462	-0.580279	0.941925	-0.0453942	0.0781454	0.204876	0.0525676	0.00290827	-0.245263	-0.261252	0.0639653	0.0449471	-0.052486	0.243237	0.102449	0.215892
-3.17555	2.23074	-0.578638	1.00695	-0.197645	0.100513	0.0788423	0.120114	-0.0589923	-0.241216	-0.285022	0.101417	-0.0597393	-0.0270516	0.176907	0.125594	0.164965
-3.34613	2.27729	-0.624685	1.06407	-0.190949	0.0214496	0.165663	0.121583	-0.109934	-0.234151	-0.288823	0.122282	-0.182441	0.0276331	0.167616	0.13073	0.187778
-3.62146	2.22517	-0.494568	1.07064	-0.176343	0.0982227	0.156152	0.144823	-0.0644221	-0.309947	-0.223228	0.0334021	-0.154445	-0.0540325	0.303909	0.0987349	0.292202
-4.24567	2.54134	-0.641513	0.916513	-0.229393	-0.197128	0.0442732	-0.0502598	-0.102804	-0.283733	-0.0791507	-0.0501653	-0.0961795	-0.0488033	0.240866	0.0551968	0.298802
-5.04135	2.29665	-0.49765	0.517236	-0.539819	-0.341642	-0.535472	-0.180943	-0.16121	-0.64758	-0.278234	-0.0846263	-0.463694	-0.413023	0.293622	-0.0358196	-0.0150756
-4.0241	1.89337	-0.853267	0.861693	-0.437255	-0.273655	-0.00646846	-0.0110782	-0.276702	-0.445318	-0.331173	-0.357582	-0.454704	-0.275004	-0.0493789	0.143337	0.157825
-6.17131	1.82475	-0.2622	0.527128	-0.809522	-1.11304	-0.443885	-0.24761	-0.62689	-0.474361	-0.287524	-0.287834	-0.590376	-0.449989	0.274099	0.187477	0.0386338
-7.31306	1.80505	-0.0442636	1.26484	-0.503782	-1.03661	-0.809555	-0.543156	-0.731224	-0.751851	-0.184886	-0.0480768	-0.838791	-0.67137	-0.453834	-0.455562	0.318663
-7.57576	2.05116	0.137491	1.41658	-0.132327	-0.0979039	-0.0700364	-0.114477	-0.201767	-0.358706	0.0359053	0.0829276	-0.141885	0.103116	0.478251	0.165276	0.494772
-7.57694	1.09363	0.227946	0.813886	-0.0367635	-0.12408	-0.333442	0.0983473	-0.508425	-0.592455	-0.459257	-0.118494	-0.253442	-0.00778728	0.14013	-0.113921	0.0982366
-7.73811	1.60329	0.517244	0.876327	0.0517729	-0.0443347	-0.179462	0.371858	-0.0715562	-0.061038	0.000936862	0.0567225	-0.254255	-0.187705	0.189949	-0.0219225	0.242074
-7.85387	2.02594	0.000195978	0.701857	0.0936284	-0.164032	-0.0252923	0.503029	0.212471	0.276134	0.199232	-0.00800967	-0.47676	-0.627257	-0.0682262	0.271728	0.285007
-7.57044	1.87906	-0.335403	0.43144	0.0953002	-0.275192	0.055665	0.484174	0.439685	0.498104	0.296081	0.0917164	-0.418058	-0.6414	-0.37232	0.479847	0.403586
-7.21349	1.60706	-0.458951	0.495994	-0.131333	-0.185207	-0.00877027	0.398809	0.465263	0.400499	0.355374	0.230256	-0.246243	-0.52864	-0.355006	0.376369	0.392853
-7.01637	1.28301	-0.50208	0.739893	-0.327841	0.0875352	-0.0983099	0.263655	0.476467	0.313997	0.202756	0.100558	-0.0141112	-0.385015	-0.234833	0.295326	0.293492
-7.06615	0.915435	-0.601343	0.820096	-0.0826982	0.300707	0.0493083	0.268042	0.448894	0.206688	0.0403863	-0.0784751	0.125227	-0.0883984	-0.0960686	0.191281	0.108156
-6.60316	1.27319	-0.406415	0.494806	0.110777	0.272518	0.0812002	0.100728	0.148194	-0.137707	-0.111391	0.0635033	0.302307	0.079748	-0.100764	0.0883831	0.172067
-5.7513	2.0642	-0.294391	0.0780255	-0.0913599	0.467308	0.243975	-0.066678	0.101662	-0.022202	-0.165917	-0.225596	0.0268986	0.178811	-0.173681	0.000876793	0.0480981
-5.1935	2.35625	-0.423232	-0.0930527	-0.161025	0.552304	0.270563	-0.17641	0.0643672	-0.0301479	-0.266682	-0.274238	-0.0317192	0.106077	-0.139287	-0.152601	0.100557
-4.56346	2.21143	-0.910672	-0.0389492	-0.214878	0.542732	0.0628343	-0.182685	-0.0517398	-0.169821	-0.208599	-0.253875	-0.0561141	-0.0730889	0.0227014	-0.216443	0.103401
-4.02296	2.1548	-1.0102	-0.046339	-0.278406	0.562467	0.0862288	-0.176412	-0.0229976	-0.103974	-0.203524	-0.260624	-0.0690411	-0.0786115	0.0426557	-0.211784	0.108086
-3.94737	2.25091	-1.03647	0.0531481	-0.367825	0.457564	0.143927	-0.306373	-0.0506134	-0.140994	-0.252304	-0.255762	-0.109549	-0.20086	0.127109	-0.209289	0.0938065
-3.55909	2.49861	-0.890518	0.456484	-0.308856	0.573925	0.38182	-0.0689675	0.167924	0.086294	-0.0336008	-0.0256473	0.0265328	-0.158405	0.158631	-0.177406	0.322638
-3.48961	2.52269	-0.915261	0.270047	-0.205022	0.651979	0.564174	-0.206988	0.172026	0.167086	-0.00727475	-0.00133315	-0.0468355	-0.0818125	-0.0378016	-0.157151	0.247416
-3.89684	2.68565	-0.962696	-0.019191	-0.109521	0.757526	0.714432	0.160613	0.267567	0.206644	0.0911861	-0.170021	-0.140142	-0.328482	-0.123717	-0.226992	0.219052
-3.96253	2.99982	-0.589475	-0.147405	-0.162594	0.917334	0.508173	0.0676268	0.181077	0.136043	0.027027	-0.0214111	-0.286567	-0.328927	-0.0693283	0.0597276	0.445836
-3.72919	2.85168	-0.811149	-0.00906962	-0.14651	0.794741	0.594821	-0.0224399	0.182868	0.0972519	0.0123336	0.010299	-0.333593	-0.286864	0.00180377	0.0267321	0.314379
-3.77503	2.84206	-0.565432	-0.169492	-0.118601	0.94966	0.566984	-0.0148249	0.236462	0.10147	-0.0702286	0.00708161	-0.31832	-0.433263	0.237631	-0.0362939	0.367074
-3.81563	2.96468	-0.649463	-0.137488	0.0122201	0.76605	0.768405	0.00253335	0.194314	0.134484	-0.100354	-0.0974666	-0.276076	-0.447839	0.219474	0.0530396	0.399314
-3.71955	3.17601	-0.601858	-0.0422335	0.0135721	0.919624	0.748686	-0.102798	0.265006	0.136677	-0.226703	-0.215677	-0.283709	-0.413121	0.373306	0.246595	0.801114
-3.73135	3.09283	-0.493379	-0.20374	0.0431636	0.843725	0.602894	0.127663	0.100514	0.0204611	-0.0451014	-0.217248	-0.492904	-0.100746	0.279631	0.18954	0.508898
-3.52116	3.18747	-0.340886	-0.0900624	-0.00857757	0.88105	0.762673	-0.0968954	0.315087	-0.123015	-0.429893	-0.0664351	-0.593991	0.028989	0.557591	0.345823	0.847941
-3.72735	3.26031	-0.381438	-0.192229	-0.213361	0.94611	0.47281	0.12037	0.0829998	0.0441318	-0.476762	0.0513963	-0.471992	0.0124926	0.443196	0.093796	0.447459
-3.58942	3.15979	-0.537394	0.078056	-0.217421	0.784456	0.591788	0.119516	0.0785029	0.0389487	-0.510539	-0.0833389	-0.441283	0.201549	0.348504	0.242032	0.463263
-3.70743	3.20147	-0.430296	-0.134911	-0.252384	0.806687	0.544545	0.0302272	0.106687	-0.0144692	-0.42329	-0.0602464	-0.274906	0.0779775	0.32653	0.0502499	0.351778
-3.73597	3.19865	-0.543893	-0.220473	-0.0707859	0.612267	0.515667	0.102659	-0.0125931	0.165782	-0.55825	0.147949	-0.453079	0.255435	0.0709787	0.131278	0.121728
-3.6733	3.15586	-0.453036	-0.268267	-0.0430138	0.638257	0.457363	0.0936075	0.0956372	-0.110174	-0.366748	-0.0271786	-0.31373	0.259665	0.157058	0.0822338	0.224796
-3.65255	3.2232	-0.563847	-0.0413863	-0.202224	0.659231	0.654068	-0.132688	0.127095	-0.08574	-0.543165	0.0817538	-0.291314	0.257423	0.260689	0.123779	0.301706
-3.71044	3.20914	-0.470894	0.00562419	-0.328342	0.875771	0.591595	-0.112532	0.0904316	-0.0739017	-0.648707	0.0996995	-0.312026	0.343877	0.329443	0.130874	0.372704
-3.62773	2.84836	-0.349923	-0.142922	-0.403398	0.773413	0.531054	-0.104658	0.113575	-0.0644398	-0.431141	0.152782	-0.285358	0.230892	0.0138773	0.026165	-0.0201914
-3.86551	3.15859	-0.416501	-0.180405	-0.260379	0.598868	0.570953	-0.113689	0.0503799	-0.0268604	-0.440626	0.120273	-0.249497	0.276661	0.0354524	0.000898641	0.0259581
-3.84134	3.04849	-0.394989	-0.0122329	-0.198179	0.634712	0.527833	-0.0650305	0.000121317	-0.115938	-0.406561	-0.0234217	-0.19598	0.448491	0.0366705	0.0816092	0.189042
-4.49644	2.17462	-1.01873	-0.697228	-0.682211	0.126893	0.00205511	-0.477132	-0.452159	-0.281861	-0.566198	-0.039078	-0.60561	-0.161481	-0.367353	-0.308911	-0.161468
-4.52051	2.32796	-1.15129	-0.794271	-0.622564	0.0551907	0.0200381	-0.574558	-0.321973	-0.307198	-0.660212	-0.0161836	-0.624074	-0.110471	-0.34678	-0.417648	-0.181496
-4.54981	2.30115	-0.875354	-0.859327	-0.497839	0.136569	0.00822273	-0.362115	-0.362145	-0.233538	-0.573532	0.0581923	-0.692449	0.0159686	-0.390218	-0.394169	-0.133152
-4.72803	2.66201	-0.546608	-0.868098	-0.701333	0.406124	0.0369419	-0.458897	-0.184888	-0.281782	-0.556174	0.0942753	-0.506888	-0.17219	-0.192855	-0.337018	-0.186291
-4.66479	2.64843	-0.44093	-1.00939	-0.55681	0.295287	0.184542	-0.62577	-0.178069	-0.186553	-0.6219	0.207326	-0.649878	-0.0350134	-0.182309	-0.373364	-0.070227
-4.83728	2.67958	-0.428903	-0.96665	-0.625476	0.284894	0.161218	-0.568905	-0.217862	-0.14155	-0.587798	0.157233	-0.637439	-0.102561	-0.125221	-0.428788	-0.183709
-4.99682	2.50799	-0.619875	-0.715769	-0.700846	0.37319	-0.0324183	-0.543603	-0.19026	-0.138413	-0.521968	-0.015378	-0.683633	0.00612645	-0.239125	-0.431751	-0.193469
-4.93784	2.60564	-0.547286	-0.860016	-0.613836	0.326578	0.0562866	-0.442154	-0.260101	-0.152756	-0.530535	0.0438328	-0.519332	-0.123207	-0.179437	-0.302125	-0.111617
-4.94159	2.68746	-0.539623	-0.862249	-0.458943	0.166869	0.124085	-0.49484	-0.129629	-0.14154	-0.690199	0.0755036	-0.46632	0.031316	-0.393203	-0.230872	-0.210593
-4.85764	2.74014	-0.574484	-0.739207	-0.489648	0.184167	0.115364	-0.487141	-0.0436306	-0.0594969	-0.751282	-0.00640561	-0.309609	0.0108994	-0.273732	-0.338559	0.0975255
-4.84085	2.77505	-0.714863	-0.561978	-0.443905	0.113941	0.0685386	-0.441777	-0.000979078	-0.128802	-0.719292	0.0208396	-0.351593	0.0300967	-0.243472	-0.354964	0.0458475
-5.00924	2.88536	-0.570188	-0.487179	-0.502113	0.151816	0.0594369	-0.408695	0.0103593	-0.0628179	-0.740828	-0.0275927	-0.4041	0.185073	-0.226645	-0.377753	0.0623321
-4.91209	2.83995	-0.603054	-0.447106	-0.431196	0.141731	0.0564201	-0.343467	-0.0461891	-0.0984431	-0.642901	-0.0847287	-0.301203	0.0498535	-0.183557	-0.323738	0.0481369
-4.98123	2.89816	-0.515108	-0.144323	-0.249235	0.0674333	0.220502	-0.288908	0.1702	-0.154633	-0.561376	-0.162916	-0.174726	0.0937053	-0.114358	-0.269595	0.118988
-5.09929	2.86298	-0.403662	0.00968099	-0.218234	-0.217496	0.173971	0.0116148	0.141017	-0.158667	-0.671192	-0.0782618	-0.0378101	-0.026402	-0.130868	-0.297005	0.272937
-5.12727	2.79649	-0.624379	-0.144361	-0.396778	-0.0830964	0.319378	-0.308516	-0.0255778	-0.162213	-0.514687	-0.131416	-0.330343	0.0158207	-0.294265	-0.122386	0.201863
-5.19045	2.87305	-0.35985	-0.0979411	-0.140354	-0.0499981	0.354923	-0.141683	0.153262	0.0998313	-0.536083	-0.117696	-0.215988	0.176814	-0.289274	-0.0492042	0.166464
-5.16073	2.54119	-0.269899	0.152272	-0.13548	0.00623334	0.24932	-0.0457453	0.220166	0.09698	-0.549923	-0.198482	0.0174738	-0.0103477	-0.213677	-0.0246839	0.126463
-5.13253	2.56661	-0.323335	0.138907	-0.196929	-0.0270306	0.224171	-0.0333591	0.212846	0.167833	-0.509259	-0.166917	-0.0507177	-0.121471	-0.172293	-0.0898379	0.164072
-5.33934	2.51875	-0.323112	0.183195	-0.200414	-0.0615248	0.271846	0.0609333	0.182408	0.176634	-0.456284	-0.133833	-0.156675	-0.000879899	-0.219812	-0.147379	0.251991
-5.47671	3.05605	-0.000244693	0.471788	0.208081	-0.178079	0.40566	0.277184	0.164614	0.117251	-0.0799268	0.089674	-0.0232122	0.128151	-0.1635	-0.0167638	0.226745
-5.21071	3.13348	-0.190658	0.684682	0.5832	0.113988	0.547697	0.342941	0.532297	0.215055	-0.0144181	0.319191	-0.00853039	0.45886	-0.234548	0.189564	0.401368
-5.46915	2.91994	0.301277	0.808824	0.0122066	0.0698531	0.268611	0.269582	0.453722	0.34925	-0.211448	0.25901	0.193954	-0.0632051	-0.239207	0.177772	0.396151
-5.53579	3.01715	0.127709	1.11014	0.281803	0.129629	0.477961	0.416921	0.411462	0.290863	0.0588025	0.342096	0.0777635	0.181562	0.0509788	0.319765	0.173732
-5.73722	2.66754	0.288308	0.809048	0.0248871	-0.137303	-0.0669906	0.269352	0.371446	-0.0666282	-0.262193	0.0798896	-0.198343	0.312037	-0.436985	-0.121778	0.221231
-5.83445	2.83996	0.174127	0.812891	-0.150887	0.040905	0.0541022	-0.00267093	0.210856	0.169326	-0.135767	-0.15846	-0.144086	0.299267	-0.43313	0.0299756	-0.0114971
-6.0034	2.85682	0.44288	1.26583	-0.0168133	0.114602	-0.170276	0.0458198	0.260078	0.240579	0.0395982	0.309166	-0.241562	0.21054	-0.421394	0.0739371	0.386524
-6.23882	2.51291	0.498097	1.33349	-0.257543	-0.0719669	-0.324531	0.0262052	0.193895	-0.0182495	-0.133827	-0.0433114	-0.448106	0.360978	-0.443371	-0.316996	0.172209
-6.03888	2.41612	0.0631132	1.30214	0.204386	-0.182135	-0.542262	-0.157427	0.15247	0.137057	-0.184105	-0.0432797	-0.46325	0.105958	-0.266881	-0.0963662	-0.192374
-6.15625	2.59	0.50565	1.51128	-0.0596332	0.0245579	0.120501	0.376755	0.0625565	-0.151141	0.12563	0.277994	-0.311491	0.0791629	-0.140559	0.356067	0.161795
-6.00453	2.41721	0.153039	1.57138	-0.0655013	0.199605	-0.141835	0.0766284	0.265186	-0.113403	0.0218898	0.106941	-0.445105	0.210337	-0.148187	0.228828	-0.00470665
-6.22419	2.58302	0.205	1.4503	0.0923509	0.143599	-0.00588152	-0.0204942	0.0468488	0.0492112	-0.0372657	0.243868	-0.528731	0.263066	-0.124974	0.149444	0.0250133
-6.48557	2.18183	-0.186847	1.23523	-0.220706	-0.0546583	0.0295269	-0.204011	-0.0321037	-0.159821	-0.16896	-0.238096	-0.892493	-0.279644	-0.537152	-0.234918	-0.132992
-6.7291	2.32849	0.15196	1.50989	0.107791	-0.0525288	0.148562	0.0804851	-0.036563	-0.208816	0.0828573	0.423926	-0.491503	-0.0905112	-0.414725	-0.0192411	0.035068
-6.27861	2.1904	0.0307622	1.45915	0.00616109	0.541866	-0.0539868	0.350281	0.374011	-0.01498	0.0322874	0.174713	0.205967	0.371292	-0.184263	0.0799772	0.124566
-6.51424	2.41613	0.196103	1.15213	-0.17637	0.224219	-0.14523	0.542721	0.581543	-0.00677158	0.161587	0.595866	-0.16162	0.299215	-0.20307	0.277913	0.0159779
-6.36249	1.83781	-0.346928	0.752363	-0.297121	-0.0314336	-0.179036	0.11578	0.19259	-0.246266	-0.109644	0.17908	-0.133579	-0.146504	-0.341626	0.148427	-0.194129
-6.30378	1.61805	-0.402753	0.694607	-0.258415	0.0578991	-0.264217	-0.00459779	0.15961	-0.0951079	-0.00778114	0.0822753	-0.0084117	-0.102332	-0.263768	-0.0233143	-0.176503
-6.12437	1.11173	-0.489491	0.591621	-0.10397	0.095146	-0.206791	0.217814	0.229299	0.0373651	0.123017	0.0187454	-0.034927	-0.186812	-0.257568	0.0487456	-0.066248
-5.84481	0.680344	-0.445063	0.612426	0.0244281	0.0868116	-0.249147	0.211056	0.246058	-0.0591467	-0.00962983	-0.0468091	-0.0222174	0.0642338	-0.149909	0.160968	0.0157094
-5.82087	0.356144	-0.21598	0.687723	0.0376813	0.120578	-0.337531	0.156856	0.345558	-0.0272628	0.0547587	0.0222159	0.048441	0.169554	-0.0940071	0.151581	0.030188
-5.93841	-0.0190387	-0.0399982	0.589206	-0.118181	0.108815	-0.219767	0.295195	0.528191	0.133371	0.172677	0.0518026	0.120544	0.225244	-0.0929619	0.140051	0.10277
-5.8763	-0.357801	-0.0273903	0.740655	-0.136209	0.121476	-0.26107	0.169344	0.577715	0.177659	0.0906765	0.0868125	0.185568	0.100778	0.039787	0.287858	0.111788
-5.80187	-0.424446	0.0628243	0.765698	-0.0862363	0.208124	-0.203687	0.0344596	0.564131	0.173358	-0.0354871	0.161359	0.256793	0.0481855	0.0977934	0.218469	0.0353924
-5.99868	-0.545298	0.0933722	0.816765	-0.0541558	0.293343	-0.204635	-0.0597409	0.430648	0.217291	0.109242	0.287695	0.341353	0.0694489	0.191822	0.216369	0.015471
-6.22867	-0.67179	0.186424	0.837803	0.0507224	0.263713	-0.29803	-0.0874503	0.528362	0.256639	0.264993	0.273251	0.384554	0.142771	0.170894	0.271949	0.0778716
-6.14951	-0.708253	0.317254	0.572619	-0.0159581	0.297453	-0.23918	0.0639045	0.394866	0.215717	0.131408	0.114526	0.360331	0.195036	0.243166	0.366756	0.105489
-6.16872	-0.828725	0.249321	0.366742	-0.0109203	0.347941	-0.0824799	0.111945	0.392513	0.154096	0.227237	0.151501	0.317608	0.197971	0.157476	0.328874	0.151052
-6.13168	-0.729978	0.28297	0.316024	-0.00358378	0.49084	-0.0539144	0.154348	0.464714	0.114026	0.234105	0.172067	0.348171	0.168833	-0.0246671	0.212337	0.21917
-6.15447	-0.710391	0.318022	0.392653	-0.0632302	0.518029	-0.0908763	0.190686	0.390913	0.0775693	0.0924663	0.133893	0.330137	0.24611	0.021858	0.152045	0.235059
-6.22168	-0.750564	0.428322	0.52122	0.0230379	0.575488	-0.118103	0.229455	0.316509	0.117429	0.0985337	0.0897731	0.236128	0.177172	0.0716051	0.17776	0.303917
-6.38489	-0.84674	0.504008	0.693583	0.161571	0.616579	-0.246919	0.161415	0.397875	0.109316	0.0466099	0.000818586	0.348041	0.216165	-0.00165966	0.153964	0.200281
-6.74691	-1.03324	0.583374	0.835651	0.0972667	0.565164	-0.12478	0.19334	0.385454	0.132699	0.110687	-0.0486956	0.349967	0.441882	0.0449237	0.198535	0.141779
-6.79394	-0.883363	0.640332	0.679554	-0.085243	0.620551	-0.054752	0.216639	0.386092	0.107143	0.148941	-0.0111505	0.201492	0.349674	0.0813074	0.147563	0.102715
-6.91259	-0.809165	0.557912	0.672204	-0.0375114	0.670062	-0.0992847	0.206616	0.442817	0.156367	0.14858	0.118484	0.172515	0.169582	0.0863855	0.0404903	-0.000316131
-7.03493	-0.811657	0.564665	0.615405	0.124401	0.661228	-0.152095	0.174716	0.358705	0.0610164	0.250226	0.128203	0.163174	0.160723	0.192848	0.0178086	-0.0424328
-7.24152	-0.746688	0.552136	0.512537	0.0738153	0.514591	-0.121827	0.192964	0.297285	0.087572	0.267384	0.0894326	0.278108	0.107269	0.152541	-0.0506137	-0.0775021
-7.3331	-0.699053	0.551775	0.371158	-0.179395	0.400793	-0.116811	0.19354	0.354021	0.103379	0.0328144	-0.0172884	0.407081	0.27514	0.133828	-0.120945	-0.182179
-7.27903	-0.70865	0.4401	0.370316	-0.198263	0.444586	-0.175922	0.105429	0.385406	0.242648	0.200163	0.0824285	0.41347	0.347456	0.0759348	0.1267	-0.130913
-7.21805	-0.524054	0.401273	0.35346	-0.174099	0.415132	-0.26786	0.0520567	0.380504	0.288538	0.10863	0.0591014	0.232961	0.172997	-0.273069	0.11592	0.0169819
-7.21723	-0.542744	0.293619	0.548042	0.0128118	0.469773	-0.115282	0.0685111	0.379505	0.391398	0.131497	-0.132466	-0.0107234	0.0895528	-0.302931	0.0460606	0.0166108
-7.18359	-0.241428	0.169704	0.527009	0.0896101	0.616259	-0.0810318	0.0565347	0.265208	0.378259	-0.0260028	-0.173378	0.0647427	0.313666	-0.0368305	0.140948	0.119397
-7.16558	0.349225	0.164905	0.56847	0.0635201	0.626833	-0.336377	-0.122648	0.167452	0.149922	-0.043495	0.044719	0.155274	0.370499	0.0720833	0.0177795	0.127577
-7.43811	0.726398	0.107178	0.651518	0.0519647	0.577834	-0.35262	-0.106547	0.124374	0.00797711	0.0926675	0.0825157	0.233527	0.306775	0.13368	-0.00347327	0.154974
-8.26331	0.937359	0.248025	0.787203	0.0520209	0.522672	-0.29876	-0.0129519	0.0699617	0.0458651	0.171752	0.124151	0.254055	0.283096	0.131456	0.0499357	0.188976
-9.35558	1.17261	0.391142	0.854473	0.404243	0.523044	-0.256379	0.0545054	0.37138	0.165216	0.11376	0.108597	0.237543	0.193987	0.160968	0.13967	0.125909
-9.82147	1.35357	0.454198	0.469535	0.56403	0.492907	0.12199	0.144188	0.313595	0.27192	0.143742	0.0576008	0.226589	0.352562	0.152204	0.184801	0.164905
-9.95109	1.28463	0.557011	0.440613	0.378818	0.265345	0.213743	0.231624	0.220916	0.202575	0.194601	0.22488	0.215175	0.25016	0.200305	0.166271	0.160949
-10.2863	1.06155	0.500486	0.451311	0.502896	0.323891	0.274973	0.316942	0.255009	0.205971	0.198743	0.212175	0.245258	0.287943	0.289973	0.131089	0.14328
-10.0477	1.23208	0.525596	0.388231	0.434649	0.261656	0.234434	0.254668	0.25769	0.217475	0.210186	0.181836	0.213208	0.179783	0.214471	0.113173	0.1438
-10.0815	1.22437	0.553185	0.371042	0.361027	0.260494	0.231597	0.197759	0.18673	0.151611	0.16129	0.155327	0.153154	0.119503	0.150226	0.0883072	0.0848829
-10.356	1.08343	0.627419	0.459751	0.405078	0.327596	0.212767	0.179411	0.154676	0.198626	0.187541	0.195771	0.195985	0.157184	0.159376	0.0892416	0.0570576
-10.3597	1.08794	0.633262	0.376047	0.379875	0.330887	0.227158	0.194828	0.176982	0.249782	0.221478	0.215772	0.23819	0.192097	0.211196	0.152046	0.0903239
-10.1077	1.25694	0.624559	0.375978	0.401692	0.331291	0.248296	0.259145	0.206439	0.250971	0.215998	0.21679	0.182586	0.172743	0.186133	0.169437	0.110867
-10.2073	1.20013	0.609725	0.385318	0.422933	0.38507	0.311738	0.243472	0.224879	0.296945	0.260943	0.230828	0.210244	0.186874	0.141487	0.183004	0.112504
-10.2007	1.18407	0.585079	0.372273	0.353242	0.332717	0.236311	0.230023	0.23819	0.281349	0.248651	0.15037	0.220746	0.197461	0.121325	0.112339	0.114234
-10.0809	1.23123	0.64125	0.446859	0.380101	0.376167	0.288819	0.275427	0.2408	0.263642	0.254907	0.145394	0.199787	0.132683	0.130057	0.134857	0.123072
-10.413	1.08077	0.687716	0.53687	0.516783	0.476142	0.358432	0.379897	0.344895	0.314325	0.311255	0.197008	0.180124	0.114444	0.0763068	0.0935582	0.159694
-10.2924	1.2314	0.712538	0.518543	0.453761	0.403557	0.322594	0.327051	0.294013	0.270169	0.244687	0.165393	0.208039	0.133657	0.0787074	0.0501416	0.108617
-10.2314	1.24971	0.663182	0.439188	0.416162	0.367163	0.303524	0.28263	0.331681	0.332379	0.248066	0.187769	0.204412	0.123868	0.149978	0.102396	0.121968
-10.3872	1.11132	0.690339	0.479078	0.416455	0.379373	0.361897	0.333801	0.351705	0.427164	0.312473	0.218261	0.110201	0.0939003	0.149535	0.101556	0.160078
-10.1847	1.22746	0.662276	0.496316	0.478902	0.390429	0.3427	0.297177	0.189896	0.325733	0.245438	0.222521	0.140948	0.172888	0.140186	0.089165	0.151698
-10.1939	1.34319	0.766174	0.572516	0.488029	0.356065	0.238925	0.178799	0.0696382	0.259443	0.231192	0.177011	0.193822	0.170459	0.0953558	0.157627	0.230694
-10.0782	1.45271	0.807622	0.576912	0.4248	0.329079	0.193966	0.0975332	0.029518	0.124797	0.203765	0.142454	0.209645	0.17073	0.0838339	0.136509	0.243353
-9.99151	1.3922	0.714273	0.518271	0.388033	0.274876	0.189708	0.169988	0.17848	0.113149	0.15686	0.14224	0.188267	0.182747	0.153393	0.181456	0.229912
-10.1852	1.1797	0.61446	0.439509	0.454576	0.376295	0.227706	0.194486	0.173677	0.257461	0.253779	0.224779	0.224523	0.174567	0.171111	0.197246	0.237733
-10.1945	1.17372	0.611992	0.421569	0.372633	0.306792	0.273356	0.256744	0.21411	0.2386	0.227961	0.267319	0.206912	0.143149	0.136817	0.152134	0.196888
-10.1569	1.21441	0.626756	0.413605	0.327987	0.298311	0.257572	0.199687	0.202973	0.190655	0.2162	0.207189	0.118779	0.171385	0.149596	0.11908	0.109171
-10.4157	1.00718	0.661226	0.530133	0.413084	0.394208	0.313678	0.176475	0.168026	0.164572	0.247742	0.232252	0.11393	0.158714	0.152158	0.136282	0.118601
-10.2814	1.10265	0.540636	0.413433	0.304102	0.315742	0.256852	0.228301	0.225949	0.167779	0.170242	0.182613	0.186544	0.201177	0.156607	0.132775	0.127444
-10.1093	1.20509	0.516374	0.403061	0.326848	0.253425	0.171703	0.136082	0.148337	0.163675	0.136145	0.151582	0.141196	0.16833	0.14779	0.135474	0.0832252
-10.2302	1.12171	0.54156	0.430284	0.390163	0.30284	0.220275	0.210926	0.255438	0.262915	0.160004	0.143426	0.265018	0.234761	0.112183	0.0957945	0.0948113
-10.2295	1.1217	0.55076	0.473891	0.436984	0.331603	0.225188	0.224955	0.305637	0.279672	0.213636	0.151256	0.255666	0.192091	0.155207	0.106752	0.116774
-10.0118	1.23475	0.558751	0.41425	0.307489	0.304909	0.259826	0.237412	0.268107	0.214647	0.23179	0.197457	0.214414	0.164757	0.182408	0.154372	0.141301
-10.0232	1.2509	0.626321	0.424978	0.36756	0.37978	0.312316	0.261843	0.262438	0.212567	0.215203	0.178065	0.203289	0.20619	0.212362	0.159841	0.131988
-10.039	1.21466	0.58644	0.443862	0.427217	0.339864	0.286086	0.270254	0.269343	0.274834	0.248126	0.195365	0.182916	0.224967	0.190285	0.138022	0.136622
-9.95178	1.28087	0.555515	0.411897	0.317957	0.278377	0.282101	0.230971	0.238965	0.219043	0.176387	0.204341	0.160526	0.190633	0.179301	0.157918	0.161118
-10.2534	1.1611	0.608636	0.375384	0.342875	0.290976	0.282559	0.258305	0.246356	0.242016	0.198184	0.210498	0.175921	0.167269	0.191177	0.216361	0.169182
-10.3131	1.11545	0.503908	0.30022	0.462053	0.392584	0.289404	0.227075	0.290088	0.325876	0.207991	0.175927	0.174577	0.212257	0.221967	0.20831	0.111542
-10.2243	1.18067	0.487114	0.366717	0.422462	0.383619	0.235537	0.158573	0.294259	0.286646	0.175454	0.192183	0.0980139	0.254157	0.214231	0.143254	0.160035
-10.3105	1.05441	0.435014	0.411805	0.339205	0.361291	0.243804	0.131362	0.248836	0.205584	0.22579	0.269008	0.0597453	0.263314	0.279367	0.14326	0.0953956
-10.2297	1.10384	0.477622	0.419536	0.354675	0.297864	0.209262	0.196163	0.250293	0.233862	0.206028	0.231715	0.130438	0.234986	0.218914	0.164479	0.0921521
-10.2664	1.1495	0.629135	0.447281	0.420797	0.345279	0.293455	0.282743	0.284784	0.283163	0.186254	0.227346	0.255964	0.234403	0.138595	0.16426	0.122186
-10.2929	1.15464	0.677229	0.431478	0.468313	0.407381	0.266125	0.275398	0.221876	0.238147	0.202249	0.310615	0.354182	0.271535	0.0825503	0.084389	0.060518
-10.0962	1.21033	0.583525	0.362104	0.372697	0.33654	0.186826	0.237947	0.237212	0.256276	0.211463	0.204586	0.253027	0.223098	0.160388	0.160587	0.12339
-10.0324	1.27119	0.617921	0.404168	0.401948	0.351999	0.254121	0.270635	0.250758	0.232579	0.209233	0.143124	0.198704	0.195037	0.155358	0.150836	0.139623
-10.0985	1.26471	0.611202	0.412841	0.414752	0.339542	0.27609	0.291144	0.257503	0.194241	0.164445	0.16189	0.165309	0.2026	0.180625	0.142249	0.154248
-10.0092	1.2808	0.547693	0.387386	0.34286	0.264561	0.237376	0.239551	0.207689	0.192795	0.19802	0.207473	0.128554	0.19562	0.188702	0.153454	0.155468
-10.257	1.06311	0.572377	0.40343	0.361035	0.342709	0.224583	0.235146	0.208719	0.208385	0.179744	0.232243	0.122821	0.204011	0.21519	0.16836	0.156614
-10.165	1.16688	0.58098	0.362267	0.361769	0.322262	0.200964	0.229973	0.225862	0.238084	0.210333	0.196138	0.159666	0.197457	0.181597	0.10272	0.101517
-10.0896	1.19376	0.558221	0.351017	0.339361	0.294067	0.20952	0.213563	0.164953	0.182798	0.206744	0.159713	0.178096	0.214595	0.165967	0.0687277	0.0576901
-10.1456	1.2479	0.573425	0.355423	0.388048	0.325728	0.247782	0.242527	0.222139	0.256113	0.219906	0.14397	0.149697	0.228032	0.184894	0.132493	0.116743
-10.3175	1.18407	0.555047	0.340429	0.398836	0.363542	0.284503	0.215692	0.208212	0.275636	0.269503	0.176057	0.165133	0.211662	0.256274	0.200897	0.120819
-10.3523	1.0973	0.524881	0.359477	0.358831	0.323468	0.239912	0.199295	0.173405	0.314663	0.291464	0.183155	0.181425	0.175354	0.194164	0.151909	0.140576
-10.4409	1.0329	0.615423	0.415429	0.352077	0.302373	0.248478	0.30011	0.268762	0.282733	0.209418	0.195262	0.193179	0.189551	0.127844	0.124405	0.24566
-10.3014	1.13791	0.606497	0.400451	0.325832	0.230884	0.167233	0.322011	0.319156	0.278437	0.194204	0.174213	0.211406	0.214281	0.13406	0.130555	0.172051
-10.3502	1.07825	0.53593	0.360016	0.325591	0.229742	0.160388	0.322869	0.288536	0.296239	0.223245	0.173132	0.209901	0.198023	0.122544	0.0632583	0.0269361
-10.3603	1.04237	0.52149	0.376581	0.432182	0.353889	0.166769	0.259441	0.237824	0.25791	0.176774	0.155453	0.155863	0.115894	0.0431669	0.0104278	0.0242001
-10.2733	1.12787	0.586187	0.39607	0.393574	0.3899	0.268083	0.200703	0.177531	0.280903	0.216359	0.184412	0.130633	0.1369	0.111604	0.0690592	0.0756524
-10.3042	1.12393	0.569856	0.464703	0.415904	0.29579	0.244077	0.245885	0.16782	0.218559	0.221049	0.183023	0.148096	0.24804	0.147228	0.0702072	0.0548894
-10.224	1.18779	0.579975	0.469119	0.43241	0.264232	0.175408	0.236273	0.117807	0.164464	0.153678	0.1398	0.185384	0.289694	0.18402	0.113464	0.116683
-10.083	1.23948	0.543437	0.404891	0.392495	0.263418	0.196212	0.268347	0.13808	0.193629	0.175989	0.163392	0.126594	0.228111	0.202594	0.125451	0.125673
-10.0195	1.30061	0.571717	0.413159	0.375726	0.299743	0.244779	0.283682	0.178614	0.215486	0.207318	0.199655	0.158191	0.175193	0.173023	0.117555	0.125771
-10.0362	1.25411	0.518275	0.380319	0.414265	0.329756	0.27522	0.255444	0.190145	0.189479	0.188196	0.233439	0.150679	0.166546	0.151711	0.158953	0.123145
-10.0234	1.27472	0.511834	0.352256	0.331893	0.252194	0.226547	0.238398	0.187236	0.189916	0.201279	0.237243	0.168323	0.183492	0.14612	0.157813	0.163745
-10.0988	1.2436	0.577624	0.399017	0.39097	0.316703	0.244701	0.246098	0.191181	0.227942	0.20273	0.210964	0.18766	0.198074	0.152834	0.119416	0.199183
-10.0527	1.26623	0.606171	0.42454	0.384825	0.355415	0.244327	0.258384	0.21685	0.210643	0.18125	0.18268	0.215364	0.22347	0.161496	0.119446	0.197828
-10.0714	1.24632	0.602489	0.387326	0.34775	0.327467	0.248773	0.228882	0.212975	0.203681	0.201626	0.176215	0.227832	0.196896	0.150985	0.158307	0.185275
-10.0744	1.24496	0.571422	0.38497	0.326543	0.237806	0.256812	0.16227	0.176371	0.181916	0.179342	0.148967	0.204764	0.16162	0.155753	0.192829	0.202837
-10.1932	1.22732	0.680157	0.451972	0.391202	0.258918	0.208222	0.163387	0.193243	0.232377	0.191907	0.149422	0.184281	0.155278	0.100712	0.135773	0.129664
-10.2502	1.22842	0.672076	0.425717	0.396264	0.313342	0.215828	0.24517	0.227864	0.258985	0.198849	0.161057	0.214901	0.191351	0.0913222	0.106995	0.110321
-10.2812	1.17702	0.658766	0.386579	0.365329	0.310716	0.18287	0.211856	0.279467	0.297668	0.220457	0.220154	0.239672	0.253795	0.122893	0.0914459	0.126182
-10.2099	1.15683	0.671187	0.41696	0.371649	0.369496	0.269051	0.253224	0.280118	0.262708	0.177257	0.20436	0.175676	0.221448	0.146535	0.100808	0.0787049
-10.3486	1.04786	0.695849	0.468143	0.449807	0.430024	0.340092	0.397036	0.334574	0.307188	0.222802	0.215523	0.227083	0.300069	0.203286	0.0889896	0.0155503
-10.3301	1.09679	0.686613	0.474183	0.477047	0.395861	0.277489	0.391134	0.30569	0.272946	0.211806	0.246915	0.230846	0.196461	0.149799	0.136136	0.156314
-10.2293	1.20275	0.619069	0.446594	0.480769	0.361036	0.268432	0.275938	0.265458	0.245235	0.130431	0.15994	0.167981	0.191872	0.168287	0.167094	0.1446
-10.4266	1.07342	0.589576	0.447017	0.455304	0.354549	0.305052	0.235184	0.22888	0.280554	0.179754	0.246288	0.215955	0.243941	0.181235	0.137497	0.138193
-10.3315	1.05177	0.532095	0.389139	0.32916	0.293585	0.252029	0.225323	0.188911	0.231802	0.142355	0.235572	0.190998	0.190464	0.178688	0.164084	0.175552
-10.3275	1.03913	0.574757	0.411467	0.360751	0.305986	0.270463	0.221475	0.164358	0.176858	0.109061	0.210973	0.114141	0.0800513	0.138362	0.173156	0.121569
-10.36	0.98816	0.554357	0.419432	0.433789	0.296153	0.305524	0.286542	0.183795	0.212256	0.182764	0.189086	0.134753	0.143048	0.112087	0.0960485	0.110907
-10.2959	0.99968	0.478706	0.38187	0.376961	0.28638	0.280642	0.187903	0.124538	0.195752	0.183887	0.165972	0.14972	0.190762	0.179871	0.0608971	0.114486
-10.3411	1.00313	0.548054	0.448362	0.365857	0.310435	0.274118	0.175085	0.212497	0.293784	0.200392	0.168263	0.178873	0.16283	0.199469	0.0871049	0.127978
-10.3336	1.03144	0.533967	0.421898	0.369478	0.400655	0.289188	0.154504	0.270553	0.350358	0.224975	0.182366	0.203156	0.142185	0.178119	0.146724	0.152052
-10.151	1.1826	0.493784	0.397137	0.361612	0.38838	0.240997	0.170645	0.219758	0.284025	0.197854	0.166082	0.199659	0.133425	0.174934	0.0891174	0.124429
-10.3518	0.986698	0.411164	0.373518	0.423773	0.390197	0.23096	0.262742	0.188697	0.270412	0.212271	0.219871	0.190529	0.166073	0.248599	0.112132	0.134973
-10.1621	1.17205	0.589198	0.470222	0.397711	0.312185	0.232167	0.305634	0.226424	0.242098	0.218568	0.278287	0.164153	0.150034	0.191178	0.172651	0.137234
-10.0979	1.23717	0.631686	0.447875	0.390589	0.319732	0.235728	0.282159	0.226303	0.228387	0.194167	0.27511	0.202471	0.251697	0.175397	0.135465	0.107209
-10.3682	1.14044	0.698086	0.428392	0.435357	0.360442	0.253308	0.335368	0.311066	0.300854	0.172192	0.190249	0.158084	0.239893	0.188375	0.139333	0.214873
-10.213	1.23679	0.598448	0.376985	0.386567	0.369868	0.274532	0.264966	0.240703	0.243673	0.204514	0.172628	0.171692	0.179169	0.143514	0.118203	0.205218
-10.1841	1.23773	0.618356	0.439382	0.443814	0.404879	0.288304	0.206981	0.226565	0.223005	0.124596	0.181732	0.250194	0.178939	0.124438	0.112472	0.171911
-10.3705	1.06878	0.593374	0.41974	0.495906	0.489291	0.28146	0.168779	0.281034	0.294173	0.187109	0.182063	0.259977	0.21156	0.187725	0.201418	0.197416
-10.1525	1.19318	0.532445	0.37658	0.421387	0.391811	0.191261	0.16603	0.184651	0.303179	0.271804	0.219807	0.216042	0.196613	0.114814	0.145865	0.162047
-9.31595	1.51826	0.420754	0.450054	0.221887	0.228729	0.147466	0.197367	0.0842622	0.185602	0.13689	0.121448	0.0537077	0.12166	0.0531008	0.0888703	0.0295282
