-1e+10
-1e+10
-1e+10
-1e+10
-1e+10
-1e+10
-1e+10
-1e+10
-1e+10
-1e+10
-1e+10
-1e+10
-1e+10
-1e+10
-1e+10
-1e+10
-1e+10
-1e+10
-1e+10
-1e+10
-1e+10
-1e+10
-1e+10
-1e+10
-1e+10
-1e+10
-1e+10
-1e+10
-1e+10
-1e+10
-1e+10
-1e+10
-1e+10
-1e+10
-1e+10
5.34691
5.36473
5.3689
5.36733
5.36448
5.36163
5.35813
5.35267
5.34742
5.34216
5.3296
5.30629
5.29219
5.27502
5.26191
5.25082
5.23997
5.23129
-1e+10
-1e+10
-1e+10
-1e+10
-1e+10
-1e+10
-1e+10
-1e+10
-1e+10
-1e+10
-1e+10
-1e+10
-1e+10
-1e+10
-1e+10
-1e+10
-1e+10
-1e+10
-1e+10
-1e+10
5.57901
5.54332
5.52497
5.51011
5.50166
5.50116
5.50889
5.52486
5.54144
5.55301
5.56242
5.56922
5.57344
5.57545
5.57596
5.57643
5.57839
5.58196
5.58629
5.59149
5.59807
5.60368
5.60786
5.61035
5.61167
5.61441
5.61966
5.62478
5.62831
5.63109
5.63441
5.6385
5.64262
5.64636
5.65024
5.65534
5.66129
5.66649
5.66977
5.6718
5.67397
5.67613
5.67696
5.67558
5.67168
5.6647
5.65572
5.64976
5.64627
5.64177
5.63437
5.62454
5.61449
5.60531
5.59676
5.58806
5.57823
5.56675
5.55465
5.5436
5.53395
5.52461
5.5145
5.50329
5.4912
5.47906
5.4679
5.45822
5.4498
5.4426
5.43724
5.43396
5.43166
5.42946
5.42653
5.42145
5.41444
5.40555
5.39414
5.37912
5.36251
5.34788
5.33407
5.31829
5.3023
5.28817
5.27342
5.25886
5.24694
5.23504
5.19676
5.18224
5.17664
5.1401
5.13122
5.12844
-1e+10
-1e+10
-1e+10
-1e+10
-1e+10
-1e+10
-1e+10
-1e+10
-1e+10
-1e+10
-1e+10
-1e+10
-1e+10
-1e+10
-1e+10
-1e+10
-1e+10
-1e+10
-1e+10
-1e+10
-1e+10
-1e+10
-1e+10
-1e+10
-1e+10
-1e+10
-1e+10
-1e+10
-1e+10
-1e+10
-1e+10
-1e+10
-1e+10
-1e+10
-1e+10
-1e+10
-1e+10
-1e+10
-1e+10
-1e+10
-1e+10
-1e+10
-1e+10
-1e+10
-1e+10
-1e+10
-1e+10
