-9.45764	1.66121	0.46086	0.467903	0.263939	0.273866	0.230099	0.228443	0.109607	0.188255	0.133395	0.0276875	0.0897448	0.129501	0.0523303	0.0455671	0.0444884
-9.57119	1.90206	0.980564	0.311807	0.188367	0.136823	0.217383	0.1666	0.100762	0.103639	0.0528853	0.019857	0.0587104	0.0989107	0.0653576	-0.0107999	-0.000933528
-9.3239	2.49084	1.06296	0.207755	0.0745485	0.208963	0.20086	0.228165	0.100462	0.0682668	0.047475	0.078172	0.0661337	0.0991815	0.0180216	0.017366	0.0749167
-9.2659	2.41145	0.98788	0.267435	0.104538	0.19232	0.194241	0.231761	0.120568	0.0856883	0.0273829	0.106166	0.0843185	0.0835247	0.0209704	0.051629	0.0685667
-9.4668	1.8516	0.773113	0.478223	0.306144	0.235698	0.208526	0.228436	0.196347	0.183082	0.142505	0.132072	0.124062	0.13852	0.118319	0.10649	0.115223
-10.0705	1.33644	0.641312	0.485938	0.429418	0.373595	0.316079	0.315913	0.260609	0.248999	0.285643	0.205702	0.205284	0.272452	0.244817	0.195768	0.155172
-9.75878	1.40604	0.564365	0.453982	0.408388	0.319624	0.268951	0.280201	0.24826	0.23693	0.248041	0.242963	0.194019	0.224489	0.183694	0.177088	0.174226
-9.55936	1.40713	0.513223	0.441224	0.35238	0.294738	0.257621	0.232145	0.203946	0.259757	0.215211	0.180634	0.167223	0.195102	0.16677	0.170953	0.194089
-9.56494	1.4085	0.459779	0.412475	0.311871	0.266257	0.240029	0.219867	0.197237	0.200209	0.198946	0.174006	0.165516	0.177186	0.181056	0.167637	0.170848
-9.56568	1.43383	0.480999	0.416168	0.319388	0.266697	0.250671	0.24445	0.198744	0.208313	0.2146	0.181761	0.181689	0.182672	0.181291	0.154953	0.169643
-9.45589	1.3916	0.513998	0.456083	0.324758	0.275907	0.25256	0.259834	0.217501	0.231644	0.207205	0.20933	0.211129	0.184942	0.168038	0.190655	0.208278
-9.30846	1.4743	0.501042	0.431342	0.336664	0.295241	0.257346	0.253844	0.223254	0.228329	0.204984	0.207466	0.188044	0.185576	0.175967	0.174978	0.170758
-9.72167	1.42213	0.589789	0.475201	0.409516	0.358125	0.291797	0.294437	0.240386	0.280971	0.217967	0.234047	0.198921	0.233912	0.186823	0.215862	0.175962
-9.35639	1.43699	0.545957	0.451816	0.3303	0.302149	0.30141	0.291196	0.237395	0.242727	0.196946	0.224007	0.205492	0.207642	0.16943	0.172396	0.196099
-9.53874	1.44511	0.535858	0.49613	0.36812	0.3419	0.296135	0.235949	0.253483	0.273726	0.229913	0.22621	0.210392	0.237252	0.213215	0.180501	0.188917
-9.8827	1.40627	0.635146	0.548352	0.403675	0.403756	0.345326	0.27617	0.301617	0.310692	0.270955	0.232462	0.225348	0.25416	0.236587	0.177377	0.174561
-9.36885	1.44808	0.548519	0.492122	0.373345	0.344174	0.279976	0.274832	0.286142	0.241834	0.218704	0.209959	0.212699	0.215929	0.19286	0.176104	0.105222
-9.72507	1.39578	0.571298	0.488932	0.398202	0.387591	0.312718	0.309603	0.270274	0.288855	0.234237	0.244229	0.259764	0.202475	0.20739	0.203281	0.188226
-9.74076	1.38025	0.531931	0.447519	0.354738	0.315704	0.269377	0.281151	0.260946	0.253081	0.207157	0.240036	0.23431	0.220186	0.193313	0.194239	0.195304
-9.43181	1.43613	0.541748	0.470506	0.34257	0.316731	0.269524	0.230114	0.237764	0.223304	0.208266	0.200878	0.173058	0.204598	0.200846	0.168587	0.142986
-9.91415	1.43743	0.634944	0.510113	0.413423	0.364728	0.342811	0.308765	0.289556	0.286751	0.24853	0.248413	0.208598	0.239496	0.168917	0.206152	0.160997
-9.66963	1.44018	0.57875	0.477031	0.400264	0.333439	0.307197	0.281819	0.2602	0.273606	0.235193	0.234724	0.191719	0.225168	0.19136	0.219248	0.171344
-9.5721	1.46489	0.600681	0.476826	0.389517	0.323098	0.285123	0.269887	0.224975	0.221097	0.209968	0.277659	0.226995	0.214476	0.165985	0.168747	0.182181
-10.3562	1.22216	0.756753	0.546375	0.49567	0.450287	0.382404	0.292616	0.356231	0.443498	0.443495	0.380995	0.209347	0.186933	0.215918	0.163223	0.243612
-9.65475	1.46608	0.608543	0.510126	0.396339	0.338531	0.311544	0.292021	0.263612	0.25759	0.243628	0.250556	0.204518	0.169287	0.206419	0.163178	0.195432
-9.86086	1.39035	0.580881	0.466071	0.423439	0.327938	0.293373	0.302076	0.267032	0.265692	0.246239	0.241684	0.206	0.187717	0.197973	0.176149	0.184123
-10.0612	1.3207	0.605921	0.446173	0.414964	0.361686	0.309799	0.312723	0.263617	0.30825	0.258929	0.247321	0.184325	0.162411	0.210498	0.209808	0.208859
-9.86571	1.38774	0.617621	0.479432	0.378536	0.304773	0.272735	0.304768	0.219399	0.263497	0.24052	0.243716	0.206242	0.186945	0.207689	0.170256	0.193719
-10.2707	1.17043	0.711294	0.613447	0.495279	0.354036	0.285798	0.332158	0.203924	0.319186	0.293295	0.227171	0.226551	0.268735	0.222217	0.194064	0.328091
-9.68129	1.38805	0.537977	0.448697	0.349397	0.318243	0.280394	0.267024	0.241552	0.293721	0.194983	0.211397	0.187384	0.187948	0.186162	0.182001	0.207854
-10.1925	1.20074	0.621179	0.516668	0.378263	0.329166	0.359703	0.375238	0.335901	0.397974	0.250225	0.252382	0.16575	0.20627	0.266693	0.247082	0.246417
-9.84466	1.36854	0.542695	0.478016	0.374882	0.308817	0.291883	0.312636	0.309528	0.340313	0.26303	0.242388	0.228342	0.229197	0.234049	0.175479	0.180386
-9.69509	1.42536	0.555672	0.493265	0.400129	0.351719	0.304537	0.279401	0.275768	0.279905	0.247972	0.240128	0.233687	0.173357	0.153396	0.151765	0.160944
-10.3288	1.18013	0.747346	0.660286	0.537663	0.433862	0.380276	0.358863	0.336161	0.3735	0.212024	0.147498	0.184657	0.132266	0.147287	0.213993	0.198986
-9.62654	1.37815	0.569048	0.46339	0.374082	0.321355	0.283311	0.270916	0.233746	0.211596	0.230377	0.216858	0.180256	0.172955	0.168028	0.159203	0.145213
-9.69285	1.42426	0.559921	0.455095	0.376905	0.32584	0.273335	0.260059	0.244158	0.236434	0.22475	0.210277	0.199483	0.189241	0.164338	0.173313	0.156244
-9.86929	1.35739	0.603222	0.467107	0.390511	0.326302	0.261906	0.304917	0.227576	0.290532	0.227748	0.218111	0.170122	0.227355	0.214663	0.14024	0.202478
-9.57293	1.41159	0.578937	0.429126	0.317326	0.312902	0.296508	0.271164	0.160577	0.213975	0.17995	0.222198	0.188071	0.213311	0.178879	0.132572	0.185955
-9.58237	1.44959	0.544331	0.439716	0.368746	0.332089	0.294625	0.290183	0.238071	0.257976	0.220623	0.206408	0.190894	0.188116	0.17466	0.136311	0.13865
-9.86047	1.40042	0.612378	0.497204	0.465255	0.385838	0.303081	0.277469	0.25803	0.262634	0.263151	0.184725	0.187023	0.241917	0.209049	0.154778	0.162467
-9.52343	1.4085	0.561382	0.453871	0.36811	0.295591	0.257919	0.250942	0.238278	0.214433	0.220933	0.155079	0.174171	0.199245	0.203357	0.160998	0.128672
-9.38993	1.45548	0.570801	0.442357	0.32903	0.32083	0.277175	0.305127	0.236418	0.207857	0.265829	0.192322	0.207463	0.199025	0.163232	0.164638	0.107452
-9.37408	1.34682	0.441307	0.653992	0.403154	0.349055	0.0741469	0.319245	0.383076	0.127313	0.199253	0.185667	0.284422	0.183735	0.193617	0.277987	0.223709
-8.22195	1.54587	0.397049	0.552097	0.254522	0.082331	-0.0302442	0.0514352	0.14456	0.0233513	0.0202449	0.185398	0.139399	0.031623	0.169626	0.279615	0.216514
-6.67411	2.25776	-0.0542278	0.244053	-0.179179	-0.497707	-0.156328	0.265607	0.023645	-0.0290406	-0.262417	-0.0225274	0.194256	0.0364013	0.0774419	0.0418091	0.264465
-5.24211	2.52248	-0.427877	0.292112	-0.307564	-0.529037	-0.251921	0.231785	-0.174547	0.0745739	-0.16833	-0.000445876	-0.0285707	-0.307764	0.0516439	-0.0682466	0.177056
-4.74643	2.64345	-0.709638	0.407393	-0.547724	-0.493126	-0.420192	0.297188	-0.263859	0.106481	-0.227129	-0.00452349	-0.063337	-0.450113	0.0183354	-0.225577	0.189659
-4.81269	2.47147	-0.587723	0.303118	-0.485308	-0.582264	-0.370153	0.291953	-0.195692	0.115355	-0.185814	0.0231266	-0.0702908	-0.481233	-0.0615986	-0.196084	0.102389
-5.07627	2.0876	-0.169426	0.731514	-0.574511	-0.40825	-0.452133	0.280603	-0.0585244	0.0156488	0.00542741	0.0623143	-0.0747484	-0.37238	-0.117234	-0.192285	0.039308
-4.4912	2.06658	-0.321053	0.916105	-0.724962	-0.283003	-0.569844	0.280236	-0.289877	-0.0362077	-0.192625	0.00607264	-0.109469	-0.263896	-0.0789712	-0.218452	0.000764013
-3.73044	2.05466	-0.390809	0.96602	-0.630214	-0.280932	-0.573609	0.357632	-0.247077	-0.0488592	-0.124455	0.0576806	-0.0478842	-0.34234	-0.0586651	-0.308212	0.0172854
-3.49429	2.11626	-0.663189	1.18687	-0.676593	-0.129193	-0.624394	0.0545443	-0.289446	-0.236948	-0.0315787	-0.0889294	0.018072	-0.362145	0.00904636	-0.366843	0.0535824
-3.43509	1.9195	-0.708355	1.20147	-0.805716	-0.152775	-0.725574	-0.0558194	-0.497154	-0.293339	-0.11559	-0.0657178	-0.0551038	-0.366179	0.0302057	-0.426956	0.0944234
-3.5702	1.5945	-0.460491	1.20412	-0.722663	-0.167429	-0.631645	-0.17128	-0.361245	-0.530692	0.0744923	-0.259677	0.0450947	-0.514181	0.0956655	-0.486568	0.0985159
-3.41235	2.01127	-0.161396	1.72802	-0.28824	0.428824	-0.219848	0.172777	-0.0769855	-0.416751	0.100379	-0.0662904	0.156372	-0.238017	0.367357	-0.191926	0.118698
-4.13491	2.28954	-0.0297077	1.83969	-0.132518	0.289339	-0.117555	0.0464958	-0.219369	-0.353079	-0.129149	0.146519	-0.153792	-0.0335579	0.165934	0.158604	-0.140572
-4.86644	3.12228	0.449295	1.68815	0.0566171	-0.0261108	0.10153	-0.012092	0.0278342	-0.308636	0.0371027	-0.0556999	0.155699	-0.301139	0.256517	-0.0294103	0.118628
-5.03189	3.2145	0.659125	1.32716	0.397866	0.0788117	-0.0890769	-0.2144	0.116465	-0.176318	-0.0205378	-0.0505341	0.181729	0.018372	0.0275199	0.0508353	-0.260024
-5.21446	3.33012	0.758036	1.17977	0.518179	-0.192408	-0.0883639	-0.126149	-0.12608	-0.277911	0.157627	-0.140413	0.178168	-0.0716179	0.120243	-0.13868	-0.18166
-5.15543	3.20538	0.906202	1.17142	0.570888	0.0492509	-0.153271	-0.316655	-0.214568	-0.103053	0.345369	-0.327181	0.0460684	-0.124914	0.226952	-0.142582	0.0311533
-5.35746	3.46265	1.06884	1.10938	0.717314	-0.183736	0.0725155	-0.325974	-0.270851	-0.000987131	0.187812	-0.0723306	0.00774214	0.0776262	-0.0167281	-0.043574	0.0143258
-5.18035	3.04694	1.11063	1.20485	0.522295	-0.0377901	0.000913993	-0.474049	-0.41467	-0.168262	0.351761	-0.0719241	0.258705	-0.00518871	-0.0337475	-0.252739	-0.201634
-4.85341	2.96511	1.26871	1.18726	0.324013	0.0874507	-0.0401792	-0.392581	-0.380679	-0.0217767	0.224227	-0.0185523	0.345156	0.0856288	-0.0746191	-0.460539	0.018626
-4.63343	2.9029	1.28647	1.04057	0.375264	-0.0137026	-0.0447314	-0.335195	-0.374377	0.0888508	0.0628965	0.000692603	0.399501	0.0408083	-0.0620582	-0.526545	0.118569
-4.59301	2.70565	1.39076	0.972248	0.336815	-0.272069	-0.12063	-0.24149	-0.41524	0.0759946	-0.0585057	0.0482702	0.579328	0.155595	-0.136798	-0.729082	-0.229747
-3.83341	2.22418	1.08952	1.23991	0.0822167	0.305139	-0.256023	-0.331529	-0.231307	-0.00880113	-0.0260611	0.0577544	0.279377	0.0520791	-0.0124631	-0.330158	-0.116232
-3.69295	1.97209	0.921207	1.66484	-0.0945402	0.121367	0.116896	-0.400726	-0.33057	-0.172213	0.0443208	0.0718617	0.108248	0.266083	0.108306	-0.545398	0.00533122
-3.7054	2.08657	0.717865	1.90029	-0.224804	0.145355	0.012392	-0.484267	-0.371485	-0.109088	0.10697	0.217665	0.116807	0.181143	-0.077117	-0.504823	0.108434
-3.69751	2.05176	0.601601	1.94285	-0.247867	0.110763	0.0144319	-0.434521	-0.476821	-0.10455	0.0994316	0.183245	0.136604	0.277828	-0.152448	-0.477777	-0.0710494
-3.52971	1.8659	0.693229	1.97552	-0.0323241	0.126053	0.195499	-0.443064	-0.529177	-0.205206	0.105515	-0.0257606	0.214374	0.21359	0.0703066	-0.359738	0.170664
-3.49591	1.87563	0.560282	2.03607	0.0873782	0.18434	0.195925	-0.319309	-0.662653	-0.271222	0.0352435	-0.050257	0.203577	0.312196	0.125927	-0.264818	0.176126
-3.37278	1.85695	0.580839	1.8845	0.190887	0.0004656	0.186285	-0.184632	-0.655453	-0.271958	0.15078	-0.132026	0.13464	0.311248	0.135002	-0.255968	0.230238
-3.38958	1.94344	0.46669	1.79401	0.345402	-0.0481799	0.123465	-0.0871312	-0.646668	-0.379747	0.147446	-0.061883	0.0619455	0.3769	0.152549	-0.298442	0.248899
-3.31974	2.04907	0.324469	1.6779	0.330416	-0.159581	-0.0362404	0.0550434	-0.489098	-0.447837	0.210552	-0.00223372	0.0843332	0.237719	0.0918161	-0.285378	0.171185
-3.3565	2.22666	0.267642	1.45485	0.343919	-0.158351	-0.229199	0.163696	-0.362087	-0.389078	0.0660687	0.124654	0.13458	0.12677	-0.0276288	-0.221759	0.0918257
-3.30371	2.29989	0.396822	1.22337	0.466544	-0.0522707	-0.206507	0.0768583	-0.183618	-0.388453	-0.0300338	-0.0576826	0.256874	0.0696646	0.0755558	-0.218263	0.423292
-3.53468	2.48396	0.338079	0.962737	0.351588	-0.0944335	-0.238963	-0.0368435	-0.0889405	-0.355924	-0.0154356	-0.0315564	0.427694	0.18013	-0.1264	-0.606173	0.0981185
-3.69673	2.94394	0.354381	0.701391	0.381857	0.191113	-0.0488493	-0.0505886	-0.29617	-0.249447	0.0814712	-0.0835124	0.103662	0.0502207	0.220336	-0.320226	0.319032
-3.89529	2.9601	0.57742	0.48016	0.450483	0.137083	0.149758	0.018776	-0.449766	-0.344099	0.0921956	-0.076944	0.158675	0.0495076	0.25887	-0.407101	0.39229
-4.27882	2.91137	0.748848	0.756701	0.785956	0.025119	-0.150175	0.0249174	-0.476562	-0.319424	0.0498431	-0.035665	0.258516	0.0160033	0.299384	-0.604464	0.0855373
-4.5566	3.17785	0.812716	0.702758	0.608905	-0.123515	-0.450096	0.24285	-0.543097	-0.352464	0.165309	0.102557	0.264296	0.180661	0.0894337	-0.934905	-0.239621
-4.44774	3.23988	0.926318	0.46309	0.821499	-0.269861	-0.175465	0.240984	-0.605551	-0.244121	0.150015	-0.0919009	0.289249	0.0637968	0.245386	-0.705823	-0.0349823
-4.56872	3.47853	0.90252	0.390275	0.809126	-0.125613	-0.322433	0.338935	-0.511496	-0.34445	0.212768	-0.151619	0.242936	0.125102	0.287895	-0.732694	0.101851
-4.59331	3.4298	0.97627	0.485583	0.907702	-0.227735	-0.162066	0.175357	-0.478876	-0.188543	0.0615872	0.0521804	0.169995	0.150151	0.260519	-0.785182	0.226058
-4.6838	3.36847	0.95158	0.484058	0.948028	-0.221814	-0.293338	0.120923	-0.585481	-0.168879	0.146031	0.0620109	0.294128	0.0625777	0.261899	-0.836055	0.0105318
-4.71711	3.27372	0.965962	0.442641	0.991733	-0.264846	-0.215715	-0.0156688	-0.609333	-0.159335	0.132422	0.0939188	0.366977	0.0203067	0.26177	-0.784001	-0.19205
-4.76873	3.33854	0.992594	0.514738	0.923768	-0.0631065	-0.296237	0.0521982	-0.543911	-0.275099	0.217726	0.109859	0.260026	0.0796948	0.318893	-0.901753	0.067274
-4.803	3.33105	0.907432	0.489516	0.955154	-0.106227	-0.254701	-0.0427429	-0.609121	-0.280408	0.184472	0.216211	0.195523	0.102717	0.33327	-0.971815	0.0149903
-4.77934	3.35382	0.890745	0.577642	0.97915	-0.145971	-0.0694519	-0.087716	-0.593566	-0.213673	0.193124	0.158513	0.273225	0.133292	0.23077	-0.913796	0.186108
-4.70612	3.28971	0.908268	0.513925	0.761056	-0.144243	0.139714	-0.0905693	-0.584629	-0.285873	0.13921	0.104181	0.14168	0.222267	0.109505	-0.75265	0.232408
-3.46843	2.61613	-0.142942	0.506671	0.643055	0.1946	0.100285	-0.0586712	-0.164144	0.070538	-0.0112678	-0.101385	-0.0649336	0.143102	-0.203747	-0.325246	0.132222
-3.38458	2.69322	-0.127467	1.13298	0.435282	-0.232831	-0.246172	-0.136998	-0.0371759	-0.144373	-0.112996	0.199259	0.161541	0.0988941	-0.0690243	-0.168293	0.192401
-3.2067	2.30059	-0.129622	1.20107	0.263995	-0.498156	-0.156342	-0.0294025	-0.223103	-0.0525892	-0.110944	0.234288	0.163086	-0.00567695	-0.120731	-0.0986222	-0.0664495
-3.07533	2.06939	-0.0339048	1.2617	0.145743	-0.457338	-0.152061	0.0595322	-0.22298	0.000748494	-0.0459114	0.246663	0.0635176	0.0842878	-0.111559	-0.117673	-0.130502
-3.26945	2.32723	-0.0795829	1.28826	0.181533	-0.526999	0.0217282	-0.0454336	-0.109782	-0.0763053	0.0641558	0.248992	-0.00543377	0.153425	-0.136165	-0.118903	-0.0551429
-3.25926	2.10699	0.0992282	1.2029	-0.0136209	-0.445715	-0.0540891	-0.0407197	-0.242023	0.0226631	-0.0380598	0.216002	0.00390279	0.065124	-0.0588555	-0.197497	-0.0991285
-3.37005	2.15392	0.0497225	1.20465	-0.0599451	-0.482697	-0.124239	0.0401042	-0.231751	-0.0711127	0.0129567	0.08781	0.0218132	0.163884	-0.113707	-0.0923488	-0.326526
-3.42448	2.07583	0.465362	0.917148	0.0912431	-0.434459	-0.16006	0.203009	-0.245866	-0.0265905	0.0479172	0.0159362	-0.000114696	0.268519	-0.135858	-0.127366	-0.183317
-3.62565	2.27008	0.407378	0.942974	0.045637	-0.424657	-0.0985809	0.172006	-0.237842	-0.0459191	-0.00808047	0.0261794	-0.00397514	0.249495	-0.0278822	-0.209696	-0.176008
-3.79881	2.34829	0.475959	0.819958	-0.071771	-0.213035	-0.313167	0.127479	-0.0757853	-0.359181	0.0910099	0.0384403	-0.131591	0.278066	0.0759417	-0.285831	-0.26251
-3.74828	2.27205	0.537146	1.02548	-0.155025	-0.0692561	-0.0947698	0.0480341	-0.170961	-0.0925389	-0.0918575	0.138951	-0.0858064	0.194379	0.0334232	-0.118228	-0.127355
-3.703	2.1385	0.475112	1.14279	-0.133507	-0.213186	0.0711372	-0.0481402	-0.301314	-0.0907233	-0.0557496	-0.0216823	-0.0518388	0.227447	-0.03	-0.0391862	-0.13663
-3.81616	2.23234	0.636727	1.1593	-0.0709962	-0.135543	0.202837	-0.0977895	-0.142174	-0.309403	0.118249	-0.133752	0.00277955	0.154299	0.116092	-0.146206	0.150407
-4.0924	2.29585	0.651107	1.13372	-0.0391047	-0.111925	0.222609	-0.169486	-0.388662	-0.252915	-0.0261265	-0.100744	-0.0786384	0.228397	-0.0469429	0.0475917	-0.000324575
-4.50444	2.30653	0.879886	1.40547	-0.225469	-0.0561868	0.264463	-0.205828	-0.495506	-0.318197	-0.19475	0.112083	-0.191294	0.128766	-0.070605	0.0736468	0.126779
-4.70631	1.91932	1.17953	1.52903	0.065052	0.209114	0.0630426	-0.574772	-0.469829	-0.113353	0.120325	-0.284713	-0.419454	0.0352032	0.00132374	0.343242	0.159591
-4.57594	2.06266	1.068	1.45089	-0.0193249	0.186296	0.238898	-0.339171	-0.289208	-0.185596	-0.180328	-0.0878948	-0.0218127	0.195822	-0.0316789	-0.0862149	0.27317
-4.8032	2.09778	1.27524	1.60869	-0.184302	0.10768	0.0789521	-0.153426	0.0790422	-0.185148	-0.266046	-0.131645	-0.00537356	0.516549	0.0847787	-0.192256	-0.091321
-4.61629	1.92381	1.09947	1.354	-0.165398	0.234585	0.138357	-0.0714418	-0.150984	-0.20891	-0.203779	0.0296545	-0.138001	0.268337	-0.0171824	-0.142428	-0.00750513
-4.75506	2.17579	1.10901	1.38283	0.011583	0.292897	0.378455	0.00523739	-0.0873524	-0.0794384	0.0213013	-0.0339959	-0.112033	0.348261	-0.0986558	-0.0368243	0.181037
-5.01728	2.26861	1.21684	1.42216	-0.0341881	0.272623	0.367081	0.0654375	-0.0829138	0.00166722	-0.0903717	0.107737	-0.204689	0.287238	-0.0280921	0.0237748	0.0826448
-5.29027	2.34256	1.25857	1.36234	-0.139319	0.234617	0.291138	0.0345299	-0.0518566	-0.163213	0.0840879	-0.192825	-0.0315248	0.0495055	0.0904896	-0.106404	0.0576186
-5.50286	2.25941	1.38078	1.40413	-0.384379	0.226773	0.185823	0.1916	-0.362638	-0.00337644	-0.00499477	-0.248926	-0.140768	0.0658763	0.0155755	-0.110356	-0.0276795
-5.80502	2.25106	1.42239	1.27095	-0.31938	0.129071	0.0188739	0.265524	-0.548948	-0.177125	0.154821	-0.408521	-0.384453	0.0518576	-0.0158963	-0.0270974	-0.213818
-5.74876	2.23428	1.42999	1.45872	-0.0979589	0.325383	0.290222	0.097412	-0.240998	-0.0388935	-0.144585	-0.126031	-0.0671978	0.0424373	-0.108804	0.095398	0.0296372
-5.71378	2.08318	1.58537	1.31939	-0.196777	0.520202	0.355676	0.0299914	-0.234982	-0.0963671	-0.131567	-0.19196	-0.0384413	0.0553217	0.0194647	-0.110644	0.129323
-5.66571	2.05766	1.73987	1.10832	0.021239	0.553795	0.330384	0.186375	-0.334745	-0.174422	0.171667	-0.249053	-0.122282	0.375982	-0.0958562	-0.0283701	0.0962892
-5.55079	2.02808	1.52125	1.34359	0.00886155	0.410591	0.305591	-0.0349909	-0.129671	-0.0547943	-0.0983152	0.0586375	-0.184509	0.0892079	0.0758875	0.138275	-0.107026
-5.39124	1.74178	1.37195	0.976761	-0.186855	0.321848	-0.0153122	-0.18226	-0.00333776	-0.451403	-0.328914	-0.147488	-0.185808	-0.164291	0.0333012	-0.187263	-0.192068
-5.2741	1.92218	1.43163	1.37359	0.0783015	0.238248	0.297525	-0.0287445	-0.0609694	-0.032648	-0.121388	-0.258962	0.171064	0.0355723	0.0190447	-0.0217813	0.00260005
-5.03535	1.74773	1.15013	1.36864	-0.117149	0.171974	0.0318915	-0.036284	-0.289197	-0.18241	-0.0341418	-0.240291	-0.127982	-0.0151272	-0.0516073	-0.0810347	-0.144899
-5.08193	1.93455	1.40055	1.35626	-0.0839822	0.203446	-0.191072	0.174243	-0.196435	0.0481855	-0.062617	-0.242154	-0.187019	0.155498	-0.0244954	-0.0111698	-0.0824156
-4.74463	1.81689	1.20713	1.46156	-0.187605	0.18522	0.181011	0.0235396	-0.287908	0.0658555	-0.227209	-0.0341332	-0.13827	0.164573	-0.0991197	-0.162438	0.111259
-4.75156	1.90415	1.21586	1.5259	-0.200709	0.0103535	0.31085	-0.0920854	-0.130996	-0.158519	-0.09108	-0.156698	-0.098075	0.120909	0.0244912	-0.0700954	-0.0369387
-4.7738	2.0931	1.0321	1.40397	-0.00305265	-0.112651	-0.0445991	0.252752	-0.306855	-0.198429	-0.10728	-0.289895	-0.0721349	0.204617	-0.112521	-0.0631778	-0.0357781
-4.66124	2.30144	1.175	1.6127	-0.0016526	0.041968	0.323558	0.109585	-0.111424	0.0118117	0.0280364	-0.130372	0.0999181	0.153742	-0.0186264	0.0504513	0.226089
-4.65168	2.35772	1.04103	1.5493	0.137824	-0.13912	0.163385	0.251375	-0.227796	-0.0899834	0.011593	-0.092222	-0.0902696	0.328983	-0.0469293	-0.0889911	0.242757
-4.68325	2.30005	1.08534	1.52894	0.0300307	-0.146166	-0.00253203	0.261431	-0.127117	-0.24628	-0.0319845	-0.128417	-0.0862875	0.290606	-0.0293796	-0.109047	0.17033
-4.69043	2.51321	1.064	1.73395	0.0158857	0.0574205	0.056762	0.22524	0.0530743	-0.0888507	0.00717556	-0.082846	0.0877247	0.227243	0.148333	-0.242511	0.410568
-4.62604	2.31679	1.01978	1.63126	0.0248316	-0.101261	0.00364552	0.11671	0.0439801	-0.183587	-0.148755	-0.00898358	-0.0462354	0.243091	0.0648302	-0.01004	0.055574
-4.74867	2.5475	1.1714	1.58502	0.230728	-0.0668627	-0.0299621	0.286341	0.135217	-0.198102	0.0435877	-0.0153942	0.0303032	0.266563	0.143284	0.00794028	0.169551
-4.8021	2.76967	1.14366	1.74989	0.181553	-0.0333206	0.244017	0.230807	0.198963	-0.0428603	-0.0502121	0.195018	0.0535061	0.269079	0.17166	0.018217	0.325253
-4.88926	2.71485	0.795727	1.45582	0.327804	-0.270259	-0.186957	0.2848	0.0161564	-0.34002	-0.0710008	0.0752415	-0.246527	0.219634	0.14336	-0.148029	0.140877
-4.82252	2.70279	0.867134	1.51249	0.23849	-0.0637746	-0.048516	0.115529	0.160596	-0.348378	0.0268639	0.0872793	-0.139489	0.146906	0.164624	-0.0836844	0.221385
-4.81352	2.64396	0.819083	1.42042	0.249512	-0.00634103	-0.263461	0.299721	-0.0367178	-0.250245	-0.188089	0.141286	-0.0148258	-0.0304875	0.133517	-0.00471915	0.126379
-4.95388	2.82313	0.83813	1.32333	0.301085	0.0354175	-0.266244	0.230568	0.0153606	-0.22716	-0.192463	0.163561	-0.0923808	0.107469	0.0117645	0.0555324	0.133028
-4.93689	2.83532	0.754691	1.34052	0.358968	0.0444722	-0.256747	0.0400007	0.268752	-0.361963	-0.18	0.0919968	0.0380422	0.0602091	-0.0615132	0.154253	0.0928423
-5.00349	2.9447	0.724358	1.34789	0.357229	0.0212993	-0.106464	-0.0179242	0.203736	-0.273423	-0.180199	0.14712	-0.0453236	0.0841773	0.00300986	0.0952889	0.148059
-5.06792	3.03521	0.67234	1.54301	0.247501	0.0394712	-0.00212868	-0.122333	0.214103	-0.251206	-0.127491	0.0221848	0.131182	0.0609041	-0.153353	0.233189	0.174043
-5.14238	3.31198	1.21113	1.31613	0.539054	0.472264	0.0770004	-0.0592403	0.412603	0.0929516	-0.18726	0.331812	0.454336	0.0529588	-0.133213	0.427857	0.430341
-4.89371	2.62849	0.969126	1.40058	0.218014	0.293986	-0.187595	0.0263175	-0.0711632	-0.237531	-0.169341	0.217239	0.204336	-0.135535	-0.315536	0.285751	0.322096
-5.28432	3.12693	0.629167	1.25444	0.430932	0.218538	0.00497272	-0.353387	-0.0758994	-0.191646	-0.0843748	-0.154538	0.13522	0.131124	-0.308667	0.28858	0.113898
-5.16733	2.71939	0.594405	1.0345	0.236343	0.428245	-0.296908	-0.456073	-0.0209573	-0.467476	-0.27608	-0.0798903	-0.0953976	-0.0482024	-0.143369	-0.000695863	0.0422222
-5.35696	2.69438	0.783163	0.95375	0.206236	0.426002	-0.0662806	-0.153103	-0.330408	-0.503583	-0.350686	0.1658	-0.33388	-0.0433483	-0.0604164	0.0981232	-0.0282625
-5.14954	1.89356	0.473362	0.849817	0.499895	0.597281	-0.266598	-0.333507	-0.192349	-0.636923	-0.699959	-0.40569	-0.396466	-0.0554972	-0.269924	0.0434925	0.0341764
-4.93433	2.23618	0.867234	0.943515	0.576646	0.488161	0.25589	-0.0424287	-0.255174	-0.322934	-0.113266	-0.00540326	-0.104573	-0.028859	0.0637359	0.363687	-0.012179
-4.723	1.80529	0.938755	1.09938	0.287685	0.430003	-0.0648874	0.0902847	-0.242715	-0.353043	-0.137767	-0.0379223	-0.132421	0.307922	-0.218317	0.000196398	0.11075
-4.81999	1.76568	0.768199	0.867661	0.290479	0.0877637	-0.275786	-0.0884981	-0.136418	-0.328989	-0.45083	-0.225207	0.0365042	0.0524043	-0.248947	-0.337569	0.0430802
-4.89874	1.28229	1.15975	0.883198	0.163699	0.144917	-0.509721	-0.282513	-0.0228655	-0.292165	-0.356972	-0.20425	-0.329439	0.0236462	-0.103036	-0.295018	-0.137517
-4.74651	1.1141	1.07751	1.06173	0.372572	0.599789	-0.492008	-0.25831	0.113631	-0.146004	-0.409278	-0.122	-0.11282	0.181978	-0.068614	0.130207	-0.100941
-4.90097	0.856478	1.27739	0.835839	0.266506	0.746612	-0.384144	-0.18898	-0.223165	-0.27194	-0.263932	-0.193766	-0.0604609	0.259863	-0.184735	0.0214409	-0.00558447
-5.14442	0.176805	1.07091	0.900364	0.398146	0.605845	-0.181279	-0.447062	-0.209281	-0.497315	-0.502177	-0.258479	-0.22725	-0.00854056	-0.197107	-0.0739542	-0.0771596
-5.26385	-0.153529	0.937167	0.759695	0.417901	0.542374	-0.318952	-0.18727	-0.186703	-0.140081	-0.497986	-0.586503	-0.270249	-0.208003	-0.0693404	0.13623	0.0196803
-5.45937	-0.710627	0.712282	0.337225	-0.266919	0.0501037	-0.535036	-0.281201	-0.265295	-0.459336	-0.715097	-0.57708	0.0637726	-0.00131236	-0.255769	-0.293652	-0.22662
-5.34883	-0.505915	0.819974	0.382347	0.130509	-0.0106315	-0.179799	0.321539	0.0166687	-0.150129	-0.229949	-0.132291	0.0714381	0.293419	0.0125997	0.00399291	0.00699262
-5.49714	-0.31899	0.74904	0.264271	0.321816	0.0265859	-0.216771	0.212055	-0.00301303	-0.102542	-0.197889	-0.0123573	0.0592107	0.173809	-0.0482985	0.0115704	0.103352
-5.73796	-0.136049	0.837526	0.0343221	0.401256	0.114775	-0.117495	0.242488	0.063933	-0.0362867	-0.178288	0.0775816	0.0933673	0.0624365	-0.0724335	-0.142463	0.159228
-5.81396	-0.0681141	0.602327	0.00636039	0.258086	-0.122797	-0.0379546	0.392847	0.150119	-0.0777059	-0.0913875	0.180389	0.0977203	0.157611	-0.0852943	0.0346557	0.212982
-5.86702	0.235932	0.446242	0.0875489	0.309606	-0.185845	-0.131481	0.396705	0.19258	-0.0438191	-0.107281	0.039846	0.168208	0.12272	0.00746598	0.0645582	0.128094
-5.99008	0.330192	0.419819	0.190829	0.386427	-0.0680276	-0.0144738	0.427427	0.253137	-0.0521823	-0.12806	-0.0678817	0.191426	0.122767	-0.00868433	0.00624437	0.121066
-5.96645	0.41701	0.344153	0.17009	0.392517	-0.0507501	0.111573	0.383935	0.271167	-0.00579703	-0.0775437	0.0586999	0.181344	0.159065	-0.128805	-0.0304181	-0.00569269
-6.06605	0.397249	0.219022	0.0824036	0.277923	-0.0377661	0.111157	0.193559	0.263926	0.117444	0.0315938	0.125526	0.209048	0.191896	-0.184928	-0.130112	0.0263654
-6.06931	0.539191	0.107261	-0.00322719	0.252189	-0.0246626	-0.0691474	0.0948244	0.0754238	0.0120893	0.00997722	0.111797	0.159077	0.0846483	-0.201793	-0.159805	0.10685
-6.16732	0.790674	0.331031	0.209394	0.40003	0.0207822	-0.042042	0.0946181	-0.0303714	-0.0925522	-0.185725	0.0768446	-0.0853873	-0.111435	-0.113509	-0.202378	0.0321194
-6.30102	1.17121	0.701253	0.46378	0.416019	-0.0407922	0.181129	-0.0907534	0.0825988	0.0893799	-0.0579982	-0.040443	0.00195316	0.0639133	-0.0215977	-0.301279	-0.361676
-6.36949	1.60765	0.931543	0.513362	0.894687	0.261883	0.123489	0.40149	-0.22979	-0.261752	-0.282493	-0.258598	0.0462349	0.117241	0.0865812	-0.00929275	-0.134807
-5.29255	2.5664	1.00325	0.59327	0.691094	0.128877	0.00814095	-0.0831781	0.21813	0.125568	-0.0828101	-0.112744	0.00766956	0.146551	-0.116374	-0.0449608	0.11735
-4.76142	3.051	0.412795	0.234273	0.53448	0.0715187	-0.187164	-0.302841	-0.166105	0.0793069	-0.134114	-0.255381	0.128464	0.0144963	0.0711908	-0.042051	-0.075353
-4.52981	3.15529	0.359659	0.405703	0.271685	0.0851005	-0.00301385	-0.47205	0.0183629	0.0443852	-0.104967	-0.178854	0.0501017	0.127365	0.207023	-0.176092	0.0258264
-4.02031	2.91176	0.341123	0.47494	0.323666	0.152337	-0.0869991	-0.398491	0.14701	0.0712159	-0.111779	-0.0109216	0.112933	0.210771	0.107663	-0.101595	0.129353
-3.98804	2.90595	0.109393	0.471237	0.134731	0.0647587	-0.146263	-0.593308	0.127204	-0.090926	-0.106028	-0.120252	0.0641612	0.181057	0.0113968	-0.0380672	-0.0871159
-3.70164	2.73486	0.245947	0.486363	0.214079	0.0737321	-0.165504	-0.376185	0.0747027	0.0435018	-0.135788	-0.0048162	0.138729	0.152932	0.0955983	-0.157184	0.125589
-3.65213	2.85744	0.134795	0.584597	0.162857	0.111552	-0.156256	-0.306313	0.109206	-0.0273341	-0.0422339	-0.0255577	0.178862	0.0912439	0.142675	-0.171366	0.228614
-3.6933	2.83386	-0.040398	0.316813	0.114341	0.00849944	-0.294971	-0.404248	0.038567	-0.236633	-0.180408	-0.116274	-0.0364401	0.0148365	0.047399	-0.10959	0.0189614
-4.06121	3.0829	-0.11007	0.327866	0.198525	0.0175899	-0.33513	-0.204865	-0.331613	-0.0896772	-0.403224	-0.144964	-0.108684	-0.00035005	-0.00902812	-0.0263939	-0.0091122
-4.44753	3.09282	-0.0278876	0.33257	0.474736	0.124912	-0.169571	-0.293261	-0.378668	-0.264703	-0.410572	-0.249592	-0.132705	-0.0906043	0.140401	-0.165412	0.0905318
-4.99844	3.47549	0.151433	0.237486	0.608877	-0.0258907	-0.4437	-0.403417	-0.340803	-0.596341	0.0220387	-0.273343	-0.102903	-0.0657101	0.0478674	-0.364506	-0.125681
-5.02458	3.60032	0.691511	0.460155	1.03863	0.224348	-0.32494	-0.131254	-0.350453	-0.275867	0.188701	0.0775263	0.183504	0.34221	0.216505	-0.269041	0.00570975
-5.12468	3.72302	0.761954	0.80277	0.78583	0.256077	-0.106926	-0.40877	-0.232841	-0.0193108	0.247649	0.064531	0.289597	0.214719	0.310511	-0.2626	0.119859
-5.29478	3.88332	0.933548	0.746244	0.884301	0.19336	-0.0267663	-0.305658	-0.347614	0.0556387	0.242142	0.134938	0.339989	0.321433	0.0856742	-0.0649671	0.150908
-5.14494	3.62108	0.739348	0.784115	0.857304	0.0300976	-0.259527	-0.202295	-0.459957	-0.234997	0.395014	-0.100023	0.275881	0.314066	-0.0932526	-0.209237	0.160126
-5.1761	3.40751	0.743137	0.661693	0.810792	-0.0649097	-0.259778	-0.477505	-0.349277	-0.474897	0.146772	0.0627077	0.0417153	0.269093	-0.075761	-0.321935	-0.013802
-5.1901	3.30615	0.690572	0.764721	0.519398	-0.0437377	-0.355757	-0.420075	-0.476627	-0.493525	0.0277574	0.0813516	-0.0221911	0.0790435	-0.0125263	-0.461075	-0.0183804
-5.27116	3.60959	0.840098	0.744305	0.781239	0.196042	-0.216332	-0.344833	-0.379585	-0.246059	0.00325817	0.284902	0.0520621	0.306185	-0.0269152	-0.26538	0.202532
-5.36061	3.60482	0.671838	0.799191	0.589361	0.32667	-0.33688	-0.430658	-0.306958	-0.493134	0.0737733	0.134276	0.0824727	0.0625325	0.180117	-0.447025	0.155074
-5.54523	3.4114	0.975177	0.445249	0.758819	-0.0969234	-0.200459	-0.434972	-0.433437	-0.593385	-0.0233354	0.0770187	-0.0310788	0.0312089	-0.0362187	-0.329193	-0.0188854
-5.7721	3.32836	1.09103	0.671204	0.608541	0.0829479	-0.136218	-0.313946	-0.724645	-0.261041	-0.254539	-0.0226022	0.173089	-0.0123393	0.0559698	-0.428966	0.117699
-6.06349	3.15152	0.70033	0.528037	0.303843	0.0577799	-0.487404	-0.611607	-0.66338	-0.699888	-0.332849	-0.300024	-0.248092	-0.0400953	-0.26166	-0.399984	-0.428525
-6.28559	2.85934	0.882483	0.490641	0.49672	-0.0936013	-0.236914	-0.202243	-0.982908	-0.608299	-0.310078	-0.461614	-0.269929	-0.172723	0.0434495	-0.415845	-0.320825
-7.01601	2.80659	1.16166	0.663474	0.409652	-0.296928	-0.344444	0.183466	-0.832745	-0.769552	-0.319391	-0.626759	-0.208373	-0.0319969	-0.33827	-0.263995	-0.134975
-5.9226	2.00446	0.914585	0.379906	-0.390201	0.167823	-0.0943883	0.0297278	-0.436132	-0.48857	-0.386296	-0.188477	-0.281839	-0.177089	-0.05922	0.00275068	0.0105875
-6.07037	1.25086	0.364143	0.359392	0.0452695	-0.253162	-0.558525	-0.191174	-0.278144	-0.48396	-0.564353	-0.237731	-0.356906	-0.102712	-0.179063	-0.214873	-0.22179
-6.15229	0.88462	0.0817412	0.309917	0.108305	-0.181437	-0.312691	-0.0809276	-0.528014	-0.330236	-0.407385	-0.183834	-0.199197	-0.0982294	-0.146637	-0.0264143	-0.122954
-6.04685	0.579626	0.179937	0.273248	0.206228	0.161029	0.0177169	0.0981944	-0.0742817	-0.099705	-0.0216195	0.013645	-0.11459	0.0796266	0.217487	0.226511	0.17479
-5.96386	0.143212	0.0416235	0.196488	0.185221	0.288084	-0.0154397	-0.117895	-0.0394323	-0.0742943	-0.101478	0.0307138	-0.0164075	0.0992672	0.247313	0.248732	0.196885
-5.73134	0.00478109	0.0637401	0.231132	0.162442	0.326177	-0.088719	-0.124041	-0.0468793	-0.128731	0.0094713	0.14635	0.0515431	0.077418	0.107975	0.095105	0.121679
-5.6288	-0.149116	0.0533025	0.294049	0.26874	0.237916	-0.0863291	-0.05327	-0.110255	-0.0221857	0.151383	0.254459	0.12154	-0.0487469	-0.028266	0.0898655	0.127403
-5.68032	-0.280475	0.0395075	0.307921	0.286713	0.138903	-0.00423334	0.0318765	-0.086036	-0.0126242	0.142937	0.275915	0.251164	-0.0245326	-0.133761	-0.0372235	0.0170598
-5.80101	-0.449351	-0.178372	0.348851	0.310628	0.225622	-0.0233061	0.0839777	0.0775784	0.258194	0.320056	0.315974	0.304762	-0.072923	-0.0873302	0.131272	0.161653
-5.74765	-0.266525	-0.213323	0.204846	0.374173	0.244693	-0.0637049	-0.0597227	-0.0587856	0.182362	0.216012	0.319089	0.371335	0.0900118	0.0593081	0.159464	0.105502
-5.79505	-0.122801	-0.322133	0.175164	0.363891	0.173914	0.0834535	-0.0861953	-0.0821049	0.117484	0.127197	0.265717	0.250951	0.164075	0.141204	0.191301	0.122403
-5.76463	0.113273	-0.273384	0.0078009	0.188301	0.0793124	0.0120684	-0.0532224	0.00779282	0.178774	0.127163	0.0328541	0.0456306	0.104521	0.118536	0.223661	0.108326
-5.51834	0.349071	-0.128101	-0.0564883	0.0645859	0.0425862	-0.00526223	0.0852381	-0.115021	0.0714045	0.0765379	0.153962	0.0612532	0.103965	0.137893	0.15298	0.103347
-5.51902	0.257237	-0.0881478	0.0283224	0.0749278	0.119519	0.0714452	0.176948	-0.0992977	0.00226413	0.0452711	0.328978	0.175013	0.264748	0.150833	0.0724979	0.135505
-5.58964	0.125052	0.0318606	0.159175	0.173912	0.208913	0.163257	0.160104	-0.0236794	-0.12259	-0.00959005	0.326075	0.0917642	0.200385	0.154596	0.139291	0.17377
-5.69606	0.0836983	0.00910192	0.107983	0.194312	0.217681	0.0819919	0.218785	0.187636	-0.106455	-0.0529607	0.289033	0.142223	0.107179	0.0786373	0.130705	0.163896
-5.63194	0.125539	-0.177419	0.0516667	0.249765	0.156224	0.0763146	0.204013	0.0257324	0.0861435	0.036714	0.242981	0.18453	0.127325	-0.0209637	0.0276455	0.139441
-5.3971	0.368147	-0.148014	0.000790101	0.155646	0.0747694	0.0696726	0.0578043	-0.114898	0.00176097	0.162279	0.240028	0.0814884	0.0330004	-0.108455	-0.0932993	0.200049
-5.23675	0.299571	-0.193082	0.00438966	0.110604	0.117013	-0.0615767	-0.0741849	-0.0943744	-0.0154762	0.19504	0.235491	0.0437223	0.00469572	-0.0967125	0.00680234	0.223923
-5.11224	0.1679	-0.47259	-0.0225305	0.152613	0.129043	-0.0583395	-0.0797532	-0.245862	-0.199814	0.0654495	0.112107	-0.158058	-0.1423	-0.0524427	0.0965054	0.0416208
-4.89788	0.319453	-0.528666	0.0232488	0.276027	0.259828	0.0976929	0.0229037	-0.202792	-0.201737	0.075439	0.144091	-0.0322946	0.0150159	0.0927666	0.0199931	0.0165107
-5.01987	0.418906	-0.393171	0.0278478	0.0213658	-0.0550425	0.0815315	-0.0255203	-0.306425	-0.426659	-0.291846	-0.154224	-0.114445	0.110105	-0.263617	-0.340309	0.256111
-5.00295	1.01946	-0.244859	0.154305	0.39921	0.204689	0.206105	-0.0120047	-0.442254	-0.11547	0.0850562	0.100961	0.234999	-0.248951	-0.167538	-0.0527873	-0.0666335
-5.16966	1.67866	-0.154589	0.381079	0.702897	0.660736	0.431463	0.112397	0.0894994	0.274784	0.335298	-0.0632541	-0.0952817	0.0387584	0.0231438	-0.299781	-0.181473
-4.57384	3.21694	-0.0762716	0.237297	0.416443	0.330099	-0.357474	-0.322604	-0.116918	-0.262354	0.0319709	0.153305	-0.255207	-0.0716092	0.12698	-0.0684659	-0.145807
-4.53488	3.94626	0.136594	0.103949	0.935407	0.446399	-0.257971	0.116993	0.120543	-0.0067142	0.221157	0.233341	0.117083	0.180645	0.30396	0.0833683	0.379984
-4.64534	3.79492	-0.187024	0.217086	0.601048	0.113765	-0.471399	-0.173205	0.0455353	-0.203866	-0.210452	0.311005	-0.168674	0.0211137	0.287886	-0.26947	0.145889
-4.85614	3.77577	0.10853	0.190801	0.492218	0.155092	-0.575371	-0.133813	-0.0710152	-0.163558	-0.278556	0.240026	-0.0840057	-0.016399	0.315503	-0.33743	0.176365
-4.7733	3.5324	0.0520589	0.504048	0.43571	0.086708	-0.624172	-0.0937518	-0.015854	-0.356214	-0.198766	0.107461	0.0638513	-0.0762087	0.186579	-0.151539	0.135697
-4.69527	3.15655	0.0947976	0.637414	0.351164	0.0160522	-0.582879	-0.136087	-0.0270853	-0.607857	-0.161913	0.0965741	0.0314163	-0.257001	0.384032	-0.301516	0.103038
-4.91555	3.30638	0.125543	0.612675	0.657717	-0.0749386	-0.67391	0.273903	-0.209496	-0.772536	0.196031	-0.0474194	-0.0998356	0.116593	0.107361	-0.0802619	0.182981
-4.87983	2.95314	0.227673	0.716367	0.414114	-0.0733896	-0.430456	0.0736634	-0.30928	-0.651648	-0.0179341	-0.00189793	-0.170107	-0.00385833	0.268512	-0.307237	0.143
-4.94962	2.97786	0.251878	0.90227	0.303053	-0.105684	-0.199478	-0.0492252	-0.241916	-0.571593	0.0704903	-0.154969	-0.0749387	0.128569	0.112532	-0.189238	0.188132
-5.01848	3.06985	0.16135	1.01552	0.290473	-0.110005	-0.0989403	-0.0830887	-0.213882	-0.575317	0.117238	-0.184866	0.00281924	0.0794299	0.146386	-0.184962	0.261835
-5.18454	3.0263	0.156953	0.922502	0.160657	-0.094218	-0.176851	-0.229183	-0.127803	-0.767211	-0.029541	-0.0836099	-0.224315	-0.0727532	0.198378	-0.273699	-0.0464915
-5.13462	2.93971	0.084193	1.25685	-0.131515	-0.0476085	-0.0300128	-0.317307	-0.204664	-0.627838	0.0105796	-0.249143	-0.0845935	0.0118008	0.0202958	-0.106805	-0.0393025
-5.07756	2.77257	0.148649	1.13157	0.00725293	-0.158121	-0.0795126	-0.150473	-0.346554	-0.60773	0.0687087	-0.456225	0.0130033	-0.066334	-0.0340432	-0.0747435	-0.132908
-4.93901	2.61464	0.255702	1.31545	-0.0714944	-0.0800836	0.149852	-0.24672	-0.266192	-0.487668	-0.0133899	-0.386444	0.107449	-0.0649834	0.0853102	-0.187083	0.164535
-4.95617	2.6699	0.367642	1.19856	0.100397	0.0217768	0.0371043	-0.00122858	-0.422287	-0.345401	0.00944677	-0.391913	0.18657	-0.0801914	0.155365	-0.108494	0.313884
-4.89828	2.60777	0.30529	1.38238	-0.0999402	-0.0265633	0.30733	-0.265437	-0.307388	-0.354639	-0.053224	-0.229407	0.0125594	-0.0214669	0.236164	-0.246201	0.378681
-4.64617	2.30924	0.29778	1.34292	0.02207	-0.17243	0.212439	-0.204733	-0.284544	-0.421825	0.0144221	-0.316315	0.137745	-0.105078	0.219799	-0.221588	0.286336
-4.73817	2.4314	0.305855	1.30351	0.000219565	-0.141557	0.1662	-0.139167	-0.336068	-0.36484	-0.0543062	-0.181835	0.0460337	-0.0743788	0.268308	-0.281044	0.288246
-4.67195	2.50791	0.161818	1.2881	0.0836577	-0.267516	0.156037	-0.143201	-0.335439	-0.291482	-0.0977055	-0.138201	0.0362378	-0.060108	0.176602	-0.175454	0.223382
-4.51276	2.49375	0.171132	1.29732	0.117898	-0.248942	0.214364	-0.22558	-0.160413	-0.379279	0.0252342	-0.0696701	0.0411299	0.067789	0.15976	-0.133335	0.34057
-4.36653	2.38279	0.246311	1.19121	0.256268	-0.382513	0.266636	-0.299606	-0.121331	-0.37861	0.00115414	0.0393062	0.0101651	0.156726	0.161544	-0.0965271	0.294292
-4.41799	2.52718	0.211037	1.10763	0.240614	-0.364177	0.142653	-0.247286	-0.183139	-0.324994	-0.021925	0.00900005	0.116753	0.0678546	0.148783	0.0164291	0.17459
-4.25987	2.43122	0.319264	1.02145	0.18761	-0.128626	-0.130392	-0.129005	-0.155209	-0.283957	-0.0232726	0.0841065	0.204454	0.0107496	0.235672	-0.0775208	0.323225
-4.25865	2.4025	0.310187	1.00042	0.150499	-0.10928	-0.169466	-0.219749	-0.108476	-0.22029	-0.115292	0.0840372	0.267005	-0.0433417	0.251192	-0.0890667	0.297742
-4.38623	2.59816	0.148225	0.79439	0.198624	-0.01924	-0.171254	-0.381015	-0.0814393	-0.203257	-0.150985	-0.0251448	0.240026	0.0607074	0.0894432	0.0181139	0.122826
-4.35792	2.46766	0.273617	0.692059	0.113579	0.130694	-0.21351	-0.438426	-0.0621466	-0.153926	-0.106681	-0.0722772	0.208088	0.0448011	0.169526	-0.0772477	0.135373
-4.57415	2.59317	0.348979	0.447	0.0368341	0.191276	-0.237381	-0.528109	-0.0536516	-0.146257	-0.147956	-0.00465937	0.0534905	0.0865676	-0.0155017	0.0863311	-0.0737407
-4.69532	2.56325	0.548085	0.26408	0.0649438	0.290363	-0.147785	-0.522337	-0.103493	-0.0986933	-0.142962	0.0514873	0.0339593	0.0308947	0.10646	0.0722561	-0.0160293
-4.87294	2.72405	0.486026	0.204225	0.118725	0.356608	0.051094	-0.506061	-0.137443	-0.271101	-0.0416573	0.143648	0.0261145	-0.129309	0.197027	0.124898	0.0427891
-4.95133	2.71999	0.494452	0.399216	-0.188185	0.597486	0.0351927	-0.29077	-0.385262	-0.217403	-0.00760054	0.111527	0.156697	-0.108382	0.0327116	0.297883	0.0764845
-5.04704	2.74315	0.666651	0.228357	-0.345906	0.626576	0.108817	-0.337605	-0.393521	-0.163731	-0.181238	0.210413	0.0973233	0.0217174	-0.11433	0.171195	0.116557
-5.06483	2.89762	0.509094	0.226328	-0.292107	0.413715	0.193248	-0.34482	-0.311789	-0.269365	-0.226474	0.377077	-0.00487307	0.0103496	-0.132575	0.189268	0.0717313
-5.17178	2.97266	0.57582	0.262058	-0.366835	0.403678	0.258269	-0.3275	-0.237473	-0.335116	-0.208984	0.393134	0.000282761	0.0162828	-0.0391387	0.0348585	0.191487
-5.21394	2.94826	0.619839	0.108218	-0.248081	0.325241	0.252447	-0.39526	-0.112311	-0.488768	0.00603531	0.243342	0.0593647	-0.0180625	0.0208925	-0.084111	0.200671
-5.35112	3.02895	0.516813	0.0852442	-0.284312	0.325073	0.173996	-0.27265	-0.156345	-0.478499	-0.0905338	0.248763	-0.00416253	-0.0533953	0.039089	-0.200411	0.102847
-5.59187	3.10539	0.492938	0.118879	-0.324779	0.298623	0.14063	-0.250044	-0.128327	-0.567778	-0.0849678	0.173741	-0.0207971	-0.100822	-0.0175483	-0.178656	-0.0886717
-5.57193	2.88098	0.713994	0.286936	-0.612118	0.46282	0.138356	-0.0323326	-0.382908	-0.392322	-0.0158	-0.05972	0.295248	-0.137031	-0.113205	-0.229119	0.0762205
-5.89999	3.28022	0.559661	0.0555961	-0.327448	0.26028	0.113364	-0.00945339	-0.358789	-0.449048	-0.0573809	-0.112516	0.122251	-0.113892	-0.164397	-0.165765	-0.184366
-5.72178	3.09001	0.586886	0.229165	-0.326953	0.291544	0.269344	-0.0582548	-0.414309	-0.203213	-0.0891369	-0.00900706	0.0771933	0.0063241	-0.182997	-0.147258	0.171302
-5.74878	3.01459	0.707996	0.12526	-0.173003	0.272141	0.287922	-0.091582	-0.325336	-0.232715	-0.135766	0.144633	0.0758011	-0.142761	-0.0933079	-0.198955	0.20363
-5.91203	3.04175	0.822238	0.0366012	-0.0968157	0.334545	0.15145	-0.188394	-0.150922	-0.343177	-0.113646	0.111486	0.205772	-0.308079	-0.102421	-0.0569237	0.064504
-6.13379	3.24999	0.83296	0.0664868	-0.211854	0.378535	0.261291	-0.174738	-0.312632	-0.240614	0.0388279	0.0663695	0.0627753	-0.1965	-0.0333663	-0.110264	0.0756731
-5.87049	2.92474	0.855064	0.160476	-0.113044	0.471228	0.174099	-0.388947	-0.340301	0.0677382	0.0697925	0.0468511	-0.00213385	-0.175581	-0.0585549	0.141105	0.0276431
-5.54243	2.95337	0.545551	0.226686	0.0334936	0.225838	0.200273	-0.480166	-0.055732	0.117264	-0.216316	0.0961592	-0.0942158	-0.0846032	-0.0375407	0.137414	-0.0622333
-5.07924	2.83324	0.291233	0.413193	0.171184	-0.0301991	0.123567	-0.377853	-0.0279903	0.240226	-0.360569	0.10905	0.0438436	0.0358142	0.0215129	-0.150918	0.226433
-5.00674	2.60746	0.389211	0.430241	0.368527	-0.266363	0.0702588	-0.184874	0.0289947	0.163629	-0.347729	0.232741	0.0277813	0.020414	-0.0703569	-0.0533312	0.275717
-5.0823	2.44112	0.318001	0.667195	0.178888	-0.255838	-0.0643768	-0.00681558	-0.026704	0.00767533	-0.270512	0.328997	-0.117113	0.0103455	-0.113608	-0.0499992	0.0881873
-5.10201	2.47465	0.363524	0.764695	0.240284	-0.284169	0.0242544	0.0192277	-0.0388832	-0.0741912	-0.143292	0.0887753	0.0121135	0.0468333	-0.0911878	-0.0399877	0.232626
-5.15043	2.45055	0.33434	0.768686	0.195694	-0.287206	-0.117264	0.0477349	-0.126372	-0.183242	-0.0313348	0.0383338	0.11373	-0.0843065	0.0101232	-0.0254328	0.0554809
-5.17786	2.22495	0.461624	0.896939	0.0397331	-0.21409	-0.0463182	-0.0211176	-0.265325	0.0534526	-0.140856	0.0529317	0.0470914	-0.0686261	-0.0114133	-0.0933257	-0.000379497
-4.99877	2.1327	0.379815	1.00556	-0.0588466	-0.210204	-0.0337878	-0.101987	-0.118828	-0.193756	-0.043805	-0.00865306	-0.00156583	-0.0386081	0.0971979	-0.169078	0.0749013
-5.0934	2.14202	0.274475	1.16064	0.0134689	-0.331169	0.091373	-0.0571113	-0.148324	-0.130577	-0.00312397	0.130829	-0.129248	0.144721	0.00402215	-0.122076	0.16528
-5.24944	2.13599	0.288254	1.10283	0.0574317	-0.269821	0.0562144	-0.106707	-0.152615	-0.233756	-0.0971627	0.0147943	-0.0737319	0.0400214	-0.01447	-0.106045	-0.0703682
-5.12067	2.0574	0.24222	1.29804	-0.126773	-0.225216	0.127022	-0.127896	-0.217298	-0.186484	0.00379857	-0.0653134	-0.00894403	0.140119	0.00936286	-0.142274	0.179238
-5.06366	1.80999	0.309269	1.29706	-0.151645	-0.146679	0.202868	-0.0674591	-0.236751	-0.121325	-0.0881638	0.0306645	-0.0224055	0.171416	-0.106728	-0.0246453	0.0713823
-5.27117	1.83049	0.316445	1.44971	-0.0785192	-0.0221517	0.26834	-0.164005	-0.242531	-0.158125	-0.0878956	0.00851902	0.0143855	0.119593	0.0484309	-0.095657	0.329522
-5.63882	1.96915	0.436812	1.56375	-0.160145	0.071169	0.198239	-0.362061	-0.254122	-0.0901149	-0.0510421	0.0643052	0.0215246	0.0736171	0.014752	-0.107449	0.190181
-6.01545	1.8862	0.845815	1.82481	-0.356539	-0.0466654	0.26513	-0.295339	-0.0520312	-0.0717639	-0.126738	-0.146739	0.0248396	0.127225	0.0741895	-0.0574663	0.130473
-5.86597	1.98907	0.658275	1.52551	-0.158655	-0.163638	0.322106	0.0162957	-0.305437	-0.205521	-0.165632	-0.0791422	0.153157	0.138292	-0.0457486	-0.0143035	0.247178
-6.63065	1.92612	0.883882	1.8985	0.114151	0.43147	0.641576	-0.0513009	-0.150301	-0.28352	0.139122	-0.092976	0.527516	0.381183	0.303758	0.0161714	0.371845
-6.23079	2.33727	0.914037	1.54963	-0.029684	-0.0115381	0.451107	-0.11786	-0.175246	0.21951	0.0750193	-0.0869373	0.300725	0.230734	0.0124764	0.0287426	0.391417
-6.8592	1.92313	0.847433	2.02426	-0.238356	-0.247741	0.304148	-0.194576	-0.281023	-0.184866	0.0947768	0.0050975	0.0841398	0.00311965	0.15593	0.226985	0.389565
-7.32644	1.72731	0.754358	2.16212	-0.22759	-0.0857845	0.228601	-0.0826349	-0.392018	-0.18334	-0.107372	-0.0993898	0.069462	0.060977	-0.00702706	-0.31864	0.149319
-6.93714	2.01558	0.910681	2.09432	-0.340566	0.232666	0.311169	-0.179333	-0.288278	-0.0645829	0.360902	-0.230158	-0.00938381	0.0716809	0.0929916	-0.0998087	0.187442
-6.83614	2.4297	1.16493	2.15466	0.109595	-0.00212363	0.256258	0.0701443	-0.000496439	0.0771009	0.36235	-0.0510154	0.234232	0.471615	-0.0717467	0.0697306	0.446796
-6.77244	2.32826	1.27748	2.05693	-0.160523	-0.0153417	0.471433	0.157661	-0.234333	0.245246	0.085756	-0.0021016	0.261808	0.258346	0.0652721	0.107865	0.278449
-6.94006	2.20054	1.06907	2.41413	0.148678	0.137203	0.236682	-0.294641	-0.0555796	0.296037	0.0322066	0.0462055	0.217648	0.400363	0.168312	-0.0184426	0.192874
-7.05088	2.46046	0.926536	2.27426	0.14081	0.228825	0.601718	0.209608	-0.113606	-0.0803551	0.083785	0.014658	0.4718	0.349285	0.119537	0.154066	0.374529
-6.75685	2.34618	0.702297	1.9112	0.635303	0.407776	0.542679	0.185825	-0.223324	0.112521	0.216109	-0.00961707	0.531476	0.295759	0.265357	0.358704	0.253674
-6.71606	2.0771	0.542361	1.71458	0.546039	0.260997	0.159449	0.314891	-0.267406	0.281768	0.563091	-0.0596539	0.213874	0.0775982	0.259042	-0.123654	0.131267
-6.91199	2.36131	0.734249	1.85415	-0.0397591	0.289224	0.547715	0.22604	0.0737234	0.0813908	0.411936	0.0835826	0.304441	0.345591	-0.0123033	-0.0538297	0.232573
-7.19542	2.03558	0.670696	1.82521	-0.261562	0.017935	0.440816	-0.0480715	-0.102652	0.0140211	0.024367	-0.103621	-0.112645	0.124218	-0.0289331	-0.165069	0.0549224
-7.19647	1.66838	0.50083	1.55913	-0.296403	-0.0915387	0.178748	-0.249674	-0.169908	-0.092222	-0.0375432	-0.0912712	0.00648696	0.0486918	-0.0883803	-0.0858013	-0.0534577
-7.46966	1.72908	0.440448	1.67061	-0.314202	-0.0432568	0.23361	-0.148009	-0.127656	-0.112104	0.0592157	-0.121456	0.12465	0.167528	-0.0839974	-0.0820541	-0.111324
-7.65773	1.71223	0.533967	1.54424	-0.258704	0.00311321	0.305837	-0.0384061	-0.190071	-0.0652833	0.117949	-0.0852054	0.0768362	0.0459727	0.00838	0.00376155	-0.059048
-7.88934	1.71589	0.512413	1.51807	-0.107392	0.0664709	0.363467	0.0182209	-0.119291	-0.122315	0.0721289	-0.157869	0.00102575	0.137264	0.107204	0.195063	0.104526
-8.18874	1.62627	0.541697	1.41689	0.172791	0.0383182	0.419179	-0.0131547	-0.203706	-0.0579793	0.040425	-0.0780525	0.0581156	0.193141	0.0573572	0.105634	0.0114481
-8.52894	1.49275	0.524002	0.863046	0.266247	0.183988	0.463076	0.128335	0.0112932	0.216932	0.129104	0.00116353	0.120202	0.107264	-0.00832618	0.0235682	0.0437679
-9.44263	1.46014	0.523172	0.546473	0.320939	0.250844	0.301524	0.173991	0.180494	0.182191	0.124946	0.142072	0.136262	0.0940805	0.142387	0.0928533	0.0934681
-10.0176	1.3287	0.629958	0.407912	0.407634	0.437528	0.317466	0.304348	0.279616	0.233616	0.289962	0.22341	0.210914	0.205279	0.192918	0.119733	0.131234
-9.74091	1.42588	0.565366	0.43248	0.34795	0.324016	0.274614	0.257312	0.243747	0.222093	0.228385	0.195031	0.200166	0.174338	0.170033	0.136072	0.152117
-10.1508	1.21485	0.61335	0.480017	0.369489	0.333849	0.273997	0.283055	0.247151	0.2417	0.208928	0.170996	0.191142	0.181686	0.174714	0.115924	0.175863
-10.3901	1.02304	0.614212	0.52056	0.469621	0.486549	0.408949	0.351752	0.283733	0.277325	0.198089	0.166823	0.150918	0.108175	0.0702992	0.0955649	0.205591
-10.2675	1.12144	0.552109	0.436697	0.352377	0.399468	0.330484	0.258516	0.278904	0.268272	0.179639	0.151026	0.168198	0.149312	0.107474	0.111062	0.152039
-10.3457	1.08905	0.565091	0.432441	0.373446	0.368043	0.321189	0.236532	0.238478	0.300179	0.219785	0.121076	0.0957342	0.115262	0.192799	0.142155	0.130263
-10.3556	1.09217	0.603634	0.44724	0.453705	0.349862	0.317544	0.262512	0.248252	0.325754	0.267768	0.21321	0.159332	0.107015	0.193476	0.153908	0.129411
-10.3559	1.09358	0.606894	0.441496	0.458124	0.377449	0.315526	0.329145	0.280917	0.269095	0.185689	0.221214	0.176475	0.121777	0.073674	0.130102	0.207192
-10.2696	1.08094	0.442148	0.37743	0.377498	0.31558	0.205848	0.237356	0.184647	0.21508	0.174651	0.226276	0.222621	0.186201	0.0576131	0.133542	0.173512
-10.3089	1.08115	0.492829	0.426394	0.40911	0.33731	0.282224	0.189077	0.137203	0.181783	0.164021	0.153417	0.152366	0.0794822	0.0817802	0.180981	0.129063
-10.3432	1.07347	0.539562	0.373207	0.36622	0.30164	0.277126	0.181125	0.215282	0.214135	0.246122	0.196281	0.173167	0.112532	0.163306	0.235542	0.141605
-10.3474	1.09527	0.561087	0.337447	0.345442	0.366936	0.268348	0.165541	0.235686	0.198071	0.254038	0.190112	0.169873	0.190785	0.163177	0.202768	0.118045
-10.3498	1.12162	0.643859	0.411933	0.420734	0.405321	0.281888	0.234914	0.271603	0.225411	0.196523	0.0882016	0.0537871	0.134285	0.103395	0.172557	0.0674143
-10.0764	1.23676	0.587441	0.396356	0.381421	0.339328	0.218442	0.247531	0.255278	0.197965	0.196911	0.168837	0.141322	0.193666	0.10466	0.133975	0.0888396
-10.0693	1.29055	0.603731	0.432542	0.407457	0.365164	0.260052	0.318561	0.262875	0.240404	0.206328	0.228975	0.179847	0.214434	0.163548	0.139079	0.158183
-10.2814	1.12357	0.582935	0.467331	0.507245	0.461081	0.277471	0.289048	0.273464	0.380726	0.268313	0.224842	0.212474	0.167967	0.186065	0.14001	0.191373
-9.74997	1.38483	0.561448	0.452568	0.367939	0.327004	0.242361	0.242688	0.249765	0.230781	0.201338	0.206716	0.216458	0.183398	0.169716	0.149008	0.179751
-9.85233	1.40418	0.571098	0.434203	0.360489	0.369872	0.280041	0.263447	0.24807	0.243991	0.227172	0.224982	0.189158	0.204118	0.197804	0.15969	0.193605
-9.98852	1.33492	0.589578	0.419094	0.358203	0.394842	0.266179	0.281002	0.231134	0.258317	0.259994	0.247621	0.227228	0.202931	0.201909	0.165737	0.23834
-9.70398	1.38794	0.535014	0.415056	0.362372	0.349107	0.2394	0.255968	0.191316	0.250836	0.238441	0.193819	0.169779	0.187312	0.210212	0.164611	0.185158
-10.1398	1.26903	0.603399	0.436123	0.45521	0.430729	0.327078	0.315894	0.285927	0.329066	0.279203	0.236063	0.20976	0.178335	0.185542	0.219549	0.177052
-10.0652	1.302	0.619771	0.472418	0.432852	0.337275	0.305287	0.301402	0.271643	0.282768	0.231432	0.219822	0.27261	0.191737	0.16482	0.21233	0.151699
-9.88289	1.32024	0.561333	0.445773	0.394532	0.321282	0.279807	0.270302	0.238914	0.249256	0.217621	0.192717	0.20928	0.158441	0.154976	0.148509	0.13304
-10.3165	1.05299	0.601208	0.495716	0.477214	0.375009	0.292708	0.315253	0.288498	0.281407	0.173199	0.170174	0.238494	0.250791	0.16185	0.155373	0.17648
-10.1913	1.14752	0.557979	0.481184	0.471119	0.351577	0.27366	0.272849	0.275114	0.237374	0.199429	0.213717	0.204868	0.195191	0.134575	0.138712	0.181737
-10.2177	1.14567	0.563447	0.459783	0.444071	0.365362	0.259262	0.227181	0.29667	0.255794	0.247394	0.217526	0.157219	0.166197	0.172562	0.109542	0.108228
-10.3565	1.10035	0.616185	0.504676	0.487763	0.364498	0.28302	0.246034	0.319368	0.33292	0.231507	0.122332	0.0778267	0.172854	0.151054	0.0852999	0.126702
-10.2694	1.16418	0.638773	0.455585	0.374473	0.310908	0.318297	0.263672	0.267174	0.29227	0.233796	0.164104	0.143001	0.209195	0.175962	0.119031	0.15119
-10.174	1.20367	0.559066	0.344653	0.369745	0.331524	0.314983	0.297987	0.28438	0.280357	0.173824	0.14559	0.15555	0.191164	0.104743	0.0921205	0.106888
-10.2016	1.17044	0.504158	0.328962	0.413069	0.431088	0.299249	0.229044	0.26908	0.303486	0.190273	0.174995	0.202531	0.277421	0.165918	0.124976	0.140739
-10.1997	1.16515	0.482407	0.329615	0.378355	0.411248	0.299063	0.270888	0.268773	0.264408	0.184291	0.257644	0.228317	0.228338	0.128214	0.0981867	0.122484
-10.2503	1.14143	0.498707	0.316342	0.341771	0.321717	0.208589	0.212137	0.175514	0.177082	0.120887	0.240356	0.183424	0.188813	0.121756	0.132494	0.155942
-10.2158	1.19192	0.527347	0.352958	0.35085	0.290155	0.222229	0.219926	0.200578	0.21811	0.186247	0.221328	0.145029	0.167207	0.161347	0.143921	0.146602
-10.1477	1.22349	0.545392	0.394709	0.330723	0.279743	0.254366	0.255919	0.204208	0.21815	0.194507	0.206804	0.167737	0.158035	0.190052	0.166839	0.158201
-10.2555	1.15851	0.603675	0.452912	0.337626	0.290524	0.249026	0.266491	0.192351	0.222636	0.201827	0.243438	0.183936	0.189556	0.2291	0.156422	0.150799
-10.0633	1.23145	0.558865	0.470563	0.353697	0.294052	0.26705	0.273066	0.184196	0.235247	0.186046	0.203502	0.169439	0.193557	0.197961	0.108144	0.113492
-9.95895	1.41037	0.558712	0.419103	0.349959	0.313763	0.210922	0.275416	0.185074	0.233733	0.170184	0.20045	0.176495	0.168543	0.20121	0.140053	0.187305
-8.50348	1.6905	0.326936	0.459632	0.246699	0.244524	0.189616	0.169902	0.143114	0.126722	0.116894	0.105122	0.104613	0.0793725	0.0880321	0.0784733	0.0712631
-7.88593	1.58761	0.344791	0.389695	0.240578	0.191502	0.17171	0.126851	0.11906	0.090574	0.0899607	0.0729494	0.0765385	0.0497017	0.0612434	0.049482	0.0457128
