5.351890000000000036e+00
5.351890000000000036e+00
5.351890000000000036e+00
5.351890000000000036e+00
5.351890000000000036e+00
5.351890000000000036e+00
5.351890000000000036e+00
5.351890000000000036e+00
5.351890000000000036e+00
5.351890000000000036e+00
5.351890000000000036e+00
5.351890000000000036e+00
5.351890000000000036e+00
5.351890000000000036e+00
5.351890000000000036e+00
5.351890000000000036e+00
5.351890000000000036e+00
5.351890000000000036e+00
5.351890000000000036e+00
5.351890000000000036e+00
5.351890000000000036e+00
5.351890000000000036e+00
5.351890000000000036e+00
5.351890000000000036e+00
5.351890000000000036e+00
5.351890000000000036e+00
5.351890000000000036e+00
5.351890000000000036e+00
5.351890000000000036e+00
5.351890000000000036e+00
5.351890000000000036e+00
5.351890000000000036e+00
5.351890000000000036e+00
5.351890000000000036e+00
5.351890000000000036e+00
5.351890000000000036e+00
5.351890000000000036e+00
5.351890000000000036e+00
5.351890000000000036e+00
5.351890000000000036e+00
5.351890000000000036e+00
5.351890000000000036e+00
5.351890000000000036e+00
5.351890000000000036e+00
5.351890000000000036e+00
5.351890000000000036e+00
5.351890000000000036e+00
5.351890000000000036e+00
5.351890000000000036e+00
5.351890000000000036e+00
5.351890000000000036e+00
5.351890000000000036e+00
5.351890000000000036e+00
5.338700000000000223e+00
5.325380000000000003e+00
5.307900000000000063e+00
5.285529999999999617e+00
5.264509999999999579e+00
5.247779999999999667e+00
5.235330000000000261e+00
5.226619999999999600e+00
5.222030000000000172e+00
5.224450000000000038e+00
5.237149999999999750e+00
5.259170000000000122e+00
5.282440000000000246e+00
5.298779999999999824e+00
5.306549999999999656e+00
5.308300000000000018e+00
5.307310000000000194e+00
5.305360000000000298e+00
5.303130000000000344e+00
5.301239999999999952e+00
5.300239999999999618e+00
5.300279999999999880e+00
5.301199999999999690e+00
5.302950000000000053e+00
5.305489999999999817e+00
5.308690000000000353e+00
5.312280000000000335e+00
5.316060000000000230e+00
5.319639999999999702e+00
5.322569999999999801e+00
5.325319999999999609e+00
5.329659999999999620e+00
5.338580000000000325e+00
5.352999999999999758e+00
5.364340000000000330e+00
5.368459999999999788e+00
5.369419999999999860e+00
5.370040000000000369e+00
5.371340000000000003e+00
5.373910000000000409e+00
5.378359999999999808e+00
5.385040000000000049e+00
5.393069999999999808e+00
5.402519999999999989e+00
5.413809999999999789e+00
5.426870000000000083e+00
5.440719999999999779e+00
5.452930000000000277e+00
5.462250000000000050e+00
5.470410000000000217e+00
5.476700000000000124e+00
5.483819999999999695e+00
5.493710000000000093e+00
5.507649999999999935e+00
5.521799999999999820e+00
5.534959999999999880e+00
5.547310000000000407e+00
5.557809999999999917e+00
5.566270000000000273e+00
5.571819999999999773e+00
5.572589999999999932e+00
5.564309999999999867e+00
5.533170000000000144e+00
5.477369999999999628e+00
5.440680000000000405e+00
5.424769999999999648e+00
5.410770000000000302e+00
5.404939999999999856e+00
5.418440000000000367e+00
5.452689999999999593e+00
5.479020000000000223e+00
5.487040000000000362e+00
5.488410000000000011e+00
5.490429999999999922e+00
5.496970000000000134e+00
5.509689999999999976e+00
5.526379999999999626e+00
5.542839999999999989e+00
5.556879999999999598e+00
5.567879999999999718e+00
5.575639999999999930e+00
5.580309999999999881e+00
5.582049999999999734e+00
5.581159999999999677e+00
5.577689999999999593e+00
5.571480000000000210e+00
5.562020000000000408e+00
5.547150000000000247e+00
5.521989999999999732e+00
5.474960000000000271e+00
5.408769999999999634e+00
5.378110000000000390e+00
5.377880000000000216e+00
5.386040000000000383e+00
5.388586551724138474e+00
5.391133103448276565e+00
5.393679655172413767e+00
5.396226206896551858e+00
5.398772758620689949e+00
5.401319310344828040e+00
5.403865862068966130e+00
5.406412413793103333e+00
5.408958965517241424e+00
5.411505517241379515e+00
5.414052068965517606e+00
5.416598620689655696e+00
5.419145172413792899e+00
5.421691724137930990e+00
5.424238275862069081e+00
5.426784827586207172e+00
5.429331379310344374e+00
5.431877931034482465e+00
5.434424482758620556e+00
5.436971034482758647e+00
5.439517586206896738e+00
5.442064137931033940e+00
5.444610689655172031e+00
5.447157241379310122e+00
5.449703793103448213e+00
5.452250344827586304e+00
5.454796896551723506e+00
5.457343448275861597e+00
5.459889999999999688e+00
5.445660000000000167e+00
5.433959999999999901e+00
5.428200000000000358e+00
5.425390000000000157e+00
5.423989999999999867e+00
5.423440000000000261e+00
5.423440000000000261e+00
5.424220000000000041e+00
5.426059999999999661e+00
5.427920000000000300e+00
5.428079999999999572e+00
5.425670000000000215e+00
5.421090000000000408e+00
5.415820000000000078e+00
5.410739999999999661e+00
5.406310000000000393e+00
5.402420000000000222e+00
5.398410000000000153e+00
5.393709999999999560e+00
5.388259999999999827e+00
5.381719999999999615e+00
5.374399999999999622e+00
5.366769999999999818e+00
5.366365555555555389e+00
5.365961111111110959e+00
5.365556666666666530e+00
5.365152222222222100e+00
5.364747777777777671e+00
5.364343333333333241e+00
5.363938888888888812e+00
5.363534444444444382e+00
5.363129999999999953e+00
5.362725555555555523e+00
5.362321111111111094e+00
5.361916666666666664e+00
5.361512222222222235e+00
5.361107777777777805e+00
5.360703333333333376e+00
5.360298888888888946e+00
5.359894444444444517e+00
5.359490000000000087e+00
5.347789999999999822e+00
5.336000000000000298e+00
5.323649999999999771e+00
5.310100000000000264e+00
5.294979999999999798e+00
5.279099999999999682e+00
5.264280000000000292e+00
5.251070000000000348e+00
5.238870000000000360e+00
5.226740000000000386e+00
5.213770000000000238e+00
5.200029999999999930e+00
5.187030000000000030e+00
5.175980000000000025e+00
5.166990000000000194e+00
5.160199999999999676e+00
5.156130000000000102e+00
5.155400000000000205e+00
4.464929999999999843e+00
4.469739999999999824e+00
4.478320000000000078e+00
4.492359999999999687e+00
4.508189999999999920e+00
4.516149999999999665e+00
4.511289999999999800e+00
4.496610000000000440e+00
4.473300000000000054e+00
4.460329999999999906e+00
4.456540000000000390e+00
4.456389999999999851e+00
4.458400000000000141e+00
4.461789999999999701e+00
4.465970000000000439e+00
4.469149999999999956e+00
4.469979999999999620e+00
4.469159999999999577e+00
4.467839999999999812e+00
4.467010000000000147e+00
4.469640000000000057e+00
4.478419999999999845e+00
4.489469999999999850e+00
4.493640000000000079e+00
4.493229999999999613e+00
4.488769999999999705e+00
4.475209999999999688e+00
4.470369999999999955e+00
4.480739999999999945e+00
4.492379999999999818e+00
4.495910000000000295e+00
4.133600000000000385e+00
4.134100000000000108e+00
4.134780000000000122e+00
4.134780000000000122e+00
4.134780000000000122e+00
4.134780000000000122e+00
4.134780000000000122e+00
4.134780000000000122e+00
4.134780000000000122e+00
4.134780000000000122e+00
4.134780000000000122e+00
4.134780000000000122e+00
4.134780000000000122e+00
4.134780000000000122e+00
4.134780000000000122e+00
4.134780000000000122e+00
4.134780000000000122e+00
4.134780000000000122e+00
4.134780000000000122e+00
4.134780000000000122e+00
4.134780000000000122e+00
4.134780000000000122e+00
4.134780000000000122e+00
4.134780000000000122e+00
4.134780000000000122e+00
4.134780000000000122e+00
4.134780000000000122e+00
4.134780000000000122e+00
4.134780000000000122e+00
4.134780000000000122e+00
4.134780000000000122e+00
4.134780000000000122e+00
4.134780000000000122e+00
4.134780000000000122e+00
4.134780000000000122e+00
4.134780000000000122e+00
4.134780000000000122e+00
4.134780000000000122e+00
4.134780000000000122e+00
4.134780000000000122e+00
4.134780000000000122e+00
4.134780000000000122e+00
4.134780000000000122e+00
4.134780000000000122e+00
4.134780000000000122e+00
4.134780000000000122e+00
4.134780000000000122e+00
4.134780000000000122e+00
4.134780000000000122e+00
4.134780000000000122e+00
4.134780000000000122e+00
4.134780000000000122e+00
