1.015620000000000005e+03
1.015620000000000005e+03
1.015620000000000005e+03
1.015620000000000005e+03
1.015620000000000005e+03
1.015620000000000005e+03
1.015620000000000005e+03
1.015620000000000005e+03
1.015620000000000005e+03
1.015620000000000005e+03
1.015620000000000005e+03
1.015620000000000005e+03
1.015620000000000005e+03
1.015620000000000005e+03
1.015620000000000005e+03
1.015620000000000005e+03
1.015620000000000005e+03
1.015620000000000005e+03
1.015620000000000005e+03
1.015620000000000005e+03
1.015620000000000005e+03
1.015620000000000005e+03
1.015620000000000005e+03
1.015620000000000005e+03
1.015620000000000005e+03
1.015620000000000005e+03
1.015620000000000005e+03
1.015620000000000005e+03
1.015620000000000005e+03
1.015620000000000005e+03
1.276809999999999945e+03
4.074880000000000109e+03
5.684930000000000291e+03
6.046880000000000109e+03
6.046880000000000109e+03
6.375560000000000400e+03
6.375560000000000400e+03
6.375560000000000400e+03
6.757699999999999818e+03
7.270319999999999709e+03
6.757699999999999818e+03
5.765619999999999891e+03
5.765619999999999891e+03
5.711100000000000364e+03
5.711100000000000364e+03
5.765619999999999891e+03
6.431899999999999636e+03
6.781250000000000000e+03
6.843750000000000000e+03
6.781250000000000000e+03
6.924000000000000000e+03
6.924000000000000000e+03
6.924000000000000000e+03
6.549840000000000146e+03
5.551949999999999818e+03
1.546880000000000109e+03
1.546880000000000109e+03
1.546880000000000109e+03
3.368570000000000164e+03
4.968750000000000000e+03
4.968750000000000000e+03
3.368570000000000164e+03
2.098880000000000109e+03
1.568490000000000009e+03
1.160930000000000064e+03
1.160930000000000064e+03
1.157049999999999955e+03
1.157049999999999955e+03
1.157049999999999955e+03
1.473069999999999936e+03
2.020579999999999927e+03
3.078269999999999982e+03
3.941730000000000018e+03
4.118630000000000109e+03
4.353319999999999709e+03
4.694619999999999891e+03
4.985619999999999891e+03
5.371729999999999563e+03
5.463810000000000400e+03
5.463810000000000400e+03
5.473329999999999927e+03
7.671880000000000109e+03
7.671880000000000109e+03
7.671880000000000109e+03
7.831069999999999709e+03
6.739229999999999563e+03
6.739229999999999563e+03
7.240670000000000073e+03
7.240670000000000073e+03
7.240670000000000073e+03
7.553750000000000000e+03
7.553750000000000000e+03
6.720800000000000182e+03
7.359079999999999927e+03
6.720800000000000182e+03
6.594289999999999964e+03
2.909369999999999891e+03
1.361329999999999927e+03
1.361329999999999927e+03
1.361329999999999927e+03
2.147550000000000182e+03
2.147550000000000182e+03
2.147550000000000182e+03
1.765619999999999891e+03
1.363809999999999945e+03
1.178369999999999891e+03
1.031250000000000000e+03
1.031250000000000000e+03
1.031250000000000000e+03
1.531250000000000000e+03
1.531250000000000000e+03
1.620680000000000064e+03
1.620680000000000064e+03
1.376869999999999891e+03
1.171880000000000109e+03
1.171880000000000109e+03
1.156365000000000009e+03
1.140850000000000136e+03
1.125335000000000036e+03
1.109820000000000164e+03
1.094305000000000064e+03
1.078789999999999964e+03
1.063275000000000091e+03
1.047759999999999991e+03
1.032245000000000118e+03
1.016730000000000018e+03
1.182220000000000027e+03
3.004599999999999909e+03
3.387960000000000036e+03
4.979819999999999709e+03
5.969229999999999563e+03
6.393130000000000109e+03
7.366270000000000437e+03
7.770310000000000400e+03
7.770310000000000400e+03
7.797319999999999709e+03
7.770310000000000400e+03
7.764020000000000437e+03
7.741340000000000146e+03
7.741340000000000146e+03
7.362359999999999673e+03
7.362359999999999673e+03
5.984380000000000109e+03
5.965539999999999964e+03
5.886590000000000146e+03
5.765619999999999891e+03
5.074859999999999673e+03
4.883210000000000036e+03
4.883210000000000036e+03
3.858960000000000036e+03
4.883210000000000036e+03
5.214479999999999563e+03
6.347199999999999818e+03
6.347199999999999818e+03
6.347199999999999818e+03
6.347199999999999818e+03
6.347199999999999818e+03
6.187500000000000000e+03
6.187500000000000000e+03
5.739199999999999818e+03
5.739199999999999818e+03
7.437500000000000000e+03
7.437500000000000000e+03
6.573609999999999673e+03
6.573609999999999673e+03
6.299600000000000364e+03
6.299600000000000364e+03
6.299600000000000364e+03
6.299600000000000364e+03
6.954939999999999600e+03
7.223640000000000327e+03
7.142789999999999964e+03
7.142789999999999964e+03
6.954939999999999600e+03
5.726699999999999818e+03
4.196170000000000073e+03
4.196170000000000073e+03
4.542539999999999964e+03
4.196170000000000073e+03
3.486000000000000000e+03
1.722509999999999991e+03
1.722509999999999991e+03
1.256539999999999964e+03
1.256539999999999964e+03
1.380180000000000064e+03
1.254710000000000036e+03
1.250880000000000109e+03
1.113230000000000018e+03
1.119616666666666788e+03
1.126003333333333330e+03
1.132389999999999873e+03
1.138776666666666642e+03
1.145163333333333412e+03
1.151549999999999955e+03
1.344329999999999927e+03
3.034000000000000000e+03
4.410199999999999818e+03
4.410199999999999818e+03
5.447409999999999854e+03
5.447409999999999854e+03
6.140619999999999891e+03
6.140619999999999891e+03
6.373840000000000146e+03
6.373840000000000146e+03
6.373840000000000146e+03
2.458480000000000018e+03
1.328119999999999891e+03
1.328119999999999891e+03
1.328119999999999891e+03
1.344250000000000000e+03
1.559430000000000064e+03
2.039990000000000009e+03
2.770369999999999891e+03
2.770369999999999891e+03
2.770369999999999891e+03
1.585940000000000055e+03
1.248519999999999982e+03
1.072759999999999991e+03
1.062339999999999918e+03
1.062339999999999918e+03
1.062339999999999918e+03
3.468750000000000000e+03
3.490469999999999800e+03
3.820000000000000000e+03
3.889889999999999873e+03
3.913519999999999982e+03
4.157909999999999854e+03
3.913519999999999982e+03
3.889889999999999873e+03
3.131150000000000091e+03
2.632280000000000200e+03
2.580289999999999964e+03
2.277670000000000073e+03
2.272820000000000164e+03
2.277670000000000073e+03
1.156250000000000000e+03
1.156250000000000000e+03
1.140619999999999891e+03
1.141402399999999943e+03
1.142184799999999996e+03
1.142967199999999821e+03
1.143749599999999873e+03
1.144531999999999925e+03
1.145314399999999978e+03
1.146096800000000030e+03
1.146879199999999855e+03
1.147661599999999908e+03
1.148443999999999960e+03
1.149226400000000012e+03
1.150008800000000065e+03
1.150791199999999890e+03
1.151573599999999942e+03
1.152355999999999995e+03
1.153138400000000047e+03
1.153920800000000099e+03
1.154703199999999924e+03
1.155485599999999977e+03
1.156268000000000029e+03
1.157050400000000081e+03
1.157832800000000134e+03
1.158615199999999959e+03
1.159397600000000011e+03
1.160180000000000064e+03
1.171880000000000109e+03
1.279619999999999891e+03
2.291780000000000200e+03
3.566989999999999782e+03
4.238390000000000327e+03
4.238390000000000327e+03
4.435600000000000364e+03
5.169699999999999818e+03
5.169699999999999818e+03
4.435600000000000364e+03
4.194250000000000000e+03
3.951329999999999927e+03
3.951329999999999927e+03
3.951329999999999927e+03
4.716170000000000073e+03
6.043800000000000182e+03
6.043800000000000182e+03
4.716170000000000073e+03
4.716170000000000073e+03
4.359460000000000036e+03
4.359460000000000036e+03
4.359460000000000036e+03
5.395000000000000000e+03
4.359460000000000036e+03
2.859980000000000018e+03
2.859980000000000018e+03
2.859980000000000018e+03
2.859980000000000018e+03
6.084810000000000400e+03
6.125000000000000000e+03
6.125000000000000000e+03
6.125000000000000000e+03
6.479689999999999600e+03
6.479689999999999600e+03
5.391689999999999600e+03
5.391689999999999600e+03
4.409159999999999854e+03
4.381810000000000400e+03
4.334119999999999891e+03
2.383719999999999800e+03
1.877460000000000036e+03
1.877460000000000036e+03
2.383719999999999800e+03
2.411849999999999909e+03
3.262739999999999782e+03
3.271170000000000073e+03
3.271170000000000073e+03
3.271170000000000073e+03
3.781250000000000000e+03
3.781250000000000000e+03
3.265619999999999891e+03
1.006539999999999964e+03
1.041259999999999991e+03
1.075980000000000018e+03
1.110700000000000045e+03
1.145420000000000073e+03
1.180140000000000100e+03
1.641549999999999955e+03
4.741939999999999600e+03
4.741939999999999600e+03
4.741939999999999600e+03
4.647359999999999673e+03
4.647359999999999673e+03
4.351420000000000073e+03
4.351420000000000073e+03
7.039060000000000400e+03
7.039060000000000400e+03
6.625000000000000000e+03
6.625000000000000000e+03
6.625000000000000000e+03
5.990069999999999709e+03
5.990069999999999709e+03
5.990069999999999709e+03
1.714619999999999891e+03
1.714619999999999891e+03
2.739500000000000000e+03
2.739500000000000000e+03
3.137230000000000018e+03
3.137230000000000018e+03
3.137230000000000018e+03
2.495260000000000218e+03
2.237889999999999873e+03
1.759180000000000064e+03
1.424559999999999945e+03
1.424559999999999945e+03
1.424559999999999945e+03
1.424559999999999945e+03
2.280469999999999800e+03
2.280469999999999800e+03
1.568450000000000045e+03
1.568450000000000045e+03
1.568450000000000045e+03
1.448029999999999973e+03
1.448029999999999973e+03
1.628910000000000082e+03
2.105469999999999800e+03
2.202800000000000182e+03
2.681610000000000127e+03
3.321230000000000018e+03
3.321230000000000018e+03
3.321230000000000018e+03
1.031369999999999891e+03
1.031369999999999891e+03
1.031369999999999891e+03
1.031369999999999891e+03
1.031369999999999891e+03
1.031369999999999891e+03
1.031369999999999891e+03
1.031369999999999891e+03
1.031369999999999891e+03
1.031369999999999891e+03
1.031369999999999891e+03
1.031369999999999891e+03
1.031369999999999891e+03
1.031369999999999891e+03
1.031369999999999891e+03
1.031369999999999891e+03
1.031369999999999891e+03
1.031369999999999891e+03
1.031369999999999891e+03
1.031369999999999891e+03
1.031369999999999891e+03
1.031369999999999891e+03
1.031369999999999891e+03
1.031369999999999891e+03
1.031369999999999891e+03
1.031369999999999891e+03
1.031369999999999891e+03
1.031369999999999891e+03
1.031369999999999891e+03
1.031369999999999891e+03
1.031369999999999891e+03
1.031369999999999891e+03
1.031369999999999891e+03
1.031369999999999891e+03
1.031369999999999891e+03
1.031369999999999891e+03
1.031369999999999891e+03
1.031369999999999891e+03
1.031369999999999891e+03
1.031369999999999891e+03
1.031369999999999891e+03
1.031369999999999891e+03
1.031369999999999891e+03
1.031369999999999891e+03
1.031369999999999891e+03
1.031369999999999891e+03
1.031369999999999891e+03
1.031369999999999891e+03
1.031369999999999891e+03
1.031369999999999891e+03
1.031369999999999891e+03
1.031369999999999891e+03
1.031369999999999891e+03
1.031369999999999891e+03
1.031369999999999891e+03
1.031369999999999891e+03
