1.038569999999999936e+03
1.038569999999999936e+03
1.038569999999999936e+03
1.038569999999999936e+03
1.038569999999999936e+03
1.038569999999999936e+03
1.038569999999999936e+03
1.038569999999999936e+03
1.038569999999999936e+03
1.038569999999999936e+03
1.038569999999999936e+03
1.038569999999999936e+03
1.038569999999999936e+03
1.038569999999999936e+03
1.038569999999999936e+03
1.038569999999999936e+03
1.038569999999999936e+03
1.038569999999999936e+03
1.038569999999999936e+03
1.038569999999999936e+03
1.038569999999999936e+03
1.038569999999999936e+03
1.038569999999999936e+03
1.038569999999999936e+03
1.038569999999999936e+03
1.038569999999999936e+03
1.038569999999999936e+03
1.038569999999999936e+03
1.038569999999999936e+03
1.038569999999999936e+03
1.038569999999999936e+03
1.038569999999999936e+03
1.038569999999999936e+03
1.038569999999999936e+03
1.038569999999999936e+03
1.038569999999999936e+03
1.038569999999999936e+03
6.718750000000000000e+03
7.532760000000000218e+03
7.781029999999999745e+03
7.781029999999999745e+03
7.532760000000000218e+03
7.000000000000000000e+03
4.040889999999999873e+03
3.321650000000000091e+03
3.218750000000000000e+03
3.312500000000000000e+03
3.312500000000000000e+03
2.531250000000000000e+03
3.312500000000000000e+03
3.312500000000000000e+03
3.507949999999999818e+03
3.959280000000000200e+03
5.475180000000000291e+03
5.475180000000000291e+03
5.987409999999999854e+03
7.749060000000000400e+03
7.749060000000000400e+03
7.749060000000000400e+03
7.676449999999999818e+03
7.013460000000000036e+03
7.013460000000000036e+03
7.013460000000000036e+03
7.013460000000000036e+03
7.013460000000000036e+03
7.294420000000000073e+03
7.112029999999999745e+03
7.294420000000000073e+03
7.399340000000000146e+03
7.399340000000000146e+03
7.399340000000000146e+03
7.399340000000000146e+03
6.038289999999999964e+03
5.983460000000000036e+03
4.984380000000000109e+03
4.831100000000000364e+03
4.644350000000000364e+03
2.765619999999999891e+03
2.515619999999999891e+03
1.588940000000000055e+03
1.546880000000000109e+03
1.546880000000000109e+03
1.588940000000000055e+03
1.546880000000000109e+03
1.546880000000000109e+03
1.734380000000000109e+03
2.042039999999999964e+03
2.082409999999999854e+03
2.183280000000000200e+03
2.082409999999999854e+03
2.684059999999999945e+03
2.684059999999999945e+03
2.559650000000000091e+03
2.369929999999999836e+03
2.369929999999999836e+03
2.369929999999999836e+03
2.559650000000000091e+03
4.177640000000000327e+03
5.767510000000000218e+03
6.227770000000000437e+03
6.306479999999999563e+03
7.085939999999999600e+03
7.085939999999999600e+03
7.085939999999999600e+03
5.612579999999999927e+03
5.593750000000000000e+03
5.357500000000000000e+03
5.593619999999999891e+03
5.562500000000000000e+03
5.562500000000000000e+03
5.593619999999999891e+03
5.868850000000000364e+03
7.315479999999999563e+03
7.315479999999999563e+03
6.191920000000000073e+03
5.868850000000000364e+03
5.830909999999999854e+03
5.593750000000000000e+03
5.593750000000000000e+03
5.593750000000000000e+03
5.593750000000000000e+03
5.986270000000000437e+03
6.040140000000000327e+03
6.670840000000000146e+03
6.670840000000000146e+03
7.069670000000000073e+03
7.494800000000000182e+03
6.670840000000000146e+03
7.494800000000000182e+03
7.565729999999999563e+03
7.725039999999999964e+03
7.743949999999999818e+03
7.743949999999999818e+03
7.725039999999999964e+03
7.513869999999999891e+03
6.342130000000000109e+03
6.024609999999999673e+03
5.917119999999999891e+03
5.741939999999999600e+03
4.121539999999999964e+03
2.642059999999999945e+03
2.309190000000000055e+03
1.557349999999999909e+03
1.209079999999999927e+03
1.209079999999999927e+03
1.209079999999999927e+03
1.209079999999999927e+03
1.209079999999999927e+03
1.198332222222222072e+03
1.187584444444444443e+03
1.176836666666666588e+03
1.166088888888888732e+03
1.155341111111111104e+03
1.144593333333333248e+03
1.133845555555555620e+03
1.123097777777777765e+03
1.112349999999999909e+03
1.101602222222222281e+03
1.090854444444444425e+03
1.080106666666666570e+03
1.069358888888888941e+03
1.058611111111111086e+03
1.047863333333333230e+03
1.037115555555555602e+03
1.026367777777777746e+03
1.015620000000000005e+03
1.283150000000000091e+03
2.005769999999999982e+03
3.261070000000000164e+03
3.406250000000000000e+03
5.921039999999999964e+03
5.518630000000000109e+03
5.518630000000000109e+03
5.921039999999999964e+03
6.179470000000000255e+03
6.179470000000000255e+03
6.532979999999999563e+03
6.532979999999999563e+03
6.564090000000000146e+03
6.564090000000000146e+03
6.564090000000000146e+03
6.125300000000000182e+03
6.564090000000000146e+03
7.761579999999999927e+03
7.761579999999999927e+03
7.708850000000000364e+03
7.708850000000000364e+03
7.708850000000000364e+03
7.708850000000000364e+03
7.708850000000000364e+03
7.660960000000000036e+03
7.025489999999999782e+03
7.025489999999999782e+03
5.975100000000000364e+03
5.888710000000000036e+03
5.687500000000000000e+03
5.686979999999999563e+03
5.622909999999999854e+03
5.622909999999999854e+03
5.622909999999999854e+03
5.788260000000000218e+03
5.788260000000000218e+03
5.788260000000000218e+03
5.788260000000000218e+03
5.096470000000000255e+03
5.096470000000000255e+03
5.482220000000000255e+03
5.675630000000000109e+03
5.482220000000000255e+03
5.482220000000000255e+03
2.955389999999999873e+03
2.875000000000000000e+03
2.808719999999999800e+03
2.129780000000000200e+03
1.968089999999999918e+03
1.968089999999999918e+03
1.617190000000000055e+03
1.617190000000000055e+03
2.411139999999999873e+03
2.411139999999999873e+03
1.207559999999999945e+03
1.067930000000000064e+03
1.046880000000000109e+03
1.068740000000000009e+03
1.090600000000000136e+03
1.112460000000000036e+03
1.134320000000000164e+03
1.156180000000000064e+03
1.156180000000000064e+03
1.156180000000000064e+03
1.510012857142857229e+03
1.863845714285714166e+03
2.217678571428571558e+03
2.571511428571428496e+03
2.925344285714285434e+03
3.279177142857142826e+03
3.633010000000000218e+03
3.986842857142856701e+03
4.340675714285714093e+03
4.694508571428571486e+03
5.048341428571427969e+03
5.402174285714285361e+03
5.756007142857142753e+03
6.109840000000000146e+03
6.760609999999999673e+03
7.312500000000000000e+03
6.760609999999999673e+03
6.760609999999999673e+03
6.375000000000000000e+03
6.375000000000000000e+03
6.375000000000000000e+03
6.375000000000000000e+03
6.703119999999999891e+03
6.703119999999999891e+03
6.344760000000000218e+03
5.278739999999999782e+03
5.278739999999999782e+03
5.278739999999999782e+03
5.339050000000000182e+03
5.629800000000000182e+03
5.629800000000000182e+03
6.246250000000000000e+03
6.617149999999999636e+03
6.246250000000000000e+03
5.618779999999999745e+03
5.618779999999999745e+03
2.987710000000000036e+03
2.987710000000000036e+03
2.987710000000000036e+03
6.573319999999999709e+03
7.051600000000000364e+03
7.255779999999999745e+03
7.255779999999999745e+03
7.051600000000000364e+03
6.989970000000000255e+03
6.989970000000000255e+03
6.989970000000000255e+03
6.989970000000000255e+03
5.514439999999999600e+03
4.996479999999999563e+03
4.478340000000000146e+03
3.500000000000000000e+03
4.478340000000000146e+03
4.478340000000000146e+03
6.191899999999999636e+03
6.191899999999999636e+03
6.620750000000000000e+03
6.191899999999999636e+03
2.997880000000000109e+03
1.879829999999999927e+03
1.125000000000000000e+03
1.093990000000000009e+03
1.093990000000000009e+03
1.090737777777777865e+03
1.087485555555555493e+03
1.084233333333333348e+03
1.080981111111111204e+03
1.077728888888888832e+03
1.074476666666666688e+03
1.071224444444444543e+03
1.067972222222222172e+03
1.064720000000000027e+03
1.093750000000000000e+03
1.093750000000000000e+03
1.069529999999999973e+03
1.069529999999999973e+03
1.164569999999999936e+03
1.164569999999999936e+03
1.168700000000000045e+03
1.325490000000000009e+03
1.342880000000000109e+03
1.342880000000000109e+03
1.352779999999999973e+03
1.352779999999999973e+03
1.906250000000000000e+03
2.105469999999999800e+03
2.105469999999999800e+03
2.105469999999999800e+03
2.258019999999999982e+03
2.261719999999999800e+03
2.258019999999999982e+03
2.258019999999999982e+03
2.182710000000000036e+03
2.182710000000000036e+03
2.175659999999999854e+03
2.140059999999999945e+03
2.002450000000000045e+03
1.864839999999999918e+03
1.727230000000000018e+03
1.589619999999999891e+03
1.452009999999999991e+03
1.314400000000000091e+03
1.176789999999999964e+03
1.039180000000000064e+03
2.994119999999999891e+03
3.415829999999999927e+03
3.415829999999999927e+03
2.994119999999999891e+03
2.994119999999999891e+03
2.994119999999999891e+03
2.994119999999999891e+03
2.994119999999999891e+03
2.994119999999999891e+03
2.994119999999999891e+03
2.994119999999999891e+03
2.994119999999999891e+03
2.994119999999999891e+03
2.994119999999999891e+03
2.994119999999999891e+03
2.994119999999999891e+03
2.994119999999999891e+03
2.994119999999999891e+03
2.994119999999999891e+03
2.994119999999999891e+03
2.994119999999999891e+03
2.994119999999999891e+03
2.994119999999999891e+03
2.994119999999999891e+03
2.994119999999999891e+03
2.994119999999999891e+03
2.994119999999999891e+03
2.994119999999999891e+03
2.994119999999999891e+03
2.994119999999999891e+03
2.994119999999999891e+03
2.994119999999999891e+03
2.994119999999999891e+03
2.994119999999999891e+03
2.994119999999999891e+03
2.994119999999999891e+03
2.994119999999999891e+03
2.994119999999999891e+03
2.994119999999999891e+03
2.994119999999999891e+03
2.994119999999999891e+03
2.994119999999999891e+03
2.994119999999999891e+03
2.994119999999999891e+03
2.994119999999999891e+03
2.994119999999999891e+03
2.994119999999999891e+03
2.994119999999999891e+03
2.994119999999999891e+03
2.994119999999999891e+03
2.994119999999999891e+03
2.994119999999999891e+03
