-1e+10
-1e+10
-1e+10
-1e+10
-1e+10
-1e+10
-1e+10
-1e+10
-1e+10
-1e+10
-1e+10
-1e+10
-1e+10
-1e+10
-1e+10
-1e+10
-1e+10
-1e+10
-1e+10
-1e+10
-1e+10
-1e+10
-1e+10
-1e+10
-1e+10
-1e+10
-1e+10
-1e+10
-1e+10
-1e+10
-1e+10
-1e+10
-1e+10
-1e+10
-1e+10
-1e+10
-1e+10
-1e+10
-1e+10
-1e+10
-1e+10
-1e+10
-1e+10
-1e+10
-1e+10
-1e+10
-1e+10
-1e+10
5.39186
5.3898
5.38626
5.38206
5.3769
5.36974
-1e+10
-1e+10
-1e+10
-1e+10
-1e+10
-1e+10
-1e+10
-1e+10
-1e+10
-1e+10
-1e+10
-1e+10
-1e+10
-1e+10
-1e+10
-1e+10
-1e+10
-1e+10
-1e+10
-1e+10
-1e+10
-1e+10
-1e+10
-1e+10
-1e+10
-1e+10
-1e+10
-1e+10
5.67975
5.66692
5.65212
5.63876
5.62751
5.61855
5.61085
5.60384
5.59793
5.59414
5.59338
5.59502
5.59765
5.60049
5.60352
5.60704
5.61141
5.61613
5.62039
5.62348
5.62485
5.62437
5.62245
5.61989
5.61748
5.6159
5.61642
5.6207
5.62925
5.64411
5.67221
5.70564
5.72762
5.73986
5.74727
5.75237
5.75618
5.75862
5.75917
5.75753
5.75385
5.74865
5.74215
5.7344
5.72872
5.72769
5.72865
5.72821
5.72556
5.72175
5.71829
5.71562
5.71295
5.70938
5.70419
5.69701
5.6888
5.68218
5.68234
5.69728
5.7297
5.75713
5.76581
-1e+10
-1e+10
-1e+10
-1e+10
-1e+10
-1e+10
-1e+10
-1e+10
-1e+10
-1e+10
-1e+10
-1e+10
-1e+10
-1e+10
-1e+10
-1e+10
-1e+10
-1e+10
-1e+10
-1e+10
-1e+10
5.61932
5.5916
5.5672
5.54858
5.53264
5.51665
5.50228
5.4924
5.48599
5.48047
5.47503
5.4686
5.46081
5.45087
5.44
5.42997
5.42126
5.41399
5.40677
5.40034
5.39354
5.38671
5.37916
5.37258
5.36668
5.36212
5.35873
5.35646
5.35499
5.3538
5.35249
5.35123
5.35047
5.35084
5.35291
5.35673
5.36109
5.3646
5.3659
5.36413
5.36014
5.35536
5.3511
5.34811
5.34746
5.34859
5.34773
5.34195
-1e+10
-1e+10
-1e+10
-1e+10
-1e+10
-1e+10
-1e+10
-1e+10
-1e+10
-1e+10
-1e+10
-1e+10
-1e+10
-1e+10
-1e+10
-1e+10
-1e+10
-1e+10
-1e+10
-1e+10
-1e+10
-1e+10
-1e+10
-1e+10
-1e+10
-1e+10
-1e+10
-1e+10
-1e+10
-1e+10
-1e+10
-1e+10
-1e+10
-1e+10
-1e+10
-1e+10
-1e+10
5.49663
5.47739
5.46702
5.45931
5.45315
5.44773
5.44176
5.43363
5.42301
5.41218
5.40293
5.39487
5.38778
5.38064
5.3737
5.36647
5.35994
5.35391
5.34922
5.3462
5.34562
5.34786
5.35211
5.35689
5.36004
5.36138
5.36082
5.35751
5.34518
5.27303
5.27791
5.28408
-1e+10
-1e+10
-1e+10
-1e+10
-1e+10
-1e+10
-1e+10
-1e+10
-1e+10
-1e+10
-1e+10
-1e+10
-1e+10
-1e+10
-1e+10
-1e+10
-1e+10
-1e+10
-1e+10
-1e+10
-1e+10
-1e+10
-1e+10
5.41389
5.41477
5.40975
5.39793
5.38108
5.36064
5.34349
5.33156
5.32247
5.31452
5.30621
5.29617
5.28537
5.27532
5.26475
5.25124
5.23548
5.22063
5.20793
5.19626
5.18455
5.17444
5.16829
5.16606
5.16598
5.16607
5.16564
5.16493
5.16423
5.16322
5.16122
5.15753
5.15158
5.1443
5.13841
5.13689
5.13958
5.14313
5.14522
5.14703
5.15085
5.15722
5.1627
5.16757
5.17458
5.18465
5.19643
5.20749
5.21523
5.22142
5.22855
5.23565
5.24652
5.26554
-1e+10
-1e+10
-1e+10
-1e+10
-1e+10
-1e+10
-1e+10
-1e+10
-1e+10
-1e+10
-1e+10
-1e+10
-1e+10
-1e+10
-1e+10
-1e+10
-1e+10
-1e+10
-1e+10
-1e+10
-1e+10
-1e+10
-1e+10
-1e+10
-1e+10
-1e+10
-1e+10
-1e+10
-1e+10
-1e+10
-1e+10
-1e+10
-1e+10
-1e+10
-1e+10
-1e+10
-1e+10
-1e+10
-1e+10
-1e+10
