-9.04902	1.55908	0.453656	0.433161	0.359824	0.208027	0.212298	0.173682	0.198205	0.129521	0.139638	0.102919	0.112485	0.0826471	0.0841712	0.0746661	0.064957
-9.22575	1.63574	0.423071	0.481641	0.341246	0.263589	0.210514	0.21854	0.204266	0.170984	0.154298	0.142606	0.130608	0.121961	0.100797	0.11312	0.0840141
-10.115	1.29193	0.5756	0.452585	0.374623	0.347977	0.261036	0.254177	0.293957	0.249283	0.209118	0.198175	0.171694	0.224051	0.178599	0.16423	0.141971
-10.2125	1.19872	0.54499	0.407915	0.370231	0.289691	0.237615	0.257064	0.242831	0.200285	0.223987	0.222722	0.167291	0.21904	0.213629	0.164085	0.158909
-10.2053	1.17808	0.552569	0.452201	0.425769	0.334054	0.259732	0.270525	0.204535	0.198731	0.233337	0.168003	0.140712	0.154602	0.184247	0.18004	0.168872
-10.4561	1.0378	0.635713	0.486519	0.453556	0.400626	0.27134	0.256789	0.224859	0.23506	0.222063	0.182487	0.215524	0.175945	0.180976	0.183247	0.175564
-10.3464	1.1685	0.672331	0.475814	0.455	0.335943	0.206678	0.204735	0.195089	0.250782	0.18155	0.180049	0.253332	0.238752	0.169363	0.145696	0.132743
-10.411	1.09299	0.647157	0.429572	0.409536	0.346498	0.218337	0.187061	0.177131	0.235729	0.141453	0.157451	0.250889	0.285357	0.231567	0.13266	0.0834903
-10.5196	0.948404	0.634174	0.48106	0.453303	0.425072	0.28361	0.234253	0.223228	0.218222	0.118358	0.154246	0.304234	0.256685	0.176254	0.172868	0.11551
-10.4258	0.98417	0.565684	0.42005	0.426265	0.369145	0.242539	0.252217	0.251434	0.251662	0.160725	0.17521	0.289149	0.191927	0.0911203	0.120342	0.115972
-10.452	0.945404	0.511592	0.430513	0.439833	0.328222	0.179201	0.205994	0.146117	0.154238	0.115823	0.163994	0.228561	0.143415	0.0490358	0.0877939	0.156086
-10.4157	1.01777	0.544621	0.45945	0.434731	0.313062	0.215256	0.246751	0.161878	0.114176	0.151415	0.137676	0.159579	0.156836	0.10342	0.0618429	0.149159
-10.3885	1.0156	0.541711	0.451285	0.474824	0.336682	0.214543	0.266693	0.229778	0.125303	0.183442	0.137169	0.153253	0.19019	0.157473	0.0808936	0.142194
-10.3832	1.05287	0.599829	0.419945	0.43062	0.315173	0.221663	0.243618	0.191461	0.136214	0.17101	0.142825	0.15645	0.209934	0.148754	0.091119	0.0838239
-10.3109	1.05377	0.520142	0.344106	0.346387	0.316968	0.276971	0.237517	0.170583	0.205424	0.187348	0.140653	0.164375	0.163132	0.144251	0.1535	0.0870537
-10.1802	1.18096	0.545047	0.398224	0.353344	0.291523	0.264355	0.254838	0.165352	0.23907	0.194438	0.188697	0.196634	0.1669	0.142302	0.197016	0.155215
-10.3103	1.10713	0.527612	0.383021	0.400339	0.31675	0.267426	0.280905	0.255516	0.307527	0.187872	0.154623	0.191449	0.207662	0.182552	0.215086	0.141866
-10.1381	1.25735	0.568647	0.395744	0.383368	0.281234	0.312385	0.277583	0.250506	0.272829	0.220252	0.151161	0.135129	0.192272	0.193032	0.189988	0.143112
-10.1085	1.32583	0.620976	0.438755	0.396589	0.290455	0.29919	0.262808	0.284829	0.292288	0.224527	0.194319	0.188877	0.220338	0.179596	0.185538	0.153441
-10.4089	1.11937	0.695138	0.492332	0.492171	0.389929	0.256523	0.26408	0.336958	0.387468	0.279344	0.203565	0.22758	0.227023	0.212698	0.165889	0.205369
-10.0863	1.25099	0.617156	0.424007	0.385044	0.343877	0.265935	0.246	0.257558	0.299176	0.238633	0.24482	0.193425	0.202115	0.210117	0.180082	0.180224
-10.1886	1.19192	0.640925	0.427298	0.380201	0.367643	0.353209	0.246549	0.262253	0.316382	0.232196	0.232391	0.168455	0.147582	0.217669	0.212885	0.217824
-10.3711	1.14077	0.628764	0.390177	0.402856	0.386752	0.351887	0.241195	0.282168	0.279422	0.266072	0.274797	0.28186	0.242335	0.207801	0.163217	0.204836
-10.101	1.26289	0.568466	0.391997	0.313889	0.269455	0.241502	0.210689	0.229824	0.23459	0.167804	0.206338	0.219475	0.222231	0.149661	0.169849	0.177774
-10.3374	1.14345	0.699722	0.524398	0.368544	0.341798	0.274834	0.23138	0.217135	0.277315	0.188259	0.236258	0.199733	0.154661	0.0870678	0.144817	0.0900727
-10.3257	1.1329	0.651915	0.479758	0.427378	0.422498	0.244887	0.240158	0.282158	0.293837	0.184156	0.15664	0.210634	0.246678	0.181914	0.230972	0.153136
-10.2486	1.15657	0.543477	0.382106	0.437076	0.397639	0.225063	0.203353	0.298761	0.300053	0.179997	0.0935899	0.182474	0.219559	0.107295	0.157051	0.133274
-10.367	1.05775	0.539284	0.362721	0.393544	0.404809	0.238455	0.194915	0.281709	0.298096	0.193807	0.10408	0.176925	0.209363	0.106493	0.141617	0.178656
-8.87737	1.47846	0.345787	0.210712	0.202334	0.184976	0.223965	0.1604	0.123321	0.0401504	0.0382624	-0.00934316	0.0174064	0.0226139	0.00574864	0.0328834	-0.0581812
-7.51585	2.74808	-0.109432	-0.404617	-0.0112781	0.0898297	0.399451	0.244439	-0.0748525	-0.113821	-0.0951191	-0.0138465	-0.243121	0.0242457	-0.113207	-0.166211	-0.0592551
-6.38793	3.16148	-0.538375	-0.60118	0.0171563	-0.306549	0.590783	0.13499	-0.00319541	-0.112951	-0.0915267	0.222412	-0.361643	0.0872884	-0.185147	-0.284157	0.00972323
-5.88723	3.24686	-0.546378	-0.616542	-0.0199057	-0.362241	0.630421	0.151016	0.0559006	-0.10946	-0.0608274	0.306945	-0.323772	0.134018	-0.227614	-0.311962	0.0315972
-5.829	3.22861	-0.317124	-0.560387	-0.0160681	-0.286064	0.581011	0.174265	-0.058301	-0.107802	-0.104925	0.316412	-0.309297	0.0138907	-0.204981	-0.245382	0.0193107
-5.18271	3.07249	-0.221646	-0.360684	-0.107978	-0.447623	0.623411	0.0399636	-0.0720229	0.0133721	-0.20846	0.280632	-0.374801	-0.0348191	-0.132591	-0.122187	-0.130989
-4.80931	3.05969	-0.28481	-0.427807	-0.138266	-0.478459	0.646394	0.0545229	-0.0885364	0.00249256	-0.213634	0.312747	-0.396283	-0.0629503	-0.148991	-0.159282	-0.131003
-4.54052	2.92559	-0.155589	-0.609573	-0.341014	-0.104384	0.467333	0.114291	-0.20493	-0.0652204	-0.0240109	0.162896	-0.289565	-0.0420281	-0.0898279	-0.0973404	-0.114229
-4.31408	3.45356	-0.356855	-0.867829	-0.203704	-0.396905	0.682257	-0.0726864	-0.132638	-0.12176	-0.166728	0.449361	-0.582222	0.0495549	0.0103626	-0.194336	-0.167689
-4.20123	3.13118	-0.0415291	-0.613878	-0.299224	-0.254414	0.337405	0.298931	-0.183959	0.04539	-0.107552	0.38672	-0.717437	0.0462917	-0.0826665	0.0290985	-0.104546
-4.04928	3.25498	-0.443138	-0.438318	-0.248082	-0.393091	0.715003	0.0929394	-0.101463	0.0596278	-0.169889	0.331275	-0.479282	0.023322	-0.160196	-0.000986289	-0.0319852
-4.16785	3.3201	-0.160371	-0.573975	-0.165544	-0.276126	0.523269	0.145435	-0.0183717	0.0839281	-0.103864	0.269473	-0.560078	0.120668	-0.122395	-0.0246212	-0.023855
-4.23985	3.36366	-0.0857571	-0.527332	-0.267999	-0.122232	0.423	0.263537	-0.119828	0.161183	-0.104653	0.274296	-0.604812	0.0725172	-0.152976	0.0105914	0.0937881
-4.37748	3.45366	0.177836	-0.684172	-0.205732	-0.0871997	0.434764	0.239959	-0.0563561	0.173781	-0.038051	0.143884	-0.43247	0.0432252	-0.232886	0.18412	0.0154952
-4.48743	3.27672	0.525557	-0.576172	-0.274383	-0.226537	0.764519	-0.0213236	0.0635053	0.175887	0.098551	-0.0355333	-0.356221	-0.11754	-0.0345819	-0.0379903	0.261938
-4.62888	3.4307	0.353041	-0.330317	-0.392951	-0.140776	0.51591	0.187017	-0.0658544	0.260994	-0.0220666	0.112793	-0.465787	-0.0400205	-0.0878414	0.00820281	0.213497
-4.50081	3.09718	0.400431	-0.250523	-0.71568	0.0971201	0.30939	0.140398	0.0120531	0.0979467	-0.120967	0.226076	-0.541737	0.08669	-0.192167	0.0973323	-0.048885
-4.5876	3.28213	0.679254	-0.291509	-0.552424	0.0733497	0.731572	0.0163949	0.130684	0.184326	-0.00147704	0.167594	-0.401332	0.182725	-0.403993	0.256927	0.244102
-4.6727	3.28973	0.653501	-0.446216	-0.67599	0.00636124	0.888563	-0.240565	0.156661	0.0136675	0.0132869	0.192533	-0.285759	0.00426165	-0.203076	0.256892	-0.183044
-4.64275	3.23912	0.531221	-0.291004	-0.859035	0.0808887	0.67233	-0.123123	0.0380454	0.117595	-0.201967	0.233398	-0.258203	0.2482	-0.366013	0.119747	-0.243517
-4.74906	3.34811	0.970428	-0.324211	-0.896291	-0.0143493	0.874107	-0.000713291	0.119479	-0.0193115	-0.253821	0.273438	-0.133745	0.122594	-0.254491	-0.0335629	0.223761
-4.53945	3.05693	0.74966	-0.392805	-0.971421	0.117312	0.45302	-0.201185	0.243233	-0.100955	-0.23365	0.372766	0.0464532	0.114813	-0.419706	-0.0564513	-0.436689
-4.54251	3.14103	0.777633	-0.356698	-0.744776	0.101605	0.400847	-0.26954	0.269724	-0.0511377	-0.0338221	0.189318	-0.0154784	-0.011796	-0.291926	0.00343534	-0.2017
-4.67634	3.07919	0.739765	-0.0601758	-0.901278	-0.21451	0.370632	-0.297989	0.263475	0.124825	-0.154962	0.35497	-0.0727507	0.101802	-0.496236	-0.184434	-0.416589
-4.65307	3.04369	0.654889	0.0504255	-0.760225	-0.411066	0.324058	-0.355514	0.35307	0.155242	-0.132286	0.376141	-0.0583377	-0.114381	-0.314526	-0.310446	-0.444396
-4.70143	3.29866	0.466604	0.24446	-0.908627	-0.295823	0.402819	-0.370531	0.434898	0.0023766	-0.13583	0.394797	-0.255499	0.154475	-0.452987	-0.0969032	-0.346213
-4.86247	3.26432	0.513297	0.143927	-1.0602	-0.391343	0.272755	-0.200944	0.346134	0.100318	-0.092733	0.415954	-0.0592141	-0.0408662	-0.568032	-0.346681	-0.685497
-5.0552	3.33583	0.616989	0.413096	-0.978449	-0.383066	0.234644	-0.295841	0.595161	0.00860358	-0.154536	0.176268	-0.152716	0.151059	-0.296521	-0.149533	-0.598954
-5.24472	3.44924	0.53295	0.377786	-1.07474	-0.0324286	0.390605	-0.385245	0.256914	0.060809	-0.124085	0.397706	-0.239608	0.0558459	-0.41403	0.0556821	-0.548368
-5.49692	3.60644	0.491833	0.590945	-1.09718	0.150009	0.596672	-0.286007	0.139263	-0.184546	0.037824	0.209319	-0.297421	-0.0526768	-0.00362567	0.327734	-0.387431
-5.72771	3.58313	0.391716	0.510321	-0.771954	0.0897952	0.522922	-0.244727	0.128391	1.58782e-05	-0.1953	0.265935	-0.148236	-0.0572187	-0.133416	0.0308593	-0.295869
-6.0514	3.57479	0.563339	0.271655	-0.5651	0.00973143	0.562802	-0.309203	0.138226	0.0192325	-0.0170369	0.0977463	-0.0972731	0.121979	-0.353578	-0.182321	-0.380541
-6.41203	3.74589	0.563177	0.323615	-0.576635	0.0678199	0.55498	-0.216166	0.0349624	0.111763	-0.143469	0.16852	-0.0655074	0.0246339	-0.357271	-0.134288	-0.47053
-6.41143	3.67895	0.888541	0.490962	-0.586196	0.391954	0.493743	-0.119212	0.0580698	-0.078272	-0.246884	0.0329642	-0.0838872	0.0256094	-0.0430912	0.164402	-0.0485279
-6.38384	3.56728	0.944743	0.259497	-0.346655	0.0521981	0.674066	-0.135429	-0.0509521	0.0197011	-0.226885	0.144907	-0.147779	0.0916023	-0.263735	-0.00337873	-0.1311
-6.18592	3.52987	1.00406	0.370227	-0.490992	0.177728	0.657376	-0.244431	0.12853	-0.250542	-0.133544	-0.0683264	0.0439868	0.128521	-0.165688	0.0806512	0.0347956
-6.09293	3.71738	0.740803	0.10714	-0.253954	0.100228	0.470288	0.00965914	-0.13251	-0.0383709	-0.0725414	0.0740484	-0.198854	0.162033	-0.346369	-0.116938	0.010448
-5.91499	3.96175	0.44542	0.364266	-0.329168	-0.0225031	0.486578	0.0920935	-0.236561	-0.0910204	-0.0275855	-0.0642653	0.0076559	0.140827	-0.237976	-0.0749712	0.0351393
-5.73034	4.28184	0.291197	-0.103731	0.0440981	0.00477185	0.371549	0.0115338	-0.0686068	-0.249325	0.0465886	0.0760973	-0.300345	0.342372	-0.171418	-0.146976	-0.101496
-5.32037	4.20666	0.149023	-0.0840228	0.0197192	-0.0629516	0.410837	-0.0428589	-0.131823	-0.247129	0.170551	-0.00841021	-0.223697	0.339358	-0.104024	-0.288248	-0.00437693
-5.16714	4.36559	-0.0691176	0.0775493	-0.0426911	0.107543	0.0867051	0.232368	-0.180634	-0.44258	0.227087	0.0985714	-0.171364	0.271142	-0.146024	-0.203486	-0.215564
-4.8508	4.16676	0.0108752	-0.0803709	0.140167	0.0114688	0.120374	0.071729	0.0352005	-0.594165	0.256679	0.125888	-0.163272	0.339474	-0.197197	-0.30895	-0.142139
-4.65568	4.03258	0.0439486	0.0619482	-0.0919308	0.0689422	-0.0764534	0.0135318	0.0667859	-0.535527	0.376054	0.142827	-0.104363	0.0853247	-0.15723	-0.0495654	0.120028
-4.56173	3.92544	0.0704774	0.0275974	0.0102493	0.128081	-0.044294	0.0170371	0.133814	-0.659075	0.375791	0.107657	-0.0829476	0.134977	-0.235215	-0.0257057	-0.124393
-4.53918	4.00986	-0.0597234	-0.0526661	0.204757	-0.0761873	0.0755964	-0.126716	0.133202	-0.608638	0.44785	0.1518	-0.140981	-0.0244271	-0.0412103	-0.0469776	0.0580987
-4.59008	4.07426	-0.0858379	-0.00944906	0.186344	0.255711	-0.140336	0.081657	-0.0332942	-0.73688	0.506251	0.204739	-0.115285	0.00482426	-0.154648	-0.105544	-0.126489
-4.60755	4.07311	-0.0931059	-0.0464293	0.215345	0.433124	-0.345098	0.133799	-0.138594	-0.601467	0.469774	0.290434	-0.272899	0.0492047	-0.0605017	-0.212432	-0.023358
-4.75983	4.13619	0.00247656	-0.016842	0.356278	0.413794	-0.320801	0.0353235	-0.0282121	-0.739168	0.567745	0.175328	-0.136142	-0.0606734	0.00603811	-0.294257	-0.131071
-4.85422	3.98052	0.332276	-0.0708885	0.490083	0.349575	-0.416137	-0.0172085	-0.100785	-0.442999	0.377726	0.266623	-0.230284	-0.0134065	-0.0781978	-0.0433079	-0.255884
-5.08343	4.06847	0.479094	-0.0728855	0.466696	0.51027	-0.391408	-0.335227	0.00345456	-0.381121	0.420703	0.177403	-0.134578	-0.0583253	-0.120335	-0.0273409	-0.20259
-5.3052	4.14364	0.59781	0.199162	0.419976	0.699954	-0.325349	-0.462731	-0.00953816	-0.603782	0.584718	0.181249	-0.023702	-0.258985	-0.0288399	-0.177652	-0.453919
-5.31035	4.11234	0.533427	0.30339	0.114028	0.499688	-0.178404	-0.42672	0.00339241	-0.204792	0.314455	-0.129298	0.0907743	0.0294065	-0.295863	-0.0288246	-0.0844817
-5.43699	4.09657	0.692892	0.634267	0.297471	-0.108681	-0.262399	-0.0529683	0.00954051	-0.108246	0.184855	-0.173823	-0.218127	0.198957	0.127435	-0.0934373	-0.340932
-5.26975	4.22774	0.215742	0.775817	0.170027	0.237804	-0.317062	-0.13598	0.0952202	-0.175154	-0.0777467	0.213023	-0.372206	0.160584	0.0799041	0.0544745	-0.431733
-5.16618	3.92396	0.441497	0.937758	0.269189	-0.0666699	-0.303476	-0.468462	0.708409	-0.358765	-0.0801489	-0.0830436	-0.0070128	0.0251394	0.196441	-0.0894908	-0.396965
-5.23347	3.71599	0.775992	0.989099	-0.0334372	-0.0355007	-0.374598	-0.0923047	0.647664	-0.61021	-0.0709688	0.0803322	-0.157662	0.144924	0.0467822	0.201277	-0.508555
-5.00031	3.35604	0.816791	1.01124	0.453525	-0.132329	-0.300222	-0.311251	0.25653	0.0468701	-0.202753	-0.298071	0.225819	-0.104208	0.307288	-0.104764	-0.660283
-4.86456	2.83775	0.454205	0.951728	0.192354	-0.0455935	-0.125395	-0.198575	0.145728	0.00834209	-0.275293	-0.0850544	0.0790007	0.0918608	-0.110297	0.124596	0.120967
-4.74047	2.28436	0.521833	0.459556	0.554893	0.213469	-0.435522	-0.246802	0.292271	-0.00246333	-0.308006	-0.0908296	0.197673	-0.140587	0.0549747	0.0957145	0.293401
-4.83242	1.38375	0.420405	1.09417	0.575898	0.159214	-0.0329888	-0.340208	0.107887	-0.123086	-0.360467	0.152785	-0.0817662	0.070454	-0.0947484	-0.0023086	0.164342
-5.17981	0.480128	0.262993	1.20561	0.929305	0.632017	-0.194371	-0.25161	-0.25675	-0.113133	-0.224697	0.157714	-0.231304	0.0337508	0.0110596	-0.000956284	0.0104829
-4.94328	-0.332102	-0.308282	0.91387	0.741178	0.0581426	-0.207283	-0.279385	0.00012334	-0.062399	-0.0656542	0.173483	0.0920308	-0.329759	0.0871171	-0.0296761	0.115021
-4.95291	-0.60085	-0.270415	0.750973	0.422564	0.218758	0.0396412	-0.263826	0.103529	0.0539032	-0.167332	0.0627854	-0.129063	-0.0725614	-0.0504332	0.143385	0.237259
-4.91247	-0.782562	-0.167511	0.686078	0.293366	0.280587	0.166437	-0.214018	0.0213894	-0.067148	-0.345609	-0.171719	0.0456949	0.116959	-0.135668	0.112834	0.229464
-4.93009	-0.88943	-0.163979	0.584577	0.294779	0.299417	0.169181	-0.141852	0.212211	-0.0137298	-0.299992	-0.143257	0.115805	0.0840096	-0.169914	0.078535	0.211818
-4.98974	-1.04158	-0.0897219	0.559835	0.282205	0.36151	0.122482	-0.212283	0.278828	-0.0350383	-0.149204	0.0299282	0.181876	0.0610549	-0.153536	0.0820798	0.268435
-5.02159	-1.2858	-0.314427	0.414993	0.275188	0.326351	0.139676	-0.197852	0.357633	0.0257749	-0.0598299	0.0349611	0.176089	0.120041	-0.0825825	0.161969	0.183985
-5.06691	-1.37048	-0.259929	0.385809	0.119763	0.218956	0.109024	-0.199729	0.278788	0.0249099	-0.0786412	0.0905897	-0.00311764	-0.0234605	-0.0897924	0.123422	0.109631
-5.0893	-1.26874	-0.0567392	0.464817	0.0851778	0.262732	-0.0127665	-0.123839	0.375305	0.0144408	0.00568405	0.222108	-0.0211326	-0.12718	-0.200774	0.126289	0.0581053
-5.09551	-1.24784	0.11974	0.412229	0.141085	0.37285	0.0233425	-0.102219	0.32403	-0.039103	0.0655597	0.198507	-0.0583312	-0.0537294	-0.246144	-0.0257807	0.038554
-5.14218	-1.28223	0.0640938	0.399748	0.20119	0.327204	0.0843515	-0.0378759	0.240058	-0.0737037	0.106487	0.178374	-0.0290854	0.0321592	-0.100246	0.170116	0.0719756
-5.23067	-1.41526	-0.0155388	0.354203	0.151726	0.30618	0.043129	-0.0818825	0.365187	-0.0887117	0.0802691	0.139287	0.129072	0.237811	-0.0339372	0.231874	0.0439622
-5.2092	-1.30526	0.174797	0.424463	0.055955	0.299474	0.189935	-0.145599	0.411859	-0.0154861	0.0145851	0.13463	0.117457	0.122583	-0.0753827	0.21277	0.148386
-5.28735	-1.24787	0.433668	0.56513	0.0693266	0.286265	0.262281	-0.191368	0.314005	0.0582744	-0.0735539	0.0724503	0.0597017	0.0751741	0.0324038	0.160994	0.0626264
-5.40123	-1.20511	0.558879	0.544097	0.136206	0.440207	0.201715	-0.136929	0.286931	0.125524	0.0225029	0.108036	0.100066	0.0982654	0.0591641	0.226544	0.131638
-5.63092	-1.27616	0.61844	0.709772	0.117404	0.442106	0.197395	-0.132456	0.269724	0.187975	0.0785646	0.0537226	0.0283625	0.174837	0.177646	0.218048	0.111145
-5.76156	-1.34438	0.624251	0.736873	0.0343383	0.480061	0.217159	-0.0795314	0.363392	0.185063	0.193375	0.141214	-0.0259206	0.183921	0.169121	0.166401	0.0893639
-5.95378	-1.26459	0.64322	0.893091	0.00678129	0.316229	0.185734	-0.091019	0.317151	0.283657	0.296413	0.155887	-0.04014	0.161323	0.0569714	0.205818	0.13928
-6.19577	-1.29861	0.531699	0.806703	0.0772376	0.210194	0.198152	-0.0265414	0.215399	0.240988	0.195765	0.135144	0.038734	0.225166	0.198855	0.204392	0.0485352
-6.38878	-1.25966	0.463875	0.897639	0.113079	0.361545	0.36239	0.0700945	0.264873	0.16146	0.116493	0.0443457	0.0464864	0.119255	0.139308	0.0857146	0.0929787
-6.6479	-0.928645	0.502331	0.796379	-0.00906604	0.387453	0.421096	0.042504	0.26515	0.201641	0.0926209	0.165237	0.0742913	0.149861	0.0452583	0.0324095	0.0730949
-7.01738	-0.76528	0.308986	0.732783	0.0828878	0.436929	0.38667	0.0190654	0.205298	0.106367	-0.0321724	0.173282	-0.025776	0.158776	0.0975114	-0.00652006	-0.00971055
-7.56004	-0.73149	0.226369	0.748352	0.176519	0.422067	0.433636	-0.00280601	0.150538	0.0516493	-0.112898	0.23432	0.0465249	0.311909	0.220293	0.0419506	-0.00383011
-8.39846	-0.394499	0.347718	0.897814	0.363962	0.46527	0.521537	-0.0128145	0.185854	0.133427	-0.0946644	0.316986	0.0673133	0.249419	0.265627	0.158388	0.205283
-9.24834	0.448404	0.611516	0.941971	0.185933	0.451787	0.442259	0.0172288	0.253667	0.251215	0.0259221	0.222894	0.117638	0.167106	0.230989	0.104177	0.230185
-9.68056	1.02313	0.449125	0.625033	0.446113	0.484682	0.302472	0.162159	0.291304	0.358228	0.17076	0.113513	0.127885	0.321344	0.279916	0.175516	0.164062
-9.5805	0.875342	0.142977	0.846318	0.688275	0.147766	0.38724	0.297033	0.192711	0.324899	0.314805	0.112805	0.114182	0.312026	0.273936	0.209793	0.123548
-8.70913	0.209633	-0.154707	0.997439	0.739026	-0.287927	0.566244	0.122657	0.277232	0.13362	0.285925	0.190693	0.139941	0.346644	0.0805231	0.24283	0.0721673
-7.94047	0.0250284	-0.409274	0.717939	0.666935	-0.345539	0.530171	-0.0544746	0.12477	0.10751	0.260954	0.154884	0.118719	0.224705	-0.110707	0.15555	0.0896022
-7.00292	0.692042	-0.344435	0.503091	0.394345	-0.191915	0.65048	0.102006	0.112319	0.0741268	0.164246	0.119463	0.161703	0.325842	0.049941	0.291271	0.256805
-6.32559	1.12987	-0.450062	0.450036	0.189258	-0.0923726	0.423955	0.176133	0.12503	0.00695625	0.335196	0.256035	0.0346222	0.304473	0.0799463	0.237958	0.274572
-5.91413	0.886434	-0.450131	0.458387	0.153145	-0.0326588	0.239621	0.190046	0.125316	0.0491082	0.436675	0.309767	-0.031664	0.306337	0.141697	0.221678	0.316989
-5.69323	0.25652	-0.25683	0.538867	0.311153	0.0529824	0.14085	0.0232345	0.148693	0.129001	0.346717	0.114633	-0.0137636	0.280084	0.0886537	0.139936	0.267272
-5.57052	-0.124636	-0.343485	0.558836	0.453181	0.0875451	0.0547179	-0.0125973	0.190212	0.0879755	0.350601	0.163325	0.0176341	0.337786	0.0690766	-0.0246792	0.15
-5.50044	-0.05438	-0.445606	0.721867	0.744997	0.0576191	0.0524521	0.111124	0.190083	0.0422775	0.166818	0.0959608	0.0328545	0.24525	-0.0699684	-0.0183444	0.197881
-5.21004	0.614811	-0.049909	0.929184	0.791542	-0.134659	-0.16338	-0.162817	0.0345169	-0.0583138	0.0526641	0.0851099	-0.0783616	0.0170684	-0.16711	0.0763509	0.187612
-4.85395	1.49285	0.162363	0.582825	0.518553	-0.243258	-0.276459	-0.298781	-0.0722238	-0.121919	-0.0545644	-0.058493	-0.165293	0.0271861	-0.179362	-0.00892823	-0.0289762
-4.85992	2.65041	0.440367	0.650273	0.606003	-0.204335	-0.146897	0.110093	-0.0553419	0.0881373	0.202867	-0.0820518	-0.145164	0.259583	-0.0794325	-0.0336152	0.0424363
-4.60273	3.47763	-0.266817	0.220606	0.540881	0.23607	-0.541931	-0.249193	0.0380257	-0.125357	-0.0125425	-0.0135831	-0.10823	0.093188	-0.0554482	-0.0544168	-0.0419306
-4.76566	3.84599	-0.370468	0.125153	0.526688	0.254319	-0.283572	-0.334423	0.183852	0.0412836	-0.1926	0.11141	-0.0258558	-0.0960329	0.0644611	-0.0431582	0.00128781
-4.7235	3.69106	-0.569384	0.0732224	0.221991	0.167285	-0.529848	-0.552262	0.208816	-0.209546	-0.11365	-0.0156442	-0.223948	-0.0362185	-0.248269	0.103594	-0.31939
-4.82728	3.78044	-0.734634	0.201979	0.174817	0.0982951	-0.682596	-0.584606	0.167871	-0.306062	-0.069301	-0.0257434	-0.228314	-0.146269	-0.263093	0.067388	-0.338066
-5.02452	3.96036	-0.732858	0.253274	0.208421	0.110945	-0.747059	-0.59092	0.137829	-0.277763	-0.0791113	-0.0116014	-0.213833	-0.128863	-0.319618	0.0201526	-0.266317
-5.08221	3.67875	-0.775252	0.334657	-0.121459	-0.0791571	-0.715814	-0.817088	-0.0412134	-0.286789	-0.303755	-0.0871256	-0.310139	-0.295203	-0.357864	-0.0597473	-0.469506
-5.03093	3.52365	-0.511521	0.278865	-0.177428	-0.0276362	-0.664283	-0.845492	0.181091	-0.450374	-0.343329	0.0457491	-0.341378	-0.250039	-0.357005	-0.0564884	-0.46249
-4.79965	3.335	-0.466188	0.465284	-0.0608625	-0.0623799	-0.635651	-0.594978	0.119994	-0.345531	-0.285491	0.0203938	-0.20179	-0.121785	-0.362146	-0.0894723	-0.298313
-4.57119	3.18066	0.0549751	0.397847	0.237094	0.110955	-0.557041	-0.192594	0.0734673	-0.0369399	-0.233691	0.204114	-0.0374856	0.0924558	-0.231232	-0.0627361	0.0251843
-4.6628	3.36982	-0.221012	0.633285	0.246579	0.0500322	-0.601843	-0.117232	0.105793	-0.169191	-0.287074	0.282312	0.0466516	-0.139124	-0.0201461	0.0168073	-0.0796519
-4.67568	3.38772	-0.0149292	0.69827	0.335044	-0.0226931	-0.312274	-0.290709	0.389908	-0.358236	-0.0972741	0.167491	0.246834	-0.0257152	-0.169026	0.227873	0.0356681
-4.72123	3.21969	-0.291366	0.777845	0.281777	-0.41683	-0.273562	-0.355571	0.0528194	-0.510717	-0.252952	0.157787	0.000340768	-0.251997	0.0359619	0.00777198	-0.16521
-4.7166	3.05999	-0.317956	0.906693	0.0989261	-0.332436	-0.36611	-0.33665	-0.0455128	-0.643542	-0.243931	0.11669	-0.110602	-0.211152	-0.0224591	0.0545611	-0.253894
-4.56361	2.7826	-0.24785	0.948263	0.100364	-0.394819	-0.333733	-0.279714	-0.169339	-0.693491	-0.231215	0.121588	-0.190548	-0.183089	0.0523724	-0.0980874	-0.173972
-4.48322	2.85761	-0.193468	0.91692	0.166202	-0.399661	-0.318915	-0.131198	-0.165671	-0.74374	0.00208092	-0.0369529	-0.206931	-0.0566142	0.0478232	-0.0529481	-0.0956256
-4.41579	2.84155	-0.147026	1.16639	0.0516779	-0.280434	-0.212891	-0.221047	-0.123445	-0.587266	-0.051943	0.111405	-0.300023	0.00850352	0.104108	-0.0894269	0.0562247
-4.28823	2.88223	-0.29099	1.41375	0.0865497	-0.314485	0.0625457	-0.255966	-0.078276	-0.566059	0.0940202	0.0552308	-0.202845	0.028622	0.219807	-0.13413	0.226832
-4.31735	2.85012	-0.237158	1.30561	0.0246413	-0.288863	-0.0363921	-0.26344	-0.0984855	-0.68631	0.185755	-0.0803648	-0.17402	-0.037473	0.188387	-0.182979	0.157414
-4.26684	2.71516	-0.231845	1.36118	-0.0712391	-0.355899	0.0984121	-0.390161	-0.162318	-0.646239	0.188276	-0.14744	-0.0970954	-0.132889	0.221167	-0.262648	0.122446
-4.34748	2.84597	-0.261072	1.4482	-0.154835	-0.202024	-0.00759704	-0.270025	-0.262302	-0.509476	0.114035	-0.0557354	-0.161114	-0.0288875	0.175038	-0.275971	0.168702
-4.45661	3.03096	-0.276035	1.53563	-0.10518	-0.273272	0.179493	-0.345785	-0.22543	-0.423612	0.0647106	0.0370806	-0.116462	-0.0244429	0.248866	-0.322037	0.23297
-4.44274	2.85042	-0.0229413	1.33502	-0.00156771	-0.297541	0.137821	-0.322026	-0.332345	-0.363019	0.0403269	-0.0599521	0.0323029	-0.179337	0.327556	-0.380204	0.203164
-4.54801	2.87476	-0.0132322	1.26213	0.184902	-0.433881	0.0638324	-0.148071	-0.617293	-0.234592	-0.0224808	-0.127919	0.0728976	-0.140766	0.205862	-0.310113	0.110062
-4.97346	3.14617	0.00205663	1.14954	0.126204	-0.38043	-0.18119	-0.0496961	-0.811359	-0.339655	0.0669317	-0.44366	0.271886	-0.291281	0.133662	-0.333946	-0.0477042
-5.06422	3.02937	0.27373	1.07631	0.282035	-0.398445	-0.260206	-0.0630093	-0.710723	-0.503087	0.164117	-0.382878	0.295318	-0.240061	0.0590982	-0.380061	-0.00498195
-5.3209	3.5377	0.605125	0.97642	0.456618	-0.0289595	-0.211919	0.256138	-0.555144	-0.535683	0.310767	-0.173423	0.3479	0.214759	0.019669	-0.241605	0.243917
-5.63837	3.57101	0.728172	1.04954	0.259951	-0.166905	-0.344097	-0.0280772	-0.415038	-0.614739	0.214539	-0.124431	0.328115	0.0518438	-0.254922	-0.257587	0.172999
-5.81001	3.65325	0.979445	0.711534	0.440813	0.140384	-0.641313	0.0140807	-0.537975	-0.597248	0.285483	0.0947179	0.0604405	0.167944	-0.23116	-0.309424	0.19255
-5.90424	3.55978	1.05062	0.721179	0.416023	0.0818767	-0.658515	-0.0259148	-0.468608	-0.906398	0.47868	-0.0639225	0.0989437	0.198323	-0.27381	-0.52557	0.280078
-6.12814	3.64765	1.16248	0.813038	0.302321	0.349946	-0.602798	-0.102177	-0.644496	-0.509741	0.0666722	0.148852	0.231196	0.164122	-0.392172	-0.30093	0.23943
-6.3041	3.48062	1.12471	0.712737	0.608912	0.228874	-0.626071	-0.15517	-0.644293	-0.671241	0.0288337	0.0777602	0.118981	0.146284	-0.3312	-0.314938	0.0961511
-6.4427	3.23157	0.988163	0.947592	0.270206	0.0904892	-0.367895	-0.0765787	-0.670676	-0.517676	-0.279303	0.0282862	-0.106246	-0.213108	-0.10193	-0.43083	0.224754
-7.1515	3.18279	1.1888	0.714357	-0.0109594	-0.135893	-0.00311694	-0.352315	-0.866471	-0.527134	-0.0441888	-0.506816	-0.378222	-0.225764	-0.090445	-0.521326	0.0590483
-7.35118	2.6527	1.29229	1.09007	0.430288	-0.350915	-0.64808	-0.275374	-0.540535	-0.514238	-0.0953992	-0.472124	-0.0513205	-0.177044	-0.118659	-0.369172	-0.0742644
-7.61594	2.85328	0.388363	1.2043	0.780831	0.088706	-0.403185	-0.514947	-0.642038	-0.577189	-0.0433674	0.0032498	0.116957	-0.132707	-0.00712411	-0.329826	-0.136201
-8.55422	2.64574	0.609337	0.758155	0.59216	0.203158	-0.306016	-0.51721	-0.514783	-0.242214	0.0246024	0.0113833	-0.131022	0.207445	0.0510881	-0.42733	-0.17043
-6.31003	0.940153	-0.29655	1.10154	-0.161107	-0.0266961	0.0197329	-0.107516	-0.0779494	-0.0791639	-0.174112	0.0380932	-0.134742	0.0562552	-0.118509	-0.0866227	-0.0300204
-4.83038	0.0844445	-0.0459006	0.855802	0.0414003	-0.0475911	0.131875	-0.181881	-0.12303	-0.0253425	0.0818298	0.35273	0.0845991	0.173887	-0.090632	-0.104087	-0.11069
-4.59515	-0.285925	0.0221868	0.759461	-0.042665	-0.00491613	0.186875	-0.192163	-0.0849016	0.0706782	0.111123	0.402433	0.0219606	0.160711	-0.172421	0.0140997	0.0938366
-4.69178	-0.588825	0.0501975	0.806235	0.125533	0.0549522	0.0710666	-0.139747	0.0486389	0.0674649	0.210565	0.419181	0.0927038	0.143385	-0.311817	-0.0297105	0.109252
-5.0206	-1.10888	-0.0597744	0.94927	0.291933	0.0448698	-0.0483692	-0.0387718	0.147187	-0.0332712	0.156013	0.360904	0.0854041	0.287155	-0.155834	-0.0384135	0.0695729
-5.03894	-1.14611	-0.000634885	0.968411	0.333617	0.104604	-0.0479866	0.0868551	0.230163	0.0152642	0.0775416	0.0726804	-0.0253691	0.225411	0.0642752	0.0300456	0.0817196
-5.04407	-1.16018	-0.0259112	1.00381	0.312838	0.103815	-0.0866628	0.0589864	0.144377	0.0127424	0.104085	0.166656	0.0911225	0.199225	-0.00177549	0.053705	0.126095
-5.11393	-1.23784	-0.197619	0.900721	0.270988	0.156813	-0.0767799	0.104311	0.240832	-0.0584781	-0.000583745	0.141462	0.136495	0.238245	-0.0998941	0.0631551	0.252552
-5.05701	-1.05793	-0.240136	0.917462	0.298617	0.162553	-0.0323373	0.0925325	0.269319	0.0406704	0.0373548	0.0175367	0.0691435	0.134533	-0.154897	0.0726554	0.192065
-5.03996	-0.737658	-0.230183	1.03574	0.366061	0.17343	-0.122004	0.136202	0.317905	0.0535475	-0.0885647	-0.171865	0.0129098	0.0784419	-0.16156	0.0830594	-0.0187003
-5.2072	-0.336267	-0.280359	1.36227	0.408176	0.233319	0.393499	0.319742	-0.0233775	-0.23271	0.000980008	-0.229042	-0.0403835	-0.103334	0.0836675	0.20281	0.0528976
-4.93947	0.41879	0.164096	1.65434	0.508219	0.41815	-0.0442142	0.281287	0.0691784	-0.144475	0.119217	0.015734	0.0715683	-0.00281198	-0.159741	0.297345	-0.0155776
-4.50386	1.46845	0.413378	1.35729	-0.0170334	0.116509	-0.328405	-0.146674	0.096788	-0.407207	0.11789	0.170071	-0.116912	0.099935	0.081985	-0.126769	-0.319964
-4.32049	2.04966	0.187268	0.949156	0.22397	0.299207	-0.16175	-0.237516	-0.139352	-0.106752	-0.0698949	0.371453	0.0817344	0.290822	-0.0572059	-0.281216	-0.0582825
-4.27167	1.99934	0.0994263	0.727595	-0.0169923	0.218159	-0.430806	-0.431648	0.0527935	-0.221775	-0.12454	0.0783774	0.166793	-0.0422746	-0.0684403	-0.216725	-0.282414
-4.30533	2.18205	0.0503363	0.774949	-0.103424	0.370258	-0.381646	-0.305154	-0.0842975	-0.0420148	-0.0964086	0.257682	-0.179468	0.311974	-0.178936	-0.143919	-0.252188
-4.30737	2.26069	0.393497	0.762399	-0.0236149	0.553308	-0.180032	-0.321691	0.329105	-0.147361	0.15165	0.348065	-0.000632421	0.210478	-0.00175474	-0.0123125	-0.0734472
-4.57812	2.4657	0.488634	0.810606	-0.10311	0.626194	-0.0353871	-0.435701	0.24547	0.115717	0.0511077	0.227895	0.143382	0.18619	0.0084857	0.167296	-0.187023
-4.80388	2.7915	1.03103	0.718854	0.14524	1.3394	-0.0194474	-0.155904	0.349232	0.346351	0.231027	0.54815	0.371157	0.198481	0.41389	0.250686	0.146376
-5.15413	2.63213	1.02978	0.494237	0.133444	0.940528	0.217895	-0.266715	-0.184032	0.176331	0.389997	0.102501	0.165877	0.410115	0.203168	-0.0636229	0.0767598
-5.06493	2.54356	0.579688	1.0851	0.573047	0.918454	0.179198	-0.051251	-0.253035	-0.269817	0.521875	0.428419	0.430749	0.478678	0.3698	0.0969348	-0.209418
-5.26172	2.58926	0.445448	0.384358	-0.0313543	0.252813	0.00431518	-0.272116	-0.421321	-0.38453	0.285644	0.0659982	-0.182249	-0.10647	0.0489684	-0.0422347	-0.523522
-4.96886	2.96888	0.821379	0.276996	0.0534194	0.882933	0.00336382	-0.126731	0.0184772	-0.000812315	0.284967	0.307303	0.296799	-0.045732	0.0126595	0.201745	-0.0678669
-4.87664	2.91451	0.73283	0.270544	0.0624797	0.615779	0.205497	-0.13972	-0.175839	-0.0940545	0.462507	0.243163	0.110411	0.0558196	-0.0727223	0.147417	-0.0816052
-4.8671	2.97436	0.824684	0.117132	0.156357	0.5892	0.328829	-0.335374	0.0406493	-0.115633	0.480942	0.159379	0.114582	0.13826	-0.0886364	-0.0109476	0.0936097
-4.78308	3.01059	0.735663	0.222909	0.0761067	0.675136	0.194815	-0.101867	-0.136484	0.106192	0.356537	0.222251	0.127189	0.0776928	-0.0897514	0.131091	0.0411113
-4.9063	3.05499	0.631531	0.0868426	-0.0379532	0.634617	-0.0601168	-0.164193	-0.190978	-0.0755247	0.352009	0.138074	-0.0603154	0.0166046	-0.0623854	0.0284152	-0.138392
-4.78977	2.95187	0.666562	-0.0897185	-0.035099	0.661914	-0.222986	-0.277742	-0.166997	-0.0366895	0.298941	0.063946	-0.14041	0.102511	-0.16977	0.0158269	-0.180323
-4.78325	2.9478	0.343737	0.0342169	-0.10899	0.418626	-0.223683	-0.493775	-0.225306	-0.0236363	0.0716971	0.0046386	-0.0521589	-0.20052	-0.119506	0.100509	-0.438624
-4.70398	3.01002	0.284312	0.208338	-0.0595489	0.390805	-0.150503	-0.537132	-0.182388	0.160726	-0.0229486	-0.0964128	0.125994	-0.0930527	-0.112903	0.0405642	-0.325352
-4.46004	2.80755	0.407803	0.261876	0.024271	0.402835	-0.144347	-0.512793	0.0118424	0.0629614	0.14111	-0.15437	0.103727	0.104975	-0.10363	-0.113154	-0.0950783
-4.30599	2.58614	0.266768	0.199811	0.255176	0.0179385	-0.0994757	-0.657884	-0.00799371	0.10391	-0.0733643	-0.213051	0.137366	0.0984814	-0.232501	-0.0918469	-0.19802
-4.38369	2.63038	0.291015	0.250536	0.226913	0.045264	-0.265981	-0.535621	0.0373286	-0.00235566	-0.0807069	-0.217971	0.282189	-0.0846109	-0.18205	-0.00518727	-0.265947
-4.16522	2.57239	0.518529	0.431198	0.36147	0.243236	-0.367116	-0.146529	0.12611	0.120023	-0.110176	0.0804167	0.391614	0.0307144	-0.244746	0.0948987	0.0285685
-4.21212	2.45948	0.358356	0.411972	0.42995	-0.0912047	-0.332606	-0.247079	0.0862058	-0.0452295	-0.226717	0.0372758	0.40903	-0.19127	-0.211204	0.158061	-0.213921
-4.19722	2.40019	0.494069	0.606774	0.429283	-0.148767	-0.218566	-0.0164748	-0.0999967	-0.00742142	-0.0597369	0.0752953	0.393062	-0.142707	-0.120892	0.222513	-0.211996
-4.29851	2.45044	0.481459	0.588326	0.55516	-0.180862	-0.361461	0.233325	-0.250645	-0.102125	0.0184097	0.0441406	0.362121	-0.0773959	-0.149261	0.221977	-0.228908
-4.27655	2.29321	0.480744	0.784511	0.488135	-0.280269	-0.166505	0.124737	-0.311877	-0.112442	0.0184124	0.138386	0.199518	0.0171513	-0.0939423	0.102189	-0.178876
-4.2981	2.232	0.376586	1.12306	0.320953	-0.376434	0.125821	-0.182234	-0.125571	-0.263152	0.0787475	0.165359	0.0480564	0.143538	-0.109611	0.00759911	-0.0948447
-4.28353	1.98241	0.419042	1.273	0.169459	-0.3586	0.0870095	-0.166747	-0.180122	-0.354134	0.165136	-0.0726759	0.153559	0.0789861	-0.121072	0.0162479	-0.134529
-4.47699	2.03602	0.399388	1.3066	0.195898	-0.456963	0.200907	-0.333611	-0.121351	-0.475419	0.243861	-0.202401	0.13303	0.0809253	-0.135306	0.016735	-0.16407
-4.61169	2.04929	0.410964	1.43444	0.171709	-0.294553	0.1569	-0.305931	-0.112098	-0.514076	0.331281	-0.30998	0.181303	0.102487	-0.158914	0.0569296	-0.1285
-4.77074	2.14262	0.469957	1.5352	0.3315	-0.245351	0.255287	-0.229045	-0.108293	-0.406279	0.254849	-0.140494	0.0807255	0.229967	-0.169692	0.0615434	0.00156077
-4.97415	2.03644	0.448239	1.58304	0.244517	-0.262706	0.296833	-0.374022	-0.0900593	-0.575707	0.338434	-0.39644	0.150326	0.120483	-0.123134	0.047269	-0.116386
-5.17151	2.10234	0.598387	1.61904	0.361291	-0.0539264	0.210824	-0.161128	-0.204814	-0.397435	0.160437	-0.147096	0.00186871	0.281615	-0.180643	0.0700319	0.0303718
-5.31094	1.99673	0.64535	1.67112	0.178708	0.0916598	0.228076	-0.211898	-0.289528	-0.415022	0.105718	-0.227064	0.0585983	0.256822	-0.204895	0.0836481	-0.0646905
-5.49146	2.09652	0.669708	1.72362	0.219289	0.159282	0.38632	-0.314088	-0.245597	-0.483743	0.183109	-0.281909	0.183253	0.35592	-0.22663	0.163292	-0.182821
-5.60484	2.21654	0.715801	1.71821	0.404992	0.284676	0.372175	-0.246256	-0.11583	-0.584172	0.281694	-0.131586	0.212139	0.32026	-0.0855301	0.0749004	-0.0797921
-5.68908	2.23318	0.724759	1.60678	0.225228	0.156899	0.338007	-0.224247	-0.109187	-0.412389	0.127846	-0.249945	0.163122	0.134862	-0.0916537	0.0552035	-0.0827273
-5.60584	2.14902	0.858953	1.69775	0.294285	0.378478	0.313914	-0.221809	-0.0845773	-0.193347	0.265199	-0.0229335	0.106328	0.189423	-0.206625	0.0139528	0.262942
-5.82261	1.43158	1.10098	1.70116	0.141598	0.205157	-0.311316	-0.443411	-0.239201	-0.251495	-0.109548	0.0721311	-0.0256874	-0.071098	-0.529401	-0.371234	0.246404
-5.26149	0.84303	1.00723	1.50915	0.294102	0.261143	-0.23225	-0.406111	-0.140214	-0.208854	-0.161674	0.0712345	-0.257532	-0.049486	-0.263338	0.00657118	-0.0191361
-4.87764	0.290075	1.08739	1.75886	0.310935	0.351488	0.0315853	-0.0080641	-0.0344122	-0.164379	-0.159094	-0.032857	0.00690328	0.345163	-0.024431	0.146326	0.167876
-5.38194	-0.773178	0.677989	1.71338	0.133366	-0.0513057	-0.411079	0.105924	-0.675877	-1.00408	-0.169707	0.234053	-0.510454	-0.456552	-0.642255	-0.153506	0.354058
-5.58489	-1.50891	-0.191823	0.704106	-0.113172	-0.215248	-0.977066	-0.436366	-0.562217	-1.27917	-0.789508	-0.697226	-0.982534	-0.709636	-0.696181	-0.556965	-0.260971
-4.97657	-1.16016	0.304384	1.02041	0.145959	-0.0417567	-0.205948	0.0759073	0.0224855	-0.288717	-0.0233393	0.121775	-0.187601	0.0486038	-0.180791	-0.0548493	-0.0397074
-5.14574	-1.43143	0.311093	0.915481	0.163327	-0.0165648	-0.138331	0.105863	0.0756935	-0.295922	0.144257	0.0972831	-0.29351	-0.0690288	-0.233124	0.0148294	0.0470545
-5.16666	-1.43543	0.139983	0.744589	0.0485457	0.111909	0.0947514	0.244854	0.150578	-0.282485	0.102381	-0.00431083	-0.337239	0.0329002	-0.11976	0.00412236	0.0181152
-5.10639	-1.48005	-0.000633436	0.720588	-0.0472891	0.186924	0.0948386	0.146263	0.168065	-0.282967	0.0281274	0.0433211	-0.102087	0.012145	-0.150396	-0.0759606	0.0342043
-4.92059	-1.34546	0.0711837	0.741503	-0.038549	0.348443	0.202359	0.0512983	0.20851	-0.144341	0.0869941	0.202612	-0.0144936	0.130061	-0.133425	0.0489208	0.140603
-4.85243	-1.32238	0.20797	0.691534	-0.077048	0.308928	-0.0010271	0.129096	0.267108	-0.0180107	0.200124	0.27217	-0.0277471	0.119214	-0.0925045	0.141741	0.131528
-4.85543	-1.44615	0.313344	0.787033	-0.0842529	0.100276	-0.0486458	0.133501	0.472097	0.0555522	0.241297	0.311561	-0.0697034	0.0957352	0.0367295	0.0676611	-0.066938
-4.83503	-1.58491	0.335791	0.763684	-0.080041	0.144766	0.0388478	0.17788	0.470114	-0.0214235	0.111113	0.305769	-0.04014	0.134999	-0.034663	-0.0153506	-0.115702
-4.81088	-1.49021	0.307465	0.697213	-0.119265	0.0895497	-0.0421615	0.148319	0.347944	0.0366688	0.0947051	0.348993	0.113214	0.197968	0.0320895	0.027425	-0.0352038
-4.80295	-1.48117	0.346866	0.92811	0.199735	0.237972	-0.0354826	0.110473	0.358902	-0.0122608	-0.00140402	0.35818	0.107156	0.18302	0.0557299	0.0528532	-0.161225
-4.85122	-1.5978	0.346927	1.10435	0.317305	0.249378	0.079191	0.150439	0.317168	-0.0308608	0.119753	0.261078	-0.13638	0.0170885	0.000995914	0.0464002	-0.027304
-4.76536	-1.62071	0.210373	0.907909	0.174983	0.175531	0.217122	0.205226	0.143075	-0.0659271	0.130847	0.238618	-0.0786216	0.092058	-0.116392	-0.0117663	-0.0256327
-4.6919	-1.42059	0.197574	0.834205	0.0347971	-0.00391574	0.115843	0.339032	0.194795	-0.111457	0.0400837	0.40668	0.111583	0.107137	-0.108521	-0.0376772	0.0127486
-4.75378	-1.32911	0.239912	0.792704	-0.1516	0.0089948	0.0527856	0.24435	0.209024	-0.0802563	-0.0155972	0.384363	0.0669022	0.103809	0.0252987	0.0303772	0.0232437
-4.84509	-1.44232	0.248785	0.743959	-0.109063	0.00309222	0.106685	0.215771	0.236929	-0.156346	0.063511	0.29339	-0.0447977	0.0808684	-0.00198599	0.144597	-0.0225172
-4.91421	-1.47025	0.205241	0.819172	-0.0679566	-0.035783	0.12751	0.137806	0.320147	-0.233342	0.0314867	0.271613	-0.0328146	0.124565	0.073919	0.196775	-0.0449474
-4.95967	-1.45002	0.283346	0.837086	-0.105905	0.0613264	0.0138628	0.0516797	0.31522	-0.0163628	0.0842071	0.265955	-0.016498	0.194227	0.151526	0.299296	-0.201
-4.94264	-1.42077	0.28074	0.943125	-0.0848598	0.101384	-0.0135215	0.0996651	0.111034	-0.143289	0.0757658	0.294046	-0.0218133	0.152719	0.095486	0.264408	-0.205295
-4.89498	-1.36085	0.196101	0.914136	-0.171511	0.0391239	0.0429874	0.0785516	0.288193	-0.0843582	-0.0721245	0.0633458	-0.172946	0.16942	0.0707518	0.102489	-0.177183
-4.85224	-1.27091	-0.0882872	0.78032	-0.129408	0.0885821	0.0161648	0.0372168	0.204241	-0.16439	-0.0998279	0.136643	-0.206633	0.081955	-0.193654	0.0491836	-0.205354
-4.80586	-0.964735	-0.232091	0.861067	-0.166607	0.0644008	0.145942	-0.00975022	0.146542	-0.155393	-0.0268005	0.253749	0.00174191	0.244579	-0.250542	0.0154172	-0.213939
-4.89723	-0.75178	-0.273704	0.950683	-0.186118	0.00725919	0.117163	0.0853763	0.197134	-0.207739	-0.0546741	0.257724	0.125599	0.240964	-0.237864	-0.085175	-0.175576
-5.11235	-0.357552	-0.0846098	1.05811	-0.0505043	0.0544523	-0.00926685	0.0433307	0.330546	-0.131397	-0.0632847	0.0390753	0.0615975	0.159203	-0.1561	0.0113431	-0.0508674
-5.95423	0.241361	0.291554	1.37606	-0.132512	0.085199	0.0310464	0.249139	0.157669	-0.426343	-0.180915	0.207008	-0.128755	-0.0636116	0.0981538	0.172209	-0.0789654
-5.9039	0.822693	0.408243	1.26718	-0.115892	0.0562896	0.842895	0.302121	0.0618173	0.046564	-0.185881	0.00929178	-0.177402	-0.292085	-0.207202	0.00845625	-0.306922
-4.66513	2.28099	0.538411	1.26366	0.05074	0.154617	-0.0163557	-0.304704	0.120676	-0.130935	-0.068797	0.113539	0.0100242	-0.143723	0.00745002	0.158339	-0.108358
-4.31125	2.72435	0.0275005	0.923473	-0.138746	-0.189693	-0.248048	-0.224892	-0.00669052	-0.288427	0.351411	0.119425	0.159984	-0.0695037	-0.0877854	-0.20671	-0.505171
-4.23116	2.82328	0.0377075	0.982456	-0.0633615	-0.217064	-0.174574	-0.322078	0.176518	-0.266518	0.187993	0.106785	0.244186	-0.298433	0.129113	-0.173271	-0.0994295
-3.98126	2.50704	-0.030486	1.15141	-0.29035	-0.147068	-0.316084	-0.227197	0.162777	-0.325645	0.267414	0.0826766	0.167685	-0.203682	0.142134	-0.197076	-0.0864457
-3.58319	2.13311	-0.34492	1.34779	-0.535897	-0.218489	-0.254569	-0.195426	0.0564505	-0.291755	0.301726	-0.0330357	0.23248	-0.0791404	0.0132086	-0.0711569	-0.428022
-3.62912	2.20075	-0.410665	1.38407	-0.573409	-0.239666	-0.183075	-0.179418	0.0755885	-0.284588	0.331652	-0.0773902	0.162823	-0.0792381	0.0496337	-0.0363674	-0.344245
-3.7811	2.37935	-0.493368	1.31192	-0.531927	-0.256454	-0.219515	-0.173705	0.10982	-0.329104	0.324028	0.00549874	0.0387673	-0.00513424	0.0042982	-0.0181491	-0.414719
-3.71628	2.33352	-0.473331	1.36309	-0.500955	-0.267402	-0.147735	-0.189981	0.133025	-0.291886	0.26461	0.0673249	-0.039664	0.0115168	0.00984877	-0.0169755	-0.263485
-3.72906	2.33572	-0.547194	1.36193	-0.534772	-0.269798	-0.207193	-0.168801	0.118436	-0.363737	0.364829	-0.0298534	0.00668522	-0.0079011	-0.017484	0.00717566	-0.34501
-3.66965	2.19293	-0.425387	1.34553	-0.550134	-0.215237	-0.207077	-0.13013	0.0658379	-0.239984	0.286246	0.0264001	-0.00684221	-0.050249	0.00357786	-0.0249527	-0.226495
-3.72289	2.2199	-0.466434	1.37811	-0.624494	-0.161988	-0.274031	-0.130787	0.0594656	-0.26754	0.329231	-0.0483003	0.0167077	-0.0667246	-0.00347247	-0.0247572	-0.246954
-3.78709	2.21145	-0.434354	1.32208	-0.598164	-0.224248	-0.197534	-0.18304	0.0570069	-0.304795	0.377261	-0.106736	0.098373	-0.162619	0.045448	-0.0996815	-0.209042
-3.77732	2.24799	-0.466244	1.40853	-0.610174	-0.200386	-0.177049	-0.157333	0.0377565	-0.251135	0.310904	-0.0153065	0.0366455	-0.0785384	-0.0129552	-0.0910817	-0.121659
-3.77441	2.1799	-0.443695	1.41553	-0.631164	-0.198949	-0.209321	-0.106986	-0.041329	-0.239846	0.328982	-0.0392353	0.0722125	-0.111004	-0.0098823	-0.120413	-0.108461
-3.80495	2.17147	-0.519263	1.45264	-0.731511	-0.177123	-0.270167	-0.0739465	-0.127012	-0.234309	0.280135	-0.0909196	0.0754686	-0.104208	-0.0421383	-0.129296	-0.128916
-3.79625	2.14511	-0.368358	1.44451	-0.650229	-0.232638	-0.111857	-0.140914	-0.0684336	-0.197515	0.260902	-0.030516	0.0857733	-0.0788229	0.00376125	-0.164687	-0.0395504
-3.83809	2.07538	-0.364987	1.42392	-0.691598	-0.253186	-0.141529	-0.20003	-0.133904	-0.243468	0.27667	-0.12474	0.124796	-0.134212	0.00720507	-0.164511	-0.118661
-3.80647	2.08531	-0.244977	1.47585	-0.550278	-0.233434	-0.00403175	-0.185032	-0.0950499	-0.205061	0.335064	-0.065704	0.198403	-0.0769386	0.0609902	-0.165781	-0.000513619
-3.95838	2.10733	-0.249565	1.44386	-0.596774	-0.293529	-0.00157776	-0.260603	-0.149835	-0.283076	0.309185	-0.174295	0.166591	-0.0586719	-0.0155475	-0.123361	-0.106468
-3.94797	2.07073	-0.0339316	1.49744	-0.501873	-0.231953	0.0217647	-0.11321	-0.174798	-0.123268	0.290525	-0.05672	0.183251	-0.0187246	0.0818917	-0.134795	0.0468447
-4.03698	2.04409	0.00553608	1.508	-0.531607	-0.278592	0.0333089	-0.1777	-0.160624	-0.18327	0.302083	-0.0817258	0.150755	-0.0192387	0.0471887	-0.126334	0.0171029
-4.10527	2.05927	0.17358	1.6202	-0.413491	-0.224017	0.0797502	-0.11973	-0.14933	-0.12996	0.33859	-0.00678343	0.2561	0.0841568	0.061319	-0.060425	0.161461
-4.26324	2.19052	0.156594	1.70731	-0.445468	-0.109394	0.00220725	-0.0409917	-0.282561	-0.0694866	0.293611	-0.00296267	0.286458	0.113928	0.0780414	-0.049679	0.238111
-4.43353	2.24377	0.167021	1.65576	-0.417792	-0.141213	0.00417454	-0.148113	-0.259607	-0.189922	0.321399	-0.0825145	0.274644	0.103715	0.0661837	-0.0205316	0.227466
-4.79707	2.4018	0.185243	1.67583	-0.406821	-0.175263	0.0300161	-0.249736	-0.350177	-0.246747	0.363547	-0.192574	0.331755	0.00985782	0.0630345	0.0215606	0.189192
-4.8522	2.35813	0.0833168	1.71063	-0.372384	-0.199554	0.0352576	-0.302373	-0.336386	-0.298361	0.289005	-0.173297	0.219688	0.069725	-0.00602107	-0.00747506	0.21658
-4.93314	2.46063	0.046819	1.67723	-0.386956	-0.136208	0.00538406	-0.230242	-0.344524	-0.269714	0.286426	-0.193855	0.230114	0.0627058	0.0459565	-0.00841324	0.269009
-4.962	2.40098	0.0969232	1.68035	-0.395169	-0.145175	0.0475041	-0.25737	-0.329886	-0.268144	0.29598	-0.228338	0.271663	0.057294	0.0255602	-0.0215045	0.276217
-5.24626	2.42725	0.336316	1.70265	-0.556557	-0.126485	0.0431895	-0.206652	-0.433214	-0.22502	0.335527	-0.204832	0.132478	0.155169	-0.0170225	-0.0356524	0.270566
-5.47072	2.34339	0.358276	2.04909	-0.533204	-0.331994	0.269183	-0.229391	-0.404946	-0.280902	0.159488	-0.127711	0.110921	0.199015	-0.0977385	0.0476736	0.193505
-5.0423	2.30331	-0.177602	1.70027	-0.44125	-0.243322	-0.0362737	-0.144649	-0.469577	-0.253233	0.154672	-0.20326	0.0734516	0.185967	-0.114343	0.019073	0.144123
-5.51235	2.22123	0.226407	1.51596	-0.279757	-0.434521	0.0483623	-0.204328	-0.43902	-0.259227	0.156698	-0.237332	0.00722462	0.148245	-0.195389	-0.0215601	0.0649752
-5.69673	2.40542	0.622186	1.21772	-0.197427	-0.515976	-0.140658	-0.0788238	-0.448621	-0.376444	0.104091	-0.221631	0.0664087	0.198766	-0.236326	0.0268252	0.0231006
-5.92678	2.6052	0.413161	1.24045	-0.110587	-0.354428	-0.209812	-0.0818622	-0.177931	-0.356661	0.0405399	-0.0972861	0.100679	0.0988156	-0.207551	0.139201	0.102715
-5.90407	2.62479	0.398104	1.16475	-0.0422804	-0.397086	-0.229574	-0.119949	-0.149328	-0.316679	-0.0542052	-0.0773551	0.138102	0.0527109	-0.220837	0.146779	0.0680676
-6.32799	2.65353	0.436758	1.1899	0.102881	-0.261147	-0.171124	-0.1306	-0.184348	-0.329106	-0.0161796	-0.00904747	0.170931	0.0699859	-0.219119	0.129377	0.0671891
-6.8702	2.63326	0.701255	0.774673	0.15505	-0.0439297	0.0733216	0.0108391	-0.166276	-0.245513	-0.0544229	-0.0669177	-0.012386	-0.0180682	-0.217333	0.016789	0.0535892
-7.66735	2.91875	0.921455	0.698486	0.223691	0.136377	0.234321	0.117017	-0.190365	-0.29633	-0.110284	-0.183014	-0.114195	0.0894236	-0.11496	-0.0906079	0.117122
-8.56027	2.86518	1.01506	0.853142	0.263073	-0.0167285	0.234829	0.190452	-0.239812	-0.28962	-0.107264	-0.193387	-0.113232	0.112628	-0.0904033	-0.0329568	0.165118
-7.98136	1.80171	0.696197	0.511059	0.299971	0.162104	0.0134347	-0.0579688	-0.0941796	-0.120968	-0.0996727	-0.0504679	-0.0158612	0.0114719	0.0537548	0.0849437	0.113752
-9.15767	2.07749	0.980055	0.749925	0.474255	0.249802	0.11262	-0.0233374	-0.120489	-0.102788	-0.102288	-0.0833291	-0.0355896	0.0460267	0.0456603	0.114497	0.15356
-9.37969	1.94133	0.932871	0.668512	0.472532	0.309869	0.134294	0.00715258	-0.059956	-0.0551443	-0.0461246	-0.012555	-0.00156691	0.0710439	0.0912767	0.135418	0.158426
-9.975	1.90702	1.24425	0.856905	0.632719	0.387548	0.0828197	-0.0494374	-0.0868585	-0.0421569	-0.0135242	0.0096994	-0.0205362	0.154514	0.226909	0.126018	0.176902
-9.85679	1.79492	1.03275	0.779177	0.598065	0.377674	0.137924	0.0548821	-0.0217798	0.00524081	0.029657	0.110479	0.0303244	0.0907973	0.212797	0.171772	0.19706
-9.8192	1.72358	0.953607	0.738376	0.547792	0.371167	0.169911	0.101698	0.0685743	0.109043	0.0804944	0.103526	0.123859	0.157931	0.160568	0.0861249	0.131406
-10.1558	1.57404	1.08723	0.897362	0.661431	0.342452	0.130734	0.140333	0.120678	0.176507	0.140598	0.080371	0.0282252	0.0566117	0.0490066	0.0186238	0.129916
-9.83138	1.55267	0.754852	0.569601	0.463375	0.3435	0.235304	0.189039	0.145304	0.0898215	0.04873	0.0665413	0.042214	0.0423842	0.0765801	0.0862848	0.0750701
-10.1876	1.38076	0.782234	0.609472	0.543854	0.389503	0.200283	0.139828	0.115859	0.0698934	0.0494527	0.156122	0.111933	0.0110623	-0.00373116	0.0626553	0.0607265
-10.2784	1.3519	0.828405	0.552336	0.433747	0.358865	0.204598	0.208279	0.173411	0.155564	0.130075	0.138809	0.10203	0.00888102	0.0162096	0.052442	0.0606713
-9.55546	1.49329	0.392906	0.76563	0.106018	-0.214166	0.351733	0.372027	0.129499	0.328994	0.250465	-0.00774971	0.025466	0.0907433	0.198365	0.100967	0.033538
-8.48414	1.75963	0.200113	1.20898	-0.29796	-0.629352	0.28769	0.415363	0.185706	0.133568	0.259096	0.177159	0.199401	0.0167402	0.0243313	-0.0321296	-0.144567
-7.87326	1.66689	0.220007	1.1082	-0.330564	-0.650725	0.293187	0.408628	0.151193	0.125034	0.324416	0.213053	0.234265	-0.0508778	-0.0426036	-0.107159	-0.238116
-7.90972	1.57089	0.259001	0.947344	-0.202176	-0.590044	0.251829	0.323305	0.112132	0.217443	0.377101	0.181551	0.227189	-0.0673736	-0.0319217	-0.187877	-0.319215
-8.48005	1.63178	0.329394	0.799996	0.151613	-0.35444	0.107061	0.220836	0.0836747	0.308912	0.393995	0.130511	0.270831	0.00275036	0.00529747	-0.119804	-0.183684
-9.43878	1.55057	0.381872	0.692062	0.508318	-0.0617084	0.0200663	0.310796	0.173969	0.314468	0.260265	0.0533468	0.207326	0.189495	0.111981	0.0868164	0.0904163
-9.72853	1.40473	0.490103	0.657454	0.448593	0.0529329	0.201106	0.322474	0.158938	0.19487	0.283918	0.245731	0.184143	0.202894	0.186163	0.172419	0.187599
-10.0279	1.30317	0.555234	0.623251	0.499508	0.251123	0.321647	0.353527	0.310416	0.3309	0.32361	0.22229	0.165832	0.159215	0.148109	0.0674814	0.165386
-9.85818	1.39831	0.564358	0.471294	0.385127	0.282131	0.28759	0.273561	0.277517	0.246934	0.292573	0.24398	0.183557	0.188233	0.182442	0.16363	0.161563
-9.53087	1.48753	0.537411	0.450658	0.375744	0.315908	0.297968	0.256064	0.248417	0.235274	0.226646	0.223619	0.192134	0.193583	0.186827	0.168958	0.15871
-10.0115	1.38483	0.657449	0.455676	0.448586	0.352474	0.327028	0.300563	0.318632	0.300112	0.273506	0.257499	0.212351	0.232833	0.229058	0.198468	0.168593
-8.74709	1.32735	0.833308	0.961416	-0.128364	0.373085	0.223498	0.220319	0.279498	0.132893	0.251398	-0.0989038	-0.0592338	0.191482	0.0270376	0.165862	0.120986
-7.03107	1.02828	0.725851	1.05055	-0.281522	0.255227	0.101774	0.364603	0.0684174	-0.159596	0.0125341	0.181709	0.133705	0.128085	-0.139428	0.117685	0.071166
-6.08917	0.705144	0.589157	0.970094	-0.159586	0.2993	0.0595985	0.171843	0.130936	-0.134848	-0.0190588	0.169326	0.167457	0.0809258	-0.119927	0.198239	-0.00518647
-5.59256	0.648394	0.507972	0.907075	-0.0570473	0.367009	-0.113043	0.0492471	0.14024	0.0212715	0.136601	0.274684	0.205582	0.0817977	-0.100014	0.205434	0.0187174
-5.54644	0.59286	0.448542	0.902305	-0.077344	0.404922	-0.123234	0.109972	0.269477	0.120467	0.112052	0.262912	0.159011	0.141631	-0.0751568	0.195424	0.0832824
-5.71396	0.521454	0.209257	0.833525	-0.0979542	0.438715	-0.0704591	0.299655	0.366669	0.135873	0.0406456	0.191842	0.192472	0.0346709	-0.0278471	0.31007	0.157812
-6.03104	0.489689	-0.0871898	0.714181	-0.200939	0.283923	-0.0560948	0.243567	0.436748	0.172593	-0.0624293	0.162818	0.302702	0.0858619	0.091731	0.345969	0.148328
-6.40028	0.715839	-0.171237	0.66894	-0.235376	0.16802	-0.0351465	0.265102	0.516401	0.189088	-0.149243	0.163278	0.243726	0.0888466	0.0678257	0.221167	-0.160894
-6.61967	1.03216	-0.200984	0.677095	-0.268564	0.277026	-0.0524577	0.204114	0.281523	0.0820301	-0.0580421	0.273257	0.116883	-0.025489	0.003769	0.248968	-0.0770633
-6.79773	1.21367	-0.254815	0.598487	-0.302402	0.266047	-0.110093	0.117538	0.326663	0.160921	-0.139182	0.331982	0.166123	-0.0468254	0.111058	0.285889	-0.057182
-7.06052	1.47503	-0.146708	0.575902	-0.380525	0.129366	-0.187483	0.200751	0.455788	0.070701	-0.080399	0.308879	0.139732	-0.0504703	0.0209589	0.223372	-0.132948
-7.3933	1.64112	-0.121135	0.580783	-0.451151	0.0438659	-0.0895448	0.155898	0.404067	-0.150216	0.00555147	0.224201	0.19183	0.126521	-0.0971989	0.176323	-0.161385
-7.63278	1.67054	0.146593	0.63168	-0.400058	-0.025928	0.0634941	0.22476	0.40655	-0.0540545	0.0235472	0.256952	0.237703	0.154328	0.00601936	0.160532	-0.114616
-8.0111	1.71601	0.250038	0.798604	-0.205492	0.13577	0.240152	0.286885	0.399494	-0.00680298	0.00023113	0.219373	0.236928	0.156027	-0.123671	0.207951	0.00593326
-8.56532	1.63416	0.301795	0.839366	-0.0016924	0.268299	0.171572	0.284328	0.448677	0.0111843	-0.00998915	0.182191	0.209727	0.0746573	-0.0276862	0.181183	0.0359384
-8.93309	1.48609	0.373157	0.68598	0.163814	0.286557	0.305849	0.306696	0.488337	0.163503	0.0458897	0.257121	0.249013	0.0605766	0.125653	0.162732	-0.0633005
-9.37489	1.59028	0.493871	0.580642	0.305646	0.265819	0.349784	0.36511	0.413501	0.156591	-0.00838518	0.300271	0.296289	0.0712791	0.123445	0.161682	-0.0888101
-9.4151	1.47518	0.547187	0.445193	0.338071	0.305807	0.269313	0.280938	0.288681	0.202164	0.192697	0.280721	0.228302	0.196697	0.219866	0.177567	0.128308
-9.49348	1.42855	0.497871	0.430229	0.342275	0.293932	0.269677	0.236817	0.226102	0.226241	0.217785	0.196358	0.164533	0.164081	0.149779	0.136375	0.154813
-10.309	1.24701	0.686233	0.495523	0.471029	0.376007	0.245773	0.303905	0.328002	0.293661	0.195962	0.177244	0.15886	0.18285	0.160117	0.140644	0.15389
-10.1685	1.28816	0.583137	0.388753	0.385667	0.331667	0.222844	0.276845	0.265595	0.281856	0.216204	0.188837	0.168031	0.201787	0.209669	0.199133	0.184115
-10.0903	1.25484	0.540727	0.38233	0.353679	0.344718	0.237706	0.255386	0.238288	0.275352	0.201047	0.142459	0.170624	0.176863	0.181644	0.153366	0.193467
-10.2314	1.17011	0.539089	0.410022	0.397011	0.328375	0.21786	0.271271	0.29438	0.231899	0.169488	0.194341	0.209185	0.181073	0.172682	0.187095	0.191691
-10.1296	1.21122	0.502738	0.391881	0.346554	0.273912	0.228341	0.241356	0.247616	0.228376	0.195689	0.182507	0.201627	0.196826	0.134455	0.176743	0.166016
-10.1697	1.20375	0.472747	0.40075	0.367083	0.267047	0.231191	0.225645	0.21325	0.214976	0.172664	0.157809	0.198167	0.220723	0.124475	0.147594	0.100375
-10.3796	1.04591	0.48906	0.401424	0.384685	0.301097	0.188191	0.203518	0.203143	0.220005	0.136226	0.0957617	0.195764	0.255695	0.144406	0.120153	0.0956808
-10.2961	1.10017	0.531871	0.368385	0.380557	0.331396	0.191391	0.203589	0.208953	0.188538	0.121476	0.102135	0.161061	0.17807	0.132159	0.0558519	0.0782915
-10.3277	1.06305	0.527175	0.394273	0.38334	0.301451	0.176451	0.174373	0.197625	0.173708	0.119166	0.0802623	0.124629	0.143587	0.172256	0.132226	0.116575
-10.3659	1.10352	0.574618	0.402188	0.381046	0.369978	0.315365	0.234502	0.159765	0.206967	0.206421	0.189133	0.12048	0.0864465	0.105692	0.106756	0.0962409
-10.4348	1.01697	0.633149	0.434018	0.359607	0.335446	0.361826	0.270912	0.188486	0.187757	0.14895	0.201396	0.154894	0.121616	0.14188	0.106904	0.139965
-10.4049	1.0877	0.670959	0.423274	0.405654	0.369051	0.319178	0.220701	0.221145	0.225693	0.211814	0.26556	0.182327	0.135609	0.105357	0.104639	0.143685
-10.4343	1.0592	0.587367	0.408589	0.38852	0.28452	0.301688	0.246402	0.327903	0.312226	0.297876	0.213138	0.115279	0.14181	0.119977	0.110077	0.10958
-10.4045	1.04429	0.556714	0.430081	0.401472	0.262673	0.280257	0.211845	0.245549	0.262002	0.284539	0.238721	0.169992	0.165724	0.142305	0.120598	0.0658516
-10.5128	0.996486	0.673199	0.5331	0.443047	0.313956	0.355057	0.267594	0.23347	0.266577	0.261178	0.222778	0.158936	0.180395	0.193175	0.122481	0.0429977
