1.008950000000000045e+03
1.008950000000000045e+03
1.008950000000000045e+03
1.008950000000000045e+03
1.008950000000000045e+03
1.008950000000000045e+03
1.008950000000000045e+03
1.008950000000000045e+03
1.008950000000000045e+03
1.008950000000000045e+03
1.008950000000000045e+03
1.008950000000000045e+03
1.008950000000000045e+03
1.008950000000000045e+03
1.008950000000000045e+03
1.008950000000000045e+03
1.008950000000000045e+03
1.008950000000000045e+03
1.008950000000000045e+03
1.008950000000000045e+03
1.008950000000000045e+03
1.008950000000000045e+03
1.008950000000000045e+03
1.008950000000000045e+03
1.008950000000000045e+03
1.008950000000000045e+03
1.008950000000000045e+03
1.008950000000000045e+03
1.008950000000000045e+03
1.008950000000000045e+03
1.008950000000000045e+03
1.008950000000000045e+03
1.008950000000000045e+03
1.008950000000000045e+03
1.008950000000000045e+03
1.008950000000000045e+03
1.008950000000000045e+03
1.008950000000000045e+03
1.008950000000000045e+03
1.008950000000000045e+03
1.008950000000000045e+03
1.008950000000000045e+03
1.008950000000000045e+03
1.008950000000000045e+03
1.008950000000000045e+03
1.008950000000000045e+03
1.008950000000000045e+03
1.008950000000000045e+03
1.008950000000000045e+03
1.008950000000000045e+03
3.565429999999999836e+03
3.565429999999999836e+03
5.265619999999999891e+03
3.565429999999999836e+03
1.659650000000000091e+03
1.659650000000000091e+03
2.631280000000000200e+03
2.631280000000000200e+03
3.827329999999999927e+03
4.109060000000000400e+03
4.710739999999999782e+03
6.226310000000000400e+03
6.501850000000000364e+03
6.501850000000000364e+03
6.501850000000000364e+03
6.501850000000000364e+03
5.817899999999999636e+03
5.817899999999999636e+03
7.739720000000000255e+03
7.777489999999999782e+03
7.796880000000000109e+03
7.851109999999999673e+03
7.851109999999999673e+03
7.851109999999999673e+03
7.839710000000000036e+03
7.812500000000000000e+03
7.559750000000000000e+03
7.540939999999999600e+03
7.540939999999999600e+03
6.044710000000000036e+03
6.044710000000000036e+03
7.513010000000000218e+03
7.598569999999999709e+03
7.573930000000000291e+03
7.573930000000000291e+03
7.573930000000000291e+03
7.119899999999999636e+03
6.750000000000000000e+03
4.840359999999999673e+03
1.743829999999999927e+03
1.743829999999999927e+03
1.743829999999999927e+03
5.045359999999999673e+03
5.045359999999999673e+03
7.524880000000000109e+03
7.548470000000000255e+03
6.764739999999999782e+03
6.764739999999999782e+03
6.764739999999999782e+03
6.621100000000000364e+03
6.621100000000000364e+03
6.133699999999999818e+03
5.604270000000000437e+03
5.604270000000000437e+03
5.604270000000000437e+03
4.619260000000000218e+03
4.609380000000000109e+03
4.609380000000000109e+03
4.619260000000000218e+03
4.619260000000000218e+03
4.515619999999999891e+03
4.659810000000000400e+03
4.659810000000000400e+03
4.515619999999999891e+03
4.968750000000000000e+03
5.009699999999999818e+03
4.968750000000000000e+03
3.734380000000000109e+03
4.948359999999999673e+03
3.081889999999999873e+03
3.081889999999999873e+03
4.618569999999999709e+03
4.948359999999999673e+03
4.618569999999999709e+03
5.080890000000000327e+03
4.894180000000000291e+03
4.894180000000000291e+03
4.876430000000000291e+03
4.876430000000000291e+03
4.876430000000000291e+03
4.363899999999999636e+03
4.363899999999999636e+03
5.465020000000000437e+03
5.465020000000000437e+03
5.465020000000000437e+03
5.465020000000000437e+03
4.518439999999999600e+03
4.518439999999999600e+03
4.565250000000000000e+03
4.518439999999999600e+03
4.512359999999999673e+03
3.442989999999999782e+03
3.442989999999999782e+03
3.442989999999999782e+03
3.514409999999999854e+03
3.514409999999999854e+03
3.514409999999999854e+03
2.015619999999999891e+03
1.229130000000000109e+03
1.229130000000000109e+03
1.225180000000000064e+03
1.229130000000000109e+03
1.229130000000000109e+03
1.225180000000000064e+03
1.220087272727272875e+03
1.214994545454545460e+03
1.209901818181818271e+03
1.204809090909091083e+03
1.199716363636363667e+03
1.194623636363636479e+03
1.189530909090909063e+03
1.184438181818181874e+03
1.179345454545454686e+03
1.174252727272727270e+03
1.169160000000000082e+03
1.447210000000000036e+03
2.309989999999999782e+03
3.860079999999999927e+03
4.463640000000000327e+03
4.803840000000000146e+03
5.502500000000000000e+03
5.871479999999999563e+03
5.502500000000000000e+03
4.803840000000000146e+03
3.584340000000000146e+03
3.161769999999999982e+03
3.161769999999999982e+03
3.157199999999999818e+03
3.161769999999999982e+03
2.832159999999999854e+03
3.234380000000000109e+03
2.832159999999999854e+03
3.234380000000000109e+03
2.832159999999999854e+03
2.646360000000000127e+03
2.375000000000000000e+03
2.285480000000000018e+03
1.460779999999999973e+03
1.316480000000000018e+03
1.316480000000000018e+03
1.460779999999999973e+03
1.075589999999999918e+03
1.075589999999999918e+03
1.071613684210526344e+03
1.067637368421052543e+03
1.063661052631578968e+03
1.059684736842105167e+03
1.055708421052631593e+03
1.051732105263157791e+03
1.047755789473684217e+03
1.043779473684210416e+03
1.039803157894736842e+03
1.035826842105263040e+03
1.031850526315789466e+03
1.027874210526315665e+03
1.023897894736842090e+03
1.019921578947368403e+03
1.015945263157894715e+03
1.011968947368421027e+03
1.007992631578947339e+03
1.004016315789473651e+03
1.000039999999999964e+03
1.072690000000000055e+03
1.819140000000000100e+03
1.819140000000000100e+03
2.138590000000000146e+03
2.138590000000000146e+03
2.138590000000000146e+03
2.138590000000000146e+03
2.178710000000000036e+03
2.538869999999999891e+03
2.593050000000000182e+03
2.851380000000000109e+03
2.851380000000000109e+03
2.851380000000000109e+03
3.412650000000000091e+03
3.611369999999999891e+03
3.611369999999999891e+03
3.611369999999999891e+03
4.483529999999999745e+03
4.632810000000000400e+03
4.632810000000000400e+03
4.632810000000000400e+03
4.450439999999999600e+03
4.450439999999999600e+03
4.074409999999999854e+03
4.450439999999999600e+03
5.828119999999999891e+03
5.828119999999999891e+03
4.921880000000000109e+03
4.921880000000000109e+03
4.180859999999999673e+03
4.180859999999999673e+03
4.180859999999999673e+03
7.591510000000000218e+03
7.591510000000000218e+03
7.591510000000000218e+03
6.338189999999999600e+03
6.304689999999999600e+03
4.273100000000000364e+03
2.804099999999999909e+03
2.682989999999999782e+03
2.543719999999999800e+03
2.451329999999999927e+03
2.197190000000000055e+03
1.938559999999999945e+03
1.938559999999999945e+03
1.824740000000000009e+03
1.824740000000000009e+03
2.245800000000000182e+03
3.164059999999999945e+03
2.245800000000000182e+03
3.164059999999999945e+03
4.367189999999999600e+03
4.507810000000000400e+03
4.507810000000000400e+03
4.898439999999999600e+03
6.330770000000000437e+03
6.330770000000000437e+03
4.898439999999999600e+03
4.605430000000000291e+03
4.315430000000000291e+03
3.469679999999999836e+03
1.610609999999999900e+03
1.295140000000000100e+03
1.125000000000000000e+03
1.125000000000000000e+03
1.125000000000000000e+03
1.125000000000000000e+03
1.125000000000000000e+03
1.173000000000000000e+03
1.492190000000000055e+03
1.492190000000000055e+03
1.492190000000000055e+03
1.458819999999999936e+03
1.458819999999999936e+03
1.458819999999999936e+03
1.458819999999999936e+03
1.458819999999999936e+03
1.458819999999999936e+03
1.458819999999999936e+03
1.458819999999999936e+03
1.458819999999999936e+03
1.458819999999999936e+03
1.458819999999999936e+03
1.458819999999999936e+03
1.458819999999999936e+03
1.458819999999999936e+03
1.458819999999999936e+03
1.458819999999999936e+03
1.458819999999999936e+03
1.458819999999999936e+03
1.458819999999999936e+03
1.458819999999999936e+03
1.458819999999999936e+03
1.458819999999999936e+03
1.458819999999999936e+03
1.458819999999999936e+03
1.458819999999999936e+03
1.458819999999999936e+03
1.458819999999999936e+03
1.458819999999999936e+03
1.458819999999999936e+03
1.458819999999999936e+03
1.458819999999999936e+03
1.458819999999999936e+03
1.458819999999999936e+03
1.458819999999999936e+03
1.458819999999999936e+03
1.458819999999999936e+03
1.458819999999999936e+03
1.458819999999999936e+03
1.458819999999999936e+03
1.458819999999999936e+03
1.458819999999999936e+03
1.458819999999999936e+03
1.458819999999999936e+03
1.458819999999999936e+03
1.458819999999999936e+03
1.458819999999999936e+03
1.458819999999999936e+03
1.458819999999999936e+03
