1.089930000000000064e+03
1.089930000000000064e+03
1.089930000000000064e+03
1.089930000000000064e+03
1.089930000000000064e+03
1.089930000000000064e+03
1.089930000000000064e+03
1.089930000000000064e+03
1.089930000000000064e+03
1.089930000000000064e+03
1.089930000000000064e+03
1.089930000000000064e+03
1.089930000000000064e+03
1.089930000000000064e+03
1.089930000000000064e+03
1.089930000000000064e+03
1.089930000000000064e+03
1.089930000000000064e+03
1.089930000000000064e+03
1.089930000000000064e+03
1.089930000000000064e+03
1.089930000000000064e+03
1.089930000000000064e+03
1.089930000000000064e+03
1.089930000000000064e+03
1.089930000000000064e+03
1.089930000000000064e+03
1.089930000000000064e+03
1.089930000000000064e+03
1.089930000000000064e+03
1.089930000000000064e+03
1.089930000000000064e+03
1.089930000000000064e+03
1.089930000000000064e+03
1.089930000000000064e+03
1.089930000000000064e+03
1.089930000000000064e+03
1.089930000000000064e+03
1.089930000000000064e+03
1.089930000000000064e+03
1.089930000000000064e+03
1.089930000000000064e+03
1.089930000000000064e+03
1.089930000000000064e+03
1.089930000000000064e+03
1.089930000000000064e+03
1.089930000000000064e+03
1.089930000000000064e+03
1.089930000000000064e+03
1.089930000000000064e+03
1.089930000000000064e+03
1.089930000000000064e+03
1.089930000000000064e+03
1.089930000000000064e+03
1.089930000000000064e+03
1.089930000000000064e+03
1.089930000000000064e+03
1.089930000000000064e+03
1.089930000000000064e+03
1.089930000000000064e+03
1.089930000000000064e+03
1.089930000000000064e+03
1.089930000000000064e+03
1.089930000000000064e+03
1.089930000000000064e+03
1.089930000000000064e+03
1.089930000000000064e+03
1.089930000000000064e+03
1.089930000000000064e+03
1.089930000000000064e+03
1.089930000000000064e+03
1.089930000000000064e+03
1.089930000000000064e+03
1.089930000000000064e+03
1.089930000000000064e+03
1.089930000000000064e+03
1.089930000000000064e+03
1.089930000000000064e+03
1.089930000000000064e+03
1.089930000000000064e+03
1.089930000000000064e+03
1.089930000000000064e+03
1.089930000000000064e+03
1.089930000000000064e+03
1.089930000000000064e+03
1.089930000000000064e+03
1.089930000000000064e+03
1.089930000000000064e+03
1.089930000000000064e+03
1.089930000000000064e+03
1.089930000000000064e+03
1.089930000000000064e+03
1.089930000000000064e+03
1.089930000000000064e+03
1.089930000000000064e+03
1.089930000000000064e+03
1.089930000000000064e+03
1.089930000000000064e+03
1.089930000000000064e+03
1.089930000000000064e+03
4.002139999999999873e+03
4.002139999999999873e+03
1.890619999999999891e+03
1.062640000000000100e+03
1.890619999999999891e+03
1.124940000000000055e+03
1.124940000000000055e+03
1.125000000000000000e+03
1.445819999999999936e+03
1.445819999999999936e+03
2.062500000000000000e+03
2.630510000000000218e+03
3.765619999999999891e+03
5.070449999999999818e+03
5.532619999999999891e+03
7.100850000000000364e+03
7.383119999999999891e+03
7.383119999999999891e+03
7.100850000000000364e+03
6.855449999999999818e+03
6.855449999999999818e+03
5.886180000000000291e+03
6.855449999999999818e+03
2.296480000000000018e+03
2.216070000000000164e+03
2.216070000000000164e+03
2.822880000000000109e+03
2.822880000000000109e+03
2.822880000000000109e+03
2.954760000000000218e+03
2.822880000000000109e+03
2.705329999999999927e+03
2.171880000000000109e+03
2.705329999999999927e+03
2.705329999999999927e+03
5.187500000000000000e+03
5.187500000000000000e+03
5.337970000000000255e+03
5.187500000000000000e+03
3.578769999999999982e+03
1.491140000000000100e+03
1.491140000000000100e+03
1.287920000000000073e+03
1.491140000000000100e+03
1.491140000000000100e+03
1.609380000000000109e+03
1.284079999999999927e+03
1.107960000000000036e+03
1.111656956521739176e+03
1.115353913043478315e+03
1.119050869565217454e+03
1.122747826086956593e+03
1.126444782608695732e+03
1.130141739130434871e+03
1.133838695652174010e+03
1.137535652173913149e+03
1.141232608695652289e+03
1.144929565217391428e+03
1.148626521739130567e+03
1.152323478260869706e+03
1.156020434782608618e+03
1.159717391304347757e+03
1.163414347826086896e+03
1.167111304347826035e+03
1.170808260869565174e+03
1.174505217391304313e+03
1.178202173913043453e+03
1.181899130434782592e+03
1.185596086956521731e+03
1.189293043478260870e+03
1.192990000000000009e+03
1.390619999999999891e+03
1.390619999999999891e+03
1.390619999999999891e+03
1.784279999999999973e+03
1.784279999999999973e+03
2.141929999999999836e+03
4.319890000000000327e+03
4.620689999999999600e+03
4.921880000000000109e+03
6.129529999999999745e+03
6.129529999999999745e+03
6.129529999999999745e+03
1.674519999999999982e+03
1.469490000000000009e+03
1.390619999999999891e+03
1.336269999999999982e+03
1.331049999999999955e+03
1.248170000000000073e+03
1.104549999999999955e+03
1.106220000000000027e+03
1.107890000000000100e+03
1.109559999999999945e+03
1.111230000000000018e+03
1.112900000000000091e+03
1.162960000000000036e+03
1.758180000000000064e+03
1.758180000000000064e+03
2.468750000000000000e+03
3.700789999999999964e+03
3.700789999999999964e+03
3.721679999999999836e+03
3.700789999999999964e+03
3.700789999999999964e+03
4.672989999999999782e+03
4.769060000000000400e+03
4.672989999999999782e+03
4.672989999999999782e+03
2.031250000000000000e+03
1.309359999999999900e+03
1.309359999999999900e+03
1.274230000000000018e+03
1.309359999999999900e+03
1.875450000000000045e+03
1.875450000000000045e+03
1.274230000000000018e+03
1.259868333333333339e+03
1.245506666666666661e+03
1.231144999999999982e+03
1.216783333333333303e+03
1.202421666666666624e+03
1.188059999999999945e+03
1.173698333333333494e+03
1.159336666666666815e+03
1.144975000000000136e+03
1.130613333333333458e+03
1.116251666666666779e+03
1.101890000000000100e+03
1.206549999999999955e+03
1.206549999999999955e+03
1.206549999999999955e+03
1.206549999999999955e+03
1.207180000000000064e+03
1.207180000000000064e+03
1.882809999999999945e+03
1.882809999999999945e+03
1.889359999999999900e+03
1.889359999999999900e+03
1.882809999999999945e+03
2.648440000000000055e+03
2.648440000000000055e+03
1.843750000000000000e+03
1.820309999999999945e+03
1.765619999999999891e+03
1.539059999999999945e+03
1.539059999999999945e+03
1.765619999999999891e+03
1.866410000000000082e+03
2.434530000000000200e+03
2.434530000000000200e+03
2.593750000000000000e+03
2.593750000000000000e+03
2.093750000000000000e+03
2.093750000000000000e+03
2.093750000000000000e+03
1.816539999999999964e+03
1.816539999999999964e+03
1.816539999999999964e+03
1.104700000000000045e+03
1.107892499999999927e+03
1.111085000000000036e+03
1.114277500000000146e+03
1.117470000000000027e+03
1.120662499999999909e+03
1.123855000000000018e+03
1.127047500000000127e+03
1.130240000000000009e+03
1.133432499999999891e+03
1.136625000000000000e+03
1.139817500000000109e+03
1.143009999999999991e+03
1.146202499999999873e+03
1.149394999999999982e+03
1.152587500000000091e+03
1.155779999999999973e+03
1.158972499999999854e+03
1.162164999999999964e+03
1.165357500000000073e+03
1.168549999999999955e+03
1.171742499999999836e+03
1.174934999999999945e+03
1.178127500000000055e+03
1.181319999999999936e+03
1.184512499999999818e+03
1.187704999999999927e+03
1.190897500000000036e+03
1.194089999999999918e+03
1.197282499999999800e+03
1.200474999999999909e+03
1.203667500000000018e+03
1.206859999999999900e+03
3.372070000000000164e+03
3.846829999999999927e+03
5.369199999999999818e+03
5.413310000000000400e+03
5.413310000000000400e+03
6.141340000000000146e+03
6.141340000000000146e+03
6.141340000000000146e+03
5.395779999999999745e+03
5.395779999999999745e+03
5.395779999999999745e+03
5.479119999999999891e+03
5.479119999999999891e+03
5.935289999999999964e+03
7.452399999999999636e+03
7.452399999999999636e+03
7.452399999999999636e+03
7.654279999999999745e+03
7.452399999999999636e+03
4.125560000000000400e+03
4.037163750000000618e+03
3.948767500000000382e+03
3.860371250000000146e+03
3.771975000000000364e+03
3.683578750000000582e+03
3.595182500000000346e+03
3.506786250000000109e+03
3.418390000000000327e+03
3.329993750000000546e+03
3.241597500000000309e+03
3.153201250000000073e+03
3.064805000000000291e+03
2.976408750000000509e+03
2.888012500000000273e+03
2.799616250000000036e+03
2.711220000000000255e+03
2.622823750000000473e+03
2.534427500000000236e+03
2.446031250000000000e+03
2.357635000000000218e+03
2.269238750000000437e+03
2.180842500000000200e+03
2.092446249999999964e+03
2.004050000000000182e+03
1.915653750000000400e+03
1.827257500000000164e+03
1.738861249999999927e+03
1.650465000000000146e+03
1.562068750000000364e+03
1.473672500000000127e+03
1.385276249999999891e+03
1.296880000000000109e+03
1.316890000000000100e+03
2.546880000000000109e+03
2.894710000000000036e+03
3.012360000000000127e+03
3.471079999999999927e+03
4.313380000000000109e+03
4.313380000000000109e+03
7.046880000000000109e+03
7.046880000000000109e+03
7.046880000000000109e+03
7.046880000000000109e+03
7.046880000000000109e+03
7.651100000000000364e+03
7.651100000000000364e+03
7.651100000000000364e+03
6.136130000000000109e+03
5.198300000000000182e+03
1.666660000000000082e+03
1.320799999999999955e+03
1.320799999999999955e+03
1.534329999999999927e+03
1.534329999999999927e+03
2.106809999999999945e+03
2.106809999999999945e+03
2.106809999999999945e+03
2.106809999999999945e+03
1.741839999999999918e+03
1.741839999999999918e+03
1.917970000000000027e+03
1.918200000000000045e+03
1.917970000000000027e+03
1.917970000000000027e+03
1.070480000000000018e+03
1.070480000000000018e+03
1.070480000000000018e+03
1.096609999999999900e+03
1.096609999999999900e+03
1.130019999999999982e+03
1.226559999999999945e+03
1.226559999999999945e+03
1.226559999999999945e+03
1.262920000000000073e+03
1.262920000000000073e+03
1.262920000000000073e+03
1.262920000000000073e+03
1.262920000000000073e+03
1.250000000000000000e+03
1.480849999999999909e+03
1.480849999999999909e+03
1.054690000000000055e+03
1.044119999999999891e+03
1.018289999999999964e+03
1.018289999999999964e+03
1.018289999999999964e+03
1.018289999999999964e+03
1.018289999999999964e+03
1.018289999999999964e+03
1.018289999999999964e+03
1.018289999999999964e+03
1.018289999999999964e+03
1.018289999999999964e+03
1.018289999999999964e+03
1.018289999999999964e+03
1.018289999999999964e+03
1.018289999999999964e+03
1.018289999999999964e+03
1.018289999999999964e+03
1.018289999999999964e+03
1.018289999999999964e+03
1.018289999999999964e+03
1.018289999999999964e+03
1.018289999999999964e+03
1.018289999999999964e+03
1.018289999999999964e+03
1.018289999999999964e+03
1.018289999999999964e+03
1.018289999999999964e+03
1.018289999999999964e+03
1.018289999999999964e+03
1.018289999999999964e+03
1.018289999999999964e+03
1.018289999999999964e+03
1.018289999999999964e+03
1.018289999999999964e+03
1.018289999999999964e+03
1.018289999999999964e+03
1.018289999999999964e+03
1.018289999999999964e+03
1.018289999999999964e+03
1.018289999999999964e+03
1.018289999999999964e+03
1.018289999999999964e+03
1.018289999999999964e+03
1.018289999999999964e+03
1.018289999999999964e+03
1.018289999999999964e+03
1.018289999999999964e+03
1.018289999999999964e+03
1.018289999999999964e+03
1.018289999999999964e+03
1.018289999999999964e+03
1.018289999999999964e+03
1.018289999999999964e+03
1.018289999999999964e+03
1.018289999999999964e+03
1.018289999999999964e+03
1.018289999999999964e+03
1.018289999999999964e+03
1.018289999999999964e+03
1.018289999999999964e+03
1.018289999999999964e+03
1.018289999999999964e+03
1.018289999999999964e+03
1.018289999999999964e+03
1.018289999999999964e+03
1.018289999999999964e+03
1.018289999999999964e+03
1.018289999999999964e+03
1.018289999999999964e+03
1.018289999999999964e+03
1.018289999999999964e+03
1.018289999999999964e+03
1.018289999999999964e+03
1.018289999999999964e+03
1.018289999999999964e+03
1.018289999999999964e+03
1.018289999999999964e+03
1.018289999999999964e+03
1.018289999999999964e+03
1.018289999999999964e+03
1.018289999999999964e+03
1.018289999999999964e+03
