0
0
0
0
0
0
0
0
0
0
0
0
0
0
0
0
0
0
0
0
0
0
0
0
0
0
0
0
0
0
0
0
0
0
0
0
0
0
0
0
0
0
0
0
0
0
0
0
0
0
0
0
0
0
0
0
0
0
0
0
0
0
0
0
0
0
0
0
0
0
0
0
0
0
0
0
0
0
0
0
0
0
0
0
1063.32
1852.14
1852.14
6194.8
6194.8
6194.8
7434.55
7434.55
6250.16
6250.16
5857.83
3861.6
3861.6
3861.6
6489.57
6945
6945
6986.65
7219.66
7311.27
7387.92
7387.92
7387.92
7283.6
6380.74
5596.23
5091.35
4826.53
4793.06
4208.45
3360.1
2687.5
2687.5
2329.07
2687.5
2687.5
1750
1411.81
1109.89
1109.89
1750
1383.4
4549.28
4549.28
3765.12
3230.53
3765.12
3765.12
4709.4
6820.38
7203.12
7296.88
7296.88
7382.14
7558.21
7558.21
7558.21
7382.14
7013
6687.5
4294.67
4257.71
4039.81
3895.78
3609.38
3609.38
3276.01
2327.01
1709.31
2190.79
1709.31
1187.5
0
0
0
0
0
0
0
0
0
0
0
0
0
0
0
0
0
0
0
0
0
0
0
0
0
0
0
0
0
0
0
0
0
0
0
0
0
0
0
0
0
0
1245.53
2359.38
3036.34
3118.38
4714.02
4714.02
4714.02
2330.36
1529.46
1267.28
1165.31
1071.03
0
0
0
0
0
0
0
0
0
0
0
0
1006.12
1120.31
3691.65
3968.74
4734.38
4734.38
3968.74
4734.38
5581.49
5581.49
6817.71
6817.71
6817.71
6817.71
6203.12
5168.28
4478.92
2984.38
2984.38
2046.4
1917.51
1031.25
0
0
0
0
0
0
0
0
0
0
1000
1029.54
1603.61
2593.51
4343.75
4343.75
4653.65
4653.65
4653.65
4243.16
4243.16
4006.56
3941.85
3941.85
3799.98
3799.98
3742.19
6069.19
6069.19
6069.19
6976.56
6976.56
7031.25
5798.68
4299.84
4299.84
4299.84
3796.64
2638.32
2453.12
2236.54
1029.46
0
0
0
0
0
0
0
0
0
0
0
0
0
0
0
0
0
0
0
0
0
1040.8
1040.8
1179.32
1179.32
1179.32
2049.94
3765.62
3765.62
4075.75
5835.39
5835.39
3617.2
2608.17
1237.56
1237.56
1237.56
1237.56
1197.91
0
0
0
0
0
0
0
0
0
0
0
0
0
0
0
0
0
0
0
0
0
0
0
0
0
0
0
0
0
0
0
0
0
0
0
0
0
0
0
0
0
0
0
0
0
0
0
0
0
0
0
0
0
0
0
0
0
0
0
0
0
0
0
0
0
0
0
0
0
0
0
0
0
0
0
0
0
0
0
0
0
0
0
0
0
0
0
0
0
0
0
0
0
0
0
0
0
0
0
0
0
0
0
0
0
0
0
0
0
0
0
0
0
0
0
0
0
0
0
0
0
0
0
0
0
0
0
0
0
0
0
0
