0
0
0
0
0
0
0
0
0
0
0
0
0
0
0
0
0
0
0
0
0
0
0
0
0
0
0
1058.84
1972.44
3613.07
3613.07
4044.54
4044.54
4720.11
4071.18
4720.11
4720.11
4071.18
4071.18
3578.16
3360.23
3296.88
1211.11
1211.11
1211.11
1785.42
1811.61
2072.56
2072.56
1972.34
1894.95
1894.95
1894.95
1972.34
1726.79
2033.44
2106.72
2687.5
4094.29
4094.29
4094.29
4082.15
3452.75
3452.75
3452.75
3725.38
4065.93
4319.13
4319.13
7011.81
7011.81
6586.71
4425.3
4425.3
3000
1624.66
1624.66
2334.85
2359.38
2334.85
2359.38
2646.45
2873.99
2646.45
2646.45
2640.62
2141.94
2141.94
2437.5
2437.5
2437.5
2598.1
3584.51
4405.83
4405.83
4671.13
4671.13
4671.13
1317.01
1187.5
1177.1
0
0
0
0
0
0
0
0
0
0
0
0
0
0
0
0
0
0
0
1627.78
1627.78
2939.45
2361.54
2939.45
3819.29
4093.75
4093.75
4347.88
4382.65
6265.62
7174.04
7174.04
7366.73
7366.73
7142.06
7142.06
7762.92
7142.06
5312.5
7082.21
7082.21
5312.5
5203.99
4648.58
3763.21
3718.18
3718.18
3718.18
3718.18
5618.49
7514.42
7598.74
7514.42
7514.42
4675.51
4021.32
4021.32
3395.26
2535.87
2287.64
1558.63
1262.88
1234.38
1076.59
0
0
0
0
0
0
0
0
0
0
0
0
0
0
0
0
0
0
0
1118.96
1319.11
1707.36
1707.36
1406.69
1406.69
1406.69
1406.69
1517.01
2218.47
2499.21
2616.39
3102.38
3956.03
3956.03
4927.32
4171.88
4171.88
4171.88
6531.25
5118.14
5975.97
5975.97
5118.14
2591.27
2474.44
1185.85
0
0
0
0
0
0
0
0
0
0
0
0
0
0
0
0
0
0
0
0
0
0
0
0
0
0
0
0
0
0
0
0
0
0
0
0
0
0
0
0
1046.88
1089.09
1577.85
2042.17
2099.62
2109.38
2218.53
2218.53
2659.22
2312.5
2312.5
2659.22
3017.84
3542.93
4681.22
4681.22
4681.22
1796.88
1796.88
1632.16
1796.88
1796.88
1632.16
1207.34
1207.34
1207.34
1207.34
1207.34
0
0
0
0
0
0
0
1013.47
1994.21
2373.37
2373.37
2560.14
2560.14
3343.75
3343.75
3343.75
2906.92
2874.59
2535.11
2535.11
2312.5
2312.5
2312.5
3213.97
3625
3627.04
4453.11
4838.72
4838.72
4838.72
4453.11
4113.89
4113.89
4890.62
3713.51
3713.51
2274
2131.53
1361.59
1136.69
1136.69
0
0
0
0
0
0
0
0
0
0
0
0
0
0
0
0
0
0
0
0
0
0
0
0
0
0
0
0
0
0
0
0
0
0
0
0
0
0
1233.71
2437.5
5081.47
5081.47
5131.99
6639.12
5131.99
4224.87
4224.87
3205.21
3205.21
3205.21
3109.81
3109.81
5669.97
2556.85
1643.64
1643.64
1825.56
1203.12
1070.31
1825.56
1594.79
1148.44
1156.25
1167.64
1167.64
1156.25
1156.25
1167.64
1142.48
1142.48
1142.48
1109.8
0
0
0
0
0
0
0
0
0
0
0
0
0
0
0
0
0
0
0
0
0
0
0
0
0
0
0
0
0
0
0
