-1e+10
-1e+10
-1e+10
-1e+10
-1e+10
-1e+10
-1e+10
-1e+10
-1e+10
-1e+10
-1e+10
-1e+10
-1e+10
-1e+10
-1e+10
-1e+10
-1e+10
-1e+10
-1e+10
-1e+10
-1e+10
-1e+10
-1e+10
-1e+10
-1e+10
-1e+10
-1e+10
5.40026
5.4024
5.40792
5.42404
5.45105
5.46713
5.48211
5.50292
5.53186
5.5582
5.58139
5.60202
5.61665
5.62613
5.63392
5.64272
5.66192
5.69822
5.71209
5.71447
5.70995
5.69744
5.68351
5.67949
5.67789
5.67646
5.67515
5.6758
5.67956
5.68674
5.69815
5.71568
5.72952
5.73722
5.74139
5.74336
5.74453
5.74579
5.74756
5.75029
5.75421
5.75862
5.7611
5.76087
5.75851
5.75474
5.75026
5.74429
5.73107
5.6109
5.58562
5.57111
5.55926
5.5459
5.53118
5.51696
5.5044
5.49368
5.48476
5.47842
5.48344
5.53877
5.60144
5.61606
5.62065
5.62231
5.6212
5.61682
5.60812
5.5942
5.57121
5.53751
5.49675
5.4638
-1e+10
-1e+10
-1e+10
-1e+10
-1e+10
-1e+10
-1e+10
-1e+10
-1e+10
-1e+10
-1e+10
-1e+10
-1e+10
-1e+10
-1e+10
-1e+10
-1e+10
-1e+10
-1e+10
5.62961
5.66256
5.67344
5.67682
5.6782
5.6788
5.67856
5.67683
5.67293
5.66681
5.65963
5.65266
5.64596
5.6393
5.63266
5.62548
5.61802
5.61018
5.60201
5.5932
5.58353
5.5736
5.56531
5.5586
5.5527
5.54627
5.53823
5.52936
5.52074
5.51264
5.50478
5.49718
5.48979
5.48223
5.47387
5.46359
5.45017
5.43248
5.40948
5.38162
5.35434
5.33683
5.33225
5.33302
5.32526
-1e+10
-1e+10
-1e+10
-1e+10
-1e+10
-1e+10
-1e+10
-1e+10
-1e+10
-1e+10
-1e+10
-1e+10
-1e+10
-1e+10
-1e+10
-1e+10
-1e+10
-1e+10
-1e+10
5.38105
5.38931
5.42251
5.42971
5.43193
5.43423
5.44182
5.49952
5.51637
5.52357
5.53003
5.53708
5.54587
5.55637
5.56833
5.57715
5.57986
5.57593
5.56437
5.54094
5.50938
5.48735
5.46383
5.44499
5.4332
5.42578
5.42335
-1e+10
-1e+10
-1e+10
-1e+10
-1e+10
-1e+10
-1e+10
-1e+10
-1e+10
-1e+10
-1e+10
-1e+10
-1e+10
-1e+10
-1e+10
-1e+10
-1e+10
-1e+10
-1e+10
-1e+10
-1e+10
-1e+10
-1e+10
-1e+10
-1e+10
-1e+10
-1e+10
-1e+10
-1e+10
-1e+10
-1e+10
-1e+10
-1e+10
-1e+10
-1e+10
-1e+10
-1e+10
-1e+10
-1e+10
-1e+10
5.34125
5.32222
5.30365
5.28597
5.27083
5.25889
5.24965
5.24247
5.23867
5.24374
5.25814
5.26141
5.25396
5.2458
5.23913
5.23335
5.22764
5.22048
5.20933
5.1916
5.18879
5.19279
5.1804
5.16582
5.15985
5.16845
5.18714
5.20319
-1e+10
-1e+10
-1e+10
-1e+10
-1e+10
-1e+10
-1e+10
5.31182
5.30946
5.30778
5.30581
5.30276
5.29807
5.29091
5.28244
5.27407
5.26815
5.26484
5.26289
5.2611
5.25897
5.25624
5.25332
5.25145
5.252
5.25606
5.26242
5.2686
5.27271
5.27501
5.27582
5.27539
5.27417
5.27242
5.26994
5.26573
5.25925
5.24978
5.23991
5.23105
5.21839
-1e+10
-1e+10
-1e+10
-1e+10
-1e+10
-1e+10
-1e+10
-1e+10
-1e+10
-1e+10
-1e+10
-1e+10
-1e+10
-1e+10
-1e+10
-1e+10
-1e+10
-1e+10
-1e+10
-1e+10
-1e+10
-1e+10
-1e+10
-1e+10
-1e+10
-1e+10
-1e+10
-1e+10
-1e+10
-1e+10
-1e+10
-1e+10
-1e+10
-1e+10
-1e+10
-1e+10
-1e+10
-1e+10
5.18764
5.15828
5.13578
5.12902
5.12466
5.11983
5.11076
5.09384
5.06759
5.05435
5.04193
5.03519
5.03191
5.02852
5.02358
5.01727
5.01262
5.01098
5.01258
5.0235
5.04934
5.04978
5.02724
4.98143
4.97531
4.97003
4.97204
4.99471
5.00821
5.03421
5.04151
5.05129
5.06443
5.09128
-1e+10
-1e+10
-1e+10
-1e+10
-1e+10
-1e+10
-1e+10
-1e+10
-1e+10
-1e+10
-1e+10
-1e+10
-1e+10
-1e+10
-1e+10
-1e+10
-1e+10
-1e+10
-1e+10
-1e+10
-1e+10
-1e+10
-1e+10
-1e+10
-1e+10
-1e+10
-1e+10
-1e+10
-1e+10
-1e+10
-1e+10
