-8.97154	1.62854	0.205861	0.468322	0.125889	0.250407	0.0653576	0.148422	0.065847	0.0924259	0.0260496	0.0178822	0.0468229	0.0734975	0.0271574	0.0331796	-0.00898387
-9.24968	1.60637	0.281889	0.451432	0.193625	0.239415	0.124104	0.142497	0.116641	0.0896796	0.0655589	0.014122	0.0849261	0.0805511	0.0623374	0.034628	0.0153979
-10.1888	1.25172	0.48863	0.395255	0.358858	0.24574	0.171559	0.173816	0.176401	0.177943	0.0743987	0.0107764	0.153432	0.126837	0.110991	0.0389824	0.0555426
-10.5174	0.981589	0.533831	0.397726	0.389895	0.33227	0.239571	0.282004	0.220845	0.247508	0.149828	0.122991	0.14466	0.100534	0.104606	0.0898605	0.144738
-10.4201	1.06468	0.568586	0.428464	0.44155	0.396028	0.251147	0.329882	0.237132	0.231214	0.142553	0.137522	0.0857677	0.0625624	0.162947	0.155981	0.168869
-10.251	1.20325	0.554231	0.406596	0.493597	0.377139	0.228032	0.302125	0.287166	0.257139	0.135315	0.132339	0.100669	0.130619	0.173412	0.167947	0.140207
-10.3705	1.11147	0.531657	0.461539	0.586018	0.378992	0.267243	0.326878	0.313234	0.198952	0.0951514	0.143033	0.144052	0.203701	0.183992	0.153249	0.107238
-10.1982	1.22907	0.556646	0.411033	0.387317	0.308585	0.269155	0.225965	0.200794	0.199647	0.174995	0.163801	0.175823	0.229841	0.181181	0.146217	0.121247
-10.2788	1.20127	0.610704	0.482269	0.432766	0.402522	0.320921	0.1699	0.144625	0.19481	0.27417	0.213697	0.218304	0.225998	0.160388	0.156453	0.128026
-10.4339	1.06469	0.568537	0.496012	0.403878	0.400046	0.370214	0.172173	0.1866	0.241272	0.35751	0.283036	0.237849	0.234477	0.192892	0.15758	0.124021
-10.2277	1.21561	0.599562	0.470752	0.333317	0.305021	0.336297	0.268659	0.279507	0.221963	0.275688	0.246072	0.18926	0.197119	0.175376	0.133367	0.133515
-10.2723	1.16511	0.563277	0.476359	0.38987	0.319573	0.327569	0.277323	0.290172	0.270576	0.243853	0.200637	0.181085	0.1848	0.174887	0.152339	0.160325
-10.2967	1.17003	0.578456	0.478432	0.376145	0.328313	0.284009	0.2962	0.244459	0.303643	0.282454	0.148979	0.197353	0.208374	0.174824	0.144594	0.15425
-10.1184	1.28024	0.560556	0.469744	0.379654	0.373595	0.293616	0.240509	0.191004	0.268229	0.258065	0.185334	0.240992	0.199918	0.178602	0.147976	0.119687
-10.3749	1.12526	0.591957	0.433903	0.430773	0.428192	0.355477	0.28373	0.29654	0.318952	0.227847	0.225375	0.248946	0.186986	0.206559	0.167839	0.134967
-10.3293	1.16681	0.584608	0.374246	0.398345	0.379213	0.297728	0.251497	0.279548	0.307982	0.229878	0.218892	0.25221	0.241	0.167371	0.182394	0.189979
-10.1515	1.25015	0.528422	0.362191	0.346953	0.309614	0.226787	0.266616	0.290352	0.315022	0.249612	0.214461	0.220916	0.268277	0.2138	0.196319	0.188691
-10.408	1.09893	0.598645	0.467473	0.463244	0.389051	0.316083	0.342329	0.312855	0.304588	0.264824	0.264479	0.195839	0.173389	0.172085	0.19124	0.162305
-10.1924	1.22936	0.561187	0.461158	0.453684	0.358332	0.260951	0.280477	0.274133	0.297634	0.232835	0.202348	0.184123	0.191634	0.211496	0.182372	0.133459
-10.2268	1.20127	0.583895	0.451148	0.440536	0.352495	0.213935	0.230495	0.231206	0.221307	0.214277	0.236406	0.220346	0.211599	0.208637	0.139975	0.113843
-10.3809	1.11559	0.626474	0.404659	0.343752	0.335739	0.262838	0.194442	0.200128	0.27417	0.274645	0.330526	0.273833	0.176638	0.121673	0.106791	0.105408
-10.2669	1.17877	0.552219	0.340492	0.33898	0.374619	0.263814	0.212196	0.175033	0.25886	0.182943	0.223959	0.230075	0.170665	0.145765	0.114914	0.0972237
-10.3219	1.11713	0.532288	0.357913	0.448506	0.401433	0.22405	0.208611	0.169448	0.263408	0.138064	0.214183	0.203936	0.101061	0.0850603	0.0779341	0.0911035
-10.4136	1.03043	0.59536	0.412325	0.506176	0.373744	0.263185	0.284307	0.19368	0.265806	0.15361	0.256219	0.199623	0.108796	0.0871571	0.15604	0.144944
-10.3592	1.09777	0.630706	0.444067	0.495095	0.369281	0.287279	0.288415	0.25476	0.302234	0.168917	0.167082	0.156037	0.15359	0.139505	0.120592	0.100566
-10.3545	1.13416	0.609786	0.43142	0.46615	0.380502	0.286261	0.264318	0.26174	0.252173	0.145257	0.135189	0.179796	0.123285	0.128848	0.0290844	0.0697681
-10.5155	0.937361	0.517943	0.354579	0.411688	0.317531	0.211179	0.282318	0.258934	0.211902	0.131021	0.0623834	0.143821	0.0906611	0.111702	0.0205816	0.104373
-10.3887	1.0971	0.602366	0.367086	0.391426	0.337916	0.264619	0.270975	0.237118	0.232781	0.191456	0.0789434	0.106982	0.0452125	0.0594464	0.0235901	0.0680294
-10.3712	1.13173	0.658539	0.418194	0.411076	0.392664	0.309098	0.272275	0.220949	0.272892	0.234278	0.130359	0.119588	0.00506177	0.0315579	0.0813056	0.0605317
-10.4244	1.09402	0.665462	0.420294	0.477731	0.492872	0.3456	0.288861	0.260534	0.283509	0.254971	0.157288	0.189827	0.0857598	0.0366874	0.0449172	0.0487604
-10.4004	1.07802	0.60515	0.351803	0.387124	0.40328	0.319355	0.276234	0.276651	0.221361	0.202125	0.167637	0.230451	0.219801	0.120146	0.0514426	0.0705183
-10.4652	1.02013	0.605525	0.35559	0.351881	0.399738	0.326214	0.212751	0.223346	0.156427	0.193145	0.170142	0.172203	0.217424	0.140125	0.00817277	0.0442909
-10.4274	1.03302	0.58305	0.300794	0.309238	0.388632	0.287308	0.119091	0.150129	0.19554	0.266508	0.211575	0.220348	0.226022	0.146562	0.000917797	0.0326151
-10.405	0.99845	0.574661	0.349955	0.271097	0.316359	0.292071	0.153872	0.172297	0.261019	0.200087	0.130875	0.165872	0.107855	0.0440608	-0.0243999	0.0152921
-10.4607	0.942094	0.578829	0.438513	0.329973	0.28763	0.251255	0.165833	0.1555	0.279068	0.133128	0.100178	0.126701	0.0564832	0.0604781	0.0364961	0.0240228
-10.5183	0.966716	0.599944	0.529922	0.472857	0.281458	0.188173	0.152298	0.183508	0.28816	0.16455	0.143717	0.117458	0.0414904	0.0109431	-0.0515222	-0.0320743
-10.4439	1.08095	0.609997	0.467238	0.380869	0.291964	0.257333	0.232368	0.234093	0.242391	0.20395	0.178224	0.141827	0.1464	0.160527	0.0713124	0.0755813
-10.4408	1.09218	0.644478	0.462161	0.345279	0.368041	0.361363	0.278372	0.217606	0.170226	0.181526	0.11504	0.065527	0.0937285	0.126189	0.166962	0.174385
-10.438	1.00595	0.530323	0.371782	0.360633	0.406501	0.349197	0.257798	0.226654	0.290338	0.247789	0.0450028	0.0672854	0.145034	0.151101	0.238859	0.232368
-10.2859	1.09457	0.569572	0.457679	0.385416	0.362676	0.290558	0.264699	0.233459	0.288602	0.248452	0.11777	0.170557	0.215877	0.145511	0.141442	0.118869
-10.121	1.24935	0.567318	0.431804	0.340628	0.333052	0.242878	0.220291	0.228485	0.222813	0.174529	0.152104	0.182846	0.192277	0.135398	0.127294	0.111872
-10.2025	1.2467	0.636324	0.484014	0.338192	0.323155	0.248477	0.254196	0.266656	0.25481	0.188423	0.174007	0.178332	0.201606	0.162857	0.141263	0.130141
-10.2099	1.22063	0.621536	0.427994	0.345875	0.320239	0.288979	0.227985	0.239016	0.246937	0.232332	0.201037	0.13737	0.177509	0.190291	0.123728	0.106993
-10.237	1.17265	0.60158	0.413583	0.373591	0.341604	0.279956	0.193824	0.223421	0.228687	0.231279	0.159792	0.141268	0.216777	0.211939	0.128323	0.127784
-10.2305	1.14425	0.558713	0.39001	0.350351	0.324795	0.244324	0.154124	0.208911	0.240908	0.231155	0.139681	0.159052	0.258607	0.173726	0.145516	0.15578
-10.2027	1.11156	0.478457	0.386288	0.375813	0.302605	0.213216	0.177183	0.2408	0.258978	0.21776	0.116946	0.144053	0.242781	0.150557	0.0892739	0.135687
-10.1795	1.17946	0.556177	0.375586	0.334902	0.267052	0.204741	0.224663	0.226111	0.19412	0.188162	0.187978	0.112982	0.159283	0.170729	0.144373	0.106349
-10.3377	1.044	0.653594	0.464442	0.34374	0.325292	0.202239	0.222392	0.224322	0.239591	0.156962	0.191032	0.117957	0.0384987	0.211016	0.131231	0.0709398
-10.1453	0.909705	0.650938	0.671969	0.15926	0.194124	0.139239	0.247422	0.107873	0.247837	0.161354	0.253604	0.231703	-0.0710473	0.253248	0.112127	-0.10299
-9.25493	0.99703	0.593467	0.851048	-0.0237645	0.261503	-0.0233958	0.172822	-0.0842775	-0.00946393	0.0240948	0.40027	0.27713	-0.149676	0.210409	0.059778	-0.0329416
-7.51321	1.34388	0.479263	0.467206	0.00181692	0.0876527	-0.175995	0.014793	-0.216363	-0.0939826	-0.103058	0.0277994	0.0928238	-0.0301086	0.210051	-0.0532486	-0.0044047
-8.44272	0.0904197	0.062815	1.04576	-0.088795	-0.480555	-0.735109	0.255538	0.0496035	0.0637155	-0.168894	0.0457611	0.394217	-0.133844	0.256051	-0.285258	-0.15256
-6.17364	2.05999	0.721366	1.21507	0.157417	-0.269038	-0.231693	0.0920135	-0.154636	-0.286875	-0.0238431	-0.0768798	0.213551	-0.0100765	0.642304	-0.0858379	0.143708
-5.86462	2.2122	0.818102	1.35727	0.258697	-0.0293227	-0.250788	-0.237829	-0.0227752	-0.223892	-0.0758997	0.107266	0.349319	-0.321432	0.220956	-0.0624244	0.241399
-5.38327	2.33687	0.908892	1.16081	0.0710061	0.299223	-0.306719	-0.0507748	-0.135024	-0.152114	0.0223145	-0.162396	0.209015	-0.129541	0.294792	-0.0519551	0.105045
-3.54781	2.19277	-0.0200538	1.25677	-0.139182	-0.0597689	-0.251862	0.160383	-0.225429	-0.00638433	-0.067877	-0.0291782	0.125047	-0.180735	0.341063	-0.0501485	0.151352
-3.21574	1.91233	-0.137363	1.25649	-0.343349	-0.128659	-0.345394	0.161479	-0.0514138	-0.0826323	0.128183	-0.0311186	0.206288	-0.328821	0.255677	-0.147546	0.0622386
-3.19753	2.08511	-0.273252	1.33186	-0.305442	-0.192051	-0.230243	0.0743008	-0.0189493	-0.0922929	0.122349	-0.0168952	0.151767	-0.273547	0.2349	-0.137303	0.13025
-3.19953	2.28009	-0.410123	1.41103	-0.398498	-0.146207	-0.267649	0.0667451	-0.0367967	-0.147728	0.191777	-0.037789	0.172405	-0.23829	0.184341	-0.115749	0.0842468
-3.24182	2.4811	-0.496657	1.31923	-0.0992805	-0.381119	-0.157489	0.00600975	-0.0519035	-0.160525	0.187209	-0.0344849	0.214043	-0.282814	0.213147	-0.0983173	0.100677
-3.55818	2.79656	-0.390087	1.10317	0.104492	-0.40642	-0.258651	0.0440865	-0.178037	-0.0923848	0.153895	0.007639	0.202946	-0.192992	0.0717207	0.0482349	0.0396739
-3.72541	3.12636	-0.252781	1.04827	0.359532	-0.207841	-0.32534	-0.0685353	-0.0877566	-0.221442	0.0249031	-0.0990304	0.201684	-0.0577392	0.228338	0.211315	0.57053
-3.89381	3.11396	-0.302556	1.00501	0.318922	-0.121349	-0.598046	-0.129897	-0.0937082	-0.217322	0.254673	-0.0392904	0.184156	0.0610832	-0.109275	0.106582	0.290919
-4.22199	3.45762	-0.0893018	0.639101	0.314119	0.0398251	-0.318568	-0.35446	-0.194656	0.138073	-0.14376	-0.0195122	-0.00565344	0.429742	0.122686	-0.222675	0.413143
-4.22841	3.43005	-0.131538	0.609231	0.0146932	0.322745	-0.105959	-0.247736	-0.318482	-0.148352	0.070058	0.0213947	-0.105393	0.287775	0.328951	0.0126089	0.113149
-4.42876	3.24965	0.281535	0.628958	-0.0441171	0.173062	0.144884	-0.0563939	-0.510579	-0.36291	0.0154489	0.013344	0.156169	0.327607	0.0733917	0.253969	0.561846
-5.44294	3.73118	0.405512	0.319928	0.00764298	0.133971	0.199622	0.0867128	-0.0298671	-0.37	-0.0335846	-0.0206544	0.0629935	0.034318	0.0418088	0.114365	0.224716
-5.32626	2.97726	0.576074	0.0485118	-0.261186	-0.208741	-0.0362714	-0.0876617	-0.299365	-0.298964	-0.243107	-0.165259	0.0280129	0.0453297	-0.160089	-0.0638001	-0.0125201
-5.91896	3.24443	0.527056	0.0730061	-0.324158	-0.0632602	-0.0613322	-0.0593581	-0.22834	-0.301338	-0.183883	-0.30495	-0.0835182	0.0496087	-0.206077	-0.0775336	-0.0683039
-5.82753	2.6009	0.74311	0.0669638	-0.218868	-0.0905058	-0.0107556	-0.0845177	-0.187972	-0.215469	-0.208513	-0.201535	-0.167324	-0.114022	-0.0505464	0.0448474	0.0393101
-6.09983	2.92307	0.739583	-0.010112	-0.181636	-0.0046194	0.00770912	-0.0477908	-0.127137	-0.181501	-0.12346	-0.107601	-0.0861131	-0.085034	-0.115723	0.0129383	0.0237742
-6.09007	2.95668	0.621475	-0.113289	-0.272209	-0.00628148	-0.0501173	-0.109681	-0.0937328	-0.191798	-0.118404	-0.146248	-0.107154	-0.130217	-0.237126	-0.0405948	-0.033778
-6.11525	2.83062	0.748005	0.0244304	-0.195918	0.0428023	0.0655436	-0.024829	-0.0872619	-0.150683	-0.089877	-0.0983103	-0.112215	-0.107171	-0.0997404	-0.0150364	-0.0415621
-5.60384	2.58899	0.742538	0.0675029	-0.301963	-0.147592	-0.0462058	-0.0789552	-0.107041	-0.206024	-0.227014	-0.186295	-0.0865506	-0.0821168	-0.110592	-0.0298091	-0.0772712
-5.57753	3.07284	0.664959	0.0832596	-0.444413	-0.0865526	-0.0223706	-0.171424	-0.0457519	-0.238938	-0.230095	-0.244732	-0.07867	0.00162007	-0.0851095	-0.00783908	0.0782348
-5.48845	3.09706	0.735201	-0.005101	-0.469145	-0.126072	0.0629802	-0.13763	-0.0576793	-0.285698	-0.281869	-0.203469	0.031516	-0.013304	-0.158893	-0.0613679	-0.0241865
-5.45114	3.22381	0.622845	0.0066928	-0.581946	-0.149057	0.171924	-0.165605	-0.102941	-0.384424	-0.252336	-0.146667	0.0362557	0.00280663	-0.0563284	-0.118944	0.121478
-4.76741	3.52528	0.869311	0.212785	-0.585573	-0.0739602	0.255436	-0.0204756	-0.0379126	-0.329158	-0.0156502	0.119684	0.295588	-0.0224658	-0.116029	-0.106527	0.44965
-4.55858	3.3951	0.470636	0.194839	-0.399679	0.173053	0.319371	-0.0761741	-0.250127	-0.235443	0.209545	-0.00954613	0.168273	-0.107846	-0.100502	0.00426934	0.27431
-3.93234	3.24726	0.374065	0.289784	-0.492086	0.25491	0.248383	-0.295177	-0.348706	-0.0630142	0.0617492	0.317149	0.127243	-0.176341	-0.00756294	-0.0783082	0.483037
-3.81183	3.3523	0.246044	0.205261	-0.275076	0.140528	0.250592	-0.541841	-0.354247	-0.052285	0.291689	0.251109	0.181481	-0.245045	-0.0561203	0.0505514	0.766656
-3.79673	3.28872	0.289783	0.419231	-0.293879	0.129878	0.0693222	-0.282768	-0.347691	0.0665486	0.145465	0.182227	0.0626042	-0.108412	-0.0548561	-0.0161247	0.470816
-3.64543	3.15379	0.383227	0.375988	-0.112064	0.100135	-0.0341733	-0.445692	-0.361989	-0.0276084	0.494143	-0.0128493	0.249074	-0.334264	0.109216	-0.0628652	0.712848
-3.89446	3.24888	0.560866	0.389987	-0.027583	0.296287	-0.558809	-0.0821981	-0.34599	0.022952	0.316023	0.0246142	0.0473431	-0.0163564	0.100397	-0.212533	0.510455
-4.10684	3.28672	0.31628	0.960709	0.103639	0.12301	-0.74848	-0.209067	-0.097619	0.206768	0.18393	-0.058156	-0.0435507	0.0556197	0.130674	-0.207785	0.23126
-3.974	3.29024	0.0859563	0.988702	-0.0404223	0.336695	-0.330441	-0.526262	0.0175017	0.0803456	-0.0745374	0.048577	0.132911	0.0219949	0.170036	-0.123283	0.132455
-4.07815	2.96622	0.505627	0.534302	0.172002	0.749799	-0.41792	-0.625338	0.0792124	-0.0574424	-0.208274	0.106043	0.264637	-0.0389715	0.286874	-0.255537	0.252692
-3.59026	1.97804	0.68692	0.405826	-0.166388	0.882278	-0.238456	-0.396697	0.258908	-0.0774133	-0.191721	-0.0471701	-0.0160211	0.0181939	0.256201	0.0151538	-0.0307329
-3.94965	1.89267	0.634965	0.42666	0.0239095	0.610356	-0.134497	-0.34935	0.186795	0.0600184	-0.267477	0.00878625	-0.000850471	0.145913	-0.0554701	-0.213888	-0.0730568
-4.14219	1.55265	1.29333	0.38853	0.0283081	0.57916	0.100688	-0.547818	0.25899	-0.0485952	-0.168185	-0.177565	0.0105606	0.117269	0.035844	0.180267	-0.12827
-4.42566	1.30676	1.50745	0.573152	0.201557	0.470567	0.0729295	-0.0738756	0.143762	-0.216689	-0.188271	-0.0360719	-0.1085	0.0760122	0.12933	-0.0445372	0.356354
-4.77802	0.708797	1.32611	0.724293	0.840481	0.637076	0.0640541	-0.123695	0.232799	-0.390136	-0.316834	0.00256677	-0.384765	0.136331	0.382345	0.180995	0.236515
-4.94025	0.35687	1.45805	0.674926	0.425662	0.68365	0.239595	-0.224031	0.15171	-0.442275	0.0544393	0.026132	-0.150316	0.0565343	-0.0603024	0.113071	0.135345
-5.03751	-0.140193	1.55364	0.824846	0.421862	0.692883	-0.206812	0.041159	0.379528	-0.370691	-0.105915	-0.0942588	0.106154	-0.103504	-0.0239171	-0.105255	0.0223297
-5.46263	-0.0244545	1.74274	0.668986	0.692988	1.02679	-0.0248974	-0.401967	0.194459	-0.184565	0.12406	0.0488907	-0.136982	-0.272015	-0.166062	0.447675	0.47231
-5.37363	-0.486778	1.18767	0.782678	0.134926	0.36391	-0.414571	0.385629	0.348357	-0.0300566	-0.357043	-0.223347	0.112544	0.160827	-0.203477	-0.0783203	-0.136081
-5.1514	-0.650004	1.12154	0.129854	0.0101311	0.319813	-0.117191	-0.00389077	0.332964	-0.0626488	-0.0110599	-0.0585087	-0.09509	-0.10455	-0.00753476	-0.0880208	0.000978403
-5.12367	-0.698272	1.15059	0.0582872	-0.0372109	0.280261	-0.10045	0.0115036	0.263	-0.113417	-0.0497959	0.142442	0.0788947	-0.0455403	-0.067655	-0.0513343	0.080993
-5.30865	-0.808331	1.1963	0.133627	0.0571191	0.382513	-0.0442622	0.0591562	0.29341	-0.13054	-0.016831	0.208643	0.169044	-0.0917209	-0.0142775	0.0700432	0.0540346
-5.33567	-0.900028	1.0904	0.157012	-0.110939	0.279642	0.0997076	0.152188	0.393594	-0.0880924	-0.0128778	0.0979963	0.0459838	-0.130157	0.0527899	0.131559	0.126604
-5.25435	-1.03291	0.936585	0.320267	-0.108716	0.239798	0.12266	-0.0102364	0.243801	-0.244655	0.0281038	0.0291627	0.0433415	-0.0393952	-0.0381047	0.0725767	0.164909
-5.33453	-1.12007	0.869188	0.490316	0.0627312	0.406957	0.30353	0.0184609	0.255749	-0.196269	0.0964723	0.113112	0.0968202	-0.0284983	-0.000733006	0.0154348	0.164769
-5.33452	-1.02981	1.05263	0.63517	0.125001	0.42734	0.4191	-0.0502615	0.237252	0.0429198	0.0673604	0.273855	0.0786785	-0.0336279	0.0626235	-0.0517279	0.0913462
-5.28643	-0.673892	1.34731	0.758007	-0.005652	0.206763	0.359386	-0.193326	0.235047	-0.0320784	0.116708	0.199665	0.00504416	-0.0145918	0.052523	-0.18079	0.0837815
-5.35281	-0.532602	1.35074	0.822505	-0.0239656	0.073842	0.333266	-0.205119	0.249679	-0.100409	0.0745307	0.234472	-0.031565	-0.134251	0.0858903	-0.0954755	0.00458032
-5.69352	-0.578592	1.2104	0.880353	0.109074	0.211019	0.46829	-0.178572	0.125356	0.0057165	0.045907	0.361393	0.152973	-0.17796	0.0422451	-0.0733975	0.0236353
-6.36273	-0.786727	0.86325	0.73344	0.201739	0.382837	0.680395	-0.0778539	0.149303	0.0946569	0.0397827	0.331336	0.094688	-0.187328	0.0807588	0.0646113	0.189251
-7.02476	-0.365919	0.496	0.44719	0.0688004	0.266127	0.576855	-0.124689	0.0802867	0.152591	0.106706	0.193028	0.0787811	0.0785209	0.188386	0.198046	0.231472
-7.44604	-0.194511	0.0880347	0.715687	0.209144	0.205512	0.581878	-0.042835	-0.0848478	0.1715	0.0474837	0.15893	0.114634	0.101702	0.112863	0.0740896	0.261761
-7.15877	-0.214079	-0.029894	0.725843	0.359202	0.250256	0.567456	-0.148196	-0.0119748	0.278426	0.0949988	0.15393	0.182602	0.0703797	0.120154	0.147351	0.248046
-6.70197	-0.262672	-0.253283	0.608492	0.265488	0.189195	0.485532	-0.124753	0.0591895	0.291633	0.157007	0.145623	0.189234	0.0657355	0.179044	0.258401	0.217555
-6.15803	-0.159286	-0.23004	0.558421	0.244434	0.00165995	0.43532	-0.0341474	-0.0537286	0.0327816	0.111171	0.219729	0.0422835	0.130306	0.081411	0.0899462	0.0912326
-5.36053	-0.348585	-0.186793	0.413249	0.140597	-0.200951	0.352871	-0.0654215	-0.280195	-0.0421612	0.104602	0.106314	0.0456813	0.123012	0.135516	0.156499	-0.00952928
-4.75252	-0.524825	-0.174572	0.354537	0.166422	-0.175608	0.397826	-0.135996	-0.292039	-0.0493041	0.11878	0.0329046	0.0938743	0.157674	0.173954	0.201142	0.000599699
-4.61861	-0.664887	-0.111882	0.345668	0.0888828	-0.145903	0.353533	-0.197603	-0.121807	0.0903785	0.118704	0.0388354	0.14927	0.0982625	0.0351639	0.0666401	0.0920133
-4.75825	-0.730045	-0.064665	0.419224	0.118355	-0.200437	0.256373	-0.16624	-0.142738	0.0652706	0.0899935	-0.0217878	0.0498416	0.182199	-0.0153995	-0.1464	0.0838997
-4.81151	-0.676047	-0.118603	0.367349	0.30946	-0.0625816	0.205524	-0.0632509	-0.0172763	0.0919785	0.0302375	-0.012124	-0.0441356	0.134273	0.066438	-0.0372187	0.0802947
-4.59332	-0.696936	-0.0565053	0.252273	0.483596	0.172651	0.13333	0.0206709	0.0890165	0.0643192	0.157114	-0.0323102	-0.10549	0.0873154	0.021582	0.03828	0.217451
-4.37463	-0.721944	-0.1276	0.167259	0.460827	0.101725	0.174632	0.036284	0.209111	0.115691	0.152377	-0.0389705	-0.052871	0.0135032	-0.0460122	0.0906678	0.215591
-4.40587	-0.64617	-0.262943	0.0907094	0.416467	-0.0867759	0.199259	-0.0671562	0.0383846	0.142677	0.122542	-0.0946321	-0.04095	-0.0222039	0.0417022	0.0927541	0.274359
-4.21204	-0.416564	-0.320893	0.24349	0.364	-0.199748	0.0919847	-0.149548	-0.0145288	0.129208	0.136677	0.0640511	0.0636711	0.133278	0.0119283	-0.136634	0.247616
-4.1903	-0.345785	-0.364449	0.365679	0.378938	-0.133518	0.117818	-0.0964176	0.00904965	0.178846	0.265705	0.141715	0.113802	0.101729	-0.135704	-0.165975	0.158303
-4.29877	-0.355167	-0.42371	0.307076	0.4845	-0.113685	0.10355	0.0029139	0.111015	0.190348	0.17822	0.0998225	0.171128	0.218394	0.000327764	-0.034388	0.0386497
-4.4332	-0.225182	-0.50909	0.103295	0.474229	-0.227861	0.0405058	0.0975946	0.156452	0.115329	0.0846444	0.109585	0.0946829	0.127937	0.044678	-0.00589805	0.088609
-4.60181	-0.0163516	-0.523374	0.14129	0.545162	-0.187578	-0.00403601	0.031908	0.036733	0.0317697	0.111668	-0.00139794	0.0236545	0.00123829	-0.179686	-0.0353045	0.152228
-4.84156	0.683239	-0.472629	0.330926	0.525675	0.0367005	-0.102773	0.282381	-0.0110603	-0.447078	-0.0819305	0.202075	-0.0461556	0.238339	-0.33656	-0.119231	-0.208404
-4.92045	0.975413	-0.0108937	0.553431	0.339781	-0.100273	-0.141856	0.059677	-0.0561443	0.028261	0.0436627	-0.229262	-0.0608611	0.168726	0.00140148	-0.0802904	0.181816
-4.8413	1.39778	0.433132	0.913614	0.814151	0.275562	-0.262571	-0.270268	-0.155814	-0.11115	0.0987018	0.0776579	-0.267821	0.0424082	0.124912	-0.135959	-0.290286
-4.33519	3.05705	0.464569	0.487917	0.49187	-0.174148	-0.391836	0.0241458	0.139855	-0.0720208	0.0758949	-0.230046	-0.000805138	0.0114579	0.139161	-0.0988483	0.0438678
-3.6336	3.15757	-0.117297	0.45811	0.882083	0.254084	-0.201737	-0.399412	0.0220715	-0.113787	0.0438533	-0.0110144	-0.0375508	0.10324	-0.0544559	-0.393396	0.114652
-3.55627	3.23321	-0.169975	0.473925	0.795046	0.21832	-0.298429	-0.148861	0.167712	-0.275226	-0.0640046	-0.0758106	0.215116	-0.169427	0.102378	-0.301549	-0.110992
-3.66612	3.4131	-0.395621	0.538272	0.550128	0.0150349	-0.207753	-0.37441	0.503252	-0.28807	0.0192015	-0.0388123	-0.148996	0.079586	0.162922	-0.299179	0.302769
-3.35123	2.97516	-0.304533	0.566647	0.434711	0.130319	-0.162088	-0.316469	0.466717	-0.493179	0.237995	-0.230236	0.131099	-0.16067	0.250215	-0.317018	0.108777
-3.31983	2.99311	-0.501272	0.772919	0.165823	0.383953	-0.321786	-0.120404	0.283568	-0.405545	0.129236	-0.0913584	0.0653424	-0.115536	0.17837	-0.282325	0.0205003
-3.21153	2.74305	-0.343276	0.617528	0.255511	0.404316	-0.290098	-0.105048	0.300346	-0.490185	0.113271	-0.0662257	0.104233	-0.101325	0.121028	-0.290154	-0.116528
-3.15681	2.60744	-0.288376	0.541182	0.367958	0.39341	-0.224421	-0.0922055	0.308806	-0.539069	0.0531814	-0.0569384	0.139057	-0.0526529	0.0444855	-0.294907	-0.277601
-3.17374	2.60758	-0.30411	0.529612	0.405747	0.252866	-0.201645	-0.139575	0.418214	-0.613035	0.120134	-0.0595066	0.123625	-0.0626905	0.0198891	-0.187163	-0.259767
-3.16505	2.55877	-0.259002	0.498952	0.407006	0.238716	-0.25789	-0.109898	0.407915	-0.579295	0.133802	-0.053157	0.0732577	-0.0697496	0.0811999	-0.208894	-0.17792
-3.24394	2.63781	-0.247833	0.49014	0.400575	0.119719	-0.289224	-0.139534	0.406364	-0.497863	0.178685	-0.026706	-0.0215698	-0.0739786	0.103983	-0.0959622	-0.0303947
-3.34433	2.73845	-0.305062	0.573493	0.398613	0.21639	-0.282763	-0.035177	0.31122	-0.490049	0.064311	0.012884	-0.0159914	0.00354309	0.0532974	-0.195068	-0.198058
-3.4435	2.82913	-0.318358	0.611948	0.369164	0.251411	-0.295325	-0.0140057	0.29992	-0.515065	0.131931	-0.100139	0.0798961	-0.0850014	0.16924	-0.306109	-0.176374
-3.69782	3.09903	-0.395594	0.68675	0.44777	0.279597	-0.0819426	-0.0783626	0.414883	-0.745431	0.0763769	-0.130403	0.19614	-0.00181943	0.0728066	-0.48172	-0.458176
-3.77209	3.18091	-0.394382	0.661739	0.37473	0.220361	-0.207364	-0.0180885	0.324619	-0.596883	0.196689	-0.233108	0.159278	-0.00750292	0.0938157	-0.365919	-0.228257
-3.93111	3.43513	-0.480479	0.603222	0.336675	-0.0262073	-0.240594	-0.209606	0.318393	-0.281795	0.221241	-0.0310629	-0.268044	0.120635	0.111372	-0.135571	0.259306
-3.87048	3.23286	-0.294056	0.521226	0.33529	0.150098	-0.26928	-0.00938543	0.198466	-0.365534	0.208292	-0.164707	-0.0351343	0.0391903	0.156123	-0.319581	0.0244338
-3.91199	3.25922	-0.33061	0.57679	0.280861	0.14483	-0.268996	0.0110831	0.163733	-0.351457	0.26843	-0.228271	-0.0156585	0.0273048	0.192705	-0.365047	0.0522253
-3.95059	3.28502	-0.349062	0.63022	0.154702	0.375509	-0.268898	0.085595	0.117675	-0.393734	0.183571	-0.158583	-0.0738463	0.0797192	0.218376	-0.392297	-0.213113
-3.93032	3.08778	-0.0661479	0.461535	0.256478	0.237976	-0.323246	0.21161	0.0433872	-0.358259	0.244525	-0.261477	0.0132946	0.0855182	0.0991713	-0.344072	-0.117019
-4.04508	3.03631	0.0146377	0.62994	0.171794	0.140344	-0.23978	-0.0240274	0.170511	-0.272717	0.117773	-0.156428	-0.036897	0.219445	-0.0213663	-0.32924	-0.129574
-4.12269	3.19734	-0.281642	0.820971	0.105887	0.37437	-0.428059	-0.0455705	-0.054858	-0.175965	0.478598	-0.362926	-0.129185	0.215954	0.132204	-0.422794	-0.0741171
-4.01521	3.59764	-0.598145	0.78638	0.1791	0.306817	-0.20415	-0.0541261	0.0077677	-0.216112	0.271759	-0.346538	0.0709176	0.0658056	0.079066	-0.288788	-0.0901741
-4.19941	3.67946	-0.528233	0.669162	0.352564	0.327703	-0.126202	0.0166068	-0.0960589	-0.198679	0.232497	-0.366132	0.0403501	0.0265825	0.129644	-0.259738	-0.0252184
-4.5893	3.618	-0.230469	0.767833	0.397787	0.0532888	-0.0719192	-0.188435	-0.143509	-0.0133642	0.221196	-0.205884	-0.070218	0.0542032	0.128344	-0.28185	0.0468087
-4.79785	3.32201	0.0439533	0.87446	0.166546	-0.0258507	-0.240006	-0.342525	-0.377306	0.106858	0.79863	-0.288557	-0.288651	0.0897826	0.138643	-0.082731	0.122096
-4.13027	3.00862	-0.0430477	0.539554	0.0550055	0.265965	-0.303949	-0.221596	-0.324413	0.120841	0.606519	-0.294131	-0.141581	-0.0135586	0.172227	-0.310357	0.157193
-3.84199	3.14983	-0.219953	0.48533	0.0607781	0.20403	-0.22641	-0.0447059	-0.246392	-0.00732334	0.480726	-0.279223	0.0474542	-0.210884	0.12875	-0.166581	-0.122533
-5.53926	2.65497	0.575842	0.955854	0.495696	-0.0428663	-0.599715	-0.680331	-0.757822	0.5725	1.05323	-0.261128	-0.212947	-0.186658	0.0268253	-0.0861856	0.273232
-4.37865	2.95813	-0.192791	0.125699	-0.0402816	0.0266999	-0.287633	-0.331449	-0.509684	-0.161128	0.245877	-0.0979973	-0.157028	-0.081095	-0.0192604	-0.225264	0.145032
-4.53352	3.0012	-0.119195	0.0642887	-0.0716059	-0.0243211	-0.211484	-0.33854	-0.60794	-0.18869	0.282601	-0.163588	-0.0673807	-0.0789754	-0.00618487	-0.246896	0.155015
-4.52198	2.97153	0.0570881	-0.00454296	-0.0637501	-0.0531527	-0.178048	-0.305792	-0.657871	-0.167075	0.30646	-0.136452	0.0376866	-0.0874768	-0.0271601	-0.179648	0.146982
-4.5284	3.07985	0.0328232	0.0302576	-0.116484	0.00904124	-0.111625	-0.342122	-0.581896	-0.231282	0.285686	-0.180147	0.0667043	-0.146921	-0.0118366	-0.209706	0.167128
-4.61593	2.87163	0.273444	-0.109341	-0.0476736	0.0251206	-0.127465	-0.387492	-0.647769	-0.20225	0.171356	-0.125001	-0.0391535	-0.0969615	-0.15657	-0.168495	0.160689
-4.781	3.21287	0.280132	-0.130312	-0.0393521	-0.0370647	0.00450986	-0.47503	-0.625376	-0.294769	0.182069	-0.0762843	0.0194933	-0.160351	-0.117469	-0.190949	0.227275
-4.82769	3.21228	0.24555	-0.0134428	-0.196335	-0.0616004	0.124044	-0.407823	-0.620202	-0.385269	0.175796	-0.0217769	0.164898	-0.152954	-0.158277	-0.285467	0.293313
-4.82804	3.05359	0.234101	-0.062005	-0.334983	-0.123852	0.07834	-0.412614	-0.666532	-0.439261	0.0514313	-0.0978189	0.096144	-0.167957	-0.204942	-0.281187	0.204838
-4.8328	3.39655	0.732779	0.621125	-0.0583211	0.276161	0.512068	0.00997286	-0.454364	-0.12737	0.486973	0.143796	0.42065	0.0634675	0.010309	-0.0539289	0.425022
-4.59417	3.47209	0.617309	0.288686	-0.103418	0.241349	0.466508	0.0180542	-0.299623	-0.229557	0.473578	-0.0414663	0.615634	-0.0150334	0.150969	-0.180627	0.427935
-4.82688	3.4288	0.798769	0.323426	-0.208065	0.0717453	0.445503	-0.00368812	-0.204356	-0.263323	0.238697	-0.0563913	0.548493	0.0191763	0.162483	-0.296839	0.377978
-4.91805	3.42058	0.83722	0.291523	-0.260161	0.0859569	0.481002	-0.0545903	-0.125562	-0.387404	0.221277	-0.0729379	0.526217	0.0525247	0.134065	-0.265332	0.372017
-5.08694	3.61969	0.939678	0.283242	-0.16217	0.0686341	0.500425	0.138683	-0.122564	-0.43077	0.318291	-0.0808254	0.561496	0.130088	0.220003	-0.341856	0.540887
-5.13074	3.64167	0.898191	0.308019	-0.218263	0.20127	0.517829	0.131669	-0.17174	-0.329511	0.306668	-0.0601834	0.563909	0.128724	0.186417	-0.172059	0.467915
-5.48404	3.94464	1.20241	0.235368	-0.072497	0.159067	0.686169	0.286819	-0.125347	-0.211976	0.378555	-0.0656546	0.63993	0.274039	0.151724	-0.148151	0.65745
-5.62173	4.03419	0.99413	0.229228	0.162569	0.0541081	0.580073	0.157229	-0.095027	0.00879432	0.260469	-0.0197275	0.564241	0.138092	0.194034	0.0785512	0.428491
-5.55869	3.55566	1.02193	0.143107	-0.209175	-0.128386	0.631329	0.228482	-0.251935	-0.391254	0.301832	-0.311564	0.636918	-0.0174178	-0.00921186	0.0425015	0.12286
-5.87505	3.69979	1.24738	0.37372	0.17179	0.0047567	0.574322	0.0184218	0.286838	-0.189509	0.41795	-0.121137	0.425047	0.102496	0.257031	-0.0210908	0.371547
-6.07935	3.69371	1.25983	0.382178	-0.0293721	0.0830625	0.694818	-0.0150884	0.118547	-0.00873857	0.248823	-0.0885596	0.464888	0.015188	0.189519	-0.0963164	0.344256
-6.66817	3.81974	1.6173	0.376021	-0.0762774	0.184899	0.73007	0.0814628	0.0600564	0.0226025	0.176439	-0.0531146	0.429921	-0.036548	0.0757429	-0.0118079	0.300084
-6.86025	3.96728	1.68607	0.478476	-0.00867929	0.29746	0.87962	0.0890526	0.30811	0.161742	0.0246905	-0.0595367	0.914936	-0.00432882	0.0700082	-0.104114	0.405257
-6.81075	3.8893	1.51189	0.434737	0.111081	0.181484	1.09705	0.171786	0.0770129	-0.202151	0.0874644	0.0590873	0.43879	-0.074762	0.249569	0.0370184	0.156365
-7.0661	3.7419	1.37505	0.0775042	-0.0866949	0.247872	0.853468	-0.239827	-0.206464	-0.301731	0.161034	-0.156715	0.552437	0.174962	-0.347685	-0.246848	0.265513
-7.79598	2.84677	1.41237	0.77065	0.0204438	0.0977991	0.771904	-0.0784494	-0.24167	-0.309247	-0.147957	-0.418444	0.0185466	-0.445822	-0.203278	0.135612	0.153004
-7.8017	2.95012	1.18549	0.709503	0.101165	0.543869	0.98179	0.199104	-0.184138	-0.608961	-0.310262	0.203323	0.368161	-0.208228	-0.268399	-0.187446	0.466476
-8.13718	2.84166	0.732372	0.35134	0.406762	0.568992	0.777704	-0.26758	-0.192789	-0.0273372	0.191553	-0.124787	-0.0676114	-0.424077	-0.396628	0.171146	0.301773
-7.94885	2.10276	0.523524	0.140257	0.166349	0.430155	0.414786	-0.00113359	-0.29211	-0.304073	-0.0118653	0.12942	0.0634226	-0.178682	-0.289968	-0.123841	0.0195936
-8.43927	1.84588	0.491667	0.270877	0.251325	0.383464	0.262378	-0.0154309	-0.226418	-0.204783	0.0207086	0.119015	0.00294485	-0.151986	-0.194175	-0.0159258	0.123377
-9.30635	1.90988	0.729141	0.213898	0.161125	0.42341	0.4184	0.162597	-0.140279	-0.221585	-0.0297187	0.0452163	-0.0276602	-0.143758	-0.161352	-0.0519991	0.0747561
-9.84599	1.54333	0.665611	0.292068	0.260273	0.292318	0.356562	0.212453	0.00202262	-0.0276873	-0.00958382	0.0873782	0.0726084	-0.00865719	-0.107446	-0.100185	-0.00760635
-10.4103	1.05562	0.661333	0.457055	0.462429	0.341307	0.307993	0.219902	0.222723	0.225572	0.178297	0.171044	0.102924	0.103296	0.106438	0.0831654	0.13559
-10.4376	1.08102	0.675778	0.465752	0.41091	0.320931	0.27305	0.278912	0.247997	0.269104	0.205235	0.21193	0.167462	0.149618	0.127727	0.11504	0.173179
-10.3631	1.10887	0.655404	0.406075	0.329777	0.331526	0.255772	0.301123	0.200316	0.233382	0.192049	0.223746	0.203486	0.175854	0.139049	0.117098	0.118157
-10.3796	1.08465	0.579575	0.373452	0.413415	0.428542	0.282138	0.33257	0.307479	0.327323	0.231781	0.177993	0.167425	0.147193	0.103775	0.0888542	0.0662168
-10.4016	1.11851	0.582822	0.424727	0.492945	0.452664	0.281344	0.244393	0.288449	0.343597	0.278813	0.190243	0.174739	0.155156	0.11189	0.0987125	0.0829178
-10.4386	1.10153	0.624705	0.40611	0.421303	0.386259	0.30595	0.249205	0.252375	0.267604	0.292629	0.179824	0.224399	0.166897	0.144542	0.151673	0.100127
-10.2868	1.16935	0.604139	0.427604	0.358078	0.305872	0.249524	0.239063	0.240664	0.209325	0.183258	0.0861721	0.133754	0.147559	0.113368	0.118009	0.134432
-10.1338	1.2804	0.595753	0.428527	0.328833	0.294492	0.255183	0.236802	0.231154	0.200934	0.193457	0.171002	0.14951	0.183067	0.138517	0.139794	0.158148
-10.3093	1.20177	0.694164	0.526971	0.447752	0.412977	0.35656	0.293169	0.262842	0.202312	0.185145	0.231897	0.195193	0.216102	0.148701	0.116904	0.152448
-10.0861	1.2386	0.598118	0.489271	0.348461	0.314647	0.322721	0.296095	0.26162	0.252711	0.192288	0.198855	0.180012	0.20289	0.161462	0.138471	0.16309
-10.2037	1.37821	0.734633	0.450673	0.260814	0.271778	0.23128	0.24441	0.239663	0.220619	0.159995	0.133587	0.20723	0.230952	0.195347	0.123482	0.164565
-9.60135	2.29625	1.03084	0.34501	0.161159	0.193579	0.201846	0.203821	0.13943	0.121536	0.15042	0.0629348	0.0789626	0.181104	0.0856986	-0.0032744	0.0370605
-9.16519	2.62687	1.0405	0.235559	0.0395265	0.156304	0.233101	0.15991	0.0561565	0.056236	0.0961696	0.103592	0.0195439	0.0866597	0.0284061	0.00808128	0.0388644
-9.20008	2.57893	1.04285	0.185757	0.00295608	0.138387	0.20817	0.108063	0.043112	0.0398478	0.0365726	0.0866563	0.00115153	0.0542104	0.0157296	-0.0607199	0.0265676
-9.64548	2.17967	1.06948	0.302375	0.137077	0.152115	0.213221	0.172012	0.100529	0.117144	0.0926915	0.0831214	0.0762314	0.12976	0.0718722	-0.0539191	0.0582736
-10.3581	1.15565	0.645914	0.367038	0.398996	0.334082	0.251996	0.214758	0.280082	0.306042	0.198346	0.11963	0.190592	0.245895	0.186496	0.0987947	0.118371
-10.1792	1.22423	0.60044	0.354791	0.327733	0.302054	0.218685	0.213303	0.208339	0.231558	0.161133	0.154017	0.187158	0.212897	0.193189	0.140628	0.121451
-10.052	1.26167	0.53239	0.35471	0.307851	0.260485	0.21886	0.258964	0.181015	0.214016	0.164508	0.184254	0.178997	0.186991	0.184615	0.148918	0.130238
-10.1157	1.2167	0.526709	0.375301	0.389665	0.312958	0.251002	0.272411	0.193239	0.237003	0.175946	0.178517	0.133579	0.169312	0.170571	0.169188	0.193154
-10.082	1.26723	0.542912	0.382115	0.36352	0.28908	0.226368	0.270987	0.215983	0.247984	0.174278	0.186506	0.184133	0.225487	0.193439	0.15167	0.148171
-10.0147	1.26172	0.517134	0.394888	0.365265	0.332267	0.228758	0.207969	0.188865	0.217553	0.183093	0.202086	0.166156	0.214214	0.162934	0.158402	0.138666
-10.0448	1.26862	0.589076	0.401563	0.359705	0.330768	0.235464	0.226988	0.243905	0.251364	0.171623	0.192057	0.157947	0.214936	0.150039	0.156672	0.146908
-10.0576	1.26747	0.593855	0.4233	0.406937	0.370831	0.233106	0.258778	0.263684	0.231898	0.239646	0.214346	0.150021	0.188443	0.167387	0.192384	0.117641
-9.99571	1.25333	0.506471	0.360867	0.393196	0.326868	0.228771	0.261686	0.274259	0.258572	0.206145	0.216939	0.173232	0.166817	0.174296	0.18713	0.106248
-10.1297	1.20751	0.558538	0.404398	0.418884	0.326241	0.23248	0.227286	0.228061	0.236931	0.175706	0.224679	0.194096	0.161645	0.170514	0.19	0.125945
-10.3238	1.10849	0.607747	0.467918	0.45506	0.360001	0.279581	0.243029	0.303555	0.316465	0.16795	0.231902	0.202652	0.173929	0.13349	0.149716	0.125217
-10.129	1.21339	0.565654	0.405208	0.369869	0.312805	0.260287	0.212734	0.232969	0.272013	0.150453	0.213584	0.198773	0.183921	0.164278	0.217792	0.142167
-10.1563	1.23782	0.554959	0.406298	0.409657	0.418029	0.266901	0.206932	0.247409	0.271936	0.214967	0.232636	0.179264	0.185006	0.158774	0.179273	0.14082
-10.4591	1.00712	0.492937	0.359596	0.454479	0.526226	0.364627	0.283203	0.289256	0.315525	0.285478	0.256162	0.189583	0.215501	0.137022	0.171356	0.229134
-10.1474	1.19608	0.550257	0.406765	0.312985	0.346935	0.288294	0.236324	0.197172	0.218987	0.199157	0.198679	0.146538	0.170803	0.116926	0.167853	0.194825
-10.0687	1.22657	0.536092	0.408712	0.331079	0.319917	0.250995	0.22209	0.219139	0.226846	0.201827	0.205072	0.204088	0.204529	0.158162	0.160993	0.1759
-10.3008	1.10123	0.56443	0.489256	0.50023	0.453734	0.299649	0.162637	0.233795	0.28779	0.234743	0.163348	0.179643	0.221883	0.189285	0.187158	0.161839
-10.0259	1.27288	0.621361	0.437226	0.406586	0.356724	0.262969	0.209977	0.234061	0.27231	0.184736	0.169707	0.209746	0.215993	0.176689	0.188777	0.117647
-9.79878	0.882126	0.55677	0.485201	0.337405	0.540254	0.114014	0.373035	0.191578	0.160543	0.240794	0.222539	0.340891	0.156759	0.242265	0.182086	0.0799652
-8.85065	0.357524	0.12361	0.512263	0.368345	0.61242	0.157355	0.508558	0.00183486	0.169842	0.224352	0.164347	0.298834	0.260171	0.0463374	0.053457	0.00995064
-7.29584	0.764433	-0.0636549	0.264344	0.161541	0.213924	-0.137145	0.294044	0.0147449	0.120136	0.0823067	0.0409989	0.147016	0.052264	0.0368301	0.162648	0.193915
-5.88721	0.91194	-0.192996	0.22108	0.1648	0.11596	-0.123431	0.17961	0.0123032	0.0390123	-0.0299143	0.0382453	0.0939213	-0.0545275	-0.0840182	0.100207	0.0835301
-5.34927	0.968337	-0.115266	0.27453	0.254776	0.114518	0.0042699	0.148847	0.07789	0.0157769	-0.073057	0.0563463	0.0875451	-0.106317	-0.164695	0.0540986	0.0280872
-5.12117	1.35305	0.244657	0.455852	0.298566	0.0429094	-0.0274465	0.0289698	-0.0270192	-0.0430052	-0.135674	0.125698	0.239574	-0.194155	-0.234433	-0.00301803	0.0646533
-6.51177	1.81829	1.05591	1.15673	0.652833	-0.117755	-0.107316	-0.116317	0.226151	-0.158643	-0.226463	-0.0547895	0.42962	-0.111527	-0.297774	-0.109106	0.032663
-3.97699	2.41031	-0.0460771	0.881602	-0.0881518	-0.0295064	-0.20461	-0.294015	0.303592	-0.129942	0.205715	-0.312012	0.385333	-0.243279	-0.0207871	-0.0299593	-0.0931501
-3.64159	2.29708	-0.13101	0.920605	-0.340467	-0.0574917	-0.174773	-0.367093	0.175984	-0.166138	0.241527	-0.272088	0.36354	-0.197067	0.0498996	0.037762	-0.0685006
-3.26921	2.23178	-0.349731	0.86298	-0.285775	-0.0210963	-0.248301	-0.564035	0.308094	-0.218642	0.0638495	-0.265155	0.362179	-0.0418359	-0.0178096	0.0443601	-0.0975088
-3.23454	2.30236	-0.446529	0.913028	-0.252856	0.0267942	-0.211058	-0.483795	0.286945	-0.181414	0.022871	-0.287551	0.377604	-0.0913868	0.0189285	0.000842664	-0.0176835
-3.19649	2.48495	-0.533198	0.911942	-0.248136	0.0638542	-0.358695	-0.318007	0.209632	-0.141221	0.00457131	-0.2078	0.353238	-0.11142	0.071715	-0.0643024	0.0768732
-2.98636	2.38426	-0.569665	0.834442	-0.180369	-0.027885	-0.36441	-0.271609	0.152416	-0.192428	0.136127	-0.209988	0.385366	-0.0780026	0.0589089	-0.171516	-0.0627458
-2.91492	2.38896	-0.645739	0.771748	-0.197058	-0.0706539	-0.437929	-0.263858	0.132517	-0.187042	0.194087	-0.124632	0.357691	-0.0177265	0.00452347	-0.313035	-0.242537
-3.01059	2.67145	-0.832582	0.814776	-0.212972	-0.0586556	-0.465191	-0.230116	0.189021	-0.242637	0.296993	-0.179026	0.409613	-0.0926069	0.0665398	-0.452065	-0.19432
-3.06	2.74144	-0.809226	0.602512	-0.135806	-0.0626457	-0.539616	-0.226004	0.157155	-0.129217	0.228861	0.021981	0.325612	-0.0816739	-0.0379609	-0.558425	-0.334903
-3.11605	2.92212	-0.949839	0.581923	-0.174225	0.0383041	-0.65231	-0.235272	0.194787	-0.0985314	0.304129	0.0589854	0.330375	-0.203683	-0.0785556	-0.577044	-0.425659
-3.09691	2.95661	-0.863484	0.459165	-0.0625982	0.061069	-0.637222	-0.227231	0.230036	-0.162382	0.375363	0.0292787	0.306391	-0.349202	0.0680328	-0.55657	-0.312513
-3.17813	3.13103	-0.909199	0.372973	-0.0727824	0.0923996	-0.578049	-0.275461	0.237584	-0.174321	0.429932	0.0772676	0.207447	-0.392498	0.0969859	-0.504901	-0.360455
-3.24526	3.38499	-0.876767	0.36866	0.000947913	0.209093	-0.527704	-0.247896	0.120731	-0.114332	0.32471	0.036171	0.105472	-0.338648	0.272696	-0.313344	-0.0852803
-3.35553	3.49982	-0.822315	0.211058	-0.0225493	0.284906	-0.524394	-0.262235	0.0792698	-0.123561	0.354349	0.132683	0.0747851	-0.372325	0.20018	-0.320499	-0.148103
-3.58591	3.75146	-0.726966	0.117062	-0.0757036	0.216925	-0.445088	-0.0724904	-0.0994078	-0.133308	0.217539	0.257055	0.241662	-0.441258	0.0218438	-0.235636	-0.10978
-3.63559	3.79124	-0.644677	0.0205313	-0.0889469	0.225394	-0.376985	-0.0650402	-0.0572767	-0.360029	0.304449	0.370663	0.205226	-0.484393	0.0574639	-0.325018	-0.0185461
-3.87891	4.07345	-0.49513	-0.0399597	-0.119326	0.327635	-0.343709	0.0645581	-0.123145	-0.420989	0.125537	0.385079	0.283712	-0.480191	0.151158	-0.200007	0.0789081
-4.17264	4.03071	-0.214731	0.214935	-0.269786	0.14309	-0.436824	0.34184	-0.0560446	-0.372171	-0.135392	0.29089	0.376309	-0.327268	0.137937	-0.235502	0.0600195
-4.52375	4.10188	0.073632	0.110155	-0.194093	-0.0910761	-0.37082	0.495056	0.0605841	-0.522168	-0.135572	0.300037	0.319343	-0.298659	0.206886	-0.362178	0.0517677
-4.94836	4.25714	0.184228	0.324719	-0.124093	-0.125377	-0.389334	0.602016	0.14418	-0.391773	-0.155082	-0.151334	0.0989671	0.0587503	0.367912	-0.0121721	0.0329905
-5.24578	4.08061	0.0999429	-0.0345596	0.120565	-0.0880204	-0.448765	0.539575	0.0740303	-0.210644	-0.0132254	-0.0123393	0.078823	-0.158426	0.22165	-0.362913	-0.109526
-5.7031	4.12716	0.318169	-0.0318625	0.352214	0.00981863	-0.452334	0.457105	0.160841	-0.0498014	-0.150087	-0.0960622	-0.119058	-0.13975	0.390687	-0.125073	0.0479542
-6.07776	3.88471	0.473504	0.436412	-0.0827853	-0.0650498	0.0988847	0.447481	-0.409112	0.0964916	0.329943	-0.0802998	-0.204813	-0.0721933	0.332034	-0.300611	-0.434877
-6.35796	4.00518	0.455119	0.243332	0.580659	-0.0104907	-0.281703	0.228096	0.194427	0.0430959	0.0118904	-0.102414	-0.182315	-0.176029	0.279147	-0.361547	-0.0125035
-6.39953	4.16076	0.155236	0.506015	0.433038	0.0561154	0.0123174	0.215917	0.0993268	-0.0141083	0.111697	-0.184665	0.150758	-0.253463	0.0275814	-0.250488	0.0557927
-6.32713	3.87516	0.0759612	0.649608	0.402015	0.0597536	0.188915	0.12887	0.131887	0.0276705	0.0483143	0.0249544	0.0532388	-0.32216	0.00193302	-0.249738	0.0557423
-6.41894	3.97039	0.0678516	0.694554	0.422904	0.0668182	0.115519	0.204214	0.13278	-0.0371599	0.164187	0.0865247	0.0517971	-0.345847	0.0533693	-0.227052	0.0769458
-6.6707	3.9157	0.253051	0.448827	0.563549	-0.0917151	0.0243744	0.330455	-0.133883	0.0614545	0.148717	0.06492	0.0657161	-0.454125	0.156546	-0.303434	-0.0683637
-6.52187	3.76222	0.567205	0.550918	0.456668	0.0453171	0.173852	0.249248	0.0629351	0.0800489	0.198567	0.175653	-0.043338	-0.264834	0.117261	-0.293681	0.165918
-6.36843	3.30925	1.06934	0.179127	0.344123	0.112888	-0.0628044	0.26306	0.0903072	0.083037	0.0451462	0.0594724	-0.0119007	-0.192167	-0.109939	-0.0297074	-0.0273878
-6.01706	2.88374	1.02859	0.486887	0.0732325	0.0217131	-0.0702776	-0.0379358	0.188491	0.277761	0.0923432	-0.24542	-0.148502	-0.0788146	-0.0537358	0.00949558	-0.110993
-5.52715	3.69646	0.656866	-0.0119563	-0.0892332	0.144388	-0.241729	0.310213	0.169649	-0.333587	0.095222	0.223237	-0.200169	-0.402973	0.389677	-0.0875585	0.0662319
-5.17832	3.92085	0.486928	-0.292014	0.106793	-0.133581	-0.250133	0.502366	-0.129545	-0.189971	0.0926035	0.0383857	0.0392642	-0.275397	0.202046	-0.0796551	0.0598098
-5.05714	4.19373	0.535251	-0.00662993	-0.0481503	-0.139159	-0.173734	0.429057	-0.000594911	-0.293207	0.13047	-0.217246	0.182674	-0.324746	0.446469	-0.142622	0.461172
-5.03884	3.96293	0.693479	0.266714	-0.0475179	-0.423435	-0.392002	0.28876	0.0683909	-0.288578	0.371737	-0.0965622	0.192799	-0.499342	0.503433	-0.410752	0.255594
-4.80968	3.86629	0.715568	0.0922821	-0.0191144	-0.393783	-0.36638	0.331641	0.109253	-0.37742	0.169102	-0.0283561	0.294229	-0.394056	0.418881	-0.398501	0.227298
-4.81717	3.7633	0.664247	0.240766	-0.132656	-0.43684	-0.5069	0.337655	0.101549	-0.303411	0.137545	0.154788	0.358845	-0.531832	0.266546	-0.511235	0.0558307
-4.48219	3.91495	0.473922	0.00357475	-0.0105097	-0.279222	-0.224046	0.277917	0.00967928	-0.393458	-0.0157176	0.104283	0.308431	-0.334527	0.473034	-0.361235	0.306234
-4.40261	4.00515	0.208906	-0.122236	-0.0849158	-0.206156	-0.193898	0.214033	0.137625	-0.53299	0.0950316	0.103825	0.422782	-0.457731	0.409994	-0.480613	0.10689
-4.21329	3.99518	0.168576	-0.245836	0.0064011	-0.0993355	-0.222515	0.334051	-0.00251654	-0.447614	-0.103212	0.147113	0.346622	-0.295643	0.46716	-0.359734	0.18872
-4.14707	4.06109	-0.14443	-0.187027	-0.00720144	-0.0860243	-0.175394	0.264506	0.0128508	-0.432971	-0.12796	0.327879	0.198317	-0.20618	0.258972	-0.282637	0.0553531
-4.02115	3.93684	-0.140794	-0.20677	0.0220803	0.0987412	-0.40875	0.335728	-0.141765	-0.231792	-0.171409	0.337968	0.261935	-0.377901	0.310468	-0.251243	0.0999809
-4.00408	3.97326	-0.1687	-0.195455	0.186913	0.0672944	-0.393442	0.209402	-0.179144	-0.227439	-0.041819	0.317315	0.189885	-0.407864	0.403545	-0.202318	0.212893
-3.86494	3.853	-0.169863	-0.191354	0.173596	0.124459	-0.36886	0.124281	-0.152099	-0.259303	0.0183981	0.214785	0.328375	-0.499592	0.450736	-0.21589	0.28722
-3.79584	3.87912	-0.263136	-0.129705	0.213203	0.170952	-0.329413	0.00224745	-0.183041	-0.258655	0.059007	0.237067	0.258046	-0.44833	0.509989	-0.223553	0.439921
-3.72638	3.78638	-0.263874	-0.229664	0.278072	0.181087	-0.314607	-0.0544199	-0.240668	-0.152666	0.0172715	0.334485	0.171689	-0.428979	0.458231	-0.229507	0.452701
-3.68859	3.79745	-0.394441	-0.20354	0.261447	0.172782	-0.252781	-0.101729	-0.271093	-0.133699	0.0270493	0.419394	0.119854	-0.431451	0.390859	-0.257375	0.48004
-3.60993	3.70418	-0.424164	-0.180024	0.193022	0.315823	-0.35424	-0.104818	-0.244721	-0.178419	0.15388	0.314709	0.159812	-0.457222	0.365557	-0.212263	0.462883
-3.4901	3.51866	-0.389258	-0.272185	0.316084	0.266249	-0.361883	-0.142977	-0.242598	-0.0809306	0.150234	0.300272	0.12552	-0.447381	0.319102	-0.226842	0.403957
-3.49513	3.5648	-0.438848	-0.25955	0.311828	0.286656	-0.35756	-0.183212	-0.198558	-0.127475	0.177438	0.236785	0.145607	-0.380198	0.336694	-0.270819	0.473827
-3.49724	3.52847	-0.419485	-0.179964	0.363881	0.257182	-0.380262	-0.198748	-0.129618	-0.135512	0.106563	0.178684	0.181728	-0.361668	0.43599	-0.231788	0.533425
-3.51909	3.50152	-0.421158	-0.143712	0.351078	0.21736	-0.349322	-0.205225	-0.0846255	-0.114102	0.0588483	0.142655	0.194474	-0.327606	0.443161	-0.303164	0.544662
-3.53318	3.41988	-0.361662	-0.190277	0.370539	0.230567	-0.409147	-0.156928	-0.0564091	-0.0705428	0.0156456	0.124161	0.202874	-0.360792	0.429602	-0.257562	0.451957
-3.63143	3.53773	-0.41437	-0.145577	0.355009	0.200907	-0.314728	-0.24457	0.045016	-0.120979	0.0396341	0.0574012	0.204225	-0.339008	0.462254	-0.285364	0.463134
-3.67561	3.5349	-0.429965	-0.172291	0.37723	0.211823	-0.431791	-0.198382	0.0643914	-0.0541209	0.00364462	0.0976578	0.185269	-0.367509	0.400977	-0.288	0.384378
-3.7176	3.49048	-0.361369	-0.165743	0.334985	0.23406	-0.459915	-0.168769	0.0686649	-0.0160865	-0.0332268	0.128447	0.0913872	-0.289692	0.336948	-0.206584	0.314055
-3.72178	3.4524	-0.368971	-0.219001	0.34322	0.19084	-0.40403	-0.223561	0.093324	-0.00926294	0.00935439	0.093126	0.183237	-0.374182	0.30884	-0.292802	0.266448
-3.73651	3.50257	-0.373855	-0.162455	0.411426	0.206373	-0.430838	-0.166771	0.0446639	0.0684557	-0.119187	0.105612	0.102398	-0.312158	0.371365	-0.182089	0.385812
-3.81434	3.55354	-0.391742	-0.191217	0.402166	0.253666	-0.500231	-0.126564	0.0330482	0.0714615	-0.095354	0.07893	0.162568	-0.354928	0.329536	-0.195573	0.335973
-3.84176	3.62179	-0.491243	-0.0317132	0.299994	0.34504	-0.524848	-0.10955	0.0231838	0.0538031	-0.0584876	-0.00503651	0.22016	-0.42225	0.390911	-0.184544	0.416556
-3.90345	3.60295	-0.354386	-0.111518	0.384992	0.271065	-0.473776	-0.111906	0.0217093	0.115539	-0.119632	-0.00286985	0.150886	-0.394624	0.400514	-0.145166	0.470506
-3.92089	3.63631	-0.430142	-0.178506	0.446123	0.255465	-0.389295	-0.211178	0.0792535	0.0783807	-0.0646687	-0.0590633	0.227914	-0.466329	0.38701	-0.178201	0.479534
-3.99886	3.73344	-0.620542	-0.124889	0.358667	0.336666	-0.510978	-0.183077	0.0359566	0.101907	-0.100588	0.105943	0.106012	-0.35044	0.232618	-0.164182	0.304764
-4.03156	3.78759	-0.521157	-0.188908	0.474281	0.324477	-0.403557	-0.22126	0.106797	0.0938601	-0.0856249	0.0484157	0.0658721	-0.448204	0.384942	-0.203544	0.560891
-3.98388	3.64063	-0.482364	-0.250684	0.389295	0.376795	-0.444599	-0.225457	0.00891616	0.115561	0.00642469	0.0188231	0.146902	-0.489444	0.347469	-0.25454	0.367099
-3.99512	3.58495	-0.574821	-0.239982	0.258212	0.380001	-0.494118	-0.236559	-0.0166292	0.046429	0.0795389	0.0707446	0.148734	-0.466859	0.265907	-0.243947	0.0850849
-3.98183	3.59772	-0.517442	-0.297614	0.260016	0.368065	-0.449532	-0.215863	-0.0745951	0.119506	0.0320569	0.105539	0.0940378	-0.446668	0.267673	-0.223054	0.126561
-3.98126	3.56384	-0.480489	-0.355301	0.300141	0.290366	-0.449766	-0.129281	-0.176431	0.136615	0.119248	0.0742699	0.120933	-0.483995	0.232716	-0.168382	0.0359577
-3.93521	3.56435	-0.568858	-0.230997	0.209427	0.378652	-0.51265	-0.0623088	-0.0919193	0.0154538	0.181459	0.109356	0.11421	-0.527972	0.206452	-0.132539	0.114977
-3.91755	3.53572	-0.490502	-0.283539	0.291779	0.247898	-0.356305	-0.112165	-0.00347051	6.25106e-05	0.19147	0.104027	0.174845	-0.636668	0.265519	-0.179912	0.228643
-3.86649	3.40888	-0.569742	-0.183409	0.120411	0.218413	-0.467677	-0.0871755	0.00353263	-0.123657	0.25476	0.0442714	0.242599	-0.593018	0.205166	-0.129482	-0.0547735
-3.78772	3.33748	-0.655179	-0.118945	0.0956807	0.152445	-0.44785	-0.0811942	0.0828959	-0.242904	0.336661	0.0364101	0.249201	-0.561319	0.197745	-0.181796	-0.091831
-3.85524	3.43774	-0.696909	-0.149708	0.0698956	0.0731201	-0.375832	-0.0274029	-0.10278	0.0297053	0.12844	0.125919	0.208187	-0.568087	0.310564	-0.37547	-0.0295855
-3.65938	3.16021	-0.60035	-0.0586932	-0.181206	0.165075	-0.401655	-0.043117	0.019274	-0.176575	0.310044	0.00653566	0.253262	-0.492964	0.229894	-0.285706	-0.178252
-3.58115	3.1787	-0.828173	0.040203	-0.278968	0.0707899	-0.328193	-0.0228657	0.00810205	-0.211923	0.349695	-0.0681842	0.222028	-0.495399	0.291356	-0.363019	-0.187985
-3.48033	3.02736	-0.84776	-0.0160381	-0.349475	-0.0353252	-0.252781	-0.0344992	-0.150943	-0.0476405	0.218368	-0.0778978	0.125126	-0.401909	0.239582	-0.341862	-0.300702
-3.42632	2.92783	-0.884154	0.0292176	-0.472823	-0.0471532	-0.197825	-0.0979145	-0.127325	-0.0977802	0.314363	-0.249621	0.145096	-0.393094	0.223152	-0.359542	-0.31985
-3.40017	2.93706	-1.00886	0.138034	-0.563413	-0.111337	-0.0837793	-0.180137	-0.0575633	-0.156472	0.375044	-0.320602	0.0800166	-0.301319	0.147941	-0.330505	-0.330413
-3.30256	2.80067	-0.84832	0.0590698	-0.523003	-0.125038	-0.0432928	-0.138675	-0.150064	-0.0123548	0.248402	-0.204141	0.00877691	-0.251757	0.0950959	-0.258786	-0.325621
-3.18139	2.75533	-0.815614	0.0739327	-0.506531	-0.0586692	0.0240805	-0.133432	-0.0881255	0.0802282	0.267241	-0.289758	0.126475	-0.362999	0.208765	-0.397399	-0.0826794
-3.06475	2.63705	-0.809736	0.140627	-0.537365	-0.0279258	0.0642742	-0.173947	-0.013087	-0.0120919	0.420116	-0.411482	0.223131	-0.378438	0.171378	-0.330442	-0.105905
-3.02177	2.6103	-0.709308	0.0967737	-0.488701	0.0193562	0.0394891	-0.0994609	-0.0230266	0.0928078	0.369667	-0.36876	0.168683	-0.304491	0.141603	-0.298359	-0.0418118
-2.99906	2.59761	-0.763106	0.0676368	-0.509241	-0.00619788	0.0738055	-0.196026	0.0497784	-0.0208613	0.443304	-0.464665	0.252955	-0.389489	0.16165	-0.281941	-0.102501
-2.98088	2.60885	-0.677784	0.105177	-0.471909	0.0507295	0.111652	-0.181633	0.0826117	0.103404	0.399917	-0.405682	0.248794	-0.3776	0.212135	-0.29081	-0.0136114
-2.86128	2.43546	-0.636646	0.0390837	-0.445417	0.0162206	0.109889	-0.218582	0.0857417	0.0759044	0.412959	-0.439706	0.249842	-0.36931	0.188573	-0.270581	-0.0673712
-2.86008	2.50312	-0.590124	0.0342069	-0.374344	0.0869231	0.101221	-0.116904	0.0637136	0.228802	0.337375	-0.339485	0.237262	-0.357214	0.222082	-0.314702	0.0720121
-2.87748	2.44212	-0.57089	-0.0221027	-0.412258	0.0586902	0.0611199	-0.17546	0.036138	0.130984	0.373687	-0.378429	0.230264	-0.340854	0.164111	-0.232694	-0.0940232
-2.86152	2.45476	-0.548338	0.0560771	-0.441047	0.161662	0.0229573	-0.139131	0.0882565	0.18567	0.387139	-0.374697	0.264234	-0.310357	0.147275	-0.222443	-0.0297323
-2.8869	2.5082	-0.507196	0.0859104	-0.399018	0.218761	-0.000535599	-0.0781747	0.0587378	0.261839	0.370746	-0.297764	0.262679	-0.297014	0.16817	-0.256582	0.0526152
-2.90611	2.49302	-0.378092	0.0216518	-0.327464	0.205111	0.0546523	-0.157978	0.155923	0.224658	0.396213	-0.276616	0.269693	-0.259341	0.15946	-0.266175	0.0925608
-2.90798	2.49261	-0.41341	0.0956499	-0.364705	0.243675	-0.0193136	-0.170345	0.12042	0.218339	0.412433	-0.225999	0.251601	-0.242659	0.136972	-0.274584	0.0639958
-3.0865	2.62478	-0.365248	0.0994016	-0.378423	0.302864	-0.127493	-0.157864	0.0628727	0.216303	0.412385	-0.179479	0.270129	-0.2548	0.175169	-0.349728	0.0562237
-3.2741	2.84191	-0.238944	0.241878	-0.266587	0.29132	-0.0234836	-0.12128	-0.0384666	0.398513	0.388972	0.028903	0.236452	-0.14337	0.0897212	-0.279785	0.166424
-3.52663	2.80905	-0.0146679	0.286002	-0.187547	0.283115	-0.00304977	-0.279704	-0.0227343	0.214014	0.576656	-0.0185658	0.36513	-0.161934	0.00918224	-0.210651	0.0954653
-3.89075	2.79989	0.108678	0.234456	-0.164329	0.256601	0.0833901	-0.348371	0.0269939	0.0777379	0.54168	-0.110321	0.362233	-0.248587	0.0316656	-0.157512	0.051624
-4.47457	2.76664	0.260922	0.341038	-0.137471	0.373968	0.182326	-0.175698	-0.196672	0.182965	0.288233	0.0138127	0.216644	-0.128325	-0.0593822	0.0243332	-0.0793689
-5.04829	2.88082	0.702213	0.202915	0.2712	0.431751	0.319973	-0.216496	-0.109181	0.237773	0.248336	-0.0233543	0.267717	-0.155144	0.157464	-0.0949525	0.175284
-5.42598	2.65557	0.832556	0.471178	0.379901	0.753997	0.278499	-0.0651425	-0.184426	0.165195	0.262373	0.0511375	0.241428	-0.0144362	0.0888883	-0.138312	0.238782
-5.87454	2.51465	0.711381	0.425336	0.0731888	0.670875	0.423552	0.00849087	-0.508678	0.0937959	0.0657771	-0.377822	-0.0270387	-0.090186	-0.0198968	-0.144426	0.112053
-5.8144	2.55433	1.10492	0.484878	0.580025	0.829502	0.22463	0.20197	-0.382027	0.331163	0.408779	-0.112997	0.382031	0.178736	0.024021	-0.122348	0.144888
-5.7596	2.50575	0.975353	0.455374	0.343638	0.868129	0.143862	-0.0224518	-0.0213917	0.14277	0.0460487	0.00743687	0.252779	0.0496135	-0.0121947	0.04099	0.00913845
-5.66404	2.34184	0.966666	0.677799	0.602022	0.620255	0.273958	0.0575453	-0.102961	0.255597	0.177398	0.178583	0.255124	0.0127996	-0.0752221	0.0560957	0.0800152
-4.77143	2.02947	0.437134	0.672014	0.235104	0.525795	0.140414	0.380304	0.0891884	0.0421967	0.157981	0.180621	0.208956	-0.199138	0.0444515	-0.0419639	-0.0497682
-4.69449	2.63039	0.236942	0.442301	0.0595702	0.190961	-0.0534597	-0.209232	-0.177687	0.231314	-0.108394	-0.21956	0.258661	-0.13881	-0.0710681	0.0183062	-0.126814
-4.30303	2.88202	0.265987	0.424413	-0.176728	0.170197	-0.147315	-0.25297	-0.0761978	0.137816	0.0855394	-0.180861	0.252854	-0.05009	-0.0560049	0.00123619	-0.04669
-3.84416	2.60283	-0.0402642	0.511363	-0.210982	0.0942159	-0.142609	-0.506314	0.151139	0.0268655	0.0817244	-0.127267	0.271992	-0.0768213	-0.0145429	-0.104284	-0.106995
-3.73638	2.44062	0.0172845	0.454365	-0.112387	0.0443343	-0.149799	-0.577475	0.226907	0.00821897	0.0835586	-0.141296	0.377357	-0.149991	0.0407873	-0.196816	-0.063248
-3.91924	2.57638	-0.0791764	0.543866	-0.20562	0.129455	-0.320611	-0.557558	0.239303	-0.064432	0.0220613	-0.0837334	0.442654	-0.270299	0.0689505	-0.186383	-0.159439
-4.01069	2.72377	-0.193651	0.466908	-0.10589	-0.0252363	-0.346906	-0.542687	0.152574	-0.0710396	-0.00336264	-0.160867	0.441328	-0.347697	0.143086	-0.24175	-0.216
-4.31639	2.77118	0.116669	0.579714	-0.124635	-0.134461	-0.32245	-0.472331	0.202709	-0.0978646	0.0690766	0.0083124	0.356917	-0.405954	0.334384	-0.233947	-0.256204
-4.20374	2.90295	-0.127809	0.572654	-0.0304237	0.0453586	-0.511713	-0.395099	0.224089	-0.25158	0.118366	-0.0054427	0.276992	-0.231773	0.302393	-0.289722	-0.163394
-4.6321	3.26015	-0.191127	0.334954	0.387714	-0.0156373	-0.979017	-0.216021	0.37387	-0.392557	0.203444	-0.045011	0.126291	-0.0756302	0.237272	-0.362723	-0.101358
-4.53187	3.11021	-0.338513	0.576761	0.290227	-0.0274388	-0.852109	-0.254338	0.11394	-0.358316	-0.0405757	0.0513582	0.170657	-0.170823	-0.0372179	-0.0230903	-0.281664
-4.89127	3.21575	-0.394323	0.470342	0.427677	-0.188683	-1.07529	-0.478918	0.261784	-0.390363	-0.0388931	-0.179871	0.159289	-0.287081	0.101439	-0.177838	-0.435843
-4.81797	3.08784	-0.165748	0.725287	0.488678	-0.000660236	-0.943136	-0.333938	0.19581	-0.401404	-0.072919	0.0201027	0.251596	-0.238036	0.0613979	-0.0553789	-0.206033
-4.90085	3.08833	-0.0927961	0.596074	0.324621	-0.0910645	-1.06489	-0.464835	0.422518	-0.392724	-0.209114	-0.107665	0.231444	-0.255299	0.16951	-0.298589	-0.237579
-5.07235	3.46583	0.0051957	0.493004	0.452684	0.451543	-0.772984	-0.384793	0.272607	-0.435828	-0.0497215	-0.0824316	0.348904	-0.00279288	0.270993	-0.0525271	-0.0798859
-4.93057	3.38732	-0.144966	0.335627	0.385829	0.124265	-0.818956	-0.358497	0.140854	-0.372585	-0.19435	0.0235871	0.126404	-0.120711	0.129546	-0.123491	-0.252654
-5.0967	3.48734	-0.110344	0.286525	0.576174	0.12544	-0.74948	-0.421351	0.168768	-0.376106	-0.234786	-0.056779	0.31107	-0.236275	0.194003	-0.0181595	-0.310659
-5.02369	3.45208	-0.109124	0.497846	0.441205	0.176013	-0.614908	-0.454806	0.246851	-0.402469	-0.154423	0.00868958	0.221237	-0.0811573	0.214064	-0.12112	-0.0827276
-5.2068	3.43104	-0.0130045	0.39592	0.48988	0.107793	-0.687534	-0.405145	0.201746	-0.539933	-0.188495	-0.0747766	0.21398	-0.134254	0.154819	-0.0730717	-0.291821
-5.20377	3.50742	-0.34747	0.589568	0.421971	0.299651	-0.736177	-0.552065	0.345305	-0.603655	-0.174382	-0.119762	0.207726	-0.113976	0.0694529	-0.000931494	-0.332594
-5.44971	3.46248	-0.226776	0.826828	0.903034	0.762957	-0.402585	-0.451935	0.417855	-0.441929	-0.484734	0.109137	0.361903	0.081625	0.49127	0.1663	0.145278
-6.02764	3.09776	0.00648171	0.649365	0.629802	-0.012467	-0.63188	-0.540395	0.429514	-0.257168	-0.578606	-0.00876031	0.0797676	-0.0431284	-0.183708	-0.118836	-0.144398
-6.97628	3.39137	0.0372907	0.727127	0.676068	0.24693	-0.392087	-0.430365	0.35972	-0.13854	-0.591271	-0.0640881	0.309717	-0.138502	-0.15061	-0.167355	-0.057522
-8.28423	3.0108	0.91617	1.04584	1.04672	0.534964	-0.656919	-0.356253	0.248601	-0.0319075	-0.473608	-0.069741	0.0942312	-0.303135	-0.0719419	0.0862069	0.0185282
-8.68505	3.41846	0.972678	0.889247	0.959962	0.125075	-0.438079	-0.433886	0.189607	-0.0433454	-0.596049	-0.246287	0.248784	-0.159505	-0.0235485	-0.0590741	-0.111617
-8.56801	2.66567	1.01966	0.892868	0.820737	0.235005	-0.353217	-0.221592	0.0743	-0.114835	-0.419893	-0.162922	0.135074	-0.0118717	-0.117981	0.0238783	0.167791
-9.21843	2.4032	1.08201	0.980143	0.891461	0.287237	-0.343687	-0.255472	0.0875501	-0.155691	-0.440435	-0.174396	0.0789446	0.0639568	-0.117721	0.0392522	0.228616
-9.17694	2.16331	0.953516	0.770575	0.58235	0.196641	-0.108381	-0.118551	-0.0546417	-0.136419	-0.23409	-0.0870104	0.0710177	0.058365	-0.00138485	0.109818	0.213203
-9.50521	2.05219	1.04218	0.76656	0.500046	0.196089	0.0473739	-0.0824796	-0.128644	-0.0813181	-0.0581325	-0.00843038	0.035352	0.0468396	0.134359	0.180638	0.115019
-9.26351	1.84408	0.80125	0.608104	0.395981	0.188322	0.0496816	-0.0210508	-0.0464859	-0.0768532	-0.0810287	0.00420711	0.0737259	0.094685	0.148251	0.191325	0.178425
-9.54161	1.71966	0.838998	0.638596	0.513745	0.242837	0.0281667	-0.00445841	-0.0177383	-0.0729274	-0.168674	-0.0295429	0.0714164	0.0571391	0.0886742	0.189541	0.185618
-9.94961	1.5673	0.988611	0.790333	0.639391	0.340761	0.0447174	-0.0310472	0.0203925	0.013254	-0.212738	-0.0379597	0.114931	0.0948653	0.0998443	0.12935	0.186888
-10.0463	1.51799	0.906871	0.770954	0.607371	0.384495	0.228838	-0.00322278	0.0311573	0.0901115	-0.0808198	0.0879601	0.200919	0.117781	0.116718	0.027615	0.00720878
-9.99309	1.47052	0.716779	0.598729	0.46762	0.363273	0.286294	0.0394809	0.0300556	0.0726866	-0.00244181	0.165931	0.15214	0.0744167	0.167434	0.0263316	-0.0127815
-7.09523	1.09923	-0.108498	0.637701	0.0208355	0.418352	0.114793	-0.174458	0.148661	-0.145321	-0.103461	0.311843	0.0854756	-0.0975601	0.257846	-0.0231053	-0.00744217
-5.60097	1.33999	-0.340716	0.801748	-0.27966	0.452359	0.205757	-0.0928682	0.189482	-0.173392	0.141991	0.271109	0.138867	-0.0966334	0.266969	-0.0601634	-0.0659054
-4.6567	1.40901	-0.0840844	0.781702	-0.156537	0.423108	0.0925193	-0.209509	0.0913529	-0.24315	-0.00486902	0.211751	0.0206854	-0.109825	0.189902	-0.0128674	-0.0175491
-4.69172	1.3579	0.381724	0.82108	-0.251303	0.217576	-0.195408	-0.208993	0.266052	-0.155101	0.105753	0.104203	0.110876	-0.00144968	0.0977155	-0.0210648	-0.00547562
-4.3909	1.95203	-0.163943	0.570433	-0.0530024	0.256175	-0.0400719	-0.395061	-0.269415	0.0201416	-0.362796	-0.315146	-0.209931	-0.288225	-0.105434	-0.1354	-0.196354
-3.83491	2.70197	-0.430259	0.675465	-0.240839	0.110154	-0.184068	-0.57679	0.0255443	0.12513	-0.0583367	-0.174027	0.293013	0.0735351	-0.11028	-0.0414362	-0.224972
-3.78296	2.97893	-0.579375	0.715168	-0.257655	0.144954	-0.290247	-0.669214	0.273291	-0.0868961	0.0736046	-0.190123	0.551845	-0.0143345	-0.0195261	0.0443683	-0.258411
-3.62741	3.11105	-0.783962	0.586125	-0.467508	0.113206	-0.392431	-0.584005	0.216548	0.0292623	0.0567403	-0.207061	0.448979	-0.0958334	-0.0449525	-0.0179102	-0.280424
-3.33077	2.77829	-0.802716	0.289645	-0.493522	0.0157618	-0.402091	-0.608833	0.153955	-0.0182259	0.104629	-0.412634	0.409231	-0.202472	-0.130859	-0.0826511	-0.34599
-3.4816	3.11192	-1.03764	0.242467	-0.314064	-0.189618	-0.0828431	-0.701892	0.232363	-0.0302641	0.130557	-0.399155	0.305373	-0.226729	-0.102359	-0.0907946	-0.232405
-3.34807	2.76833	-0.903774	-0.0430933	-0.337543	-0.268075	-0.0859425	-0.778347	0.231508	-0.16486	0.2213	-0.57241	0.254882	-0.329991	-0.25013	-0.0640137	-0.369844
-3.29891	2.76769	-0.959808	0.0251561	-0.522806	-0.0983463	-0.125371	-0.571227	0.00368675	-0.0693757	0.279069	-0.642121	0.279631	-0.433732	-0.166813	-0.203621	-0.273394
-3.22412	2.64636	-0.745069	-0.12803	-0.450657	-0.0944469	-0.0824602	-0.472212	0.0411686	-0.0773809	0.25553	-0.508433	0.183471	-0.346025	-0.202083	-0.0497709	-0.273611
-3.2807	2.80162	-0.854213	-0.197022	-0.395898	-0.167898	0.0186782	-0.430541	0.0338618	-0.182029	0.286234	-0.484555	0.148767	-0.362318	-0.259045	0.0186159	-0.297601
-3.3231	2.79537	-0.851202	-0.340505	-0.320261	-0.297466	0.158321	-0.489464	-0.0294546	-0.209304	0.177968	-0.342363	-0.0765266	-0.288458	-0.337748	0.0552544	-0.405725
-3.36044	2.79047	-0.843031	-0.298217	-0.486562	-0.0836582	-0.0423931	-0.258322	-0.193297	-0.204166	0.16342	-0.322714	-0.121991	-0.277123	-0.339067	0.0568995	-0.435045
-3.42196	2.88028	-0.812577	-0.370721	-0.327662	-0.24177	0.128128	-0.251906	-0.137901	-0.309154	0.255478	-0.297178	-0.205641	-0.109749	-0.38688	0.0409502	-0.368773
-3.44264	2.83142	-0.707614	-0.465127	-0.250811	-0.302809	0.161113	-0.195379	-0.144072	-0.339479	0.238976	-0.301312	-0.183818	-0.105236	-0.394687	0.0322077	-0.356059
-3.54302	2.86275	-0.766249	-0.558367	-0.242081	-0.444193	0.206936	-0.287318	-0.123375	-0.471114	0.165453	-0.262192	-0.288987	-0.0683034	-0.488062	-0.0153153	-0.448613
-3.59276	2.96532	-0.854139	-0.45609	-0.303352	-0.443558	0.281648	-0.271585	-0.162785	-0.364519	-0.0162132	-0.0495921	-0.371736	-0.0550313	-0.4348	-0.0629338	-0.392858
-3.66154	3.04925	-0.813239	-0.568482	-0.156428	-0.555257	0.331932	-0.213568	-0.16143	-0.417299	0.0380359	-0.067789	-0.309287	-0.0659339	-0.419795	-0.087658	-0.357784
-3.71868	3.03664	-0.719394	-0.612385	-0.169519	-0.593277	0.362144	-0.211855	-0.105879	-0.48214	-0.00716666	0.0189237	-0.34413	-0.0327599	-0.45373	-0.106269	-0.336353
-3.70049	2.95974	-0.698051	-0.571108	-0.283099	-0.504425	0.301681	-0.16141	-0.162749	-0.447476	-0.038608	0.0249211	-0.327093	-0.11222	-0.387881	-0.141857	-0.341425
-3.77777	3.01899	-0.715325	-0.630418	-0.308941	-0.446397	0.216303	-0.118774	-0.167348	-0.505239	-0.0276285	0.0289066	-0.389996	-0.0706051	-0.433845	-0.117992	-0.394216
-3.85357	3.11683	-0.708165	-0.573324	-0.373957	-0.388608	0.151794	-0.0356211	-0.138815	-0.541054	-0.0218911	0.0329145	-0.311816	-0.0844142	-0.395679	-0.163441	-0.352056
-3.75554	2.93405	-0.622937	-0.626356	-0.330816	-0.440831	0.214147	-0.0323937	-0.177546	-0.499065	-0.0393393	0.0678245	-0.389616	-0.0660749	-0.380999	-0.166567	-0.338893
-3.81468	3.04285	-0.622053	-0.601768	-0.312842	-0.377215	0.161253	0.117949	-0.236435	-0.384695	-0.111431	0.149251	-0.389601	0.000846874	-0.34685	-0.197598	-0.239334
-3.84045	3.11177	-0.623001	-0.603474	-0.231967	-0.424379	0.304601	0.0448687	-0.16252	-0.317824	-0.138732	0.242118	-0.444321	0.0640611	-0.32162	-0.180272	-0.164971
-3.87359	3.22258	-0.617052	-0.559639	-0.142497	-0.449699	0.489043	-0.010746	-0.00432176	-0.331833	-0.0386708	0.297401	-0.42773	0.0819237	-0.226658	-0.186307	0.0216764
-3.93733	3.22058	-0.701679	-0.556978	-0.198063	-0.481308	0.451024	-0.0746495	-0.00296673	-0.33391	-0.0802504	0.261298	-0.478392	0.0992621	-0.321544	-0.129205	-0.148094
-3.88569	2.93418	-0.432446	-0.739422	-0.269704	-0.27814	0.185138	0.0939012	-0.0882964	-0.339173	0.0204357	0.167516	-0.445315	0.0430268	-0.283229	-0.177537	-0.187714
-3.76346	2.89018	-0.519795	-0.614693	-0.213288	-0.347582	0.22329	0.109196	-0.0224843	-0.308127	0.00887864	0.268729	-0.437928	0.0875637	-0.294476	-0.0793503	-0.178333
-4.01452	3.16078	-0.643515	-0.493039	-0.23251	-0.469147	0.446677	-0.0591611	0.169371	-0.370968	-0.0281133	0.345723	-0.531372	0.264828	-0.378545	-0.0658373	-0.139973
-4.13846	2.41685	-0.558127	-0.69759	-0.282869	-0.327824	0.276843	0.144673	-0.00173753	-0.337306	0.0231923	0.312206	-0.35655	0.0802597	-0.331175	-0.0780977	-0.0858068
-4.27883	2.67914	-0.431426	-0.655113	-0.268788	-0.367864	0.193937	0.0222744	-0.0599343	-0.340969	0.0155579	0.289117	-0.473812	0.112953	-0.358457	-0.0964905	-0.0884477
-4.18859	2.86693	-0.472343	-0.635537	-0.213934	-0.281387	0.242002	0.185259	-0.0554283	-0.30107	0.0256073	0.26055	-0.408613	0.154361	-0.31425	-0.0378719	-0.128238
-4.34519	2.96767	-0.472666	-0.593511	-0.115736	-0.351555	0.429082	0.12437	0.0802511	-0.28457	0.0619261	0.375274	-0.415553	0.232954	-0.332888	-0.0188937	-0.0854983
-4.28216	2.81401	-0.527048	-0.47885	-0.133112	-0.295346	0.386783	0.104696	0.0715535	-0.30379	0.172408	0.269259	-0.330567	0.188267	-0.356519	0.00158467	-0.14038
-4.27848	2.74216	-0.52859	-0.457692	-0.132448	-0.267814	0.344214	0.127814	0.00882246	-0.284245	0.125637	0.275298	-0.330411	0.18453	-0.371797	-0.00187252	-0.126226
-4.38901	2.71521	-0.501449	-0.465037	-0.0971924	-0.247755	0.392859	0.1476	0.0107147	-0.322462	0.145544	0.24006	-0.348197	0.205646	-0.424769	0.014899	-0.152308
-4.69214	2.79074	-0.519863	-0.432245	-0.0382275	-0.166457	0.451689	0.162511	0.00723839	-0.314266	0.156574	0.2001	-0.417093	0.282745	-0.55467	0.0508368	-0.165794
-4.85759	2.79057	-0.433792	-0.357853	-0.0931186	-0.167353	0.459088	0.147274	-0.0173597	-0.331528	0.145241	0.176866	-0.401096	0.295518	-0.573504	-0.0133269	-0.0928403
-5.00181	2.93718	-0.413549	-0.47917	0.169426	-0.346004	0.466956	0.0267886	-0.0308188	-0.299519	0.116602	0.216382	-0.412393	0.301751	-0.588694	-0.0167841	-0.176468
-4.92369	2.85045	-0.457236	-0.360251	0.115773	-0.304214	0.44326	-0.023855	-0.0534278	-0.365722	0.268817	0.0860832	-0.287214	0.243332	-0.577706	0.00936998	-0.16876
-5.10038	3.06099	-0.399314	-0.41836	0.123252	-0.279295	0.456429	0.0258071	-0.0197482	-0.377632	0.278387	0.0808956	-0.297049	0.267944	-0.561848	0.0426394	-0.189379
-5.42043	3.3597	-0.415781	-0.503549	0.223646	-0.341027	0.475083	0.0373172	-0.0484877	-0.329948	0.195795	0.140568	-0.322626	0.226256	-0.493461	-0.00197502	-0.157914
-5.57838	3.35863	-0.388677	-0.469968	0.194388	-0.30324	0.447731	0.0511932	-0.0771933	-0.298291	0.206487	0.147456	-0.334405	0.2368	-0.533535	0.0672962	-0.249198
-5.59953	3.2278	-0.270231	-0.538808	0.143784	-0.204015	0.42652	0.0540302	-0.0241111	-0.316402	0.206143	0.168531	-0.327826	0.192912	-0.521538	0.0720516	-0.378145
-5.73384	3.15788	-0.143405	-0.588631	0.0454593	-0.0119369	0.402495	0.0501896	0.0961175	-0.312169	0.199799	0.22667	-0.329363	0.0729581	-0.437676	-0.0446732	-0.455719
-5.77959	3.07999	-0.132401	-0.526764	-0.0126613	0.0176206	0.479943	0.0601937	0.103361	-0.22184	0.231519	0.157322	-0.245062	0.0525954	-0.527004	-0.0507954	-0.391424
-5.89226	3.02415	-0.111571	-0.44085	-0.159607	0.0448341	0.578976	-0.0205018	0.0156585	-0.0934194	0.192642	0.0700395	-0.0722	0.0122433	-0.541432	-0.00992645	-0.270344
-6.07426	2.83859	-0.0684231	-0.311586	-0.280528	0.0227706	0.756054	-0.117585	-0.189037	0.0597309	0.219707	0.0141057	-0.0153543	0.0766913	-0.509646	-0.029493	-0.240158
-6.21023	2.70977	-0.119771	-0.253718	-0.332878	0.0826123	0.778916	-0.0902226	-0.272855	0.0643425	0.314886	-0.0497095	0.0864227	-0.0307445	-0.378396	-0.0716598	-0.205272
-6.23804	2.80879	0.00485883	-0.372673	-0.389696	0.24572	0.590061	-0.105334	-0.270402	0.0337339	0.274923	-0.0856955	0.0901997	-0.145764	-0.318992	-0.0482053	-0.305151
-6.07312	2.6823	0.037711	-0.375645	-0.340477	0.272682	0.444124	-0.125108	-0.343926	0.18284	0.146385	-0.059393	0.169692	-0.176762	-0.268153	-0.107439	-0.20094
-6.09146	2.72965	0.0148796	-0.330521	-0.30613	0.303847	0.369783	-0.154679	-0.39012	0.217046	0.123778	-0.0254178	0.183359	-0.173181	-0.242398	-0.162795	-0.155239
-6.18471	2.93686	-0.151809	-0.165467	-0.259847	0.20111	0.404853	-0.170607	-0.451926	0.15377	0.172232	-0.100402	0.152846	-0.305851	-0.210513	-0.152333	-0.296289
-6.31794	3.0178	-0.151137	-0.105444	-0.159566	0.218391	0.298999	-0.219733	-0.563855	0.10223	0.248393	-0.188062	0.138082	-0.317582	-0.123585	-0.247153	-0.257143
-6.27345	2.91512	-0.096434	-0.230408	-0.113227	0.223613	0.230538	-0.256777	-0.646318	0.076711	0.238115	-0.160783	0.0869032	-0.206142	-0.127644	-0.282347	0.014358
-6.80248	2.68166	0.206126	-0.20681	-0.0675584	0.330781	0.211868	-0.198198	-0.677785	0.0787763	0.399983	0.0400582	0.190832	-0.0107791	-0.038483	-0.192496	0.194157
-7.04674	2.00309	0.536302	0.167058	0.0880893	0.28906	0.121506	0.0250129	-0.33219	0.0392424	0.191792	0.0975758	0.121419	-0.104074	-0.023312	-0.0838876	0.143176
-7.51989	2.39271	1.05148	0.442415	0.0625669	0.434543	0.0521493	0.10337	-0.520139	-0.144967	0.0839949	-0.107111	-0.00983227	-0.181298	0.109549	-0.150696	0.0532724
-7.78578	2.77951	1.26885	0.627085	-0.00719222	0.485723	0.033805	-0.00806272	-0.633723	-0.306698	0.0194498	-0.0611368	0.0594731	-0.185483	0.0757416	-0.243849	-0.0209281
-7.88663	2.77702	1.19524	0.635705	0.215329	0.31251	0.0695904	-0.0347709	-0.511477	-0.299898	-0.0278588	-0.0157698	0.065872	-0.161113	-0.00856475	-0.147697	0.0536019
-8.28795	2.24563	0.995679	0.726453	0.423975	0.256091	0.0255271	-0.104256	-0.343183	-0.232292	-0.0634677	-0.0494327	-0.0040865	-0.0703757	-0.0292581	-0.0266577	0.1257
-7.98075	1.95913	0.852877	0.673753	0.400094	0.209763	0.0471013	-0.0591129	-0.130909	-0.170529	-0.183731	-0.167921	-0.112732	-0.0738942	-0.0214095	0.00846052	0.0180846
-8.42412	2.22341	1.03118	0.790415	0.441704	0.17033	-0.0195281	-0.135609	-0.203432	-0.18167	-0.125401	-0.108794	-0.0685046	-0.0347376	-0.0466878	-0.0569716	-0.0613207
-8.82132	2.67171	1.3141	0.803482	0.428198	0.130845	-0.0538024	-0.165395	-0.387076	-0.145924	-0.0198956	-0.0378102	-0.062536	-0.0389701	-0.0572196	-0.0836558	0.0497651
-8.42969	2.33311	1.06615	0.715095	0.446255	0.278976	0.0430132	-0.0871799	-0.300883	-0.196425	-0.0964792	-0.0357009	-0.0586595	-0.119816	-0.0532102	-0.0372419	0.0332561
-8.24401	2.03122	0.945286	0.737306	0.441154	0.22991	0.0426852	-0.0711391	-0.147125	-0.1839	-0.202192	-0.161383	-0.0770162	-0.0137937	0.0434325	0.0618234	0.0488442
-8.15246	2.42232	0.578789	0.281673	0.412098	0.655241	0.129788	-0.295293	-0.149342	-0.140517	-0.216693	-0.283301	-0.211107	0.0433203	0.145874	0.11543	0.0175454
-7.22643	2.21291	0.111645	-0.0884141	0.195588	0.713283	0.266849	-0.286639	0.00823685	0.0148566	-0.298039	-0.234156	-0.0930004	0.135887	0.0286866	0.174257	-0.0430907
-6.79726	1.95745	-0.0709009	-0.128121	0.0840178	0.707108	0.274223	-0.117482	0.128953	0.109902	-0.14024	-0.135186	0.0724042	0.213487	0.0665399	0.231867	-0.0588151
-6.78968	1.83237	-0.0647127	-0.0963602	-0.0209975	0.558819	0.319549	-0.0245136	0.101823	0.193759	0.126283	-0.0429849	0.174849	0.127197	-0.0506152	0.177496	-0.0387943
-6.82939	1.74037	-0.138056	-0.00776275	0.0467835	0.563582	0.135647	-0.0332918	-0.0404029	0.17321	0.205288	0.000568003	0.0961415	0.124184	-0.0618813	0.0499367	-0.0393375
-6.78267	1.21615	-0.323189	0.00221153	0.150697	0.503932	-0.055703	-0.271689	-0.127714	0.154912	0.242384	0.15336	0.0469834	0.141105	-0.0212572	-0.0486381	-0.0252149
-6.48132	0.652515	-0.182962	0.122026	0.33174	0.669743	-0.0866755	-0.391598	0.054666	0.0115067	0.2092	0.225344	-0.00427975	0.162109	0.0145461	0.0297277	0.101456
-6.15927	0.285893	-0.0471115	0.203501	0.343258	0.842622	-0.0136472	-0.24709	0.11434	0.0794883	0.155044	0.208316	-0.0691793	0.268187	0.0205305	0.0525675	0.11776
-6.12163	-0.18295	-0.0270022	0.298125	0.240115	0.826079	0.00993605	-0.141272	0.231692	0.163261	0.19763	0.106261	-0.102022	0.282016	0.105629	0.117084	0.0803671
-6.16122	-0.521671	0.0143605	0.320821	0.147713	0.655217	-0.17156	-0.255178	0.362809	0.245134	0.215989	0.0116385	0.0498823	0.355718	0.207503	0.193192	0.0960365
-6.24903	-0.602404	0.0627197	0.212646	0.0250388	0.626469	-0.234876	-0.321673	0.371713	0.305152	0.171083	0.0168831	0.0523259	0.236536	0.0596015	0.0910945	0.117911
-6.48789	-0.766817	0.19206	0.133813	0.00461089	0.574477	-0.300791	-0.263152	0.416099	0.279416	0.106437	0.0651991	-0.061139	0.253824	0.112608	0.164719	0.152357
-6.68749	-0.899083	0.120491	0.104435	0.0381744	0.52339	-0.188856	-0.260685	0.176789	0.217939	0.146953	-0.0169824	-0.120469	0.215236	0.227068	0.270394	0.115103
-6.8084	-0.840083	0.309839	0.101816	-0.0391284	0.54271	-0.0382093	-0.122659	0.299022	0.289527	0.245195	0.0672558	-0.0761798	0.282831	0.270519	0.27634	0.0849043
-6.73365	-0.796386	0.433918	0.274331	0.0104024	0.623672	-0.104521	-0.165176	0.311026	0.313493	0.163197	0.127036	0.0836494	0.287833	0.202797	0.179883	0.120658
-6.62636	-0.754373	0.413969	0.217008	-0.0935993	0.588355	-0.120225	-0.138506	0.277584	0.27604	0.101425	0.114677	0.124334	0.322415	0.22543	0.140744	-0.0835139
-6.62178	-0.847121	0.334448	0.258264	-0.133845	0.547218	-0.165473	-0.0974893	0.333222	0.198138	0.190449	0.174171	0.211787	0.285269	0.17957	0.185176	-0.00389436
-6.5435	-0.593002	0.32325	0.301779	-0.0377499	0.49919	-0.177587	-0.167625	0.275872	0.153506	0.387931	0.23353	0.297218	0.307652	0.0569981	0.100474	0.0140511
-6.43805	-0.657097	0.349212	0.232454	-0.0316697	0.47687	-0.180963	-0.149806	0.364267	0.0586176	0.243264	0.25286	0.299436	0.295835	-0.0779294	0.0799371	0.0488147
-6.22739	-0.747723	0.260934	0.198448	0.0621872	0.561165	-0.26114	-0.173719	0.406625	0.0518987	0.12342	0.122641	0.220594	0.307572	0.0319662	0.170747	-0.0452725
-6.19584	-0.774746	0.0899062	0.165705	-0.101133	0.604053	-0.30091	-0.307167	0.294336	0.155522	0.0602705	0.0382476	0.00304588	0.160618	0.0164007	0.0324069	-0.187328
-6.18602	-0.69403	0.198459	0.358604	-0.168774	0.567251	-0.383656	-0.305662	0.361457	0.141641	-0.0229908	-0.0285581	-0.18778	0.185995	0.114383	0.0798335	-0.214682
-6.03592	-0.599973	0.106982	0.392457	-0.0838563	0.635116	-0.322059	-0.152157	0.372398	0.230202	0.0781477	-0.112673	-0.0579051	0.155355	-0.0260962	0.100811	-0.0643681
-6.14576	-0.675642	-0.0766199	0.317176	0.0172215	0.770103	-0.3065	-0.208071	0.587145	0.357251	0.0737905	-0.154419	-0.141095	0.192677	-0.0312198	0.0515214	0.0730582
-6.33378	-0.521011	-0.116598	0.310587	0.0476514	0.870345	-0.324138	-0.35533	0.566323	0.34891	0.264554	0.0420055	-0.055268	0.397791	0.119678	0.137758	0.203113
-6.36941	-0.354069	-0.197371	0.2478	0.0195163	0.80475	-0.237773	-0.285474	0.538143	0.291721	0.247989	0.0619169	-0.0348584	0.424976	0.222123	0.177221	0.149248
-6.46088	-0.227151	-0.224092	0.409817	0.180989	0.904565	-0.290581	-0.279501	0.431088	0.115277	0.115399	0.0803716	-0.0347176	0.35211	0.271777	0.272182	0.0531672
-6.56076	-0.027594	-0.343098	0.340993	0.0974867	0.788432	-0.295972	-0.267056	0.417718	0.261071	0.146392	0.0490417	-0.0269558	0.309329	0.103237	0.303763	0.115706
-6.88654	0.236811	-0.553435	0.305288	0.193161	0.779373	-0.188616	-0.194795	0.412695	0.486886	0.206469	0.0308985	-0.0470485	0.284974	0.0682514	0.255319	0.0769123
-7.49629	0.557528	-0.580296	0.379388	0.323235	0.744774	-0.236099	-0.0919121	0.416235	0.501614	0.276266	0.108311	0.00191278	0.256757	0.214025	0.0643855	-0.0458635
-8.23022	0.848637	-0.40522	0.442106	0.523171	0.794971	-0.276983	-0.0721226	0.411254	0.478864	0.326261	0.158284	-0.00399505	0.32096	0.247438	0.063189	-0.0282306
-9.19919	1.06077	-0.13241	0.432246	0.540274	0.838679	-0.241753	-0.182342	0.624018	0.618431	0.324888	0.091893	0.114754	0.307937	0.337364	0.0854601	-0.0725518
-9.79469	1.1136	0.158946	0.469377	0.729902	0.644505	0.088567	-0.00399346	0.361953	0.590028	0.371782	0.0488684	0.101507	0.251631	0.316133	0.223697	0.0143496
-9.93569	1.27938	0.517861	0.410027	0.448589	0.3609	0.31683	0.213404	0.231168	0.252861	0.190489	0.194465	0.212425	0.19733	0.225334	0.199309	0.158536
-10.2788	1.1502	0.575413	0.468548	0.543523	0.384515	0.293615	0.212674	0.298131	0.25554	0.157096	0.212383	0.24733	0.21386	0.200576	0.199839	0.155097
-10.0969	1.2415	0.51489	0.394555	0.397024	0.294227	0.208324	0.201278	0.228235	0.258854	0.171009	0.158871	0.225068	0.19626	0.149687	0.211101	0.151457
-10.2043	1.15911	0.555619	0.392334	0.379728	0.309669	0.197292	0.239654	0.209952	0.21198	0.163169	0.165349	0.23076	0.136287	0.105736	0.1938	0.185945
-10.53	0.930283	0.587769	0.421806	0.556802	0.46924	0.30833	0.302116	0.272716	0.252099	0.229306	0.249869	0.165699	0.0214686	0.0484924	0.183974	0.225661
-10.2889	1.14372	0.591755	0.350874	0.420503	0.35825	0.300466	0.240794	0.260348	0.261082	0.254135	0.235051	0.155136	0.138653	0.119015	0.213707	0.180215
-10.2504	1.1875	0.621554	0.432026	0.405273	0.350098	0.295154	0.205787	0.248495	0.279201	0.25331	0.192567	0.131057	0.216678	0.145588	0.199154	0.150827
-10.3261	1.12343	0.611628	0.513403	0.482401	0.379927	0.282148	0.210151	0.275337	0.288565	0.276606	0.230346	0.12038	0.22065	0.134975	0.116861	0.195823
-10.1851	1.18461	0.600666	0.503437	0.494143	0.412503	0.286606	0.256974	0.305135	0.260822	0.243484	0.225892	0.185531	0.247413	0.158648	0.0697598	0.15075
-10.3053	1.08017	0.646088	0.539357	0.456991	0.478691	0.372819	0.303333	0.316103	0.245192	0.221549	0.207824	0.190696	0.223072	0.168811	0.0155346	0.0707458
-10.1595	1.20747	0.528543	0.410587	0.291736	0.320806	0.286557	0.235927	0.282791	0.210506	0.23819	0.186752	0.173275	0.17475	0.114493	0.0707505	0.168316
-9.97324	1.29375	0.517173	0.408331	0.334014	0.278423	0.215824	0.222295	0.18219	0.159054	0.190475	0.145791	0.179345	0.137181	0.0800995	0.0753776	0.139331
-10.1973	1.17224	0.584208	0.452848	0.361556	0.324988	0.250811	0.292651	0.206905	0.221159	0.216405	0.14433	0.191472	0.173262	0.122196	0.132996	0.156563
-10.2985	1.11573	0.603811	0.466604	0.390513	0.370976	0.265621	0.300852	0.22908	0.222245	0.200739	0.185879	0.20377	0.183445	0.159246	0.145889	0.193069
-10.1774	1.19951	0.628382	0.429558	0.356745	0.329247	0.303364	0.272987	0.256894	0.270639	0.231918	0.224247	0.14711	0.154739	0.13608	0.155069	0.137931
-10.2688	1.15866	0.626973	0.371696	0.352698	0.312843	0.323298	0.278944	0.256122	0.262286	0.197772	0.227712	0.18336	0.223372	0.156694	0.241585	0.247658
-10.0517	1.54118	0.87535	0.483904	0.331472	0.225232	0.207048	0.238965	0.209296	0.165646	0.0652667	0.16462	0.149142	0.16823	0.093005	0.144593	0.141552
-9.65429	2.024	0.974832	0.366501	0.215396	0.179228	0.190217	0.201032	0.150639	0.104432	0.0503641	0.138996	0.111318	0.0974351	0.0555813	0.062599	0.0975009
-9.72709	2.11693	1.09152	0.314405	0.117387	0.140451	0.253854	0.197475	0.0868957	0.0833527	0.0612558	0.147171	0.0810571	0.0543951	0.0402629	0.0687676	0.114913
-9.93481	1.72469	0.844728	0.394046	0.247006	0.205222	0.235195	0.158117	0.108121	0.144631	0.0585982	0.11624	0.109761	0.0942091	0.0594958	0.0865552	0.106898
-10.1172	1.25921	0.519185	0.326898	0.273742	0.252162	0.181918	0.171365	0.227503	0.233474	0.21131	0.193895	0.134593	0.1234	0.194428	0.171824	0.160048
-10.0183	1.29046	0.529864	0.359278	0.308063	0.265687	0.211426	0.212461	0.197848	0.170168	0.178554	0.181543	0.172663	0.147787	0.168889	0.148024	0.16234
-10.0405	1.29141	0.578589	0.426445	0.37157	0.343371	0.292058	0.278224	0.245696	0.21581	0.188177	0.169032	0.181503	0.171537	0.190399	0.141844	0.130981
-10.0676	1.27546	0.584637	0.412283	0.356335	0.348834	0.276494	0.258315	0.230239	0.23497	0.240282	0.194094	0.166031	0.204347	0.181911	0.152967	0.139623
-10.0402	1.24602	0.559415	0.393148	0.342207	0.359542	0.289757	0.303585	0.239857	0.233951	0.225136	0.211706	0.14186	0.161689	0.218759	0.203456	0.16057
-10.2607	1.20475	0.663416	0.45546	0.390887	0.40087	0.26746	0.260719	0.297175	0.292898	0.243511	0.237921	0.15205	0.13121	0.215696	0.179869	0.140375
-10.2345	1.18685	0.592304	0.395023	0.344799	0.356686	0.237317	0.251308	0.31171	0.272321	0.205595	0.24808	0.226547	0.17487	0.175575	0.167559	0.229526
-10.1321	1.25344	0.626075	0.411182	0.322952	0.306225	0.262066	0.214717	0.228118	0.211618	0.17485	0.231705	0.192136	0.146601	0.14129	0.11292	0.184205
-10.4411	1.02894	0.690174	0.498003	0.459322	0.290048	0.255689	0.190183	0.316503	0.228408	0.159163	0.181041	0.197498	0.149882	0.173797	0.144138	0.170058
-10.3831	1.05933	0.607542	0.468648	0.459812	0.299165	0.247847	0.157405	0.305555	0.198835	0.168548	0.173501	0.250864	0.183343	0.203636	0.163973	0.132752
-9.99989	1.39061	0.607919	0.44781	0.359993	0.27631	0.207234	0.17838	0.313857	0.211357	0.161644	0.115589	0.11685	0.0246678	0.0234645	0.0381218	0.0639243
