-1e+10
-1e+10
-1e+10
-1e+10
-1e+10
-1e+10
-1e+10
-1e+10
-1e+10
-1e+10
-1e+10
-1e+10
-1e+10
-1e+10
-1e+10
-1e+10
-1e+10
-1e+10
-1e+10
-1e+10
-1e+10
-1e+10
-1e+10
-1e+10
-1e+10
-1e+10
-1e+10
-1e+10
-1e+10
-1e+10
-1e+10
-1e+10
-1e+10
-1e+10
-1e+10
-1e+10
-1e+10
-1e+10
-1e+10
-1e+10
-1e+10
-1e+10
-1e+10
-1e+10
-1e+10
-1e+10
-1e+10
-1e+10
-1e+10
-1e+10
-1e+10
-1e+10
-1e+10
-1e+10
-1e+10
-1e+10
-1e+10
-1e+10
-1e+10
-1e+10
-1e+10
-1e+10
-1e+10
-1e+10
-1e+10
-1e+10
-1e+10
-1e+10
-1e+10
-1e+10
-1e+10
-1e+10
-1e+10
-1e+10
-1e+10
-1e+10
-1e+10
-1e+10
-1e+10
-1e+10
-1e+10
-1e+10
-1e+10
-1e+10
5.24759
5.23974
5.24014
5.2443
5.24762
5.24746
5.24408
5.24001
5.23895
5.24387
5.25422
5.26466
5.27285
5.28002
5.28671
5.29292
5.29822
5.30285
5.30718
5.3112
5.31527
5.31949
5.32289
5.32495
5.32599
5.32682
5.3281
5.32955
5.32983
5.32829
5.32625
5.32532
5.32635
5.32921
5.33272
5.33674
5.34437
5.36101
5.38752
5.41515
5.43971
5.46281
5.48365
5.49965
5.51063
5.51817
5.52357
5.52837
5.5342
5.54139
5.54948
5.55692
5.56363
5.56909
5.5734
5.57686
5.57999
5.58379
5.58985
5.59965
5.61289
5.63004
5.65069
5.67458
5.70569
5.74582
5.79997
5.90276
5.93557
5.96077
5.9825
5.99909
-1e+10
-1e+10
-1e+10
-1e+10
-1e+10
-1e+10
-1e+10
-1e+10
-1e+10
-1e+10
-1e+10
-1e+10
-1e+10
-1e+10
-1e+10
-1e+10
-1e+10
-1e+10
-1e+10
-1e+10
-1e+10
-1e+10
-1e+10
-1e+10
-1e+10
-1e+10
-1e+10
-1e+10
-1e+10
-1e+10
-1e+10
-1e+10
-1e+10
-1e+10
-1e+10
-1e+10
-1e+10
-1e+10
-1e+10
-1e+10
-1e+10
-1e+10
5.56651
5.5522
5.53913
5.52592
5.51126
5.49044
5.44365
5.39362
5.33432
5.29392
5.27902
5.27745
-1e+10
-1e+10
-1e+10
-1e+10
-1e+10
-1e+10
-1e+10
-1e+10
-1e+10
-1e+10
-1e+10
-1e+10
5.42575
5.39736
5.38571
5.37535
5.35466
5.3261
5.29329
5.27107
5.25833
5.20431
5.19461
5.18826
5.18215
5.17755
5.17358
5.17049
5.16693
5.15937
5.1521
5.14353
5.1401
5.14416
-1e+10
-1e+10
-1e+10
-1e+10
-1e+10
-1e+10
-1e+10
-1e+10
-1e+10
-1e+10
5.29831
5.29475
5.28859
5.24146
5.22831
5.22185
5.21694
5.18874
5.17393
5.17149
5.16878
5.16102
5.1514
5.14664
5.14346
5.13964
5.13684
5.13608
5.13645
5.13684
5.13724
5.13819
5.13999
5.14242
5.14479
5.14724
5.15092
5.15695
5.16283
5.16561
5.1658
5.16602
-1e+10
-1e+10
-1e+10
-1e+10
-1e+10
-1e+10
-1e+10
-1e+10
-1e+10
-1e+10
-1e+10
-1e+10
-1e+10
-1e+10
-1e+10
-1e+10
-1e+10
-1e+10
-1e+10
-1e+10
-1e+10
4.48669
4.47922
4.4743
4.4613
4.45183
4.44979
4.44965
4.45076
4.45308
4.45562
4.45755
4.4583
4.45875
4.46032
4.46774
4.61234
4.61467
4.6125
-1e+10
-1e+10
-1e+10
-1e+10
-1e+10
-1e+10
-1e+10
-1e+10
-1e+10
-1e+10
-1e+10
-1e+10
-1e+10
-1e+10
-1e+10
-1e+10
-1e+10
-1e+10
-1e+10
-1e+10
-1e+10
-1e+10
-1e+10
-1e+10
-1e+10
-1e+10
-1e+10
-1e+10
-1e+10
-1e+10
-1e+10
-1e+10
-1e+10
-1e+10
-1e+10
-1e+10
-1e+10
-1e+10
-1e+10
-1e+10
-1e+10
-1e+10
-1e+10
-1e+10
-1e+10
-1e+10
-1e+10
-1e+10
-1e+10
-1e+10
-1e+10
-1e+10
-1e+10
-1e+10
-1e+10
-1e+10
-1e+10
-1e+10
-1e+10
-1e+10
-1e+10
-1e+10
-1e+10
-1e+10
-1e+10
-1e+10
-1e+10
-1e+10
-1e+10
-1e+10
-1e+10
-1e+10
-1e+10
-1e+10
-1e+10
-1e+10
-1e+10
-1e+10
-1e+10
-1e+10
-1e+10
-1e+10
-1e+10
-1e+10
-1e+10
-1e+10
-1e+10
-1e+10
-1e+10
-1e+10
-1e+10
-1e+10
-1e+10
-1e+10
-1e+10
-1e+10
-1e+10
-1e+10
-1e+10
-1e+10
-1e+10
-1e+10
-1e+10
-1e+10
-1e+10
-1e+10
-1e+10
-1e+10
-1e+10
-1e+10
-1e+10
-1e+10
-1e+10
-1e+10
-1e+10
-1e+10
-1e+10
-1e+10
-1e+10
-1e+10
-1e+10
-1e+10
-1e+10
-1e+10
-1e+10
-1e+10
-1e+10
-1e+10
-1e+10
-1e+10
-1e+10
-1e+10
