5.681610000000000049e+00
5.681610000000000049e+00
5.681610000000000049e+00
5.681610000000000049e+00
5.681610000000000049e+00
5.681610000000000049e+00
5.681610000000000049e+00
5.681610000000000049e+00
5.681610000000000049e+00
5.681610000000000049e+00
5.681610000000000049e+00
5.681610000000000049e+00
5.681610000000000049e+00
5.681610000000000049e+00
5.681610000000000049e+00
5.681610000000000049e+00
5.681610000000000049e+00
5.681610000000000049e+00
5.681610000000000049e+00
5.681610000000000049e+00
5.681610000000000049e+00
5.681610000000000049e+00
5.681610000000000049e+00
5.681610000000000049e+00
5.681610000000000049e+00
5.681610000000000049e+00
5.681610000000000049e+00
5.681610000000000049e+00
5.681610000000000049e+00
5.681610000000000049e+00
5.681610000000000049e+00
5.681610000000000049e+00
5.681610000000000049e+00
5.681610000000000049e+00
5.681610000000000049e+00
5.681610000000000049e+00
5.681610000000000049e+00
5.681610000000000049e+00
5.681610000000000049e+00
5.681610000000000049e+00
5.681610000000000049e+00
5.681610000000000049e+00
5.681610000000000049e+00
5.681610000000000049e+00
5.681610000000000049e+00
5.681610000000000049e+00
5.681610000000000049e+00
5.681610000000000049e+00
5.681610000000000049e+00
5.681610000000000049e+00
5.681610000000000049e+00
5.681610000000000049e+00
5.652700000000000280e+00
5.637010000000000076e+00
5.577849999999999753e+00
5.565809999999999924e+00
5.560800000000000409e+00
5.560749999999999638e+00
5.564210000000000100e+00
5.570100000000000051e+00
5.578170000000000073e+00
5.588300000000000267e+00
5.598480000000000345e+00
5.606609999999999872e+00
5.612149999999999750e+00
5.615779999999999994e+00
5.620120000000000005e+00
5.628500909090909055e+00
5.636881818181818105e+00
5.645262727272727155e+00
5.653643636363636205e+00
5.662024545454545255e+00
5.670405454545455193e+00
5.678786363636364243e+00
5.687167272727273293e+00
5.695548181818182343e+00
5.703929090909091393e+00
5.712310000000000443e+00
5.723760000000000403e+00
5.728080000000000283e+00
5.727210000000000356e+00
5.721350000000000158e+00
5.710479999999999556e+00
5.696609999999999729e+00
5.681739999999999569e+00
5.666260000000000296e+00
5.648939999999999628e+00
5.627589999999999648e+00
5.601580000000000226e+00
5.573999999999999844e+00
5.552010000000000112e+00
5.539299999999999891e+00
5.528710000000000235e+00
5.520500000000000185e+00
5.521049999999999791e+00
5.527000000000000135e+00
5.536889666666667154e+00
5.546779333333333284e+00
5.556669000000000302e+00
5.566558666666666433e+00
5.576448333333333451e+00
5.586338000000000470e+00
5.596227666666666600e+00
5.606117333333333619e+00
5.616006999999999749e+00
5.625896666666666768e+00
5.635786333333333786e+00
5.645675999999999917e+00
5.655565666666666935e+00
5.665455333333333066e+00
5.675345000000000084e+00
5.685234666666667103e+00
5.695124333333333233e+00
5.705014000000000252e+00
5.714903666666666382e+00
5.724793333333333401e+00
5.734683000000000419e+00
5.744572666666666549e+00
5.754462333333333568e+00
5.764351999999999698e+00
5.774241666666666717e+00
5.784131333333333735e+00
5.794020999999999866e+00
5.803910666666666884e+00
5.813800333333333015e+00
5.823690000000000033e+00
5.842369999999999841e+00
5.841059999999999697e+00
5.835880000000000400e+00
5.829889999999999795e+00
5.823150000000000048e+00
5.815739999999999910e+00
5.809020000000000294e+00
5.803899999999999615e+00
5.800500000000000433e+00
5.798510000000000275e+00
5.797789999999999999e+00
5.798129999999999562e+00
5.799070000000000391e+00
5.799979999999999691e+00
5.800239999999999618e+00
5.799280000000000435e+00
5.796429999999999971e+00
5.791229999999999656e+00
5.783750000000000391e+00
5.774820000000000064e+00
5.766469999999999985e+00
5.760559999999999903e+00
5.760589999999999655e+00
5.769110000000000404e+00
5.780730000000000146e+00
5.785820000000000185e+00
5.779560000000000031e+00
5.761309999999999931e+00
5.738979999999999748e+00
5.718449999999999811e+00
5.692379999999999995e+00
5.647463333333333502e+00
5.602546666666667008e+00
5.557629999999999626e+00
5.512713333333333132e+00
5.467796666666666638e+00
5.422880000000000145e+00
5.377963333333333651e+00
5.333046666666666269e+00
5.288129999999999775e+00
5.291839999999999655e+00
5.289030000000000342e+00
5.286459999999999937e+00
5.286260000000000403e+00
5.289159999999999862e+00
5.294229999999999769e+00
5.300959999999999894e+00
5.308539999999999814e+00
5.317079999999999806e+00
5.328990000000000116e+00
5.346680000000000099e+00
5.369510000000000005e+00
5.391289999999999694e+00
5.404490000000000016e+00
5.409539999999999793e+00
5.409320000000000128e+00
5.406480000000000175e+00
5.408369772727272817e+00
5.410259545454545460e+00
5.412149318181818103e+00
5.414039090909090746e+00
5.415928863636363388e+00
5.417818636363636919e+00
5.419708409090909562e+00
5.421598181818182205e+00
5.423487954545454848e+00
5.425377727272727491e+00
5.427267500000000133e+00
5.429157272727272776e+00
5.431047045454545419e+00
5.432936818181818062e+00
5.434826590909090704e+00
5.436716363636363347e+00
5.438606136363636878e+00
5.440495909090909521e+00
5.442385681818182164e+00
5.444275454545454807e+00
5.446165227272727449e+00
5.448055000000000092e+00
5.449944772727272735e+00
5.451834545454545378e+00
5.453724318181818020e+00
5.455614090909090663e+00
5.457503863636363306e+00
5.459393636363636837e+00
5.461283409090909480e+00
5.463173181818182123e+00
5.465062954545454765e+00
5.466952727272727408e+00
5.468842500000000051e+00
5.470732272727272694e+00
5.472622045454545336e+00
5.474511818181817979e+00
5.476401590909090622e+00
5.478291363636363265e+00
5.480181136363636796e+00
5.482070909090909439e+00
5.483960681818182081e+00
5.485850454545454724e+00
5.487740227272727367e+00
5.489630000000000010e+00
5.492580000000000240e+00
5.496369999999999756e+00
5.501100000000000101e+00
5.508250000000000313e+00
5.519809999999999661e+00
5.533590000000000231e+00
5.545600000000000307e+00
5.556219999999999715e+00
5.567079999999999806e+00
5.577799999999999869e+00
5.587589999999999613e+00
5.595259999999999678e+00
5.601239999999999775e+00
5.605540000000000411e+00
5.608229999999999826e+00
5.609499999999999709e+00
5.609869999999999912e+00
5.609670000000000378e+00
5.608290000000000219e+00
5.603469999999999729e+00
5.591680000000000206e+00
5.568120000000000402e+00
5.526410000000000267e+00
5.485949999999999882e+00
5.467109999999999914e+00
5.455650000000000333e+00
5.445009999999999906e+00
5.437269999999999825e+00
5.440500000000000114e+00
5.467139999999999667e+00
5.502769999999999939e+00
5.530109999999999637e+00
5.551540000000000141e+00
5.568810000000000038e+00
5.583120000000000083e+00
5.595100000000000406e+00
5.605010000000000048e+00
5.613030000000000186e+00
5.619030000000000413e+00
5.623420000000000307e+00
5.626900000000000013e+00
5.630230000000000068e+00
5.633860000000000312e+00
5.637500000000000178e+00
5.640500000000000291e+00
5.642759999999999998e+00
5.644580000000000375e+00
5.645870000000000388e+00
5.646130000000000315e+00
5.644829999999999792e+00
5.641589999999999883e+00
5.636409999999999698e+00
5.629959999999999631e+00
5.623330000000000162e+00
5.616810000000000080e+00
5.609230000000000160e+00
5.601049999999999862e+00
5.592609999999999637e+00
5.584529999999999994e+00
5.575470000000000148e+00
5.565129999999999910e+00
5.553910000000000124e+00
5.543639999999999901e+00
5.534909999999999997e+00
5.527190000000000047e+00
5.520480000000000054e+00
5.513899999999999579e+00
5.506940000000000168e+00
5.499909999999999854e+00
5.492700000000000138e+00
5.485879999999999868e+00
5.479079999999999728e+00
5.472979999999999734e+00
5.467290000000000205e+00
5.461960000000000370e+00
5.456920000000000215e+00
5.452619999999999578e+00
5.449690000000000367e+00
5.447809999999999597e+00
5.446259999999999657e+00
5.444549999999999557e+00
5.442719999999999558e+00
5.441119999999999735e+00
5.440120000000000289e+00
5.439949999999999619e+00
5.440419999999999590e+00
5.440889999999999560e+00
5.440920000000000201e+00
5.440690000000000026e+00
5.440559999999999619e+00
5.440470000000000361e+00
5.439869999999999983e+00
5.438109999999999999e+00
5.434919999999999973e+00
5.430159999999999876e+00
5.422170000000000378e+00
5.406139999999999723e+00
5.374089999999999812e+00
5.347949999999999982e+00
5.342649999999999899e+00
5.350749999999999673e+00
5.372740000000000293e+00
5.381569999999999965e+00
5.379229999999999734e+00
5.372899999999999565e+00
5.363920000000000243e+00
5.352470000000000283e+00
5.339290000000000092e+00
5.325450000000000017e+00
5.309779999999999944e+00
5.292069999999999830e+00
5.276089999999999947e+00
5.261989999999999945e+00
5.249050000000000438e+00
5.237289999999999779e+00
5.225159999999999805e+00
5.211990000000000123e+00
5.201889999999999681e+00
5.196819999999999773e+00
5.194329999999999892e+00
5.192109999999999559e+00
5.189239999999999853e+00
5.184779999999999944e+00
5.178200000000000358e+00
5.166450000000000209e+00
5.140819999999999723e+00
5.167130000000000223e+00
5.177421538461538297e+00
5.187713076923077260e+00
5.198004615384615335e+00
5.208296153846154297e+00
5.218587692307692372e+00
5.228879230769230446e+00
5.239170769230769409e+00
5.249462307692307483e+00
5.259753846153845558e+00
5.270045384615384521e+00
5.280336923076922595e+00
5.290628461538461558e+00
5.300919999999999632e+00
5.292799999999999727e+00
5.287200000000000344e+00
5.280000000000000249e+00
5.270669999999999966e+00
5.259680000000000355e+00
5.251409999999999911e+00
5.249310000000000365e+00
5.252340000000000231e+00
5.255779999999999674e+00
5.257119999999999571e+00
5.257579999999999920e+00
5.258610000000000007e+00
5.260220000000000340e+00
5.261840000000000295e+00
5.263460000000000250e+00
5.264730000000000132e+00
5.264879999999999782e+00
5.263560000000000016e+00
5.261059999999999626e+00
5.257600000000000051e+00
5.252979999999999983e+00
5.246950000000000003e+00
5.238819999999999588e+00
5.228720000000000034e+00
5.216330000000000133e+00
5.201660000000000394e+00
5.188579999999999970e+00
5.178849999999999731e+00
5.167639999999999567e+00
4.958929999999999616e+00
4.750219999999999665e+00
4.541509999999999714e+00
4.332799999999999763e+00
4.336990000000000123e+00
4.341709999999999958e+00
4.347080000000000055e+00
4.351090000000000124e+00
4.355949999999999989e+00
4.369200000000000195e+00
4.374929999999999986e+00
4.331470000000000375e+00
4.334130000000000038e+00
4.163909999999999556e+00
4.160949999999999704e+00
4.160330000000000084e+00
4.162810000000000343e+00
4.179179999999999673e+00
4.182210000000000427e+00
4.183399999999999785e+00
4.235619999999999941e+00
4.234960000000000058e+00
4.233159999999999812e+00
4.269389999999999574e+00
4.269180000000000419e+00
4.269180000000000419e+00
4.269180000000000419e+00
4.269180000000000419e+00
4.269180000000000419e+00
4.269180000000000419e+00
4.269180000000000419e+00
4.269180000000000419e+00
4.269180000000000419e+00
4.269180000000000419e+00
4.269180000000000419e+00
4.269180000000000419e+00
4.269180000000000419e+00
4.269180000000000419e+00
4.269180000000000419e+00
4.269180000000000419e+00
4.269180000000000419e+00
4.269180000000000419e+00
4.269180000000000419e+00
4.269180000000000419e+00
4.269180000000000419e+00
4.269180000000000419e+00
4.269180000000000419e+00
4.269180000000000419e+00
4.269180000000000419e+00
4.269180000000000419e+00
4.269180000000000419e+00
4.269180000000000419e+00
4.269180000000000419e+00
4.269180000000000419e+00
4.269180000000000419e+00
4.269180000000000419e+00
4.269180000000000419e+00
4.269180000000000419e+00
4.269180000000000419e+00
4.269180000000000419e+00
4.269180000000000419e+00
4.269180000000000419e+00
4.269180000000000419e+00
4.269180000000000419e+00
4.269180000000000419e+00
4.269180000000000419e+00
4.269180000000000419e+00
4.269180000000000419e+00
4.269180000000000419e+00
4.269180000000000419e+00
4.269180000000000419e+00
4.269180000000000419e+00
4.269180000000000419e+00
4.269180000000000419e+00
4.269180000000000419e+00
4.269180000000000419e+00
4.269180000000000419e+00
4.269180000000000419e+00
4.269180000000000419e+00
4.269180000000000419e+00
4.269180000000000419e+00
4.269180000000000419e+00
4.269180000000000419e+00
4.269180000000000419e+00
4.269180000000000419e+00
4.269180000000000419e+00
4.269180000000000419e+00
4.269180000000000419e+00
4.269180000000000419e+00
4.269180000000000419e+00
4.269180000000000419e+00
4.269180000000000419e+00
4.269180000000000419e+00
4.269180000000000419e+00
4.269180000000000419e+00
4.269180000000000419e+00
4.269180000000000419e+00
4.269180000000000419e+00
4.269180000000000419e+00
4.269180000000000419e+00
4.269180000000000419e+00
