-1e+10
-1e+10
-1e+10
-1e+10
-1e+10
-1e+10
-1e+10
-1e+10
-1e+10
-1e+10
-1e+10
-1e+10
-1e+10
-1e+10
-1e+10
-1e+10
-1e+10
-1e+10
-1e+10
-1e+10
-1e+10
-1e+10
-1e+10
-1e+10
-1e+10
-1e+10
-1e+10
-1e+10
-1e+10
-1e+10
-1e+10
-1e+10
-1e+10
-1e+10
-1e+10
-1e+10
-1e+10
-1e+10
-1e+10
-1e+10
-1e+10
-1e+10
-1e+10
-1e+10
-1e+10
-1e+10
-1e+10
-1e+10
-1e+10
-1e+10
-1e+10
-1e+10
-1e+10
-1e+10
-1e+10
-1e+10
-1e+10
-1e+10
-1e+10
-1e+10
-1e+10
-1e+10
-1e+10
-1e+10
-1e+10
5.02955
5.02287
5.01835
5.01382
5.00922
5.00549
5.00222
5.69102
5.68494
5.67418
5.65648
5.62824
5.59614
5.59851
5.64769
5.69127
5.70987
5.71671
5.71914
5.72004
5.72105
5.72385
5.72924
5.73502
5.73758
5.73589
5.73121
5.72463
5.71632
5.70735
5.69696
5.6864
5.6755
5.66579
4.96189
4.95327
4.94425
4.93588
4.92949
4.92642
4.93007
4.95479
4.96422
4.9642
4.9618
4.95873
4.95582
-1e+10
-1e+10
-1e+10
-1e+10
-1e+10
-1e+10
-1e+10
-1e+10
-1e+10
-1e+10
-1e+10
-1e+10
-1e+10
-1e+10
-1e+10
-1e+10
-1e+10
-1e+10
-1e+10
-1e+10
-1e+10
-1e+10
-1e+10
-1e+10
-1e+10
-1e+10
-1e+10
-1e+10
-1e+10
-1e+10
-1e+10
-1e+10
-1e+10
-1e+10
-1e+10
-1e+10
-1e+10
5.82582
5.84074
5.84969
5.85856
5.86924
5.88165
5.89482
5.90702
5.91635
5.92238
5.92448
5.92181
5.91467
5.90434
5.89329
5.88814
-1e+10
-1e+10
-1e+10
-1e+10
-1e+10
-1e+10
-1e+10
-1e+10
-1e+10
-1e+10
-1e+10
-1e+10
-1e+10
-1e+10
-1e+10
-1e+10
-1e+10
-1e+10
-1e+10
-1e+10
-1e+10
-1e+10
-1e+10
-1e+10
-1e+10
5.6896
5.65111
5.6251
5.60458
5.58249
5.55614
5.53251
5.51302
5.49637
5.48238
5.47143
5.46257
5.45506
5.44502
5.35919
5.34165
5.31357
5.28173
5.23956
5.2294
5.22786
5.23116
5.23626
5.23857
5.23653
5.23181
5.22939
5.23496
5.24922
5.27976
-1e+10
-1e+10
5.39999
5.35666
5.33528
5.32834
5.32742
5.3277
5.32801
5.32846
5.32941
5.33092
5.33241
5.33309
5.33229
5.32973
5.3256
5.32005
5.31223
5.30199
5.28978
5.27635
-1e+10
-1e+10
-1e+10
-1e+10
-1e+10
-1e+10
-1e+10
-1e+10
-1e+10
-1e+10
-1e+10
-1e+10
-1e+10
-1e+10
-1e+10
-1e+10
-1e+10
-1e+10
5.63905
5.61111
5.60044
5.59499
5.59274
5.59215
5.59152
5.58941
5.58534
5.57999
5.5746
5.57024
5.56647
5.56273
5.55892
5.55531
5.55166
5.54759
5.54293
5.5385
5.53563
5.53659
5.54189
5.5467
5.54912
5.55045
5.5507
5.54929
5.54564
5.53921
5.53081
5.53239
5.57096
5.61509
5.63718
5.64853
5.65413
5.65666
5.65704
5.65573
5.65299
5.6488
5.64231
5.63309
5.62008
5.6052
5.59006
5.57687
5.5713
-1e+10
-1e+10
-1e+10
-1e+10
-1e+10
-1e+10
-1e+10
-1e+10
-1e+10
-1e+10
-1e+10
-1e+10
-1e+10
-1e+10
-1e+10
-1e+10
-1e+10
-1e+10
5.95944
5.95942
5.96102
5.96378
5.96708
5.96951
5.96921
5.96556
5.95928
5.95055
5.94098
5.93111
5.92173
5.91497
5.91036
5.90682
5.90266
5.89631
5.8871
5.87529
5.86071
5.84749
5.83888
5.8346
-1e+10
-1e+10
-1e+10
-1e+10
-1e+10
-1e+10
-1e+10
-1e+10
-1e+10
-1e+10
-1e+10
-1e+10
-1e+10
-1e+10
-1e+10
-1e+10
-1e+10
-1e+10
-1e+10
-1e+10
-1e+10
-1e+10
-1e+10
-1e+10
4.67396
4.65116
4.65441
4.66173
4.43136
4.43994
4.23567
4.23793
4.23875
4.24647
4.25829
4.26612
4.09936
4.10428
4.10271
-1e+10
-1e+10
-1e+10
-1e+10
-1e+10
-1e+10
-1e+10
-1e+10
-1e+10
-1e+10
-1e+10
-1e+10
-1e+10
-1e+10
-1e+10
-1e+10
-1e+10
-1e+10
-1e+10
-1e+10
-1e+10
-1e+10
-1e+10
-1e+10
-1e+10
-1e+10
-1e+10
-1e+10
-1e+10
-1e+10
-1e+10
-1e+10
-1e+10
-1e+10
-1e+10
-1e+10
-1e+10
-1e+10
-1e+10
-1e+10
-1e+10
-1e+10
-1e+10
-1e+10
-1e+10
-1e+10
-1e+10
-1e+10
-1e+10
-1e+10
-1e+10
-1e+10
-1e+10
-1e+10
-1e+10
-1e+10
-1e+10
-1e+10
-1e+10
-1e+10
-1e+10
-1e+10
-1e+10
-1e+10
-1e+10
-1e+10
-1e+10
-1e+10
-1e+10
-1e+10
-1e+10
-1e+10
-1e+10
-1e+10
-1e+10
-1e+10
-1e+10
-1e+10
-1e+10
-1e+10
-1e+10
-1e+10
-1e+10
-1e+10
-1e+10
-1e+10
-1e+10
-1e+10
-1e+10
-1e+10
-1e+10
-1e+10
-1e+10
-1e+10
-1e+10
-1e+10
-1e+10
-1e+10
-1e+10
-1e+10
-1e+10
