5.543890000000000207e+00
5.543890000000000207e+00
5.543890000000000207e+00
5.543890000000000207e+00
5.543890000000000207e+00
5.543890000000000207e+00
5.543890000000000207e+00
5.543890000000000207e+00
5.543890000000000207e+00
5.543890000000000207e+00
5.543890000000000207e+00
5.543890000000000207e+00
5.543890000000000207e+00
5.543890000000000207e+00
5.543890000000000207e+00
5.543890000000000207e+00
5.543890000000000207e+00
5.543890000000000207e+00
5.543890000000000207e+00
5.543890000000000207e+00
5.543890000000000207e+00
5.543890000000000207e+00
5.543890000000000207e+00
5.543890000000000207e+00
5.543890000000000207e+00
5.543890000000000207e+00
5.543890000000000207e+00
5.543890000000000207e+00
5.543890000000000207e+00
5.543890000000000207e+00
5.543890000000000207e+00
5.543890000000000207e+00
5.543890000000000207e+00
5.543890000000000207e+00
5.543890000000000207e+00
5.543890000000000207e+00
5.543890000000000207e+00
5.543890000000000207e+00
5.543890000000000207e+00
5.543890000000000207e+00
5.543890000000000207e+00
5.543890000000000207e+00
5.543890000000000207e+00
5.543890000000000207e+00
5.543890000000000207e+00
5.543890000000000207e+00
5.543890000000000207e+00
5.543890000000000207e+00
5.543890000000000207e+00
5.543890000000000207e+00
5.543890000000000207e+00
5.543890000000000207e+00
5.543890000000000207e+00
5.549940000000000317e+00
5.554590000000000138e+00
5.557210000000000427e+00
5.556860000000000355e+00
5.552559999999999718e+00
5.544780000000000264e+00
5.536500000000000199e+00
5.529989999999999739e+00
5.525009999999999977e+00
5.521889999999999965e+00
5.520800000000000374e+00
5.525050000000000239e+00
5.532879999999999576e+00
5.536970000000000169e+00
5.559668666666667036e+00
5.582367333333333015e+00
5.605065999999999882e+00
5.627764666666666749e+00
5.650463333333333615e+00
5.673161999999999594e+00
5.695860666666666461e+00
5.718559333333333328e+00
5.741258000000000195e+00
5.763956666666666173e+00
5.786655333333333040e+00
5.809353999999999907e+00
5.832052666666666774e+00
5.854751333333332752e+00
5.877449999999999619e+00
5.859390000000000320e+00
5.846540000000000070e+00
5.834329999999999572e+00
5.821860000000000035e+00
5.810760000000000147e+00
5.799789999999999779e+00
5.790230000000000210e+00
5.781349999999999767e+00
5.771020000000000039e+00
5.759179999999999744e+00
5.744390000000000107e+00
5.734460000000000335e+00
5.733069999999999666e+00
5.738269999999999982e+00
5.743750000000000355e+00
5.754869166666667368e+00
5.765988333333333493e+00
5.777107500000000506e+00
5.788226666666666631e+00
5.799345833333333644e+00
5.810465000000000657e+00
5.821584166666666782e+00
5.832703333333333795e+00
5.843822499999999920e+00
5.854941666666666933e+00
5.866060833333333058e+00
5.877180000000000071e+00
5.860599999999999810e+00
5.843200000000000394e+00
5.829869999999999663e+00
5.818819999999999659e+00
5.809499999999999886e+00
5.800950000000000273e+00
5.793429999999999858e+00
5.787569999999999659e+00
5.783319999999999794e+00
5.780759999999999899e+00
5.779959999999999987e+00
5.780269999999999797e+00
5.780680000000000263e+00
5.780420000000000336e+00
5.779149999999999565e+00
5.776790000000000092e+00
5.773640000000000327e+00
5.770319999999999894e+00
5.767439999999999678e+00
5.765100000000000335e+00
5.762830000000000119e+00
5.759759999999999991e+00
5.755180000000000184e+00
5.749259999999999593e+00
5.742650000000000254e+00
5.735990000000000144e+00
5.729680000000000106e+00
5.723230000000000040e+00
5.716129999999999711e+00
5.708190000000000097e+00
5.698120000000000296e+00
5.683670000000000222e+00
5.661050000000000360e+00
5.632690000000000197e+00
5.610360000000000014e+00
5.595769999999999911e+00
5.583919999999999995e+00
5.571380000000000443e+00
5.556610000000000049e+00
5.539719999999999978e+00
5.521799999999999820e+00
5.503870000000000040e+00
5.487199999999999633e+00
5.475069999999999659e+00
5.472920000000000229e+00
5.485000000000000320e+00
5.493129999999999846e+00
5.490420000000000300e+00
5.484530000000000349e+00
5.478299999999999947e+00
5.471910000000000274e+00
5.464480000000000004e+00
5.456949999999999967e+00
5.449379999999999669e+00
5.443319999999999936e+00
5.438080000000000247e+00
5.433939999999999770e+00
5.430670000000000108e+00
5.428379999999999761e+00
5.427190000000000403e+00
5.426630000000000287e+00
5.425690000000000346e+00
5.423610000000000042e+00
5.420709999999999695e+00
5.417869999999999742e+00
5.415619999999999656e+00
5.413929999999999687e+00
5.412510000000000154e+00
5.411159999999999748e+00
5.409889999999999866e+00
5.408879999999999910e+00
5.408050000000000246e+00
5.407060000000000421e+00
5.405859999999999665e+00
5.405070000000000263e+00
5.405700000000000394e+00
5.408000000000000362e+00
5.411489999999999689e+00
5.414810000000000123e+00
5.417340000000000266e+00
5.418239999999999945e+00
5.416879999999999917e+00
5.412880000000000358e+00
5.405929999999999680e+00
5.397560000000000358e+00
5.387979999999999769e+00
5.379459999999999908e+00
5.373999999999999666e+00
5.369209999999999816e+00
5.353329999999999700e+00
5.345019999999999882e+00
5.343560000000000088e+00
5.343009999999999593e+00
5.352667407407406763e+00
5.362324814814814822e+00
5.371982222222221992e+00
5.381639629629629162e+00
5.391297037037036333e+00
5.400954444444444391e+00
5.410611851851851561e+00
5.420269259259258732e+00
5.429926666666666790e+00
5.439584074074073961e+00
5.449241481481481131e+00
5.458898888888889189e+00
5.468556296296296360e+00
5.478213703703703530e+00
5.487871111111110700e+00
5.497528518518518759e+00
5.507185925925925929e+00
5.516843333333333099e+00
5.526500740740741158e+00
5.536158148148148328e+00
5.545815555555555498e+00
5.555472962962963557e+00
5.565130370370370727e+00
5.574787777777777897e+00
5.584445185185185068e+00
5.594102592592593126e+00
5.603760000000000296e+00
5.586299999999999599e+00
5.569609999999999950e+00
5.555880000000000152e+00
5.546289999999999942e+00
5.540650000000000297e+00
5.537720000000000198e+00
5.536109999999999864e+00
5.535249999999999559e+00
5.534480000000000288e+00
5.533319999999999794e+00
5.532239999999999824e+00
5.532199999999999562e+00
5.533599999999999852e+00
5.535859999999999559e+00
5.538120000000000154e+00
5.540000000000000036e+00
5.541599999999999859e+00
5.543110000000000426e+00
5.544340000000000046e+00
5.544669999999999987e+00
5.543779999999999930e+00
5.541990000000000194e+00
5.539749999999999730e+00
5.537119999999999820e+00
5.533739999999999881e+00
5.529139999999999944e+00
5.523629999999999818e+00
5.517789999999999750e+00
5.511499999999999844e+00
5.504730000000000345e+00
5.497390000000000221e+00
5.489469999999999850e+00
5.480520000000000280e+00
5.470119999999999649e+00
5.458149999999999835e+00
5.445619999999999905e+00
5.433849999999999625e+00
5.423250000000000348e+00
5.412910000000000110e+00
5.401220000000000354e+00
5.386930000000000440e+00
5.370459999999999567e+00
5.353110000000000035e+00
5.334880000000000067e+00
5.314059999999999562e+00
5.290339999999999598e+00
5.267730000000000246e+00
5.248850000000000016e+00
5.232649999999999579e+00
5.219179999999999708e+00
5.207399999999999807e+00
5.192540000000000155e+00
4.799080000000000013e+00
4.405619999999999870e+00
4.409620000000000317e+00
4.419819999999999638e+00
4.427780000000000271e+00
4.432479999999999976e+00
4.434660000000000046e+00
4.434120000000000061e+00
4.431149999999999700e+00
4.429640000000000022e+00
4.432389999999999830e+00
4.439149999999999707e+00
4.443069999999999631e+00
4.443069999999999631e+00
4.443069999999999631e+00
4.443069999999999631e+00
4.443069999999999631e+00
4.443069999999999631e+00
4.443069999999999631e+00
4.443069999999999631e+00
4.443069999999999631e+00
4.443069999999999631e+00
4.443069999999999631e+00
4.443069999999999631e+00
4.443069999999999631e+00
4.443069999999999631e+00
4.443069999999999631e+00
4.443069999999999631e+00
4.443069999999999631e+00
4.443069999999999631e+00
4.443069999999999631e+00
4.443069999999999631e+00
4.443069999999999631e+00
4.443069999999999631e+00
4.443069999999999631e+00
4.443069999999999631e+00
4.443069999999999631e+00
4.443069999999999631e+00
4.443069999999999631e+00
4.443069999999999631e+00
4.443069999999999631e+00
4.443069999999999631e+00
4.443069999999999631e+00
4.443069999999999631e+00
4.443069999999999631e+00
