-1e+10
-1e+10
-1e+10
-1e+10
-1e+10
-1e+10
-1e+10
-1e+10
-1e+10
-1e+10
-1e+10
-1e+10
-1e+10
-1e+10
-1e+10
-1e+10
-1e+10
-1e+10
-1e+10
-1e+10
-1e+10
-1e+10
-1e+10
-1e+10
-1e+10
-1e+10
-1e+10
-1e+10
-1e+10
-1e+10
-1e+10
-1e+10
-1e+10
-1e+10
-1e+10
-1e+10
-1e+10
-1e+10
-1e+10
-1e+10
-1e+10
-1e+10
-1e+10
-1e+10
-1e+10
-1e+10
-1e+10
-1e+10
-1e+10
-1e+10
-1e+10
-1e+10
5.35189
5.3387
5.32538
5.3079
5.28553
5.26451
5.24778
5.23533
5.22662
5.22203
5.22445
5.23715
5.25917
5.28244
5.29878
5.30655
5.3083
5.30731
5.30536
5.30313
5.30124
5.30024
5.30028
5.3012
5.30295
5.30549
5.30869
5.31228
5.31606
5.31964
5.32257
5.32532
5.32966
5.33858
5.353
5.36434
5.36846
5.36942
5.37004
5.37134
5.37391
5.37836
5.38504
5.39307
5.40252
5.41381
5.42687
5.44072
5.45293
5.46225
5.47041
5.4767
5.48382
5.49371
5.50765
5.5218
5.53496
5.54731
5.55781
5.56627
5.57182
5.57259
5.56431
5.53317
5.47737
5.44068
5.42477
5.41077
5.40494
5.41844
5.45269
5.47902
5.48704
5.48841
5.49043
5.49697
5.50969
5.52638
5.54284
5.55688
5.56788
5.57564
5.58031
5.58205
5.58116
5.57769
5.57148
5.56202
5.54715
5.52199
5.47496
5.40877
5.37811
5.37788
5.38604
-1e+10
-1e+10
-1e+10
-1e+10
-1e+10
-1e+10
-1e+10
-1e+10
-1e+10
-1e+10
-1e+10
-1e+10
-1e+10
-1e+10
-1e+10
-1e+10
-1e+10
-1e+10
-1e+10
-1e+10
-1e+10
-1e+10
-1e+10
-1e+10
-1e+10
-1e+10
-1e+10
-1e+10
5.45989
5.44566
5.43396
5.4282
5.42539
5.42399
5.42344
5.42344
5.42422
5.42606
5.42792
5.42808
5.42567
5.42109
5.41582
5.41074
5.40631
5.40242
5.39841
5.39371
5.38826
5.38172
5.3744
5.36677
-1e+10
-1e+10
-1e+10
-1e+10
-1e+10
-1e+10
-1e+10
-1e+10
-1e+10
-1e+10
-1e+10
-1e+10
-1e+10
-1e+10
-1e+10
-1e+10
-1e+10
5.35949
5.34779
5.336
5.32365
5.3101
5.29498
5.2791
5.26428
5.25107
5.23887
5.22674
5.21377
5.20003
5.18703
5.17598
5.16699
5.1602
5.15613
5.1554
4.46493
4.46974
4.47832
4.49236
4.50819
4.51615
4.51129
4.49661
4.4733
4.46033
4.45654
4.45639
4.4584
4.46179
4.46597
4.46915
4.46998
4.46916
4.46784
4.46701
4.46964
4.47842
4.48947
4.49364
4.49323
4.48877
4.47521
4.47037
4.48074
4.49238
4.49591
4.1336
4.1341
4.13478
-1e+10
-1e+10
-1e+10
-1e+10
-1e+10
-1e+10
-1e+10
-1e+10
-1e+10
-1e+10
-1e+10
-1e+10
-1e+10
-1e+10
-1e+10
-1e+10
-1e+10
-1e+10
-1e+10
-1e+10
-1e+10
-1e+10
-1e+10
-1e+10
-1e+10
-1e+10
-1e+10
-1e+10
-1e+10
-1e+10
-1e+10
-1e+10
-1e+10
-1e+10
-1e+10
-1e+10
-1e+10
-1e+10
-1e+10
-1e+10
-1e+10
-1e+10
-1e+10
-1e+10
-1e+10
-1e+10
-1e+10
-1e+10
-1e+10
