2.296880000000000109e+03
2.296880000000000109e+03
2.296880000000000109e+03
2.296880000000000109e+03
2.296880000000000109e+03
2.296880000000000109e+03
2.296880000000000109e+03
2.296880000000000109e+03
2.296880000000000109e+03
2.296880000000000109e+03
2.296880000000000109e+03
2.296880000000000109e+03
2.296880000000000109e+03
2.296880000000000109e+03
2.296880000000000109e+03
2.296880000000000109e+03
2.296880000000000109e+03
2.296880000000000109e+03
2.296880000000000109e+03
2.296880000000000109e+03
2.296880000000000109e+03
2.296880000000000109e+03
2.296880000000000109e+03
2.296880000000000109e+03
2.296880000000000109e+03
2.296880000000000109e+03
2.296880000000000109e+03
2.296880000000000109e+03
2.296880000000000109e+03
2.296880000000000109e+03
2.296880000000000109e+03
4.480439999999999600e+03
5.741100000000000364e+03
5.741100000000000364e+03
5.741100000000000364e+03
3.738650000000000091e+03
3.138570000000000164e+03
1.380630000000000109e+03
1.117259999999999991e+03
1.045410000000000082e+03
1.031630000000000109e+03
1.031630000000000109e+03
1.082914285714285825e+03
1.134198571428571540e+03
1.185482857142857029e+03
1.236767142857142744e+03
1.288051428571428460e+03
1.339335714285714175e+03
1.390619999999999891e+03
1.472380000000000109e+03
2.446179999999999836e+03
2.528610000000000127e+03
2.875000000000000000e+03
4.170069999999999709e+03
4.170069999999999709e+03
6.555649999999999636e+03
6.937500000000000000e+03
6.555649999999999636e+03
2.922699999999999818e+03
2.306159999999999854e+03
1.240960000000000036e+03
1.240960000000000036e+03
1.240960000000000036e+03
1.240960000000000036e+03
1.105579999999999927e+03
1.105579999999999927e+03
1.102173913043478251e+03
1.098767826086956347e+03
1.095361739130434671e+03
1.091955652173912995e+03
1.088549565217391319e+03
1.085143478260869415e+03
1.081737391304347739e+03
1.078331304347826062e+03
1.074925217391304386e+03
1.071519130434782483e+03
1.068113043478260806e+03
1.064706956521739130e+03
1.061300869565217454e+03
1.057894782608695550e+03
1.054488695652173874e+03
1.051082608695652198e+03
1.047676521739130521e+03
1.044270434782608618e+03
1.040864347826086941e+03
1.037458260869565265e+03
1.034052173913043589e+03
1.030646086956521685e+03
1.027240000000000009e+03
1.187569999999999936e+03
1.244769999999999982e+03
2.046880000000000109e+03
4.034920000000000073e+03
4.034920000000000073e+03
4.046880000000000109e+03
5.073449999999999818e+03
4.453119999999999891e+03
4.453119999999999891e+03
5.952579999999999927e+03
5.931000000000000000e+03
4.453119999999999891e+03
5.781250000000000000e+03
5.781250000000000000e+03
4.312500000000000000e+03
3.905760000000000218e+03
4.312500000000000000e+03
4.298619999999999891e+03
4.312500000000000000e+03
5.328119999999999891e+03
5.448920000000000073e+03
5.724449999999999818e+03
6.094250000000000000e+03
6.782020000000000437e+03
7.537779999999999745e+03
7.537779999999999745e+03
7.585970000000000255e+03
7.537779999999999745e+03
7.336010000000000218e+03
4.892939999999999600e+03
1.421880000000000109e+03
1.421880000000000109e+03
1.421880000000000109e+03
1.617579999999999927e+03
1.617579999999999927e+03
1.617579999999999927e+03
1.374039999999999964e+03
1.334970000000000027e+03
1.109380000000000109e+03
1.109380000000000109e+03
1.109380000000000109e+03
1.109380000000000109e+03
1.330220000000000027e+03
1.344079999999999927e+03
1.330220000000000027e+03
1.101039999999999964e+03
1.287464166666666642e+03
1.473888333333333321e+03
1.660312500000000000e+03
1.846736666666666679e+03
2.033160833333333358e+03
2.219585000000000036e+03
2.406009166666666715e+03
2.592433333333333394e+03
2.778857500000000073e+03
2.965281666666666752e+03
3.151705833333333430e+03
3.338130000000000109e+03
4.738340000000000146e+03
4.738340000000000146e+03
4.738340000000000146e+03
4.510069999999999709e+03
4.851199999999999818e+03
4.806590000000000146e+03
4.806590000000000146e+03
4.806590000000000146e+03
4.806590000000000146e+03
3.578119999999999891e+03
2.728710000000000036e+03
2.728710000000000036e+03
2.728710000000000036e+03
2.728710000000000036e+03
3.009500000000000000e+03
4.127149999999999636e+03
5.147220000000000255e+03
5.463329999999999927e+03
5.603180000000000291e+03
5.673500000000000000e+03
5.603180000000000291e+03
5.673500000000000000e+03
5.924720000000000255e+03
6.207340000000000146e+03
6.207340000000000146e+03
6.207340000000000146e+03
5.607350000000000364e+03
5.607350000000000364e+03
4.915279999999999745e+03
4.915279999999999745e+03
5.630550000000000182e+03
5.630550000000000182e+03
4.915279999999999745e+03
3.180309999999999945e+03
3.071449999999999818e+03
2.175420000000000073e+03
2.175420000000000073e+03
1.371930000000000064e+03
1.193500000000000000e+03
1.140619999999999891e+03
1.140619999999999891e+03
1.215494166666666615e+03
1.290368333333333339e+03
1.365242499999999836e+03
1.440116666666666561e+03
1.514990833333333285e+03
1.589864999999999782e+03
1.664739166666666506e+03
1.739613333333333230e+03
1.814487499999999955e+03
1.889361666666666679e+03
1.964235833333333176e+03
2.039109999999999900e+03
2.039109999999999900e+03
2.222949999999999818e+03
2.353760000000000218e+03
2.222949999999999818e+03
1.785190000000000055e+03
1.785190000000000055e+03
1.785190000000000055e+03
1.785190000000000055e+03
2.491510000000000218e+03
5.812500000000000000e+03
5.812500000000000000e+03
6.036770000000000437e+03
5.812500000000000000e+03
5.125000000000000000e+03
2.639670000000000073e+03
2.152260000000000218e+03
1.921880000000000109e+03
1.385299999999999955e+03
1.382990000000000009e+03
1.382990000000000009e+03
1.130190000000000055e+03
1.120538333333333412e+03
1.110886666666666770e+03
1.101235000000000127e+03
1.091583333333333485e+03
1.081931666666666615e+03
1.072279999999999973e+03
1.062628333333333330e+03
1.052976666666666688e+03
1.043325000000000045e+03
1.033673333333333403e+03
1.024021666666666761e+03
1.014370000000000005e+03
1.032789999999999964e+03
2.004890000000000100e+03
3.357239999999999782e+03
3.357239999999999782e+03
5.494199999999999818e+03
7.308829999999999927e+03
7.308829999999999927e+03
7.308829999999999927e+03
7.308829999999999927e+03
5.415399999999999636e+03
5.415399999999999636e+03
6.409979999999999563e+03
5.415399999999999636e+03
5.415399999999999636e+03
2.892550000000000182e+03
2.173679999999999836e+03
1.552170000000000073e+03
1.121019999999999982e+03
1.036059999999999945e+03
1.034494545454545460e+03
1.032929090909090974e+03
1.031363636363636260e+03
1.029798181818181774e+03
1.028232727272727288e+03
1.026667272727272803e+03
1.025101818181818089e+03
1.023536363636363603e+03
1.021970909090909117e+03
1.020405454545454518e+03
1.018840000000000032e+03
1.245759999999999991e+03
1.593750000000000000e+03
4.487180000000000291e+03
6.573829999999999927e+03
6.891420000000000073e+03
6.891420000000000073e+03
6.573829999999999927e+03
6.514909999999999854e+03
4.553500000000000000e+03
3.536050000000000182e+03
2.396760000000000218e+03
1.325150000000000091e+03
1.325150000000000091e+03
1.325150000000000091e+03
1.310930000000000064e+03
1.082589999999999918e+03
1.077496428571428396e+03
1.072402857142857101e+03
1.067309285714285579e+03
1.062215714285714284e+03
1.057122142857142762e+03
1.052028571428571468e+03
1.046934999999999945e+03
1.041841428571428423e+03
1.036747857142857129e+03
1.031654285714285606e+03
1.026560714285714312e+03
1.021467142857142790e+03
1.016373571428571381e+03
1.011279999999999973e+03
2.859199999999999818e+03
4.248930000000000291e+03
5.630600000000000364e+03
5.687500000000000000e+03
6.120619999999999891e+03
6.120619999999999891e+03
6.120619999999999891e+03
6.293140000000000327e+03
6.293140000000000327e+03
6.638789999999999964e+03
6.638789999999999964e+03
7.229689999999999600e+03
6.638789999999999964e+03
7.500199999999999818e+03
7.671880000000000109e+03
7.683960000000000036e+03
7.683960000000000036e+03
7.683960000000000036e+03
7.683960000000000036e+03
7.683960000000000036e+03
7.763470000000000255e+03
7.763470000000000255e+03
7.763470000000000255e+03
7.740810000000000400e+03
7.740810000000000400e+03
7.248829999999999927e+03
6.117079999999999927e+03
7.248829999999999927e+03
6.117079999999999927e+03
4.163270000000000437e+03
2.886269999999999982e+03
2.093750000000000000e+03
1.991660000000000082e+03
1.991660000000000082e+03
1.556690000000000055e+03
1.556690000000000055e+03
1.114740000000000009e+03
1.078119999999999891e+03
1.078119999999999891e+03
1.078119999999999891e+03
1.078119999999999891e+03
1.078119999999999891e+03
1.078119999999999891e+03
1.078119999999999891e+03
1.078119999999999891e+03
1.078119999999999891e+03
1.078119999999999891e+03
1.078119999999999891e+03
1.078119999999999891e+03
1.078119999999999891e+03
1.078119999999999891e+03
1.078119999999999891e+03
1.078119999999999891e+03
1.078119999999999891e+03
1.078119999999999891e+03
1.078119999999999891e+03
1.078119999999999891e+03
1.078119999999999891e+03
1.078119999999999891e+03
1.078119999999999891e+03
1.078119999999999891e+03
1.078119999999999891e+03
1.078119999999999891e+03
1.078119999999999891e+03
1.078119999999999891e+03
1.078119999999999891e+03
1.078119999999999891e+03
1.078119999999999891e+03
1.078119999999999891e+03
1.078119999999999891e+03
1.078119999999999891e+03
1.078119999999999891e+03
1.078119999999999891e+03
1.078119999999999891e+03
1.078119999999999891e+03
1.078119999999999891e+03
1.078119999999999891e+03
1.078119999999999891e+03
1.078119999999999891e+03
1.078119999999999891e+03
1.078119999999999891e+03
1.078119999999999891e+03
1.078119999999999891e+03
1.078119999999999891e+03
1.078119999999999891e+03
1.078119999999999891e+03
1.078119999999999891e+03
1.078119999999999891e+03
1.078119999999999891e+03
1.078119999999999891e+03
1.078119999999999891e+03
1.078119999999999891e+03
1.078119999999999891e+03
1.078119999999999891e+03
1.078119999999999891e+03
1.078119999999999891e+03
1.078119999999999891e+03
1.078119999999999891e+03
1.078119999999999891e+03
1.078119999999999891e+03
1.078119999999999891e+03
1.078119999999999891e+03
1.078119999999999891e+03
1.078119999999999891e+03
1.078119999999999891e+03
1.078119999999999891e+03
1.078119999999999891e+03
1.078119999999999891e+03
1.078119999999999891e+03
1.078119999999999891e+03
1.078119999999999891e+03
1.078119999999999891e+03
1.078119999999999891e+03
1.078119999999999891e+03
1.078119999999999891e+03
1.078119999999999891e+03
1.078119999999999891e+03
1.078119999999999891e+03
1.078119999999999891e+03
1.078119999999999891e+03
1.078119999999999891e+03
1.078119999999999891e+03
