1.187940000000000055e+03
1.187940000000000055e+03
1.187940000000000055e+03
1.187940000000000055e+03
1.187940000000000055e+03
1.187940000000000055e+03
1.187940000000000055e+03
1.187940000000000055e+03
1.187940000000000055e+03
1.187940000000000055e+03
1.187940000000000055e+03
1.187940000000000055e+03
1.187940000000000055e+03
1.187940000000000055e+03
1.187940000000000055e+03
1.187940000000000055e+03
1.187940000000000055e+03
1.187940000000000055e+03
1.187940000000000055e+03
1.187940000000000055e+03
1.187940000000000055e+03
1.187940000000000055e+03
1.187940000000000055e+03
1.187940000000000055e+03
1.187940000000000055e+03
1.187940000000000055e+03
1.187940000000000055e+03
1.187940000000000055e+03
1.187940000000000055e+03
1.187940000000000055e+03
1.187940000000000055e+03
1.187940000000000055e+03
1.187940000000000055e+03
1.187940000000000055e+03
1.187940000000000055e+03
1.187940000000000055e+03
1.187940000000000055e+03
1.187940000000000055e+03
1.187940000000000055e+03
1.187940000000000055e+03
1.340140000000000100e+03
3.437500000000000000e+03
4.375000000000000000e+03
5.175069999999999709e+03
6.073520000000000437e+03
6.073520000000000437e+03
5.175069999999999709e+03
5.140619999999999891e+03
4.374220000000000255e+03
3.788690000000000055e+03
4.374220000000000255e+03
4.374220000000000255e+03
4.028750000000000000e+03
4.028750000000000000e+03
4.028750000000000000e+03
2.385599999999999909e+03
2.003349999999999909e+03
1.566309999999999945e+03
1.292329999999999927e+03
1.071680000000000064e+03
1.070309999999999945e+03
1.047079999999999927e+03
1.052724615384615390e+03
1.058369230769230626e+03
1.064013846153846089e+03
1.069658461538461552e+03
1.075303076923076787e+03
1.080947692307692250e+03
1.086592307692307713e+03
1.092236923076922949e+03
1.097881538461538412e+03
1.103526153846153875e+03
1.109170769230769110e+03
1.114815384615384573e+03
1.120460000000000036e+03
1.126104615384615272e+03
1.131749230769230735e+03
1.137393846153845971e+03
1.143038461538461434e+03
1.148683076923076896e+03
1.154327692307692132e+03
1.159972307692307595e+03
1.165616923076923058e+03
1.171261538461538294e+03
1.176906153846153757e+03
1.182550769230769220e+03
1.188195384615384455e+03
1.193839999999999918e+03
1.765619999999999891e+03
1.799359999999999900e+03
1.799359999999999900e+03
4.966170000000000073e+03
5.433020000000000437e+03
6.109380000000000109e+03
6.109380000000000109e+03
6.109380000000000109e+03
6.109380000000000109e+03
6.109380000000000109e+03
6.203119999999999891e+03
5.918819999999999709e+03
6.203119999999999891e+03
6.203119999999999891e+03
6.339260000000000218e+03
4.554920000000000073e+03
4.812229999999999563e+03
4.812229999999999563e+03
4.812229999999999563e+03
4.269989999999999782e+03
1.658859999999999900e+03
1.531250000000000000e+03
1.531250000000000000e+03
1.531250000000000000e+03
1.102019999999999982e+03
1.015620000000000005e+03
1.010230000000000018e+03
1.261526000000000067e+03
1.512822000000000116e+03
1.764117999999999938e+03
2.015413999999999987e+03
2.266710000000000036e+03
2.518005999999999858e+03
2.769301999999999680e+03
3.020597999999999956e+03
3.271893999999999778e+03
3.523190000000000055e+03
5.389060000000000400e+03
5.389060000000000400e+03
5.389060000000000400e+03
4.937750000000000000e+03
5.389060000000000400e+03
5.937420000000000073e+03
5.937420000000000073e+03
4.930229999999999563e+03
2.289059999999999945e+03
2.256016874999999800e+03
2.222973750000000109e+03
2.189930624999999964e+03
2.156887499999999818e+03
2.123844375000000127e+03
2.090801249999999982e+03
2.057758124999999836e+03
2.024714999999999918e+03
1.991671875000000000e+03
1.958628749999999854e+03
1.925585624999999936e+03
1.892542500000000018e+03
1.859499374999999873e+03
1.826456249999999955e+03
1.793413125000000036e+03
1.760369999999999891e+03
1.727326874999999973e+03
1.694283750000000055e+03
1.661240624999999909e+03
1.628197499999999991e+03
1.595154375000000073e+03
1.562111249999999927e+03
1.529068125000000009e+03
1.496025000000000091e+03
1.462981874999999945e+03
1.429938750000000027e+03
1.396895625000000109e+03
1.363852499999999964e+03
1.330809375000000045e+03
1.297766250000000127e+03
1.264723124999999982e+03
1.231680000000000064e+03
1.343750000000000000e+03
4.734380000000000109e+03
5.046880000000000109e+03
5.046880000000000109e+03
5.046880000000000109e+03
3.549880000000000109e+03
3.549880000000000109e+03
3.549880000000000109e+03
4.617010000000000218e+03
5.492109999999999673e+03
5.703560000000000400e+03
6.451470000000000255e+03
6.359380000000000109e+03
6.451470000000000255e+03
7.123770000000000437e+03
7.123770000000000437e+03
7.495239999999999782e+03
7.495239999999999782e+03
7.495239999999999782e+03
7.482010000000000218e+03
5.853140000000000327e+03
5.853140000000000327e+03
5.853140000000000327e+03
5.853140000000000327e+03
7.072300000000000182e+03
7.072300000000000182e+03
6.752079999999999927e+03
6.752079999999999927e+03
6.752079999999999927e+03
6.031250000000000000e+03
6.031250000000000000e+03
7.061020000000000437e+03
7.061020000000000437e+03
7.061020000000000437e+03
7.221310000000000400e+03
7.501229999999999563e+03
7.221310000000000400e+03
7.221310000000000400e+03
6.599659999999999854e+03
6.599659999999999854e+03
6.599659999999999854e+03
6.599659999999999854e+03
6.707079999999999927e+03
7.749859999999999673e+03
7.751449999999999818e+03
7.751449999999999818e+03
7.751449999999999818e+03
7.537390000000000327e+03
7.429000000000000000e+03
7.429000000000000000e+03
7.267890000000000327e+03
7.267890000000000327e+03
7.514520000000000437e+03
7.514520000000000437e+03
5.328119999999999891e+03
6.468750000000000000e+03
5.328119999999999891e+03
5.162800000000000182e+03
3.859380000000000109e+03
2.074639999999999873e+03
1.660660000000000082e+03
1.275049999999999955e+03
1.106210000000000036e+03
1.081170000000000073e+03
1.062500000000000000e+03
1.061212222222222181e+03
1.059924444444444362e+03
1.058636666666666770e+03
1.057348888888888951e+03
1.056061111111111131e+03
1.054773333333333312e+03
1.053485555555555720e+03
1.052197777777777901e+03
1.050910000000000082e+03
1.156250000000000000e+03
2.203119999999999891e+03
2.281199999999999818e+03
2.582860000000000127e+03
2.582860000000000127e+03
2.582860000000000127e+03
2.281199999999999818e+03
2.138730000000000018e+03
1.858259999999999991e+03
1.656250000000000000e+03
1.435029999999999973e+03
1.435029999999999973e+03
1.150829999999999927e+03
1.078119999999999891e+03
1.070309999999999945e+03
1.071481999999999971e+03
1.072653999999999996e+03
1.073826000000000022e+03
1.074998000000000047e+03
1.076170000000000073e+03
1.077341999999999871e+03
1.078513999999999896e+03
1.079685999999999922e+03
1.080857999999999947e+03
1.082029999999999973e+03
1.083201999999999998e+03
1.084374000000000024e+03
1.085546000000000049e+03
1.086718000000000075e+03
1.087889999999999873e+03
1.089061999999999898e+03
1.090233999999999924e+03
1.091405999999999949e+03
1.092577999999999975e+03
1.093750000000000000e+03
1.140619999999999891e+03
1.371700000000000045e+03
5.372609999999999673e+03
6.234380000000000109e+03
6.234380000000000109e+03
5.372609999999999673e+03
5.146210000000000036e+03
5.146210000000000036e+03
5.146210000000000036e+03
6.892399999999999636e+03
7.484479999999999563e+03
7.669819999999999709e+03
7.669819999999999709e+03
7.417470000000000255e+03
7.417470000000000255e+03
6.859149999999999636e+03
6.859149999999999636e+03
6.859149999999999636e+03
6.859149999999999636e+03
6.103270000000000437e+03
6.273640000000000327e+03
6.273640000000000327e+03
6.273640000000000327e+03
6.103270000000000437e+03
6.273640000000000327e+03
6.031289999999999964e+03
6.031289999999999964e+03
6.846180000000000291e+03
6.846180000000000291e+03
4.531250000000000000e+03
4.531250000000000000e+03
3.233639999999999873e+03
1.777259999999999991e+03
1.622869999999999891e+03
1.192809999999999945e+03
1.343750000000000000e+03
1.140619999999999891e+03
1.140619999999999891e+03
1.218750000000000000e+03
1.343750000000000000e+03
2.477630000000000109e+03
3.585699999999999818e+03
4.031849999999999909e+03
5.729899999999999636e+03
6.153279999999999745e+03
7.391439999999999600e+03
7.735020000000000437e+03
7.735020000000000437e+03
7.735020000000000437e+03
7.714409999999999854e+03
7.714409999999999854e+03
7.714409999999999854e+03
7.271590000000000146e+03
7.271590000000000146e+03
7.271590000000000146e+03
6.625000000000000000e+03
6.505380000000000109e+03
4.671880000000000109e+03
4.568090000000000146e+03
4.351680000000000291e+03
4.010789999999999964e+03
3.456190000000000055e+03
3.456190000000000055e+03
3.456190000000000055e+03
3.456190000000000055e+03
3.487420000000000073e+03
4.008360000000000127e+03
4.008360000000000127e+03
5.539939999999999600e+03
5.539939999999999600e+03
4.008360000000000127e+03
6.146130000000000109e+03
6.146130000000000109e+03
4.361000000000000000e+03
6.146130000000000109e+03
6.146130000000000109e+03
6.103489999999999782e+03
4.779390000000000327e+03
6.103489999999999782e+03
4.779390000000000327e+03
4.779390000000000327e+03
6.095000000000000000e+03
6.204050000000000182e+03
6.095000000000000000e+03
6.168750000000000000e+03
6.095000000000000000e+03
4.325350000000000364e+03
3.094920000000000073e+03
1.446509999999999991e+03
1.139369999999999891e+03
1.121509999999999991e+03
1.121559230769230680e+03
1.121608461538461597e+03
1.121657692307692287e+03
1.121706923076923204e+03
1.121756153846153893e+03
1.121805384615384583e+03
1.121854615384615499e+03
1.121903846153846189e+03
1.121953076923076878e+03
1.122002307692307795e+03
1.122051538461538485e+03
1.122100769230769401e+03
1.122150000000000091e+03
1.753150000000000091e+03
1.753150000000000091e+03
1.753910000000000082e+03
1.833690000000000055e+03
1.833690000000000055e+03
2.495190000000000055e+03
2.495190000000000055e+03
2.495190000000000055e+03
1.886839999999999918e+03
1.886839999999999918e+03
1.886839999999999918e+03
1.906789999999999964e+03
1.915450000000000045e+03
1.915450000000000045e+03
1.988490000000000009e+03
1.988490000000000009e+03
1.896039999999999964e+03
1.184609999999999900e+03
1.184609999999999900e+03
1.184609999999999900e+03
1.184609999999999900e+03
1.184609999999999900e+03
1.085940000000000055e+03
1.085940000000000055e+03
1.085940000000000055e+03
1.085940000000000055e+03
1.085940000000000055e+03
1.085940000000000055e+03
1.085940000000000055e+03
1.085940000000000055e+03
1.085940000000000055e+03
1.085940000000000055e+03
1.085940000000000055e+03
1.085940000000000055e+03
1.085940000000000055e+03
1.085940000000000055e+03
1.085940000000000055e+03
1.085940000000000055e+03
1.085940000000000055e+03
1.085940000000000055e+03
1.085940000000000055e+03
1.085940000000000055e+03
1.085940000000000055e+03
1.085940000000000055e+03
1.085940000000000055e+03
1.085940000000000055e+03
1.085940000000000055e+03
1.085940000000000055e+03
1.085940000000000055e+03
1.085940000000000055e+03
1.085940000000000055e+03
1.085940000000000055e+03
1.085940000000000055e+03
1.085940000000000055e+03
1.085940000000000055e+03
1.085940000000000055e+03
1.085940000000000055e+03
1.085940000000000055e+03
1.085940000000000055e+03
