5.468449999999999811e+00
5.468449999999999811e+00
5.468449999999999811e+00
5.468449999999999811e+00
5.468449999999999811e+00
5.468449999999999811e+00
5.468449999999999811e+00
5.468449999999999811e+00
5.468449999999999811e+00
5.468449999999999811e+00
5.468449999999999811e+00
5.468449999999999811e+00
5.468449999999999811e+00
5.468449999999999811e+00
5.468449999999999811e+00
5.468449999999999811e+00
5.468449999999999811e+00
5.468449999999999811e+00
5.468449999999999811e+00
5.468449999999999811e+00
5.468449999999999811e+00
5.468449999999999811e+00
5.468449999999999811e+00
5.468449999999999811e+00
5.468449999999999811e+00
5.468449999999999811e+00
5.468449999999999811e+00
5.468449999999999811e+00
5.468449999999999811e+00
5.468449999999999811e+00
5.468449999999999811e+00
5.468449999999999811e+00
5.468449999999999811e+00
5.468449999999999811e+00
5.468449999999999811e+00
5.468449999999999811e+00
5.468449999999999811e+00
5.468449999999999811e+00
5.468449999999999811e+00
5.468449999999999811e+00
5.468449999999999811e+00
5.468449999999999811e+00
5.468449999999999811e+00
5.468449999999999811e+00
5.468449999999999811e+00
5.468449999999999811e+00
5.468449999999999811e+00
5.468449999999999811e+00
5.468449999999999811e+00
5.468449999999999811e+00
5.468449999999999811e+00
5.468449999999999811e+00
5.468449999999999811e+00
5.468449999999999811e+00
5.468449999999999811e+00
5.468449999999999811e+00
5.468449999999999811e+00
5.468449999999999811e+00
5.468449999999999811e+00
5.468449999999999811e+00
5.468449999999999811e+00
5.468449999999999811e+00
5.468449999999999811e+00
5.468449999999999811e+00
5.468449999999999811e+00
5.468449999999999811e+00
5.468449999999999811e+00
5.468449999999999811e+00
5.468449999999999811e+00
5.468449999999999811e+00
5.465499999999999581e+00
5.458400000000000141e+00
5.427389999999999937e+00
5.374220000000000219e+00
5.328630000000000422e+00
5.300589999999999691e+00
5.287679999999999936e+00
5.285879999999999690e+00
5.289699999999999847e+00
5.295160000000000089e+00
5.302500000000000213e+00
5.314510000000000289e+00
5.334990000000000343e+00
5.359910000000000174e+00
5.381109999999999616e+00
5.399750000000000050e+00
5.421059999999999768e+00
5.450249999999999595e+00
5.484680000000000000e+00
5.511610000000000120e+00
5.528679999999999595e+00
5.541509999999999714e+00
5.555100000000000371e+00
5.569589999999999819e+00
5.582139999999999880e+00
5.592369999999999841e+00
5.602219999999999978e+00
5.612479999999999691e+00
5.621430000000000149e+00
5.628370000000000317e+00
5.633060000000000400e+00
5.635589999999999655e+00
5.636219999999999786e+00
5.635250000000000092e+00
5.632819999999999716e+00
5.628829999999999778e+00
5.624369999999999870e+00
5.621220000000000105e+00
5.621410000000000018e+00
5.626240000000000130e+00
5.635309999999999597e+00
5.646670000000000300e+00
5.659290000000000376e+00
5.671579999999999622e+00
5.680640000000000356e+00
5.687160000000000437e+00
5.691670000000000229e+00
5.695529999999999760e+00
5.698970000000000091e+00
5.701959999999999695e+00
5.704480000000000217e+00
5.706750000000000433e+00
5.708669999999999689e+00
5.709780000000000300e+00
5.709550000000000125e+00
5.707749999999999879e+00
5.704399999999999693e+00
5.699880000000000280e+00
5.695350000000000357e+00
5.691720000000000113e+00
5.689189999999999969e+00
5.687820000000000320e+00
5.687750000000000306e+00
5.689059999999999562e+00
5.691449999999999676e+00
5.694090000000000096e+00
5.696439999999999948e+00
5.698400000000000354e+00
5.700079999999999814e+00
5.701329999999999565e+00
5.701929999999999943e+00
5.701780000000000292e+00
5.700929999999999609e+00
5.699440000000000062e+00
5.697440000000000282e+00
5.695100000000000051e+00
5.692560000000000286e+00
5.689790000000000347e+00
5.686350000000000016e+00
5.681739999999999569e+00
5.675849999999999618e+00
5.668829999999999814e+00
5.660440000000000360e+00
5.650879999999999903e+00
5.640590000000000437e+00
5.631439999999999557e+00
5.625429999999999708e+00
5.622620000000000395e+00
5.619320000000000093e+00
5.612470000000000070e+00
5.601409999999999556e+00
5.586780000000000079e+00
5.569510000000000183e+00
5.549890000000000434e+00
5.528889999999999638e+00
5.509820000000000384e+00
5.496509999999999785e+00
5.491369999999999862e+00
5.491103559322033867e+00
5.490837118644067871e+00
5.490570677966101876e+00
5.490304237288135880e+00
5.490037796610168996e+00
5.489771355932203001e+00
5.489504915254237005e+00
5.489238474576271010e+00
5.488972033898305014e+00
5.488705593220339019e+00
5.488439152542373023e+00
5.488172711864407027e+00
5.487906271186440144e+00
5.487639830508474148e+00
5.487373389830508152e+00
5.487106949152542157e+00
5.486840508474576161e+00
5.486574067796610166e+00
5.486307627118644170e+00
5.486041186440678175e+00
5.485774745762712179e+00
5.485508305084745295e+00
5.485241864406779300e+00
5.484975423728813304e+00
5.484708983050847309e+00
5.484442542372881313e+00
5.484176101694915317e+00
5.483909661016949322e+00
5.483643220338983326e+00
5.483376779661016442e+00
5.483110338983050447e+00
5.482843898305084451e+00
5.482577457627118456e+00
5.482311016949152460e+00
5.482044576271186465e+00
5.481778135593220469e+00
5.481511694915254473e+00
5.481245254237287590e+00
5.480978813559321594e+00
5.480712372881355599e+00
5.480445932203389603e+00
5.480179491525423607e+00
5.479913050847457612e+00
5.479646610169491616e+00
5.479380169491525621e+00
5.479113728813559625e+00
5.478847288135592741e+00
5.478580847457626746e+00
5.478314406779660750e+00
5.478047966101694755e+00
5.477781525423728759e+00
5.477515084745762763e+00
5.477248644067796768e+00
5.476982203389830772e+00
5.476715762711863889e+00
5.476449322033897893e+00
5.476182881355931897e+00
5.475916440677965902e+00
5.475649999999999906e+00
5.466260000000000119e+00
5.404740000000000322e+00
5.397770000000000401e+00
5.393500000000000405e+00
5.390469999999999651e+00
5.387900000000000134e+00
5.384800000000000253e+00
5.380270000000000330e+00
5.375759999999999650e+00
5.370890000000000164e+00
5.364869999999999806e+00
5.358500000000000263e+00
5.349599999999999689e+00
5.337830000000000297e+00
5.321489999999999831e+00
5.300360000000000404e+00
5.283140000000000391e+00
5.268360000000000376e+00
5.253230000000000288e+00
5.238489999999999647e+00
5.226770000000000138e+00
5.235179500000000097e+00
5.243589000000000055e+00
5.251998500000000014e+00
5.260407999999999973e+00
5.268817499999999932e+00
5.277226999999999890e+00
5.285636499999999849e+00
5.294045999999999808e+00
5.302455499999999766e+00
5.310864999999999725e+00
5.319274500000000572e+00
5.327684000000000530e+00
5.336093500000000489e+00
5.344503000000000448e+00
5.352912500000000406e+00
5.361322000000000365e+00
5.369731500000000324e+00
5.378141000000000282e+00
5.386550500000000241e+00
5.394960000000000200e+00
5.382240000000000357e+00
5.375239999999999796e+00
5.367980000000000196e+00
5.361399999999999721e+00
5.354119999999999990e+00
5.348770000000000024e+00
5.344540000000000290e+00
5.341260000000000119e+00
5.338650000000000340e+00
5.335740000000000371e+00
5.331889999999999574e+00
5.327239999999999753e+00
5.323000000000000398e+00
5.318679999999999630e+00
5.314049999999999940e+00
5.309639999999999915e+00
5.304960000000000342e+00
5.300300000000000011e+00
5.296129999999999782e+00
5.292220000000000368e+00
5.288520000000000110e+00
5.284860000000000113e+00
5.280940000000000190e+00
5.276939999999999742e+00
5.273690000000000211e+00
5.270889999999999631e+00
5.268130000000000202e+00
5.264660000000000117e+00
5.260570000000000412e+00
5.255690000000000417e+00
5.250300000000000189e+00
5.245700000000000252e+00
5.240470000000000184e+00
5.234110000000000262e+00
5.189370000000000260e+00
5.193749999999999645e+00
5.205280000000000129e+00
5.218049999999999855e+00
5.227920000000000122e+00
5.230629999999999669e+00
5.228080000000000283e+00
5.222209999999999575e+00
5.214769999999999683e+00
5.207900000000000418e+00
5.203780000000000072e+00
5.203319999999999723e+00
5.206059999999999910e+00
5.212310000000000443e+00
5.222070000000000434e+00
5.232459999999999667e+00
5.240380000000000038e+00
5.245379999999999932e+00
5.248409999999999798e+00
5.250259999999999927e+00
5.251149999999999984e+00
5.251260000000000261e+00
5.250589999999999868e+00
5.248879999999999768e+00
5.246039999999999814e+00
5.242329999999999934e+00
5.238150000000000084e+00
5.233489999999999753e+00
5.227199999999999847e+00
5.216840000000000366e+00
5.197180000000000355e+00
5.170589999999999797e+00
5.158170000000000144e+00
5.165460000000000385e+00
5.183620000000000339e+00
5.217810000000000059e+00
5.274079999999999657e+00
5.291450000000000209e+00
5.271010000000000417e+00
5.259339999999999904e+00
5.248199999999999754e+00
5.233209999999999695e+00
5.222879999999999967e+00
5.219960000000000377e+00
5.220139999999999780e+00
5.220469999999999722e+00
5.219240000000000101e+00
5.215980000000000061e+00
5.210060000000000358e+00
5.200079999999999814e+00
5.190529999999999866e+00
5.192949999999999733e+00
5.205949999999999633e+00
5.220309999999999562e+00
5.230120000000000324e+00
5.234740000000000393e+00
5.235529999999999795e+00
5.234479999999999578e+00
5.233389999999999986e+00
5.235120000000000218e+00
5.241909999999999847e+00
5.251730000000000231e+00
5.256579999999999586e+00
5.239980000000000082e+00
5.217889999999999695e+00
5.208190000000000097e+00
5.204810000000000159e+00
5.205090000000000217e+00
5.206789999999999807e+00
5.208280000000000243e+00
5.208590000000000053e+00
5.207410000000000316e+00
5.205129999999999590e+00
5.202499999999999680e+00
5.199519999999999698e+00
5.195450000000000124e+00
5.189980000000000260e+00
5.182190000000000296e+00
5.171420000000000350e+00
5.160009999999999764e+00
5.151819999999999844e+00
5.146020000000000039e+00
5.139029999999999987e+00
5.129470000000000418e+00
5.121410000000000018e+00
5.117910000000000181e+00
5.118350000000000399e+00
5.121360000000000134e+00
5.126439999999999664e+00
5.135629999999999917e+00
5.151229999999999976e+00
5.169369999999999798e+00
5.181029999999999802e+00
5.187890000000000335e+00
5.193089999999999762e+00
5.196990000000000443e+00
5.198610000000000397e+00
5.199290000000000411e+00
5.201399999999999579e+00
5.204279999999999795e+00
5.204279999999999795e+00
5.204279999999999795e+00
5.204279999999999795e+00
5.204279999999999795e+00
5.204279999999999795e+00
5.204279999999999795e+00
5.204279999999999795e+00
5.204279999999999795e+00
5.204279999999999795e+00
5.204279999999999795e+00
5.204279999999999795e+00
5.204279999999999795e+00
5.204279999999999795e+00
5.204279999999999795e+00
5.204279999999999795e+00
5.204279999999999795e+00
5.204279999999999795e+00
5.204279999999999795e+00
5.204279999999999795e+00
5.204279999999999795e+00
5.204279999999999795e+00
5.204279999999999795e+00
5.204279999999999795e+00
5.204279999999999795e+00
5.204279999999999795e+00
5.204279999999999795e+00
5.204279999999999795e+00
5.204279999999999795e+00
5.204279999999999795e+00
5.204279999999999795e+00
5.204279999999999795e+00
5.204279999999999795e+00
5.204279999999999795e+00
5.204279999999999795e+00
5.204279999999999795e+00
5.204279999999999795e+00
5.204279999999999795e+00
5.204279999999999795e+00
5.204279999999999795e+00
5.204279999999999795e+00
5.204279999999999795e+00
5.204279999999999795e+00
5.204279999999999795e+00
5.204279999999999795e+00
5.204279999999999795e+00
5.204279999999999795e+00
5.204279999999999795e+00
5.204279999999999795e+00
5.204279999999999795e+00
5.204279999999999795e+00
5.204279999999999795e+00
5.204279999999999795e+00
5.204279999999999795e+00
5.204279999999999795e+00
5.204279999999999795e+00
5.204279999999999795e+00
5.204279999999999795e+00
5.204279999999999795e+00
5.204279999999999795e+00
5.204279999999999795e+00
5.204279999999999795e+00
5.204279999999999795e+00
5.204279999999999795e+00
5.204279999999999795e+00
5.204279999999999795e+00
5.204279999999999795e+00
5.204279999999999795e+00
5.204279999999999795e+00
5.204279999999999795e+00
