5.723169999999999646e+00
5.723169999999999646e+00
5.723169999999999646e+00
5.723169999999999646e+00
5.723169999999999646e+00
5.723169999999999646e+00
5.723169999999999646e+00
5.723169999999999646e+00
5.723169999999999646e+00
5.723169999999999646e+00
5.723169999999999646e+00
5.723169999999999646e+00
5.723169999999999646e+00
5.723169999999999646e+00
5.723169999999999646e+00
5.723169999999999646e+00
5.723169999999999646e+00
5.723169999999999646e+00
5.723169999999999646e+00
5.723169999999999646e+00
5.723169999999999646e+00
5.723169999999999646e+00
5.723169999999999646e+00
5.723169999999999646e+00
5.723169999999999646e+00
5.723169999999999646e+00
5.723169999999999646e+00
5.723169999999999646e+00
5.723169999999999646e+00
5.723169999999999646e+00
5.723169999999999646e+00
5.723169999999999646e+00
5.723169999999999646e+00
5.723169999999999646e+00
5.723169999999999646e+00
5.723169999999999646e+00
5.723169999999999646e+00
5.723169999999999646e+00
5.723169999999999646e+00
5.723169999999999646e+00
5.723169999999999646e+00
5.723169999999999646e+00
5.723169999999999646e+00
5.723169999999999646e+00
5.723169999999999646e+00
5.723169999999999646e+00
5.723169999999999646e+00
5.723169999999999646e+00
5.723169999999999646e+00
5.723169999999999646e+00
5.723169999999999646e+00
5.708899999999999864e+00
5.692059999999999675e+00
5.677740000000000009e+00
5.664679999999999715e+00
5.649700000000000166e+00
5.630679999999999907e+00
5.610120000000000218e+00
5.592769999999999797e+00
5.577659999999999840e+00
5.561110000000000220e+00
5.541690000000000005e+00
5.522710000000000008e+00
5.504260000000000375e+00
5.480640000000000178e+00
5.453669999999999796e+00
5.443830000000000169e+00
5.446240000000000414e+00
5.463230000000000253e+00
5.477689999999999948e+00
5.495619999999999727e+00
5.529950000000000365e+00
5.556060000000000443e+00
5.584839999999999804e+00
5.609930000000000305e+00
5.633709999999999773e+00
5.655499999999999972e+00
5.675609999999999822e+00
5.692199999999999704e+00
5.705239999999999867e+00
5.718490000000000073e+00
5.737090000000000245e+00
5.756780000000000008e+00
5.769079999999999764e+00
5.775750000000000384e+00
5.778669999999999973e+00
5.778719999999999857e+00
5.776220000000000354e+00
5.771490000000000009e+00
5.766250000000000320e+00
5.767369999999999663e+00
5.799059999999999881e+00
5.851409999999999556e+00
5.879359999999999253e+00
5.907309999999999839e+00
5.935259999999999536e+00
5.963210000000000122e+00
5.991159999999999819e+00
6.019110000000000404e+00
6.047060000000000102e+00
6.070000000000000284e+00
6.062389999999999723e+00
6.044550000000000090e+00
6.024440000000000239e+00
6.004459999999999908e+00
5.984820000000000029e+00
5.965250000000000163e+00
5.946970000000000312e+00
5.931680000000000064e+00
5.921759999999999913e+00
5.922089999999999854e+00
5.935649999999999871e+00
5.910360999999999976e+00
5.885072000000000081e+00
5.859783000000000186e+00
5.834494000000000291e+00
5.809205000000000396e+00
5.783915999999999613e+00
5.758626999999999718e+00
5.733337999999999823e+00
5.708048999999999928e+00
5.682760000000000034e+00
5.657471000000000139e+00
5.632182000000000244e+00
5.606893000000000349e+00
5.581604000000000454e+00
5.556314999999999671e+00
5.531025999999999776e+00
5.505736999999999881e+00
5.480447999999999986e+00
5.455159000000000091e+00
5.429870000000000196e+00
5.422990000000000421e+00
5.416820000000000412e+00
5.408739999999999881e+00
5.397890000000000299e+00
5.382799999999999585e+00
5.361690000000000289e+00
5.336590000000000167e+00
5.315610000000000390e+00
5.296269999999999811e+00
5.272700000000000387e+00
5.252679999999999794e+00
5.238760000000000083e+00
5.226390000000000313e+00
5.214850000000000207e+00
5.206760000000000055e+00
5.202639999999999709e+00
5.200899999999999856e+00
5.200140000000000207e+00
5.200009999999999799e+00
5.201209999999999667e+00
5.203820000000000334e+00
5.207080000000000375e+00
5.210069999999999979e+00
5.211389999999999745e+00
5.210880000000000400e+00
5.211590000000000167e+00
5.218750000000000000e+00
5.233030000000000292e+00
5.246590000000000309e+00
5.253269999999999662e+00
5.253269999999999662e+00
5.248859999999999637e+00
5.242210000000000036e+00
5.234849999999999781e+00
5.232610000000000205e+00
5.259059999999999846e+00
5.333969999999999878e+00
5.360689999999999955e+00
5.365310000000000024e+00
5.367549999999999599e+00
5.369170000000000442e+00
5.371660000000000323e+00
5.377399999999999736e+00
5.381796538461538049e+00
5.386193076923076362e+00
5.390589615384615563e+00
5.394986153846153876e+00
5.399382692307692189e+00
5.403779230769230502e+00
5.408175769230768815e+00
5.412572307692308016e+00
5.416968846153846329e+00
5.421365384615384642e+00
5.425761923076922955e+00
5.430158461538461268e+00
5.434554999999999580e+00
5.438951538461538782e+00
5.443348076923077095e+00
5.447744615384615408e+00
5.452141153846153721e+00
5.456537692307692033e+00
5.460934230769231235e+00
5.465330769230769548e+00
5.469727307692307861e+00
5.474123846153846173e+00
5.478520384615384486e+00
5.482916923076923688e+00
5.487313461538462001e+00
5.491710000000000313e+00
5.474039999999999573e+00
5.458050000000000068e+00
5.451089999999999769e+00
5.448059999999999903e+00
5.446329999999999671e+00
5.445210000000000328e+00
5.444770000000000110e+00
5.445549999999999891e+00
5.447739999999999583e+00
5.450619999999999798e+00
5.453420000000000378e+00
5.455720000000000347e+00
5.457729999999999748e+00
5.459760000000000169e+00
5.461859999999999715e+00
5.463530000000000442e+00
5.463669999999999582e+00
5.461199999999999832e+00
5.455599999999999561e+00
5.445090000000000430e+00
5.391610000000000014e+00
5.371669999999999945e+00
5.334290000000000198e+00
5.302089999999999748e+00
5.320083636363635904e+00
5.338077272727272060e+00
5.356070909090909105e+00
5.374064545454545261e+00
5.392058181818181417e+00
5.410051818181817573e+00
5.428045454545454618e+00
5.446039090909090774e+00
5.464032727272726930e+00
5.482026363636363087e+00
5.500019999999999243e+00
5.518013636363636287e+00
5.536007272727272444e+00
5.554000909090908600e+00
5.571994545454544756e+00
5.589988181818181801e+00
5.607981818181817957e+00
5.625975454545454113e+00
5.643969090909090269e+00
5.661962727272726426e+00
5.679956363636363470e+00
5.697949999999999626e+00
5.670620000000000438e+00
5.653389999999999915e+00
5.641049999999999898e+00
5.631759999999999877e+00
5.625259999999999927e+00
5.622069999999999901e+00
5.620770000000000266e+00
5.619150000000000311e+00
5.615579999999999572e+00
5.609869999999999912e+00
5.605139999999999567e+00
5.603040000000000020e+00
5.601390000000000313e+00
5.598069999999999879e+00
5.592999999999999972e+00
5.588899999999999757e+00
5.587110000000000021e+00
5.586299999999999599e+00
5.585300000000000153e+00
5.583680000000000199e+00
5.581150000000000055e+00
5.577510000000000190e+00
5.573140000000000427e+00
5.568769999999999776e+00
5.564899999999999736e+00
5.561860000000000248e+00
5.559879999999999711e+00
5.558390000000000164e+00
5.555369999999999919e+00
5.547579999999999956e+00
5.533290000000000042e+00
5.518430000000000391e+00
5.484662083333333271e+00
5.450894166666667040e+00
5.417126250000000809e+00
5.383358333333333690e+00
5.349590416666666570e+00
5.315822500000000339e+00
5.282054583333334108e+00
5.248286666666666989e+00
5.214518749999999869e+00
5.180750833333333638e+00
5.146982916666667407e+00
5.113215000000000288e+00
5.079447083333333168e+00
5.045679166666666937e+00
5.011911250000000706e+00
4.978143333333333587e+00
4.944375416666666467e+00
4.910607500000000236e+00
4.876839583333334005e+00
4.843071666666666886e+00
4.809303749999999766e+00
4.775535833333333535e+00
4.741767916666667304e+00
4.708000000000000185e+00
4.697230000000000238e+00
4.676709999999999923e+00
4.629229999999999734e+00
4.611970000000000347e+00
4.600229999999999819e+00
4.589109999999999800e+00
4.582770000000000010e+00
4.582900000000000418e+00
4.587530000000000108e+00
4.591140000000000221e+00
4.582670000000000243e+00
4.542519999999999669e+00
4.542760000000000353e+00
4.554899999999999949e+00
4.563410000000000188e+00
4.652112222222222648e+00
4.740814444444444220e+00
4.829516666666666680e+00
4.918218888888889140e+00
5.006921111111110712e+00
5.095623333333333171e+00
5.184325555555555631e+00
5.273027777777777203e+00
5.361729999999999663e+00
5.357050000000000090e+00
5.351020000000000110e+00
5.332510000000000083e+00
5.305030000000000356e+00
5.287799999999999834e+00
5.283400000000000318e+00
5.288429999999999964e+00
5.293650000000000411e+00
5.295849999999999724e+00
5.296219999999999928e+00
5.296890000000000320e+00
5.298779999999999824e+00
5.301910000000000345e+00
5.306409999999999627e+00
5.306409999999999627e+00
5.306409999999999627e+00
5.306409999999999627e+00
5.306409999999999627e+00
5.306409999999999627e+00
5.306409999999999627e+00
5.306409999999999627e+00
5.306409999999999627e+00
5.306409999999999627e+00
5.306409999999999627e+00
5.306409999999999627e+00
5.306409999999999627e+00
5.306409999999999627e+00
5.306409999999999627e+00
5.306409999999999627e+00
5.306409999999999627e+00
5.306409999999999627e+00
5.306409999999999627e+00
5.306409999999999627e+00
5.306409999999999627e+00
5.306409999999999627e+00
5.306409999999999627e+00
5.306409999999999627e+00
5.306409999999999627e+00
5.306409999999999627e+00
5.306409999999999627e+00
5.306409999999999627e+00
5.306409999999999627e+00
5.306409999999999627e+00
5.306409999999999627e+00
5.306409999999999627e+00
5.306409999999999627e+00
5.306409999999999627e+00
5.306409999999999627e+00
5.306409999999999627e+00
5.306409999999999627e+00
5.306409999999999627e+00
5.306409999999999627e+00
5.306409999999999627e+00
5.306409999999999627e+00
5.306409999999999627e+00
5.306409999999999627e+00
5.306409999999999627e+00
5.306409999999999627e+00
5.306409999999999627e+00
