1.000399999999999977e+03
1.000399999999999977e+03
1.000399999999999977e+03
1.000399999999999977e+03
1.000399999999999977e+03
1.000399999999999977e+03
1.000399999999999977e+03
1.000399999999999977e+03
1.000399999999999977e+03
1.000399999999999977e+03
1.000399999999999977e+03
1.000399999999999977e+03
1.000399999999999977e+03
1.000399999999999977e+03
1.000399999999999977e+03
1.000399999999999977e+03
1.000399999999999977e+03
1.000399999999999977e+03
1.000399999999999977e+03
1.000399999999999977e+03
1.000399999999999977e+03
1.000399999999999977e+03
1.000399999999999977e+03
1.000399999999999977e+03
1.000399999999999977e+03
1.000399999999999977e+03
1.000399999999999977e+03
1.000399999999999977e+03
1.000399999999999977e+03
1.000399999999999977e+03
1.000399999999999977e+03
1.000399999999999977e+03
1.000399999999999977e+03
1.000399999999999977e+03
1.000399999999999977e+03
1.000399999999999977e+03
1.000399999999999977e+03
1.000399999999999977e+03
1.000399999999999977e+03
1.000399999999999977e+03
1.000399999999999977e+03
1.000399999999999977e+03
1.000399999999999977e+03
1.000399999999999977e+03
1.000399999999999977e+03
1.000399999999999977e+03
1.000399999999999977e+03
1.000399999999999977e+03
1.000399999999999977e+03
1.000399999999999977e+03
1.000399999999999977e+03
1.000399999999999977e+03
1.000399999999999977e+03
1.000399999999999977e+03
1.000399999999999977e+03
1.000399999999999977e+03
1.000399999999999977e+03
1.000399999999999977e+03
1.000399999999999977e+03
1.000399999999999977e+03
1.000399999999999977e+03
1.000399999999999977e+03
1.000399999999999977e+03
1.000399999999999977e+03
1.000399999999999977e+03
1.000399999999999977e+03
1.000399999999999977e+03
1.000399999999999977e+03
1.000399999999999977e+03
1.000399999999999977e+03
1.000399999999999977e+03
1.000399999999999977e+03
1.000399999999999977e+03
1.000399999999999977e+03
1.000399999999999977e+03
1.000399999999999977e+03
1.000399999999999977e+03
1.000399999999999977e+03
1.000399999999999977e+03
1.000399999999999977e+03
1.000399999999999977e+03
1.000399999999999977e+03
1.000399999999999977e+03
1.000399999999999977e+03
1.000399999999999977e+03
1.000399999999999977e+03
1.000399999999999977e+03
1.000399999999999977e+03
1.000399999999999977e+03
1.000399999999999977e+03
1.000399999999999977e+03
1.157589999999999918e+03
1.234380000000000109e+03
5.453119999999999891e+03
1.157589999999999918e+03
5.625000000000000000e+03
5.625000000000000000e+03
2.750000000000000000e+03
2.085159999999999854e+03
2.750000000000000000e+03
2.750000000000000000e+03
3.526510000000000218e+03
4.716289999999999964e+03
7.754550000000000182e+03
7.754550000000000182e+03
5.539859999999999673e+03
6.021510000000000218e+03
5.539859999999999673e+03
4.914979999999999563e+03
5.539859999999999673e+03
5.725670000000000073e+03
4.277609999999999673e+03
5.725670000000000073e+03
6.056329999999999927e+03
6.056329999999999927e+03
4.894649999999999636e+03
4.894649999999999636e+03
4.894649999999999636e+03
4.584529999999999745e+03
4.584529999999999745e+03
6.281250000000000000e+03
6.281250000000000000e+03
5.825750000000000000e+03
7.392239999999999782e+03
5.825750000000000000e+03
4.921880000000000109e+03
4.921880000000000109e+03
4.921880000000000109e+03
1.640349999999999909e+03
2.149559999999999945e+03
1.637609999999999900e+03
1.037029999999999973e+03
1.016610000000000014e+03
1.063435500000000047e+03
1.110260999999999967e+03
1.157086499999999887e+03
1.203912000000000035e+03
1.250737499999999955e+03
1.297563000000000102e+03
1.344388500000000022e+03
1.391213999999999942e+03
1.438039499999999862e+03
1.484864999999999782e+03
1.531690499999999929e+03
1.578516000000000076e+03
1.625341499999999996e+03
1.672166999999999916e+03
1.718992499999999836e+03
1.765817999999999756e+03
1.812643499999999904e+03
1.859468999999999824e+03
1.906294499999999971e+03
1.953119999999999891e+03
1.953119999999999891e+03
2.049889999999999873e+03
2.049889999999999873e+03
3.131239999999999782e+03
3.139510000000000218e+03
4.236630000000000109e+03
3.139510000000000218e+03
3.139510000000000218e+03
4.429529999999999745e+03
4.674810000000000400e+03
4.429529999999999745e+03
4.429529999999999745e+03
4.343750000000000000e+03
4.343750000000000000e+03
3.171880000000000109e+03
3.171880000000000109e+03
3.171880000000000109e+03
3.171880000000000109e+03
2.030009999999999991e+03
1.709509999999999991e+03
1.300309999999999945e+03
1.254509999999999991e+03
1.159460000000000036e+03
1.062329999999999927e+03
1.125000000000000000e+03
1.125000000000000000e+03
1.125000000000000000e+03
3.000000000000000000e+03
3.640619999999999891e+03
4.031250000000000000e+03
4.257340000000000146e+03
5.371909999999999854e+03
5.472380000000000109e+03
6.059020000000000437e+03
6.311750000000000000e+03
6.311750000000000000e+03
6.059020000000000437e+03
6.059020000000000437e+03
6.170640000000000327e+03
6.170640000000000327e+03
6.742140000000000327e+03
7.667640000000000327e+03
7.667640000000000327e+03
6.742140000000000327e+03
5.788409999999999854e+03
4.990869999999999891e+03
4.221199999999999818e+03
4.050789999999999964e+03
4.050789999999999964e+03
3.531250000000000000e+03
2.410530000000000200e+03
2.410530000000000200e+03
2.791719999999999800e+03
2.601369999999999891e+03
2.601369999999999891e+03
2.601369999999999891e+03
1.437500000000000000e+03
1.102690000000000055e+03
1.107371071428571440e+03
1.112052142857142826e+03
1.116733214285714439e+03
1.121414285714285825e+03
1.126095357142857210e+03
1.130776428571428596e+03
1.135457499999999982e+03
1.140138571428571368e+03
1.144819642857142981e+03
1.149500714285714366e+03
1.154181785714285752e+03
1.158862857142857138e+03
1.163543928571428523e+03
1.168224999999999909e+03
1.172906071428571522e+03
1.177587142857142908e+03
1.182268214285714294e+03
1.186949285714285679e+03
1.191630357142857065e+03
1.196311428571428678e+03
1.200992500000000064e+03
1.205673571428571449e+03
1.210354642857142835e+03
1.215035714285714221e+03
1.219716785714285834e+03
1.224397857142857220e+03
1.229078928571428605e+03
1.233759999999999991e+03
1.312500000000000000e+03
1.531250000000000000e+03
1.531250000000000000e+03
3.217639999999999873e+03
3.217639999999999873e+03
3.217639999999999873e+03
1.643750000000000000e+03
1.643750000000000000e+03
1.559299999999999955e+03
1.643750000000000000e+03
1.298529999999999973e+03
1.298529999999999973e+03
1.234380000000000109e+03
1.180319999999999936e+03
1.180282222222222117e+03
1.180244444444444298e+03
1.180206666666666706e+03
1.180168888888888887e+03
1.180131111111111068e+03
1.180093333333333248e+03
1.180055555555555657e+03
1.180017777777777837e+03
1.179980000000000018e+03
1.179942222222222199e+03
1.179904444444444380e+03
1.179866666666666788e+03
1.179828888888888969e+03
1.179791111111111150e+03
1.179753333333333330e+03
1.179715555555555738e+03
1.179677777777777919e+03
1.179640000000000100e+03
1.536680000000000064e+03
2.234380000000000109e+03
4.708829999999999927e+03
4.881869999999999891e+03
6.487260000000000218e+03
6.970699999999999818e+03
7.000000000000000000e+03
7.000000000000000000e+03
6.970699999999999818e+03
6.757189999999999600e+03
6.757189999999999600e+03
6.750109999999999673e+03
6.026100000000000364e+03
6.026100000000000364e+03
5.950060000000000400e+03
5.190810000000000400e+03
5.003710000000000036e+03
4.922409999999999854e+03
4.922409999999999854e+03
5.003710000000000036e+03
5.156970000000000255e+03
5.833060000000000400e+03
7.525310000000000400e+03
5.974970000000000255e+03
7.528300000000000182e+03
7.528300000000000182e+03
7.312319999999999709e+03
6.203119999999999891e+03
6.203119999999999891e+03
6.203119999999999891e+03
5.860770000000000437e+03
5.860770000000000437e+03
5.860770000000000437e+03
4.156250000000000000e+03
4.093750000000000000e+03
3.500000000000000000e+03
2.687500000000000000e+03
1.820880000000000109e+03
1.605509999999999991e+03
1.605509999999999991e+03
1.605509999999999991e+03
1.605509999999999991e+03
1.921930000000000064e+03
1.921930000000000064e+03
1.921930000000000064e+03
1.999299999999999955e+03
2.220849999999999909e+03
2.256000000000000000e+03
2.310880000000000109e+03
2.310880000000000109e+03
2.256000000000000000e+03
1.879099999999999909e+03
1.879099999999999909e+03
1.794700000000000045e+03
1.794700000000000045e+03
1.343410000000000082e+03
1.163890000000000100e+03
1.121440000000000055e+03
1.163890000000000100e+03
1.062500000000000000e+03
1.062500000000000000e+03
1.062500000000000000e+03
1.062500000000000000e+03
1.059914999999999964e+03
1.057329999999999927e+03
1.054744999999999891e+03
1.052160000000000082e+03
1.049575000000000045e+03
1.046990000000000009e+03
1.044404999999999973e+03
1.041819999999999936e+03
1.039234999999999900e+03
1.036650000000000091e+03
1.034065000000000055e+03
1.031480000000000018e+03
1.028894999999999982e+03
1.026309999999999945e+03
1.023725000000000023e+03
1.021139999999999986e+03
1.200829999999999927e+03
1.305170000000000073e+03
1.828119999999999891e+03
3.165750000000000000e+03
3.165750000000000000e+03
1.857970000000000027e+03
1.857970000000000027e+03
1.857970000000000027e+03
1.857970000000000027e+03
1.857970000000000027e+03
2.215670000000000073e+03
2.215670000000000073e+03
2.215670000000000073e+03
1.230150000000000091e+03
1.156250000000000000e+03
1.156250000000000000e+03
1.110279999999999973e+03
1.156250000000000000e+03
1.304289999999999964e+03
1.360990000000000009e+03
1.360990000000000009e+03
1.765619999999999891e+03
1.417950000000000045e+03
1.417950000000000045e+03
1.376430000000000064e+03
1.376430000000000064e+03
1.136819999999999936e+03
1.136819999999999936e+03
1.136819999999999936e+03
1.197009999999999991e+03
1.197009999999999991e+03
1.403990000000000009e+03
1.403990000000000009e+03
1.588490000000000009e+03
1.488509999999999991e+03
1.488509999999999991e+03
1.588490000000000009e+03
1.488509999999999991e+03
1.226910000000000082e+03
1.226910000000000082e+03
1.226910000000000082e+03
1.226910000000000082e+03
1.226910000000000082e+03
1.226910000000000082e+03
1.226910000000000082e+03
1.226910000000000082e+03
1.226910000000000082e+03
1.226910000000000082e+03
1.226910000000000082e+03
1.226910000000000082e+03
1.226910000000000082e+03
1.226910000000000082e+03
1.226910000000000082e+03
1.226910000000000082e+03
1.226910000000000082e+03
1.226910000000000082e+03
1.226910000000000082e+03
1.226910000000000082e+03
1.226910000000000082e+03
1.226910000000000082e+03
1.226910000000000082e+03
1.226910000000000082e+03
1.226910000000000082e+03
1.226910000000000082e+03
1.226910000000000082e+03
1.226910000000000082e+03
1.226910000000000082e+03
1.226910000000000082e+03
1.226910000000000082e+03
1.226910000000000082e+03
1.226910000000000082e+03
1.226910000000000082e+03
1.226910000000000082e+03
1.226910000000000082e+03
1.226910000000000082e+03
1.226910000000000082e+03
1.226910000000000082e+03
1.226910000000000082e+03
1.226910000000000082e+03
1.226910000000000082e+03
