-7.94909	1.70294	0.174696	0.506915	0.0606501	0.295548	0.0330517	0.217271	0.0143164	0.151315	0.00849857	0.117795	-0.0148966	0.0940658	-0.0131908	0.0747346	-0.0198162
-8.20309	1.70106	0.231828	0.511269	0.113294	0.301737	0.0818693	0.224527	0.0601724	0.159008	0.0508594	0.124907	0.0237484	0.099852	0.0231791	0.0797715	0.0130298
-9.48659	1.62727	0.446892	0.465259	0.292022	0.289182	0.233713	0.239754	0.190006	0.186325	0.164772	0.162431	0.118368	0.144119	0.105079	0.127738	0.0887485
-10.1754	1.26428	0.613638	0.44563	0.390505	0.353507	0.29857	0.279817	0.280848	0.25469	0.235988	0.151961	0.150446	0.138539	0.152211	0.20982	0.115056
-10.3882	1.11462	0.622088	0.502671	0.479636	0.391049	0.293214	0.275205	0.282458	0.216525	0.163904	0.132608	0.178504	0.155168	0.141606	0.120294	0.086243
-10.2482	1.17351	0.525009	0.343762	0.343297	0.262971	0.21927	0.180859	0.243579	0.205314	0.188414	0.143302	0.154867	0.132626	0.124382	0.103033	0.0786383
-10.5883	0.882451	0.454687	0.270032	0.323806	0.250025	0.17183	0.118593	0.199671	0.255911	0.207163	0.150156	0.115202	0.110743	0.116943	0.117829	0.0808476
-10.5241	0.919209	0.559684	0.366931	0.348771	0.250336	0.186727	0.170269	0.167851	0.251055	0.19976	0.163038	0.122571	0.171207	0.153947	0.104715	0.0864651
-10.2912	1.12455	0.593614	0.469141	0.361223	0.302521	0.304377	0.270742	0.235409	0.217331	0.17756	0.160136	0.186544	0.163883	0.104938	0.0975696	0.124019
-10.38	1.11365	0.649378	0.568712	0.394295	0.343858	0.330291	0.278568	0.231119	0.232639	0.205477	0.173834	0.197498	0.164863	0.121409	0.0972592	0.142921
-10.2531	1.17703	0.57118	0.499344	0.39904	0.287058	0.259089	0.293362	0.293341	0.266809	0.256431	0.18424	0.193626	0.170834	0.0736354	0.0583156	0.120107
-9.83943	1.39519	0.529895	0.405165	0.361564	0.292872	0.250213	0.236432	0.248881	0.226025	0.203966	0.164315	0.178439	0.171679	0.137757	0.13371	0.151706
-10.2145	1.21588	0.602744	0.491712	0.529906	0.421608	0.28335	0.296497	0.392792	0.304957	0.226923	0.176564	0.19367	0.226157	0.105029	0.141052	0.124744
-9.88374	1.37211	0.566439	0.449357	0.387431	0.344163	0.253695	0.25886	0.302523	0.280507	0.243886	0.226039	0.207924	0.20527	0.149731	0.177216	0.165942
-9.70998	1.41937	0.5519	0.456173	0.363687	0.309351	0.269963	0.254757	0.241977	0.227428	0.22535	0.22696	0.196619	0.205511	0.171893	0.164203	0.167333
-10.1634	1.27801	0.627773	0.500187	0.446293	0.36819	0.365992	0.346553	0.260489	0.275765	0.28488	0.259906	0.247527	0.232025	0.154859	0.146116	0.214382
-9.71254	1.42951	0.535305	0.42779	0.35096	0.300077	0.259865	0.261647	0.230371	0.238882	0.220073	0.219568	0.202594	0.205214	0.202186	0.168667	0.177699
-9.87556	1.33149	0.61018	0.456403	0.370313	0.352677	0.304745	0.2986	0.250752	0.258606	0.205152	0.210338	0.192606	0.178918	0.209456	0.205731	0.210031
-10.3195	1.08989	0.719366	0.562271	0.462109	0.371125	0.312654	0.390084	0.308067	0.333731	0.227596	0.252271	0.257033	0.193898	0.283904	0.179268	0.141699
-9.85901	1.36077	0.54226	0.398402	0.379786	0.296219	0.251567	0.237492	0.213952	0.240469	0.192877	0.166333	0.17624	0.186008	0.16837	0.149363	0.157923
-10.0567	1.2365	0.517172	0.392148	0.350418	0.239973	0.182532	0.139013	0.192676	0.168012	0.145994	0.127749	0.11478	0.136043	0.105541	0.153321	0.121208
-10.5546	0.972297	0.700668	0.594795	0.524653	0.350139	0.232114	0.166613	0.25983	0.257461	0.268023	0.246762	0.281408	0.344908	0.215214	0.224194	0.196263
-10.2553	1.22864	0.654033	0.480432	0.43871	0.321295	0.29876	0.265456	0.247948	0.233415	0.198656	0.184342	0.147958	0.209613	0.150907	0.140985	0.148579
-9.9582	1.34918	0.588072	0.428753	0.376456	0.308853	0.244902	0.280327	0.230539	0.218886	0.210727	0.192272	0.170036	0.204996	0.142069	0.153307	0.135599
-10.3875	1.08353	0.734637	0.538163	0.485211	0.433601	0.282134	0.358643	0.270237	0.324539	0.296512	0.235878	0.20713	0.171334	0.127833	0.0878601	0.0773635
-10.0365	1.31672	0.614453	0.452848	0.371707	0.385217	0.273015	0.317373	0.234398	0.269726	0.220931	0.237035	0.178372	0.167501	0.216378	0.125341	0.155407
-10.2015	1.21478	0.623811	0.485536	0.42002	0.402264	0.304498	0.305124	0.247404	0.243888	0.220921	0.272431	0.19706	0.149452	0.197378	0.16233	0.176785
-10.3038	1.15937	0.642669	0.562233	0.515146	0.466684	0.300224	0.282589	0.30581	0.312375	0.234036	0.22175	0.225913	0.179663	0.145479	0.107413	0.0973108
-9.94995	1.36534	0.634927	0.471176	0.366911	0.367912	0.251553	0.253935	0.257336	0.276477	0.228501	0.225126	0.22418	0.158411	0.157102	0.153784	0.153556
-10.3713	1.19153	0.731546	0.501815	0.516996	0.487603	0.314942	0.269831	0.263219	0.278202	0.356291	0.313603	0.247609	0.168739	0.193418	0.111364	0.0651681
-9.88961	1.39248	0.588129	0.433337	0.383826	0.30174	0.247659	0.235339	0.257835	0.223896	0.24376	0.213916	0.193901	0.180461	0.179501	0.171164	0.154794
-9.80334	1.40879	0.565011	0.434834	0.413487	0.307272	0.29505	0.252425	0.262213	0.262804	0.212542	0.201339	0.194807	0.19884	0.187656	0.16412	0.156117
-10.022	1.34694	0.662884	0.451428	0.462259	0.363399	0.282767	0.293749	0.246262	0.302781	0.278527	0.263839	0.181222	0.196528	0.21967	0.173135	0.111756
-9.70677	1.40709	0.526203	0.405928	0.334634	0.308472	0.248462	0.244137	0.199562	0.230394	0.1998	0.212268	0.199595	0.173605	0.179379	0.170772	0.159433
-9.98884	1.30356	0.601679	0.514109	0.371609	0.337497	0.254247	0.221905	0.236865	0.270699	0.220794	0.192254	0.185249	0.159729	0.144838	0.172773	0.134132
-10.252	1.09497	0.557736	0.496847	0.409117	0.387413	0.279605	0.248686	0.292857	0.313294	0.242884	0.142891	0.162939	0.204773	0.161358	0.158727	0.145565
-9.95696	1.28304	0.507072	0.34934	0.316407	0.269338	0.221313	0.230855	0.231449	0.226145	0.170076	0.157569	0.146437	0.17637	0.17927	0.14329	0.165375
-10.0313	1.21558	0.417343	0.299735	0.320401	0.25999	0.231125	0.179455	0.178911	0.175405	0.116222	0.084386	0.102669	0.124688	0.109194	0.0920567	0.133096
-10.2582	1.13788	0.503041	0.308882	0.439208	0.331561	0.223499	0.203801	0.268281	0.292973	0.248989	0.232836	0.243809	0.230478	0.132874	0.142336	0.151861
-10.1778	1.22347	0.623466	0.434457	0.479256	0.338322	0.23805	0.245297	0.260191	0.321001	0.293312	0.198917	0.19231	0.25232	0.129312	0.13198	0.0843478
-9.81167	1.40049	0.58238	0.407449	0.374323	0.300322	0.286835	0.259789	0.23188	0.243734	0.216842	0.187337	0.19824	0.211805	0.162142	0.174876	0.139562
-10.0832	1.29362	0.633788	0.452263	0.436449	0.34312	0.338154	0.291365	0.26992	0.292208	0.226054	0.226911	0.238091	0.202845	0.185072	0.182758	0.159387
-9.965	1.36728	0.588442	0.431857	0.411267	0.322744	0.312759	0.298868	0.246475	0.244519	0.202433	0.239199	0.22217	0.19311	0.202266	0.189295	0.175231
-9.88252	1.35351	0.523951	0.406988	0.412941	0.322516	0.262951	0.290115	0.284311	0.264656	0.21319	0.198417	0.196226	0.165629	0.161362	0.146582	0.164042
-10.3998	1.13474	0.564009	0.452808	0.639317	0.601801	0.364733	0.305341	0.32685	0.316556	0.308812	0.261099	0.22768	0.130184	0.155443	0.145746	0.158012
-10.0096	1.31304	0.574199	0.451811	0.44217	0.382375	0.30417	0.293963	0.316907	0.23494	0.213943	0.231773	0.234533	0.184284	0.159892	0.157193	0.197579
-10.3257	1.17303	0.614019	0.440942	0.467579	0.391667	0.296356	0.329781	0.362982	0.280133	0.272489	0.240869	0.24204	0.219052	0.184416	0.216952	0.273002
-9.88122	1.38827	0.565109	0.438051	0.384109	0.326728	0.251931	0.272988	0.245612	0.238752	0.236377	0.195733	0.227701	0.198782	0.173553	0.1688	0.193993
-9.81699	1.42331	0.599287	0.451887	0.382054	0.32881	0.286225	0.310077	0.276573	0.271833	0.228408	0.232171	0.235301	0.197576	0.182042	0.182351	0.2129
-10.2971	1.2474	0.727766	0.537729	0.542646	0.416241	0.350106	0.291234	0.289393	0.356645	0.255001	0.288527	0.223179	0.192398	0.16163	0.205113	0.243441
-9.66403	1.42825	0.562373	0.421866	0.373422	0.332712	0.263522	0.238453	0.242642	0.267616	0.235041	0.200815	0.186812	0.198798	0.184396	0.191693	0.179404
-10.1286	1.26874	0.60274	0.494779	0.48061	0.439647	0.415974	0.290005	0.253969	0.311463	0.310822	0.23919	0.236942	0.216308	0.203379	0.200272	0.206347
-10.061	1.32184	0.613385	0.476634	0.442272	0.376157	0.337971	0.270858	0.278805	0.332366	0.277158	0.239016	0.24329	0.210877	0.219917	0.217836	0.202802
-9.78846	1.40914	0.553693	0.435182	0.37907	0.312573	0.293067	0.251245	0.238661	0.253749	0.210452	0.212646	0.210676	0.19316	0.177314	0.182482	0.167325
-10.1892	1.24654	0.638774	0.515708	0.488692	0.361995	0.295141	0.305831	0.318787	0.309344	0.194718	0.188212	0.214559	0.174315	0.161914	0.192483	0.19704
-10.1462	1.31308	0.672267	0.543765	0.470323	0.380303	0.298856	0.284075	0.305535	0.285804	0.212133	0.224397	0.235477	0.179701	0.193209	0.145564	0.116417
-10.3709	1.13129	0.698254	0.54993	0.477565	0.452449	0.336013	0.339961	0.313624	0.273498	0.263951	0.229006	0.235891	0.225056	0.211828	0.149593	0.0735563
-9.87567	1.39318	0.615824	0.485358	0.400556	0.362551	0.306386	0.278301	0.263819	0.230957	0.248089	0.189101	0.188433	0.178888	0.180995	0.171472	0.139466
-9.95312	1.39268	0.617795	0.497001	0.40741	0.382811	0.353188	0.252525	0.28771	0.25425	0.27375	0.22852	0.208456	0.18865	0.17036	0.139427	0.173392
-9.93819	1.37813	0.600284	0.468251	0.373938	0.34215	0.322086	0.253054	0.268384	0.220124	0.232373	0.215796	0.210788	0.196829	0.187054	0.138096	0.156976
-9.76964	1.38458	0.527826	0.385436	0.304256	0.306016	0.294894	0.224414	0.218007	0.170124	0.183785	0.21169	0.194161	0.184362	0.157544	0.125411	0.144076
-10.0387	1.29565	0.59898	0.430707	0.373157	0.309425	0.297944	0.271924	0.260266	0.20597	0.166365	0.217611	0.215124	0.178174	0.146572	0.176236	0.154929
-10.1592	1.23126	0.566482	0.404321	0.409783	0.331619	0.271336	0.265368	0.281991	0.27764	0.174324	0.217152	0.238461	0.176847	0.118567	0.247139	0.243813
-10.0481	1.30023	0.550895	0.397854	0.373949	0.309825	0.233227	0.253691	0.24043	0.258582	0.139267	0.224776	0.24228	0.182862	0.138642	0.197186	0.166978
-10.2605	1.19118	0.560609	0.414142	0.400172	0.339835	0.286256	0.263031	0.262908	0.251899	0.186577	0.219968	0.217717	0.12597	0.118956	0.164412	0.156505
-10.4992	1.00442	0.621838	0.539967	0.52261	0.387244	0.267079	0.195122	0.222162	0.211348	0.210051	0.202203	0.270863	0.239027	0.136801	0.174472	0.204987
-10.4087	1.06596	0.605551	0.531273	0.498334	0.392589	0.220586	0.222581	0.231302	0.18754	0.15579	0.179108	0.209517	0.203002	0.0873524	0.0630366	0.153983
-10.3446	1.08308	0.596172	0.48201	0.387009	0.36988	0.239625	0.215504	0.192389	0.18551	0.125258	0.208383	0.197828	0.206649	0.214429	0.138506	0.198133
-10.529	0.976	0.596177	0.483987	0.460044	0.406953	0.331689	0.225972	0.163494	0.158296	0.0544711	0.188541	0.292706	0.314879	0.335451	0.256738	0.255892
-10.4052	1.20265	0.773578	0.583374	0.455192	0.337512	0.2849	0.221188	0.264672	0.265203	0.073197	0.130102	0.270311	0.272765	0.253852	0.229472	0.211174
-10.3545	1.24667	0.83394	0.631982	0.453855	0.383535	0.330683	0.218699	0.230639	0.285165	0.133188	0.148821	0.23219	0.182899	0.120201	0.118517	0.165567
-10.1049	1.30633	0.617103	0.474907	0.379702	0.350867	0.324026	0.249977	0.231444	0.264139	0.198412	0.181315	0.17434	0.176893	0.173418	0.124662	0.0982328
-10.1885	1.29157	0.658293	0.515578	0.457991	0.385125	0.293105	0.235366	0.235106	0.264604	0.270443	0.225592	0.192471	0.208246	0.191273	0.177363	0.159442
-10.2115	1.2276	0.603516	0.457618	0.478858	0.397282	0.282761	0.265069	0.304762	0.303454	0.259278	0.219369	0.252316	0.248697	0.161623	0.148635	0.214344
-9.72219	1.43191	0.536116	0.435951	0.393347	0.301087	0.261927	0.252439	0.267292	0.238987	0.215353	0.199819	0.205752	0.216524	0.183	0.167683	0.183247
-10.0584	1.29347	0.606127	0.490348	0.4161	0.350774	0.309379	0.323878	0.27173	0.272065	0.275267	0.200545	0.226598	0.25639	0.164891	0.176195	0.190979
-9.88967	1.37597	0.582965	0.465152	0.390476	0.333832	0.293834	0.292232	0.246478	0.259495	0.244575	0.206104	0.220376	0.220301	0.163325	0.179033	0.173629
-9.74824	1.38509	0.578017	0.458045	0.382761	0.316207	0.268788	0.289246	0.244377	0.230604	0.261137	0.24896	0.239449	0.181117	0.150827	0.180994	0.18801
-10.1334	1.19644	0.590777	0.412497	0.428789	0.398691	0.27739	0.302292	0.349307	0.258401	0.241868	0.277277	0.236883	0.243272	0.162535	0.217825	0.247769
-9.84453	1.38162	0.604224	0.417206	0.375529	0.328284	0.291358	0.263635	0.286676	0.2211	0.202402	0.219106	0.163971	0.214005	0.154365	0.160075	0.153591
-9.21444	1.40269	0.349826	0.267147	0.217809	0.197561	0.212778	0.272381	0.285161	0.235215	0.220255	0.162455	0.0794323	0.0722235	0.0921856	0.096378	0.0835945
-7.16095	2.81309	0.722421	-0.0267647	-0.431087	-0.450438	-0.190501	0.0328686	-0.018684	-0.033262	0.0576596	-9.52732e-06	-0.0727703	-0.00707305	-0.0478558	-0.137589	-0.0635327
-6.63503	4.05128	0.301956	0.205367	-0.587693	-0.779274	0.124241	0.1781	-0.204049	-0.0613933	0.306416	0.000772833	-0.0855173	-0.0033771	-0.0460399	-0.0358743	-0.00898554
-5.74989	3.23319	0.705887	0.00218625	-0.621583	-0.692427	-0.0489424	0.123641	-0.126802	0.0489778	0.218245	0.00653535	-0.0775065	0.0235329	-0.0548117	-0.13428	0.0142025
-6.43762	4.13315	0.485321	0.809798	-0.507025	-0.57228	0.293098	0.0620507	0.00735764	0.209467	0.305938	0.0769975	0.0874892	0.27319	0.331032	-0.10744	0.0624418
-5.75913	4.11465	0.175696	0.400772	-0.367934	-0.717044	0.130455	0.0492144	-0.270009	0.275129	0.104597	-0.110981	0.0994827	-0.0918891	0.0985531	-0.106646	-0.0330421
-5.08859	3.61703	-0.00138126	0.759425	-0.647097	-0.74388	0.0999602	0.0451489	-0.142064	0.0798058	0.227066	-0.19759	0.123768	-0.168255	0.147053	-0.0458163	-0.119003
-5.00558	3.565	0.0395839	0.947854	-0.679877	-0.685129	-0.0445495	0.215888	-0.160179	0.142291	0.188202	-0.124552	0.117955	-0.160994	0.253826	-0.0467424	-0.0828865
-4.87031	3.4488	0.154198	0.849397	-0.631105	-0.589372	-0.0269613	0.136203	-0.105539	0.0329097	0.179916	-0.00317691	0.206192	-0.0856754	0.255114	-0.000464917	-0.143902
-4.97238	3.62948	0.152001	0.912804	-0.498644	-0.469188	-0.108224	0.0133577	0.0145471	0.198784	0.334709	-0.0696712	0.212305	-0.160515	0.334686	0.138818	-0.077148
-4.9966	3.79784	0.0551521	0.987357	-0.2917	-0.395935	-0.198264	0.173926	-0.0487795	0.346434	0.368677	0.140912	0.134335	-0.192173	0.432531	0.224329	0.0537589
-4.99322	4.01097	-0.281652	0.508141	-0.411589	-0.401161	-0.146565	0.339299	-0.271477	0.0943004	0.124383	0.127789	0.257931	-0.296077	0.312026	0.004034	-0.127877
-4.96345	4.05547	-0.273177	0.30251	-0.271994	-0.391171	-0.0466793	0.369392	-0.256912	0.124631	0.0456872	0.193038	0.27964	-0.30072	0.347343	-0.138882	0.0169611
-4.93416	4.11816	-0.446386	0.189228	-0.247931	-0.422659	-0.0224106	0.334833	-0.181289	-0.0231508	-0.0268089	0.166052	0.317006	-0.346906	0.257742	-0.0712955	-0.124407
-5.01957	4.40669	-0.588818	0.0414778	-0.0610408	-0.497549	0.168383	0.17295	-0.076598	-0.0418776	-0.0777339	0.226307	0.351814	-0.328165	0.243881	-0.0563651	-0.124306
-5.00492	4.56616	-0.652766	-0.0971372	-0.00229924	-0.383084	0.131406	0.209712	-0.0585918	-0.0235658	-0.157468	0.319687	0.344963	-0.271431	0.17306	-0.022761	-0.103632
-4.68489	4.34285	-0.596168	-0.362518	0.0763031	-0.295142	0.0699137	0.179735	-0.108792	-0.00236908	-0.161715	0.192516	0.432083	-0.24076	0.0954998	-0.00320507	-0.144688
-4.53615	4.19891	-0.627191	-0.219134	-0.317361	0.0591921	-0.154612	0.361733	-0.18145	-0.0358425	-0.0765574	0.215173	0.462082	-0.36235	0.221356	-0.151978	-0.0874172
-4.44726	4.03169	-0.883566	-0.355965	-0.289883	-0.0179265	-0.331525	0.276551	-0.262343	0.0306023	-0.397831	0.168173	0.399027	-0.332914	0.00927752	-0.260776	-0.218608
-4.29084	3.87373	-0.860878	-0.34979	-0.352039	0.0915978	-0.399414	0.29087	-0.238854	0.0854017	-0.356437	0.0745479	0.493447	-0.30239	0.0132423	-0.345071	-0.161257
-4.19191	3.88665	-0.880769	-0.42101	-0.17508	0.159476	-0.25054	0.184859	-0.139558	0.138533	-0.225006	0.186561	0.550313	-0.397035	0.0658	-0.380685	0.0470909
-4.21953	3.7936	-1.06358	-0.384594	-0.381554	0.267983	-0.452013	0.141203	-0.290995	0.151515	-0.279723	0.0462348	0.485302	-0.413661	-0.127337	-0.298088	-0.174219
-4.22141	3.65687	-1.08146	-0.579588	-0.309088	0.176565	-0.496198	0.0680466	-0.391423	0.212602	-0.371422	0.111258	0.31536	-0.472895	-0.238686	-0.269094	-0.270057
-4.26799	3.67775	-1.0833	-0.654194	-0.181327	0.0369483	-0.374747	0.00976455	-0.367066	0.214937	-0.38415	0.056097	0.337012	-0.467511	-0.21338	-0.276294	-0.302535
-4.27619	3.62644	-1.19692	-0.702563	-0.204405	-0.00260391	-0.403113	-0.0547525	-0.424777	0.194059	-0.428276	0.100092	0.183578	-0.517837	-0.262326	-0.270742	-0.366229
-4.27029	3.65654	-1.13134	-0.700653	-0.129855	-0.0496248	-0.27044	-0.084332	-0.308017	0.133261	-0.331839	0.0248356	0.311665	-0.525565	-0.16948	-0.292929	-0.304612
-4.24467	3.6469	-1.05804	-0.76517	-0.0471864	-0.151676	-0.187823	-0.0697452	-0.295302	0.106457	-0.307361	0.00475861	0.364167	-0.56002	-0.122738	-0.314012	-0.278564
-4.4103	3.91193	-1.20072	-0.659694	-0.204577	-0.180691	-0.195154	-0.0406397	-0.337312	0.0426863	-0.350687	-0.0723979	0.392535	-0.512426	-0.177176	-0.306186	-0.354101
-4.44063	4.08086	-1.11899	-0.522457	-0.25671	-0.0625759	-0.220219	0.143874	-0.34123	0.0757793	-0.298959	-0.00597276	0.485591	-0.475727	-0.141791	-0.264865	-0.24068
-4.49509	4.14836	-1.05411	-0.494717	-0.232499	-0.172514	-0.142626	0.0769905	-0.227498	-0.043661	-0.242069	-0.029629	0.544918	-0.539424	-0.114117	-0.218805	-0.257235
-4.63306	4.35703	-1.15573	-0.408296	-0.168754	-0.334625	-0.0925075	-0.0640668	-0.101317	-0.158369	-0.190549	-0.0682151	0.496054	-0.502815	-0.174466	-0.0695044	-0.386616
-4.73097	4.57905	-0.870532	-0.37253	0.104965	-0.394393	0.00866779	0.0227958	0.0655538	-0.093264	-0.0364669	0.0139001	0.559762	-0.415603	-0.0307195	0.00773873	-0.239979
-4.91751	4.7774	-0.601048	-0.180071	0.154244	-0.404941	0.0324699	0.13924	0.117745	0.0488216	0.00542502	0.170291	0.453995	-0.215503	-0.00311634	0.161116	-0.191274
-5.19925	4.88799	-0.316099	0.0321764	0.163549	-0.564638	0.13362	0.13383	0.188259	0.0441471	0.112091	0.203122	0.409526	-0.28267	0.250293	0.150962	-0.195373
-5.40458	4.69092	0.110916	0.198011	0.114002	-0.597404	0.0286151	0.239614	0.20134	0.0792608	0.212025	0.129009	0.293424	-0.165717	0.335275	0.029958	-0.109365
-5.78144	4.78532	0.381505	0.350057	0.121843	-0.461892	-0.196283	0.362897	0.465385	0.0692377	0.247736	0.143501	0.175267	-0.0369446	0.254995	0.264331	-0.147706
-6.14587	4.82519	0.413793	0.356696	-0.119427	-0.392177	-0.110418	0.263463	0.261535	-0.129728	0.281191	-0.0031981	0.202311	-0.1301	0.134062	0.0940618	-0.0558907
-6.3046	4.40471	0.614614	0.392796	-0.262188	-0.489062	-0.208577	0.326424	-0.0948383	-0.265516	0.14789	0.0337537	-0.162298	0.0253803	-0.0190709	0.0402038	-0.169426
-6.70606	4.39608	0.717993	0.270048	-0.128086	-0.498402	-0.116726	0.0434434	-0.288514	-0.12001	0.00555607	-0.0919658	-0.378538	-0.0339176	0.17821	-0.123487	-0.201069
-6.54067	3.95442	0.618288	1.07701	-0.258985	-0.136264	0.0627962	-0.0457629	-0.0245787	-0.232945	0.175374	-0.275204	-0.164077	0.217003	0.0824776	-0.000198522	0.0491104
-6.48326	3.81702	0.548671	1.01709	-0.044977	-0.0699722	-0.066277	-0.175306	-0.128037	-0.284081	0.243049	-0.266113	-0.0965431	0.204722	-0.0988619	0.0804289	0.0322528
-6.6539	3.42574	0.960338	1.27927	-0.550949	0.0670157	-0.296196	-0.194391	-0.0530412	-0.111068	0.102716	-0.338454	-0.178353	0.102357	-0.0535867	0.114703	-0.140096
-6.95467	3.64214	1.20393	0.996455	-0.460495	0.281055	-0.152647	-0.328367	0.0132936	-0.141376	-0.0160022	-0.278625	0.00343283	0.0478563	-0.0802803	0.0738501	-0.052055
-6.91019	4.14088	1.19123	0.928575	-0.279859	-0.0530654	0.253387	-0.500395	0.0149307	0.0791234	0.120905	-0.292103	-0.0129168	0.248813	-0.133053	0.135852	0.0574624
-6.49315	4.00726	1.12298	0.974938	-0.436298	-0.0581887	0.053834	-0.228199	0.0879072	-0.155019	-0.0786766	0.145087	0.115458	-0.12798	-0.222276	0.414748	-0.020413
-6.11075	3.93162	0.98036	0.725672	-0.560625	-0.106366	0.131084	-0.403427	0.0171412	-0.242862	0.175979	0.0166059	-0.139775	0.0889087	-0.0199426	0.157973	-0.168157
-5.83315	3.94492	0.95664	0.620976	-0.642859	-0.122712	0.155529	-0.280753	-0.0852896	-0.190079	0.265224	-0.151564	-0.00698325	0.202219	-0.127791	0.140329	-0.136825
-5.95181	4.25997	0.898996	0.25933	-0.836861	-0.0582937	0.0801338	-0.453065	-0.111575	0.0332112	-0.16242	0.0428506	0.17131	0.231615	-0.0522125	-0.0513616	-0.56165
-5.47472	4.20963	0.60402	0.474396	-0.814012	-0.287211	0.275937	-0.229825	-0.255225	-0.00541009	-0.0640977	0.0327975	0.0999903	-0.0164267	-0.0252118	0.167665	-0.148649
-4.93642	4.10343	0.315844	0.264879	-0.678072	-0.318213	0.264938	-0.295781	-0.0554727	0.0590628	0.041199	-0.20043	0.205572	-0.0514745	0.009094	0.207363	-0.167999
-4.52526	4.04966	-0.088316	0.301167	-0.66914	-0.402241	0.389027	-0.174268	-0.0574262	0.146234	0.0196125	-0.172683	0.132157	-0.102826	-0.014758	0.25761	-0.0878986
-4.13141	3.78369	-0.196569	0.137731	-0.623254	-0.443961	0.496952	-0.206721	-0.0123795	0.0804556	0.062217	-0.114568	0.0852175	0.00394696	-0.143537	0.193586	-0.126062
-3.63272	3.31933	-0.373576	0.199005	-0.832162	-0.360574	0.611405	-0.323441	0.0575698	-0.014199	0.193623	-0.116699	0.216848	-0.0596554	-0.251586	0.124177	-0.23181
-3.50405	3.27561	-0.536666	0.154913	-1.04063	-0.112309	0.440542	-0.171798	-0.139902	0.142521	0.197756	-0.0393182	0.275044	-0.194914	-0.283615	0.0260358	-0.298816
-3.31255	3.07779	-0.471949	-0.0729474	-0.92595	-0.203902	0.498111	-0.207022	-0.0445873	0.0458706	0.241884	0.152624	0.212809	-0.286768	-0.272218	-0.130997	-0.281249
-3.09222	2.92313	-0.708767	-0.056216	-1.10491	-0.191906	0.481862	-0.103459	-0.146017	0.145073	0.173805	0.220126	0.275364	-0.240506	-0.419851	-0.289563	-0.444096
-2.95667	3.0227	-1.11494	-0.0287314	-1.04359	-0.195117	0.666619	-0.301832	0.0178666	0.0803262	0.196129	0.143053	0.331879	-0.283101	-0.37307	-0.41918	-0.376536
-2.66082	2.72177	-1.27099	-0.0769434	-0.965407	-0.0451295	0.561626	-0.230326	0.00334984	0.0675941	0.210757	0.156332	0.278384	-0.29552	-0.390432	-0.411383	-0.474016
-2.46804	2.49324	-1.33251	-0.0633202	-0.879043	0.00745326	0.560998	-0.182728	-0.0415793	0.0384201	0.313709	0.0384435	0.280718	-0.304948	-0.388306	-0.354925	-0.493168
-2.55646	2.61438	-1.43557	-0.0312565	-0.846002	0.0570122	0.52969	-0.140319	-0.0982726	0.0839019	0.279014	0.041497	0.19248	-0.208635	-0.431834	-0.28038	-0.498386
-2.49179	2.44167	-1.31076	-0.0818288	-0.756334	0.103938	0.535812	-0.126937	-0.0998164	0.104937	0.255923	-0.0234086	0.132647	-0.151599	-0.403379	-0.183657	-0.468067
-2.44849	2.43612	-1.1642	-0.0655396	-0.618584	0.205703	0.53992	-0.0348293	-0.12609	0.0987921	0.134223	-0.158002	0.126879	-0.192043	-0.095016	-0.0953006	-0.0981139
-2.3784	2.32963	-1.03174	-0.151705	-0.424459	0.13126	0.631193	-0.0723387	-0.0901218	0.0696026	0.0681751	-0.23391	0.1161	-0.160095	0.0543831	-0.0374941	0.0368343
-2.51222	2.46028	-1.1882	-0.0510962	-0.424196	0.09771	0.65852	-0.0671677	-0.112241	0.085772	0.0330819	-0.210377	0.132033	-0.133632	-0.00671963	-0.0205595	-0.0395472
-2.81701	2.78319	-1.48403	0.0848965	-0.413202	0.0783864	0.707156	-0.164154	-0.0345241	0.129133	-0.0340026	-0.143831	0.0954117	-0.116133	-0.0902876	-0.0291742	-0.198288
-2.95703	2.97402	-1.2648	0.0728761	-0.357818	0.322767	0.628308	-0.120492	-0.123238	0.0379058	-0.173922	-0.203142	0.161614	-0.0283953	0.20523	-0.00191074	0.176658
-3.24882	3.15944	-1.3239	-0.0531749	-0.197826	0.0821634	0.791183	-0.281235	-0.0930371	0.138393	-0.209208	0.00496216	0.0817884	-0.15129	0.153088	-0.239374	0.091898
-3.24181	3.0513	-1.13892	0.0605195	-0.282602	0.416826	0.511622	-0.272292	-0.136621	0.0399878	-0.111598	-0.0324307	0.0490858	0.0338584	0.0935633	-0.134881	0.18122
-3.37934	3.18096	-0.964024	0.0362652	-0.198502	0.163107	0.347835	-0.184837	-0.29241	0.194957	-0.183389	0.371803	-0.247737	0.0739919	-0.089288	0.010304	0.400719
-3.38519	2.9953	-0.747067	-0.0955161	-0.129188	0.104017	0.524756	-0.625192	-0.0214572	0.404725	-0.211339	0.0498215	-0.0558139	0.0172154	-0.142775	0.125732	0.320808
-3.68611	3.17156	-0.626554	0.00184299	-0.186262	-0.250449	0.200734	-0.208093	0.0745384	0.421499	-0.112385	-0.0662036	-0.446337	0.303058	-0.0208284	0.321609	0.312917
-3.57526	2.96848	-0.665584	-0.180655	-0.356166	0.0650716	0.487262	-0.22501	-0.017947	0.22834	-0.444048	0.176464	0.0381582	0.148451	-0.304784	0.114922	0.286272
-3.85295	3.31799	-0.447886	-0.0649672	-0.0648903	-0.264342	0.482895	-0.326595	0.0253031	0.0420139	0.0690514	-0.00428689	-0.190157	0.20232	-0.0150892	-0.0549123	-0.253514
-4.38268	3.31821	-0.0157169	0.32806	-0.437976	-0.461063	0.433008	-0.14361	-0.0748434	0.21563	-0.0789711	0.185172	-0.407092	0.341932	-0.051372	-0.0672864	-0.460678
-5.32494	2.38922	-0.289314	0.453504	0.280509	-0.0859682	0.071707	-0.205521	0.0749087	-0.114433	-0.11953	0.090171	-0.0256417	0.0495278	-0.0814481	0.157405	-0.0796021
-7.25583	3.28537	0.24685	0.137665	-0.204835	-0.0138065	0.0351672	0.0726898	-0.0974558	-0.114642	-0.0180609	0.196254	-0.149927	-0.0203598	0.0131091	0.012596	0.482789
-6.83679	2.13653	0.123211	0.214927	-0.0776111	-0.0738766	-0.042776	-0.100547	0.22102	0.0141403	-0.306349	-0.0633506	0.125188	0.126326	0.174299	0.230814	0.27482
-7.79067	2.24932	-0.00733355	0.382048	-0.287233	-0.126671	-0.0176355	-0.0358339	0.189491	-0.0640008	-0.395522	-0.0530532	0.0236718	0.129146	0.11494	0.223393	0.389847
-8.24874	1.99862	0.262171	-0.0430989	-0.119718	-0.028111	-0.0154293	0.0195141	0.0636487	-0.0931543	-0.255946	-0.0997926	0.068781	-0.0131934	0.125096	0.302327	0.220228
-8.77436	1.99187	0.37801	-0.0387799	-0.138848	-0.0631588	-0.0364218	0.00462435	0.0893607	0.0656459	-0.0675492	-0.0883117	-0.00244181	0.0547485	0.0987591	0.130975	0.220044
-9.36148	2.05766	0.578212	0.128355	0.155274	0.0980085	0.0567613	-0.00386892	0.0391082	0.182289	0.0633257	-0.136169	-0.0686006	-0.0113208	0.0107876	0.103107	0.216759
-9.56871	1.91136	0.651904	0.358515	0.21884	0.0674071	0.0973934	0.0638939	0.0413627	0.0307844	-0.0337488	-0.124162	-0.0371779	-0.0245359	0.0502845	0.208961	0.249524
-9.77504	1.73234	0.743778	0.506085	0.245547	0.0661258	0.0922352	0.167084	0.116773	-0.00132045	-0.0588362	0.0161999	0.0756711	0.0212784	0.0642707	0.225887	0.391177
-9.70917	1.58309	0.700573	0.512081	0.331638	0.182326	0.100946	0.137656	0.130641	0.0191006	-0.00676695	0.0722008	0.101938	0.0941723	0.170259	0.196476	0.291224
-9.83179	1.53494	0.712391	0.488705	0.399556	0.241363	0.172862	0.256625	0.195529	0.0125919	-0.00932979	0.0556278	0.0689855	0.0692993	0.13799	0.2406	0.302186
-9.89352	1.58031	0.751528	0.537703	0.397655	0.214158	0.215325	0.28956	0.238061	0.137154	0.0722349	0.161854	0.110461	0.12086	0.198655	0.173153	0.202756
-9.79932	1.53913	0.693311	0.498914	0.404049	0.269866	0.246978	0.271518	0.190896	0.257384	0.14147	0.179158	0.138246	0.0793863	0.105675	0.14801	0.208993
-7.28616	0.633679	-0.221182	1.08143	-0.0569736	0.0404503	0.144934	0.192257	0.345583	0.127359	0.163123	0.6662	0.108405	-0.205437	-0.0197931	0.108015	0.0285395
-5.68685	0.361646	-0.0747409	0.944123	0.00087954	0.0439311	0.0646733	0.0243468	0.181994	0.0794419	0.162926	0.554405	0.193282	-0.246084	-0.0546478	-0.0649495	-0.200232
-4.84107	0.195527	0.145265	0.901777	0.00814385	0.0220792	0.0912654	0.0704054	0.127673	0.0879093	0.0954989	0.457194	0.298593	-0.135287	-0.156055	-0.00442711	-0.200896
-4.65979	-0.0426285	0.231523	0.894461	0.0427466	0.0271206	0.129022	0.0893377	0.0411415	0.161239	0.100682	0.392105	0.2838	-0.0632484	-0.132778	-0.0301151	-0.164217
-4.98436	-0.558881	0.290111	0.973545	0.079136	0.049978	0.185229	0.0694511	0.144481	0.208028	0.124979	0.306263	0.228757	0.0584955	-0.0537118	-0.0455779	-0.0993434
-5.20572	-1.19834	0.0565996	0.937828	0.175683	0.206743	0.149348	0.0133166	0.230628	0.224678	0.0187093	0.157214	-0.0218659	0.0446752	-0.0765643	0.0950437	0.127521
-5.10295	-1.31584	0.120666	0.812684	0.157185	0.198299	0.128574	0.171679	0.275939	0.219416	0.0671229	0.144673	-0.0676527	0.0298424	-0.0681264	0.152017	0.115062
-5.01176	-1.29473	0.260661	0.671999	0.0484768	0.179051	0.0876209	0.087167	0.22255	0.224131	0.00489193	0.076146	-0.0911573	0.186477	0.0497263	0.0952133	0.124024
-5.04723	-1.40329	0.365499	0.75602	0.10398	0.119052	0.0365669	0.151407	0.328129	0.292359	-0.0294685	0.0702599	-0.0415484	0.331735	0.116302	0.115956	-0.0107688
-5.09778	-1.43467	0.256794	0.761783	0.11747	0.142121	0.113652	0.163574	0.32225	0.323892	0.03555	0.0389956	-0.082229	0.222406	-0.021481	0.212384	0.0141256
-5.21478	-1.53093	0.204442	0.753564	0.0859964	0.159283	0.0333917	0.102438	0.364089	0.346927	0.0361219	0.086481	-0.000758009	0.150021	-0.0325053	0.124531	0.0607794
-5.21157	-1.46582	0.11128	0.653375	0.153429	0.153724	0.148944	0.236256	0.282623	0.22376	0.0230563	0.194702	0.072582	0.0316559	-0.164444	0.0764285	0.0321992
-5.26776	-1.49801	0.0751045	0.648349	0.128515	0.143496	0.160928	0.0898574	0.117535	0.13878	-0.070137	0.473689	0.136002	0.0121786	-0.117478	0.067825	0.0554041
-5.31074	-1.54605	0.110606	0.518078	0.0777262	0.123607	0.14885	0.0822811	0.203679	0.171951	0.0914466	0.432123	0.137515	0.16769	-0.0798835	0.156965	0.215632
-5.50983	-1.5098	0.185023	0.468809	0.108286	0.273967	0.151427	0.106497	0.139951	0.165818	0.243952	0.393082	0.191103	0.187414	-0.145789	0.196346	0.146364
-5.7467	-1.47166	0.331813	0.586707	0.143257	0.391552	0.24061	0.198086	0.124254	0.122103	0.0499544	0.304538	0.117147	0.0484834	-0.114181	0.230251	0.159863
-6.08546	-1.47824	0.355827	0.646719	0.31884	0.419972	0.278488	0.108962	0.13683	0.170262	0.0430479	0.390779	0.0885755	0.168434	-0.00298498	0.00108394	0.183697
-6.59677	-1.41778	0.287798	0.714342	0.575633	0.524351	0.292403	0.0842052	0.218473	0.267387	0.182473	0.397072	0.0758781	0.155211	0.0554089	0.00338145	0.153453
-7.18177	-1.05521	0.249254	0.778004	0.655333	0.529486	0.268527	0.0445645	0.184671	0.300158	0.33299	0.350289	0.131511	0.249072	0.0157874	0.0889949	0.167996
-8.175	-0.172205	0.327165	0.673135	0.391396	0.431795	0.281091	0.167032	0.275454	0.180739	0.407947	0.223626	0.117277	0.265565	-0.0287265	0.171202	0.316302
-9.17735	0.47331	0.817531	0.613432	0.213997	0.448825	0.242899	0.255649	0.300412	0.156931	0.20558	0.236279	0.15369	0.190416	0.13292	0.115448	0.181185
-9.56161	0.755917	0.811246	0.42953	0.23599	0.504957	0.238606	0.303267	0.193428	0.277662	0.241406	0.151623	0.21939	0.3047	0.173604	0.170592	0.148772
-9.65432	0.713668	0.791612	0.366594	0.275288	0.456394	0.383176	0.214888	0.260737	0.221695	0.283631	0.17686	0.168387	0.276289	0.212346	0.18499	0.150652
-8.67053	0.486335	0.237715	0.622928	0.359457	0.26082	0.141615	0.329604	0.112364	0.163892	0.338766	-0.017686	0.347154	0.0944023	0.170991	0.186085	0.0891788
-6.89342	0.333917	0.0677124	0.580492	0.0429331	0.373225	0.147478	0.035347	0.0774169	0.0173392	0.149811	-0.0689294	-0.071419	0.257305	0.343788	-0.0532928	0.0840695
-5.66091	0.369748	0.254813	0.456801	-0.0585903	0.20631	0.0246601	-0.128508	0.0368525	0.0641692	0.0894241	-0.00653185	-0.0341329	0.198496	0.242074	-0.0874596	0.0320219
-4.89924	0.20372	0.427952	0.431084	-0.0852209	0.300777	0.00267916	-0.133456	0.140984	0.0597011	0.0667621	0.128148	0.0418516	0.170967	0.174831	-0.0780791	0.00655717
-4.6513	-0.12343	0.404784	0.559131	-0.0125543	0.20608	-0.0518205	-0.0369467	0.229536	-0.0107919	-0.0130197	0.235713	0.0794279	0.0715666	0.0338351	-0.017997	-0.0341161
-4.83424	-0.34858	0.391994	0.671293	0.0386992	0.125424	-0.0382195	0.140452	0.433786	0.126408	0.0292451	0.189076	0.0752175	-0.0977089	-0.0649711	-0.0374466	-0.0957446
-5.18751	-0.311166	0.350229	0.628881	-0.0279256	0.0885837	-0.0350242	0.151393	0.20937	0.06743	0.0916063	0.174673	0.207333	-0.0357137	0.0661429	0.0659294	-0.0670868
-5.30459	0.106439	0.536953	0.756071	0.0658754	0.177725	-0.0210013	0.0830281	0.172209	-0.0663544	0.0640971	0.0689133	-0.0435426	-0.256876	-0.160921	0.0353188	-0.0780375
-5.6752	0.633903	0.512885	1.00823	0.134784	-0.055857	-0.182057	0.0771041	0.439228	-0.230726	0.0138294	-0.0122099	-0.199887	-0.169246	0.0325981	0.193022	0.408458
-5.21697	1.80831	0.979377	1.09079	0.04141	0.166098	-0.0280976	0.157578	0.192806	-0.283489	-0.334809	0.141481	0.168135	-0.153877	0.0664071	-0.128843	0.0631006
-4.23543	2.63293	0.306875	0.739141	0.161481	0.054513	-0.181334	-0.170238	-0.0205444	-0.153204	-0.104118	0.222535	0.101881	-0.0451485	-0.0227761	-0.0401037	-0.103999
-4.04794	2.51295	-0.00448618	1.03175	-0.0252586	0.0251844	-0.219586	-0.0967582	-0.0882249	-0.111564	-0.194722	0.433602	-0.0727235	0.0231489	-0.0681601	0.0905026	-0.245853
-4.18495	2.58836	-0.081867	1.21871	0.00100325	0.181151	-0.150908	-0.132983	0.0994649	-0.306382	-0.22356	0.340299	0.0092932	-0.0808926	0.0341461	0.175925	0.00190592
-4.18101	2.47593	0.187838	0.945161	0.281341	0.0486397	0.11794	-0.164286	0.250772	-0.261595	-0.173604	0.246563	0.0814752	-0.138221	-0.0322933	0.143541	0.317709
-4.45113	2.14371	0.733707	0.800588	0.0505726	0.153561	-0.257481	0.264825	0.233642	-0.289562	0.0800716	0.10278	0.222828	-0.149765	-0.0691307	-0.0286078	0.181861
-4.95824	1.89175	1.10762	0.89596	-0.0672909	0.0330078	-0.203621	-0.194464	0.0752876	0.0129449	0.0397495	0.0327234	0.180272	-0.174847	-0.0176027	0.0122892	-0.0831463
-5.65232	2.37464	0.914162	0.707738	0.162791	0.181765	0.0488303	-0.0584653	0.0526934	-0.154894	-0.118908	0.102392	0.195594	-0.0578994	-0.0632486	0.166562	-0.207914
-7.03698	2.25061	1.19121	1.31243	0.291571	0.0590784	-0.300663	-0.160769	-0.279031	-0.454822	-0.479477	0.0623053	-0.119872	-0.263065	-0.236053	-0.178531	0.00229571
-8.06783	2.8685	1.47582	1.0435	0.230108	0.0608113	-0.233645	-0.0576023	-0.0803183	-0.569369	-0.616398	-0.371123	-0.207572	-0.0625154	0.0517267	-0.184962	-0.149976
-8.78117	2.8959	1.48437	0.981743	0.400874	-0.114825	-0.555162	-0.126925	-0.166444	-0.587348	-0.585983	-0.198249	-0.148592	-0.336633	0.0540351	0.074825	-0.41506
-7.65977	1.96734	0.834335	0.648223	0.389148	0.203716	0.0466493	-0.0762506	-0.163345	-0.223006	-0.235367	-0.225935	-0.178121	-0.0955825	-0.0321608	0.0410043	0.0859663
-7.72728	1.71764	0.614376	0.463823	0.240074	0.0934324	-0.0324294	-0.125822	-0.183184	-0.214781	-0.205802	-0.174588	-0.12924	-0.0695137	-0.00768651	0.0404932	0.0738731
-8.27711	1.74393	0.644902	0.502484	0.286287	0.162561	0.0526365	-0.0287273	-0.0715094	-0.0885818	-0.0824063	-0.0549834	-0.0169649	0.022365	0.0563893	0.0957696	0.110327
-8.30042	1.48202	0.863369	0.637285	0.080762	0.152718	0.194023	0.196438	-0.37727	0.216308	-0.0285886	-0.0542974	0.147406	-0.100101	0.0420818	0.0713309	0.063118
-6.65648	0.887161	0.366057	0.39895	-0.149194	0.0746174	0.0144394	0.0363374	-0.20504	0.0583443	0.0447605	0.0596822	-0.0687442	-0.0426542	0.0222537	-0.0660658	0.00431316
-5.39191	0.7054	0.315784	0.306829	0.0681236	0.235856	0.0488147	0.0978538	0.0214065	0.0726557	0.115273	0.162641	-0.292454	-0.0905491	0.114702	-0.117156	0.10924
-4.73829	0.601991	0.503797	0.266368	0.170009	0.291176	-0.034712	0.144163	0.0893411	0.0418663	0.162953	0.246703	-0.196588	-0.161743	0.194351	-0.0611492	0.0764304
-4.66255	0.351774	0.642418	0.318753	0.130098	0.311442	-0.0187924	0.160526	0.0345516	0.0165203	0.175494	0.350479	-0.0199262	-0.142708	0.160269	-0.013464	0.015746
-4.92974	-0.0226357	0.607811	0.537201	0.104416	0.285253	0.121588	0.24046	-0.107822	0.0318468	0.0433084	0.410803	0.161817	-0.0749864	0.0081899	0.0367469	0.0798682
-5.13358	0.0193167	0.470014	0.650352	0.0556232	0.0712782	0.0127552	0.278985	-0.0342851	0.0397791	-0.0402652	0.280662	0.0481317	0.0103634	0.153628	0.201238	0.1469
-5.32724	0.315413	0.357248	0.693239	0.0157826	-0.0947383	-0.136932	0.30341	0.12918	0.134942	-0.172316	0.220092	0.0608011	0.0832788	0.199299	0.170344	-0.0324151
-5.44493	0.895978	0.285724	0.90459	-0.0523755	-0.34444	-0.298311	0.131784	-0.0134085	-0.0425881	-0.280357	0.0673264	-0.107757	-0.120762	0.0480707	-0.0233684	-0.224933
-5.48547	1.45671	0.329233	0.899684	0.0146783	-0.203887	-0.320957	0.223635	-0.0360692	-0.0503048	-0.139937	0.0189919	0.0416485	-0.096743	0.19555	0.0189011	-0.516877
-5.05076	2.32853	1.05304	1.3092	-0.378907	-0.301332	-0.132518	0.232901	0.0623544	-0.185971	-0.17033	0.240927	0.10475	0.136605	-0.230443	-0.0546113	-0.0463111
-4.51185	2.55139	0.364052	0.956501	-0.25326	-0.184211	0.0229981	0.0995051	-0.317625	-0.0283444	-0.197254	0.151601	-0.0207899	-0.0367657	-0.0628637	-0.0211496	-0.198289
-4.08106	2.58387	0.423258	1.01921	0.115695	-0.0758144	-0.0600473	0.211708	-0.0581634	0.156054	0.0514308	0.51994	0.0885269	0.119318	0.105561	-0.201949	0.0455883
-4.37357	2.71517	0.292956	1.13887	-0.00970908	-0.429356	0.0369228	0.319369	-0.20511	-0.0832738	0.128134	0.366366	0.113004	0.036445	0.0175577	-0.168018	-0.0952442
-4.06906	2.73514	-0.0899021	1.11862	-0.109702	-0.133743	0.0625753	-0.130449	0.0171733	-0.0940962	0.109978	0.301833	0.0711876	0.152301	-0.0818263	0.0194762	-0.121154
-3.94828	2.78211	-0.38611	1.23218	-0.206248	-0.380044	0.0911678	-0.234471	-0.0925404	-0.0251447	-0.0495	0.412334	-0.0905663	0.157031	0.0161716	-0.0650644	-0.225531
-3.69015	2.78012	-0.174503	1.25503	-0.0481463	-0.31645	0.242335	-0.111646	-0.0287097	0.211908	0.113375	0.499587	0.0950159	0.293259	0.17917	-0.00224868	0.1216
-3.66624	2.49485	-0.207824	1.32995	-0.0190023	-0.533325	0.0316437	-0.00473998	-0.207091	0.201195	0.0665777	0.488761	0.127263	0.104136	0.251352	-0.115616	0.140335
-3.48219	2.21332	-0.485298	1.35961	-0.26719	-0.302222	0.0514121	-0.207457	-0.15571	-0.128906	0.125773	0.196144	0.100988	0.0598465	0.204961	-0.107731	0.0939868
-3.45385	1.99389	-0.357552	1.43434	-0.356187	-0.194499	-0.0150728	-0.0991414	-0.291636	0.0578116	-0.0238593	0.34496	0.00141668	0.183071	0.145204	-0.074372	0.177994
-3.39693	1.90656	-0.347133	1.57398	-0.454656	-0.0628465	-0.0681409	-0.0307141	-0.287444	0.0689079	0.031336	0.280523	0.108912	0.152383	0.19238	-0.092539	0.275738
-3.54473	1.95464	-0.313072	1.69231	-0.456909	-0.0278381	-0.108205	0.0205892	-0.401629	0.132168	-0.0158385	0.300213	0.0742693	0.209184	0.165748	-0.070737	0.264613
-3.64675	1.91814	-0.128441	1.64414	-0.388975	-0.0851609	0.0426119	-0.0964889	-0.331281	0.102873	0.0871914	0.219335	0.164618	0.18452	0.147472	-0.107091	0.365396
-3.8987	1.91571	-0.10948	1.62664	-0.283522	-0.205337	0.117075	-0.250952	-0.366083	-0.0330222	-0.0171501	0.193949	0.121656	0.189224	0.0700581	-0.0856587	0.180395
-4.08293	2.00197	0.0339378	1.66003	-0.275689	-0.117719	0.130097	-0.248524	-0.373644	-0.000774074	0.00263976	0.200154	0.14735	0.217708	0.0773561	-0.0752702	0.33968
-4.38687	2.11078	0.173716	1.58836	-0.242677	-0.191518	0.270363	-0.412578	-0.29463	-0.100152	0.0510351	0.047675	0.18925	0.178363	-0.0193333	-0.0305327	0.272928
-4.65688	2.13473	0.37036	1.60353	-0.239059	0.0344986	0.140147	-0.16683	-0.449856	0.0688945	-0.110118	0.155327	0.101985	0.233089	-0.00457115	-0.0433961	0.378598
-5.27016	2.36505	0.646364	1.53516	-0.322448	0.180418	0.334444	-0.306733	-0.381647	0.11465	-0.162783	0.0289206	0.206148	0.149892	0.031187	-0.0629346	0.374131
-5.896	2.1049	1.2184	1.2495	-0.0942027	0.491496	0.247516	0.00532673	-0.434551	-0.214492	0.147189	-0.256275	0.157321	0.16426	0.167142	0.0361832	0.306949
-5.75815	1.5851	0.660543	1.43719	-0.0807826	0.534917	0.0907215	-0.182415	-0.327779	-0.129499	-0.020161	-0.0426041	0.181402	-0.00287939	-0.0287232	0.0020795	0.0682542
-6.90004	1.29283	1.53422	1.28455	-0.251601	0.16212	0.0600915	-0.202238	-0.130978	0.134545	-0.154582	-0.0818936	0.286677	-0.201271	-0.25771	-0.255358	0.119478
-7.26146	1.28918	1.2335	1.20548	-0.120672	0.341149	0.079073	-0.163246	-0.235679	0.0890056	0.0326987	-0.0202245	0.255998	-0.145077	-0.165156	-0.121526	0.0136483
-7.87923	1.49973	0.941582	0.948733	0.0526569	0.339001	0.117992	-0.0388082	-0.159677	0.0420508	-0.0361343	-0.274232	0.132821	-0.0632532	-0.0702368	0.138138	0.111258
-9.11556	1.69809	1.27789	1.25049	0.0128746	0.178596	0.0101431	-0.173461	-0.291163	0.0121123	0.089397	-0.236586	0.0267123	0.00818793	0.194871	0.281655	0.238119
-9.56937	1.68519	1.22073	1.04627	0.266898	0.176766	0.0440072	-0.161559	-0.272862	-0.0792561	-0.169414	-0.0384193	0.1129	0.0994264	0.252189	0.260721	0.135632
-9.55682	1.4555	1.21629	0.803365	0.330058	0.28656	0.05261	-0.0306149	-0.16678	0.0785249	-0.175043	0.0098872	0.170013	0.0414661	0.258098	0.208638	0.0919145
-9.67595	1.34864	1.15349	0.803425	0.38493	0.26502	0.0929832	0.0347533	-0.085733	0.148977	-0.101056	0.0803887	0.269693	0.0844025	0.308109	0.218382	0.0744278
-7.1181	0.543697	-0.542032	1.11393	-0.0720406	0.113029	0.244202	-0.166319	0.0354402	0.0267593	0.237876	0.0254175	0.32443	0.0566884	0.0739098	0.156155	-0.0516653
-5.7331	0.72394	-0.515058	0.877711	-0.178597	0.0251068	0.175128	-0.228207	-0.0125427	0.121913	0.199723	-0.024892	0.260781	0.116943	0.119165	0.196791	-0.0279116
-5.12022	0.844502	-0.493378	0.696491	-0.166395	-0.0481387	0.209871	-0.1493	-0.0138938	0.0965633	0.0936578	-0.0988566	0.207074	0.226144	0.0836994	0.211104	-0.00884339
-5.10921	0.977142	-0.284182	0.760153	-0.100833	-0.00571455	0.338917	-0.0901588	0.0167712	0.0938242	-0.0610173	-0.153675	0.107505	0.190287	0.0238263	0.136144	-0.116926
-5.95952	0.879824	0.776364	1.24232	0.262248	-0.0164283	0.452931	-0.106908	0.252849	0.163333	0.122379	0.0204761	0.333771	0.183949	0.209838	0.207798	0.058215
-5.41396	2.25109	0.374435	1.0533	0.0425036	-0.0494187	0.578797	0.046097	0.0639242	0.293905	0.295006	0.173242	0.134115	0.275731	-0.136732	0.0635597	-0.00992033
-4.53514	2.83606	-0.160926	1.25806	0.158684	-0.159452	0.246018	-0.0139126	-0.120277	0.0574925	0.190037	0.382466	0.162563	0.391991	0.167729	-0.0387369	0.1307
-3.94989	2.71416	-0.350149	1.18004	-0.185097	-0.317876	0.19052	-0.00755712	-0.0061392	0.256021	0.229422	0.307431	0.137307	0.11752	0.198178	-0.146909	0.408946
-4.08221	2.46523	-0.328215	0.95088	-0.12337	-0.351684	-0.243948	0.0959734	-0.135555	0.191682	0.0356661	0.353024	0.0149595	-0.0373636	0.0347929	-0.269138	0.24756
-3.83201	2.45908	-0.774107	0.714336	-0.264405	-0.102583	-0.263254	0.230426	-0.00382559	0.0705281	0.0262563	0.142989	-0.00481645	-0.275324	0.0502715	-0.294507	0.346089
-3.31725	2.00558	-0.953352	0.817468	-0.306857	-0.257598	-0.0471101	0.244072	0.0364357	0.11024	0.0486505	0.0698634	0.0795907	-0.267654	0.0779629	-0.215363	0.342218
-3.83118	2.3211	-1.03688	0.730517	-0.147895	-0.181396	0.00041414	0.225996	0.217435	0.0960054	0.0690653	-0.120278	0.074784	-0.331544	0.0709604	-0.165759	0.337168
-3.50713	2.22545	-1.20122	0.591896	-0.0601604	-0.139624	0.0988464	0.151906	0.174738	0.0426127	0.0356015	-0.00825149	0.204547	-0.223719	0.196376	-0.251961	0.238584
-3.50099	2.10596	-1.3606	0.372788	-0.113033	-0.24389	0.0772192	0.0892441	0.0913845	-0.0136756	-0.0110468	-0.210387	0.147356	-0.406776	0.0897965	-0.263651	-0.0699602
-3.63778	2.18376	-1.41718	0.305541	-0.0853544	-0.195729	0.132094	0.0810595	0.0708325	-0.0126152	-0.0205122	-0.291918	0.220549	-0.381322	0.110413	-0.308348	-0.082955
-4.14924	2.30831	-1.18484	0.446782	-0.0888505	-0.566301	0.138186	-0.00318806	0.0586809	0.00513686	-0.0443352	-0.419528	0.327834	-0.447378	0.0774183	-0.34435	-0.332669
-4.11036	2.74382	-1.62329	0.0780942	-0.0363357	-0.276002	0.303522	-0.161366	0.0754906	-0.0238314	-0.0876471	-0.330697	0.0835392	-0.267123	0.084959	-0.316112	-0.34201
-4.09843	2.74262	-1.41125	0.0448606	-0.0528369	-0.148059	0.270891	-0.0383567	0.0730338	0.0220412	-0.00319921	-0.314786	0.0392781	-0.083324	0.0473503	-0.215226	-0.232463
-4.4287	3.06506	-1.59259	-0.170055	-0.04233	-0.293577	0.235014	-0.103526	-0.159065	0.0262138	-0.0785986	-0.458274	0.00850052	-0.185121	-0.105802	-0.0929609	-0.723743
-4.5558	3.2156	-1.24128	-0.430109	0.0831465	-0.138456	0.212581	0.01822	-0.175344	0.122387	0.0380788	-0.469806	0.090251	-0.235738	0.0291563	-0.0778542	-0.49646
-4.5722	3.25664	-1.08277	-0.46477	0.0875088	-0.0936665	0.342753	-0.0856742	-0.0721786	0.137946	0.0686954	-0.385564	0.0377983	-0.162204	0.0924605	-0.164132	-0.315174
-4.55589	3.18914	-1.062	-0.460847	-0.0739614	-0.0137223	0.236717	-0.0200234	-0.129743	0.0162045	0.12851	-0.353933	-0.0330246	-0.235076	0.0757175	-0.0946419	-0.458198
-4.60851	3.28113	-1.0135	-0.453869	-0.10762	0.00600253	0.227329	0.0543982	-0.211977	0.0612843	0.160915	-0.366044	-0.0469752	-0.183102	0.0211707	-0.0558178	-0.445765
-4.63171	3.35632	-0.878204	-0.483914	-0.0612439	0.046937	0.291069	0.0615396	-0.108738	-0.0259608	0.346193	-0.396689	0.0103666	-0.160657	0.0880731	-0.12634	-0.200517
-4.79454	3.57667	-0.94219	-0.525755	-0.0591238	0.0532484	0.321918	-0.0318355	-0.0664904	0.0189845	0.265803	-0.410693	0.16838	-0.339053	0.113509	-0.0478056	-0.237463
-4.75415	3.62757	-1.09559	-0.283178	-0.149905	0.0230045	0.434522	-0.0687676	-0.00848678	-0.0217797	0.352282	-0.435177	0.206336	-0.308003	0.0731984	-0.0344282	-0.130829
-4.72775	3.66466	-1.19444	-0.291968	-0.0524936	-0.135526	0.502494	-0.0368735	-0.200631	0.125371	0.336081	-0.495811	0.299838	-0.424444	0.0740866	0.0162088	-0.211137
-4.7309	3.77056	-1.25852	-0.147849	-0.0482563	-0.171443	0.570464	-0.0934577	-0.0526932	0.0299506	0.487322	-0.470384	0.28811	-0.367848	0.118716	-0.0445765	0.0253643
-4.75956	3.8015	-1.35883	-0.158431	0.0510396	-0.387207	0.582681	-0.0460674	-0.270853	0.25246	0.257646	-0.346778	0.15407	-0.348666	0.0143006	0.0391627	-0.171343
-4.69834	3.74785	-1.38376	0.0494746	-0.0959288	-0.328186	0.628813	-0.190267	-0.12122	0.212571	0.283215	-0.258575	0.0965593	-0.323447	0.045501	-0.0552467	-0.0221552
-4.68557	3.65499	-1.32775	0.0418615	-0.0361045	-0.412961	0.671845	-0.323199	0.0346723	0.101173	0.339734	-0.192665	-0.0526848	-0.239195	0.00211413	-0.0513293	-0.0026062
-4.90165	3.90114	-1.0705	0.00800143	0.0856371	-0.399371	0.714337	-0.240533	0.012982	0.22716	0.312623	0.0669403	-0.13612	-0.18599	0.221356	-0.201319	0.304947
-4.84834	3.88094	-1.5074	0.112294	0.236164	-0.555836	0.547833	-0.281061	-0.111874	0.292055	0.0382025	0.0911605	-0.0977661	-0.307484	0.192825	-0.294989	0.0513086
-4.89812	3.81936	-1.3287	0.135634	0.339484	-0.325588	0.339517	-0.26931	0.0674767	0.15576	0.199271	0.0458331	0.0767015	-0.32873	0.224633	-0.11283	0.0950875
-5.39992	3.85359	-1.21354	0.123302	0.562185	-0.035746	0.0637882	-0.412226	-0.0341479	0.177694	0.0767573	0.040508	0.123726	-0.215486	-0.00905557	-0.150498	0.0616796
-6.77279	3.87944	-0.74686	0.406032	0.616359	0.145631	0.0461671	-0.390429	0.0994159	0.416797	0.0576444	-0.111193	0.0223227	-0.350544	-0.0245048	-0.0159613	0.111468
-6.30772	2.94655	-0.252775	0.062518	0.631218	0.295852	-0.223388	-0.397168	-0.0550393	0.1122	-0.0566205	-0.161422	-0.0880893	-0.218025	-0.185661	-0.133015	-0.218714
-6.51898	3.03499	-0.178268	0.278425	0.699987	0.207936	-0.152665	-0.327631	-0.0382978	0.0624034	-0.108501	-0.203457	-0.0666337	-0.0943176	-0.0315004	-0.116716	-0.144699
-6.14057	3.37056	-0.474423	0.154164	0.518866	-0.108661	-0.151087	-0.0794303	0.0999634	0.0232826	-0.0347814	0.110413	0.0829891	-0.184312	-0.0222067	-0.034265	-0.184707
-5.67216	3.54815	-0.738599	0.0613998	0.450976	-0.263015	-0.225229	-0.155215	0.073871	0.0122854	-0.0618549	0.186985	0.167007	-0.257165	0.0175408	-0.022465	-0.275461
-5.62395	3.32723	-0.668543	0.0262969	0.424024	-0.273347	-0.295425	-0.191449	0.042278	0.0305583	-0.0865472	0.205977	0.177535	-0.250393	-0.0302321	-0.0329421	-0.339321
-5.64025	3.23956	-0.538	-0.0108056	0.241014	-0.295634	-0.299692	-0.212626	-0.032849	-0.0127129	-0.149379	0.0735396	0.0135874	-0.263136	-0.0546994	-0.126093	-0.31392
-5.78579	3.86395	-0.846281	0.0633203	0.333434	-0.360255	-0.258385	-0.265437	0.0456311	0.0048133	-0.148266	0.242066	-0.110406	-0.145985	0.0190021	-0.299702	-0.208342
-5.97559	3.5101	-0.530527	0.179843	0.385857	-0.272167	-0.275369	-0.156584	0.0558148	0.0373354	0.0461185	0.186565	-0.00144718	-0.071821	0.00435603	-0.32097	-0.237256
-6.01042	3.41906	-0.244552	0.158196	0.264633	-0.149915	-0.142246	-0.209512	-0.031276	0.0579735	0.0484987	-0.00240089	-0.0808527	-0.0286634	-0.0346718	-0.276611	-0.161804
-6.07588	3.24346	-0.23119	0.285949	0.147219	-0.12678	-0.114089	-0.280112	0.00793379	0.0625701	0.0444156	0.1008	-0.11394	-0.00696366	0.0073421	-0.314819	-0.158207
-6.48935	2.87126	-0.119252	0.523308	0.188593	-0.0676386	-0.0983494	-0.212038	-0.1113	0.108276	0.00209947	0.0763415	-0.197659	-0.0440745	-0.10631	-0.31994	-0.131455
-6.64537	2.81044	0.167852	0.513209	0.338403	0.155055	-0.0842847	-0.186967	-0.167753	0.146507	-0.0302624	-0.0159358	-0.131722	0.0653416	-0.0730188	-0.279613	-0.0809875
-6.95609	2.45963	0.353345	0.617623	0.484476	0.214511	-0.0788074	-0.12768	-0.0171674	0.18437	0.0278883	0.0265161	-0.0737064	0.0463308	-0.116401	-0.246328	-0.0336985
-7.15867	2.00787	0.439604	0.990056	0.519999	0.166901	-0.0626398	0.0878661	0.0962021	0.135331	0.0244776	-0.0659428	-0.139153	-0.0172224	-0.080243	-0.240397	0.00434029
-7.1756	1.78037	0.483066	1.00069	0.555102	0.137893	-0.0535822	0.113119	0.112347	-0.0437851	-0.0466961	-0.081844	-0.0907654	-0.0798775	-0.10887	-0.174016	0.0820612
-7.21104	1.77505	0.332549	0.949546	0.624348	0.311193	0.0994319	0.0415413	0.105761	-0.00908601	-0.190537	-0.115759	0.0606726	-0.0737343	-0.0414874	-0.0992892	0.0470316
-7.27473	1.45578	0.239457	0.982142	0.652966	0.356243	0.25311	0.0766575	-0.0710275	-0.0425246	-0.213656	-0.148009	-0.0229944	-0.0772605	-0.206633	-0.141997	0.0290294
-7.20878	1.19422	0.203013	1.00158	0.669255	0.418294	0.323397	0.182552	-0.0612249	-0.0664121	-0.102817	-0.126637	-0.0312186	0.0610295	-0.221418	-0.0554438	0.0409555
-6.85561	1.06999	0.0758886	0.852994	0.580094	0.465902	0.38133	0.264076	-0.0362179	-0.0494377	-0.100326	-0.104938	0.0169741	0.0780632	-0.146618	-0.0830587	0.0233739
-6.49244	1.23459	-0.00760842	0.655723	0.410683	0.429369	0.334513	0.192476	-0.0428288	-0.090934	-0.12924	0.113943	0.00371866	0.0974681	-0.125185	-0.228859	-0.0584956
-6.3193	1.5423	0.0345309	0.688122	0.36223	0.156252	0.15232	0.122712	0.05469	-0.0613949	-0.191756	0.16202	0.109973	-0.0613638	-0.225013	-0.233291	-0.0368763
-6.30476	1.83178	0.0144863	0.669773	0.34015	-0.126559	-0.0782401	0.00572273	0.107299	-0.106657	-0.135885	0.109895	0.19672	0.135912	0.00199047	-0.102453	-0.0469959
-6.31154	2.2282	0.181822	0.497215	0.230987	-0.273377	-0.276185	-0.119863	-0.085968	-0.16991	-0.178485	-0.00958696	-0.132884	-0.113986	-0.0796688	-0.164355	-0.013851
-6.1913	2.79663	0.170105	0.445109	0.162588	-0.157627	-0.293549	-0.0659809	-0.164264	0.0938049	-0.170403	-0.0395233	0.111921	-0.0721021	-0.212167	-0.0842864	0.0731554
-5.97173	3.10038	-0.123654	0.607939	0.129607	-0.35938	-0.302912	-0.0763933	-0.0625494	0.114238	-0.213711	0.105064	0.177172	-0.0595188	-0.228805	-0.106978	0.0862586
-5.60377	2.92214	-0.559413	0.582011	-0.113724	-0.385587	-0.296988	0.00640701	-0.246396	0.104164	-0.134283	0.130301	0.109178	-0.173397	-0.17335	-0.0847277	-0.0301699
-5.15984	2.45365	-0.92911	0.579492	-0.251601	-0.445247	-0.418874	-0.159635	-0.27414	0.0484823	-0.280347	0.100152	0.0830479	-0.241918	-0.290206	-0.109246	-0.0273903
-5.04506	2.47242	-0.883941	0.621149	-0.187342	-0.362163	-0.352809	-0.116083	-0.186791	0.0901321	-0.247711	0.206165	0.12641	-0.199079	-0.25949	-0.0798237	0.0458515
-5.04919	2.39571	-0.885376	0.644638	-0.16467	-0.409681	-0.331148	-0.0165442	-0.278318	0.241116	-0.293834	0.31451	0.0874297	-0.246357	-0.215672	-0.11023	0.0357915
-5.0122	2.09761	-0.865975	0.61183	-0.237539	-0.455047	-0.365073	-0.0773582	-0.310112	0.191031	-0.290852	0.243308	0.0691343	-0.297879	-0.250056	-0.0975184	-0.0708542
-5.07931	2.08499	-0.914145	0.49021	-0.310869	-0.493171	-0.514489	-0.0505577	-0.422623	0.122777	-0.340251	0.159163	-0.00315185	-0.375512	-0.269525	-0.160744	-0.0471323
-4.99797	2.09184	-0.761841	0.585573	-0.238703	-0.438416	-0.362602	-0.0493136	-0.249786	0.137831	-0.235984	0.262565	0.0216479	-0.331625	-0.187987	-0.12794	-0.00983673
-5.02689	2.17511	-0.711897	0.690717	-0.228374	-0.375352	-0.276069	-0.0729681	-0.138205	0.127546	-0.189457	0.323708	0.0545942	-0.306638	-0.136307	-0.101414	-0.0283789
-5.08808	2.10823	-0.652522	0.646003	-0.296666	-0.371164	-0.321774	-0.115475	-0.170295	0.0880399	-0.236681	0.342729	-0.0302136	-0.292293	-0.182933	-0.115195	-0.0631025
-5.22203	2.16994	-0.570321	0.708007	-0.420228	-0.397504	-0.329159	-0.132227	-0.227518	0.0929673	-0.303515	0.380592	-0.101291	-0.306431	-0.245041	-0.057358	-0.167004
-5.48681	2.29178	-0.221368	0.869306	-0.297451	-0.329051	-0.538758	-0.0734828	-0.0582959	0.252665	-0.369557	0.302324	-0.0256541	-0.137094	-0.214273	-0.0773295	-0.0745792
-5.37869	2.26271	-0.445207	1.0568	-0.336212	-0.288542	-0.275484	-0.178995	-0.105868	0.18275	-0.308168	0.378152	-0.0127203	-0.200262	-0.159951	-0.0699164	-0.154445
-5.72271	2.90494	-0.386083	0.68758	-0.310902	-0.110809	-0.457275	-0.229441	0.0130065	0.0386546	-0.485719	0.394399	-0.0239536	-0.257989	-0.115716	-0.00329892	-0.312478
-5.52936	3.01284	-0.642643	0.963204	-0.187806	-0.268958	-0.299921	-0.0951409	-0.0708235	0.110457	-0.275835	0.370568	0.0697465	-0.146436	-0.119173	0.0223654	-0.033149
-5.91611	2.85953	-0.506217	0.899731	-0.0901114	-0.363463	-0.245218	-0.14902	0.0134526	0.0949453	-0.20283	0.438721	0.15813	-0.184764	-0.109923	0.0255123	-0.144562
-7.03034	2.27185	-0.0416759	0.910434	0.00535044	-0.373235	-0.177623	-0.228568	0.157085	0.0673251	-0.131189	0.597852	0.395653	-0.146756	-0.0483453	-0.0146307	-0.18983
-7.39269	1.88595	0.113229	1.03969	0.0747654	-0.243336	-0.0652558	-0.206747	0.205134	0.0360071	-0.219736	0.348336	0.172205	-0.157591	0.0247575	0.096154	-0.143117
-7.92943	1.82549	0.0866731	1.30288	0.0581937	-0.183789	-0.100674	-0.202415	0.259612	-0.0967101	-0.317093	0.375223	0.131706	-0.181555	-0.0992788	0.100245	-0.0522937
-8.23886	1.82289	0.440625	1.2124	0.177023	-0.118411	-0.0532028	-0.209623	0.119144	-0.184188	-0.280303	0.271805	0.107605	-0.2034	-0.222589	0.0347474	0.0353658
-8.54435	2.00645	0.59654	1.06504	0.261472	8.73601e-05	-0.0169661	-0.213702	0.117475	-0.0946193	-0.333703	0.153141	0.143124	-0.173487	-0.138366	0.0557798	-0.0317252
-9.0971	2.00886	0.836957	1.01421	0.330795	0.0658067	0.0112381	-0.187962	0.0732306	-0.0519178	-0.337336	0.0541108	0.0312178	-0.209124	-0.121475	-0.0308629	-0.0738952
-9.45428	2.15719	1.06129	0.863834	0.370387	0.11972	0.043957	-0.0179089	0.0727473	0.00234781	-0.152518	-0.0989603	-0.143078	-0.244179	-0.256001	-0.0313855	-0.00585256
-9.37472	1.9496	0.916457	0.628134	0.33383	0.149517	0.0171129	-0.026956	-0.0482578	-0.167996	-0.24742	-0.273436	-0.326897	-0.246421	-0.203429	-0.113214	-0.0477865
-9.19239	1.87943	0.883668	0.683642	0.476251	0.336135	0.194569	0.0917625	0.00930745	-0.0628451	-0.0903319	-0.0840455	-0.0994711	-0.0820958	-0.0518764	0.00461847	0.0241155
-10.0241	1.69926	1.06593	0.806164	0.620567	0.363281	0.271736	0.244274	0.0839725	0.0209399	0.0573746	0.0431234	-0.0660717	-0.0090663	-0.0223781	-0.045744	0.0959767
-9.69315	1.50458	0.669926	0.562454	0.449958	0.354432	0.313886	0.295355	0.214744	0.213172	0.191243	0.166551	0.116066	0.157165	0.150983	0.147515	0.158866
-9.96246	1.36867	0.628351	0.502525	0.442285	0.359342	0.363443	0.314855	0.232764	0.296481	0.273296	0.252564	0.209174	0.23173	0.226759	0.174376	0.174936
-10.1246	1.31659	0.670438	0.495706	0.481148	0.417158	0.362446	0.322189	0.27164	0.390988	0.319941	0.254024	0.220111	0.198423	0.212089	0.198755	0.212881
-9.7041	1.43187	0.598434	0.442625	0.388473	0.319379	0.303779	0.297201	0.25951	0.249752	0.208285	0.226203	0.219073	0.1977	0.177795	0.177201	0.180125
-10.325	1.20255	0.701042	0.453363	0.52711	0.433034	0.348679	0.307822	0.28447	0.354479	0.300216	0.324096	0.120953	0.0996956	0.170476	0.216156	0.183738
-9.89517	1.3517	0.54313	0.382011	0.395737	0.324296	0.26163	0.277402	0.291129	0.300689	0.248645	0.234949	0.169335	0.176305	0.19725	0.195598	0.211311
-10.2646	1.24961	0.704906	0.474901	0.512301	0.371448	0.25594	0.261685	0.28685	0.329783	0.258899	0.228156	0.227328	0.216216	0.187427	0.191359	0.228663
-9.96783	1.35445	0.605904	0.419394	0.412198	0.35632	0.260999	0.274413	0.275483	0.295309	0.250563	0.207996	0.200321	0.227068	0.198456	0.186657	0.178947
-9.84015	1.39248	0.578914	0.403045	0.367158	0.326823	0.261566	0.273293	0.25977	0.292877	0.238231	0.192198	0.175087	0.243745	0.226618	0.172586	0.165906
-10.4017	1.13457	0.655336	0.457589	0.482417	0.458154	0.398784	0.421185	0.421104	0.438446	0.330117	0.182601	0.113597	0.228184	0.210102	0.140681	0.208402
-9.72627	1.39182	0.568264	0.498394	0.383759	0.331595	0.26403	0.240928	0.299143	0.311148	0.249029	0.221222	0.186869	0.200771	0.167931	0.164921	0.18428
-10.0752	1.31699	0.608497	0.513766	0.423774	0.377125	0.331104	0.269282	0.232785	0.301948	0.248479	0.237639	0.227358	0.243073	0.142536	0.177149	0.215888
-10.0139	1.37059	0.655197	0.511762	0.421159	0.343092	0.312549	0.27867	0.254622	0.312816	0.231	0.208106	0.212092	0.207356	0.182837	0.171872	0.172195
-9.70129	1.39203	0.577361	0.440426	0.379389	0.311429	0.278641	0.280318	0.228436	0.212871	0.174043	0.20479	0.211588	0.179006	0.167854	0.176752	0.184388
-9.98921	1.33552	0.612394	0.394933	0.417789	0.30601	0.318832	0.285096	0.268046	0.244024	0.255138	0.239549	0.238806	0.223714	0.197903	0.187664	0.184756
-9.71826	1.42302	0.587617	0.41462	0.38158	0.312907	0.297908	0.256462	0.234766	0.223533	0.213612	0.201063	0.198789	0.17429	0.168291	0.156046	0.163548
-9.62621	1.39603	0.559206	0.420839	0.336498	0.277031	0.291719	0.271495	0.243601	0.234702	0.190978	0.193088	0.212792	0.227171	0.190993	0.147133	0.133121
-9.90244	1.37297	0.603998	0.46356	0.400041	0.332476	0.316775	0.282095	0.259796	0.27105	0.254598	0.209568	0.19221	0.211222	0.192452	0.185673	0.176672
-9.78946	1.42342	0.586428	0.441303	0.401491	0.327956	0.296005	0.278299	0.257466	0.239464	0.232634	0.192021	0.189237	0.185156	0.190256	0.147123	0.156837
-9.71211	1.41147	0.557467	0.443125	0.351938	0.294622	0.285503	0.270683	0.240498	0.251779	0.226665	0.179138	0.170305	0.195984	0.182323	0.190591	0.1627
-10.2819	1.22373	0.712927	0.543528	0.486205	0.384677	0.347535	0.349637	0.28965	0.283702	0.259005	0.218428	0.202421	0.250657	0.189069	0.16737	0.156558
-10.0138	1.33878	0.618333	0.441046	0.419133	0.338903	0.297949	0.31146	0.254236	0.250476	0.237001	0.240744	0.185866	0.229398	0.198032	0.188171	0.19043
-9.91949	1.3042	0.55061	0.397803	0.337087	0.278755	0.229795	0.250133	0.258306	0.278637	0.222846	0.278489	0.20764	0.246385	0.218324	0.20466	0.197299
-10.1431	1.2601	0.609706	0.447145	0.378845	0.29314	0.207289	0.230806	0.275024	0.275539	0.214116	0.247223	0.170802	0.211726	0.172326	0.163283	0.168701
-10.04	1.31502	0.553654	0.407147	0.342048	0.302484	0.247835	0.192668	0.218269	0.260119	0.208819	0.187456	0.170221	0.197821	0.205322	0.165644	0.152715
-9.84752	1.38634	0.52435	0.441519	0.377387	0.324809	0.303202	0.23378	0.208918	0.240639	0.2047	0.194441	0.180365	0.189216	0.156772	0.152226	0.143705
-9.78364	1.41345	0.549092	0.446802	0.345737	0.31134	0.270469	0.271128	0.221934	0.229096	0.207306	0.188668	0.19678	0.187173	0.165175	0.165507	0.137976
-9.9243	1.38529	0.577778	0.470133	0.415789	0.348949	0.285587	0.283122	0.23611	0.28665	0.220744	0.174956	0.229306	0.197827	0.170288	0.157732	0.133656
-9.71456	1.37309	0.530235	0.4412	0.365364	0.307934	0.249796	0.252914	0.239802	0.272044	0.193858	0.142373	0.170389	0.187	0.153271	0.137013	0.118275
-9.50251	1.45202	0.493449	0.414236	0.324481	0.287408	0.24871	0.238618	0.213581	0.215669	0.199468	0.181743	0.195594	0.179373	0.177498	0.168019	0.165653
-9.84419	1.39531	0.625305	0.495116	0.421567	0.369714	0.321969	0.329774	0.271664	0.303617	0.266678	0.185349	0.231031	0.187492	0.169524	0.154382	0.128412
-9.56844	1.47398	0.560396	0.4579	0.366695	0.337155	0.305173	0.28619	0.261875	0.273912	0.222403	0.169422	0.209969	0.192625	0.176446	0.165267	0.168225
-9.67444	1.41652	0.555331	0.459414	0.403606	0.324301	0.277997	0.246104	0.25026	0.238769	0.269052	0.227005	0.202181	0.191167	0.164385	0.131709	0.17127
-10.3031	1.1545	0.626172	0.533964	0.452575	0.315652	0.338182	0.347863	0.360551	0.331928	0.354095	0.293646	0.250944	0.292109	0.229657	0.155194	0.209413
-9.68837	1.42416	0.547252	0.446732	0.35529	0.324608	0.265152	0.252083	0.218851	0.233058	0.220225	0.208937	0.218015	0.208533	0.193173	0.159515	0.172602
-9.91952	1.37374	0.597557	0.48939	0.381526	0.310607	0.243493	0.272491	0.285698	0.251472	0.246154	0.251328	0.214174	0.197673	0.20439	0.163625	0.18597
-10.3121	1.23262	0.648131	0.506878	0.463541	0.382226	0.307663	0.366746	0.386318	0.288714	0.248501	0.258755	0.26159	0.242356	0.195056	0.160622	0.17827
-9.92394	1.35607	0.589023	0.471081	0.363074	0.346639	0.271402	0.272296	0.283003	0.261031	0.221922	0.210619	0.228609	0.215028	0.188796	0.164915	0.127499
-10.4276	1.10205	0.612131	0.416319	0.419656	0.509204	0.356921	0.308886	0.374413	0.383152	0.264404	0.190439	0.272056	0.292735	0.217706	0.291222	0.283189
-9.94557	1.40455	0.599423	0.403789	0.357189	0.349797	0.2744	0.277831	0.282624	0.282549	0.213252	0.204567	0.221103	0.228772	0.199387	0.205425	0.178382
-10.0527	1.34363	0.623255	0.443996	0.367851	0.351128	0.305849	0.313332	0.274756	0.276855	0.249543	0.183783	0.186345	0.175469	0.198389	0.203325	0.211307
-10.2572	1.24965	0.66273	0.512295	0.491553	0.39443	0.244483	0.272113	0.303001	0.364859	0.279638	0.124016	0.238737	0.242452	0.163886	0.111758	0.113647
-9.93552	1.35518	0.623507	0.478972	0.419333	0.341102	0.250429	0.28129	0.277816	0.305556	0.280592	0.178047	0.222148	0.243402	0.212425	0.2165	0.139823
-10.318	1.17843	0.694519	0.517104	0.485498	0.398318	0.249881	0.307332	0.334201	0.361781	0.305534	0.251845	0.318241	0.308922	0.217127	0.209517	0.145594
-9.78996	1.43534	0.567088	0.471526	0.374457	0.339926	0.325222	0.288307	0.265839	0.257742	0.217075	0.200677	0.199738	0.196355	0.193518	0.184335	0.146528
-10.1768	1.25161	0.640219	0.533963	0.483503	0.380488	0.347452	0.337873	0.289804	0.300151	0.194499	0.264971	0.238779	0.235033	0.245383	0.212741	0.173212
-9.75977	1.43588	0.611851	0.48629	0.4392	0.368574	0.321124	0.309041	0.245663	0.264852	0.199684	0.215812	0.185752	0.204571	0.202916	0.16929	0.152766
-9.43222	1.48908	0.524246	0.450473	0.351944	0.30592	0.278746	0.251436	0.251831	0.244053	0.219579	0.22334	0.206437	0.205695	0.194777	0.191335	0.176986
-10.0857	1.3426	0.665617	0.559193	0.518655	0.364482	0.332457	0.320141	0.339245	0.294683	0.275483	0.291654	0.258089	0.220868	0.25064	0.17897	0.196268
-9.45023	1.44956	0.523809	0.436257	0.334759	0.290968	0.288754	0.281374	0.245162	0.220663	0.234447	0.224572	0.206352	0.197046	0.180344	0.176289	0.176184
-9.47501	1.43395	0.538082	0.480631	0.391161	0.325901	0.273994	0.284051	0.258372	0.198857	0.200823	0.228149	0.1818	0.202309	0.179733	0.17849	0.178818
-9.94807	1.32709	0.584915	0.479283	0.443729	0.385349	0.264953	0.277967	0.278838	0.266155	0.26582	0.235673	0.20097	0.241717	0.251106	0.2169	0.177882
-9.40524	1.45809	0.527498	0.441899	0.343858	0.312743	0.274734	0.256244	0.253044	0.229575	0.229487	0.187557	0.19421	0.200409	0.178901	0.16807	0.148181
-9.70904	1.39526	0.556029	0.464037	0.388974	0.301968	0.286882	0.271446	0.230166	0.234194	0.243666	0.212038	0.193572	0.215315	0.187893	0.183044	0.168983
-10.1603	1.26255	0.652076	0.549936	0.459404	0.329708	0.334743	0.267476	0.26298	0.308835	0.254845	0.177665	0.22225	0.283935	0.203629	0.190859	0.238019
-9.66159	1.43203	0.56715	0.475424	0.355789	0.311664	0.286326	0.266602	0.244254	0.22791	0.212885	0.212365	0.18599	0.204943	0.180796	0.187766	0.165818
-9.84738	1.38586	0.552687	0.446815	0.362463	0.380146	0.292825	0.257875	0.233315	0.24587	0.255037	0.242408	0.204714	0.194314	0.148526	0.16136	0.140704
-10.1036	1.28922	0.585921	0.447972	0.398692	0.382212	0.260675	0.293214	0.268173	0.263879	0.266581	0.241782	0.221153	0.204507	0.214419	0.244268	0.187448
-9.76144	1.38451	0.539106	0.438062	0.377494	0.310895	0.25724	0.270719	0.229991	0.235735	0.202443	0.225979	0.205016	0.186885	0.178815	0.170198	0.162514
-9.71873	1.41504	0.530022	0.413107	0.327863	0.270996	0.251627	0.244206	0.21784	0.221276	0.184526	0.19611	0.183059	0.202117	0.187767	0.184183	0.162152
-9.94833	1.34545	0.588075	0.429653	0.38212	0.311176	0.320286	0.304199	0.270174	0.245066	0.213466	0.226311	0.21151	0.200842	0.20421	0.171163	0.113942
-9.70535	1.38194	0.517157	0.393676	0.353066	0.277803	0.265805	0.253136	0.23218	0.2276	0.198276	0.206331	0.178929	0.185035	0.172199	0.178703	0.166693
-9.69764	1.38883	0.529503	0.420368	0.357464	0.297144	0.259558	0.248024	0.223822	0.224872	0.184821	0.199323	0.212283	0.189943	0.17746	0.191528	0.151997
-10.0098	1.31554	0.575856	0.480168	0.416466	0.327052	0.302014	0.266568	0.271299	0.274234	0.262035	0.228574	0.205007	0.210786	0.212504	0.198007	0.18827
-9.72562	1.42979	0.527884	0.416249	0.361886	0.288122	0.264298	0.257148	0.231439	0.227067	0.205656	0.20074	0.200414	0.17014	0.173816	0.171602	0.164549
-9.78248	1.39628	0.579879	0.458452	0.36937	0.330855	0.285905	0.277307	0.263601	0.209677	0.180281	0.196614	0.216857	0.16825	0.129335	0.110281	0.15852
-9.85085	1.40142	0.558935	0.438732	0.351559	0.33194	0.263264	0.241912	0.252152	0.210472	0.207932	0.196276	0.193846	0.157919	0.145894	0.152357	0.147438
-9.90466	1.37277	0.557263	0.439054	0.363098	0.339339	0.3039	0.251351	0.242066	0.205641	0.231926	0.237543	0.222312	0.165188	0.157842	0.172475	0.190553
-9.82749	1.3524	0.519377	0.454173	0.400809	0.322034	0.284762	0.22298	0.221623	0.232514	0.193656	0.194156	0.215277	0.212673	0.129206	0.147017	0.168952
-10.0658	1.34245	0.626359	0.485496	0.460436	0.377048	0.338626	0.273231	0.290576	0.308851	0.236419	0.207568	0.233764	0.230784	0.183656	0.167994	0.15206
-10.2357	1.24939	0.599782	0.474671	0.510264	0.452164	0.37686	0.264882	0.293764	0.324337	0.277619	0.309609	0.247833	0.191619	0.207849	0.185457	0.17853
-9.91144	1.4038	0.606933	0.467006	0.406619	0.360551	0.304221	0.285666	0.264633	0.261589	0.233067	0.224686	0.182531	0.194652	0.209107	0.172501	0.138465
-10.2562	1.18155	0.654698	0.404402	0.397566	0.40358	0.330563	0.320231	0.28279	0.255566	0.267011	0.27385	0.164116	0.193475	0.207156	0.208925	0.236725
-10.2237	1.17773	0.635894	0.36925	0.389704	0.32114	0.291986	0.230791	0.24116	0.254561	0.259796	0.246432	0.12283	0.176277	0.170838	0.184129	0.225563
-10.1832	1.20608	0.575346	0.391342	0.350928	0.254711	0.284272	0.213923	0.214017	0.171246	0.164241	0.191857	0.106998	0.172576	0.138562	0.133714	0.11448
-10.5071	0.983114	0.649014	0.518884	0.460779	0.370058	0.3838	0.298815	0.205819	0.125133	0.104992	0.0749024	0.0833531	0.195503	0.146511	0.150954	0.0561306
-10.3679	1.09208	0.629754	0.483064	0.409044	0.343794	0.325015	0.268274	0.165316	0.197043	0.196403	0.110295	0.1034	0.157663	0.136788	0.106283	0.0583328
-10.1198	1.29407	0.620353	0.438405	0.365182	0.361281	0.289841	0.268243	0.222247	0.26557	0.20784	0.168825	0.191304	0.185696	0.189231	0.114376	0.116498
-10.3533	1.12457	0.566958	0.366389	0.425647	0.469344	0.344441	0.290193	0.279247	0.327498	0.273426	0.232925	0.220021	0.259255	0.296212	0.18982	0.0939288
-10.1548	1.23897	0.541087	0.421088	0.422873	0.362152	0.281637	0.27511	0.265782	0.223392	0.217806	0.245667	0.214908	0.184884	0.191131	0.24587	0.163011
-9.74548	1.4054	0.505531	0.399079	0.3354	0.275476	0.256757	0.225801	0.218298	0.227022	0.187537	0.185065	0.191389	0.174748	0.156851	0.172687	0.158348
-10.0885	1.31102	0.62252	0.501041	0.430376	0.346726	0.358999	0.29718	0.281872	0.278803	0.192717	0.19655	0.213205	0.192998	0.174276	0.214126	0.178174
-9.74646	1.41375	0.573751	0.435014	0.371513	0.356787	0.321759	0.286648	0.253409	0.259936	0.222049	0.217372	0.214215	0.17921	0.163802	0.175941	0.143907
-9.45227	1.48188	0.534317	0.457127	0.374979	0.316945	0.280663	0.273416	0.245187	0.261127	0.219631	0.193765	0.185649	0.180869	0.193366	0.16883	0.149793
-10.0636	1.31902	0.639976	0.530914	0.431529	0.394843	0.396316	0.328892	0.258551	0.348282	0.271321	0.218361	0.264464	0.243344	0.213256	0.174629	0.200705
-9.51768	1.43034	0.513167	0.438678	0.366479	0.335063	0.308692	0.235291	0.246833	0.245456	0.240817	0.230813	0.233057	0.199911	0.171281	0.187136	0.182016
-9.39029	1.47675	0.513335	0.434307	0.352786	0.311794	0.289575	0.231748	0.24444	0.25159	0.226764	0.21204	0.207194	0.200123	0.188188	0.171891	0.172233
-10.0167	1.32557	0.678525	0.537377	0.46474	0.437968	0.399645	0.399898	0.269642	0.32566	0.268268	0.252067	0.253477	0.221044	0.215872	0.134775	0.191373
-9.37227	1.46674	0.532685	0.466207	0.363503	0.301346	0.283987	0.28474	0.251627	0.267828	0.228641	0.221515	0.213597	0.211806	0.196125	0.164605	0.160886
-9.57425	1.4546	0.58066	0.457224	0.357765	0.294691	0.291063	0.308289	0.247912	0.262997	0.220476	0.251549	0.234569	0.20007	0.156514	0.191044	0.206981
-9.97198	1.36908	0.585167	0.49407	0.387367	0.338408	0.32146	0.301228	0.249517	0.321434	0.243827	0.225715	0.196008	0.21829	0.199032	0.232205	0.205245
-9.46223	1.43822	0.475262	0.398812	0.303394	0.276548	0.233765	0.223433	0.21246	0.216171	0.198271	0.186559	0.178515	0.186414	0.182688	0.171651	0.162685
-9.93311	1.28894	0.537985	0.399837	0.397932	0.343137	0.23512	0.261649	0.263041	0.304955	0.220426	0.173314	0.21364	0.22138	0.207267	0.182664	0.152123
-10.2346	1.18814	0.630715	0.479996	0.522523	0.375037	0.254912	0.3153	0.299754	0.308137	0.20938	0.186219	0.259547	0.255303	0.195954	0.148708	0.134407
-9.90765	1.33956	0.542457	0.378352	0.33833	0.276009	0.237409	0.244307	0.198234	0.213024	0.188638	0.177502	0.197572	0.170844	0.16241	0.163702	0.153858
-10.3206	1.12552	0.616627	0.455897	0.439779	0.355661	0.274238	0.25351	0.232036	0.251612	0.131497	0.121298	0.192798	0.173833	0.133287	0.104121	0.192018
-10.5216	0.932393	0.589939	0.469332	0.431837	0.341623	0.255571	0.215851	0.290011	0.258106	0.150771	0.175256	0.274877	0.253572	0.18822	0.0871486	0.173804
-10.3315	1.0828	0.599315	0.424112	0.396066	0.340421	0.268014	0.223171	0.249239	0.234972	0.171336	0.116702	0.204636	0.212611	0.121354	0.104512	0.111485
-10.3446	1.09018	0.582306	0.377304	0.38898	0.343311	0.303456	0.292738	0.279236	0.309872	0.225239	0.113071	0.189195	0.195292	0.119202	0.147103	0.0703098
-10.4211	1.02176	0.564504	0.403864	0.420546	0.400944	0.373437	0.391122	0.352781	0.31759	0.221678	0.186339	0.182019	0.177149	0.139254	0.112415	0.0484099
-10.0843	1.28936	0.575496	0.443871	0.388084	0.319592	0.277729	0.278674	0.245307	0.226859	0.218069	0.225413	0.181074	0.167765	0.165266	0.141291	0.158921
-10.1353	1.2844	0.586546	0.475074	0.437226	0.355947	0.302336	0.292142	0.291877	0.229069	0.180118	0.204737	0.195302	0.237136	0.240721	0.153618	0.205696
-10.1973	1.20568	0.587207	0.464274	0.421117	0.397924	0.322058	0.218331	0.268637	0.271406	0.191344	0.247262	0.199674	0.215396	0.215372	0.190537	0.206265
-9.70891	1.38676	0.537578	0.433231	0.352827	0.312803	0.284603	0.266927	0.270488	0.222703	0.19512	0.182042	0.17995	0.21821	0.171919	0.180823	0.13279
-9.71194	1.42433	0.558868	0.428402	0.342197	0.300827	0.276879	0.254837	0.249056	0.226293	0.222463	0.222554	0.195268	0.198994	0.164261	0.188101	0.16812
-9.84844	1.41689	0.588384	0.445328	0.380668	0.320603	0.290912	0.260302	0.26156	0.241533	0.223284	0.213591	0.203027	0.184464	0.193383	0.189882	0.155262
-9.57095	1.3967	0.519838	0.422914	0.337384	0.325967	0.255424	0.264952	0.245678	0.236298	0.221427	0.178667	0.165698	0.1713	0.170803	0.165207	0.133206
-9.42357	1.45661	0.478133	0.420278	0.31968	0.286643	0.243593	0.234202	0.217263	0.216995	0.19873	0.193202	0.180417	0.182672	0.172181	0.163678	0.155997
-9.70684	1.403	0.562237	0.422909	0.372296	0.353185	0.296135	0.274047	0.219393	0.242858	0.226892	0.202786	0.196864	0.219566	0.160671	0.150808	0.17718
-9.44192	1.44846	0.499524	0.416733	0.323322	0.294462	0.245539	0.236825	0.216659	0.207541	0.194529	0.182146	0.191093	0.190168	0.16452	0.158795	0.163032
-9.52153	1.41799	0.501238	0.385911	0.314907	0.268905	0.254439	0.262044	0.236553	0.212865	0.195926	0.203607	0.164654	0.198214	0.17102	0.16076	0.17067
-9.87515	1.39922	0.597483	0.456046	0.394528	0.324682	0.315809	0.266844	0.260533	0.262692	0.248139	0.213317	0.185508	0.222902	0.202061	0.15741	0.133985
-9.57813	1.46764	0.538731	0.430635	0.35949	0.295401	0.282152	0.253264	0.240666	0.236657	0.215612	0.213173	0.189671	0.198055	0.184856	0.181205	0.167336
-9.70753	1.3904	0.538815	0.438819	0.369768	0.302378	0.28847	0.239184	0.237748	0.238097	0.222721	0.2016	0.182192	0.193014	0.166139	0.164975	0.164342
-10.409	1.09393	0.625253	0.472974	0.515019	0.480808	0.354507	0.282057	0.34515	0.320153	0.190428	0.172964	0.216173	0.306939	0.233949	0.229539	0.215814
-9.96038	1.33435	0.556062	0.38338	0.35382	0.296475	0.255683	0.235176	0.243116	0.22636	0.207988	0.201645	0.187519	0.226695	0.197177	0.195694	0.181566
-10.0536	1.30198	0.599794	0.44804	0.416681	0.346785	0.284155	0.253999	0.249892	0.232311	0.212139	0.195256	0.168748	0.206614	0.1777	0.148051	0.159122
-10.4066	1.08643	0.648505	0.514441	0.462211	0.351483	0.248828	0.320946	0.291499	0.25329	0.230216	0.266242	0.177062	0.194134	0.185546	0.142125	0.159493
-10.1912	1.19302	0.612177	0.449537	0.366105	0.333642	0.254085	0.258824	0.219317	0.235582	0.160297	0.222034	0.15979	0.153645	0.175402	0.115823	0.145096
-9.91715	1.41633	0.569068	0.407054	0.285562	0.276612	0.178409	0.174785	0.206215	0.181331	0.0983944	0.138475	0.0958606	0.134975	0.127058	0.0961736	0.0937155
-9.27427	1.55822	0.401945	0.405317	0.175033	0.244637	0.0879759	0.146724	0.139817	0.098498	0.0434654	0.0907513	0.0449297	0.0703692	0.0614432	0.0372874	0.0661127
