-8.08109	1.70384	0.197152	0.50323	0.127696	0.281479	0.0654071	0.191148	0.0549093	0.150144	0.0345199	0.105386	0.0221336	0.0850034	0.00566186	0.0849008	-0.0125695	0.0762051	-0.0152943	0.0525024	-0.0014714	0.0554187	-0.0270635	0.0354785	-0.0233076	0.0332773	-0.00513237	0.0261333	-0.0258741	0.0251198	-0.010305	-6.66261e-05	0.00525953	0.00887017	-0.0241909	0.00835272	-0.0176102	-0.0115979	0.00493969	-0.00148521
-8.32425	1.72065	0.229702	0.524707	0.155815	0.305045	0.093005	0.213914	0.0817001	0.172216	0.0605846	0.125617	0.0463842	0.10331	0.0294328	0.100764	0.0114562	0.0886923	0.00788109	0.0626317	0.0226763	0.0652178	-0.00840196	0.0378983	-0.0061233	0.0380162	0.0152767	0.0292607	-0.012714	0.0265304	0.00307291	-0.000839628	0.0190325	0.00984404	-0.0217599	0.00294367	-0.018292	-0.0194155	0.0103808	-0.00022971
-9.53481	1.60809	0.424517	0.459805	0.3016	0.290384	0.203755	0.217809	0.181494	0.192472	0.148954	0.143428	0.129553	0.124321	0.109503	0.117772	0.0863991	0.107957	0.0716942	0.0835784	0.0884355	0.0857194	0.03724	0.0473624	0.0354937	0.0538942	0.0611822	0.0475653	0.0157093	0.0351978	0.0325716	0.00614192	0.0553738	0.0137601	-0.0159854	-0.00985577	-0.0212322	-0.0388941	0.0326113	0.00433037
-10.066	1.28725	0.548566	0.399748	0.384137	0.323568	0.196565	0.260305	0.216937	0.210678	0.204351	0.163769	0.191133	0.176394	0.180849	0.145923	0.146644	0.14273	0.096111	0.114725	0.0650235	0.114809	0.102525	0.0732993	0.00883175	0.0217619	0.0538167	0.0439473	0.0696489	0.0184949	0.0243637	-0.00930266	0.057228	0.0141381	-0.046109	-0.0172946	0.0281402	0.0319798	0.0135027	-0.00853466
-10.3291	1.11437	0.637741	0.513439	0.440815	0.354589	0.264727	0.24397	0.22146	0.226249	0.180864	0.163729	0.204555	0.172191	0.0800601	0.0412858	0.0858662	0.144104	0.0754224	0.0451623	-0.0840873	0.0591109	0.100914	0.0287544	0.0310952	0.0350593	0.085613	0.0243598	0.0607956	-0.000302341	-0.0360753	-0.0729366	0.0927105	0.0734925	-0.025745	0.0590284	0.0349133	-0.0311405	-0.0643862	-0.0499394
-10.3755	1.05415	0.577907	0.471685	0.354511	0.284984	0.312009	0.247364	0.189656	0.163419	0.118836	0.167016	0.197595	0.124155	0.0553227	0.038004	0.103892	0.100671	0.0646443	0.0877561	-0.0186024	0.0544355	0.100204	0.0603924	0.122382	0.033258	0.0669925	0.0291106	0.081294	0.0415579	0.0183619	-0.0465591	0.0169518	0.057134	0.0353488	0.10687	0.045949	-0.0292187	-0.0495511	-0.0573969
-10.3142	1.07176	0.518328	0.370009	0.299033	0.265296	0.306512	0.206257	0.158924	0.177631	0.196886	0.190963	0.233405	0.139099	0.0979987	0.105821	0.177359	0.135148	0.0485681	0.058613	0.014343	0.0268914	0.111551	0.0546703	0.0977326	0.0160495	0.110446	0.0643547	0.0657401	0.0527339	-0.0200732	-0.0122197	0.0208376	-0.00240738	0.00742124	0.0310694	0.0270389	0.013871	-0.0224881	-0.0122733
-10.4127	1.02357	0.570856	0.430341	0.370235	0.333216	0.291439	0.198766	0.154715	0.160245	0.284942	0.220782	0.229302	0.168856	0.145903	0.163439	0.222538	0.14921	0.0412653	0.0505817	0.0650257	0.0621422	0.140132	0.0898701	0.104736	0.00819568	0.109152	0.101276	0.00240938	0.00125078	-0.0932179	-0.00540697	0.0458637	-0.0366109	-0.0248049	-0.0342821	0.0202568	0.00863845	-0.0986413	-0.0472882
-10.3003	1.14115	0.568639	0.414366	0.383363	0.356618	0.262503	0.268354	0.265879	0.199634	0.174765	0.198177	0.150615	0.125049	0.156359	0.16066	0.161463	0.109381	0.109324	0.127885	0.128644	0.0981678	0.0766652	0.09849	0.0981635	0.0469544	0.118041	0.13414	0.0365759	0.0429161	0.0195048	0.0227133	-0.014193	-0.0419422	0.0100937	-0.0224258	-0.0897528	-0.0552241	-0.000720912	0.0155732
-10.3155	1.12546	0.535397	0.371442	0.417846	0.388952	0.273212	0.306118	0.319275	0.255509	0.195557	0.283547	0.211243	0.15501	0.191097	0.145187	0.129358	0.0640062	0.159962	0.177784	0.130335	0.134512	0.0522254	0.104194	0.137053	0.0726262	0.035588	0.0651358	-0.0396146	0.0051457	0.0561918	0.0700949	0.0161192	-0.0177602	-0.0101838	-0.00987935	-0.0422711	-0.0914391	-0.009012	0.0159214
-10.3064	1.13284	0.573512	0.410567	0.411746	0.355831	0.277157	0.357454	0.360072	0.247998	0.231594	0.311969	0.238176	0.159066	0.121053	0.0927269	0.0956019	0.0330506	0.137161	0.174324	0.102069	0.133937	0.0487984	0.0844844	0.110766	0.0295677	0.0310699	0.0817443	-0.028799	-0.00806884	0.045517	0.0881026	0.0464326	0.0571256	-0.0146115	-0.056811	0.00771349	-0.0430562	-0.0104593	0.0336492
-10.0656	1.32021	0.636666	0.433049	0.409163	0.347771	0.296008	0.283528	0.261124	0.225006	0.208734	0.221856	0.16375	0.152473	0.155119	0.164395	0.141985	0.0906276	0.115734	0.125091	0.0639955	0.0754777	0.0370336	0.0883218	0.0786133	0.0596961	0.0537652	0.0554653	0.0337331	0.0175234	0.0263288	0.0531877	0.0507382	0.0596526	0.00699342	-0.057392	-0.062496	-0.0281462	-0.0305221	0.0156157
-10.243	1.27097	0.660989	0.376184	0.398229	0.4009	0.334518	0.274338	0.276683	0.263294	0.210729	0.297951	0.251719	0.173305	0.147382	0.168672	0.222174	0.182781	0.106928	0.0496166	0.0576752	0.134558	0.0801215	0.0844446	0.0139949	0.0225894	0.0483784	-0.0349658	-0.0289133	0.0348637	0.0568203	0.0553069	0.0378231	0.0214758	-0.0270575	-0.0806783	-0.0791328	0.0655011	0.0266307	0.00208479
-10.129	1.31797	0.598695	0.370052	0.344703	0.370212	0.344977	0.244025	0.235377	0.198986	0.170496	0.264005	0.302253	0.262799	0.186573	0.0744075	0.151992	0.19563	0.15464	0.130765	0.105686	0.114218	0.0595258	0.0804667	0.103775	0.0723712	0.0844074	0.0295879	0.00622908	0.00536676	-0.000619871	0.00609232	0.0339672	0.0235216	-0.0681078	-0.0591463	-0.0408907	-0.00592298	-0.0430235	-0.0344893
-9.83953	1.38443	0.538676	0.409618	0.371266	0.31779	0.239488	0.219547	0.23113	0.215306	0.180314	0.197553	0.202198	0.211411	0.208472	0.146665	0.180065	0.162645	0.118512	0.126338	0.107575	0.116685	0.099837	0.110866	0.102889	0.0770261	0.0470809	0.0379751	0.0425458	0.00603805	0.00227443	-0.00334469	0.00639977	0.0411743	-0.00140372	0.013405	0.0273791	0.0109588	-0.0278562	-0.0165053
-10.106	1.31205	0.561619	0.447588	0.425726	0.394168	0.302456	0.278794	0.311912	0.310046	0.20542	0.201471	0.227011	0.232155	0.144636	0.0897829	0.166752	0.167573	0.113762	0.130184	0.0976366	0.0954226	0.0686251	0.0746135	0.0661281	0.0576918	0.040858	0.0575112	0.0311535	0.0163071	0.045808	0.0458187	0.0518763	0.0299069	-0.0330844	-0.0162944	0.0383106	0.0565635	-0.054471	-0.032202
-9.98114	1.33893	0.568092	0.454485	0.396583	0.379838	0.290847	0.260036	0.272938	0.266755	0.242572	0.180113	0.20894	0.21869	0.189807	0.156615	0.188342	0.167105	0.143898	0.146227	0.0902846	0.12384	0.134044	0.109152	0.0778445	0.0915931	0.0635937	0.0758928	0.0608911	0.0100584	-0.0128196	0.0191329	0.0327827	-0.0217422	-0.0306677	-0.0461662	-0.0818082	-0.0266584	-0.0580363	-0.0798719
-9.90232	1.30694	0.53471	0.475909	0.448266	0.388698	0.304719	0.255644	0.232184	0.276289	0.308753	0.216586	0.209547	0.227703	0.182657	0.160408	0.141659	0.107404	0.1054	0.162505	0.122343	0.0989397	0.0746366	0.0887683	0.0550767	0.0637887	0.0660851	0.0497563	0.0395569	-0.00587048	-0.0271031	0.0212054	0.0117722	-0.0532566	-0.00480809	0.00493761	-0.0248958	-0.0289298	-0.0884477	-0.0993829
-10.2774	1.14566	0.537782	0.505416	0.54572	0.48512	0.385571	0.252221	0.271613	0.363948	0.444328	0.263	0.158234	0.172109	0.137678	0.125761	0.102526	0.194805	0.0752202	0.0635983	0.117604	0.13278	-0.00912635	0.0743646	0.0136245	0.00848347	0.0300421	0.0470121	0.0767302	-0.0309733	-0.0161543	0.0434323	-0.00319935	-0.0339648	0.0311941	-0.0445004	-0.0293458	0.0114652	0.0475149	-0.0484526
-10.0767	1.27549	0.543271	0.383795	0.403791	0.342178	0.299079	0.212898	0.220908	0.254273	0.282369	0.233235	0.169119	0.213053	0.163749	0.182095	0.174701	0.21329	0.129944	0.136099	0.172229	0.169345	0.0818858	0.104526	0.035351	0.0729265	0.0725757	0.0331768	0.0651276	0.0384581	0.0458906	0.0306982	-0.020844	0.00540232	-0.0175321	-0.0526173	-0.0162274	-0.0253061	-0.00608644	-0.0373274
-10.1089	1.27595	0.589531	0.381889	0.384556	0.333486	0.302475	0.214503	0.209509	0.261887	0.190043	0.181852	0.152632	0.233872	0.173392	0.141434	0.145037	0.148598	0.140863	0.131368	0.093165	0.130968	0.125409	0.0910256	0.0210796	0.0345809	0.0334043	0.0531434	0.0483892	-0.0262629	-0.053856	0.00676038	0.0298482	-0.0270522	-0.016607	0.00848676	-0.0251295	-0.00573709	-0.0036575	-0.0349815
-10.3526	1.11092	0.669314	0.450063	0.391848	0.411943	0.320157	0.202747	0.217919	0.284649	0.195374	0.192294	0.142185	0.27366	0.366874	0.225619	0.0699242	0.0445145	0.0123564	0.113638	0.0189651	0.040479	0.0825674	0.151487	-0.0408762	-0.0528111	-0.0252832	0.090632	0.100097	-0.0181844	-0.0285174	-0.0506805	0.022347	-0.0328687	-0.0655829	-0.051115	-0.106297	-0.00173385	0.0716332	0.0764978
-10.3404	1.07261	0.655575	0.507477	0.362017	0.33368	0.202813	0.192513	0.240744	0.228504	0.167144	0.17842	0.162764	0.171217	0.251557	0.167789	0.0929519	0.159911	0.128524	0.113007	0.0164578	0.0196685	0.0377118	0.124681	0.0691223	0.0793338	0.0558236	0.053232	0.0276975	-0.00589022	0.0737406	-0.0126381	-0.034028	0.00478527	-0.0255921	-0.00159666	-0.0371536	0.0135968	0.0619995	0.037391
-10.4691	1.05085	0.641199	0.399999	0.312903	0.251	0.188168	0.188297	0.213752	0.185295	0.185827	0.173546	0.200612	0.0875111	0.0151136	0.0334086	0.109095	0.194286	0.223843	0.135893	0.0481185	0.106702	0.12867	0.147688	0.116105	0.0646864	0.0648113	0.064831	-0.0220534	0.0475335	0.0726979	-0.0348709	-0.0607598	0.0229981	-0.00786273	-0.0528126	-0.0411949	-0.000246744	-0.0283348	-0.0986811
-10.3668	1.10428	0.579916	0.337118	0.309936	0.239561	0.245222	0.225301	0.240039	0.23925	0.224131	0.134908	0.174287	0.0781085	-0.00875992	-0.0036453	0.0847568	0.115363	0.136955	0.138984	0.0454914	0.0723354	0.0921446	0.0850817	0.114738	0.00141624	0.00609073	0.062871	-0.0212595	0.0813407	0.0805197	0.00381133	0.0163669	0.0884456	0.0490728	-0.0710417	-0.0655974	0.0168163	-0.0536646	-0.10443
-10.1969	0.995985	0.331039	0.372504	0.339136	0.240976	0.265097	0.121315	0.0882149	0.178048	0.1357	0.0814466	0.133967	0.0978693	0.0765068	0.130459	0.0900949	0.0117301	0.0331121	0.115947	0.0880654	-0.0131228	-0.0524823	0.0215342	0.0565322	-0.0473218	-0.00117133	0.0872457	-0.0133464	0.151821	0.145475	-0.0834101	-0.0717594	0.140675	0.0451714	-0.102647	-0.203423	-0.110604	-0.0900654	-0.0528614
-9.94986	1.07945	0.382361	0.347248	0.352801	0.300586	0.271285	0.139329	0.121581	0.188379	0.198995	0.163229	0.0639845	0.0875324	0.12473	0.203917	0.093593	0.00323579	-0.0366761	0.0670891	0.200631	0.100387	-0.0699056	-0.0723031	-0.0582315	-0.0669815	-0.0119596	0.0452358	-0.0703049	0.108371	0.0769424	-0.0855625	-0.0897743	0.0573375	-0.0270242	-0.101865	-0.133162	-0.0148425	-0.021867	-0.000384326
-6.31607	1.8569	-0.513765	-0.325879	0.12659	0.165354	0.0371815	-0.0644709	-0.0831469	-0.0297263	0.0975829	0.0399059	-0.175966	-0.155241	0.0268887	-0.0914153	-0.140548	0.0893589	0.191169	0.0301748	-0.0572357	0.00452056	0.0134187	-0.0431154	-0.121705	-0.0346389	0.0255616	0.0894433	0.0290453	-0.0240663	-0.0189833	0.0127652	-0.00777411	0.0233276	0.058254	-0.0177857	-0.0692674	-0.00462441	0.0320243	-0.0226617
-5.32785	2.54279	-0.734562	-0.612822	0.26508	0.0651935	0.319683	0.0341141	0.090519	-0.169173	0.000303604	-0.0529535	-0.344642	-0.0563122	-0.143927	-0.010414	-0.184056	-0.0296106	0.285036	0.0478174	-0.166777	-0.00592958	0.0270899	-0.0295621	-0.127052	-0.0489956	-0.152075	0.110436	0.0948389	-0.0457073	-0.130523	0.0507887	0.0651265	0.00469098	-0.0799708	0.0295164	-0.104007	-0.00733973	0.0670305	0.00316955
-4.7567	2.77225	-0.844029	-0.7143	0.345348	-0.0447717	0.471484	0.000909159	0.0535379	-0.156087	0.0988654	-0.0372095	-0.486318	0.103411	-0.114443	-0.0653714	-0.130249	-0.0404107	0.16282	-0.00304224	0.0570954	-0.0215422	-0.0525191	0.0409171	-0.106688	-0.0277222	-0.208279	0.116051	-0.0582252	-0.0476937	-0.0439072	-0.0522338	0.0463901	0.0247411	-0.0573789	0.0328175	-0.093797	0.0221612	-0.081948	0.00378175
-4.3648	2.73273	-1.12206	-0.523462	0.489148	-0.21539	0.352728	-0.0155928	-0.0623133	-0.182012	0.0686492	-0.0389989	-0.286359	0.17979	-0.122071	-0.134202	-0.0936532	-0.0989706	0.0771473	-0.0275258	0.0611834	0.00290556	-0.11287	0.0141651	-0.00278279	-0.0606804	-0.0250245	0.0672679	-0.123715	-0.0325701	-0.0584661	-0.0644501	-0.0208566	0.0167555	-0.0442854	0.0510003	-0.0289352	-0.00362353	0.0839497	0.0623328
-4.16171	3.03235	-1.3893	-0.55801	0.553417	-0.317435	0.425368	-0.00626425	0.0507087	-0.235597	0.332487	-0.139667	-0.316772	0.417216	-0.164028	0.0761224	-0.0671755	-0.122403	0.118279	-0.0676958	0.0011487	0.139061	-0.144878	0.0359674	0.0333374	-0.0540384	0.0090998	0.0871321	-0.0747602	0.00797645	0.0445104	-0.10393	0.125708	-0.0607367	-0.0711456	0.159278	-0.12226	0.00408262	0.0722768	0.0199465
-3.47942	2.71749	-1.20528	-0.594793	0.452117	-0.269116	0.504467	-0.0986824	0.00476092	-0.0241014	0.0318473	0.0656643	-0.307762	0.252334	0.0138401	-0.0755013	-6.5552e-05	-0.0781481	0.107587	-0.105051	0.0778978	0.0273562	-0.124085	0.134584	-0.0847442	0.0227108	-0.0161515	0.0741007	-0.0418028	-0.0304281	0.0403692	-0.0184002	-0.00570328	0.0251466	-0.0553782	0.0802638	-0.0755902	0.0508338	-0.00967158	-0.031901
-3.17801	2.53259	-1.17372	-0.443813	0.160731	-0.105491	0.451132	-0.0677517	0.123232	-0.0165266	0.0149019	0.0984308	-0.407311	0.293127	-0.00845009	-0.0492006	-0.0447576	-0.0825949	0.128599	-0.0802802	0.00310622	0.0726273	-0.138649	0.161898	-0.120704	0.0620097	-0.0128704	0.0542485	-0.030126	-0.0511025	0.0497561	-0.00690255	-0.0157515	0.0231944	-0.0478412	0.0729846	-0.0639823	0.0299506	0.0256721	-0.0780585
-2.89871	2.32852	-1.16345	-0.428878	0.226126	-0.112663	0.521086	-0.0834113	0.128947	-0.00614971	0.000230852	0.0850274	-0.351401	0.273438	0.0250249	-0.186792	0.0435149	-0.103781	0.117654	-0.0892658	0.0139513	0.0932639	-0.174828	0.197748	-0.113713	0.0185266	0.0196928	0.0544157	-0.0378595	-0.0590931	0.0715492	-0.021619	-0.0142815	0.00926184	0.000774954	0.00979389	-0.019486	0.0164578	0.0245846	-0.0686329
-2.92313	2.45264	-1.28316	-0.251967	0.218399	-0.166393	0.541838	-0.120778	0.142708	-0.0174956	-0.0303059	0.0882021	-0.32984	0.278592	0.0121155	-0.17005	0.0192847	-0.0490951	0.0691636	-0.0379959	-0.0386648	0.121388	-0.18946	0.215884	-0.126806	0.0045115	0.0399204	0.045198	-0.0314697	-0.0684243	0.072669	0.0017767	-0.0640638	0.0757815	-0.0662999	0.0633011	-0.0517568	0.0288646	0.0134289	-0.0232916
-2.89285	2.44836	-1.26408	-0.211844	0.215855	-0.184463	0.566449	-0.132903	0.117361	0.0356875	-0.0440074	0.0988327	-0.400692	0.362895	-0.03229	-0.153838	0.00814691	-0.0571114	0.0868699	-0.0483319	-0.0321405	0.106484	-0.178339	0.223236	-0.136724	-0.00413159	0.0621969	0.0277775	-0.0178287	-0.0831517	0.0799933	0.00638164	-0.0738912	0.0933867	-0.0992325	0.105164	-0.085876	0.0439517	0.0234857	-0.0633919
-2.91275	2.52052	-1.29361	-0.189195	0.264332	-0.259349	0.61621	-0.197923	0.227158	-0.0235102	-0.00435223	0.0353309	-0.33851	0.327349	-0.00308865	-0.196936	0.0575828	-0.120558	0.141166	-0.118169	0.0595562	0.0266163	-0.107947	0.149761	-0.0795668	-0.0265051	0.0678863	0.0155443	0.00312461	-0.0960517	0.0865483	-0.015621	-0.0310644	0.0447406	-0.054117	0.0659543	-0.0583881	0.0271885	0.0459493	-0.11304
-2.90329	2.51738	-1.28277	-0.0780727	0.185659	-0.157893	0.461995	-0.0693718	0.153486	0.0507307	-0.0914269	0.0618379	-0.30442	0.326349	-0.0568491	-0.15343	0.0549607	-0.101856	0.0725603	-0.0690117	0.057723	0.0342486	-0.140843	0.18305	-0.116002	0.0278787	-0.000364755	0.0811993	-0.0596154	-0.0275172	0.0318027	0.0129984	-0.053941	0.0804922	-0.0974249	0.108359	-0.0983674	0.0640714	0.00277856	-0.0449837
-2.87633	2.49638	-1.26919	-0.0117133	0.210264	-0.202588	0.427845	-0.0929408	0.261668	-0.00888151	-0.109568	0.0701563	-0.244665	0.279982	-0.100873	-0.11714	0.0839287	-0.112183	0.0682122	-0.0976189	0.0954758	0.00187754	-0.09979	0.123467	-0.0742909	0.0377137	-0.0204703	0.0592311	-0.0125574	-0.0749829	0.107749	-0.101841	0.0591235	0.000742925	-0.0452964	0.0757315	-0.0878482	0.0703439	-0.00879856	-0.0447174
-2.82963	2.4354	-1.2247	0.0283352	0.221481	-0.246927	0.435081	-0.161565	0.347215	-0.0530307	-0.00956496	-0.0424226	-0.151835	0.212659	-0.0714701	-0.166576	0.140862	-0.113377	0.0231848	-0.0478512	0.0415471	0.0466037	-0.129924	0.142593	-0.0840005	0.0495201	-0.0206149	0.0442136	-0.0139907	-0.0421956	0.0616165	-0.0578422	0.0168422	0.0441961	-0.0836332	0.0992151	-0.0908691	0.0528478	0.0128623	-0.0406783
-2.94591	2.61866	-1.25149	0.162029	0.189901	-0.295676	0.370378	-0.220471	0.445488	-0.123373	0.0648427	-0.106378	-0.118939	0.282716	-0.209075	-0.0781021	0.063509	0.0573237	-0.138361	0.0540909	-0.0501992	0.130217	-0.182423	0.151239	-0.0663703	0.0457559	-0.0191469	0.00252881	0.0459471	-0.0977134	0.122364	-0.123772	0.0738537	0.000195379	-0.0476585	0.0772277	-0.0845871	0.0490265	-0.0127874	0.0954504
-2.80412	2.39621	-1.07058	0.0687286	0.232079	-0.366022	0.382264	-0.187252	0.435047	-0.0595979	0.00706589	-0.0210671	-0.148374	0.243889	-0.233082	-0.0470324	0.0652827	0.0344632	-0.0992488	0.014816	-0.00991853	0.027693	-0.0527643	0.0581905	-0.00903113	0.0214008	-0.00623756	0.0180256	-0.0315145	0.0229426	0.00602348	-0.0321325	-0.0027882	0.0631276	-0.0768573	0.0547087	-0.0201681	-0.0266974	0.067493	-0.0418256
-2.86373	2.43253	-0.994389	0.174512	0.20033	-0.407489	0.246679	-0.129613	0.450019	-0.100164	0.105492	-0.0895644	-0.0480356	0.120326	-0.202299	-0.0580756	0.090047	0.0845315	-0.169048	0.0720916	-0.0478181	0.0110602	-0.0148017	0.0137252	0.0468964	-0.0168346	0.0181539	0.00510329	-0.0435279	0.0191934	0.0586195	-0.118137	0.088386	-0.00890697	-0.0413294	0.0619694	-0.0609752	0.0329908	-0.00889335	0.0372554
-2.90119	2.49242	-1.03495	0.317574	0.100899	-0.356304	0.124339	-0.0692199	0.449873	-0.118346	0.207165	-0.132504	0.0124248	0.0474	-0.248629	0.0276642	-0.0031913	0.202017	-0.309684	0.216333	-0.144586	0.00300135	0.0336339	-0.0283119	0.111617	-0.0707101	0.0313477	0.0417085	-0.114437	0.0869238	-0.00300075	-0.0549608	0.0405441	0.01032	-0.0367177	0.042098	-0.0352477	0.012011	0.0180821	-0.0482464
-2.96666	2.4589	-0.849032	0.358267	0.0943836	-0.364127	-0.0236181	0.020254	0.361751	-0.0619848	0.210284	-0.107623	0.0613611	-0.0182522	-0.239439	0.0235048	-0.00793685	0.213787	-0.309084	0.217847	-0.158031	0.0109175	0.024271	-0.0108932	0.102074	-0.0523058	0.0119967	0.03728	-0.0969445	0.0691901	-0.00643882	-0.0227661	0.00187683	0.0441085	-0.0730664	0.0809604	-0.0561913	0.00204876	0.0317283	-0.017701
-3.08378	2.55922	-0.799811	0.405263	0.0329716	-0.280338	-0.132792	0.112154	0.289141	0.0397161	0.0726072	0.049637	-0.0283207	0.0457389	-0.25248	-0.00856172	0.02564	0.132278	-0.267	0.186351	-0.100044	-0.036309	0.0550701	-0.0260398	0.12907	-0.10423	0.0649149	0.000412502	-0.0514254	0.00230605	0.0525613	-0.034766	-0.0440259	0.119945	-0.133642	0.106413	-0.0649908	0.015264	0.0510327	-0.167676
-3.27487	2.85391	-0.864877	0.533071	-0.026081	-0.169912	-0.322799	0.130118	0.240441	0.0209371	0.129519	-0.080106	0.113101	-0.00547368	-0.0976295	-0.139899	0.0576593	0.112382	-0.289032	0.222733	-0.120421	0.000787527	0.0918224	-0.115391	0.185354	-0.134874	0.075768	-0.0183418	-0.0295642	0.00599378	0.0253201	-0.023255	-0.0126896	0.0619166	-0.0831373	0.0843013	-0.0595797	0.0114036	0.0145577	-0.0162387
-3.57738	3.10824	-0.83428	0.540815	0.058484	-0.228767	-0.143929	-0.103954	0.30152	-0.110622	0.254684	-0.168782	0.194046	-0.0295683	-0.0232707	-0.155487	-0.00485911	0.133406	-0.297519	0.223115	-0.11234	0.0182087	0.0727445	-0.0708353	0.115776	-0.0729361	-0.011921	0.106622	-0.169073	0.10748	0.00223426	-0.0525706	0.0227877	0.029863	-0.0248458	-0.0168905	0.0582025	-0.0796135	0.0636912	-0.0237498
-4.28053	3.27799	-0.256832	0.114965	0.387154	0.00373727	-0.301827	0.0430045	-0.0502647	-0.0106248	0.263636	-0.136852	0.0262223	0.173982	-0.0737699	-0.163634	0.0261815	0.0901117	-0.266035	0.180065	-0.0451191	-0.0279738	0.0609825	-0.0149867	0.0803533	-0.138526	0.118441	-0.0204333	-0.100471	0.104736	-0.0208029	-0.0356525	0.0425452	-0.0117666	-0.0086178	0.0327123	-0.0457651	0.0089032	0.0727623	-0.110262
-4.58337	2.74184	0.170393	0.230414	0.4018	0.301466	-0.0546722	-0.242901	-0.319374	0.168144	-0.00732467	-0.0500198	0.201087	0.0761526	-0.0433918	0.0154722	-0.155117	-0.0221419	0.0135963	-0.0247526	-0.0710056	0.090485	0.0666262	-0.0672837	0.0590155	-0.03218	-0.0011708	0.00262499	-0.0813334	0.0888212	-0.0131558	-0.0321605	0.0606985	-0.00472228	-0.0910238	0.138818	-0.0788196	-0.0278069	0.067943	0.0304279
-5.42853	2.5333	0.614967	0.570463	0.50991	0.320962	0.0755143	-0.0991247	-0.153502	-0.264892	-0.124848	0.19479	-0.117764	0.167374	0.122487	-0.198503	0.0862446	-0.0717577	-0.03782	0.0561244	-0.188834	0.225133	-0.0782245	0.0825112	-0.0832921	-0.0146405	0.0890684	-0.144075	0.071944	-0.0436795	0.0745147	-0.0559721	0.0339206	0.0782911	-0.152187	0.108807	-0.0236426	-0.00297101	0.0539742	-0.220716
-5.62346	1.77678	0.92234	0.863284	0.424012	0.261711	-0.0416287	0.00771526	-0.00242575	-0.193747	-0.126301	-0.0890466	-0.126289	0.102238	-0.00824867	-0.0694809	0.0812808	0.0453209	0.0243174	0.0627159	-0.00423443	0.013381	-0.111664	0.0900991	-0.0415793	-0.0965775	0.0886045	-0.0277739	-0.0717708	0.105353	-0.0870482	0.0739853	-0.00132299	-0.00271501	-0.0400736	0.063491	0.00615106	-0.102311	0.144161	-0.0730905
-5.55128	1.34312	0.689745	0.746058	0.205233	0.286341	-0.0612927	0.0129172	0.0263667	-0.243846	-0.179699	0.147149	0.0334693	-0.00922276	-0.160756	-0.106209	0.0291499	0.148614	-0.0161307	0.200052	-0.0591456	0.018103	-0.133943	-0.00596963	0.0203905	-0.0196267	-0.0207189	0.0406167	0.0423006	-0.0686109	-0.0737257	0.128282	-0.0378676	0.0447449	-0.096356	0.0720156	0.083842	-0.200642	0.0875211	0.190784
-5.69683	0.939306	0.249271	0.528253	0.234351	0.168374	0.209408	-0.0522556	-0.0409199	0.0185102	-0.0939015	-0.229188	-0.00852735	-0.0755222	0.136475	-0.156366	-0.00249898	0.0400468	0.204704	0.0769095	-0.150458	0.155078	-0.148476	0.0655742	-0.139533	0.033889	0.0582362	-0.0242718	-0.0843735	0.0603304	0.0610126	-0.0921424	0.0426884	0.0218853	0.0403906	-0.118564	0.0524889	0.0694232	-0.0146641	-0.206658
-5.74985	0.580313	0.0726119	0.352092	0.321686	0.149484	0.0415693	0.0669818	-0.0253332	-0.114691	-0.272897	-0.0651222	0.0676052	-0.00876158	-0.10707	-0.0429001	0.0103531	0.0503061	0.208171	0.0368406	-0.0541842	0.0778485	-0.0377549	0.00638657	-0.0277559	-0.148132	-0.00728266	0.0149552	0.00737566	-0.00866072	-0.00171135	0.0472858	0.0545428	0.14041	0.13742	0.116486	0.0349598	0.0729908	-0.0470615	-0.176572
-5.92362	0.413876	0.0999117	0.211006	0.307806	0.138589	0.0334328	0.133251	-0.0842998	-0.11234	-0.0944825	0.0142087	-0.00629169	0.0302545	0.0420558	0.0196978	-0.0311359	0.124481	0.296247	0.180793	-0.0320034	0.138552	0.052745	0.0527446	0.129196	-0.0504878	-0.0639304	-0.0577092	-0.0868169	-0.00480056	0.0512618	0.0254402	-0.00435183	0.0667254	0.0901088	0.00781996	-0.0612415	0.0720037	-0.0418033	-0.144946
-5.89413	0.464452	-0.00536685	0.0869171	0.213464	0.175922	0.0859399	0.253257	0.112299	-0.09116	-0.0670891	-0.0157158	-0.0212945	0.0827706	0.0799789	0.00689035	0.0237863	0.110141	0.119761	0.103779	-0.000599762	0.254405	0.00480753	0.145067	0.0822716	0.0439307	0.098565	0.0484495	-0.00932271	0.00277796	0.015512	-0.00498923	0.0108556	0.117773	-0.0272153	0.03444	-0.0815727	0.0206136	-0.00378171	-0.0948376
-5.96353	0.321328	-0.0579059	-0.0180957	0.2488	0.336187	0.173929	0.286738	0.178429	0.0252923	-0.0351349	0.050014	0.162173	0.122782	0.104606	0.0195132	0.0778539	-0.0168315	0.00476356	-0.0674395	-0.0210643	0.163731	-0.100251	0.0375236	-0.0721261	0.0389256	0.101681	0.157523	-0.0303218	0.00552921	0.145937	0.0404528	-0.0303649	0.183811	0.0220984	-0.0713039	-0.158989	-0.0718282	0.0435199	-0.0634821
-5.99204	0.069215	-0.11472	-0.073036	0.262797	0.154845	0.164148	0.314202	0.265497	0.0642279	0.102612	0.0963373	0.273657	0.156451	0.0671144	-0.0115361	0.11701	0.0600751	0.0848798	-0.019087	-0.0577635	0.0497938	0.0498585	0.0288484	-0.105807	0.047282	0.0102433	0.0345432	-0.0987944	0.115024	0.142689	0.116722	0.0662861	0.136517	-0.0675194	-0.0260833	-0.0854767	-0.0269799	0.0885909	0.0101852
-5.90561	-0.0633475	-0.243119	-0.121535	0.31808	0.162859	0.182749	0.220857	0.13162	0.01816	0.185912	-0.0541044	0.0640847	-0.0514278	-0.0117534	-0.117793	0.0573233	0.0973197	0.0873331	0.0721309	0.0596958	0.208614	0.087704	0.0846671	-0.0409563	0.0355025	-0.0871271	-0.0778025	-0.136225	0.0915504	0.0476937	0.190626	0.0637353	0.0114427	-0.0215873	0.111988	-0.0464859	0.0400176	-0.00409191	-0.0109419
-5.8229	-0.0877946	-0.169703	-0.00786525	0.408266	0.18425	0.168604	0.0583901	-0.0282173	0.0342918	0.205898	-0.0214824	0.169347	0.0917409	0.114323	0.0213566	0.145937	0.0626355	0.0614885	0.0152416	0.0527531	0.19692	0.0725964	0.177146	0.0838249	-0.000701608	-0.0768767	0.0179015	-0.023708	0.00767115	0.0385028	0.00302824	0.0908638	0.039731	0.034407	0.0870866	-0.0293697	0.0584306	-0.0178616	-0.092337
-5.82094	-0.046444	-0.110834	0.148796	0.411506	0.179241	0.0781871	0.0388048	0.0759113	0.161257	0.129472	-0.0347648	0.121758	0.00403825	0.123493	0.117684	0.0230935	-0.0456256	0.13207	0.0176044	0.11975	0.0736754	0.072846	0.233285	0.0930711	-0.0288438	-0.00127562	0.0597762	0.0358803	0.0466509	0.0979656	-0.120709	0.0702817	0.183713	0.157535	0.0493058	-0.104391	-0.0453042	-0.0186404	-0.0264277
-5.82565	0.0433653	-0.148397	0.147517	0.365338	0.315101	0.0932242	0.184406	0.0746537	0.134686	0.139409	0.0834032	0.0943988	0.0243253	0.0983474	-0.0218166	-0.0747279	0.021811	0.0870337	-0.0555231	0.100156	-0.0409178	0.0924129	0.255407	0.068673	-0.0833495	0.033951	0.0895638	-0.0398533	0.0212759	0.0448672	-0.0626462	-0.0177566	0.134646	0.159727	0.0524093	-0.158894	0.0690423	0.194139	0.142184
-5.836	0.224682	-0.119054	0.17098	0.264266	0.366486	0.0594496	0.186608	0.0669079	0.196515	0.226512	0.083664	0.0582742	0.0935713	0.058359	0.0624661	0.115237	0.0746614	0.0208209	0.166644	0.0468886	0.0505079	0.153382	0.0924192	-0.0476558	-0.126029	-0.114735	0.066716	0.0879675	0.0459321	0.0377977	-0.0545456	-0.148421	0.134552	0.00586314	0.0292544	-0.104664	0.0404787	0.073617	0.0587431
-5.86515	0.325576	-0.0943293	0.140879	0.22353	0.309004	-0.0477768	0.0626983	0.0802519	0.290995	0.26933	0.054332	0.164152	0.241148	0.0407302	0.0730423	0.177417	-0.0492025	0.0117683	0.262495	-0.00140206	0.0656435	0.121742	0.0785838	-0.145005	-0.0677733	-0.0338483	0.0662644	0.0747672	0.145539	0.129414	-0.137636	-0.0611433	0.125205	-0.0796637	-0.0436705	0.056037	0.0293113	0.0093076	-0.0320095
-5.83672	0.367466	-0.162404	0.132745	0.223009	0.226276	0.0552466	0.045232	0.0392419	0.153135	0.184599	0.102413	0.142256	0.249122	0.0597547	-0.0416258	0.23018	0.0184675	0.0137894	0.172307	0.0408365	0.0201844	0.0486248	0.0449593	0.0550786	0.00645976	0.165444	0.0733619	0.0743939	0.20703	0.125528	0.0129509	0.0642348	0.0327327	-0.0710999	-0.0404783	0.00483435	-0.00401848	0.0645468	-0.0339959
-5.66246	0.35231	-0.0899893	0.20173	0.0589843	0.175782	0.0937663	0.120126	-0.00986154	0.0455401	0.161554	0.179897	0.192324	0.283764	0.134542	-0.0865156	0.172875	-0.0093639	0.104166	0.124493	0.0947753	0.0397728	0.00334419	0.0484011	0.125909	0.0187852	-0.0568426	-0.0340753	-0.0334429	0.198597	0.153731	-0.045158	0.148641	0.109352	-0.0318068	-0.054843	0.0170712	0.074041	0.0185567	0.0726702
-5.50399	0.331845	0.0164129	0.130327	0.00155226	0.178842	0.0647691	0.203636	-0.0381222	-0.0446189	0.00393829	0.149513	0.0819087	0.07284	0.118482	-0.0130138	0.11791	0.000658532	0.0639389	0.0864402	0.192875	0.188016	0.0495167	0.0988117	0.145703	0.00970159	0.00816313	-0.00516033	-0.0454645	0.155931	0.0935875	-0.225101	0.077059	0.0289398	0.0493165	0.0979936	-0.0785029	-0.0752134	-0.00983921	0.0581057
-5.15955	0.971918	0.266371	0.126227	-0.050943	0.0688567	-0.146688	0.131449	-0.00933636	-0.0796861	-0.108215	0.0280057	-0.0706834	-0.0858271	-0.055065	0.0673805	-0.09284	-0.0814195	0.140143	-0.00573419	-0.00939852	0.0169906	-0.0570594	0.098429	0.110971	-0.07528	0.0684266	0.0619253	0.0261036	0.0384964	0.0990555	-0.119937	0.109755	-0.0409922	-0.122101	0.0501772	-0.05233	-0.0210854	0.022315	0.0402011
-5.5321	1.18033	0.0115697	0.163431	0.140088	0.425374	-0.0760826	0.163956	0.0145848	0.00418792	0.0898847	-0.00808481	-0.14461	0.155685	-0.120517	-0.0157127	-0.0669281	-0.139374	-0.0333916	0.140535	-0.0524454	0.077771	-0.0957241	0.0757481	-0.0550935	0.0645306	-0.0485321	0.116803	-0.163488	0.100486	0.0455822	-0.133475	0.0987464	0.0242295	-0.132012	0.144715	-0.0379276	-0.0521877	0.0458217	0.0509896
-4.90721	3.28909	0.653026	-0.372858	-0.164392	0.160592	0.0854957	0.0276472	-0.112137	0.0570127	0.228351	-0.0208003	-0.269945	0.159931	-0.0651635	-0.0565364	0.0831136	-0.0689205	-0.0693811	0.156128	-0.132276	-0.0228821	0.120123	-0.0563412	-0.0167005	0.0717255	-0.0616942	0.0390279	-0.0319833	-0.00341162	0.0523527	-0.0486208	0.00602693	0.0557672	-0.0829459	0.0309839	0.0822171	-0.134631	0.0474643	0.100678
-3.70287	3.50562	-0.508954	-0.25732	0.0400444	-0.36588	0.490469	-0.151643	0.0373489	-0.157082	0.198341	0.27422	-0.274802	0.0839858	-0.0447335	-0.0494354	-0.0977229	0.151352	-0.191486	0.0891691	0.0137786	-0.0267534	0.0525285	-0.0132223	0.0132928	0.0333799	-0.111451	0.113864	-0.0580268	-0.0158924	0.0586575	-0.0198927	-0.0577918	0.0799649	-0.036677	-0.00574828	0.0227176	-0.022477	0.00343121	0.00890223
-3.46534	3.45906	-0.765916	-0.275855	0.0741659	-0.455921	0.629085	-0.357325	0.292061	-0.250203	0.123041	0.421246	-0.362741	0.221467	-0.165275	-0.0718426	-0.0707823	0.13076	-0.144034	-0.00606521	0.0895957	-0.0249823	-0.0343096	0.158955	-0.150872	0.148798	-0.201126	0.176254	-0.0707175	-0.0638591	0.165225	-0.168941	0.0867325	-0.0226575	0.0194541	-0.0319151	0.0329083	-0.0154778	-0.0471893	0.143755
-3.36762	3.39622	-0.870368	-0.276879	0.00410404	-0.366102	0.558863	-0.258053	0.279605	-0.213861	0.1874	0.336265	-0.372889	0.22969	-0.227149	0.00916172	-0.12879	0.188898	-0.161837	0.00191048	0.0123305	0.0498987	-0.0756424	0.150694	-0.10994	0.147563	-0.211271	0.187533	-0.115336	0.0231144	0.0578749	-0.0849824	0.0551129	-0.0304111	0.0233161	-0.00547167	-0.0066137	-0.0103304	0.0258519	0.00451551
-3.35729	3.39167	-0.938081	-0.224781	-0.00788848	-0.392996	0.572796	-0.289631	0.33892	-0.253917	0.252547	0.2841	-0.340127	0.123381	-0.140391	-0.0463063	-0.0407948	0.137939	-0.107228	-0.0701883	0.069639	-0.0140929	-0.0123831	0.0554149	-0.0152265	0.112883	-0.182071	0.124348	-0.0345925	-0.0526536	0.0894387	-0.0497902	-0.0138466	0.0298641	-0.028231	0.0534049	-0.0663036	0.0324122	-0.00522348	0.0574259
-3.36611	3.3771	-0.961594	-0.254055	0.0676179	-0.458978	0.630973	-0.32848	0.316803	-0.1786	0.202956	0.368168	-0.439571	0.137067	-0.152783	-0.0498688	0.00762542	0.112636	-0.0396943	-0.156207	0.106363	-0.0324952	-0.0132798	0.0409935	-0.0066224	0.140503	-0.179839	0.0886782	-0.0110785	-0.0614085	0.0943614	-0.058427	0.0149925	-0.0187877	0.0185277	0.012584	-0.0154116	-0.0304484	0.0475807	0.0407351
-3.15741	3.08549	-0.907387	-0.257874	-0.0255863	-0.338573	0.607125	-0.320263	0.316332	-0.23181	0.257083	0.330593	-0.435409	0.12827	-0.146343	-0.0399932	0.0099922	0.142404	-0.110458	-0.0242136	-0.0612845	0.126198	-0.142398	0.103561	-0.0480899	0.175108	-0.186762	0.0988218	-0.0259206	-0.0624776	0.103875	-0.0633645	0.0161362	-0.00762697	-0.0197466	0.064767	-0.0606223	0.0127568	-0.00252134	0.08011
-3.07222	2.9758	-0.892956	-0.359311	-0.000614334	-0.368434	0.726009	-0.313115	0.284885	-0.221414	0.170459	0.426615	-0.522627	0.198093	-0.189328	0.0137425	0.00135875	0.0830689	-0.0514544	-0.0789387	0.00197542	0.092636	-0.127141	0.0886861	-0.0764142	0.2058	-0.199593	0.141228	-0.0771506	-0.033207	0.0975104	-0.0748663	0.0365584	-0.017865	-0.0273858	0.0617716	-0.0266814	-0.0311798	0.0302965	0.0508605
-3.02094	2.86871	-0.854477	-0.430568	-0.0517407	-0.259679	0.677773	-0.154621	0.177489	-0.224476	0.170404	0.384964	-0.436077	0.112544	-0.138107	0.0122727	0.00273323	0.0962976	-0.143206	0.0313104	-0.0671021	0.141457	-0.151322	0.0734915	-0.0374579	0.118133	-0.104716	0.104548	-0.0661803	-0.0434668	0.10053	-0.0706511	0.0325437	-0.0103413	-0.0370893	0.0544005	-0.00896116	-0.0343036	0.039865	-0.0180517
-3.08989	2.94121	-0.873431	-0.476065	0.00199526	-0.338666	0.823559	-0.25752	0.246924	-0.302543	0.170809	0.385293	-0.448508	0.182705	-0.204452	0.0326332	0.0472467	0.0707958	-0.155089	-0.000376939	-0.00692717	0.122775	-0.14229	0.0738585	-0.0749037	0.120916	-0.0792796	0.11828	-0.117339	0.0154303	0.0549351	-0.0555268	0.0564228	-0.0489331	-0.0124285	0.0417953	-0.000239328	-0.0430168	0.053526	-0.0187781
-3.09802	2.92817	-0.836979	-0.488589	-0.0780172	-0.20413	0.701979	-0.153665	0.134144	-0.230768	0.105253	0.398217	-0.464071	0.236385	-0.233221	0.0514465	0.0347505	0.109216	-0.204777	0.0227046	-0.00920929	0.125318	-0.130006	0.0779861	-0.106751	0.124874	-0.0865619	0.164537	-0.172632	0.0536915	0.0347786	-0.0435283	0.0360456	-0.00900757	-0.0527182	0.057634	-0.00217474	-0.0324023	0.0230186	0.0412383
-3.18038	3.014	-0.87431	-0.486416	-0.0370601	-0.22253	0.693908	-0.128549	0.11795	-0.196847	0.044404	0.43366	-0.506128	0.281543	-0.227858	0.0201169	0.0750773	0.0596141	-0.145456	-0.0506411	0.0532757	0.0830978	-0.0939488	0.0539705	-0.0824852	0.0839795	-0.0674175	0.158849	-0.142496	0.0206756	0.0489594	-0.0455016	0.0284687	0.00823644	-0.0582906	0.0389699	0.0197267	-0.0427234	0.0377896	-0.00816867
-3.2575	3.05231	-0.834948	-0.570499	0.120058	-0.316613	0.709005	-0.135947	0.0976006	-0.146729	0.0394349	0.359791	-0.486876	0.304333	-0.22	0.00192618	0.110792	0.0147705	-0.0969017	-0.0782071	0.0525039	0.0936027	-0.0996299	0.0601364	-0.0736807	0.0500881	-0.0628897	0.174978	-0.136839	0.000177266	0.0812896	-0.092649	0.0766423	-0.0349409	-0.0121794	0.0066192	0.0152007	-0.0216029	0.0444619	-0.0698583
-3.26985	3.09084	-0.902658	-0.436335	-0.0095044	-0.267965	0.661064	-0.152854	0.0995607	-0.161278	0.116887	0.233241	-0.410181	0.277605	-0.244772	0.0724233	0.062966	0.0694092	-0.157418	-0.0119368	0.0331477	0.0771744	-0.103323	0.091703	-0.102953	0.0697474	-0.100439	0.199349	-0.152205	0.0564039	0.00203586	-0.0437279	0.0590759	-0.0315066	-0.00532165	0.00778111	-0.00486955	-0.00709413	0.0390759	-0.0217335
-3.25126	3.0174	-0.79897	-0.460138	-0.00393622	-0.294005	0.658217	-0.161742	0.0981268	-0.123824	0.08045	0.247002	-0.434226	0.309475	-0.261522	0.0500115	0.129152	-0.00866281	-0.0967256	-0.0305003	0.0598599	0.0159956	-0.0492913	0.0580423	-0.0646873	0.0309282	-0.0883751	0.194597	-0.135318	0.0169411	0.0835053	-0.142323	0.123337	-0.0546006	0.00651648	-0.00932827	0.017969	-0.0278233	0.0387049	-0.00729779
-3.24602	2.96632	-0.732384	-0.428849	-0.0708587	-0.251909	0.604451	-0.105933	0.0494458	-0.104553	0.0743652	0.237334	-0.39442	0.272392	-0.251441	0.0613415	0.101292	0.0332373	-0.139514	0.0125424	0.0305127	0.0284234	-0.0672396	0.0816362	-0.0571791	-0.0184824	-0.021884	0.12544	-0.0833028	-0.00790905	0.0916028	-0.132831	0.092181	-0.0193555	-0.0112513	-0.00350639	0.00415077	0.00323522	-0.00475804	0.0272041
-3.31334	3.02078	-0.709782	-0.406142	-0.0852034	-0.270617	0.610416	-0.12816	0.0407993	-0.108027	0.0782768	0.226019	-0.374286	0.269247	-0.240752	-0.00148307	0.184081	-0.0191365	-0.0886109	-0.021848	0.0457112	0.027754	-0.0773418	0.102938	-0.0899534	0.0209129	-0.0657385	0.168264	-0.14083	0.0642247	0.03635	-0.116194	0.0956104	-0.0167126	-0.0222596	0.0083538	-0.00361915	0.00940077	-0.0204918	0.0492602
-3.37253	3.05984	-0.638521	-0.446751	-0.0858347	-0.385073	0.729589	-0.212782	0.0725289	-0.108435	0.0578471	0.229418	-0.38178	0.353092	-0.365601	0.0609715	0.180321	-0.0276731	-0.0492468	-0.0541389	0.0507717	0.0401469	-0.0831905	0.110146	-0.137227	0.102542	-0.11876	0.144199	-0.0818359	0.0372226	0.0315746	-0.128575	0.145689	-0.078002	0.005172	0.0366561	-0.0618954	0.0552156	-0.061098	0.14006
-3.48867	3.14968	-0.637959	-0.347457	-0.156789	-0.29685	0.714282	-0.237558	0.0762288	-0.0992443	0.047163	0.239933	-0.356283	0.310789	-0.335582	0.0352531	0.185382	-0.0563098	-0.00597166	-0.0425748	0.00978734	0.0528133	-0.0827683	0.125108	-0.177452	0.142259	-0.130343	0.135775	-0.0772897	0.0438757	0.021202	-0.111627	0.11625	-0.0395785	-0.0305263	0.0675577	-0.0863941	0.0623286	-0.0250093	0.0262182
-3.45776	3.01058	-0.476238	-0.390382	-0.210457	-0.300701	0.717485	-0.253994	0.108817	-0.159625	0.099587	0.179314	-0.265969	0.288329	-0.381213	0.0505384	0.171668	-0.0329148	0.000839576	-0.0318698	-0.00565994	0.0515439	-0.0624744	0.0856969	-0.13578	0.0940305	-0.0715027	0.0806635	-0.0410341	0.0253546	0.0478556	-0.171992	0.197954	-0.118792	0.0383485	0.00579929	-0.024866	0.00742935	-0.0107838	0.0778709
-3.45219	2.90224	-0.342291	-0.438612	-0.235346	-0.294576	0.716681	-0.261884	0.074307	-0.0974433	0.0270602	0.228964	-0.269397	0.320481	-0.464825	0.104575	0.149624	-0.0631327	0.0937932	-0.0800784	-0.00460574	0.0510406	-0.0444956	0.0639939	-0.131836	0.100781	-0.0872424	0.08543	-0.0166331	-0.0068884	0.0583309	-0.148446	0.148789	-0.0743146	0.00743978	0.0553377	-0.114972	0.116287	-0.0975	0.119322
-3.53014	2.88913	-0.28223	-0.377931	-0.369298	-0.25792	0.658503	-0.267044	0.108349	-0.124566	0.0546128	0.173897	-0.191815	0.31939	-0.516598	0.153823	0.0392469	0.0258706	0.0888996	-0.0326078	-0.0785336	0.103524	-0.0583609	0.0528956	-0.143295	0.131047	-0.128223	0.143847	-0.0850564	0.057348	0.0146705	-0.122573	0.122803	-0.0662973	0.0400437	-0.00213649	-0.0659078	0.0973038	-0.129246	0.232588
-3.65281	2.90803	-0.198239	-0.294822	-0.425385	-0.246798	0.656865	-0.263353	0.0703076	-0.13749	0.113122	0.0960991	-0.0602759	0.247498	-0.507633	0.161585	-0.047423	0.0585309	0.135654	-0.0192009	-0.100322	0.0958801	-0.0543908	0.0353771	-0.087807	0.0478548	-0.0863866	0.139736	-0.042763	-0.0139318	0.0681716	-0.149787	0.127917	-0.070481	0.072157	-0.0680008	0.0183964	0.0242795	-0.0778137	0.161919
-3.77187	2.93403	-0.127872	-0.188445	-0.56449	-0.108467	0.558006	-0.271274	0.0536212	-0.0935244	0.015529	0.239587	-0.108344	0.261421	-0.492029	0.124832	-0.0891783	0.0882142	0.142655	-0.0134889	-0.086137	0.105184	-0.112904	0.075441	-0.0705862	-0.0134899	-0.0368175	0.124512	-0.036202	-0.0151998	0.0806178	-0.183612	0.161186	-0.0964411	0.0836382	-0.0600438	0.0154772	0.00551314	-0.0447116	0.120371
-3.83656	2.79258	0.142149	-0.234681	-0.552128	-0.188333	0.610578	-0.382941	0.106367	-0.165769	0.122303	0.15266	0.0224707	0.189908	-0.451006	0.117879	-0.162563	0.109807	0.172501	-0.0260255	-0.0630451	0.0808056	-0.110764	0.0734394	-0.0509968	-0.0332667	-0.0530104	0.165943	-0.0613003	0.00729188	0.0497346	-0.132815	0.0696862	0.00755911	-0.00884204	0.0192088	-0.0432171	0.0412487	-0.0651658	0.142551
-4.09536	2.98586	0.187368	-0.122085	-0.679172	-0.0155184	0.375062	-0.256864	0.009262	-0.127433	0.0827888	0.190216	0.0724669	0.133516	-0.374156	0.0575887	-0.184775	0.174115	0.0768651	0.0544221	-0.0759983	0.0682385	-0.107937	0.0782403	-0.0582086	-0.0314182	-0.0425406	0.14873	-0.055579	0.0341908	-0.00300536	-0.0600921	-0.0122874	0.0568839	-0.0247422	0.0353151	-0.0809119	0.110411	-0.145408	0.186053
-4.14184	2.90926	0.370579	-0.1496	-0.628807	-0.0449231	0.436861	-0.291322	0.0130834	-0.130901	-0.0105208	0.267376	0.0643111	0.137979	-0.435854	0.189579	-0.280421	0.245633	0.0216473	-0.000113488	0.0138927	0.0470246	-0.131085	0.0782262	-0.0071485	-0.0878362	0.0115627	0.0933754	-0.040413	0.0519707	-0.0220526	-0.0614133	0.0306264	-0.00848316	0.0142921	0.0162242	-0.0260841	0.00286015	-0.000207002	0.0101133
-4.19981	2.86922	0.515867	-0.182491	-0.616284	-0.02569	0.403914	-0.268147	-0.00551799	-0.171601	-0.0121317	0.239087	0.0890175	0.121046	-0.345934	0.165135	-0.237969	0.224738	-0.0535432	0.0398528	-0.0333775	0.0913087	-0.140649	0.059467	0.040987	-0.112657	0.0547677	0.0327203	-0.0040067	0.0198227	-0.00646308	-0.0480417	0.00506754	0.0216496	-0.020179	0.0375408	-0.0265592	0.00208546	4.03219e-05	-0.0209555
-4.26913	2.87105	0.548476	-0.108021	-0.683207	0.0777242	0.353379	-0.296466	-0.0101816	-0.187708	-0.0360477	0.223677	0.106076	0.122641	-0.289836	0.148108	-0.245389	0.267133	-0.128084	0.0872208	-0.07565	0.0987868	-0.131333	0.0778861	0.0300033	-0.104675	0.061964	0.0228831	-0.0294681	0.0630553	-0.0429654	-0.0235964	-0.0127368	0.0269875	-0.0141397	0.0297188	-0.030106	0.0267674	-0.0205946	-0.0486242
-4.32788	2.92094	0.478697	-0.0233054	-0.724532	0.166	0.250897	-0.226543	-0.0636666	-0.167063	-0.0758238	0.222838	0.115726	0.100709	-0.219884	0.120435	-0.238828	0.270396	-0.149561	0.0949017	-0.088275	0.125852	-0.172042	0.122088	0.0107087	-0.105045	0.0794691	0.0158186	-0.0668682	0.129856	-0.113259	0.0310803	-0.0295175	0.00643011	0.00612062	0.0283275	-0.0373848	0.0318602	-0.0157308	-0.0618791
-4.45363	3.00268	0.395407	0.016793	-0.692163	0.196325	0.246267	-0.304869	0.00866318	-0.29664	0.0332934	0.147558	0.209867	0.0127017	-0.154733	0.106595	-0.252343	0.302448	-0.190698	0.099479	-0.0405723	0.0538645	-0.137351	0.137657	-0.0162457	-0.0844685	0.0923697	-0.04849	0.0161036	0.0700717	-0.0837523	0.0315122	-0.0462872	0.0320692	-0.0537298	0.104918	-0.0833111	0.0341133	-0.00413003	-0.0184636
-4.40191	2.7879	0.534829	0.0286917	-0.681376	0.165408	0.257581	-0.269135	-0.0376922	-0.292455	-0.0436499	0.200835	0.153534	0.111709	-0.181056	0.101793	-0.22991	0.281292	-0.16283	0.0708169	-0.0711836	0.0752397	-0.109591	0.0850497	0.0309978	-0.0851213	0.0629507	0.0143111	-0.0732478	0.141191	-0.122064	0.0551795	-0.0624924	0.0246782	-0.0221458	0.0552113	-0.0376341	0.0249201	-0.0218536	-0.0080943
-4.44159	2.78539	0.573106	0.0724947	-0.698079	0.181418	0.257922	-0.295471	-0.0323093	-0.313405	-0.0531042	0.197622	0.171471	0.0839962	-0.125051	0.0659695	-0.188967	0.249932	-0.149755	0.0559544	-0.0566336	0.0355697	-0.0731679	0.073794	0.0477665	-0.121514	0.11724	-0.0194186	-0.0696068	0.13921	-0.115755	0.0497897	-0.0513315	0.000204725	0.0087392	0.0135666	0.0136891	-0.0171872	0.0100261	-0.0660276
-4.48755	2.72452	0.651509	0.0697146	-0.677506	0.188631	0.274468	-0.320695	-0.00415444	-0.375856	-0.0171066	0.153578	0.200895	0.074	-0.121616	0.0827933	-0.186848	0.247034	-0.156782	0.0666452	-0.0773274	0.0388653	-0.0549561	0.0457325	0.0710206	-0.111102	0.0893043	0.00857188	-0.098319	0.16755	-0.147071	0.0755322	-0.0662613	0.00462438	0.0122614	0.00594378	0.017832	-0.00861461	-0.010706	-0.0358244
-4.50573	2.76282	0.624534	0.117263	-0.7189	0.229647	0.244657	-0.32101	-0.0157513	-0.376641	-0.0169962	0.132901	0.241557	0.0472682	-0.10101	0.0737514	-0.194401	0.26254	-0.163848	0.0724326	-0.102731	0.0746556	-0.0741293	0.0611557	0.0390952	-0.0792236	0.0708262	0.0316695	-0.12808	0.191284	-0.160764	0.0797927	-0.0675659	0.0131995	-0.011042	0.0317692	0.00306792	-0.00450468	-0.00242198	-0.0635656
-4.44865	2.71124	0.628414	0.0690185	-0.678701	0.182583	0.289808	-0.328347	-0.0327458	-0.355969	-0.0454967	0.188357	0.160517	0.126274	-0.167451	0.127686	-0.230963	0.293047	-0.205895	0.113419	-0.122858	0.0846463	-0.075221	0.0381779	0.0817045	-0.1192	0.0985903	0.000741965	-0.0797686	0.129712	-0.0944831	0.0144968	-0.0101399	-0.0307579	0.0208975	0.00773925	0.0213996	-0.0173466	-0.00155269	-0.0456872
-4.38764	2.67865	0.60902	0.00334658	-0.63685	0.177293	0.284489	-0.306907	-0.0698986	-0.281726	-0.0448363	0.213751	0.127317	0.115669	-0.193598	0.120374	-0.19819	0.252364	-0.173762	0.104228	-0.0968246	0.070142	-0.0694802	0.0346147	0.0621047	-0.0857994	0.0564619	0.0107978	-0.061646	0.118918	-0.105085	0.0535734	-0.0487595	-0.0111142	0.0246735	-0.0145632	0.0340413	-0.000402036	-0.0452081	0.0116204
-4.35596	2.77059	0.435098	-0.00177185	-0.611257	0.17625	0.299019	-0.353685	0.000893669	-0.279195	0.00764629	0.17445	0.111667	0.0986494	-0.207071	0.167906	-0.264275	0.315599	-0.248944	0.196098	-0.158918	0.117556	-0.107319	0.0627456	0.0376356	-0.0792823	0.0522122	0.0131916	-0.0708053	0.142333	-0.139282	0.0905484	-0.064058	-0.00480649	0.00903471	0.00842572	0.0140611	0.00196864	-0.0412837	0.0338413
-4.2465	2.73412	0.396709	-0.028505	-0.589106	0.144219	0.307068	-0.329439	-0.0265192	-0.175461	0.0196112	0.192506	0.0784103	0.0607884	-0.220844	0.125787	-0.230221	0.261784	-0.168865	0.146561	-0.0881683	0.085241	-0.046062	-0.00135553	0.0387005	-0.104354	0.0655525	0.0261884	-0.0769039	0.102153	-0.0491112	-0.00967742	0.0546771	-0.113404	0.0853866	-0.0612482	0.0784548	-0.0449754	-0.00205248	-0.023099
-4.27637	2.8379	0.300346	0.0242115	-0.601148	0.157667	0.300833	-0.349557	-0.0469163	-0.0752707	0.021296	0.209792	0.0562551	0.00901106	-0.237134	0.154266	-0.231276	0.257221	-0.194672	0.166694	-0.0804078	0.122842	-0.0692441	0.0193432	-0.0175259	-0.0879997	0.061386	0.0627387	-0.13065	0.136837	-0.0672144	0.00686362	0.0492167	-0.0922672	0.059394	-0.0561574	0.0673689	-0.031493	0.0207381	-0.0737912
-4.32377	2.86656	0.19718	0.0836118	-0.596914	0.144741	0.338958	-0.409689	-0.0402743	-0.0183853	0.00122303	0.267373	-0.0155376	0.0509271	-0.335671	0.240204	-0.267639	0.285493	-0.227595	0.163782	-0.0877567	0.211118	-0.120766	0.0131477	-0.0102576	-0.115165	0.0780629	0.0772716	-0.150084	0.12622	-0.0252952	-0.0442966	0.0695488	-0.0378902	-0.0247369	0.000147537	0.0261851	-0.000148831	-0.00958656	0.0313263
-4.4153	3.01285	0.17091	-0.0590794	-0.440378	0.109943	0.341006	-0.415944	-0.0480952	-0.0198939	0.0630309	0.211995	0.00949014	0.0230705	-0.348821	0.261552	-0.268083	0.28578	-0.241861	0.181349	-0.109999	0.248871	-0.137951	0.00568387	0.0196564	-0.162994	0.121479	0.0359913	-0.108754	0.0785231	0.0169361	-0.0590659	0.050074	0.00393817	-0.0571636	0.0269245	-0.01213	0.0139056	0.0230677	0.0178227
-4.463	3.06258	0.123742	-0.0757714	-0.4838	0.205236	0.384918	-0.511121	-0.035705	-0.0504445	0.116102	0.251133	-0.02355	0.000980199	-0.340464	0.239212	-0.214097	0.248716	-0.253133	0.184108	-0.105965	0.279096	-0.135646	-0.0416067	0.0516486	-0.162035	0.092638	0.0560621	-0.097231	0.0558997	0.0216871	-0.0252233	-0.0234986	0.0857188	-0.0942642	0.0140597	0.0151879	-0.0200901	0.0434916	0.0807388
-4.53594	3.13244	0.198402	-0.0671456	-0.47376	0.208494	0.422841	-0.582276	-0.0536217	0.0236817	0.0608162	0.289282	-0.0583741	0.0487949	-0.378939	0.220215	-0.162877	0.195277	-0.217497	0.195954	-0.171638	0.348174	-0.141635	-0.0638989	0.0555863	-0.152334	0.0602582	0.0941715	-0.101638	0.036809	0.0203902	-0.00874615	-0.011358	0.0362348	-0.0288851	-0.0493642	0.0610041	-0.049585	0.0833552	0.00689329
-4.67067	3.27037	0.138833	-0.132042	-0.330924	0.163916	0.370951	-0.507864	-0.0236901	-0.0576656	0.0670599	0.330064	-0.109707	0.0726949	-0.361673	0.17651	-0.150363	0.236386	-0.248866	0.214086	-0.210448	0.385534	-0.162721	-0.0351656	0.0329471	-0.166709	0.0877471	0.109467	-0.155417	0.0774844	0.00290948	-0.00327232	-0.0115999	0.0386482	-0.0431723	-0.0133196	0.0133518	-0.0273344	0.0954176	0.0622827
-4.59408	3.24148	0.0363915	0.062588	-0.349429	0.216945	0.284634	-0.540906	-0.0490262	0.00259757	0.174772	0.193927	-0.103333	0.0554564	-0.312323	0.196333	-0.13007	0.126588	-0.213468	0.265242	-0.175388	0.281867	-0.12137	-0.0800217	0.0988379	-0.132947	0.0163759	0.0895602	-0.101457	0.0554753	0.0450976	-0.0659041	0.00161933	0.0693081	-0.0546253	-0.0605047	0.10541	-0.0674447	0.0164228	0.0776015
-4.74698	3.33842	-0.154017	0.236875	-0.319465	0.130007	0.354582	-0.543749	-0.0822433	0.0314175	0.134077	0.154851	-0.0735234	0.13455	-0.348344	0.189314	-0.130509	0.168173	-0.310398	0.355693	-0.216914	0.244681	-0.0488094	-0.162624	0.12002	-0.0470246	-0.0650935	0.0827692	-0.0592285	0.0706916	-0.0195571	-0.0104382	-0.0023251	-0.00392339	0.0379859	-0.0842978	0.0630732	-0.0173533	-0.0474946	0.271619
-4.65556	3.23796	-0.0941767	0.223639	-0.253102	0.163402	0.317262	-0.587931	-0.0315206	0.0576107	0.16456	0.0360813	-0.0205592	0.0486568	-0.232737	0.149258	-0.121919	0.117709	-0.302813	0.434814	-0.249628	0.240808	-0.092742	-0.106001	0.12191	-0.0853383	0.000526994	-0.00244497	-0.0315639	0.0781818	0.0181484	-0.0715826	0.0144131	0.00393231	0.0350615	-0.0473999	-0.0071373	0.0258673	-0.0259173	0.181471
-4.78103	3.33796	-0.0726563	0.231866	-0.214943	0.242467	0.153061	-0.563456	-0.0005845	0.0853018	0.206165	-0.030774	-0.115524	0.175344	-0.210588	0.160293	-0.278192	0.24383	-0.347581	0.454986	-0.217768	0.170616	-0.0837044	-0.0481334	0.103344	-0.121733	0.00424996	0.055952	-0.101319	0.10387	0.0387721	-0.103092	0.0370436	0.010902	-0.0175819	0.00185157	-0.00512963	0.0378664	-0.11529	0.238007
-4.81896	3.46203	-0.360832	0.425459	-0.145985	0.172835	0.10795	-0.460466	-0.0724678	0.139786	0.140163	-0.00965257	-0.151016	0.282618	-0.28619	0.132937	-0.218401	0.171946	-0.241114	0.363901	-0.165768	0.0986184	0.00274023	-0.0471427	0.000440288	0.00607213	-0.0814901	0.0825238	-0.0818578	0.0569007	0.0670995	-0.103818	0.0579179	-0.0330234	-0.00697435	0.0517567	-0.0757685	0.0602842	-0.0733847	0.226901
-4.97198	3.39477	-0.192444	0.478361	0.00379955	0.00989454	0.101269	-0.449061	-0.0199656	0.0880316	0.107967	-0.0324279	-0.141017	0.3448	-0.215343	-0.042327	-0.136262	0.150225	-0.167673	0.296336	-0.143354	0.0468015	0.0602242	-0.0309041	-0.017467	-0.0514219	0.0141179	-0.00845669	0.0368665	-0.0900672	0.160697	-0.118484	0.0363319	0.0281387	-0.1181	0.13366	-0.0723876	0.0115269	-0.0367064	0.242719
-5.45368	3.77664	0.0697612	0.392956	0.0523439	-0.064651	0.284911	-0.509423	-0.146293	0.148908	0.153189	-0.0939197	-0.0417364	0.109421	0.00518112	-0.128662	-0.128623	0.0933024	-0.0925149	0.223834	0.0803123	-0.236667	0.0917151	0.248514	-0.234546	-0.0524315	0.0157567	0.0440489	0.0348193	-0.0689479	-0.0286304	0.102299	-0.0345224	0.0517153	-0.185038	0.104273	0.118316	-0.18277	0.0659014	0.094161
-6.21659	3.55177	0.254295	0.461023	0.261993	0.327959	-0.072698	-0.815105	0.188582	0.235258	-0.110606	0.307721	-0.0601583	-0.00887699	-0.0209135	-0.248474	-0.394564	0.46619	0.101609	-0.143668	0.0517075	0.0781614	-0.0726309	0.173586	-0.185644	-0.0238437	0.149461	-0.0694864	-0.275535	0.240523	0.0927765	-0.16747	0.0385598	0.173043	-0.221971	0.0423716	0.0611984	-0.0710293	0.0614381	0.0305191
-6.92444	3.27441	0.467307	0.848065	0.850674	0.21895	0.0884088	-0.403684	0.1362	0.122629	-0.32398	-0.052137	0.208304	-0.1337	-0.283817	0.0289472	-0.0488426	0.261453	0.0978883	-0.154136	0.0466779	-0.041117	-0.00622148	-0.0136212	0.150857	-0.124871	0.0948168	-0.0573653	-0.0161058	-0.0479769	0.0221599	-0.0934596	0.120356	0.0212696	-0.0726642	-0.0189266	0.0691571	-0.0363825	0.0330027	-0.0353363
-7.50596	3.49669	0.423423	0.945038	0.780819	0.112565	0.269784	-0.0827842	0.0903171	0.019256	-0.378401	-0.225179	0.0885023	-0.269085	-0.198045	0.296688	0.139061	-0.0885767	0.0122794	-0.0928817	0.183606	0.0539691	-0.147142	0.101163	0.0905567	-0.102943	-0.042323	0.100547	-0.0385965	-0.0362859	-0.0138802	-0.06187	0.0239856	0.00387696	-0.0316074	0.0627879	0.0317895	-0.0799955	0.0143466	0.204056
-8.21891	3.61456	1.03388	1.0747	0.621968	0.186485	0.226958	-0.00624889	0.128859	0.144986	-0.316548	-0.242476	0.0615674	-0.347607	-0.325059	0.257117	0.104132	0.0764432	-0.150903	-0.0662576	0.319607	0.0763681	-0.123625	0.0650803	0.106233	-0.214336	0.154759	-0.112927	-0.0502486	0.0668312	-0.0526486	-0.0915721	0.0534178	0.0319327	-0.0330431	0.0460238	0.0449497	-0.0785708	0.0343449	-0.0235325
-8.44885	3.35639	1.11135	0.946911	0.875927	0.35895	0.023568	0.170368	0.258347	0.197918	-0.597642	-0.295504	-0.0594669	-0.205261	-0.00536084	-0.0372466	-0.0648423	0.272915	0.0971257	-0.161632	0.188084	-0.0439827	-0.11374	0.173791	0.0417971	-0.132475	0.123241	-0.0154016	-0.155484	0.0242848	0.00910734	-0.145867	0.169501	-0.082575	-0.000618757	0.080175	-0.00364564	-0.0779528	0.112703	-0.0480309
-8.73359	3.13578	1.24482	1.12156	0.937215	0.276055	0.173889	0.0773044	-0.0421487	0.047882	-0.515218	-0.225489	0.156541	-0.22424	-0.080426	0.127368	-0.0138197	0.121458	0.0739559	-0.149043	0.168484	-0.00656386	-0.212244	0.0964919	0.260235	-0.287842	0.13954	0.0607511	-0.168666	0.0267566	0.0247743	-0.131343	0.116848	-0.0553199	0.0126839	-0.0143127	0.0782777	-0.0628319	0.0560726	0.000623845
-9.09486	2.88077	1.46463	1.37098	0.941427	0.105985	0.104013	0.135431	-0.0380624	-0.0463347	-0.451788	-0.0126872	0.0513715	-0.269915	0.0766314	-0.117837	0.058559	0.0848598	0.000513172	0.0456281	0.0621879	-0.0580412	-0.0498795	0.168788	0.0477701	-0.208739	0.0947294	-0.0195993	-0.000407244	0.0215144	-0.124523	-0.0570824	0.163254	-0.0259451	-0.0724279	-0.00538553	0.0585137	0.0581289	-0.044127	-0.0883669
-6.83298	1.55304	-0.0699772	1.72646	0.0851939	0.168826	0.104013	-0.127584	0.00609023	0.015023	-0.152312	-0.0724085	-0.0590081	-0.0308213	0.234925	0.117305	-0.117561	-0.171302	-0.011087	0.0581379	0.0798466	0.0444797	0.0392961	0.00246134	-0.106106	-0.00549004	0.0676784	0.00558338	-0.119055	-0.0143102	-0.00784813	0.0362854	0.013101	0.0932462	0.0241293	0.0663144	0.108991	0.0817425	0.170408	0.0152249
-5.68229	1.28928	-0.331851	1.50667	-0.102884	0.055636	0.0806602	-0.153752	-0.0264075	0.0654456	-0.0665845	0.106928	0.0788133	0.139458	0.363663	0.221798	-0.152388	-0.208961	-0.0948406	0.00555172	-0.0418395	-0.0274642	-0.00031178	0.0590749	-0.122742	0.00475723	0.036588	-0.0381761	-0.2163	0.00897896	0.00044334	0.0644844	-0.0132071	0.104162	-0.0834769	-0.0528575	-0.0531571	-0.0112448	0.0634138	-0.161006
-5.18673	1.26147	-0.155609	1.45718	0.01057	0.145884	0.180253	-0.141318	-0.0789104	-0.0189794	-0.0967458	0.190197	0.114177	0.218624	0.272579	0.3154	-0.234951	-0.190117	-0.165588	-0.0300779	-0.0498074	-0.087707	0.0695192	0.161744	-0.122406	0.00468145	-0.0154361	-0.0145439	-0.255838	0.0352859	0.04991	0.106997	0.0516672	0.206556	-0.0608338	-0.00532025	-0.0983978	0.0118127	0.0680597	-0.176609
-5.21824	1.21259	0.0281537	1.42006	0.037805	0.169641	0.120461	-0.0956819	0.034489	-0.046601	-0.0600173	0.301477	0.116359	0.112276	0.131547	0.250852	-0.268388	-0.142403	-0.0377374	-0.0475086	-0.044805	-0.12132	0.0491309	0.156879	-0.179775	0.0259898	0.0323001	-0.00227207	-0.160763	0.0614434	0.0383451	0.0706863	0.0661779	0.21855	-0.0602805	0.0814337	0.0209478	-0.0295476	0.0721794	-0.0753245
-5.73771	1.62937	0.140153	1.6916	0.276058	0.172243	0.190611	-0.029032	0.226893	-0.351478	-0.00793084	0.21778	0.101183	-0.144784	0.0610082	0.141235	-0.18422	-0.259665	0.0650818	0.0396989	-0.155124	0.00244208	0.0060054	0.107776	-0.0145449	-0.0786392	0.106841	-0.00124326	-0.0737496	-0.0153455	0.130113	-0.137251	0.108388	0.00860722	-0.0821495	0.0545354	0.0498687	-0.0975443	0.0813563	-0.097762
-5.9048	2.47601	0.719055	1.77474	-0.0587411	-0.273291	0.146199	-0.0913586	0.119176	0.0777329	-0.223706	0.0701161	0.174412	0.0346867	0.0622604	-0.0637056	-0.242217	-0.0882042	0.236017	-0.0714831	-0.0949571	-0.00390933	-0.0747094	0.153041	-0.0831002	-0.0872929	0.138742	0.0305989	-0.0627844	-0.0105386	0.100582	-0.185639	0.111465	0.03958	-0.0228902	-0.0400365	0.0397881	-0.0172648	0.0352273	-0.0216899
-5.39876	2.90423	0.164449	1.49317	-0.180009	-0.215304	0.194529	-0.173596	0.176487	-0.215338	0.10943	-0.0806618	0.146786	-0.104662	-0.0222213	0.0854682	-0.0966232	0.0118251	-0.0832769	0.184383	-0.216705	0.177526	-0.0556119	-0.0108231	-0.0688154	0.0496578	-0.029618	0.10124	-0.0812381	-0.0431276	0.113234	-0.0947542	0.0363028	0.0394125	-0.102416	0.0744898	0.0772451	-0.179758	0.109896	0.112644
-5.32454	3.26521	0.0518526	1.49823	-0.147815	-0.290398	0.041891	-0.270199	0.198045	-0.181713	-0.257364	0.119042	0.270285	-0.133782	-0.0112508	0.158933	-0.192719	0.0958707	-0.120724	0.191256	-0.209193	0.0999935	0.106707	-0.172722	0.0742042	-0.0471481	0.0603623	0.00142275	-0.0228508	0.021134	0.0192416	-0.0953936	0.0826306	-0.0323942	-0.0355331	0.0428815	0.0115533	-0.0367462	0.0532447	-0.04505
-5.40521	3.29976	0.118171	1.22778	-0.0983285	-0.313893	0.0765801	-0.218961	0.167307	-0.295348	0.00412235	-0.0488002	0.167785	0.0424909	-0.136401	0.0901306	-0.137813	0.172219	-0.13235	0.129688	-0.101149	0.0851193	0.00552869	-0.0909461	0.123619	-0.0927219	0.0269454	0.0247811	-0.0787915	0.119737	-0.0861794	-0.0238243	0.114043	-0.122304	0.00285232	0.0701542	-0.0145299	-0.0815719	0.109155	0.0445976
-5.41237	3.10353	0.35342	1.21667	-0.294433	-0.271301	0.0564803	-0.043279	-0.00766937	-0.238523	0.063297	0.0574941	0.107365	-0.123285	-0.104766	0.211823	-0.184388	0.110304	-0.117127	0.159152	-0.0703003	0.0834755	-0.105958	0.0486011	0.0475631	-0.0420387	-0.00348728	-0.0556033	0.100781	-0.0590366	-0.00516759	-0.0104401	0.0658641	-0.0343838	-0.0801213	0.0676784	0.0676439	-0.146473	0.0741287	0.0999806
-5.35343	3.3774	0.313407	1.14972	-0.173424	-0.299651	0.0265341	-0.230971	0.0568999	-0.184186	0.178444	0.0877234	-0.0139607	-0.168806	0.0148218	0.246285	-0.250477	0.0569482	-0.107944	0.233744	-0.179682	0.12847	-0.00412023	-0.0654567	0.0548803	-0.0490347	0.0465584	-0.067924	0.0199915	0.0214855	0.0616323	-0.145456	0.0982455	0.0334687	-0.110211	0.0453551	0.0258909	-0.0317939	0.0903253	-0.294077
-5.35375	3.38009	0.158341	1.09063	-0.175557	-0.333522	-0.0094876	-0.223734	0.124884	-0.0332601	-0.0468715	0.170394	0.0144004	-0.138495	0.00620975	0.115412	-0.167609	0.150259	-0.236675	0.216462	-0.121428	0.197862	-0.136214	0.0142547	0.0856443	-0.182131	0.147201	-0.081363	0.0140213	-0.0114561	0.135488	-0.214821	0.15085	-0.0435269	0.013414	-0.0565564	0.03304	0.0661042	-0.0940894	-0.0852925
-5.22729	3.192	-0.016173	1.00945	-0.0993777	-0.259908	-0.0694436	-0.0794447	0.0804569	-0.0464049	-0.0475097	0.0797013	0.161249	-0.146517	-0.00288833	-0.00268098	-0.0368512	-0.0394035	-0.0142322	0.129945	-0.133905	0.184627	-0.076498	-0.0727515	0.167165	-0.27874	0.213272	-0.0840411	-0.00290142	0.0315925	0.0317214	-0.069603	0.0456856	-0.0118501	0.00874492	-0.070896	0.108343	-0.050906	-0.0546951	0.124706
-4.48937	2.59062	-0.203697	0.91932	-0.0161735	-0.152121	0.0312619	-0.0283322	0.298549	-0.246311	-0.120942	0.0253545	0.059675	-0.277735	0.0472261	0.0256514	-0.0238863	0.0370991	-0.0155775	0.199959	-0.0999779	0.095252	-0.0293276	-0.0113488	0.0703282	-0.185402	0.131537	-0.0707608	-0.00988089	-0.0124455	0.0687123	-0.0858992	0.0489346	0.0190853	-0.0415648	-0.000860109	0.090709	-0.138794	0.10366	-0.027745
-4.24905	2.58429	-0.331349	0.979576	-0.145453	-0.152698	0.036237	0.0173548	0.303895	-0.0978049	-0.223446	-0.0179342	0.0665642	-0.299405	-0.0932568	0.00165837	0.0188508	0.0303446	0.0605967	0.284449	-0.120009	0.175974	-0.0509729	-0.0625116	0.0538365	-0.189195	0.0606485	0.0177294	-0.0556105	-0.0215807	0.113162	-0.096527	0.0544208	-0.0230342	0.0230832	-0.0450005	0.0920089	-0.131087	0.143871	-0.159859
-4.46918	2.68797	-0.469363	0.867536	-0.0548453	-0.127467	0.0833893	-0.00960391	0.259529	-0.00162422	-0.15803	-0.13336	0.110365	-0.36013	-0.0545064	0.0475621	-0.00944687	0.127992	-0.0677165	0.31268	-0.137352	0.175691	-0.136215	0.0369694	0.0468221	-0.18833	0.0362527	0.0315371	-0.0757916	0.0526915	-0.00624259	0.0157501	0.00924921	-0.0200898	-0.00303098	0.0370183	-0.0238633	-0.0316763	0.0416388	0.0497883
-4.19942	2.62815	-0.448206	0.752412	0.0220308	-0.18813	0.193439	-0.140431	0.337808	-0.139768	-0.0974931	-0.262716	0.185774	-0.236285	-0.060019	-0.135471	0.125885	0.128379	-0.0301132	0.226774	-0.0684099	0.219854	-0.146089	-0.119568	0.102397	-0.121554	0.0453451	-0.094387	0.0938911	-0.0203116	-0.0075046	-0.0306801	0.0697374	-0.0200874	-0.0178295	-0.0244275	0.069194	-0.0206385	-0.0259096	-0.0741864
-5.00464	2.69878	-0.149236	0.869983	-0.0118414	-0.408226	0.0385392	-0.248744	0.475875	-0.128333	-0.38974	-0.125401	0.395165	-0.383098	-0.0630246	0.000702764	0.271629	-0.108758	0.00103245	0.343296	-0.250476	0.244751	-0.108984	-0.158993	0.250122	-0.249229	0.0468264	0.0575549	-0.0755742	0.0355775	0.00727849	-0.0383235	0.0379974	0.0167761	-0.0597187	-0.00255769	0.156688	-0.251726	0.188911	0.0206351
-5.01931	3.22236	-0.293183	0.441655	0.220485	-0.0799823	0.168998	-0.211196	0.258697	0.0189391	-0.159789	-0.181792	0.183872	-0.157548	0.132779	-0.227352	0.249499	-0.069122	-0.058939	0.175042	-0.263712	0.287532	-0.156543	-0.055571	0.175265	-0.170613	0.011321	0.0994975	-0.111277	0.0179198	0.116723	-0.153965	0.0887357	0.0345201	-0.100739	0.0632826	0.0500901	-0.140196	0.122397	0.043128
-5.60981	2.74955	0.069393	0.726347	-0.172723	-0.53303	-0.238404	0.000311412	0.383483	-0.183494	-0.516631	-0.276672	0.584551	-0.288718	-0.138336	-0.238958	0.427306	0.295422	0.0013558	0.112748	-0.213826	0.243796	-0.036747	-0.21784	0.0948025	-0.132152	0.045565	0.0432422	0.0814033	-0.206773	0.0672421	0.0613886	-0.0335109	0.0182672	-0.0376936	0.0197854	-0.0240145	0.0708305	-0.02999	-0.0486044
-6.07578	2.40457	-0.272352	0.590261	0.10852	-0.363867	0.0740385	-0.310589	0.193122	-0.225909	-0.228598	-0.19596	0.232568	-0.0517129	0.0133144	-0.286903	0.390992	0.102339	0.00981347	0.211929	-0.137009	0.0749164	-0.119369	-0.103468	0.147696	-0.0614647	-0.0601678	0.0664383	-0.0638842	0.0231245	-0.028639	0.0537378	-0.011574	-0.0198099	0.00124548	0.00906598	0.0389217	-0.0969284	0.0862656	0.102103
-6.1971	3.30797	0.223227	0.632566	0.463674	0.103511	-0.00260508	0.268459	0.284337	-0.144165	-0.351916	-0.398114	-0.011375	-0.273874	0.0646634	-0.223288	0.373848	0.235449	-0.0412863	0.432172	-0.223009	-0.0484567	0.0651743	-0.318528	0.0594681	0.0493473	-0.0908689	0.000412202	0.109619	-0.071207	0.0291316	0.0731488	-0.11958	0.0906292	0.0020086	-0.0916358	0.0911178	0.0217369	-0.0840858	0.0623055
-5.63269	3.39808	-0.239612	0.466243	0.571252	-0.189644	-0.136556	-0.0212201	-0.234435	0.0225819	-0.196827	-0.271944	0.0926761	-0.0890883	0.380398	-0.416773	0.28698	0.107764	-0.137859	0.312817	-0.299469	0.260833	-0.0702019	-0.0600156	0.0765	-0.130664	0.110538	-0.129608	0.0173625	0.0728959	-0.131318	0.106443	-0.0289837	0.00411382	0.0177488	-0.05252	0.0899645	-0.086055	0.0137738	0.175601
-7.04102	2.63816	0.585505	0.903955	0.94315	0.325144	-0.120866	-0.269186	-0.144127	0.0398265	0.069477	-0.295769	0.0323255	-0.415962	0.135417	-0.422605	0.22611	0.312368	-0.0690485	0.450277	-0.272774	0.194861	0.000551585	-0.0967586	-0.104075	-0.00997403	-0.0587683	-0.0244684	0.0371383	0.0471384	-0.0157242	-0.0329697	-0.0273036	0.104301	-0.0841076	0.0134683	0.110982	-0.111667	-0.0191764	0.143302
-6.69139	3.27662	0.994533	0.924956	0.89359	-0.313957	-0.3891	-0.13897	0.0317714	-0.150331	0.110062	-0.251326	0.221506	-0.18732	0.320651	-0.425633	0.160964	0.222509	-0.286723	0.300888	-0.194582	0.0324194	0.0738752	-0.0476892	-0.00101015	0.0737429	-0.153595	0.0808048	-0.00211861	-0.0228158	0.0522224	-0.111554	0.0513415	0.0412858	-0.0538478	0.000232605	0.089338	-0.0932694	0.0505515	0.0014994
-6.16102	3.12237	0.618438	0.643523	0.794652	0.284255	-0.257121	-0.237917	-0.244097	-0.133422	-0.0368306	-0.122146	0.211066	-0.305513	0.227669	-0.248767	0.135309	0.149571	-0.214136	0.465355	-0.333983	0.142863	0.085168	-0.0598683	-0.118046	0.0749881	0.0292619	-0.0715014	-0.0864811	0.157806	-0.0354791	-0.160805	0.119859	0.0487449	-0.0876519	-0.0238125	0.161183	-0.0764928	-0.076859	0.028842
-6.12877	3.28694	0.532545	0.581523	1.01608	0.259325	-0.401041	-0.271277	-0.23273	-0.300665	0.116182	-0.0809488	0.0658938	-0.135323	0.48641	-0.587866	0.118294	0.206889	-0.182331	0.280987	-0.0206047	0.0763182	-0.0856232	-0.0362258	-0.00341542	-0.0490743	0.0874759	-0.0478918	0.0550362	-0.120737	0.0870282	-0.0830314	-0.00165808	0.0527386	0.0151622	-0.0725526	0.119198	-0.0847861	0.0360679	-0.035924
-6.93649	3.13874	0.724424	0.948136	0.795089	-0.0473682	-0.275016	-0.290026	0.0222028	-0.0492373	-0.0199202	-0.318703	-0.218943	-0.272683	0.411307	-0.400916	0.139971	0.303494	-0.204321	0.537398	-0.109039	0.178675	-0.0642488	-0.19848	0.0563609	-0.0348699	-0.0818886	0.0465941	-0.00100233	-0.0957993	0.0504385	0.0256256	0.0240669	-0.102688	0.11394	-0.0531557	0.0276903	-0.0535114	0.115835	-0.0450457
-6.82642	3.27738	0.810624	0.966739	0.882038	0.264718	-0.356857	-0.327875	-0.253454	-0.123159	0.187583	-0.18098	0.218147	-0.185822	0.0872816	-0.303158	0.176811	0.0141538	-0.00593067	0.247155	-0.085698	0.102023	-0.0638163	-0.0850748	0.0118866	-0.0740998	0.105922	-0.0387577	0.00462199	-0.0451121	0.0390379	-0.00264038	-0.094895	0.110412	-0.0589496	0.0849122	-0.0721982	0.0445834	-0.0028014	-0.0117338
-6.62789	3.31265	0.782904	0.807896	0.882089	0.233601	-0.426983	-0.167674	-0.00253886	-0.382673	0.0874139	-0.283059	-0.0199604	0.0410873	0.386965	-0.376042	0.0274017	0.252625	-0.288882	0.370709	-0.0953313	-0.0426788	0.15186	-0.187064	0.0845222	-0.065027	0.0658453	0.00533134	-0.108323	0.0554334	-0.0943432	0.112427	-0.0835636	0.0258175	0.0576328	-0.0389548	0.0359077	-0.099181	0.117974	0.115891
-6.61966	3.02189	0.759339	0.916182	0.516598	0.0261238	-0.209629	-0.365889	-0.231965	-0.208836	0.213399	-0.388278	0.0594415	-0.18986	0.35197	-0.341524	-0.0842964	0.437871	-0.226968	0.477119	-0.158678	0.100916	0.0578845	-0.175882	0.0561993	-0.105005	0.0493744	-0.0169458	0.0392833	-0.122782	0.0416888	0.0696362	-0.125279	0.0321757	0.0611007	0.0184214	-0.0701961	-0.0144776	0.11617	0.0075078
-7.27415	2.59598	0.528172	0.953749	1.1062	0.342348	-0.23802	-0.310644	-0.33126	-0.190608	0.235291	-0.228288	-0.0621417	-0.378467	0.194636	-0.391382	0.0853375	0.457288	-0.134118	0.376678	0.0603157	-0.110251	0.0672816	0.018415	-0.0858755	-0.141497	0.00227945	-0.0376301	0.093728	-0.0388827	-0.074944	0.145406	-0.127993	-0.0330807	0.131451	-0.0221684	0.0111455	-0.147026	0.232772	-0.00363575
-7.10025	2.73548	0.494033	0.825607	1.07221	0.246548	-0.215802	-0.00210333	-0.0113358	0.0565742	0.333247	-0.133771	-0.00698647	-0.109065	0.188612	-0.460255	0.0873379	0.166012	-0.296528	0.295702	-0.126375	-0.0700546	0.130117	-0.156142	-0.0926668	0.18253	-0.112121	0.00514708	0.131275	-0.111567	0.0313274	0.0584753	-0.0565036	-0.0170552	0.050317	0.0257917	-0.02281	-0.0571869	0.07067	0.17791
-6.75112	3.07032	0.922104	0.988754	0.868361	0.117048	-0.448476	-0.262428	-0.00583587	0.21797	-0.0407414	-0.209823	0.0894028	-0.194791	0.280797	-0.266318	-0.0545549	0.16265	-0.168111	0.362576	-0.086489	-0.0869952	0.146106	-0.19109	-0.0652743	0.107811	0.021934	-0.0328703	-0.0366536	0.0215458	0.0207427	-0.0466847	0.0316428	0.00753745	-0.0074082	-0.014613	0.0729747	-0.0765333	0.0209733	0.145391
-6.48256	3.14433	0.599751	0.881962	0.81101	0.106881	-0.363472	-0.219611	-0.280792	-0.0827337	0.0752196	-0.20901	0.17745	-0.227215	0.346252	-0.355953	0.117011	0.0706283	-0.00583144	0.197061	-0.077156	-0.0478853	0.197144	-0.215063	0.0572842	-0.0133349	0.0236289	-0.0870777	0.141251	-0.172421	0.0943091	-0.0531109	0.0273434	-0.052792	0.0752826	0.0144763	-0.0526114	0.00445561	0.0397899	0.0928067
-6.94306	2.74778	0.913769	0.947134	0.746951	0.296798	-0.172753	-0.448997	-0.374747	-0.0187549	0.308103	-0.194631	-0.0308315	-0.0191801	0.116669	-0.506742	0.290996	0.131657	-0.1705	0.349886	-0.0688321	-0.0376112	0.162906	-0.187002	-0.0442489	0.0496701	-0.0276857	-0.0347793	0.0964877	-0.115488	0.0770858	-0.02688	-0.0359712	0.00503966	0.0131458	0.036008	0.0202346	-0.0824368	0.0652172	0.100869
-6.85784	3.24944	0.72754	1.03405	1.00611	0.0382565	-0.417368	-0.244853	-0.070556	-0.0396354	0.0791301	-0.167898	-0.0741725	0.0969855	0.327332	-0.420883	0.0685419	-0.0185433	-0.0940712	0.375182	-0.162385	-0.00561773	0.114784	-0.125637	-0.101306	0.0850686	0.0408465	-0.0228728	0.0317492	-0.106777	0.0963939	-0.0918761	0.0349793	0.0162873	-0.01765	0.0670367	-0.0921913	0.0646995	0.00904816	0.00269671
-6.78364	3.2662	0.783703	0.836911	1.1442	0.189866	-0.339017	0.0220107	-0.500118	-0.390965	0.0420326	-0.094814	0.157069	0.00687031	0.27897	-0.359543	-0.0592344	0.244036	-0.150718	0.20654	0.000667386	0.112132	-0.116707	-0.0669617	0.075033	-0.0687921	0.00279272	0.125194	-0.0950747	-0.0766522	0.0946472	-0.0866479	-0.0662733	0.157278	-0.0282813	-0.0985978	0.17622	-0.113397	0.0172391	-0.0453285
-7.01889	2.72552	0.633137	1.12096	0.741388	-0.149587	-0.469049	-0.210219	0.0881011	-0.232742	-0.0504171	-0.296698	0.00447599	-0.194558	0.231392	-0.358877	0.0966231	0.181509	0.0818626	0.400016	-0.140734	0.13451	-0.0743864	-0.0194359	0.0450075	-0.173679	-0.0256265	0.0362001	0.0137816	0.00319364	-0.0557539	-0.00434049	0.00888232	0.00767504	0.0508626	-0.0863062	0.0932711	-0.0896639	0.093919	-0.00996727
-7.52903	2.23338	0.595731	1.21932	0.842949	0.277385	-0.340758	-0.234781	-0.234233	-0.277152	0.139502	-0.278765	0.00214277	-0.0926652	0.240227	-0.363232	0.193562	0.325147	-0.153089	-0.0494145	0.0298744	0.347151	-0.148975	-0.196166	0.143637	-0.00303765	-0.0310076	-0.0304012	-0.018534	-0.0531184	0.0427999	0.0163659	-0.0484715	0.0380225	-0.0255556	-0.0178024	0.146258	-0.119703	-0.0190508	0.0861148
-7.82046	2.20625	0.20451	1.04727	1.03585	-0.132479	-0.251691	-0.218206	-0.248145	0.0710076	0.14662	-0.366386	-0.015806	-0.0876453	0.256197	-0.260632	-0.151646	0.190478	0.186119	0.0499118	-0.029102	0.227056	-0.0842012	-0.0828869	-0.112177	0.0468675	0.0088384	0.0289228	-0.0346838	-0.108388	0.166354	-0.0887108	-0.051528	0.102282	-0.0756926	0.0563131	0.030685	-0.131734	0.171504	-0.0565473
-7.76058	1.9158	0.0701614	0.858916	0.988215	0.0996796	-0.215507	-0.154383	-0.0554917	-0.077279	0.0765514	-0.217224	0.0977598	-0.063622	0.237764	-0.291652	0.120149	0.23968	0.136084	0.175359	-0.13977	0.261331	0.154988	-0.101117	0.0214166	-0.162218	-0.00507508	-0.0123713	0.139989	0.0559628	0.179597	0.0467401	0.0719585	0.0338397	0.0486349	0.145691	0.0795307	-0.0116439	0.0938449	-0.0959705
-7.87055	1.79723	0.0148257	0.736945	0.871469	0.133612	-0.237421	-0.046208	0.0217942	-0.088436	0.134014	-0.0892814	0.112387	-0.131791	0.12098	-0.31939	-0.0272949	0.036314	0.152467	0.251808	-0.117307	0.216059	0.173115	0.0222212	0.162428	-0.110086	0.0528656	-0.0625314	0.148797	0.0873528	0.0108827	0.129166	0.0951417	-0.144075	0.0224377	0.165533	0.00882371	-0.0313393	0.162764	-0.0660971
-8.07322	1.89621	0.144713	0.731331	0.742318	0.230671	-0.226093	-0.0711219	-0.0682202	-0.12425	0.105677	-0.201582	0.13548	-0.0665249	0.121159	-0.283843	0.0354437	0.169161	0.26298	0.317298	0.000474262	0.16452	0.149381	0.108812	0.151434	-0.0853138	0.211977	-0.0510457	0.0797297	-0.0416378	-0.114837	0.185242	0.0399557	-0.180181	0.0392873	0.176181	0.0397303	-0.0220671	0.142571	-0.0681898
-8.19287	1.8781	0.16753	0.813152	0.79205	0.165649	-0.2886	-0.115244	-0.078875	-0.143704	0.0721115	-0.202961	0.120945	0.0485385	0.112707	-0.174913	0.137621	0.192348	0.265855	0.271119	0.0459801	0.233813	0.284434	0.0352663	0.0303496	0.088837	0.342078	-0.115564	-0.0355912	-0.0602312	-0.0386318	0.19434	0.0607366	-0.110281	-0.0457406	0.0691382	0.0671934	-0.0631235	0.0647658	-0.0824278
-8.44156	1.8782	0.23664	0.892729	0.969302	0.143252	-0.350208	-0.19462	-0.145295	-0.114726	0.196385	-0.0483769	0.193661	-0.0121715	0.0904369	-0.218907	0.186525	0.14277	0.19547	0.265291	0.0577145	0.358348	0.25668	-0.0283582	-0.0923489	0.0605463	0.339679	-0.120144	0.00741202	-0.0235374	-0.0157669	0.0925734	0.0406766	0.0656306	-0.031466	0.00344567	-0.0648903	-0.0779003	0.0390944	0.0162546
-8.51329	1.85679	0.272505	0.883744	0.926668	0.122016	-0.352445	-0.134268	-0.0680017	-0.0500179	0.13831	-0.0266017	0.176246	0.0707932	0.123848	-0.113935	0.278404	0.222282	0.135151	0.164929	0.00188529	0.269805	0.231465	0.0412176	-0.0250546	0.0250153	0.219436	0.0180021	0.115852	0.0521132	0.0521177	0.0774675	-0.012431	0.0270194	0.0119412	0.0665228	0.0129789	-0.0640311	-0.013889	-0.0890059
-8.709	1.82972	0.138809	0.775082	0.928985	0.266407	-0.216112	-0.0735766	-0.0390276	-0.0427753	0.0382755	-0.0634422	0.102614	0.11223	0.0989538	-0.0436801	0.296652	0.295525	0.23946	0.163793	0.105796	0.247302	0.185328	0.127571	0.0442015	0.0983271	0.167851	0.110674	0.242773	0.0223394	-0.0244488	-0.0193652	-0.0736687	-0.0218767	0.0477101	0.112752	0.0145347	-0.0462468	0.00542884	-0.026501
-8.98692	1.79713	0.218707	0.599656	0.717934	0.190141	-0.188235	-0.00535346	0.0220804	0.00827162	0.0468751	0.0420369	0.134616	0.22831	0.17691	0.0563407	0.238664	0.367718	0.280631	0.142902	0.17869	0.278159	0.184414	0.159307	0.119224	0.100444	0.00859056	-0.00782167	0.250347	0.112828	0.0285748	0.0924821	0.0202926	-0.0465201	-0.0071576	-0.0124634	-0.179748	-0.246895	-0.12285	0.00374927
-9.0639	1.62377	0.397432	0.572301	0.551594	0.264091	0.0525118	0.112527	0.130706	0.0582812	0.045091	0.027737	0.0817248	0.197486	0.255803	0.138052	0.177442	0.277069	0.254741	0.192231	0.123313	0.160342	0.102941	0.0836217	0.0600195	0.0568382	0.0450168	0.00764735	0.0228016	0.0725606	0.0650701	0.0460657	0.0368661	0.0746783	0.137788	0.0805533	-0.00665465	-0.0524602	-0.124758	-0.10243
-9.65604	1.65179	0.546276	0.557873	0.630791	0.278192	-0.0749442	-0.00407627	0.169259	0.165834	0.0771021	0.0184832	0.140599	0.297849	0.266017	0.123838	0.243133	0.393193	0.348045	0.269124	0.216699	0.175877	0.171441	0.148153	-0.0239931	0.0101698	0.0522477	-0.0422993	-0.0329116	0.000849808	0.0504849	0.046066	-0.0199917	0.0799537	0.11855	0.0390663	-0.0350956	0.00899541	-0.0550769	-0.115003
-9.74314	1.58118	0.644773	0.577836	0.590363	0.354911	0.19753	0.165209	0.20204	0.24144	0.110693	0.0446667	0.101064	0.225525	0.191234	0.0700162	0.183424	0.32047	0.257563	0.201127	0.164638	0.163027	0.128625	0.138896	-0.0126716	0.0319974	0.0488065	-0.0185148	-0.0865941	-0.0923024	-0.0590841	-0.0190965	-0.0370026	-0.00333606	0.0445228	0.0885665	0.0803125	0.0751765	0.0410294	-0.0109772
-9.61241	1.46143	0.59924	0.570363	0.490006	0.374656	0.296874	0.255758	0.227122	0.247218	0.168019	0.180978	0.176441	0.176194	0.156306	0.108027	0.158343	0.181313	0.155416	0.145396	0.107911	0.114579	0.0850924	0.0915217	0.0382339	0.0692459	0.0228995	0.0250512	-0.0264616	-0.0458769	-0.07126	-0.0521936	-0.00546556	-0.0175761	0.0417619	0.0731453	0.0731942	0.0378049	0.0309864	0.0331397
-10.0453	1.35278	0.71253	0.552751	0.527727	0.444148	0.332834	0.340263	0.238312	0.295938	0.230225	0.240073	0.224791	0.177907	0.154162	0.088219	0.127777	0.161225	0.109605	0.0713415	0.017651	0.0609323	0.0512171	0.0729759	0.0415119	0.0828034	0.0118365	0.054078	0.0447506	0.048004	0.0107708	0.0144555	0.071949	-0.0148066	-0.0130465	0.0400811	0.0397154	-0.0500675	-0.0418596	0.0414951
-9.72691	1.421	0.612468	0.451882	0.375913	0.357201	0.271401	0.30368	0.238427	0.272577	0.230938	0.201918	0.200603	0.182519	0.206443	0.167915	0.141595	0.140606	0.140977	0.112104	0.0998056	0.0732393	0.0584589	0.0688374	0.0567032	0.057752	0.0345457	0.0273337	-0.0146112	0.017859	0.00669177	-0.00948242	0.0233485	0.0101329	0.000784805	0.0394454	0.0273896	0.0165714	-0.00776488	0.00394348
-9.79341	1.39804	0.60015	0.443633	0.389182	0.339478	0.270224	0.293734	0.237048	0.253728	0.207652	0.213015	0.182668	0.148568	0.172025	0.170345	0.124018	0.123665	0.137504	0.107811	0.0975255	0.0625032	0.0648668	0.0916104	0.0591617	0.0466043	0.0527687	0.0613096	0.0225904	0.0160552	0.0163051	-0.000110839	0.0354289	0.0060472	0.0124081	0.0159355	-0.0304277	0.00063789	0.0250588	0.0419424
-10.0673	1.30678	0.584836	0.458109	0.446054	0.395479	0.371682	0.361619	0.280889	0.273601	0.188942	0.195808	0.232011	0.180905	0.148283	0.137608	0.12039	0.157606	0.146844	0.0922259	0.10517	0.0654541	0.0331759	0.0469621	0.0225949	0.0118386	0.132999	0.0815694	-0.0787884	-0.04885	-0.0427072	-0.0371277	-0.0331855	0.0172579	0.0339343	0.0069176	-0.0796543	0.0424593	0.113247	0.025231
-9.90061	1.3535	0.527638	0.397148	0.371614	0.302405	0.267841	0.243748	0.201874	0.202487	0.176502	0.190001	0.174353	0.174073	0.146373	0.11235	0.124575	0.128672	0.138024	0.0899343	0.134305	0.14614	0.0902086	0.0872227	0.0785355	0.0610807	0.104028	0.102938	0.0682716	0.0852946	0.0066485	0.0342828	0.0834709	0.0439407	0.0255602	0.00380973	0.0114788	0.0919761	0.0471012	-0.0112839
-10.0301	1.30003	0.571856	0.389728	0.40947	0.326387	0.274812	0.285182	0.178414	0.189712	0.168727	0.199611	0.146064	0.138713	0.124014	0.0780839	0.15362	0.117836	0.10007	0.0675857	0.0831059	0.133158	0.0763391	0.0849749	0.0144565	0.0470434	0.0345621	0.0569371	0.0454525	0.0399998	-0.0244951	0.0238897	0.0791387	0.0540475	0.0211633	-0.0760755	0.00774737	0.0388859	0.011278	0.0200237
-10.4467	1.0201	0.655617	0.349871	0.391756	0.407566	0.33542	0.286149	0.165731	0.274274	0.234518	0.294426	0.210391	0.18596	0.146721	0.0848967	0.178723	0.13065	0.0762393	0.0866996	0.0333152	0.0927257	0.0494709	0.0701823	0.0674469	0.104363	-0.0174244	0.0407526	0.0312969	-0.0682648	-0.0888094	-0.102363	-0.0176825	0.000816057	-0.0812343	-0.0349324	0.126334	0.0944686	-0.0142976	0.0142847
-10.4323	1.05181	0.673061	0.394583	0.395484	0.388539	0.286637	0.267257	0.219904	0.232091	0.187178	0.284625	0.203704	0.187278	0.11619	0.0728567	0.108376	0.0908647	0.0822794	0.135336	0.0906163	0.0886437	0.0540771	-0.0128343	0.0843013	0.130547	0.039281	0.060374	0.0524704	0.00656635	0.072523	-0.0733806	-0.0605829	-0.0131134	-0.040188	0.0326288	0.0438589	0.0731426	-0.0274854	0.00378063
-10.3892	1.1038	0.621149	0.385689	0.394916	0.392361	0.293614	0.308595	0.297818	0.222778	0.144374	0.18151	0.0677919	0.0838028	0.0868753	0.125021	0.087624	0.10399	0.0801513	0.105215	0.0579516	0.08315	0.167113	0.100691	0.0552576	0.00967975	0.0340168	0.0227721	0.024603	-0.0127032	0.0408726	-0.0300906	-0.0126107	-0.034922	-0.0165428	-0.00531285	-0.00512542	0.0625397	0.000797187	0.0153654
-10.5155	0.901074	0.536978	0.436562	0.463654	0.362795	0.292334	0.264988	0.282859	0.231785	0.0708379	0.0245516	0.0313167	0.066968	0.145739	0.219774	0.188807	0.225058	0.173845	0.172575	0.0985141	0.134408	0.203836	0.205691	0.0515563	-0.0678507	0.00948007	-0.0687391	0.00632338	-0.0362758	0.0294489	0.0429783	0.0546442	-0.0367746	-0.0228675	-0.107087	-0.0125209	0.0659627	0.0299637	-0.046618
-10.2263	1.16689	0.624245	0.41456	0.371277	0.267397	0.272822	0.269476	0.170897	0.211538	0.175756	0.129304	0.188206	0.138015	0.117782	0.114904	0.118486	0.132857	0.112094	0.122565	0.0776548	0.134514	0.0826058	0.0927001	0.0675458	0.0775436	0.065553	-0.0177133	0.0977478	0.0253056	0.0357137	0.00240576	0.0199	-0.0516401	-0.00805472	-0.0446071	-0.0176761	0.0335013	0.0660796	-0.0165263
-10.0213	1.29351	0.582806	0.418176	0.35718	0.28229	0.231324	0.282377	0.200696	0.233409	0.194946	0.169721	0.185851	0.159785	0.169487	0.136555	0.158913	0.135291	0.137622	0.115564	0.0819862	0.129328	0.0841449	0.0487673	0.0465074	0.103831	0.0354632	0.00695079	0.0418605	0.00361942	0.0399842	0.00488205	0.0294938	-0.0195588	0.0101569	0.0300935	0.000162814	0.0285084	0.000569359	-0.0250392
-10.1675	1.21541	0.581482	0.422435	0.384211	0.302511	0.252669	0.28824	0.239941	0.249676	0.190417	0.240016	0.187808	0.191688	0.115901	0.142258	0.137246	0.208781	0.211059	0.103513	0.140042	0.191762	0.12369	-0.0200867	0.0382904	0.0412181	-0.0122643	0.0336309	0.0612262	0.0144089	-0.00800677	-0.0471564	0.0799595	0.0568768	0.0416751	0.0746711	0.0240946	0.0123589	0.0238659	0.0827735
-10.0948	1.30182	0.596534	0.415223	0.373483	0.3148	0.270247	0.21792	0.218245	0.256403	0.197343	0.203276	0.161873	0.190636	0.133661	0.195518	0.183222	0.190671	0.220932	0.137678	0.14165	0.128577	0.153271	0.0404313	0.0788725	0.0286528	0.0574262	0.0928728	0.06401	0.0414496	0.0152613	0.00693136	0.0287422	-0.0026527	0.0222966	0.00843848	-0.0486091	-0.0473775	-0.0277526	-0.0320652
-10.0496	1.34536	0.623728	0.478234	0.368873	0.321846	0.300058	0.219913	0.203668	0.236964	0.243029	0.202252	0.183937	0.192569	0.172105	0.18966	0.198234	0.163094	0.165734	0.113634	0.114302	0.0806321	0.104702	0.0518605	0.00909488	-0.0154033	-0.00352196	0.0312366	0.0338031	0.0113023	0.0168219	0.036825	0.0572547	-0.0045118	-0.0243345	-0.00504809	-0.0184224	0.00279334	-0.0120867	0.00674944
-10.2403	1.21635	0.602753	0.465901	0.404431	0.363124	0.345034	0.316517	0.286722	0.276759	0.207688	0.222677	0.201557	0.207163	0.196799	0.202998	0.196101	0.147183	0.0214136	0.0493315	0.155172	0.150612	0.125957	0.0638798	-0.0527126	-0.0158313	-0.0602533	0.00769993	0.0978968	-0.000297012	-0.0259482	0.0192125	0.0859507	0.00734398	-0.0186284	-0.0177111	-0.0256311	-0.0405264	0.00630152	0.0514397
-10.092	1.2499	0.549562	0.400077	0.364616	0.342343	0.281792	0.245027	0.24286	0.270512	0.206845	0.22387	0.177301	0.199814	0.185024	0.141842	0.133819	0.136432	0.103916	0.149495	0.0935463	0.0846916	0.0984323	0.109313	0.0337978	0.0781173	0.0280997	0.0849779	0.110663	-0.00542293	0.0184507	-0.0356821	-0.0210972	-0.0217778	0.0145063	0.00696468	0.00313265	0.000594985	-0.00725329	0.0132456
-10.1432	1.20706	0.573033	0.43275	0.381788	0.320357	0.267273	0.16367	0.236743	0.242533	0.200525	0.224916	0.165449	0.155623	0.167606	0.137419	0.112604	0.121134	0.0688264	0.146253	0.0636758	0.0436354	0.0239074	0.0838955	0.0175411	0.0533941	0.00164282	0.0520079	0.053739	-0.0519815	0.0326116	0.0547247	0.0367342	0.0159798	-0.0109377	-0.0487755	-0.0177947	-0.0120086	-0.0562933	0.0358435
-10.0576	1.25806	0.589466	0.374707	0.335553	0.281382	0.262665	0.199401	0.231241	0.20052	0.175503	0.188954	0.162184	0.182827	0.177433	0.186178	0.131877	0.161774	0.0854508	0.132508	0.104826	0.0928307	0.0674463	0.0672769	0.0317612	0.0502705	0.0225619	-0.0236227	0.0333577	-0.0517397	-0.0306995	-0.0122344	-0.0189531	-0.0182814	-0.0209311	-0.0793675	-0.0466807	-0.0563789	-0.108296	-0.0579345
-10.0439	1.30886	0.63025	0.444937	0.421276	0.400719	0.322513	0.276483	0.296794	0.262481	0.204568	0.260629	0.218774	0.215569	0.136369	0.189534	0.165631	0.146667	0.117757	0.12174	0.0965153	0.0729154	0.0728521	0.0320862	0.0244015	0.012505	0.0332861	0.0168118	0.0564946	-0.0228614	-0.0551221	-0.0933761	-0.0554943	-0.0214784	-0.0410078	-0.0414302	-0.0125467	-0.00149471	-0.0669036	-0.05147
-10.1342	1.24761	0.707251	0.509869	0.43845	0.417737	0.349457	0.23486	0.284125	0.283128	0.216241	0.295201	0.240911	0.223657	0.179284	0.225812	0.200005	0.0789067	0.0605222	0.0635675	0.0403889	0.0818992	0.0550822	-0.00637652	0.0452734	0.0314336	0.0334898	0.0612208	0.0272129	0.00091454	-0.0223954	-0.0218968	-0.00951818	0.000211549	-0.0194255	0.0110995	0.00795207	-0.0117275	-0.120434	-0.128959
-9.45719	1.43409	0.490943	0.410562	0.332815	0.285574	0.245053	0.232276	0.226595	0.214148	0.19103	0.190986	0.181987	0.178342	0.18181	0.165607	0.169547	0.146283	0.153712	0.139819	0.128173	0.12131	0.131081	0.10107	0.0969563	0.08688	0.0806415	0.079639	0.0617445	0.0650949	0.0466209	0.0357815	0.029098	0.0207701	0.0311825	0.00723059	0.00111436	-0.0251532	-0.0212324	-0.0435881
-9.49592	1.44396	0.510292	0.418437	0.336066	0.288633	0.265978	0.247843	0.225245	0.21949	0.20914	0.20562	0.198536	0.185774	0.190708	0.173404	0.189334	0.161884	0.18059	0.145522	0.149466	0.139008	0.119319	0.132285	0.115133	0.107213	0.0954154	0.0931622	0.0887434	0.0669723	0.0488558	0.0320141	0.0350022	0.0274773	0.0173099	-0.0134826	-0.0246454	-0.026953	-0.0219663	-0.0305874
-9.66787	1.43039	0.55531	0.448542	0.352291	0.328172	0.275538	0.261446	0.231319	0.266154	0.203209	0.229367	0.208043	0.198241	0.207791	0.169585	0.187041	0.165721	0.181305	0.140376	0.150683	0.140623	0.116233	0.124684	0.101774	0.111358	0.0883805	0.065762	0.0593776	0.0541012	0.0545508	0.0390057	0.0324756	0.0130999	0.0149266	0.0201425	-0.000527739	-0.00853637	-0.0428763	-0.0217671
-9.45199	1.40047	0.51923	0.442334	0.332502	0.281863	0.244278	0.250491	0.247147	0.255163	0.236057	0.218566	0.158064	0.184863	0.211654	0.182235	0.16437	0.166964	0.175234	0.161937	0.14977	0.12201	0.116137	0.109185	0.100671	0.0901693	0.0908703	0.0721234	0.0448934	0.0363563	0.0378292	0.0510543	0.0490584	0.0321823	-0.00407298	0.0260266	0.0334972	0.0157571	-0.0362227	-0.0459812
-9.75696	1.41585	0.59693	0.479322	0.387966	0.356972	0.311229	0.278166	0.282184	0.286827	0.223625	0.233807	0.229301	0.202414	0.186585	0.205774	0.179634	0.180934	0.144268	0.10454	0.119728	0.107049	0.0887845	0.0981472	0.046005	0.0346893	0.0436691	0.0578365	0.0401676	0.0516798	0.017567	-0.0143878	0.0224469	0.000662494	-0.00165631	-0.000597288	-0.0226794	-0.0063988	-0.0238615	-0.0221474
-9.81672	1.41086	0.609625	0.471286	0.425287	0.385574	0.306307	0.296205	0.269651	0.280947	0.222853	0.261569	0.23219	0.16866	0.22453	0.194562	0.13917	0.135394	0.140708	0.137569	0.11866	0.0702242	0.0990541	0.131522	0.052922	0.072762	0.0597963	0.0467389	0.0168578	0.0400938	0.0152756	-0.00499897	-0.00498166	-0.00978941	0.00148831	-0.0188857	-0.0732242	-0.00836442	-0.00829992	-0.0307268
-9.57364	1.45535	0.578775	0.471573	0.396644	0.331677	0.26989	0.286715	0.253	0.261678	0.203545	0.21448	0.190356	0.174792	0.202655	0.156302	0.153447	0.123601	0.13287	0.12095	0.125011	0.0964731	0.0978156	0.102806	0.0568713	0.0676816	0.0645948	0.0387364	0.0117449	0.0372472	0.0382844	0.0223406	0.00862681	0.00382344	-0.00982144	-0.0256176	-0.00580185	0.00939769	-0.0253416	-0.0309116
-10.2442	1.21365	0.705519	0.527819	0.490594	0.39157	0.323948	0.376752	0.272446	0.301528	0.215699	0.233636	0.255327	0.213853	0.200325	0.0767126	0.124091	0.212792	0.192019	0.197363	0.124786	0.0974259	0.108611	0.132464	0.147921	0.0442541	0.0906475	0.00216867	-0.0218452	-0.00807835	-0.02437	-0.0340902	-0.0153509	0.0326639	-0.0716155	-0.108527	-0.0144751	0.0339677	0.00434014	-0.0541992
-9.69526	1.41849	0.569946	0.452484	0.391103	0.355915	0.2926	0.281289	0.251326	0.258465	0.234016	0.212005	0.219313	0.181358	0.208044	0.165375	0.175465	0.193201	0.136966	0.147413	0.100321	0.0912676	0.09282	0.0930262	0.103485	0.0444925	0.0813913	0.0584621	0.033558	0.021146	0.0158654	0.0331878	-0.00307009	-0.0126974	-0.05435	-0.0199757	-0.00951959	-0.0408335	-0.0463393	-0.0413978
-9.75898	1.40851	0.597749	0.457353	0.388733	0.321297	0.302067	0.291887	0.266619	0.249937	0.246156	0.224753	0.217224	0.188593	0.195781	0.176073	0.168613	0.175634	0.163166	0.142521	0.125996	0.0961208	0.0994007	0.0732809	0.0926382	0.0478674	0.0662443	0.0364167	0.0423726	0.0421365	0.0456214	0.000514847	-0.003186	0.00198216	0.026228	0.042505	0.0074737	-0.0238697	-0.0468611	-0.0371363
-9.95972	1.36924	0.58375	0.501962	0.401906	0.351534	0.344906	0.294965	0.268988	0.239626	0.241759	0.239045	0.24016	0.2331	0.158793	0.151152	0.229365	0.152617	0.130543	0.130889	0.122449	0.113411	0.144216	0.112308	0.109234	0.0971493	0.0942857	0.0648039	0.0363291	0.0201003	0.0310722	-0.00158457	0.0534693	0.0447666	0.00930987	-0.0692549	-0.0361498	-0.015536	-0.0451924	-0.0475293
-9.42505	1.53126	0.601413	0.48346	0.386936	0.333521	0.294244	0.229901	0.178386	0.154573	0.176062	0.184972	0.138666	0.121205	0.116116	0.119046	0.17386	0.157939	0.132231	0.13334	0.0995325	0.122511	0.133062	0.133307	0.0921658	0.0537187	0.0736468	0.0786175	0.0680115	0.0685489	0.0533222	0.00247096	0.00164149	0.0407868	0.0326739	-0.00256451	0.00864434	0.0503595	0.0144176	-0.0331127
-9.43844	1.66586	0.698492	0.574901	0.447694	0.366797	0.283737	0.225313	0.185364	0.133584	0.107408	0.0955895	0.0806822	0.0882753	0.0822177	0.106813	0.114775	0.124356	0.143428	0.146239	0.135698	0.135162	0.110303	0.110654	0.085656	0.0904484	0.0733319	0.0641324	0.0532379	0.0338787	0.0244766	0.0219887	0.00544815	-0.00490095	-0.0306231	-0.0242788	-0.0198268	-0.00049534	0.0151629	0.00829107
-9.50206	1.61638	0.74747	0.605872	0.452022	0.379915	0.284607	0.245103	0.19646	0.154137	0.158134	0.118299	0.0817067	0.0763873	0.0632675	0.0805437	0.0790773	0.115203	0.132251	0.145067	0.152158	0.0998999	0.0843955	0.101732	0.109889	0.120354	0.0790752	0.0602867	0.0429464	0.0155542	-0.00381437	0.00700077	0.0036924	0.00712834	-0.0355438	-0.0565503	-0.0374942	-0.00589146	-0.0201533	-0.0274995
-9.31321	1.59377	0.618336	0.524102	0.400409	0.327593	0.266425	0.218714	0.176569	0.149751	0.119982	0.102326	0.102462	0.105348	0.107918	0.115128	0.120561	0.133469	0.139472	0.125285	0.128144	0.105146	0.113512	0.106328	0.0921584	0.0834297	0.0640292	0.0436768	0.0119661	-0.000314748	-0.00951132	-0.026405	-0.0323418	-0.0319919	-0.00395089	0.00244742	0.00674882	0.00652017	-0.0123414	-0.0278969
-9.71624	1.43479	0.603888	0.486143	0.355976	0.303884	0.288089	0.212044	0.144129	0.122032	0.20713	0.162433	0.159396	0.168266	0.126478	0.134602	0.193816	0.186067	0.159867	0.183356	0.164781	0.078682	0.10445	0.0893804	0.0595394	0.031667	0.0405815	0.0233632	-0.00252057	-0.0177034	-0.0493922	-0.0540736	-0.017057	0.00195964	-0.0129045	-0.020931	0.0486637	0.0589937	0.0383526	0.063318
-9.90545	1.36696	0.507107	0.406382	0.364945	0.313037	0.285985	0.239943	0.227117	0.197033	0.213862	0.143243	0.107396	0.161245	0.133982	0.137419	0.177374	0.174666	0.149677	0.182559	0.177288	0.121776	0.111857	0.146312	0.12452	0.0686324	0.113	0.0706305	0.0217141	-0.00585193	0.00635975	0.0383658	0.020253	-0.0169898	-0.0369807	-0.0114653	0.0670208	0.0167989	-0.0223793	-0.00569072
-9.80695	1.35561	0.506054	0.414301	0.356872	0.296286	0.264556	0.229015	0.183768	0.161783	0.171943	0.196535	0.159401	0.164851	0.155317	0.164923	0.150059	0.156834	0.142823	0.150256	0.0945787	0.113553	0.0937497	0.0833624	0.0637104	0.0379795	0.0831892	0.0786869	0.0698103	0.0528614	0.03592	0.0429856	0.0474792	0.0474295	0.0412049	0.00914072	-0.0051902	-0.0474615	-0.0426626	-0.0354869
-9.87581	1.32119	0.47013	0.37338	0.297723	0.233631	0.181006	0.176139	0.174674	0.151762	0.131744	0.135775	0.147367	0.171842	0.132937	0.146615	0.160873	0.155783	0.142119	0.126117	0.0698667	0.154974	0.12042	0.0893968	0.0893927	0.0884239	0.0564064	0.0382372	0.0699235	0.0490001	0.0360054	0.0147352	0.0339825	0.00661053	0.0113062	0.0287146	0.0153298	-0.0262961	-0.0512793	-0.022794
-10.2608	1.14187	0.532583	0.413934	0.341022	0.245069	0.149682	0.150729	0.212729	0.193572	0.136797	0.113845	0.138605	0.137618	0.123946	0.159593	0.154214	0.144619	0.165901	0.164362	0.0526644	0.145318	0.0948717	0.0523712	0.0326444	0.1001	0.0573426	0.0534253	0.020909	-0.0232411	-0.0120591	-0.0224294	-0.0532604	-0.0414189	-0.0195992	0.00768772	-0.0169283	0.0180185	-0.0153732	-0.0122703
-10.4391	1.02481	0.62991	0.483363	0.376107	0.282605	0.259279	0.235694	0.267037	0.195724	0.202177	0.123323	0.153333	0.169712	0.219166	0.112114	0.0395033	0.137032	0.23494	0.176303	0.0413402	0.091281	0.0630761	0.046778	0.0566368	0.158714	0.0971409	0.147339	0.0128479	-0.0395691	-0.114611	-0.16755	-0.125582	-0.00931551	0.0120308	0.0214615	-0.00626314	0.0529447	-0.00320209	0.0110246
-10.4414	1.02932	0.648	0.454082	0.393866	0.324594	0.283194	0.239004	0.251099	0.295404	0.302263	0.215458	0.25052	0.222416	0.186537	0.0383694	0.0202216	0.0405926	0.111472	0.0698369	0.0724856	0.0679721	0.0554442	0.0617582	0.0540733	0.0885298	0.027363	0.0952166	0.0278797	-0.049338	-0.0938849	-0.113132	-0.041311	-0.0121505	-0.013155	0.0288907	0.0665855	0.0568173	-0.0244896	0.0145481
-10.2266	1.29288	0.732375	0.481735	0.417187	0.38525	0.279797	0.237569	0.177562	0.199654	0.0785511	0.0158538	0.113638	0.125223	0.0409204	-0.00466065	0.097499	0.0801677	0.0827287	0.0481891	0.0705912	0.0462432	0.0510972	0.045006	-0.0217327	-0.0143185	-0.0543458	0.0530593	0.0511017	0.0103509	-0.00265011	0.00710031	0.0668694	-0.00590551	-0.0575078	0.0290635	0.093388	0.0455301	-0.027531	0.00856553
-10.0789	1.38591	0.698576	0.440937	0.339471	0.287786	0.202483	0.188775	0.1345	0.122093	0.00988848	-0.0694742	-0.0475637	-0.03294	-0.07965	-0.0156247	0.0451261	0.0707791	0.0611414	0.0654623	0.0636467	0.0241458	-0.00360757	0.0229727	-0.026548	-0.00743203	-0.0399716	-0.0211352	-0.0455718	-0.0300215	-0.0126961	0.0759915	0.0879163	0.0327072	-0.0425143	0.0308876	0.0818344	0.0499595	0.014908	-0.0187612
-10.0322	1.41273	0.705086	0.529977	0.465793	0.397166	0.292216	0.235869	0.12109	0.150465	0.154149	0.0459174	-0.0153535	0.0842658	0.077882	0.0395461	0.0648894	0.165839	0.156006	0.14119	0.0523269	-0.0049872	0.000195271	0.0702197	0.0552817	0.0217186	-0.0137177	-0.0447015	0.0385588	0.0428871	-0.0382981	0.00226265	0.0578707	0.0564711	-0.0652918	-0.00562499	0.0722792	0.0492155	0.0490905	0.0109135
-10.1782	1.26015	0.585816	0.44011	0.455537	0.445453	0.331171	0.214149	0.13844	0.167146	0.214981	0.204362	0.100739	0.133407	0.211337	0.12679	0.117205	0.174279	0.202584	0.183836	0.0101116	-0.0671187	-0.0223408	0.109159	0.0874804	0.00923583	-0.0155919	-0.0468357	0.0231703	0.044653	-0.0163899	0.0837569	0.0692383	0.0823125	0.00548271	0.0710873	0.0811894	-0.0560407	-0.0755358	-0.0352123
-10.2519	1.17014	0.58096	0.35264	0.37764	0.36507	0.276508	0.196713	0.18604	0.245745	0.241998	0.26847	0.177645	0.141676	0.195048	0.132779	0.177304	0.201749	0.138585	0.0942961	0.0403999	0.0867732	0.078911	0.0879778	0.0177265	0.0237428	0.0454072	0.106309	0.089649	0.0585454	-0.00513776	0.0592525	0.0137024	0.115321	0.0886123	0.104292	0.0495356	-0.0711373	-0.0915679	-0.0361187
-10.1681	1.18543	0.587261	0.405681	0.393128	0.342586	0.268303	0.226591	0.239461	0.265754	0.181403	0.168287	0.166363	0.165576	0.171299	0.112584	0.126654	0.195302	0.167279	0.091483	0.0405801	0.105967	0.0296379	0.0668091	0.00379696	0.043525	0.0456339	0.100625	0.126143	0.055986	0.022807	0.0329709	0.0239556	0.100636	0.00848744	0.0531707	0.0454595	-0.0272054	-0.0536566	-0.0126543
-10.1383	1.20741	0.599489	0.400477	0.420125	0.354863	0.306057	0.239204	0.260941	0.264743	0.215524	0.142076	0.171951	0.190595	0.16559	0.0945995	0.0840633	0.106867	0.104858	0.0680105	0.060558	0.106016	-0.0152864	0.0766248	0.0146623	0.041982	0.037465	0.0486614	0.0462929	0.0345256	0.076434	0.0625515	0.0703998	0.129599	0.0296465	0.0414376	0.0240678	-0.00432019	-0.059594	0.0146253
-10.0134	1.2587	0.597279	0.430916	0.418286	0.328003	0.267129	0.208512	0.189921	0.212209	0.219822	0.14873	0.162452	0.18048	0.144866	0.0880741	0.099669	0.116577	0.13631	0.110163	0.0900529	0.0610057	0.025618	0.0860285	0.0223825	0.0435958	0.0337618	0.0558162	0.0878984	0.0565877	0.0790593	0.0154561	0.0263454	-0.0264432	-0.0611417	-0.0205588	0.0196922	0.0115773	-0.030758	0.00131783
-10.0345	1.21153	0.516907	0.314084	0.274032	0.258663	0.247822	0.185744	0.126003	0.167485	0.165464	0.151767	0.144472	0.144518	0.119002	0.0531928	0.146124	0.135365	0.105031	0.0997192	0.157964	0.102526	0.117884	0.137125	0.0377555	0.069862	0.094063	0.0968501	0.0756649	0.0192679	0.0744631	0.017913	0.0936045	0.0212896	0.0166661	-0.00683912	0.0234212	0.00936471	-0.0522796	0.0371642
-10.1585	1.18715	0.588161	0.31805	0.322161	0.308254	0.269261	0.197808	0.194448	0.260765	0.228035	0.199037	0.137124	0.106938	0.0763787	0.0685997	0.172916	0.118837	0.0757992	0.0920056	0.148323	0.0780794	0.0873264	0.0698004	0.0481934	0.0430181	-0.00065366	0.0806941	0.0433996	0.0517161	0.0529496	-0.0447599	0.0608843	0.0287525	0.0381774	-0.00203504	0.00818057	0.000851446	-0.00390127	0.0307293
-10.2125	1.15746	0.571546	0.330303	0.330351	0.316315	0.242919	0.190342	0.202255	0.218423	0.205571	0.172196	0.0937856	0.162285	0.189571	0.172931	0.161993	0.110884	0.117685	0.139098	0.0932337	0.0691351	0.0460824	0.064317	0.060577	0.0485375	0.00654554	0.11538	0.0479615	0.0743173	0.061132	0.0284089	0.0970012	0.0403121	0.0450646	0.0263032	-0.00242174	-0.0257646	-0.0112387	-0.00241644
-9.95543	1.27263	0.530619	0.349152	0.294616	0.24418	0.214157	0.19129	0.202573	0.190745	0.177895	0.185205	0.140261	0.177081	0.163538	0.158594	0.152459	0.153917	0.150813	0.124267	0.0889464	0.138857	0.084742	0.119045	0.0791271	0.0921353	0.0636638	0.0727176	0.0535074	0.0443131	0.0352916	0.0161993	0.0602052	0.0132635	0.0303646	0.0113967	0.0182575	0.0334869	-0.0297358	-0.000576166
-9.96628	1.30396	0.575823	0.407921	0.400317	0.328697	0.256679	0.244497	0.240136	0.28716	0.199428	0.213835	0.147896	0.159746	0.161796	0.166446	0.134707	0.127396	0.142959	0.107434	0.10821	0.13017	0.0533577	0.0582621	0.0104009	0.0599987	0.069412	0.0614428	0.0317498	0.0225827	-0.00268575	0.0175858	0.0725541	0.00863629	0.0223964	-0.018151	0.00905436	-0.0292422	-0.045482	-0.029406
-10.0148	1.30514	0.571888	0.410439	0.341056	0.341672	0.285072	0.267758	0.240417	0.269808	0.214335	0.199757	0.188359	0.189899	0.164566	0.175606	0.18805	0.155532	0.121362	0.108829	0.113063	0.100089	0.0810132	0.0643993	0.0426328	0.0499732	0.0472913	0.0246206	0.0284757	0.0661162	0.0482032	0.00904673	0.0362199	0.0453921	0.0629949	-0.0118345	0.0238438	-0.00183049	0.0208882	-0.0605021
-9.55691	1.57344	0.500911	0.468606	0.309666	0.318322	0.237378	0.226826	0.247703	0.197264	0.192718	0.141404	0.162952	0.157221	0.203227	0.175458	0.0754016	0.0447233	0.0517862	0.0954136	0.0844292	0.0580918	0.0573502	0.07551	0.0638191	0.0257827	2.65202e-05	0.0150599	0.0089084	0.0650797	0.0831223	-0.0073427	0.0223702	0.0387737	-0.0458405	-0.0942722	0.0042598	0.000934953	-0.00402677	-0.00233134
-9.33002	1.61593	0.463462	0.468189	0.280035	0.288346	0.21616	0.190966	0.230932	0.148399	0.175302	0.104486	0.135475	0.111184	0.172966	0.127525	0.042091	0.0233094	0.0279618	0.0746071	0.0473597	0.044226	0.0141721	0.0680561	0.0230085	0.0192496	-0.0291766	0.020107	-0.00395476	0.0351139	0.0705231	-0.0380326	0.00708267	0.0346119	-0.0390297	-0.062937	0.00786808	0.00281113	-0.0108602	0.0172088
