5.318850000000000300e+00
5.318850000000000300e+00
5.318850000000000300e+00
5.318850000000000300e+00
5.318850000000000300e+00
5.318850000000000300e+00
5.318850000000000300e+00
5.318850000000000300e+00
5.318850000000000300e+00
5.318850000000000300e+00
5.318850000000000300e+00
5.318850000000000300e+00
5.318850000000000300e+00
5.318850000000000300e+00
5.318850000000000300e+00
5.318850000000000300e+00
5.318850000000000300e+00
5.318850000000000300e+00
5.318850000000000300e+00
5.318850000000000300e+00
5.318850000000000300e+00
5.318850000000000300e+00
5.318850000000000300e+00
5.318850000000000300e+00
5.318850000000000300e+00
5.318850000000000300e+00
5.318850000000000300e+00
5.318850000000000300e+00
5.318850000000000300e+00
5.318850000000000300e+00
5.314669999999999561e+00
5.308019999999999960e+00
5.272700000000000387e+00
5.314729999999999954e+00
5.328369999999999607e+00
5.339389999999999858e+00
5.349520000000000053e+00
5.355889999999999596e+00
5.357109999999999594e+00
5.356029999999999625e+00
5.355769999999999698e+00
5.357540000000000191e+00
5.360809999999999853e+00
5.364279999999999937e+00
5.366460000000000008e+00
5.366789999999999949e+00
5.365789999999999615e+00
5.363819999999999588e+00
5.360850000000000115e+00
5.356810000000000294e+00
5.352100000000000080e+00
5.347760000000000069e+00
5.343549999999999578e+00
5.338370000000000282e+00
5.331730000000000302e+00
5.318069999999999631e+00
5.259549999999999947e+00
5.253940000000000055e+00
5.253510000000000346e+00
5.245540000000000092e+00
5.234230000000000160e+00
5.224120000000000097e+00
5.213849999999999874e+00
5.202860000000000262e+00
5.193240000000000300e+00
5.197600000000000442e+00
5.432780000000000165e+00
5.427030000000000243e+00
5.414539999999999687e+00
5.403109999999999857e+00
5.397870000000000168e+00
5.396989999999999732e+00
5.397809999999999775e+00
5.398769999999999847e+00
5.399549999999999628e+00
5.400920000000000165e+00
5.404359999999999609e+00
5.410890000000000200e+00
5.419550000000000090e+00
5.429000000000000270e+00
5.438559999999999839e+00
5.448730000000000295e+00
5.459550000000000125e+00
5.470390000000000086e+00
5.480450000000000266e+00
5.489749999999999908e+00
5.498199999999999754e+00
5.506099999999999994e+00
5.513560000000000016e+00
5.520749999999999602e+00
5.527989999999999959e+00
5.536010000000000097e+00
5.544579999999999842e+00
5.552679999999999616e+00
5.559070000000000178e+00
5.563500000000000334e+00
5.564829999999999721e+00
5.560299999999999798e+00
5.543289999999999829e+00
5.512459999999999916e+00
5.490079999999999849e+00
5.478340000000000209e+00
5.468549999999999578e+00
5.458949999999999747e+00
5.468110000000000248e+00
5.526640000000000441e+00
5.546369999999999578e+00
5.554030000000000022e+00
5.553219999999999601e+00
5.546400000000000219e+00
5.535079999999999778e+00
5.520260000000000389e+00
5.503820000000000157e+00
5.488220000000000098e+00
5.475150000000000183e+00
5.463460000000000427e+00
5.482148000000000465e+00
5.500836000000000503e+00
5.519524000000000541e+00
5.538212000000000579e+00
5.556900000000000617e+00
5.575587999999999766e+00
5.594275999999999804e+00
5.612963999999999842e+00
5.631651999999999880e+00
5.650339999999999918e+00
5.629760000000000097e+00
5.611979999999999968e+00
5.596090000000000231e+00
5.582089999999999996e+00
5.568590000000000373e+00
5.555159999999999876e+00
5.544019999999999726e+00
5.536139999999999617e+00
5.529110000000000191e+00
5.520900000000000141e+00
5.510819999999999830e+00
5.501269999999999882e+00
5.492530000000000356e+00
5.484960000000000058e+00
5.477100000000000080e+00
5.470089999999999897e+00
5.462850000000000428e+00
5.456059999999999910e+00
5.448699999999999655e+00
5.441390000000000171e+00
5.432909999999999684e+00
5.421800000000000175e+00
5.409309999999999619e+00
5.402470000000000105e+00
5.404980000000000118e+00
5.412869999999999848e+00
5.420639999999999681e+00
5.426149999999999807e+00
5.429739999999999789e+00
5.432310000000000194e+00
5.434919999999999973e+00
5.438430000000000319e+00
5.443089999999999762e+00
5.448199999999999932e+00
5.452469999999999928e+00
5.454620000000000246e+00
5.453700000000000436e+00
5.449419999999999931e+00
5.442919999999999980e+00
5.436340000000000394e+00
5.430830000000000268e+00
5.425510000000000055e+00
5.419859999999999900e+00
5.414629999999999832e+00
5.410599999999999632e+00
5.407619999999999649e+00
5.404779999999999696e+00
5.401510000000000034e+00
5.397840000000000416e+00
5.394519999999999982e+00
5.392369999999999663e+00
5.390649999999999942e+00
5.387699999999999712e+00
5.381999999999999673e+00
5.372329999999999828e+00
5.358920000000000350e+00
5.344599999999999795e+00
5.329209999999999781e+00
5.310100000000000264e+00
5.289419999999999789e+00
5.272649999999999615e+00
5.264319999999999666e+00
5.294014999999999915e+00
5.323710000000000164e+00
5.353405000000000413e+00
5.383099999999999774e+00
5.412795000000000023e+00
5.442490000000000272e+00
5.415610000000000035e+00
5.398069999999999702e+00
5.386230000000000295e+00
5.377119999999999678e+00
5.369670000000000165e+00
5.362879999999999647e+00
5.355710000000000193e+00
5.348090000000000011e+00
5.340119999999999756e+00
5.332060000000000244e+00
5.321220000000000283e+00
5.302050000000000374e+00
5.277420000000000222e+00
5.260959999999999859e+00
5.250259999999999927e+00
5.243170000000000108e+00
5.238209999999999589e+00
5.233769999999999811e+00
5.228290000000000326e+00
5.221630000000000216e+00
5.216190000000000104e+00
5.218119999999999870e+00
5.240610000000000213e+00
5.296529999999999738e+00
5.302120000000000388e+00
5.287840000000000096e+00
5.277650000000000396e+00
5.269809999999999661e+00
5.262030000000000207e+00
5.253650000000000375e+00
5.245589999999999975e+00
5.238520000000000287e+00
5.232400000000000162e+00
5.225999999999999979e+00
5.217909999999999826e+00
5.208260000000000112e+00
5.200660000000000061e+00
5.197689999999999699e+00
5.199220000000000397e+00
5.207010000000000360e+00
5.232599999999999696e+00
5.246520000000000294e+00
5.251129999999999853e+00
5.256540000000000212e+00
5.264786400000000199e+00
5.273032800000000186e+00
5.281279200000000174e+00
5.289525600000000161e+00
5.297772000000000148e+00
5.306018400000000135e+00
5.314264800000000122e+00
5.322511200000000109e+00
5.330757600000000096e+00
5.339004000000000083e+00
5.347250400000000070e+00
5.355496800000000057e+00
5.363743200000000044e+00
5.371989600000000031e+00
5.380236000000000018e+00
5.388482400000000005e+00
5.396728799999999993e+00
5.404975199999999980e+00
5.413221599999999967e+00
5.421467999999999954e+00
5.429714399999999941e+00
5.437960799999999928e+00
5.446207199999999915e+00
5.454453599999999902e+00
5.462699999999999889e+00
5.460110000000000241e+00
5.458129999999999704e+00
5.458680000000000199e+00
5.461059999999999803e+00
5.464109999999999800e+00
5.466310000000000002e+00
5.466269999999999740e+00
5.463729999999999976e+00
5.459520000000000373e+00
5.454360000000000319e+00
5.448089999999999655e+00
5.440979999999999706e+00
5.430019999999999847e+00
5.411340000000000039e+00
5.386470000000000091e+00
5.371879999999999988e+00
5.363139999999999574e+00
5.356849999999999667e+00
5.351689999999999614e+00
5.347199999999999953e+00
5.342859999999999943e+00
5.338989999999999903e+00
5.336159999999999570e+00
5.335370000000000168e+00
5.339199999999999946e+00
5.350080000000000169e+00
5.364729999999999777e+00
5.382130000000000081e+00
5.388560000000000016e+00
5.388419999999999987e+00
5.383600000000000385e+00
5.371979999999999755e+00
5.355830000000000091e+00
5.334839999999999804e+00
5.315100000000000158e+00
5.298580000000000290e+00
5.283269999999999911e+00
5.268609999999999793e+00
5.253079999999999750e+00
5.234440000000000204e+00
5.215589999999999726e+00
5.199329999999999785e+00
5.183530000000000193e+00
5.168720000000000425e+00
5.156880000000000130e+00
5.150780000000000136e+00
5.148600000000000065e+00
5.147479999999999833e+00
5.146230000000000082e+00
5.144700000000000273e+00
5.144059999999999633e+00
5.145629999999999704e+00
5.160645999999999844e+00
5.175661999999999985e+00
5.190678000000000125e+00
5.205694000000000266e+00
5.220710000000000406e+00
5.224230000000000373e+00
5.226189999999999891e+00
5.226140000000000008e+00
5.223460000000000214e+00
5.218410000000000437e+00
5.213680000000000092e+00
5.210040000000000227e+00
5.206109999999999793e+00
5.201019999999999754e+00
5.195199999999999818e+00
5.190629999999999633e+00
5.187359999999999971e+00
5.183589999999999698e+00
5.177749999999999631e+00
5.171710000000000029e+00
4.806639999999999802e+00
4.441569999999999574e+00
4.435120000000000395e+00
4.429990000000000094e+00
4.427349999999999675e+00
4.433379999999999654e+00
4.458849999999999980e+00
4.457749999999999879e+00
4.455049999999999955e+00
4.452079999999999593e+00
4.449440000000000062e+00
4.447000000000000064e+00
4.445249999999999702e+00
4.445719999999999672e+00
4.450079999999999814e+00
4.456710000000000171e+00
4.464159999999999684e+00
4.469829999999999970e+00
4.470830000000000304e+00
4.466859999999999609e+00
4.458739999999999704e+00
4.451159999999999783e+00
4.443270000000000053e+00
4.433729999999999727e+00
4.497320000000000206e+00
4.496220000000000105e+00
4.493769999999999598e+00
4.550040000000000084e+00
4.547589999999999577e+00
4.546560000000000379e+00
4.546560000000000379e+00
4.546560000000000379e+00
4.546560000000000379e+00
4.546560000000000379e+00
4.546560000000000379e+00
4.546560000000000379e+00
4.546560000000000379e+00
4.546560000000000379e+00
4.546560000000000379e+00
4.546560000000000379e+00
4.546560000000000379e+00
4.546560000000000379e+00
4.546560000000000379e+00
4.546560000000000379e+00
4.546560000000000379e+00
4.546560000000000379e+00
4.546560000000000379e+00
4.546560000000000379e+00
4.546560000000000379e+00
4.546560000000000379e+00
4.546560000000000379e+00
4.546560000000000379e+00
4.546560000000000379e+00
4.546560000000000379e+00
4.546560000000000379e+00
4.546560000000000379e+00
4.546560000000000379e+00
4.546560000000000379e+00
4.546560000000000379e+00
4.546560000000000379e+00
4.546560000000000379e+00
4.546560000000000379e+00
4.546560000000000379e+00
4.546560000000000379e+00
4.546560000000000379e+00
4.546560000000000379e+00
4.546560000000000379e+00
4.546560000000000379e+00
4.546560000000000379e+00
4.546560000000000379e+00
4.546560000000000379e+00
4.546560000000000379e+00
4.546560000000000379e+00
4.546560000000000379e+00
4.546560000000000379e+00
4.546560000000000379e+00
4.546560000000000379e+00
4.546560000000000379e+00
4.546560000000000379e+00
4.546560000000000379e+00
4.546560000000000379e+00
4.546560000000000379e+00
4.546560000000000379e+00
4.546560000000000379e+00
4.546560000000000379e+00
