-1e+10
-1e+10
-1e+10
-1e+10
-1e+10
-1e+10
-1e+10
-1e+10
-1e+10
-1e+10
-1e+10
-1e+10
-1e+10
-1e+10
-1e+10
-1e+10
-1e+10
-1e+10
-1e+10
-1e+10
-1e+10
-1e+10
-1e+10
-1e+10
-1e+10
-1e+10
-1e+10
-1e+10
-1e+10
-1e+10
-1e+10
-1e+10
-1e+10
-1e+10
-1e+10
-1e+10
-1e+10
5.48825
5.49991
5.5102
5.51884
5.52604
5.5331
5.54056
5.55185
5.56875
5.5815
5.58634
5.58751
5.58732
-1e+10
-1e+10
-1e+10
-1e+10
-1e+10
-1e+10
-1e+10
-1e+10
-1e+10
-1e+10
-1e+10
-1e+10
5.58956
5.59072
5.5993
5.62022
5.67579
5.69086
5.69573
5.69426
5.68868
5.67943
5.66667
5.65094
5.63408
5.61739
5.60312
5.59297
5.58477
5.57796
5.57613
5.58377
5.60145
5.62386
5.64143
5.65035
5.6545
5.65891
5.66582
5.67388
5.68009
5.68208
5.67906
5.66998
5.64965
5.6
5.4983
5.43571
5.40065
5.3603
5.31975
5.29411
5.28816
5.30276
5.33592
5.37399
-1e+10
-1e+10
-1e+10
-1e+10
5.31261
5.30369
5.2954
5.28334
5.26741
5.24966
5.22434
5.2003
5.18565
5.16794
5.14132
5.12954
5.12439
5.12134
5.11936
5.11791
5.11362
5.1021
5.09681
5.09707
5.1
5.10396
-1e+10
4.45266
4.45557
4.45658
4.34087
4.34108
4.34833
4.3673
4.36731
4.36636
-1e+10
-1e+10
-1e+10
4.18773
4.18706
4.18697
-1e+10
-1e+10
-1e+10
-1e+10
-1e+10
-1e+10
-1e+10
-1e+10
-1e+10
-1e+10
-1e+10
-1e+10
-1e+10
-1e+10
-1e+10
-1e+10
-1e+10
-1e+10
-1e+10
-1e+10
-1e+10
-1e+10
-1e+10
-1e+10
-1e+10
-1e+10
-1e+10
-1e+10
-1e+10
-1e+10
-1e+10
-1e+10
-1e+10
-1e+10
-1e+10
-1e+10
-1e+10
-1e+10
-1e+10
-1e+10
-1e+10
-1e+10
-1e+10
-1e+10
-1e+10
-1e+10
-1e+10
-1e+10
-1e+10
-1e+10
-1e+10
-1e+10
-1e+10
-1e+10
-1e+10
-1e+10
-1e+10
-1e+10
-1e+10
-1e+10
-1e+10
-1e+10
-1e+10
-1e+10
-1e+10
-1e+10
-1e+10
-1e+10
-1e+10
-1e+10
5.38333
5.38449
5.38454
5.38321
5.37785
5.36385
5.35467
5.35796
5.36415
5.37082
5.37624
5.38046
5.38436
5.38795
5.39118
5.39408
5.3967
5.39878
5.39762
5.39539
5.39539
5.39668
5.39831
5.39894
5.39776
5.39473
5.39106
5.38716
5.38249
5.3773
5.37183
5.36597
5.36099
5.35538
5.34878
5.33967
5.32901
5.26034
-1e+10
-1e+10
-1e+10
-1e+10
-1e+10
-1e+10
-1e+10
-1e+10
-1e+10
-1e+10
-1e+10
-1e+10
-1e+10
-1e+10
-1e+10
-1e+10
-1e+10
-1e+10
-1e+10
-1e+10
-1e+10
-1e+10
-1e+10
5.36978
5.35325
5.34068
5.32585
5.30797
5.28853
5.26804
5.24931
5.2345
5.22364
-1e+10
-1e+10
-1e+10
-1e+10
-1e+10
-1e+10
-1e+10
-1e+10
-1e+10
-1e+10
-1e+10
-1e+10
-1e+10
-1e+10
-1e+10
5.35983
5.31381
5.29301
5.28784
5.28489
5.28093
5.27441
5.26482
5.25461
5.24909
5.25076
5.25344
5.25176
5.24595
5.23883
5.23204
5.22531
5.21887
5.21461
5.21586
5.22638
5.24329
5.25359
5.22526
5.2142
5.20929
5.20513
5.22845
5.24863
5.2672
5.28921
5.30515
5.31012
5.29855
5.27495
5.2508
5.23267
5.22625
5.23138
5.24551
5.2626
5.27412
5.27989
5.28293
5.28468
5.28537
5.28469
5.28274
5.28026
5.27814
5.27666
5.2753
5.27363
5.27158
5.26929
5.26688
5.26462
5.2623
5.25949
5.25596
5.25212
5.2486
5.24483
5.23975
5.23326
5.22625
5.22014
5.21429
5.20835
5.20407
5.20781
-1e+10
4.13726
4.14656
4.1484
4.14515
4.11663
4.11749
4.50329
4.50806
4.51273
4.51646
4.51484
4.49759
4.49316
4.57589
4.56278
4.53225
4.52343
4.52315
4.52287
4.51482
5.19323
5.18244
5.17355
5.16779
5.16419
5.16353
5.16755
-1e+10
-1e+10
-1e+10
-1e+10
-1e+10
-1e+10
-1e+10
-1e+10
-1e+10
-1e+10
-1e+10
-1e+10
-1e+10
-1e+10
-1e+10
-1e+10
-1e+10
-1e+10
-1e+10
-1e+10
-1e+10
-1e+10
-1e+10
-1e+10
-1e+10
-1e+10
-1e+10
-1e+10
-1e+10
-1e+10
-1e+10
-1e+10
-1e+10
-1e+10
-1e+10
-1e+10
-1e+10
-1e+10
-1e+10
-1e+10
-1e+10
-1e+10
-1e+10
-1e+10
-1e+10
-1e+10
-1e+10
-1e+10
-1e+10
-1e+10
-1e+10
-1e+10
-1e+10
-1e+10
-1e+10
-1e+10
-1e+10
-1e+10
-1e+10
-1e+10
-1e+10
-1e+10
