1.209849999999999909e+03
1.209849999999999909e+03
1.209849999999999909e+03
1.209849999999999909e+03
1.209849999999999909e+03
1.209849999999999909e+03
1.209849999999999909e+03
1.209849999999999909e+03
1.209849999999999909e+03
1.209849999999999909e+03
1.209849999999999909e+03
1.209849999999999909e+03
1.209849999999999909e+03
1.209849999999999909e+03
1.209849999999999909e+03
1.209849999999999909e+03
1.209849999999999909e+03
1.209849999999999909e+03
1.209849999999999909e+03
1.209849999999999909e+03
1.209849999999999909e+03
1.209849999999999909e+03
1.209849999999999909e+03
1.209849999999999909e+03
1.209849999999999909e+03
1.209849999999999909e+03
1.209849999999999909e+03
1.209849999999999909e+03
1.209849999999999909e+03
1.209849999999999909e+03
1.209849999999999909e+03
1.209849999999999909e+03
1.209849999999999909e+03
1.209849999999999909e+03
1.209849999999999909e+03
1.209849999999999909e+03
1.209849999999999909e+03
1.209849999999999909e+03
1.209849999999999909e+03
1.209849999999999909e+03
1.209849999999999909e+03
1.209849999999999909e+03
1.209849999999999909e+03
1.209849999999999909e+03
1.209849999999999909e+03
1.209849999999999909e+03
1.209849999999999909e+03
1.209849999999999909e+03
1.209849999999999909e+03
1.209849999999999909e+03
1.209849999999999909e+03
1.209849999999999909e+03
1.209849999999999909e+03
1.286170000000000073e+03
1.286170000000000073e+03
1.562500000000000000e+03
4.951189999999999600e+03
5.515619999999999891e+03
7.097359999999999673e+03
5.515619999999999891e+03
5.515619999999999891e+03
5.515619999999999891e+03
6.110060000000000400e+03
3.531250000000000000e+03
3.531250000000000000e+03
1.608700000000000045e+03
1.550079999999999927e+03
1.578880909090908972e+03
1.607681818181818244e+03
1.636482727272727288e+03
1.665283636363636333e+03
1.694084545454545378e+03
1.722885454545454650e+03
1.751686363636363694e+03
1.780487272727272739e+03
1.809288181818181783e+03
1.838089090909091055e+03
1.866890000000000100e+03
2.448420000000000073e+03
5.218750000000000000e+03
5.537670000000000073e+03
5.953119999999999891e+03
5.953119999999999891e+03
5.953119999999999891e+03
5.953119999999999891e+03
5.953119999999999891e+03
6.057680000000000291e+03
6.057680000000000291e+03
2.161409999999999854e+03
2.296880000000000109e+03
2.265619999999999891e+03
2.161409999999999854e+03
1.750000000000000000e+03
1.750000000000000000e+03
1.480069999999999936e+03
1.390599999999999909e+03
1.379623333333333221e+03
1.368646666666666533e+03
1.357669999999999845e+03
1.346693333333333157e+03
1.335716666666666697e+03
1.324740000000000009e+03
1.313763333333333321e+03
1.302786666666666633e+03
1.291809999999999945e+03
1.280833333333333258e+03
1.269856666666666570e+03
1.258879999999999882e+03
1.247903333333333194e+03
1.236926666666666506e+03
1.225949999999999818e+03
1.214973333333333358e+03
1.203996666666666670e+03
1.193019999999999982e+03
1.182043333333333294e+03
1.171066666666666606e+03
1.160089999999999918e+03
1.149113333333333230e+03
1.138136666666666542e+03
1.127159999999999854e+03
1.116183333333333394e+03
1.105206666666666706e+03
1.094230000000000018e+03
1.083253333333333330e+03
1.072276666666666642e+03
1.061299999999999955e+03
1.117500000000000000e+03
1.553069999999999936e+03
1.553069999999999936e+03
2.364730000000000018e+03
2.969539999999999964e+03
4.316199999999999818e+03
6.297529999999999745e+03
6.355750000000000000e+03
7.207970000000000255e+03
7.593750000000000000e+03
7.600199999999999818e+03
7.600199999999999818e+03
7.607020000000000437e+03
7.600199999999999818e+03
7.607020000000000437e+03
5.992899999999999636e+03
5.992899999999999636e+03
5.940920000000000073e+03
5.550329999999999927e+03
5.502100000000000364e+03
4.384340000000000146e+03
3.812500000000000000e+03
2.053980000000000018e+03
1.386839999999999918e+03
1.386839999999999918e+03
1.386839999999999918e+03
1.280450000000000045e+03
1.410430000000000064e+03
1.432079999999999927e+03
1.410430000000000064e+03
1.250000000000000000e+03
1.787002222222222372e+03
2.324004444444444744e+03
2.861006666666666661e+03
3.398008888888889032e+03
3.935011111111111404e+03
4.472013333333333321e+03
5.009015555555555693e+03
5.546017777777778065e+03
6.083020000000000437e+03
6.531250000000000000e+03
6.552649999999999636e+03
6.790270000000000437e+03
6.790270000000000437e+03
6.552649999999999636e+03
7.762039999999999964e+03
3.875000000000000000e+03
3.875000000000000000e+03
3.875000000000000000e+03
3.875000000000000000e+03
2.611429999999999836e+03
1.322089999999999918e+03
1.317380000000000109e+03
1.158339999999999918e+03
1.125000000000000000e+03
1.074799999999999955e+03
1.027180000000000064e+03
1.027810454545454604e+03
1.028440909090909145e+03
1.029071363636363685e+03
1.029701818181818226e+03
1.030332272727272766e+03
1.030962727272727307e+03
1.031593181818181847e+03
1.032223636363636388e+03
1.032854090909090928e+03
1.033484545454545469e+03
1.034115000000000009e+03
1.034745454545454550e+03
1.035375909090909090e+03
1.036006363636363631e+03
1.036636818181818171e+03
1.037267272727272712e+03
1.037897727272727252e+03
1.038528181818181793e+03
1.039158636363636333e+03
1.039789090909090874e+03
1.040419545454545414e+03
1.041050000000000182e+03
1.041680454545454722e+03
1.042310909090909263e+03
1.042941363636363803e+03
1.043571818181818344e+03
1.044202272727272884e+03
1.044832727272727425e+03
1.045463181818181965e+03
1.046093636363636506e+03
1.046724090909091046e+03
1.047354545454545587e+03
1.047985000000000127e+03
1.048615454545454668e+03
1.049245909090909208e+03
1.049876363636363749e+03
1.050506818181818289e+03
1.051137272727272830e+03
1.051767727272727370e+03
1.052398181818181911e+03
1.053028636363636451e+03
1.053659090909090992e+03
1.054289545454545532e+03
1.054920000000000073e+03
1.163109999999999900e+03
3.421880000000000109e+03
4.159010000000000218e+03
6.064039999999999964e+03
6.064039999999999964e+03
6.227100000000000364e+03
6.428840000000000146e+03
6.428840000000000146e+03
6.499720000000000255e+03
7.153250000000000000e+03
7.153250000000000000e+03
7.153250000000000000e+03
7.201800000000000182e+03
7.665350000000000364e+03
7.665350000000000364e+03
7.665350000000000364e+03
7.683789999999999964e+03
7.093750000000000000e+03
5.738949999999999818e+03
4.796100000000000364e+03
4.670670000000000073e+03
4.670670000000000073e+03
3.578969999999999800e+03
4.479649999999999636e+03
4.450489999999999782e+03
4.450489999999999782e+03
4.450489999999999782e+03
4.479649999999999636e+03
4.450489999999999782e+03
3.704250000000000000e+03
1.603579999999999927e+03
1.603579999999999927e+03
1.603579999999999927e+03
2.300250000000000000e+03
5.540649999999999636e+03
6.233460000000000036e+03
6.847180000000000291e+03
6.847180000000000291e+03
6.847180000000000291e+03
6.921880000000000109e+03
7.100890000000000327e+03
6.921880000000000109e+03
5.875250000000000000e+03
6.461579999999999927e+03
6.461579999999999927e+03
6.461579999999999927e+03
6.542970000000000255e+03
7.558750000000000000e+03
7.564720000000000255e+03
7.564720000000000255e+03
7.564720000000000255e+03
7.596229999999999563e+03
7.564720000000000255e+03
7.404640000000000327e+03
7.742739999999999782e+03
7.404640000000000327e+03
7.404640000000000327e+03
7.390619999999999891e+03
7.390619999999999891e+03
6.172100000000000364e+03
6.096109999999999673e+03
4.709250000000000000e+03
4.709250000000000000e+03
5.781250000000000000e+03
6.096109999999999673e+03
6.132520000000000437e+03
6.302350000000000364e+03
7.641800000000000182e+03
6.302350000000000364e+03
6.302350000000000364e+03
6.271930000000000291e+03
6.271930000000000291e+03
5.987270000000000437e+03
6.007500000000000000e+03
6.271930000000000291e+03
6.007500000000000000e+03
5.361359999999999673e+03
6.007500000000000000e+03
7.644130000000000109e+03
7.648210000000000036e+03
7.648210000000000036e+03
7.648210000000000036e+03
7.820420000000000073e+03
7.811989999999999782e+03
6.965420000000000073e+03
6.965420000000000073e+03
6.965420000000000073e+03
6.295199999999999818e+03
6.295199999999999818e+03
6.295199999999999818e+03
6.786170000000000073e+03
6.786170000000000073e+03
6.786170000000000073e+03
6.753859999999999673e+03
4.324930000000000291e+03
4.312500000000000000e+03
4.312500000000000000e+03
3.560769999999999982e+03
3.560769999999999982e+03
3.374829999999999927e+03
2.921880000000000109e+03
2.573099999999999909e+03
2.573099999999999909e+03
3.374829999999999927e+03
4.093750000000000000e+03
7.652579999999999927e+03
7.652579999999999927e+03
7.652579999999999927e+03
7.519430000000000291e+03
6.764279999999999745e+03
6.207319999999999709e+03
4.180930000000000291e+03
4.180930000000000291e+03
3.088079999999999927e+03
3.757630000000000109e+03
3.757630000000000109e+03
3.757630000000000109e+03
2.912820000000000164e+03
3.602610000000000127e+03
2.912820000000000164e+03
2.881409999999999854e+03
2.861679999999999836e+03
2.485670000000000073e+03
1.043250000000000000e+03
1.043250000000000000e+03
1.027500000000000000e+03
1.007029999999999973e+03
1.016283846153846071e+03
1.025537692307692168e+03
1.034791538461538494e+03
1.044045384615384592e+03
1.053299230769230689e+03
1.062553076923076787e+03
1.071806923076923113e+03
1.081060769230769210e+03
1.090314615384615308e+03
1.099568461538461406e+03
1.108822307692307731e+03
1.118076153846153829e+03
1.127329999999999927e+03
1.155829999999999927e+03
4.415460000000000036e+03
4.978680000000000291e+03
4.978680000000000291e+03
4.842840000000000146e+03
4.842840000000000146e+03
4.842840000000000146e+03
4.842840000000000146e+03
4.187500000000000000e+03
4.968750000000000000e+03
5.375000000000000000e+03
5.406489999999999782e+03
5.406489999999999782e+03
6.937500000000000000e+03
7.310500000000000000e+03
7.348390000000000327e+03
7.718750000000000000e+03
7.469699999999999818e+03
7.469699999999999818e+03
7.469699999999999818e+03
7.469699999999999818e+03
7.469699999999999818e+03
7.507560000000000400e+03
7.507560000000000400e+03
7.308270000000000437e+03
7.291399999999999636e+03
4.266119999999999891e+03
4.161420000000000073e+03
3.614079999999999927e+03
3.776210000000000036e+03
3.938340000000000146e+03
4.100470000000000255e+03
4.262600000000000364e+03
5.169010000000000218e+03
5.169260000000000218e+03
5.169260000000000218e+03
5.169010000000000218e+03
5.169010000000000218e+03
5.092079999999999927e+03
3.585940000000000055e+03
2.538030000000000200e+03
2.527760000000000218e+03
2.247070000000000164e+03
2.173099999999999909e+03
1.834730000000000018e+03
1.834730000000000018e+03
1.711029999999999973e+03
1.711029999999999973e+03
1.834730000000000018e+03
2.207030000000000200e+03
2.207030000000000200e+03
2.210940000000000055e+03
2.207030000000000200e+03
2.077550000000000182e+03
2.077550000000000182e+03
2.077550000000000182e+03
2.077550000000000182e+03
2.077550000000000182e+03
2.077550000000000182e+03
2.077550000000000182e+03
2.077550000000000182e+03
2.077550000000000182e+03
2.077550000000000182e+03
2.077550000000000182e+03
2.077550000000000182e+03
2.077550000000000182e+03
2.077550000000000182e+03
2.077550000000000182e+03
2.077550000000000182e+03
2.077550000000000182e+03
2.077550000000000182e+03
2.077550000000000182e+03
2.077550000000000182e+03
2.077550000000000182e+03
2.077550000000000182e+03
2.077550000000000182e+03
2.077550000000000182e+03
2.077550000000000182e+03
2.077550000000000182e+03
2.077550000000000182e+03
2.077550000000000182e+03
2.077550000000000182e+03
2.077550000000000182e+03
2.077550000000000182e+03
2.077550000000000182e+03
2.077550000000000182e+03
2.077550000000000182e+03
2.077550000000000182e+03
2.077550000000000182e+03
2.077550000000000182e+03
2.077550000000000182e+03
2.077550000000000182e+03
2.077550000000000182e+03
2.077550000000000182e+03
2.077550000000000182e+03
2.077550000000000182e+03
2.077550000000000182e+03
2.077550000000000182e+03
2.077550000000000182e+03
2.077550000000000182e+03
2.077550000000000182e+03
2.077550000000000182e+03
2.077550000000000182e+03
2.077550000000000182e+03
2.077550000000000182e+03
2.077550000000000182e+03
2.077550000000000182e+03
2.077550000000000182e+03
2.077550000000000182e+03
2.077550000000000182e+03
2.077550000000000182e+03
2.077550000000000182e+03
2.077550000000000182e+03
2.077550000000000182e+03
2.077550000000000182e+03
2.077550000000000182e+03
2.077550000000000182e+03
2.077550000000000182e+03
2.077550000000000182e+03
2.077550000000000182e+03
2.077550000000000182e+03
2.077550000000000182e+03
2.077550000000000182e+03
2.077550000000000182e+03
2.077550000000000182e+03
2.077550000000000182e+03
2.077550000000000182e+03
2.077550000000000182e+03
2.077550000000000182e+03
2.077550000000000182e+03
