1.026220000000000027e+03
1.026220000000000027e+03
1.026220000000000027e+03
1.026220000000000027e+03
1.026220000000000027e+03
1.026220000000000027e+03
1.026220000000000027e+03
1.026220000000000027e+03
1.026220000000000027e+03
1.026220000000000027e+03
1.026220000000000027e+03
1.026220000000000027e+03
1.026220000000000027e+03
1.026220000000000027e+03
1.026220000000000027e+03
1.026220000000000027e+03
1.026220000000000027e+03
1.026220000000000027e+03
1.026220000000000027e+03
1.026220000000000027e+03
1.026220000000000027e+03
1.026220000000000027e+03
1.026220000000000027e+03
1.026220000000000027e+03
1.026220000000000027e+03
1.026220000000000027e+03
1.026220000000000027e+03
1.026220000000000027e+03
1.026220000000000027e+03
1.026220000000000027e+03
1.026220000000000027e+03
1.026220000000000027e+03
1.026220000000000027e+03
1.026220000000000027e+03
1.026220000000000027e+03
1.026220000000000027e+03
1.026220000000000027e+03
1.026220000000000027e+03
1.026220000000000027e+03
1.026220000000000027e+03
1.026220000000000027e+03
1.026220000000000027e+03
1.026220000000000027e+03
1.026220000000000027e+03
1.026220000000000027e+03
1.026220000000000027e+03
1.026220000000000027e+03
1.026220000000000027e+03
1.026220000000000027e+03
1.093750000000000000e+03
2.126699999999999818e+03
2.126699999999999818e+03
2.126699999999999818e+03
1.048940000000000055e+03
1.051139310344827663e+03
1.053338620689655272e+03
1.055537931034482881e+03
1.057737241379310490e+03
1.059936551724137871e+03
1.062135862068965480e+03
1.064335172413793089e+03
1.066534482758620697e+03
1.068733793103448306e+03
1.070933103448275915e+03
1.073132413793103524e+03
1.075331724137931133e+03
1.077531034482758741e+03
1.079730344827586350e+03
1.081929655172413732e+03
1.084128965517241340e+03
1.086328275862068949e+03
1.088527586206896558e+03
1.090726896551724167e+03
1.092926206896551776e+03
1.095125517241379384e+03
1.097324827586206993e+03
1.099524137931034602e+03
1.101723448275862211e+03
1.103922758620689592e+03
1.106122068965517201e+03
1.108321379310344810e+03
1.110520689655172418e+03
1.112720000000000027e+03
1.385700000000000045e+03
3.518340000000000146e+03
3.674519999999999982e+03
5.765970000000000255e+03
5.765970000000000255e+03
5.765970000000000255e+03
6.412260000000000218e+03
6.501210000000000036e+03
7.785039999999999964e+03
7.796880000000000109e+03
7.796880000000000109e+03
7.796880000000000109e+03
6.374119999999999891e+03
6.264079999999999927e+03
6.264079999999999927e+03
6.264079999999999927e+03
6.229590000000000146e+03
5.850199999999999818e+03
5.809489999999999782e+03
5.809489999999999782e+03
5.850199999999999818e+03
5.706010000000000218e+03
5.572500000000000000e+03
6.359380000000000109e+03
3.709380000000000109e+03
3.709380000000000109e+03
1.731980000000000018e+03
2.609380000000000109e+03
2.109380000000000109e+03
2.109380000000000109e+03
2.109380000000000109e+03
2.609380000000000109e+03
3.108900000000000091e+03
3.108900000000000091e+03
3.108900000000000091e+03
3.108900000000000091e+03
3.108900000000000091e+03
5.323000000000000000e+03
5.323000000000000000e+03
5.702960000000000036e+03
6.355760000000000218e+03
6.355760000000000218e+03
5.382560000000000400e+03
5.382560000000000400e+03
5.382560000000000400e+03
5.318779999999999745e+03
5.382560000000000400e+03
6.284449999999999818e+03
7.078119999999999891e+03
7.570109999999999673e+03
7.570109999999999673e+03
7.553699999999999818e+03
7.553699999999999818e+03
7.553699999999999818e+03
7.516180000000000291e+03
4.720869999999999891e+03
3.264909999999999854e+03
3.212889999999999873e+03
1.807140000000000100e+03
1.807140000000000100e+03
1.370880000000000109e+03
1.225130000000000109e+03
1.221958181818181856e+03
1.218786363636363831e+03
1.215614545454545578e+03
1.212442727272727325e+03
1.209270909090909072e+03
1.206099090909091046e+03
1.202927272727272793e+03
1.199755454545454540e+03
1.196583636363636288e+03
1.193411818181818262e+03
1.190240000000000009e+03
1.187068181818181756e+03
1.183896363636363731e+03
1.180724545454545478e+03
1.177552727272727225e+03
1.174380909090908972e+03
1.171209090909090946e+03
1.168037272727272693e+03
1.164865454545454440e+03
1.161693636363636188e+03
1.158521818181818162e+03
1.155349999999999909e+03
1.327029999999999973e+03
1.418160000000000082e+03
2.416710000000000036e+03
4.546880000000000109e+03
4.546880000000000109e+03
4.781470000000000255e+03
5.890619999999999891e+03
7.421439999999999600e+03
7.421439999999999600e+03
7.421439999999999600e+03
7.164340000000000146e+03
7.062500000000000000e+03
6.853029999999999745e+03
6.853029999999999745e+03
6.853029999999999745e+03
6.468750000000000000e+03
6.853029999999999745e+03
6.468750000000000000e+03
7.189039999999999964e+03
6.468750000000000000e+03
7.071359999999999673e+03
7.071359999999999673e+03
7.071359999999999673e+03
7.071359999999999673e+03
7.815529999999999745e+03
7.815529999999999745e+03
7.818399999999999636e+03
7.823140000000000327e+03
7.818399999999999636e+03
7.816010000000000218e+03
7.816010000000000218e+03
7.517109999999999673e+03
5.144010000000000218e+03
4.753760000000000218e+03
4.654390000000000327e+03
3.817849999999999909e+03
3.817849999999999909e+03
3.817849999999999909e+03
3.817849999999999909e+03
4.441130000000000109e+03
4.441130000000000109e+03
3.553079999999999927e+03
3.054679999999999836e+03
3.054679999999999836e+03
3.054679999999999836e+03
1.448829999999999927e+03
1.038460000000000036e+03
1.040946578947368380e+03
1.043433157894736951e+03
1.045919736842105294e+03
1.048406315789473638e+03
1.050892894736842209e+03
1.053379473684210552e+03
1.055866052631578896e+03
1.058352631578947467e+03
1.060839210526315810e+03
1.063325789473684154e+03
1.065812368421052724e+03
1.068298947368421068e+03
1.070785526315789411e+03
1.073272105263157982e+03
1.075758684210526326e+03
1.078245263157894669e+03
1.080731842105263240e+03
1.083218421052631584e+03
1.085704999999999927e+03
1.088191578947368498e+03
1.090678157894736842e+03
1.093164736842105413e+03
1.095651315789473756e+03
1.098137894736842100e+03
1.100624473684210670e+03
1.103111052631579014e+03
1.105597631578947357e+03
1.108084210526315928e+03
1.110570789473684272e+03
1.113057368421052615e+03
1.115543947368421186e+03
1.118030526315789530e+03
1.120517105263157873e+03
1.123003684210526444e+03
1.125490263157894788e+03
1.127976842105263131e+03
1.130463421052631702e+03
1.132950000000000045e+03
1.925549999999999955e+03
2.860840000000000146e+03
2.860840000000000146e+03
4.080190000000000055e+03
4.511829999999999927e+03
4.511829999999999927e+03
4.833510000000000218e+03
4.869829999999999927e+03
4.869829999999999927e+03
6.649840000000000146e+03
7.656699999999999818e+03
7.320300000000000182e+03
7.656699999999999818e+03
7.656699999999999818e+03
7.320300000000000182e+03
7.320300000000000182e+03
7.343750000000000000e+03
7.296050000000000182e+03
7.343750000000000000e+03
7.578119999999999891e+03
7.439840000000000146e+03
7.585159999999999854e+03
7.585159999999999854e+03
7.439840000000000146e+03
4.687500000000000000e+03
3.842719999999999800e+03
1.407960000000000036e+03
1.404710000000000036e+03
1.121430000000000064e+03
1.121430000000000064e+03
1.121430000000000064e+03
1.122281250000000000e+03
1.123132500000000164e+03
1.123983750000000100e+03
1.124835000000000036e+03
1.125686249999999973e+03
1.126537499999999909e+03
1.127388750000000073e+03
1.128240000000000009e+03
1.129091249999999945e+03
1.129942500000000109e+03
1.130793750000000045e+03
1.131644999999999982e+03
1.132496249999999918e+03
1.133347499999999854e+03
1.134198750000000018e+03
1.135049999999999955e+03
1.135901249999999891e+03
1.136752500000000055e+03
1.137603749999999991e+03
1.138454999999999927e+03
1.139306249999999864e+03
1.140157499999999800e+03
1.141008749999999964e+03
1.141859999999999900e+03
1.160839999999999918e+03
1.289950000000000045e+03
1.630869999999999891e+03
2.911820000000000164e+03
3.671139999999999873e+03
3.671139999999999873e+03
3.421119999999999891e+03
3.421119999999999891e+03
4.655010000000000218e+03
3.421119999999999891e+03
4.655010000000000218e+03
5.071300000000000182e+03
5.071300000000000182e+03
5.482920000000000073e+03
6.804460000000000036e+03
5.877750000000000000e+03
5.877750000000000000e+03
6.804460000000000036e+03
5.877750000000000000e+03
5.272270000000000437e+03
5.272270000000000437e+03
5.365750000000000000e+03
5.365750000000000000e+03
6.003810000000000400e+03
6.003810000000000400e+03
6.207930000000000291e+03
6.003810000000000400e+03
5.406250000000000000e+03
5.406250000000000000e+03
6.501430000000000291e+03
6.773439999999999600e+03
7.784260000000000218e+03
7.784260000000000218e+03
7.784260000000000218e+03
6.323909999999999854e+03
6.323909999999999854e+03
6.094859999999999673e+03
6.094859999999999673e+03
4.804979999999999563e+03
4.804979999999999563e+03
4.804979999999999563e+03
4.804979999999999563e+03
2.947000000000000000e+03
4.865020000000000437e+03
1.430349999999999909e+03
1.430349999999999909e+03
1.361160000000000082e+03
1.279900000000000091e+03
1.279900000000000091e+03
1.287460000000000036e+03
1.156250000000000000e+03
1.156250000000000000e+03
1.156250000000000000e+03
1.156250000000000000e+03
1.156250000000000000e+03
1.156250000000000000e+03
1.156250000000000000e+03
1.156250000000000000e+03
1.156250000000000000e+03
1.156250000000000000e+03
1.156250000000000000e+03
1.156250000000000000e+03
1.156250000000000000e+03
1.156250000000000000e+03
1.156250000000000000e+03
1.156250000000000000e+03
1.156250000000000000e+03
1.156250000000000000e+03
1.156250000000000000e+03
1.156250000000000000e+03
1.156250000000000000e+03
1.156250000000000000e+03
1.156250000000000000e+03
1.156250000000000000e+03
1.156250000000000000e+03
1.156250000000000000e+03
1.156250000000000000e+03
1.156250000000000000e+03
1.156250000000000000e+03
1.156250000000000000e+03
1.156250000000000000e+03
1.156250000000000000e+03
1.156250000000000000e+03
1.156250000000000000e+03
1.156250000000000000e+03
1.156250000000000000e+03
1.156250000000000000e+03
1.156250000000000000e+03
1.156250000000000000e+03
1.156250000000000000e+03
1.156250000000000000e+03
1.156250000000000000e+03
1.156250000000000000e+03
