0
0
0
0
0
0
0
0
0
0
0
0
0
0
0
0
0
0
0
0
0
0
0
0
0
0
0
0
0
0
0
0
0
0
0
0
0
0
0
0
0
0
0
0
0
0
0
0
0
0
0
0
1015.62
1031.25
1471.11
1783.31
2171.98
2171.98
2171.98
2171.98
2171.98
2265.62
2265.62
1920.45
1920.45
1809.72
1022.74
0
0
0
0
0
0
0
0
0
0
0
0
0
0
1106.71
1442.85
2566.96
2566.96
6838.33
6958.3
7596.02
7596.02
7596.02
2552.53
2237.57
2237.57
2237.57
2529.15
2529.15
2529.15
0
0
0
0
0
0
0
0
0
0
0
1375
1375
1781.25
1986.8
1986.8
6022.26
6765.86
6022.26
6765.86
7028.18
7028.18
7044.85
7453.12
7568.84
7568.84
7453.12
6972.82
6750
6484.14
6750
5829.46
5731.49
5731.49
5731.49
4105.38
5731.49
6186.97
6189.35
6189.35
6189.35
6186.97
3685.77
3168.55
3168.55
2914.79
3168.55
4266.39
4266.39
3293.7
3293.7
3293.7
3293.7
3293.7
2756.7
4781.41
2756.7
2128.15
2128.15
3609.38
3609.38
6000.18
6000.18
6787.31
6787.31
6886.62
6886.62
6886.62
6402.91
6402.91
6402.91
6838.11
6908.79
6908.79
7122.61
7160.33
6908.79
6893.09
6893.09
6718.75
6718.75
6893.09
6921.88
6921.88
6921.88
7036.71
6686.86
6686.86
6715.89
7241.22
7241.22
7501.17
7241.22
7241.22
4336.52
4336.52
4336.52
3093.75
4078.12
4078.12
4078.12
3015.62
2919.64
1399.96
1399.96
0
0
0
0
0
0
0
0
0
0
0
0
0
0
0
0
0
0
0
0
0
0
0
0
0
0
1168.15
1312.5
1313.29
2545.97
3601.98
3601.98
4546.15
5305.07
5305.07
4796.88
5977.57
6675.42
6485.42
6485.42
6485.42
6485.42
6485.42
6336.35
6699.98
6699.98
6699.98
6672.1
7506.39
7701.62
7701.62
7790.75
7790.75
7757.48
7757.48
7757.48
7724.09
7729.67
7729.67
7170.62
5892.22
6449.18
5892.22
5892.22
4948.62
4948.62
4948.62
6265.12
6620.62
6876.49
6876.49
6910.49
6876.49
2969.59
1327
1327
1327
1315.36
1295.05
1073.2
1073.2
1073.2
1073.2
1073.2
1018.99
1015.11
1011.72
1011.72
1011.72
1015.11
1008.92
1008.92
0
0
0
0
0
0
0
0
0
0
0
0
0
0
0
0
0
0
0
0
0
0
0
0
0
0
0
0
0
0
0
0
