5.338320000000000398e+00
5.338320000000000398e+00
5.338320000000000398e+00
5.338320000000000398e+00
5.338320000000000398e+00
5.338320000000000398e+00
5.338320000000000398e+00
5.338320000000000398e+00
5.338320000000000398e+00
5.338320000000000398e+00
5.338320000000000398e+00
5.338320000000000398e+00
5.338320000000000398e+00
5.338320000000000398e+00
5.338320000000000398e+00
5.338320000000000398e+00
5.338320000000000398e+00
5.338320000000000398e+00
5.338320000000000398e+00
5.338320000000000398e+00
5.338320000000000398e+00
5.338320000000000398e+00
5.338320000000000398e+00
5.338320000000000398e+00
5.338320000000000398e+00
5.338320000000000398e+00
5.338320000000000398e+00
5.338320000000000398e+00
5.338320000000000398e+00
5.338320000000000398e+00
5.338320000000000398e+00
5.358089999999999797e+00
5.376730000000000231e+00
5.377299999999999969e+00
5.365560000000000329e+00
5.348480000000000345e+00
5.330530000000000435e+00
5.312310000000000088e+00
5.292989999999999640e+00
5.274119999999999919e+00
5.260799999999999699e+00
5.260909999999999975e+00
5.288039999999999630e+00
5.315170000000000172e+00
5.342299999999999827e+00
5.369430000000000369e+00
5.396560000000000024e+00
5.423690000000000566e+00
5.450820000000000221e+00
5.430950000000000166e+00
5.417539999999999800e+00
5.407219999999999693e+00
5.398880000000000123e+00
5.391420000000000101e+00
5.384350000000000414e+00
5.377080000000000304e+00
5.369270000000000209e+00
5.360039999999999694e+00
5.348489999999999966e+00
5.333870000000000111e+00
5.315629999999999633e+00
5.291789999999999772e+00
5.260640000000000427e+00
5.228530000000000122e+00
5.206929999999999836e+00
5.186180000000000234e+00
5.203656956521739652e+00
5.221133913043478181e+00
5.238610869565217598e+00
5.256087826086957016e+00
5.273564782608695545e+00
5.291041739130434962e+00
5.308518695652174380e+00
5.325995652173912909e+00
5.343472608695652326e+00
5.360949565217391743e+00
5.378426521739130273e+00
5.395903478260869690e+00
5.413380434782608219e+00
5.430857391304347637e+00
5.448334347826087054e+00
5.465811304347825583e+00
5.483288260869565001e+00
5.500765217391304418e+00
5.518242173913042947e+00
5.535719130434782365e+00
5.553196086956521782e+00
5.570673043478260311e+00
5.588149999999999729e+00
5.584620000000000140e+00
5.579799999999999649e+00
5.541280000000000427e+00
5.531460000000000043e+00
5.526650000000000063e+00
5.523930000000000007e+00
5.522079999999999878e+00
5.520150000000000112e+00
5.516600000000000392e+00
5.510449999999999626e+00
5.501610000000000333e+00
5.490330000000000155e+00
5.479700000000000237e+00
5.475929999999999964e+00
5.485039999999999694e+00
5.507179999999999964e+00
5.535859999999999559e+00
5.565299999999999692e+00
5.592749999999999666e+00
5.616999999999999993e+00
5.637179999999999858e+00
5.652309999999999945e+00
5.662569999999999659e+00
5.668969999999999843e+00
5.672500000000000320e+00
5.674089999999999634e+00
5.673960000000000115e+00
5.671770000000000422e+00
5.667099999999999582e+00
5.659220000000000361e+00
5.648749999999999716e+00
5.624990000000000379e+00
5.544780000000000264e+00
5.482940000000000147e+00
5.466529999999999667e+00
5.454570000000000363e+00
5.441989999999999661e+00
5.428659999999999819e+00
5.415099999999999802e+00
5.403360000000000163e+00
5.394269999999999676e+00
5.389330000000000176e+00
5.389859999999999651e+00
5.395089999999999719e+00
5.402560000000000251e+00
5.407309999999999839e+00
5.404972499999999513e+00
5.402635000000000076e+00
5.400297499999999751e+00
5.397960000000000313e+00
5.395622499999999988e+00
5.393285000000000551e+00
5.390947500000000225e+00
5.388609999999999900e+00
5.386272500000000463e+00
5.383935000000000137e+00
5.381597500000000700e+00
5.379260000000000375e+00
5.360689999999999955e+00
5.342819999999999681e+00
5.326769999999999783e+00
5.312579999999999636e+00
5.297830000000000261e+00
5.281830000000000247e+00
5.267610000000000348e+00
5.256610000000000227e+00
5.248190000000000133e+00
5.241900000000000226e+00
5.238019999999999676e+00
5.236740000000000173e+00
5.237519999999999953e+00
5.239289999999999559e+00
5.241290000000000227e+00
5.243360000000000021e+00
5.245820000000000149e+00
5.248949999999999783e+00
5.252320000000000100e+00
5.255230000000000068e+00
5.256999999999999673e+00
5.257719999999999949e+00
5.257810000000000095e+00
5.257760000000000211e+00
5.257259999999999600e+00
5.255460000000000242e+00
5.254299999999999748e+00
5.259280000000000399e+00
5.273509999999999920e+00
5.291870000000000296e+00
5.304509999999999614e+00
5.309650000000000425e+00
5.309849999999999959e+00
5.306129999999999569e+00
5.297889999999999766e+00
5.285479999999999734e+00
5.270800000000000374e+00
5.256770000000000387e+00
5.246419999999999639e+00
5.243629999999999569e+00
5.253459999999999575e+00
5.275984999999999481e+00
5.298509999999999387e+00
5.321035000000000181e+00
5.343560000000000088e+00
5.366084999999999994e+00
5.388609999999999900e+00
5.411134999999999806e+00
5.433659999999999712e+00
5.456184999999999619e+00
5.478710000000000413e+00
5.501235000000000319e+00
5.523760000000000225e+00
5.515209999999999724e+00
5.481230000000000047e+00
5.429109999999999658e+00
5.385150000000000325e+00
5.338090000000000224e+00
5.313740000000000130e+00
5.315979999999999706e+00
5.338199999999999612e+00
5.362379999999999924e+00
5.375049999999999883e+00
5.377480000000000260e+00
5.373109999999999609e+00
5.363540000000000418e+00
5.349450000000000038e+00
5.331570000000000142e+00
5.311169999999999725e+00
5.290149999999999686e+00
5.271049999999999791e+00
5.256809999999999761e+00
5.250639999999999752e+00
5.256949999999999790e+00
5.268143333333332734e+00
5.279336666666666567e+00
5.290529999999999511e+00
5.301723333333333343e+00
5.312916666666666288e+00
5.324109999999999232e+00
5.335303333333333065e+00
5.346496666666666009e+00
5.357689999999999841e+00
5.368883333333332786e+00
5.380076666666666618e+00
5.391269999999999563e+00
5.365840000000000387e+00
5.301190000000000069e+00
5.286240000000000272e+00
5.275809999999999889e+00
5.265109999999999957e+00
5.252950000000000230e+00
5.240499999999999936e+00
5.229119999999999990e+00
5.219070000000000320e+00
5.210549999999999571e+00
5.203579999999999650e+00
5.198339999999999961e+00
5.194379999999999775e+00
5.191769999999999996e+00
5.190140000000000420e+00
5.188710000000000377e+00
5.185990000000000322e+00
5.179730000000000167e+00
5.170939999999999870e+00
5.183671818181817770e+00
5.196403636363636558e+00
5.209135454545454458e+00
5.221867272727272358e+00
5.234599090909091146e+00
5.247330909090909046e+00
5.260062727272727834e+00
5.272794545454545734e+00
5.285526363636363634e+00
5.298258181818182422e+00
5.310990000000000322e+00
5.302389999999999937e+00
5.297620000000000218e+00
5.294410000000000061e+00
5.292229999999999990e+00
5.290939999999999976e+00
5.290309999999999846e+00
5.289769999999999861e+00
5.288569999999999993e+00
5.286229999999999762e+00
5.282469999999999999e+00
5.276709999999999567e+00
5.268480000000000274e+00
5.257119999999999571e+00
5.245370000000000310e+00
5.237680000000000113e+00
5.236519999999999619e+00
5.261860769230769286e+00
5.287201538461538064e+00
5.312542307692307730e+00
5.337883076923076509e+00
5.363223846153846175e+00
5.388564615384614953e+00
5.413905384615384619e+00
5.439246153846153398e+00
5.464586923076923064e+00
5.489927692307691842e+00
5.515268461538461509e+00
5.540609230769231175e+00
5.565949999999999953e+00
5.548329999999999984e+00
5.528100000000000236e+00
5.506059999999999732e+00
5.484440000000000204e+00
5.468060000000000365e+00
5.459719999999999906e+00
5.455910000000000259e+00
5.452910000000000146e+00
5.452849999999999753e+00
5.454950000000000188e+00
5.456979999999999720e+00
5.458599999999999675e+00
5.460180000000000256e+00
5.462240000000000428e+00
5.465300000000000047e+00
5.469599999999999795e+00
5.474479999999999791e+00
5.480139999999999567e+00
5.487219999999999764e+00
5.493430000000000035e+00
5.497440000000000104e+00
5.499069999999999681e+00
5.499080000000000190e+00
5.497919999999999696e+00
5.495330000000000048e+00
5.491460000000000008e+00
5.486919999999999575e+00
5.481939999999999813e+00
5.476589999999999847e+00
5.470270000000000188e+00
5.462110000000000021e+00
5.452099999999999724e+00
5.440179999999999794e+00
5.426000000000000156e+00
5.409119999999999706e+00
5.393430000000000391e+00
5.382240000000000357e+00
5.371640000000000192e+00
5.355400000000000382e+00
5.355400000000000382e+00
5.355400000000000382e+00
5.355400000000000382e+00
5.355400000000000382e+00
5.355400000000000382e+00
5.355400000000000382e+00
5.355400000000000382e+00
5.355400000000000382e+00
5.355400000000000382e+00
5.355400000000000382e+00
5.355400000000000382e+00
5.355400000000000382e+00
5.355400000000000382e+00
5.355400000000000382e+00
5.355400000000000382e+00
5.355400000000000382e+00
5.355400000000000382e+00
5.355400000000000382e+00
5.355400000000000382e+00
5.355400000000000382e+00
5.355400000000000382e+00
5.355400000000000382e+00
5.355400000000000382e+00
5.355400000000000382e+00
5.355400000000000382e+00
5.355400000000000382e+00
5.355400000000000382e+00
5.355400000000000382e+00
5.355400000000000382e+00
5.355400000000000382e+00
5.355400000000000382e+00
5.355400000000000382e+00
5.355400000000000382e+00
5.355400000000000382e+00
5.355400000000000382e+00
5.355400000000000382e+00
5.355400000000000382e+00
5.355400000000000382e+00
5.355400000000000382e+00
5.355400000000000382e+00
5.355400000000000382e+00
5.355400000000000382e+00
5.355400000000000382e+00
5.355400000000000382e+00
5.355400000000000382e+00
5.355400000000000382e+00
5.355400000000000382e+00
5.355400000000000382e+00
5.355400000000000382e+00
5.355400000000000382e+00
5.355400000000000382e+00
5.355400000000000382e+00
5.355400000000000382e+00
5.355400000000000382e+00
5.355400000000000382e+00
5.355400000000000382e+00
5.355400000000000382e+00
5.355400000000000382e+00
5.355400000000000382e+00
5.355400000000000382e+00
5.355400000000000382e+00
5.355400000000000382e+00
5.355400000000000382e+00
5.355400000000000382e+00
5.355400000000000382e+00
5.355400000000000382e+00
5.355400000000000382e+00
5.355400000000000382e+00
5.355400000000000382e+00
5.355400000000000382e+00
5.355400000000000382e+00
5.355400000000000382e+00
5.355400000000000382e+00
5.355400000000000382e+00
5.355400000000000382e+00
5.355400000000000382e+00
5.355400000000000382e+00
5.355400000000000382e+00
5.355400000000000382e+00
5.355400000000000382e+00
5.355400000000000382e+00
5.355400000000000382e+00
5.355400000000000382e+00
5.355400000000000382e+00
