5.488249999999999851e+00
5.488249999999999851e+00
5.488249999999999851e+00
5.488249999999999851e+00
5.488249999999999851e+00
5.488249999999999851e+00
5.488249999999999851e+00
5.488249999999999851e+00
5.488249999999999851e+00
5.488249999999999851e+00
5.488249999999999851e+00
5.488249999999999851e+00
5.488249999999999851e+00
5.488249999999999851e+00
5.488249999999999851e+00
5.488249999999999851e+00
5.488249999999999851e+00
5.488249999999999851e+00
5.488249999999999851e+00
5.488249999999999851e+00
5.488249999999999851e+00
5.488249999999999851e+00
5.488249999999999851e+00
5.488249999999999851e+00
5.488249999999999851e+00
5.488249999999999851e+00
5.488249999999999851e+00
5.488249999999999851e+00
5.488249999999999851e+00
5.488249999999999851e+00
5.488249999999999851e+00
5.488249999999999851e+00
5.488249999999999851e+00
5.488249999999999851e+00
5.488249999999999851e+00
5.488249999999999851e+00
5.488249999999999851e+00
5.488249999999999851e+00
5.499909999999999854e+00
5.510200000000000209e+00
5.518839999999999968e+00
5.526040000000000063e+00
5.533100000000000129e+00
5.540560000000000151e+00
5.551849999999999952e+00
5.568749999999999645e+00
5.581500000000000128e+00
5.586339999999999861e+00
5.587509999999999977e+00
5.587320000000000064e+00
5.587492307692307314e+00
5.587664615384615452e+00
5.587836923076922702e+00
5.588009230769230840e+00
5.588181538461538089e+00
5.588353846153846227e+00
5.588526153846153477e+00
5.588698461538461615e+00
5.588870769230768865e+00
5.589043076923077003e+00
5.589215384615384252e+00
5.589387692307692390e+00
5.589559999999999640e+00
5.590720000000000134e+00
5.599300000000000388e+00
5.620219999999999771e+00
5.675790000000000113e+00
5.690859999999999808e+00
5.695730000000000182e+00
5.694259999999999877e+00
5.688679999999999737e+00
5.679429999999999978e+00
5.666669999999999874e+00
5.650940000000000296e+00
5.634079999999999977e+00
5.617390000000000327e+00
5.603119999999999656e+00
5.592970000000000219e+00
5.584769999999999790e+00
5.577960000000000029e+00
5.576130000000000031e+00
5.583770000000000344e+00
5.601449999999999818e+00
5.623859999999999637e+00
5.641429999999999723e+00
5.650350000000000428e+00
5.654499999999999638e+00
5.658909999999999663e+00
5.665820000000000078e+00
5.673879999999999590e+00
5.680089999999999861e+00
5.682080000000000020e+00
5.679059999999999775e+00
5.669979999999999798e+00
5.649650000000000283e+00
5.599999999999999645e+00
5.498300000000000409e+00
5.435710000000000264e+00
5.400649999999999729e+00
5.360299999999999621e+00
5.319749999999999979e+00
5.294109999999999872e+00
5.288160000000000416e+00
5.302760000000000140e+00
5.335919999999999774e+00
5.373990000000000045e+00
5.361714000000000091e+00
5.349438000000000137e+00
5.337162000000000184e+00
5.324886000000000230e+00
5.312610000000000277e+00
5.303689999999999571e+00
5.295399999999999885e+00
5.283339999999999925e+00
5.267409999999999926e+00
5.249660000000000437e+00
5.224339999999999762e+00
5.200300000000000367e+00
5.185649999999999871e+00
5.167939999999999756e+00
5.141320000000000334e+00
5.129540000000000433e+00
5.124390000000000001e+00
5.121340000000000003e+00
5.119360000000000355e+00
5.117910000000000181e+00
5.113620000000000054e+00
5.102100000000000080e+00
5.096809999999999619e+00
5.097070000000000434e+00
5.099999999999999645e+00
5.103959999999999830e+00
4.778309999999999391e+00
4.452659999999999840e+00
4.455569999999999808e+00
4.456579999999999764e+00
4.340869999999999784e+00
4.341079999999999828e+00
4.348329999999999806e+00
4.367300000000000182e+00
4.367309999999999803e+00
4.366360000000000241e+00
4.321702500000000668e+00
4.277045000000000208e+00
4.232387499999999747e+00
4.187730000000000175e+00
4.187059999999999782e+00
4.186969999999999636e+00
4.203820140845070163e+00
4.220670281690140691e+00
4.237520422535211218e+00
4.254370563380281745e+00
4.271220704225351383e+00
4.288070845070421910e+00
4.304920985915492437e+00
4.321771126760562964e+00
4.338621267605633491e+00
4.355471408450704018e+00
4.372321549295774545e+00
4.389171690140845072e+00
4.406021830985915599e+00
4.422871971830985238e+00
4.439722112676055765e+00
4.456572253521126292e+00
4.473422394366196819e+00
4.490272535211267346e+00
4.507122676056337873e+00
4.523972816901408400e+00
4.540822957746478927e+00
4.557673098591548566e+00
4.574523239436619093e+00
4.591373380281689620e+00
4.608223521126760147e+00
4.625073661971830674e+00
4.641923802816901201e+00
4.658773943661971728e+00
4.675624084507042255e+00
4.692474225352112782e+00
4.709324366197183309e+00
4.726174507042252948e+00
4.743024647887323475e+00
4.759874788732394002e+00
4.776724929577464529e+00
4.793575070422535056e+00
4.810425211267605583e+00
4.827275352112676110e+00
4.844125492957746637e+00
4.860975633802816276e+00
4.877825774647886803e+00
4.894675915492957330e+00
4.911526056338027857e+00
4.928376197183098384e+00
4.945226338028168911e+00
4.962076478873239438e+00
4.978926619718309965e+00
4.995776760563380492e+00
5.012626901408451019e+00
5.029477042253520658e+00
5.046327183098591185e+00
5.063177323943661712e+00
5.080027464788732239e+00
5.096877605633802766e+00
5.113727746478873293e+00
5.130577887323943820e+00
5.147428028169013459e+00
5.164278169014083986e+00
5.181128309859154513e+00
5.197978450704225040e+00
5.214828591549295567e+00
5.231678732394366094e+00
5.248528873239436621e+00
5.265379014084507148e+00
5.282229154929577675e+00
5.299079295774648202e+00
5.315929436619718729e+00
5.332779577464788368e+00
5.349629718309858895e+00
5.366479859154929422e+00
5.383329999999999949e+00
5.384490000000000443e+00
5.384540000000000326e+00
5.383210000000000051e+00
5.377849999999999575e+00
5.363850000000000229e+00
5.354669999999999597e+00
5.357960000000000278e+00
5.364150000000000418e+00
5.370820000000000149e+00
5.376240000000000130e+00
5.380460000000000242e+00
5.384360000000000035e+00
5.387950000000000017e+00
5.391180000000000305e+00
5.394079999999999764e+00
5.396700000000000053e+00
5.398780000000000356e+00
5.397619999999999862e+00
5.395389999999999908e+00
5.395389999999999908e+00
5.396679999999999922e+00
5.398310000000000386e+00
5.398939999999999628e+00
5.397759999999999891e+00
5.394730000000000025e+00
5.391060000000000407e+00
5.387159999999999727e+00
5.382489999999999775e+00
5.377299999999999969e+00
5.371830000000000105e+00
5.365969999999999906e+00
5.360990000000000144e+00
5.355380000000000251e+00
5.348779999999999646e+00
5.339669999999999916e+00
5.329010000000000247e+00
5.260340000000000238e+00
5.264899999999999913e+00
5.269460000000000477e+00
5.274020000000000152e+00
5.278579999999999828e+00
5.283140000000000391e+00
5.287700000000000067e+00
5.292260000000000630e+00
5.296820000000000306e+00
5.301379999999999981e+00
5.305940000000000545e+00
5.310500000000000220e+00
5.315060000000000784e+00
5.319620000000000459e+00
5.324180000000000135e+00
5.328740000000000698e+00
5.333300000000000374e+00
5.337860000000000049e+00
5.342420000000000613e+00
5.346980000000000288e+00
5.351539999999999964e+00
5.356100000000000527e+00
5.360660000000000203e+00
5.365220000000000766e+00
5.369780000000000442e+00
5.353250000000000064e+00
5.340679999999999872e+00
5.325849999999999973e+00
5.307970000000000077e+00
5.288529999999999731e+00
5.268040000000000056e+00
5.249310000000000365e+00
5.234499999999999709e+00
5.223639999999999617e+00
5.232151874999999563e+00
5.240663749999999510e+00
5.249175624999999457e+00
5.257687499999999403e+00
5.266199374999999350e+00
5.274711249999999296e+00
5.283223124999999243e+00
5.291734999999999189e+00
5.300246875000000024e+00
5.308758749999999971e+00
5.317270624999999917e+00
5.325782499999999864e+00
5.334294374999999810e+00
5.342806249999999757e+00
5.351318124999999704e+00
5.359829999999999650e+00
5.313810000000000144e+00
5.293009999999999771e+00
5.287840000000000096e+00
5.284889999999999866e+00
5.280929999999999680e+00
5.274409999999999599e+00
5.264820000000000277e+00
5.254609999999999559e+00
5.249089999999999812e+00
5.250759999999999650e+00
5.253440000000000332e+00
5.251759999999999984e+00
5.245949999999999669e+00
5.238830000000000098e+00
5.232039999999999580e+00
5.225310000000000343e+00
5.218869999999999898e+00
5.214610000000000412e+00
5.215860000000000163e+00
5.226379999999999804e+00
5.243290000000000006e+00
5.253589999999999982e+00
5.225259999999999572e+00
5.214199999999999946e+00
5.209290000000000198e+00
5.205129999999999590e+00
5.228449999999999598e+00
5.248630000000000351e+00
5.267199999999999882e+00
5.289209999999999745e+00
5.305150000000000254e+00
5.310120000000000395e+00
5.298549999999999649e+00
5.274949999999999584e+00
5.250799999999999912e+00
5.232669999999999710e+00
5.226250000000000284e+00
5.231379999999999697e+00
5.245510000000000339e+00
5.262599999999999945e+00
5.274119999999999919e+00
5.279889999999999972e+00
5.282930000000000348e+00
5.284679999999999822e+00
5.285370000000000346e+00
5.284690000000000332e+00
5.282740000000000435e+00
5.280260000000000176e+00
5.278139999999999610e+00
5.276659999999999684e+00
5.275299999999999656e+00
5.273629999999999818e+00
5.271580000000000155e+00
5.269289999999999807e+00
5.266879999999999562e+00
5.264619999999999855e+00
5.262299999999999756e+00
5.259490000000000443e+00
5.255959999999999965e+00
5.252119999999999678e+00
5.248599999999999710e+00
5.244830000000000325e+00
5.239749999999999908e+00
5.233259999999999579e+00
5.226250000000000284e+00
5.220139999999999780e+00
5.214290000000000092e+00
5.208350000000000257e+00
5.204069999999999752e+00
5.207810000000000272e+00
4.672534999999999883e+00
4.137260000000000382e+00
4.146560000000000024e+00
4.148399999999999643e+00
4.145150000000000112e+00
4.116629999999999789e+00
4.117490000000000094e+00
4.503289999999999793e+00
4.508060000000000400e+00
4.512730000000000352e+00
4.516460000000000363e+00
4.514840000000000408e+00
4.497589999999999755e+00
4.493159999999999599e+00
4.575890000000000235e+00
4.562780000000000058e+00
4.532250000000000334e+00
4.523430000000000284e+00
4.523150000000000226e+00
4.522870000000000168e+00
4.514820000000000277e+00
5.193229999999999791e+00
5.182439999999999714e+00
5.173549999999999649e+00
5.167790000000000106e+00
5.164189999999999614e+00
5.163529999999999731e+00
5.167550000000000310e+00
5.167550000000000310e+00
5.167550000000000310e+00
5.167550000000000310e+00
5.167550000000000310e+00
5.167550000000000310e+00
5.167550000000000310e+00
5.167550000000000310e+00
5.167550000000000310e+00
5.167550000000000310e+00
5.167550000000000310e+00
5.167550000000000310e+00
5.167550000000000310e+00
5.167550000000000310e+00
5.167550000000000310e+00
5.167550000000000310e+00
5.167550000000000310e+00
5.167550000000000310e+00
5.167550000000000310e+00
5.167550000000000310e+00
5.167550000000000310e+00
5.167550000000000310e+00
5.167550000000000310e+00
5.167550000000000310e+00
5.167550000000000310e+00
5.167550000000000310e+00
5.167550000000000310e+00
5.167550000000000310e+00
5.167550000000000310e+00
5.167550000000000310e+00
5.167550000000000310e+00
5.167550000000000310e+00
5.167550000000000310e+00
5.167550000000000310e+00
5.167550000000000310e+00
5.167550000000000310e+00
5.167550000000000310e+00
5.167550000000000310e+00
5.167550000000000310e+00
5.167550000000000310e+00
5.167550000000000310e+00
5.167550000000000310e+00
5.167550000000000310e+00
5.167550000000000310e+00
5.167550000000000310e+00
5.167550000000000310e+00
5.167550000000000310e+00
5.167550000000000310e+00
5.167550000000000310e+00
5.167550000000000310e+00
5.167550000000000310e+00
5.167550000000000310e+00
5.167550000000000310e+00
5.167550000000000310e+00
5.167550000000000310e+00
5.167550000000000310e+00
5.167550000000000310e+00
5.167550000000000310e+00
5.167550000000000310e+00
5.167550000000000310e+00
5.167550000000000310e+00
5.167550000000000310e+00
5.167550000000000310e+00
