-1e+10
-1e+10
-1e+10
-1e+10
-1e+10
-1e+10
-1e+10
-1e+10
-1e+10
-1e+10
-1e+10
-1e+10
-1e+10
-1e+10
-1e+10
-1e+10
-1e+10
-1e+10
-1e+10
-1e+10
-1e+10
-1e+10
-1e+10
-1e+10
-1e+10
-1e+10
-1e+10
-1e+10
-1e+10
-1e+10
-1e+10
-1e+10
-1e+10
-1e+10
-1e+10
-1e+10
-1e+10
-1e+10
-1e+10
-1e+10
-1e+10
-1e+10
-1e+10
-1e+10
-1e+10
-1e+10
-1e+10
-1e+10
-1e+10
-1e+10
-1e+10
-1e+10
-1e+10
-1e+10
-1e+10
-1e+10
-1e+10
-1e+10
-1e+10
-1e+10
-1e+10
-1e+10
-1e+10
-1e+10
-1e+10
-1e+10
-1e+10
-1e+10
-1e+10
5.46845
5.4655
5.4584
5.42739
5.37422
5.32863
5.30059
5.28768
5.28588
5.2897
5.29516
5.3025
5.31451
5.33499
5.35991
5.38111
5.39975
5.42106
5.45025
5.48468
5.51161
5.52868
5.54151
5.5551
5.56959
5.58214
5.59237
5.60222
5.61248
5.62143
5.62837
5.63306
5.63559
5.63622
5.63525
5.63282
5.62883
5.62437
5.62122
5.62141
5.62624
5.63531
5.64667
5.65929
5.67158
5.68064
5.68716
5.69167
5.69553
5.69897
5.70196
5.70448
5.70675
5.70867
5.70978
5.70955
5.70775
5.7044
5.69988
5.69535
5.69172
5.68919
5.68782
5.68775
5.68906
5.69145
5.69409
5.69644
5.6984
5.70008
5.70133
5.70193
5.70178
5.70093
5.69944
5.69744
5.6951
5.69256
5.68979
5.68635
5.68174
5.67585
5.66883
5.66044
5.65088
5.64059
5.63144
5.62543
5.62262
5.61932
5.61247
5.60141
5.58678
5.56951
5.54989
5.52889
5.50982
5.49651
5.49137
-1e+10
-1e+10
-1e+10
-1e+10
-1e+10
-1e+10
-1e+10
-1e+10
-1e+10
-1e+10
-1e+10
-1e+10
-1e+10
-1e+10
-1e+10
-1e+10
-1e+10
-1e+10
-1e+10
-1e+10
-1e+10
-1e+10
-1e+10
-1e+10
-1e+10
-1e+10
-1e+10
-1e+10
-1e+10
-1e+10
-1e+10
-1e+10
-1e+10
-1e+10
-1e+10
-1e+10
-1e+10
-1e+10
-1e+10
-1e+10
-1e+10
-1e+10
-1e+10
-1e+10
-1e+10
-1e+10
-1e+10
-1e+10
-1e+10
-1e+10
-1e+10
-1e+10
-1e+10
-1e+10
-1e+10
-1e+10
-1e+10
-1e+10
5.47565
5.46626
5.40474
5.39777
5.3935
5.39047
5.3879
5.3848
5.38027
5.37576
5.37089
5.36487
5.3585
5.3496
5.33783
5.32149
5.30036
5.28314
5.26836
5.25323
5.23849
5.22677
-1e+10
-1e+10
-1e+10
-1e+10
-1e+10
-1e+10
-1e+10
-1e+10
-1e+10
-1e+10
-1e+10
-1e+10
-1e+10
-1e+10
-1e+10
-1e+10
-1e+10
-1e+10
-1e+10
5.39496
5.38224
5.37524
5.36798
5.3614
5.35412
5.34877
5.34454
5.34126
5.33865
5.33574
5.33189
5.32724
5.323
5.31868
5.31405
5.30964
5.30496
5.3003
5.29613
5.29222
5.28852
5.28486
5.28094
5.27694
5.27369
5.27089
5.26813
5.26466
5.26057
5.25569
5.2503
5.2457
5.24047
5.23411
5.18937
5.19375
5.20528
5.21805
5.22792
5.23063
5.22808
5.22221
5.21477
5.2079
5.20378
5.20332
5.20606
5.21231
5.22207
5.23246
5.24038
5.24538
5.24841
5.25026
5.25115
5.25126
5.25059
5.24888
5.24604
5.24233
5.23815
5.23349
5.2272
5.21684
5.19718
5.17059
5.15817
5.16546
5.18362
5.21781
5.27408
5.29145
5.27101
5.25934
5.2482
5.23321
5.22288
5.21996
5.22014
5.22047
5.21924
5.21598
5.21006
5.20008
5.19053
5.19295
5.20595
5.22031
5.23012
5.23474
5.23553
5.23448
5.23339
5.23512
5.24191
5.25173
5.25658
5.23998
5.21789
5.20819
5.20481
5.20509
5.20679
5.20828
5.20859
5.20741
5.20513
5.2025
5.19952
5.19545
5.18998
5.18219
5.17142
5.16001
5.15182
5.14602
5.13903
5.12947
5.12141
5.11791
5.11835
5.12136
5.12644
5.13563
5.15123
5.16937
5.18103
5.18789
5.19309
5.19699
5.19861
5.19929
5.2014
5.20428
-1e+10
-1e+10
-1e+10
-1e+10
-1e+10
-1e+10
-1e+10
-1e+10
-1e+10
-1e+10
-1e+10
-1e+10
-1e+10
-1e+10
-1e+10
-1e+10
-1e+10
-1e+10
-1e+10
-1e+10
-1e+10
-1e+10
-1e+10
-1e+10
-1e+10
-1e+10
-1e+10
-1e+10
-1e+10
-1e+10
-1e+10
-1e+10
-1e+10
-1e+10
-1e+10
-1e+10
-1e+10
-1e+10
-1e+10
-1e+10
-1e+10
-1e+10
-1e+10
-1e+10
-1e+10
-1e+10
-1e+10
-1e+10
-1e+10
-1e+10
-1e+10
-1e+10
-1e+10
-1e+10
-1e+10
-1e+10
-1e+10
-1e+10
-1e+10
-1e+10
-1e+10
-1e+10
-1e+10
-1e+10
-1e+10
-1e+10
-1e+10
-1e+10
-1e+10
