3.128769999999999982e+03
3.128769999999999982e+03
3.128769999999999982e+03
3.128769999999999982e+03
3.128769999999999982e+03
3.128769999999999982e+03
3.128769999999999982e+03
3.128769999999999982e+03
3.128769999999999982e+03
3.128769999999999982e+03
3.128769999999999982e+03
3.128769999999999982e+03
3.128769999999999982e+03
3.128769999999999982e+03
3.128769999999999982e+03
3.128769999999999982e+03
3.128769999999999982e+03
3.128769999999999982e+03
3.128769999999999982e+03
3.128769999999999982e+03
3.128769999999999982e+03
3.128769999999999982e+03
3.128769999999999982e+03
3.128769999999999982e+03
3.128769999999999982e+03
3.128769999999999982e+03
3.128769999999999982e+03
3.128769999999999982e+03
3.128769999999999982e+03
3.128769999999999982e+03
3.128769999999999982e+03
3.128769999999999982e+03
3.128769999999999982e+03
3.128769999999999982e+03
3.128769999999999982e+03
3.128769999999999982e+03
3.128769999999999982e+03
3.128769999999999982e+03
3.128769999999999982e+03
3.128769999999999982e+03
3.128769999999999982e+03
3.128769999999999982e+03
3.128769999999999982e+03
3.128769999999999982e+03
3.128769999999999982e+03
3.128769999999999982e+03
3.128769999999999982e+03
3.128769999999999982e+03
3.128769999999999982e+03
3.128769999999999982e+03
3.128769999999999982e+03
3.128769999999999982e+03
3.128769999999999982e+03
3.128769999999999982e+03
3.128769999999999982e+03
3.128769999999999982e+03
3.609380000000000109e+03
3.609380000000000109e+03
3.609380000000000109e+03
3.609380000000000109e+03
2.990760000000000218e+03
2.164639999999999873e+03
1.851559999999999945e+03
1.851559999999999945e+03
2.164639999999999873e+03
3.115630000000000109e+03
3.750559999999999945e+03
3.750559999999999945e+03
3.115630000000000109e+03
3.115630000000000109e+03
2.384909999999999854e+03
2.384909999999999854e+03
3.457719999999999800e+03
3.457719999999999800e+03
3.457719999999999800e+03
3.457719999999999800e+03
3.204019999999999982e+03
2.956840000000000146e+03
2.828480000000000018e+03
2.655739999999999782e+03
2.645489999999999782e+03
2.655739999999999782e+03
2.655739999999999782e+03
2.645489999999999782e+03
2.695389999999999873e+03
6.125000000000000000e+03
6.286239999999999782e+03
6.125000000000000000e+03
6.286239999999999782e+03
7.354090000000000146e+03
6.962039999999999964e+03
6.962039999999999964e+03
6.962039999999999964e+03
5.073310000000000400e+03
3.913420000000000073e+03
3.913420000000000073e+03
4.582850000000000364e+03
3.734380000000000109e+03
4.582850000000000364e+03
4.651489999999999782e+03
4.651489999999999782e+03
4.651489999999999782e+03
6.645000000000000000e+03
6.645000000000000000e+03
4.728869999999999891e+03
4.728869999999999891e+03
4.728869999999999891e+03
4.000750000000000000e+03
4.728869999999999891e+03
5.959680000000000291e+03
6.330770000000000437e+03
5.959680000000000291e+03
5.959680000000000291e+03
3.676219999999999800e+03
3.391130000000000109e+03
2.388760000000000218e+03
2.191469999999999800e+03
2.191469999999999800e+03
2.191469999999999800e+03
1.535599999999999909e+03
1.474180000000000064e+03
1.474180000000000064e+03
1.474180000000000064e+03
1.558230000000000018e+03
1.558230000000000018e+03
2.171880000000000109e+03
2.171880000000000109e+03
3.128969999999999800e+03
4.765619999999999891e+03
4.765619999999999891e+03
5.146500000000000000e+03
5.026319999999999709e+03
5.146500000000000000e+03
7.705869999999999891e+03
7.705869999999999891e+03
7.451109999999999673e+03
7.451109999999999673e+03
7.426909999999999854e+03
7.360250000000000000e+03
4.893430000000000291e+03
4.359380000000000109e+03
1.715960000000000036e+03
1.616710000000000036e+03
1.405460000000000036e+03
1.351990000000000009e+03
1.093750000000000000e+03
1.093750000000000000e+03
1.092074137931034556e+03
1.090398275862068886e+03
1.088722413793103442e+03
1.087046551724137998e+03
1.085370689655172328e+03
1.083694827586206884e+03
1.082018965517241440e+03
1.080343103448275997e+03
1.078667241379310326e+03
1.076991379310344882e+03
1.075315517241379439e+03
1.073639655172413768e+03
1.071963793103448324e+03
1.070287931034482881e+03
1.068612068965517210e+03
1.066936206896551766e+03
1.065260344827586323e+03
1.063584482758620652e+03
1.061908620689655208e+03
1.060232758620689765e+03
1.058556896551724094e+03
1.056881034482758650e+03
1.055205172413793207e+03
1.053529310344827763e+03
1.051853448275862092e+03
1.050177586206896649e+03
1.048501724137931205e+03
1.046825862068965534e+03
1.045150000000000091e+03
1.200039999999999964e+03
1.348789999999999964e+03
1.390619999999999891e+03
1.550099999999999909e+03
2.894500000000000000e+03
2.948929999999999836e+03
2.948929999999999836e+03
3.203360000000000127e+03
3.203360000000000127e+03
3.905670000000000073e+03
3.905670000000000073e+03
3.922150000000000091e+03
4.027019999999999982e+03
4.208770000000000437e+03
4.218750000000000000e+03
4.404159999999999854e+03
4.404159999999999854e+03
4.404159999999999854e+03
4.218750000000000000e+03
3.252159999999999854e+03
3.252159999999999854e+03
1.244799999999999955e+03
1.035319999999999936e+03
1.036507222222222254e+03
1.037694444444444343e+03
1.038881666666666661e+03
1.040068888888888750e+03
1.041256111111111068e+03
1.042443333333333385e+03
1.043630555555555475e+03
1.044817777777777792e+03
1.046005000000000109e+03
1.047192222222222199e+03
1.048379444444444516e+03
1.049566666666666606e+03
1.050753888888888923e+03
1.051941111111111240e+03
1.053128333333333330e+03
1.054315555555555648e+03
1.055502777777777737e+03
1.056690000000000055e+03
2.078119999999999891e+03
2.198130000000000109e+03
3.625570000000000164e+03
3.336159999999999854e+03
3.634210000000000036e+03
3.613179999999999836e+03
4.144840000000000146e+03
3.613179999999999836e+03
4.144840000000000146e+03
3.613179999999999836e+03
3.211920000000000073e+03
3.125219999999999800e+03
2.313530000000000200e+03
2.313530000000000200e+03
1.562500000000000000e+03
1.562500000000000000e+03
1.562500000000000000e+03
1.562500000000000000e+03
1.496089999999999918e+03
1.496089999999999918e+03
1.496089999999999918e+03
1.528819999999999936e+03
1.573460000000000036e+03
1.573460000000000036e+03
1.695359999999999900e+03
1.695359999999999900e+03
1.343750000000000000e+03
1.039059999999999945e+03
1.039059999999999945e+03
1.039059999999999945e+03
1.118319999999999936e+03
1.118319999999999936e+03
1.118319999999999936e+03
1.125000000000000000e+03
1.132809999999999945e+03
1.226690000000000055e+03
1.394529999999999973e+03
1.394529999999999973e+03
1.394529999999999973e+03
1.395819999999999936e+03
1.602079999999999927e+03
1.601559999999999945e+03
1.601559999999999945e+03
1.601559999999999945e+03
1.144359999999999900e+03
1.144359999999999900e+03
1.144359999999999900e+03
1.175680000000000064e+03
1.431029999999999973e+03
2.119039999999999964e+03
2.119039999999999964e+03
2.119039999999999964e+03
2.119039999999999964e+03
2.119039999999999964e+03
2.119039999999999964e+03
2.119039999999999964e+03
2.119039999999999964e+03
2.119039999999999964e+03
2.119039999999999964e+03
2.119039999999999964e+03
2.119039999999999964e+03
2.119039999999999964e+03
2.119039999999999964e+03
2.119039999999999964e+03
2.119039999999999964e+03
2.119039999999999964e+03
2.119039999999999964e+03
2.119039999999999964e+03
2.119039999999999964e+03
2.119039999999999964e+03
2.119039999999999964e+03
2.119039999999999964e+03
2.119039999999999964e+03
2.119039999999999964e+03
2.119039999999999964e+03
2.119039999999999964e+03
2.119039999999999964e+03
2.119039999999999964e+03
2.119039999999999964e+03
2.119039999999999964e+03
2.119039999999999964e+03
2.119039999999999964e+03
2.119039999999999964e+03
2.119039999999999964e+03
2.119039999999999964e+03
2.119039999999999964e+03
2.119039999999999964e+03
2.119039999999999964e+03
2.119039999999999964e+03
2.119039999999999964e+03
2.119039999999999964e+03
2.119039999999999964e+03
2.119039999999999964e+03
2.119039999999999964e+03
2.119039999999999964e+03
2.119039999999999964e+03
2.119039999999999964e+03
2.119039999999999964e+03
2.119039999999999964e+03
2.119039999999999964e+03
2.119039999999999964e+03
