-8.59101	1.65855	0.27668	0.446051	0.221267	0.208461	0.168985	0.161941	0.139635	0.127398	0.0735304	0.0980949	0.0682047	0.0917559	0.0491179	0.0479994	0.0340419
-8.75449	1.71422	0.269674	0.500881	0.212021	0.267512	0.161485	0.214621	0.137366	0.174733	0.0810762	0.137784	0.0800645	0.126375	0.0641229	0.0797644	0.0519253
-9.81081	1.50493	0.501938	0.413083	0.341107	0.296	0.232437	0.233252	0.229769	0.19754	0.167752	0.170138	0.151597	0.178526	0.128823	0.102372	0.132109
-10.1038	1.25415	0.584885	0.367599	0.356498	0.371554	0.291689	0.208496	0.257006	0.209922	0.249009	0.224907	0.210641	0.21126	0.168292	0.171941	0.159618
-10.1626	1.21608	0.5876	0.339791	0.343449	0.364265	0.278446	0.200188	0.272534	0.254142	0.222136	0.167038	0.214812	0.232439	0.200441	0.144732	0.125272
-10.3242	1.09361	0.594974	0.348999	0.395913	0.352238	0.288748	0.264647	0.240616	0.244399	0.170316	0.130774	0.181926	0.241319	0.225049	0.169803	0.139086
-10.1131	1.34644	0.641041	0.354608	0.310017	0.26083	0.278839	0.224827	0.160112	0.179337	0.119199	0.111672	0.108974	0.103475	0.0598779	0.0818109	0.0889268
-9.83684	1.83995	0.872775	0.340699	0.0938183	0.0593285	0.118579	0.103021	0.0444092	0.0926361	0.021462	0.0516704	0.00215629	0.0297948	-0.00511701	-0.0312883	0.0342056
-9.71674	2.05225	0.951476	0.318551	0.0845861	0.131501	0.174609	0.128404	0.0374973	0.105781	0.0438059	0.0998426	0.00747343	0.0070071	0.0380056	-0.0180302	0.026858
-9.80428	1.78943	0.896214	0.484078	0.288286	0.205496	0.189814	0.182359	0.178191	0.181051	0.103814	0.130581	0.114466	0.058103	0.0921334	0.0776858	0.0657998
-10.2306	1.29038	0.751583	0.522857	0.442412	0.340516	0.260439	0.207508	0.227158	0.27483	0.236581	0.202937	0.140353	0.120726	0.179756	0.172555	0.152504
-10.2562	1.22115	0.680454	0.481351	0.387682	0.384881	0.259549	0.191644	0.228784	0.28926	0.283984	0.260139	0.199276	0.238862	0.18483	0.139836	0.160538
-10.0005	1.58091	0.79092	0.476337	0.381441	0.376082	0.257969	0.194727	0.206267	0.230156	0.217557	0.157256	0.101825	0.13386	0.106838	0.116022	0.104114
-9.73086	2.1354	1.02246	0.338922	0.169308	0.235728	0.201759	0.19516	0.18025	0.110591	0.0799437	0.0811369	0.150336	0.125733	-0.0220944	0.00566597	0.120138
-9.6415	2.16068	0.986322	0.306628	0.104856	0.19483	0.192281	0.172796	0.11925	0.083672	0.06567	0.0885462	0.0900874	0.0914633	-0.00481899	-0.0151324	0.0945595
-9.96575	1.72343	0.869325	0.292195	0.0876768	0.116822	0.0926885	0.0830138	0.0676619	0.0685728	0.0135815	0.0279476	-0.00219904	0.0445292	0.0208302	-0.0689415	0.0206489
-10.3756	1.10658	0.673417	0.351724	0.257522	0.290664	0.202774	0.1167	0.0587576	0.0622108	0.0892062	0.14125	0.143361	0.131551	0.114912	0.0145922	0.0535621
-10.479	0.933356	0.516811	0.271871	0.251262	0.2922	0.233838	0.252681	0.292672	0.205675	0.199665	0.243163	0.283069	0.212703	0.0753821	0.0586934	0.0939679
-10.392	1.02531	0.488474	0.360596	0.343025	0.287303	0.240059	0.240732	0.251765	0.207766	0.137842	0.143411	0.203054	0.129533	0.0468518	0.123153	0.121796
-10.3061	1.10318	0.583161	0.417623	0.356731	0.259999	0.240641	0.240227	0.219282	0.24288	0.19016	0.144919	0.229463	0.182085	0.138283	0.187188	0.102406
-10.4039	1.06329	0.708802	0.474719	0.423925	0.356768	0.25817	0.231277	0.248677	0.231027	0.179126	0.132321	0.203018	0.190582	0.100791	0.127858	0.0756398
-10.2252	1.201	0.650567	0.436122	0.452758	0.387034	0.260832	0.234131	0.267116	0.227387	0.164577	0.153444	0.140333	0.177469	0.149375	0.145612	0.03645
-10.067	1.26988	0.566836	0.366619	0.354861	0.300023	0.274891	0.199814	0.208669	0.217707	0.202088	0.2025	0.143199	0.175336	0.175736	0.190265	0.125046
-10.2386	1.16951	0.570957	0.37341	0.436606	0.364112	0.29425	0.231055	0.272503	0.315882	0.258252	0.172649	0.189275	0.227392	0.21812	0.211665	0.162015
-10.1104	1.26805	0.584937	0.381187	0.383835	0.321173	0.292457	0.260099	0.209818	0.232211	0.26175	0.178247	0.189098	0.184191	0.197044	0.174992	0.177114
-10.0077	1.2638	0.507886	0.367036	0.367864	0.294874	0.258312	0.248289	0.235107	0.218146	0.224142	0.181737	0.209889	0.224087	0.218602	0.192551	0.211224
-10.1598	1.25083	0.571967	0.383732	0.444549	0.385025	0.287988	0.223963	0.265791	0.265234	0.216521	0.224427	0.223331	0.248128	0.162658	0.174965	0.206218
-10.0781	1.24834	0.575425	0.405146	0.432767	0.362829	0.258292	0.221521	0.272121	0.275153	0.185414	0.221702	0.196289	0.270216	0.12401	0.184989	0.178915
-9.96658	1.25756	0.544224	0.41376	0.406546	0.368499	0.313161	0.29351	0.27144	0.250444	0.130742	0.161178	0.177435	0.239773	0.145799	0.167559	0.16224
-10.1517	1.21099	0.649984	0.41179	0.374735	0.373622	0.295876	0.274036	0.213426	0.289553	0.256731	0.206458	0.197715	0.215681	0.204732	0.223192	0.162201
-10.1126	1.22866	0.607034	0.405044	0.341855	0.345289	0.256152	0.238086	0.190856	0.260802	0.248315	0.192864	0.181109	0.17339	0.214076	0.191638	0.168662
-10.0132	1.29115	0.578121	0.408025	0.341043	0.317097	0.267586	0.24852	0.214614	0.240553	0.192143	0.174466	0.16647	0.161249	0.17217	0.156074	0.16795
-10.1886	1.21757	0.564543	0.418284	0.401003	0.323955	0.214049	0.221975	0.2319	0.254527	0.179014	0.178511	0.198411	0.190675	0.175757	0.149007	0.164308
-10.2136	1.19317	0.499423	0.385526	0.385642	0.305982	0.129339	0.156927	0.184457	0.238193	0.238673	0.244966	0.239313	0.224033	0.229045	0.190149	0.080509
-10.1759	1.21309	0.559964	0.412825	0.35155	0.286317	0.229528	0.203473	0.195439	0.218203	0.227846	0.179891	0.175845	0.197533	0.210109	0.193517	0.120439
-10.2522	1.17625	0.637233	0.462184	0.415603	0.282385	0.231219	0.238944	0.240139	0.230148	0.228914	0.136148	0.182021	0.222252	0.193202	0.171717	0.202754
-10.4443	1.05273	0.662131	0.503914	0.538018	0.426007	0.344667	0.288169	0.336357	0.318054	0.219913	0.076418	0.0953466	0.0953879	0.163226	0.198003	0.197116
-10.2272	1.19264	0.622394	0.425503	0.414989	0.371935	0.29498	0.216239	0.287263	0.294036	0.230602	0.1832	0.199976	0.192334	0.200478	0.179326	0.129685
-10.2414	1.19287	0.61018	0.443478	0.42133	0.37596	0.300751	0.214518	0.238924	0.234847	0.215892	0.189204	0.189249	0.182144	0.201021	0.157069	0.129509
-10.4417	1.04614	0.62911	0.476561	0.465153	0.40165	0.318402	0.232493	0.252477	0.188307	0.189661	0.186892	0.177205	0.199769	0.208839	0.190009	0.187349
-10.2117	1.14279	0.614576	0.454066	0.38207	0.312585	0.242859	0.247633	0.220582	0.198754	0.220819	0.219209	0.171417	0.197986	0.176352	0.170402	0.170911
-10.2458	1.15816	0.660866	0.446217	0.349767	0.36331	0.25412	0.320718	0.245353	0.222671	0.233698	0.194184	0.160998	0.166259	0.17175	0.163128	0.146273
-10.2679	1.1283	0.691006	0.436501	0.353653	0.359566	0.266144	0.309221	0.244031	0.245881	0.226066	0.200502	0.210223	0.134766	0.127805	0.13017	0.135592
-10.1562	1.1559	0.609753	0.371992	0.314725	0.27649	0.203041	0.236668	0.200119	0.196276	0.190298	0.170372	0.177451	0.15407	0.158994	0.135052	0.126184
-10.3912	1.00717	0.612691	0.387421	0.328367	0.310618	0.200728	0.218761	0.152193	0.215925	0.267653	0.213505	0.179531	0.168675	0.182101	0.12251	0.210487
-10.4347	0.949789	0.573119	0.440167	0.389272	0.331453	0.228885	0.274587	0.161718	0.17631	0.233577	0.19039	0.20288	0.191262	0.149982	0.0697811	0.194611
-10.2995	1.00704	0.49799	0.38502	0.390442	0.275656	0.220913	0.236958	0.257495	0.211972	0.217197	0.18758	0.169003	0.166889	0.150388	0.106482	0.152838
-10.3504	1.06064	0.55299	0.438782	0.461387	0.348475	0.310625	0.245496	0.265302	0.245141	0.21141	0.186166	0.140142	0.179127	0.152965	0.0852834	0.101419
-10.3915	1.07845	0.607153	0.430383	0.430509	0.383749	0.318245	0.199752	0.278297	0.35196	0.219176	0.177683	0.160686	0.189756	0.130966	0.0753569	0.105299
-10.2988	1.10918	0.571884	0.406031	0.319598	0.279314	0.299219	0.234131	0.252275	0.265741	0.214339	0.224972	0.14505	0.197073	0.144341	0.119708	0.139943
-10.2804	1.09905	0.539111	0.400464	0.299632	0.223755	0.277624	0.217442	0.172077	0.196896	0.173146	0.233135	0.139958	0.204232	0.13874	0.192931	0.177095
-10.2969	1.12706	0.581571	0.429718	0.361057	0.314605	0.296499	0.28072	0.203908	0.21784	0.17954	0.216926	0.160397	0.201418	0.137073	0.165789	0.155305
-10.1709	1.21908	0.57021	0.429191	0.38803	0.361251	0.22448	0.243067	0.224083	0.24871	0.230306	0.214897	0.213622	0.210588	0.159654	0.164097	0.114568
-10.2763	1.17982	0.558977	0.365886	0.352337	0.336721	0.198527	0.194533	0.241566	0.312776	0.281311	0.257966	0.276952	0.289483	0.232289	0.190224	0.142388
-9.96533	1.43103	0.584361	0.490941	0.491415	0.372158	0.240599	0.173241	0.0962086	0.0938616	0.084082	0.132336	0.21695	0.224633	0.108748	0.161856	0.228605
-8.91928	1.71159	0.166553	0.350268	0.524645	0.316362	0.114929	0.103914	0.115737	0.0640162	-0.0756779	-0.0951669	0.128442	0.183711	0.0154015	0.0862065	0.360355
-8.41919	2.45236	-0.114049	0.281913	0.427423	-0.0216002	-0.0595787	-0.00484779	0.0276182	0.0867297	-0.162876	-0.139564	0.0822483	0.214546	-0.0853288	-0.0529918	0.211711
-7.68405	2.83324	-0.152581	0.176438	0.367642	-0.159163	0.0374639	0.00147731	0.102888	0.00726744	-0.276232	-0.094136	-0.130679	0.16499	-0.166272	-0.0171833	0.0942136
-7.3365	2.90835	-0.212136	0.117692	0.21533	-0.259372	0.19998	-0.144622	0.0624361	0.142712	-0.280102	-0.130384	-0.197122	0.184892	-0.0575567	-0.0600711	-0.0673285
-6.74963	2.01451	-0.0369461	0.192179	-0.28745	0.400544	-0.170249	0.135769	0.0685233	0.0979131	-0.109379	-0.115195	-0.248699	0.171544	0.147851	-0.0404253	-0.0495762
-6.51011	0.971537	-0.15628	0.211107	-0.392389	0.394027	-0.149296	0.199104	0.122586	-0.00390104	-0.166781	-0.0487577	-0.252622	0.198447	0.271741	0.0243452	0.0600595
-5.52605	1.59457	-0.45229	-0.00014405	-0.173218	0.511539	0.00557401	0.128475	0.092231	0.0127303	-0.0361585	0.0473154	-0.155619	-0.020768	0.0291181	-0.12597	-0.0566553
-4.53032	2.50449	-1.20996	-0.000499989	-0.0888885	0.144321	0.0652306	0.0598556	-0.0716715	0.077842	-0.158634	0.00743667	-0.193434	0.0126945	-0.0443284	0.00440478	-0.210336
-4.01253	2.62385	-1.36823	-0.119584	0.0291078	-0.0720755	0.282222	-0.117912	0.00156448	0.00841443	-0.156956	-0.0524601	-0.205963	-0.0500794	-0.0286291	-0.0825172	-0.203014
-3.66971	2.59278	-1.64486	-0.223381	-0.055407	-0.109002	0.367198	-0.164393	-0.0229389	0.0443603	-0.14996	-0.00903616	-0.260343	0.0514799	-0.0728203	-0.0454453	-0.228721
-3.57808	2.36112	-1.90541	-0.363754	-0.0383273	-0.11135	0.203192	-0.194723	-0.0678801	-0.0749777	-0.163927	0.00809929	-0.379313	0.072647	-0.204713	-0.0556195	-0.255825
-3.35637	2.78323	-1.68982	-0.103185	0.0209122	-0.0790674	0.35609	-0.0937919	-0.0240784	0.0373336	-0.198593	0.076336	-0.242771	0.277737	-0.183084	0.0287509	-0.340485
-3.17744	2.73451	-1.77181	-0.000850239	0.0127106	-0.0196887	0.356936	-0.111112	-0.05313	0.0467872	-0.148662	0.201413	-0.236106	0.273029	-0.208089	-0.00650793	-0.336172
-3.14887	2.74708	-1.65473	-0.0686	0.103903	-0.0869517	0.430012	-0.107731	0.0169273	0.0606963	-0.121607	0.177821	-0.216918	0.328015	-0.225431	-0.0336888	-0.303529
-3.02923	2.56943	-1.57082	-0.102755	0.110706	-0.0644095	0.36616	-0.0665809	0.0100351	0.0228322	-0.107125	0.134541	-0.244001	0.340416	-0.207475	-0.0890721	-0.306205
-3.00838	2.62335	-1.58093	-0.154723	0.122648	-0.0562034	0.337603	-0.0398393	-0.0249513	0.0574955	-0.156721	0.181078	-0.316988	0.398121	-0.291379	-0.0342179	-0.32408
-2.98804	2.64105	-1.4981	-0.22478	0.177843	-0.0650681	0.361671	0.0320795	-0.151237	0.162482	-0.176656	0.158034	-0.266077	0.337066	-0.249276	-0.0628674	-0.269934
-3.03355	2.68415	-1.37989	-0.217337	-0.0485576	0.183822	0.238685	-0.013121	-0.00654752	0.0104303	-0.0838765	0.143787	-0.316497	0.380644	-0.263982	-0.0343353	-0.30168
-2.99626	2.69734	-1.44783	-0.0870568	-0.154583	0.220579	0.281015	-0.0451064	-0.0523818	0.100252	-0.115509	0.0602719	-0.239186	0.357391	-0.305127	0.00920408	-0.292935
-3.05586	2.81553	-1.31432	-0.182492	0.0116027	0.0352789	0.504679	-0.162038	0.0545121	0.0436415	0.0188224	-0.0120186	-0.163402	0.335237	-0.284934	0.0254656	-0.254012
-2.99552	2.89847	-1.38371	-0.0086667	-0.129488	0.136781	0.553905	-0.227904	0.198979	-0.0500501	0.131253	0.0011472	-0.193004	0.405906	-0.327456	0.0847524	-0.22093
-3.01882	3.1937	-1.39138	0.142031	-0.0972001	0.2938	0.531926	0.03334	0.118793	0.166695	0.16414	0.0876806	-0.0822056	0.360911	-0.198933	-0.000553431	0.0347308
-3.00629	3.07078	-1.18251	-0.173875	0.0971555	0.0436899	0.6629	-0.101895	0.0731865	0.159757	0.123493	0.0720966	-0.11129	0.324073	-0.242553	0.0480112	-0.0450529
-3.04712	3.2311	-1.09961	-0.115292	-0.00762499	0.272496	0.602964	-0.024312	0.113005	0.138589	0.32885	0.0113279	-0.0321082	0.353261	-0.301275	0.139471	0.0317562
-3.04587	3.28032	-0.876878	-0.293689	0.224973	0.171026	0.703217	0.0324201	0.109173	0.178238	0.48213	-0.0187845	0.0666046	0.262044	-0.240317	0.135618	0.159163
-3.03579	3.09047	-0.928558	-0.33442	0.0258974	0.094024	0.628302	-0.13786	0.0383238	0.108303	0.390876	-0.0702054	0.0245154	0.0382796	-0.15096	0.094264	-0.00701788
-3.2254	3.11123	-0.985053	-0.448242	-0.0812191	-0.12953	0.593779	-0.260322	-0.155011	0.106109	0.317142	-0.194048	0.0115835	-0.180999	-0.14366	0.126294	-0.218551
-3.0976	2.89217	-0.727789	-0.372709	-0.168582	0.0302038	0.503738	-0.236374	-0.0521735	0.162263	0.371091	-0.137217	-0.0353533	-0.0659139	-0.197854	0.121519	-0.0933099
-3.20525	2.79405	-0.604781	-0.362907	-0.300724	-0.0460222	0.413584	-0.311953	-0.0160763	0.0836214	0.320621	-0.163423	-0.0448846	-0.0979468	-0.294656	0.130774	-0.150425
-3.31529	2.7805	-0.513593	-0.282081	-0.426656	-0.101319	0.371686	-0.22973	-0.0699833	0.0237712	0.285731	-0.207888	0.125155	-0.225597	-0.245333	0.014929	-0.111228
-3.35067	2.7994	-0.487421	-0.16981	-0.580119	0.00708306	0.346561	-0.133939	-0.198804	0.0905685	0.182916	-0.0646012	0.160475	-0.205497	-0.236671	-0.0390569	-0.0944586
-3.33731	2.66204	-0.393728	-0.207263	-0.618635	-0.0135233	0.39132	-0.249943	-0.18112	0.0209253	0.178097	-0.0637283	0.218657	-0.26732	-0.187977	-0.0941749	-0.137483
-3.39729	2.65877	-0.293189	-0.218272	-0.646006	0.0446305	0.36273	-0.262061	-0.174516	-0.0211474	0.193132	-0.0130823	0.249589	-0.312546	-0.0996635	-0.175105	-0.109576
-3.45828	2.64384	-0.242713	-0.208303	-0.707567	0.093678	0.292227	-0.247644	-0.227919	-0.0188325	0.142136	0.0343038	0.248555	-0.308821	-0.104509	-0.181804	-0.144209
-3.47262	2.66813	-0.124328	-0.165021	-0.677194	0.196834	0.275708	-0.169107	-0.251945	0.0841517	0.127483	0.112652	0.317217	-0.304741	-0.0255912	-0.238493	-0.0389196
-3.57561	2.80754	-0.148	-0.0774654	-0.670538	0.246402	0.265106	-0.140418	-0.258136	0.157096	0.100726	0.168907	0.345038	-0.347925	0.066456	-0.273752	0.0130886
-3.59512	2.77657	-0.142764	-0.0389609	-0.667671	0.223624	0.257297	-0.157062	-0.222065	0.132141	0.0689228	0.22215	0.28348	-0.347511	0.0645624	-0.2242	-0.0284351
-3.493	2.76965	-0.201958	0.0807708	-0.712863	0.356012	0.272494	-0.173249	-0.132359	0.250931	0.130632	0.184667	0.260147	-0.294511	0.10074	-0.229778	0.0624434
-3.44118	2.7463	-0.238097	0.0696289	-0.672969	0.414794	0.240318	-0.200551	-0.139032	0.393747	0.102808	0.200491	0.119929	-0.261167	0.0992299	-0.127129	0.0239845
-3.3649	2.75143	-0.25654	0.123358	-0.591335	0.504667	0.25903	-0.226938	-0.0396209	0.469778	0.162269	0.188678	0.115822	-0.261504	0.17709	-0.111822	0.114868
-3.37876	2.71979	-0.255094	0.172767	-0.488151	0.363467	0.282523	-0.212062	0.0264242	0.491853	0.0919402	0.252128	0.0727525	-0.216648	0.0955471	-0.0593225	0.130642
-3.41167	2.63769	-0.392731	0.226795	-0.587345	0.301001	0.0977143	-0.219346	-0.0182017	0.473602	-0.00347393	0.100844	0.0855878	-0.251255	0.0883851	-0.174921	0.0307353
-3.41589	2.57507	-0.401368	0.25161	-0.561042	0.287243	0.0287185	-0.264037	-0.0259952	0.535655	-0.0394719	0.037082	0.0840473	-0.208062	0.0898573	-0.208083	0.0040647
-3.53878	2.61165	-0.517511	0.395536	-0.587216	0.204929	-0.0308505	-0.291097	-0.0680545	0.539674	-0.120139	0.0622826	-0.0683714	-0.0134169	-0.09717	-0.145349	-0.086065
-3.59071	2.7242	-0.422141	0.384162	-0.318085	0.0918122	0.0306164	-0.276377	0.12975	0.429754	-0.0491333	0.192917	-0.0382372	0.0510657	-0.00443149	-0.215507	0.0706909
-3.51826	2.40402	-0.470813	0.373706	-0.39258	-0.00604302	-0.124373	-0.416349	0.122173	0.229399	-0.104313	0.00736958	-0.0398297	0.0163399	-0.200725	-0.181136	-0.146667
-3.41463	2.46081	-0.442049	0.553102	-0.394385	0.265104	-0.294118	-0.188572	0.118125	0.381155	-0.104	0.0825943	0.146228	0.0116233	-0.0269791	-0.253828	0.0730921
-3.36919	2.47563	-0.423804	0.615069	-0.227137	0.219269	-0.294978	-0.108407	0.0826434	0.473022	-0.16655	0.19831	0.184831	0.057521	-0.0388122	-0.184943	0.142128
-3.5344	2.66429	-0.444148	0.536174	-0.0882717	0.139371	-0.324645	-0.0646336	-0.0182564	0.504572	-0.281163	0.283181	0.131143	0.0802514	-0.0898966	-0.143372	0.105861
-3.56947	2.56218	-0.179752	0.343611	0.0418163	0.109348	-0.302319	-0.112181	0.0626463	0.373666	-0.244957	0.248662	0.136644	0.0755136	-0.154575	-0.0339227	0.0660854
-3.85369	2.77149	-0.0245913	0.243524	0.0408964	0.213345	-0.469554	0.0537245	-0.0983709	0.43648	-0.31286	0.169876	0.153803	0.072125	-0.230312	0.0977346	-0.0292364
-4.10244	2.95987	0.0429762	0.525199	-0.175641	0.258705	-0.144919	-0.339787	0.138251	0.456178	-0.387501	0.183286	0.185943	0.125671	-0.182346	0.0885644	-0.0394238
-4.41479	3.3319	0.200559	0.710965	0.296434	0.0414374	0.0201822	-0.014252	0.223458	0.370825	-0.078811	0.225107	0.405819	0.207202	-0.0515887	0.114959	0.261738
-4.75258	2.89874	0.661524	0.757013	-0.244123	0.414768	-0.354144	-0.178251	0.244537	0.189477	-0.255893	0.138665	0.315353	0.100569	-0.0764424	-0.0571283	-0.0140147
-4.49629	2.19803	0.898704	0.872043	0.0130343	0.410225	-0.0581278	-0.0135368	-0.0174529	0.215512	0.0758877	-0.0459291	0.235163	0.248753	-0.0189367	0.0960263	0.117347
-4.7493	1.20072	1.35246	0.909402	0.155504	0.379202	-0.257128	0.207087	0.0905853	0.0263174	0.0341378	-0.206564	0.190022	0.324625	-0.0587483	-0.0971083	0.130808
-5.05594	0.446911	1.06086	0.725347	0.152984	0.50713	-0.12736	-0.238401	-0.100813	-0.0986677	0.0464488	-0.0819057	0.16135	-0.15215	-0.413967	0.00318528	-0.0312105
-5.10581	0.0870708	1.1448	0.484582	0.016869	0.299925	-0.0538505	0.0222902	0.0204606	0.15344	-0.0649938	-0.0374563	0.216313	0.146341	0.128157	-0.0360456	0.0516637
-5.50996	-0.244582	1.02116	0.23518	0.179934	0.0985917	-0.284162	0.470454	0.0136463	-0.118805	-0.219606	0.103338	0.222015	0.129738	-0.0920641	0.0882969	-0.00794889
-5.26108	-0.729042	0.644641	-0.00109026	0.00313864	0.221841	-0.148703	0.0520881	-0.12201	-0.025323	-0.176509	-0.132828	0.258965	-0.0668316	-0.171098	0.0449632	-0.0483068
-5.30686	-0.941292	0.698751	0.0465648	-0.0477826	0.253557	-0.130036	0.14742	0.0459294	0.0161239	-0.0778913	-0.0793074	0.149401	-0.0952028	-0.190847	-0.0772657	-0.127569
-5.38165	-0.910092	0.869701	0.0381241	0.0395491	0.279081	-0.136568	0.157329	0.0666199	0.124205	0.102453	-0.098395	0.0405983	-0.146116	-0.0641523	-0.0192352	0.0625055
-5.43894	-0.867881	0.761207	-0.0968457	-0.021244	0.205579	-0.0823199	0.189678	-0.0065185	0.0271399	0.0349378	-0.013538	0.339319	-0.1264	-0.109067	-0.0369128	0.00521497
-5.44287	-0.74616	0.635545	-0.13664	0.18002	0.226091	-0.0586158	0.219228	0.00897143	0.101543	-0.0126559	0.0109758	0.288146	-0.115076	0.0761157	-0.00221128	-0.0360768
-5.67467	-0.883092	0.578714	-0.222078	0.343501	0.264618	-0.0298683	0.416416	0.104293	0.249601	0.0402706	0.112032	0.226301	-0.11756	0.0880769	-0.0355236	0.0272952
-5.66954	-1.01611	0.43238	-0.193297	0.163591	0.143276	-0.00536009	0.416091	0.141299	0.347502	0.203594	0.192713	0.373029	-0.0481989	0.0245387	-0.160561	-0.0251692
-5.72081	-1.00507	0.567077	-0.0769002	0.153902	0.105384	-0.00987865	0.403496	0.0897936	0.264006	0.0678265	0.0996258	0.205049	0.0341997	0.00160616	-0.128456	0.11241
-5.79804	-1.03165	0.637307	-0.200556	0.231328	0.167482	0.00871466	0.411563	0.249352	0.163128	0.0347995	0.162666	0.186716	0.152594	0.0323151	-0.00743121	0.244944
-5.78769	-0.872885	0.783891	-0.218585	0.294341	0.0936895	0.0409	0.323815	0.19819	0.192739	0.0782422	0.132111	0.117186	0.072264	-0.077779	0.022912	0.32236
-5.76015	-0.561582	0.942003	-0.10344	0.300233	0.216091	0.0450951	0.20381	0.0999075	0.0816811	-0.00445067	0.137326	0.0582543	0.0371348	0.0146851	0.00266734	0.260954
-5.66433	-0.28513	0.989137	-0.0342022	0.360258	0.250573	0.0722084	0.244746	0.08912	0.00474745	-0.0588981	0.0891046	0.200786	0.178549	0.0627042	-0.096191	0.200319
-5.88624	-0.375217	1.11409	0.0273106	0.341441	0.2631	0.150491	0.271825	-0.00259786	-4.30278e-05	-0.0133291	0.17351	0.365509	0.224251	0.0606896	-0.0653377	0.143816
-6.31181	-0.653781	1.12159	0.147796	0.307886	0.334774	0.0893258	0.234678	-0.018616	0.0502846	0.125445	0.178894	0.237674	0.0891104	0.0390344	0.0865107	0.210402
-6.72748	-0.790866	1.10287	0.159508	0.139781	0.286503	0.124775	0.313257	-0.0346917	0.16927	0.238612	0.28253	0.326352	0.0953613	0.0553041	0.127396	0.0839113
-7.10862	-0.83667	1.13506	0.292701	0.138449	0.378059	0.0853785	0.374578	-0.0552704	0.262567	0.244687	0.37194	0.361321	0.191876	0.0956168	0.0368792	0.186434
-7.52157	-0.814743	1.2216	0.379357	0.231606	0.610046	0.151475	0.309329	-0.0427371	0.413437	0.295954	0.175508	0.193651	0.23914	0.145441	0.0215197	0.410262
-8.10557	-0.407761	1.30094	0.504793	0.328498	0.622914	0.0087866	0.266324	0.0462763	0.37787	0.310615	0.0757318	0.166663	0.119123	0.14136	0.0236578	0.408502
-8.54395	0.384104	0.531656	0.254154	0.563225	0.638602	0.033447	0.414588	0.00343542	0.209576	0.284375	0.0688565	0.293773	0.146427	0.130618	0.212125	0.261809
-6.97327	0.644039	0.0921491	0.546428	0.293628	0.633543	0.205881	0.232826	0.143701	0.127767	0.0886139	0.173485	-0.064518	-0.0386641	0.186225	-0.0253972	0.0596705
-5.58352	0.626086	0.0351009	0.461667	0.18928	0.591955	0.211112	0.24699	0.0894637	0.0786276	0.10341	0.307262	-0.117739	-0.183288	0.175945	-0.0918865	0.0547432
-4.76618	1.157	0.362486	0.442703	-0.0201211	0.440563	0.0406085	0.150038	0.00985528	-0.0461107	0.0840975	0.340803	-0.136873	-0.143835	0.17251	-0.10539	-0.133594
-5.05183	0.906769	0.560455	0.609873	-0.211267	0.355476	-0.154457	0.305722	0.0427511	-0.140067	-0.0162135	0.292402	0.0434097	-0.141775	-0.242643	-0.10753	-0.097444
-4.12236	2.93761	-0.048638	0.140598	0.165839	0.126355	-0.0829686	-0.0604671	0.180543	0.144901	-0.0477403	0.02968	-0.0187018	-0.0763849	-0.0533817	-0.0286634	0.0389559
-3.40079	2.84656	-0.904492	0.479224	-0.290408	-0.0792652	-0.195675	-0.44524	0.376596	-0.103892	0.207154	-0.165424	0.23258	-0.0490205	-0.198214	-0.0729227	-0.2276
-3.08966	2.56012	-1.02306	0.255164	-0.178616	-0.273582	-0.0852588	-0.598227	0.401959	-0.166846	0.247764	-0.273883	0.365584	-0.164508	-0.0747291	-0.194706	-0.36755
-3.16455	2.67273	-1.22378	0.19162	-0.277838	-0.171303	-0.186891	-0.38806	0.353421	-0.0576488	0.170312	-0.218153	0.277563	-0.219282	-0.064892	-0.245487	-0.373184
-3.02731	2.51364	-1.32781	0.0693163	-0.291237	-0.231842	-0.144281	-0.365783	0.286789	-0.051924	0.134886	-0.221244	0.149964	-0.264169	0.0112239	-0.255579	-0.391186
-3.02281	2.3608	-1.34685	-0.108471	-0.279327	-0.36419	-0.174028	-0.368846	0.173587	-0.167301	0.127352	-0.3533	0.0078661	-0.232357	-0.0398149	-0.188275	-0.514868
-3.06388	2.40257	-1.32355	-0.119209	-0.257489	-0.365442	-0.121928	-0.30738	0.139275	-0.141431	0.171165	-0.439454	-0.00511395	-0.240945	-0.0180613	-0.193771	-0.398868
-3.19453	2.47168	-1.44232	-0.110003	-0.378894	-0.387038	-0.189131	-0.302609	-0.0518598	-0.0853907	0.0245525	-0.434281	-0.171841	-0.246675	-0.136255	-0.0618659	-0.53683
-3.3012	2.62894	-1.46961	-0.115748	-0.328358	-0.452725	-0.118899	-0.373211	-0.0384378	-0.109222	0.0393555	-0.429859	-0.155384	-0.357882	-0.12248	-0.0599732	-0.51853
-3.42207	2.7541	-1.48445	-0.199981	-0.259221	-0.51003	-0.0931696	-0.415614	-0.100517	-0.076474	-0.0351766	-0.402766	-0.201797	-0.389344	-0.180858	-0.0427941	-0.539647
-3.45661	2.80666	-1.55628	-0.199003	-0.236445	-0.535283	-0.0495213	-0.524865	-0.023208	-0.198149	0.0165371	-0.4583	-0.206976	-0.407519	-0.25156	0.00459038	-0.586784
-3.55024	2.94564	-1.63386	-0.121194	-0.285018	-0.445356	-0.179717	-0.369248	-0.166736	-0.06393	-0.108311	-0.358651	-0.261232	-0.400452	-0.278214	0.00794737	-0.582322
-3.48553	2.82996	-1.52303	-0.186098	-0.155555	-0.524594	-0.136864	-0.438189	-0.055761	-0.0940592	-0.124851	-0.319437	-0.250347	-0.411416	-0.275533	-0.0304866	-0.552282
-3.62739	2.96864	-1.6114	-0.0802447	-0.174901	-0.581814	-0.151123	-0.513467	0.02973	-0.176991	-0.115485	-0.344312	-0.209642	-0.443925	-0.313237	-0.0461963	-0.585881
-3.66199	2.98167	-1.64057	0.0337127	-0.201863	-0.514736	-0.27556	-0.470149	0.0295917	-0.161133	-0.154272	-0.324446	-0.165239	-0.417166	-0.332529	-0.0539138	-0.621116
-3.71871	3.08034	-1.57778	0.165261	-0.128601	-0.384188	-0.300056	-0.477562	0.219114	-0.245143	-0.0235598	-0.338516	0.00607875	-0.3781	-0.250985	-0.0432595	-0.558539
-3.81438	3.13638	-1.39318	0.230807	0.190865	-0.354984	-0.234362	-0.476399	0.269169	-0.177539	-0.0514021	-0.154634	0.113215	-0.209156	-0.203837	0.0205195	-0.478726
-4.29902	3.36288	-1.08637	0.51608	0.674415	-0.131502	-0.0405935	-0.504519	0.378214	-0.127755	-0.0139572	0.119937	0.288416	0.100288	-0.0586553	0.0173739	-0.14429
-5.51233	3.51756	-0.370392	0.975969	0.865831	0.156262	-0.157422	-0.345848	0.417265	0.165118	-0.0982903	0.109903	0.24959	-0.0139432	0.103039	0.137363	0.25392
-5.95626	3.70017	-0.685142	1.03619	0.901618	0.365641	0.0488193	-0.533464	0.524564	-0.279273	-0.362061	0.114141	0.250374	0.15901	0.074148	0.2384	0.121237
-6.21552	3.64964	-0.490593	1.1675	1.02497	0.516984	0.0309213	-0.394361	0.350528	-0.285429	-0.417231	0.206786	0.414384	0.304058	0.18448	0.383997	0.0180907
-6.68619	3.25868	-0.0699555	0.771222	0.71305	0.0655821	-0.311962	-0.234952	0.113273	-0.311047	-0.465745	0.0562936	-0.0536569	-0.31593	-0.174434	0.172125	0.0259492
-7.77956	3.42324	0.011996	0.786996	0.623087	0.108913	-0.345322	-0.165051	0.172437	-0.45576	-0.731012	-0.414946	-0.115106	-0.764677	-0.409636	0.158394	-0.0437929
-7.90915	3.69771	0.227846	0.901704	0.825981	0.0534255	-0.244021	-0.105087	0.0113668	-0.360596	-0.450409	-0.322205	0.0624176	-0.398912	-0.115754	0.127493	-0.0814021
-8.33583	3.93472	0.665191	0.444492	1.03714	0.0725403	-0.61775	-0.0755831	0.0860663	-0.466395	-0.533205	-0.0137586	-0.157206	-0.383782	-0.18228	0.147812	-0.137464
-7.12158	3.1632	0.222205	1.10109	0.163958	0.268906	-0.190948	-0.154782	-0.051725	-0.461387	-0.0350818	-0.270212	-0.261193	-0.166248	0.016116	0.0844793	-0.0572598
-5.39647	2.29935	-0.305304	0.759954	0.127204	0.225506	-0.37281	-0.281709	-0.00147424	-0.379252	0.036287	0.0478038	-0.149146	-0.163457	-0.197272	-0.190744	-0.24672
-4.45954	2.62565	-0.578006	1.04894	0.0931551	0.017506	-0.326915	0.0964897	0.0907061	-0.299932	0.107098	0.156109	-0.0461036	-0.0353232	-0.104549	-0.0712362	-0.105179
-4.2425	3.03181	-0.691217	1.31323	-0.0687423	0.210372	-0.410175	0.143755	0.104178	-0.181855	0.215209	0.175462	0.226973	0.0115648	0.138214	-0.0276498	0.050175
-4.25789	3.35215	-0.716641	1.45238	0.194524	0.0805387	-0.241871	0.132881	0.248407	-0.19616	0.314177	0.359808	0.330155	0.0628155	0.348407	-0.0451095	0.267647
-4.14101	3.12436	-0.546368	1.54462	0.132001	0.143737	-0.293998	0.181982	0.150072	-0.185448	0.36627	0.350401	0.397186	0.0243786	0.492096	-0.127712	0.316546
-4.24537	3.19328	-0.631634	1.58086	0.0868097	0.0892595	-0.296176	0.124007	0.12377	-0.31642	0.402501	0.257707	0.390552	0.0377973	0.448482	-0.136068	0.237796
-4.19463	2.98588	-0.560537	1.53809	0.0202791	0.0857247	-0.361813	0.10865	-0.0103217	-0.266895	0.248147	0.305422	0.265772	0.0571747	0.37433	-0.109991	0.136228
-4.33934	3.022	-0.734774	1.56818	-0.096897	0.00435554	-0.384367	-0.0247613	-0.0855592	-0.430995	0.287337	0.173172	0.172814	0.0360447	0.213713	-0.103021	-0.0496517
-4.39402	3.16831	-0.640276	1.6618	-0.0105004	0.142236	-0.313666	0.0478804	0.102518	-0.45967	0.399835	0.177782	0.36225	-0.0580134	0.448507	-0.198194	0.24816
-4.65721	3.19576	-0.564082	1.43995	0.0491762	-0.0119884	-0.311687	0.0267693	-0.0635929	-0.390901	0.10521	0.227863	0.179119	-0.049054	0.254834	-0.119218	0.0413386
-4.96499	3.34302	-0.231578	1.34019	0.313984	-0.0467295	-0.120441	0.0768528	-0.113997	-0.202685	0.0581361	0.460006	0.0097933	0.10718	0.273161	-0.0711257	0.287567
-5.06445	2.34411	0.563109	1.07811	0.359168	0.0583315	-0.0641381	-0.0306065	-0.473221	-0.236247	-0.0607505	0.1602	0.165153	0.0702723	0.00114743	0.128462	-0.0178618
-5.47414	2.17317	0.659428	1.37501	0.390647	-0.100743	-0.224024	0.0710093	-0.378995	-0.0940082	0.284662	-0.163195	-0.160475	-0.0700516	-0.110993	0.348049	0.127738
-6.36897	2.55303	0.466092	0.913611	0.252203	0.0115623	-0.10246	0.0614553	-0.370161	-0.273519	-0.157603	-0.252003	0.0418857	-0.307416	-0.204951	0.11876	-0.314842
-8.00636	2.95661	0.878521	1.29364	0.348	-0.146352	-0.202907	0.136214	-0.14335	-0.275752	-0.239863	-0.384159	-0.152655	-0.315666	-0.423376	-0.00813754	-0.0636848
-8.69748	2.86804	1.23335	1.51676	0.591012	-0.032229	-0.139598	0.00440664	-0.145245	-0.333503	-0.254788	-0.29253	-0.162658	-0.175342	0.00791491	0.227357	-0.117077
-9.17378	2.63515	1.28068	1.12774	0.568472	-0.321771	-0.493115	-0.110955	-0.402827	-0.336299	-0.109914	-0.313571	-0.454854	-0.222067	-0.0658999	-0.0229824	-0.0991899
-8.60103	2.1657	0.937875	0.737965	0.455946	0.21302	0.0552227	-0.00333071	-0.130689	-0.195245	-0.155214	-0.119812	-0.111452	-0.0684814	0.0279836	0.0717284	0.0636544
-9.26186	2.20661	1.05585	0.744177	0.366566	0.0768135	-0.054041	-0.0579057	-0.203513	-0.212723	-0.157013	-0.0753588	-0.0666006	-0.0627512	-0.0120994	0.0538552	0.0473114
-9.13758	1.98667	0.87476	0.661607	0.423349	0.213686	0.0641843	0.00692148	-0.0637915	-0.101643	-0.0839952	-0.0455948	-0.0457917	0.0163915	0.048333	0.0532653	0.0949498
-9.73124	1.78151	0.918788	0.687445	0.498009	0.219826	0.0489973	-0.0303433	-0.0109899	-0.0103224	-0.000461727	0.115096	0.111222	0.145129	0.130875	0.157454	0.1469
-9.73427	1.68856	0.844547	0.654095	0.460392	0.261392	0.0989455	-0.0115676	0.022592	-0.00977379	-0.0188224	0.0290991	0.0519318	0.0821151	0.0593096	0.0903178	0.109066
-9.88448	1.52247	0.813422	0.627786	0.456819	0.358967	0.210285	0.0643684	0.0281789	0.0186874	-0.0447191	-0.0244757	-0.0482699	0.0597722	0.0623381	0.101027	0.143069
-9.89548	1.36823	0.682659	0.714959	0.574049	0.398883	0.122868	0.0962361	0.0379975	0.0408237	0.0911348	0.0345095	0.0150274	0.0193049	-0.044358	-0.0171794	0.046457
-9.50482	0.998829	0.455471	0.862309	0.374835	0.341264	-0.00480336	0.264553	0.126538	-0.0280539	0.169598	0.0149702	0.0926185	0.037353	-0.00151631	0.103346	0.0278792
-6.54986	0.738671	0.255239	0.587865	0.24797	0.229	-0.457826	0.201364	0.11451	0.0108308	0.253615	0.00891373	0.0504206	0.0324955	0.15177	0.26946	0.262838
-5.18275	0.750152	0.391864	0.496329	0.0941764	0.178273	-0.383705	0.207966	0.049204	0.0179374	0.086704	0.0381303	0.0362151	-0.0118502	0.0809889	0.159532	0.120568
-4.54893	0.610266	0.622332	0.52019	0.0600357	0.157314	-0.262074	0.239792	0.066895	0.0626087	0.178941	0.0911686	0.0538807	-0.0415684	0.132309	0.0888417	0.0188611
-4.58924	0.431085	0.772983	0.528399	0.0764513	0.193206	-0.172905	0.255408	0.0737909	0.0455639	0.288503	0.123854	0.0375533	-0.0974162	0.16269	0.0880863	-0.0177699
-5.25137	0.371286	0.768605	0.83821	-0.142776	0.132063	-0.315145	-0.016152	-0.0900568	-0.040227	-0.00803475	0.0444179	-0.0661768	-0.338506	-0.118541	0.0111832	0.150017
-5.39596	1.02459	0.588535	1.20335	0.154654	0.357679	-0.153928	0.31301	0.0830491	-0.399253	-0.110737	0.0497435	0.0777786	-0.107845	-0.180357	-0.164211	-0.0340758
-5.09736	2.6328	0.953879	1.00693	0.142559	0.147928	-0.0762421	0.0952878	-0.000274703	0.00352103	0.0163053	0.429019	0.208075	-0.0339947	-0.0441834	0.198039	0.00403435
-4.6838	2.94113	0.687809	0.910966	0.0285148	0.070304	-0.257597	0.35754	-0.0607337	0.147291	0.0669475	0.448756	0.0611195	0.0354067	0.162664	0.130984	0.0355961
-4.31475	2.77364	0.387234	1.10835	-0.0140505	-0.0367803	-0.302027	0.150976	0.0570548	0.104992	0.00182403	0.313698	0.243239	0.0452287	0.109194	0.169338	-0.0406978
-4.25338	2.77871	0.780198	0.774392	-0.0425159	0.258853	-0.155425	0.0462817	0.0809021	0.281672	-0.0610749	0.375982	0.412095	-0.0562945	0.35649	0.0229814	0.25392
-4.43739	2.87573	0.325137	0.74038	-0.343376	0.0634348	-0.199866	-0.136175	0.037004	-0.0241899	-0.134366	0.154524	0.231967	-0.304095	0.149164	0.0643478	-0.154072
-4.29974	2.75665	0.271812	0.518368	-0.077293	0.0233437	-0.188938	-0.137368	0.0824724	0.014006	-0.141871	0.134979	0.145603	-0.215012	0.023014	-0.0356629	0.0497539
-4.45287	2.96434	0.244107	0.4286	-0.0272942	0.106184	-0.303671	0.0812999	0.10052	-0.0371343	0.0998466	-0.164821	0.308567	-0.270412	-0.0446247	0.0293984	0.131394
-4.28012	2.60296	0.183128	0.43641	-0.0140155	-0.130923	-0.264299	0.188837	-0.125839	-0.0278733	-0.0426566	-0.104585	0.204015	-0.316664	-0.0442037	-0.0846597	-0.0585301
-4.38041	2.79671	0.294906	0.575755	-0.117588	0.0724555	-0.0351117	-0.0924287	0.312232	0.117841	-0.0949659	-0.0358297	0.292571	-0.145888	-0.0943552	-0.106883	0.346528
-4.52084	2.86492	0.155035	0.499638	-0.0427449	-0.0850609	-0.0751906	-0.0272189	0.217473	-0.0322494	-0.0597552	-0.0950359	0.219943	-0.284596	0.0778093	-0.290032	0.163592
-4.65447	2.66744	0.0922383	0.566845	-0.097339	-0.221227	-0.261935	0.109375	-0.0467181	-0.0683704	-0.0835793	-0.259391	0.196206	-0.237961	-0.19132	-0.170124	-0.282187
-4.59013	2.67558	0.188506	0.800709	-0.0269807	-0.127361	0.050151	0.282385	-0.00102404	0.0250952	0.143443	0.026505	0.174385	-0.297173	-0.00387183	0.162323	-0.115123
-4.82242	2.81343	0.130009	0.482573	0.058608	0.0762669	-0.323279	0.18306	0.153445	0.00389698	0.0101305	-0.258931	0.122705	-0.108907	-0.0175488	-0.167635	-0.0693906
-4.70668	2.69155	-0.17535	0.671732	0.272982	-0.132308	-0.235296	0.485461	0.193798	0.0444232	-0.167813	-0.0755977	0.19471	-0.0886621	0.0438836	-0.202297	-0.0694007
-4.86885	2.70136	0.169733	0.641699	0.204478	-0.0509508	0.361461	0.365848	0.323459	-0.181432	-0.00399016	0.0896158	0.344554	-0.0485883	0.0950517	-0.205973	0.108398
-4.89599	2.66646	-0.129332	0.493864	0.212885	-0.0218214	0.0180981	0.573559	0.148185	-0.191248	0.0210254	0.0194011	0.0318716	-0.0771869	-0.0922653	-0.0125867	-0.17483
-4.93629	2.57486	-0.0747154	0.209388	0.227993	0.0960263	-0.169785	0.340946	0.303628	-0.302324	-0.102525	-0.0806376	0.255345	-0.361098	0.0674324	-0.224912	-0.251453
-5.19127	2.73831	-0.13247	0.194142	0.416641	0.0549701	0.0600776	0.212281	0.121508	-0.140989	-0.225031	-0.237466	0.471292	-0.365235	0.142811	-0.0697604	-0.470221
-4.92025	2.69397	-0.279082	0.322134	0.625303	-0.204199	-0.0579146	0.414601	0.135387	-0.137356	-0.0597995	-0.194334	0.290571	-0.171148	0.192522	-0.302933	-0.182908
-5.01224	3.00126	-0.371169	0.244882	0.36614	-0.107335	-0.307084	0.258951	-0.0351525	-0.0499057	0.0305998	-0.379873	0.378911	-0.555239	0.211601	-0.0947831	-0.438645
-5.04268	2.95194	-0.193111	0.0599898	0.413722	-0.3904	-0.535134	0.187052	0.197074	-0.0939291	-0.334619	-0.351295	0.338227	-0.523369	0.0509404	-0.212319	-0.469109
-5.28196	2.93331	0.299805	0.364163	0.737975	-0.262963	-0.479393	-0.0534268	0.376028	0.218268	-0.0590052	-0.103192	0.422013	-0.581634	0.0312127	-0.0502264	-0.241927
-5.04927	3.51228	-0.00833448	0.0225005	0.73021	-0.293152	-0.0222288	0.0771436	0.0681477	0.241625	0.106711	-0.0390273	0.369411	-0.281257	0.171894	-0.0606513	-0.172315
-4.96408	3.63414	-0.0231116	-0.286342	0.534987	-0.00189057	-0.323836	0.0400372	0.0251247	0.180303	-0.123434	0.018781	0.481398	-0.536293	0.157623	-0.0268707	-0.194817
-4.99344	3.86587	-0.395714	-0.538276	0.579968	-0.208907	-0.396478	-0.0709912	-0.230624	0.203787	-0.0940514	-0.462283	0.51648	-0.45681	-0.0604305	-0.105626	-0.389713
-4.84679	3.91495	-0.400931	-0.694051	0.71544	-0.0478759	-0.442302	-0.202189	-0.0854597	0.334883	-0.322038	-0.185761	0.489942	-0.34813	-0.087263	-0.0431593	-0.244366
-4.68742	3.85493	-0.733125	-0.745109	0.96472	-0.285745	-0.503093	-0.131067	-0.199913	0.159742	-0.21289	-0.136481	0.282585	-0.302236	-0.012473	-0.169705	-0.257272
-4.57203	3.72409	-0.875461	-0.770498	0.976356	-0.373594	-0.525059	-0.180779	-0.315965	0.249765	-0.246613	-0.311204	0.385017	-0.439171	-0.0622228	-0.136723	-0.342182
-4.35018	3.50297	-0.981586	-0.471969	0.816712	-0.271426	-0.436708	-0.278812	-0.25073	0.297009	-0.270934	-0.248181	0.409795	-0.362999	-0.0153602	-0.136478	-0.231834
-4.37501	3.341	-1.01166	-0.41277	0.650132	-0.213779	-0.527294	-0.37411	-0.324515	0.259107	-0.335385	-0.274237	0.327551	-0.310912	-0.15229	-0.0701942	-0.421126
-4.72159	3.60399	-0.879277	-0.61743	0.792746	-0.303093	-0.402424	-0.404759	-0.611033	0.320814	-0.262453	-0.383182	0.331114	-0.332668	0.0379131	-0.0544549	-0.605574
-4.77101	3.68324	-0.916084	-0.579775	0.853153	-0.225762	-0.481127	-0.415756	-0.508648	0.272853	-0.234437	-0.394932	0.407133	-0.278469	-0.0556991	-0.0441903	-0.474195
-4.90998	3.7617	-0.866908	-0.549478	0.784261	-0.152683	-0.440315	-0.449362	-0.568365	0.289447	-0.230473	-0.388512	0.369757	-0.26254	-0.00380837	-0.0665527	-0.461615
-5.14177	4.00277	-0.716241	-0.642667	0.856493	-0.070826	-0.414146	-0.408593	-0.582952	0.271063	-0.118496	-0.43012	0.415628	-0.218659	-0.065061	0.0345605	-0.389642
-5.42523	4.11561	-0.587389	-0.558268	0.521685	0.17302	-0.415334	-0.511061	-0.500654	0.148426	-0.216742	-0.292816	0.247773	-0.194532	-0.0502327	-0.021729	-0.413245
-5.41614	3.86097	-0.193841	-0.219127	0.324827	0.347323	-0.180682	-0.409887	-0.347161	0.12895	-0.0731903	-0.214796	0.4108	-0.113771	-0.13593	0.0357544	0.0153962
-5.74764	3.65316	0.335522	0.0570228	-0.0417411	0.522847	-0.0309735	-0.201416	-0.24159	-0.0985192	0.00831317	0.0723765	0.195442	-0.119025	-0.10234	0.20189	0.0717554
-5.81374	3.03217	0.381609	0.176217	-0.0277711	0.349466	-0.258532	-0.244578	-0.0343457	-0.28468	-0.171772	-0.151822	0.159743	-0.248361	-0.055371	-0.210554	-0.134665
-6.00007	2.6023	0.794988	0.573945	0.295797	0.220726	-0.00936289	0.0103036	-0.29162	0.112351	-0.0246429	0.107489	-0.00537657	-0.0612839	-0.0430827	-0.081473	0.211288
-6.02544	1.90113	0.7122	0.910669	0.358519	0.238578	0.277635	0.116854	-0.0732249	-0.0638874	-0.134767	0.167111	0.074162	-0.254664	-0.066785	0.0517001	0.278572
-6.21338	1.08469	0.259984	0.592808	0.807812	0.620218	0.419682	-0.052611	-0.374485	-0.139965	-0.0257321	-0.209272	0.0249733	-0.0694226	-0.0524871	-0.103918	-0.0525522
-5.93422	0.730143	-0.110365	0.486442	0.395803	0.449523	0.18469	0.00105301	0.0210739	-0.163111	-0.144534	-0.0921735	-0.0599603	-0.214919	-0.050747	-0.0120523	-0.020897
-5.91292	0.661633	-0.191397	0.314877	0.217079	0.423925	0.0989248	-0.144686	-0.0475559	-0.133052	-0.0572366	-0.000189008	0.0829782	-0.0766166	0.0138321	-0.0358568	0.116311
-6.11064	0.537429	-0.227194	0.303262	0.24685	0.444521	0.0692133	-0.159362	-0.0950847	-0.174376	-0.0445657	0.0132284	0.104136	0.0330072	0.0228204	-0.0595945	0.0934726
-6.42681	0.312654	-0.146587	0.29044	0.372989	0.356318	0.128998	-0.133824	-0.134846	-0.140547	-0.116481	0.138109	0.0710436	0.161326	0.0955002	0.000763096	0.00962186
-6.60023	0.0636774	-0.182034	0.226534	0.347017	0.269704	0.276009	0.0851591	0.0710555	-0.0331476	0.035713	0.150306	-0.0619224	0.171891	-0.0304615	-0.0459423	0.0177184
-6.6618	-0.141415	-0.197471	0.269295	0.311549	0.30005	0.283108	0.238016	0.159854	0.0554588	-0.0418395	0.120184	-0.0699284	-0.0478351	-0.0683699	-0.0322267	0.115574
-6.74939	-0.44834	-0.388637	0.268505	0.334502	0.413374	0.053335	0.0563724	0.0189022	0.146721	0.109629	0.201832	-0.00475133	0.0204881	0.0272653	0.0219661	0.188288
-6.66979	-0.413314	-0.428134	0.223129	0.430551	0.490447	0.136045	0.0398742	0.0347105	0.195172	0.257231	0.158876	0.0519229	0.0447847	-0.0761455	-0.0161161	0.071581
-6.70852	-0.382769	-0.390638	0.178179	0.279284	0.345475	0.242565	0.0574083	0.149813	0.22984	0.309915	0.167748	-0.0403354	-0.0790545	-0.145012	-0.0601442	0.0563783
-6.71883	-0.175485	-0.284117	0.257212	0.369482	0.289998	0.130914	0.00234915	0.151652	0.15291	0.173427	0.00362838	-0.160235	0.0882247	0.0477073	-0.000793053	0.117179
-6.79577	-0.16381	-0.246426	0.388825	0.518367	0.349467	0.075349	-0.00214544	0.0934113	0.120784	0.109639	-0.00359126	-0.0919158	0.0644069	0.0945092	0.0665036	0.126875
-6.57429	0.10493	-0.226024	0.244434	0.46801	0.300065	0.0719509	-0.0617627	0.128811	0.108173	0.151377	0.197177	0.121802	-0.0789707	0.00436121	0.0498588	0.0477301
-6.3985	0.171662	-0.363493	0.270306	0.263449	0.215829	0.0815055	-0.0383096	0.132694	0.155121	0.209901	0.20982	0.0906652	-0.0391028	0.0676783	0.112181	0.036507
-6.35372	0.199804	-0.403111	0.501868	0.12719	0.0293377	-0.0231332	-0.0590035	0.0228022	0.102862	0.286338	0.177795	0.114714	-0.0183386	0.106906	0.194039	0.194112
-6.34765	0.159824	-0.385076	0.484946	0.162862	0.0412808	0.0275371	-0.0847139	-0.109723	-0.118104	0.21436	0.157751	0.129716	-0.039764	-0.0956686	0.0952439	0.15288
-6.38063	0.00237198	-0.447394	0.329677	0.120445	0.0567684	-0.0243091	-0.185969	-0.126763	-0.126194	0.0812687	0.108199	-0.0292685	-0.0181773	-0.0790465	0.0491288	0.096422
-6.33505	-0.0294458	-0.535326	0.245611	0.168589	0.393999	0.118994	-0.0888776	-0.0266456	0.0197476	0.161812	0.124474	0.00656926	0.0108671	-0.00405884	0.120021	0.096012
-6.27141	0.0181946	-0.397383	0.37435	0.217014	0.459276	0.233692	0.000618871	-0.0143942	0.0898592	0.134677	0.0699255	0.0416287	-0.0244072	-0.0988045	0.0588703	0.0781613
-6.34973	-0.0680983	-0.342229	0.521934	0.276253	0.276125	0.373621	0.0725045	-0.131556	0.0824405	0.0520193	0.088701	0.0058939	-0.0771725	0.0566938	0.171865	0.0511527
-6.28696	0.0118506	-0.43511	0.515317	0.401486	0.0780667	0.168352	-0.0370727	-0.10573	0.0639099	0.121953	0.103874	0.0318878	0.0561552	0.118707	0.0859823	0.0241156
-6.09859	0.0319625	-0.462277	0.423276	0.223958	0.0864786	0.128358	-0.0235741	-0.0758643	0.127124	0.110526	0.021281	-0.0547843	0.00788774	-0.0908749	-0.0430937	0.0778604
-6.01932	0.00552857	-0.515727	0.387356	0.284974	0.189	0.10127	-0.0110843	-0.0218707	0.170671	0.201097	0.0372297	0.00592457	0.0192461	-0.0862166	-0.0420681	0.133899
-6.03371	-0.0254869	-0.495864	0.394423	0.34971	0.233352	0.131399	-0.0774402	-0.0535004	0.0698844	0.240514	0.184547	-0.0272218	-0.0186148	-0.000314311	-0.0266084	0.107915
-6.15658	-0.0851446	-0.355444	0.488791	0.249665	0.0668538	0.0508953	-0.156649	-0.09208	0.0547125	0.229645	0.267895	-0.0327286	-0.124072	-0.0577269	-0.0550303	0.129842
-5.78671	-0.0116047	-0.515805	0.43184	0.158245	0.105645	-0.0747668	-0.206503	-0.164549	-0.0124115	0.0362964	0.255429	0.239011	0.00321536	-0.203497	-0.215321	0.0148694
-5.6711	-0.00137196	-0.648935	0.409084	0.159697	0.220194	-0.0687989	-0.268133	-0.315395	-0.169727	0.0177301	0.109891	0.252361	0.0372841	-0.195567	-0.217237	-0.054889
-5.45766	0.768218	-0.178205	0.727988	0.425725	0.324698	-0.0352999	-0.158877	-0.318352	-0.206968	-0.0755529	-0.0797182	-0.0510177	-0.0716789	-0.118994	-0.0453055	-0.00591061
-5.21872	1.54287	0.126005	1.02986	0.323293	-0.165427	-0.147979	-0.0113395	-0.322597	-0.289773	-0.0636794	-0.031091	-0.14739	-0.125569	-0.0360946	-0.00127047	-0.0578236
-4.92674	2.10549	-0.0143318	1.17905	0.123621	-0.240908	-0.00145955	-0.108845	-0.480621	-0.366378	-0.134826	-0.0883694	-0.170827	0.06219	-0.103244	-0.0377352	0.0498925
-4.92091	3.03371	-0.13945	1.60856	0.186663	0.103494	0.0454342	0.209074	-0.381346	-0.173804	0.06218	0.220367	-0.0378831	0.260573	0.157441	-0.0754052	0.270422
-4.972	2.38158	0.0986611	2.32481	-0.337349	-0.227407	0.30656	0.0444768	-0.381495	0.0527191	-0.139075	-0.223744	-0.0739904	0.239077	0.103157	-0.178513	0.245164
-4.50555	2.44899	0.14629	2.36282	-0.036406	0.450437	0.473274	0.225768	-0.230483	0.179649	0.284767	0.255278	0.312173	0.502817	0.108737	0.0290956	0.523883
-4.64199	2.31114	0.0674499	2.02614	-0.0908383	0.166798	0.252181	0.149449	-0.372295	0.0777874	0.0281713	0.0945159	0.0716157	0.222648	0.106039	-0.0873663	0.299642
-4.71239	2.42081	0.49149	2.26606	-0.0764091	0.500452	0.494002	0.166585	-0.281584	0.288825	0.12248	0.303211	0.40759	0.465459	0.0666802	0.179697	0.459318
-4.76422	2.35648	0.286657	2.2865	-0.261719	0.470805	0.349007	0.191888	-0.301814	0.218367	0.0384298	0.185898	0.195719	0.363588	0.0677089	0.058947	0.419271
-5.05085	2.23395	0.528163	2.11911	-0.258729	0.566346	0.18468	0.0818163	-0.424424	0.228258	-0.197856	0.176247	0.203831	0.344089	-0.0323147	0.267795	0.170408
-5.07993	2.28896	0.621225	2.15412	0.00853175	0.366349	0.366074	0.128309	-0.226647	0.205084	0.00312401	0.0748012	0.286537	0.287455	0.135966	0.0852212	0.55691
-5.24882	2.15445	0.670691	2.1357	-0.00415888	0.435243	0.48576	-0.130517	-0.276838	0.096659	-0.149135	0.0824965	0.25379	0.360373	0.0436195	0.36405	0.258778
-5.2826	1.93781	0.571311	1.98431	-0.102395	0.351698	0.33277	-0.167377	-0.434792	0.0338146	-0.283072	-0.0342303	0.0582028	0.204161	-0.00573914	0.210197	0.159395
-5.45588	1.99579	0.668936	1.99792	-0.197598	0.387267	0.296182	-0.209743	-0.265145	-0.0554641	-0.32349	0.0418512	0.0167554	0.108064	0.0247161	0.252943	0.242577
-5.64111	1.84951	0.678734	1.764	-0.408491	0.269322	0.0904168	-0.207377	-0.498125	-0.130129	-0.338915	-0.314105	0.0233918	-0.119976	-0.158134	0.128172	0.0217368
-5.95733	1.83793	1.05407	1.62563	-0.503538	0.268986	-0.0107041	-0.206193	-0.664348	-0.062531	-0.276779	-0.3047	-0.00648369	-0.122718	-0.216794	0.15147	-0.0720789
-6.0163	1.95242	1.08434	1.60435	-0.364437	0.245244	0.105905	-0.296409	-0.401835	-0.0888259	-0.246874	-0.208863	0.0343433	0.0359801	-0.342423	0.142512	0.150236
-6.06501	1.94303	0.907416	1.8132	-0.419886	0.356176	-0.0136817	-0.218642	-0.337542	0.0031842	-0.332708	-0.189479	0.106683	-0.117399	-0.261621	0.225986	0.111988
-6.48766	1.98954	1.19527	1.52103	-0.191085	0.160576	0.129681	-0.1644	-0.45067	0.13779	-0.367244	-0.460715	0.179714	-0.130845	-0.230549	0.191526	0.00991454
-6.20618	1.68815	0.880571	1.69348	-0.374263	0.279848	0.112943	-0.238077	-0.364411	-0.185511	-0.183916	-0.390271	0.0927785	-0.152841	-0.249787	0.0577238	0.09078
-7.55686	1.89897	1.64997	2.00146	-0.686052	-0.0982345	0.1141	-0.243201	-0.264658	-0.320359	-0.0170933	-0.169506	0.130834	-0.116542	-0.486181	0.278211	0.228638
-6.70437	2.14748	0.96992	1.59981	-0.235801	0.0733666	0.281344	-0.0165326	-0.370801	-0.0977778	-0.214563	-0.219903	0.120784	-0.0507598	-0.199063	0.208962	-0.0579295
-7.07155	1.91229	0.976333	1.53551	-0.133096	0.0802267	0.32225	-0.237246	-0.225556	-0.18803	-0.166685	-0.270868	0.0458649	-0.0614878	-0.177916	0.128632	0.013311
-7.09494	2.05341	0.704743	1.6756	-0.268623	0.0587775	0.445269	-0.235836	-0.420689	-0.352806	-0.191267	-0.159827	0.0203598	0.0385176	-0.29461	0.0645799	0.0318605
-6.97022	2.1688	0.620081	1.74589	-0.322798	0.0477521	0.453745	-0.219578	-0.396245	-0.332946	-0.211237	-0.0902003	-0.0233639	0.0708789	-0.362058	0.0195855	0.0372972
-7.4146	2.13665	0.754613	1.65466	-0.266094	-0.0317205	0.496581	-0.289699	-0.32081	-0.246495	-0.170665	-0.154561	-0.0460908	0.0554818	-0.378547	0.0011658	0.100945
-8.06495	1.73462	0.643175	1.25385	0.0449421	0.125476	0.418893	-0.359306	-0.200888	-0.0827069	-0.257978	-0.185255	-0.00107112	-0.100881	-0.313333	0.107531	0.174613
-8.17343	1.58643	0.572827	0.929154	0.0268836	0.0656286	0.266684	-0.255672	-0.177978	-0.0697768	-0.253863	-0.205028	-0.0726431	-0.0508879	-0.0546892	0.0994963	0.15231
-9.1115	1.5962	0.646151	1.4056	0.120645	0.018964	0.500006	-0.11755	-0.133392	-0.00508993	-0.198096	-0.0966785	-0.0396316	0.0413531	-0.00266417	0.140675	0.180209
-9.3023	1.57168	0.756369	1.24639	0.321769	0.266489	0.489419	0.0290781	-0.0473314	0.00599389	-0.0890121	0.00566413	-0.119399	-0.0501465	0.0221737	0.0729949	0.0861164
-9.4441	1.73312	0.876916	0.880723	0.487925	0.370575	0.319558	0.0847782	-0.0153103	0.00166424	-0.124308	-0.044415	-0.0927266	-0.0706861	0.047719	0.0529406	0.0456306
-9.91755	1.63227	1.07977	0.912339	0.539081	0.40705	0.335716	0.0813827	-0.023488	0.017724	-0.137361	-0.0520327	-0.0458301	0.0100622	0.100668	0.0606141	0.0554927
-9.6381	1.59091	0.71204	0.588603	0.433616	0.355127	0.268182	0.185872	0.144727	0.14808	0.0644552	0.0693559	0.0638198	0.0460606	0.105818	0.103259	0.114001
-9.85536	1.5891	0.837456	0.655843	0.491434	0.403641	0.297646	0.255249	0.111553	0.105568	0.0597711	0.00577415	0.0428555	-0.012434	0.0633857	0.0459963	0.090435
-10.2285	1.36786	0.879643	0.638616	0.459785	0.42402	0.333406	0.278294	0.208752	0.199404	0.0475946	0.0270073	0.0499794	-0.0992121	-0.0500555	-0.0653342	0.106346
-10.088	1.23904	0.578859	0.446431	0.346409	0.300589	0.30981	0.201224	0.166873	0.169555	0.0962617	0.0596409	0.0812165	0.100995	0.147748	0.120163	0.214071
-10.088	1.19983	0.631155	0.489469	0.387147	0.3121	0.31036	0.196518	0.178329	0.234939	0.127141	0.0916661	0.14477	0.157738	0.15932	0.0950579	0.147653
-8.83434	1.77865	0.158721	1.26848	0.571489	-0.405121	-0.0644951	0.0156844	-0.0265056	0.0650689	0.0863791	0.170734	0.0513421	-0.0378258	0.199342	0.190614	-0.0601119
-7.97292	1.94965	-0.0502093	1.44197	0.444107	-0.479661	-0.134164	-0.14792	-0.0859868	-0.00892897	0.0984574	0.148178	-0.0798822	-0.146625	0.207471	0.206318	-0.0600767
-7.76188	1.84651	-0.0523238	1.49503	0.299762	-0.43252	-0.183347	-0.216079	-0.0998868	-0.100593	0.074057	0.180262	-0.150361	-0.181438	0.231571	0.216427	-0.0710284
-8.11125	1.55654	0.0471935	1.61946	0.160441	-0.264659	-0.253128	-0.226644	0.00951374	-0.244289	0.100278	0.292898	-0.193104	-0.129499	0.267268	0.244837	-0.0109301
-8.72614	1.23359	0.339483	1.65299	0.165243	-0.0665186	0.163685	0.0872091	-0.0209694	-0.464008	0.20037	0.492969	-0.0737534	0.00154817	0.343289	0.23778	0.0198558
-9.23478	1.35868	0.317298	1.20219	0.336374	0.0936217	0.23944	0.201333	0.237857	-0.197935	0.162963	0.345581	-0.0967353	0.0883846	0.369294	0.149088	-0.00233672
-9.87095	1.41704	0.674471	0.747386	0.420218	0.205045	0.127666	0.1556	0.136984	-0.0752704	0.140469	0.213419	-0.0285014	0.109038	0.233402	0.156197	-0.0151646
-9.98679	1.2469	0.530222	0.429097	0.316417	0.249564	0.217059	0.221426	0.174964	0.147274	0.122587	0.172993	0.163914	0.218666	0.157392	0.122033	0.1299
-10.1413	1.1749	0.512817	0.393715	0.301245	0.283253	0.209564	0.237546	0.17492	0.230608	0.200023	0.185706	0.153199	0.212366	0.174338	0.123169	0.16014
-10.2165	1.15242	0.529966	0.382016	0.316448	0.280778	0.200401	0.228408	0.189202	0.209841	0.207863	0.151539	0.140041	0.192512	0.177455	0.107032	0.154611
-10.3236	1.14512	0.669648	0.380881	0.340706	0.266148	0.202922	0.183958	0.251753	0.229365	0.228542	0.125429	0.0760594	0.111012	0.143587	0.131907	0.13579
-10.4179	1.11245	0.699901	0.422664	0.363723	0.258532	0.256679	0.250713	0.302104	0.222403	0.207847	0.144064	0.141334	0.101619	0.105876	0.137098	0.132588
-10.4008	1.07584	0.662153	0.498273	0.413825	0.249275	0.258993	0.283225	0.312213	0.254606	0.264722	0.223674	0.19922	0.0929307	0.0846428	0.103706	0.0657964
-10.3643	1.06178	0.610243	0.467162	0.419823	0.285675	0.217215	0.233648	0.258552	0.185955	0.212475	0.150806	0.180802	0.149038	0.127827	0.155315	0.135626
-10.5042	0.946417	0.602373	0.484226	0.415029	0.357936	0.206319	0.20861	0.228767	0.135981	0.144464	0.160354	0.22586	0.211217	0.195787	0.208343	0.227647
-10.4883	0.986362	0.671915	0.457674	0.374171	0.412297	0.270432	0.176315	0.188641	0.201979	0.125205	0.217959	0.232905	0.172433	0.204582	0.204838	0.19646
-10.3545	1.02551	0.591606	0.411261	0.380554	0.402662	0.32831	0.297128	0.248775	0.266444	0.11699	0.19498	0.245333	0.219004	0.169696	0.170054	0.142297
-10.4372	0.94351	0.58782	0.454903	0.401099	0.385258	0.329007	0.343554	0.290181	0.283123	0.151734	0.165264	0.273895	0.268045	0.187419	0.165257	0.135258
-10.3847	1.03501	0.55171	0.429341	0.414599	0.354298	0.297857	0.27753	0.206643	0.160575	0.175999	0.130547	0.18467	0.193342	0.133183	0.172857	0.201221
-10.2982	1.12436	0.622502	0.465013	0.458055	0.339232	0.240511	0.237466	0.215347	0.171292	0.189892	0.17885	0.193071	0.140462	0.0931069	0.122276	0.177569
-10.5183	0.957579	0.673176	0.553497	0.501878	0.337829	0.208525	0.300798	0.221927	0.242607	0.267632	0.31129	0.189861	0.0759572	0.0587584	0.124092	0.142895
-10.3758	1.06075	0.570588	0.433062	0.456433	0.356064	0.264377	0.28162	0.21951	0.263252	0.268566	0.236871	0.105981	0.121014	0.11759	0.138539	0.102792
-10.3436	1.04821	0.526947	0.37716	0.425233	0.392395	0.333735	0.279924	0.186895	0.187827	0.236119	0.212833	0.136908	0.206005	0.187735	0.164725	0.174975
-10.377	1.04699	0.582919	0.372688	0.385015	0.449498	0.40418	0.294689	0.161401	0.164671	0.185697	0.243112	0.186941	0.232256	0.152667	0.0869665	0.147993
-10.3251	1.0945	0.59971	0.395432	0.349525	0.359322	0.324548	0.264848	0.179534	0.188581	0.219617	0.262674	0.16925	0.131167	0.109095	0.0956056	0.143174
-10.4052	1.05508	0.585002	0.383059	0.314941	0.283005	0.238134	0.210659	0.112517	0.211818	0.290669	0.224188	0.14137	0.104478	0.0760603	0.073907	0.146241
-10.4252	1.0304	0.542368	0.374704	0.320273	0.313799	0.26036	0.252795	0.090175	0.143683	0.228046	0.188225	0.128465	0.137703	0.171794	0.0827316	0.142099
-10.4365	1.00037	0.502541	0.335424	0.369801	0.303752	0.2234	0.18068	0.0641751	0.149227	0.19129	0.222523	0.182724	0.196817	0.214093	0.11796	0.127099
-10.4698	0.95705	0.534219	0.343597	0.355357	0.293229	0.274703	0.227405	0.161351	0.228304	0.173502	0.230247	0.207501	0.247655	0.189334	0.15642	0.126667
-10.4288	1.05325	0.60631	0.383323	0.378978	0.275295	0.285036	0.163439	0.122196	0.192261	0.1643	0.187434	0.149139	0.170782	0.167539	0.0911887	0.0475455
-10.404	1.05886	0.587826	0.412822	0.339637	0.23765	0.261562	0.160568	0.0834888	0.183082	0.149759	0.187386	0.142045	0.128382	0.188653	0.10199	0.051952
-10.3972	1.05629	0.549147	0.40538	0.362547	0.361451	0.295081	0.218624	0.0890718	0.199269	0.166893	0.195772	0.141469	0.0944232	0.150968	0.139162	0.0902255
-10.4373	1.06169	0.567236	0.415189	0.399716	0.41708	0.286309	0.190827	0.117986	0.238788	0.235075	0.198194	0.16717	0.149513	0.176439	0.14964	0.115606
-10.46	0.940481	0.515723	0.371441	0.403493	0.431396	0.279007	0.204725	0.14553	0.244589	0.264728	0.239568	0.186529	0.303618	0.229768	0.13282	0.157209
-10.556	0.77192	0.462289	0.404247	0.406195	0.440557	0.334334	0.28015	0.184986	0.245551	0.272437	0.277064	0.191073	0.305673	0.18627	0.106903	0.102369
-10.5146	0.832764	0.447886	0.45472	0.453445	0.422016	0.301881	0.293672	0.212554	0.208591	0.204462	0.257706	0.189426	0.171379	0.139677	0.138064	0.0819002
-10.4155	0.91821	0.489485	0.410045	0.379213	0.410523	0.230832	0.189243	0.191983	0.17325	0.173411	0.173354	0.13447	0.100328	0.0676457	0.0438858	-0.0243092
-10.4592	0.930737	0.524173	0.402354	0.359432	0.436254	0.212997	0.107722	0.215223	0.222266	0.177867	0.181361	0.141034	0.0998511	0.0248692	-0.0540964	-0.0413051
-10.4388	0.977881	0.548645	0.41576	0.391269	0.405765	0.202527	0.186189	0.304184	0.26619	0.229121	0.26812	0.181262	0.120725	0.0711819	0.0120324	0.0216601
-10.458	0.912434	0.540656	0.460094	0.435268	0.369942	0.229015	0.212264	0.263743	0.311083	0.223853	0.231513	0.207124	0.122092	0.0656019	0.0604568	0.106685
-10.3872	0.963139	0.617542	0.595238	0.485229	0.432678	0.288484	0.210521	0.196812	0.221249	0.193604	0.172464	0.119971	0.0524902	0.0758816	0.048065	0.0637557
-10.0975	1.24652	0.74143	0.493216	0.253865	0.266305	0.240822	0.175716	0.136741	0.135749	0.163906	0.143703	-0.0186687	0.0198639	0.101224	0.0761144	0.0274712
