0
0
0
0
0
0
0
0
0
0
0
0
0
0
0
0
0
0
0
0
0
0
0
0
0
0
0
0
0
0
0
0
0
0
0
0
0
0
0
0
0
0
0
0
0
0
0
0
0
1324.8
1826.77
1971.15
2018.08
2754.96
2754.96
3273.48
3273.48
2754.96
2234.38
3750
2921.88
2234.38
2921.88
5703.12
2921.88
4873.25
5703.12
4873.25
4647.16
4647.16
1832.51
1832.51
1678.34
1104.34
1170.88
1405.83
1170.88
1104.34
0
0
0
0
0
0
0
0
0
0
0
0
0
0
0
0
0
0
0
0
0
0
0
0
2296.88
2296.88
2906.25
2296.88
1063.29
1063.29
1141.55
1127.42
1141.55
1401.01
1141.55
1222.93
1222.93
1222.93
1222.93
1348.58
1348.58
1500
1809.9
1860.82
1860.82
2070.31
2150.12
2537.75
2807.19
3046.88
5378.68
5378.68
3758.03
3155.94
3155.94
2600.53
1169.05
1169.05
1169.05
1026.44
0
0
0
0
0
0
0
0
0
0
1046.88
1826.11
3156.25
6941.91
7031.25
7031.25
7031.25
6946.68
6946.68
6946.68
6946.68
6911.35
6911.35
6911.35
6890.62
2406.25
2406.25
2406.25
2406.25
3703.12
4361.48
7014.61
7571.04
7783.46
7783.46
7783.46
7796.97
7526.89
7403.05
7489.54
7489.54
7403.05
7489.54
7489.54
4437.25
4284.46
1667.24
1593.75
1543.88
1543.88
1543.88
1061.26
1032.24
0
0
0
0
0
0
0
0
0
0
0
0
1092.31
1240.02
1346.05
1346.05
1092.31
1374.85
1374.85
4909.49
6233.78
6233.78
5750
5547.82
5750
5750
6343.75
6343.75
6454.25
6454.25
6688.69
6992.17
7375
7067.62
7067.62
7067.62
1259.6
1072.43
1072.43
1131.95
1131.95
1092.9
1092.9
1015.62
0
0
0
0
0
0
0
0
0
0
0
0
3385.93
4120.84
4488.01
6387.89
4488.01
5514.54
5514.54
6327.49
5514.54
6327.49
6327.49
6327.49
5212.2
5212.2
4961.98
4961.98
3889.53
4961.98
4961.98
3889.53
3424.9
3038.63
2734.38
2734.38
2296.91
1892.67
1892.67
1892.67
1892.67
1824.62
1953.52
1953.52
1567.07
1254.48
1254.48
1235.61
1214.07
0
0
0
1062.5
1500
1664.24
1839.27
2209.13
2209.13
2209.13
1378.19
1312.5
1312.5
1378.19
1378.19
1312.5
1288.85
1283.42
1080.81
0
0
0
0
0
0
0
0
0
0
0
0
0
0
0
0
0
0
0
0
0
0
0
0
0
0
0
0
0
0
0
0
0
0
0
0
0
0
0
0
0
0
0
0
0
0
0
0
0
0
0
0
0
0
0
0
0
0
0
0
0
0
0
0
0
0
0
0
0
0
0
0
0
0
0
0
0
0
0
0
0
0
0
0
0
0
0
0
0
0
0
0
0
0
0
0
0
0
0
0
0
0
0
0
0
0
0
0
0
0
0
0
0
0
0
0
0
