1.083740000000000009e+03
1.083740000000000009e+03
1.083740000000000009e+03
1.083740000000000009e+03
1.083740000000000009e+03
1.083740000000000009e+03
1.083740000000000009e+03
1.083740000000000009e+03
1.083740000000000009e+03
1.083740000000000009e+03
1.083740000000000009e+03
1.083740000000000009e+03
1.083740000000000009e+03
1.083740000000000009e+03
1.083740000000000009e+03
1.083740000000000009e+03
1.083740000000000009e+03
1.083740000000000009e+03
1.083740000000000009e+03
1.083740000000000009e+03
1.083740000000000009e+03
1.083740000000000009e+03
1.083740000000000009e+03
1.083740000000000009e+03
1.083740000000000009e+03
1.083740000000000009e+03
1.083740000000000009e+03
1.083740000000000009e+03
1.083740000000000009e+03
1.083740000000000009e+03
1.083740000000000009e+03
1.083740000000000009e+03
1.083740000000000009e+03
1.083740000000000009e+03
1.083740000000000009e+03
1.083740000000000009e+03
1.083740000000000009e+03
1.083740000000000009e+03
1.083740000000000009e+03
1.083740000000000009e+03
1.083740000000000009e+03
1.083740000000000009e+03
1.083740000000000009e+03
1.083740000000000009e+03
1.083740000000000009e+03
1.083740000000000009e+03
1.083740000000000009e+03
1.083740000000000009e+03
1.083740000000000009e+03
1.083740000000000009e+03
1.083740000000000009e+03
1.083740000000000009e+03
1.083740000000000009e+03
1.083740000000000009e+03
1.083740000000000009e+03
1.083740000000000009e+03
1.083740000000000009e+03
1.083740000000000009e+03
1.083740000000000009e+03
1.083740000000000009e+03
1.083740000000000009e+03
1.083740000000000009e+03
1.083740000000000009e+03
1.083740000000000009e+03
1.083740000000000009e+03
1.083740000000000009e+03
1.083740000000000009e+03
1.083740000000000009e+03
1.083740000000000009e+03
1.083740000000000009e+03
1.083740000000000009e+03
1.083740000000000009e+03
1.083740000000000009e+03
1.083740000000000009e+03
1.083740000000000009e+03
1.083740000000000009e+03
1.083740000000000009e+03
1.083740000000000009e+03
1.083740000000000009e+03
1.083740000000000009e+03
1.083740000000000009e+03
1.083740000000000009e+03
1.083740000000000009e+03
1.083740000000000009e+03
1.083740000000000009e+03
1.083740000000000009e+03
1.083740000000000009e+03
1.083740000000000009e+03
1.083740000000000009e+03
1.083740000000000009e+03
1.083740000000000009e+03
1.083740000000000009e+03
1.083740000000000009e+03
3.451010000000000218e+03
5.140619999999999891e+03
5.789060000000000400e+03
5.140619999999999891e+03
5.140619999999999891e+03
5.906250000000000000e+03
5.906250000000000000e+03
3.289059999999999945e+03
5.906250000000000000e+03
3.685389999999999873e+03
1.793299999999999955e+03
3.685389999999999873e+03
3.685389999999999873e+03
3.685389999999999873e+03
5.351699999999999818e+03
5.351699999999999818e+03
5.000000000000000000e+03
5.351699999999999818e+03
5.000000000000000000e+03
5.000000000000000000e+03
6.557140000000000327e+03
6.939189999999999600e+03
6.939189999999999600e+03
7.466539999999999964e+03
7.466539999999999964e+03
7.466539999999999964e+03
4.487289999999999964e+03
2.559369999999999891e+03
2.559369999999999891e+03
2.355000000000000000e+03
2.355000000000000000e+03
2.355000000000000000e+03
1.177279999999999973e+03
1.139480000000000018e+03
1.182054285714285697e+03
1.224628571428571377e+03
1.267202857142857283e+03
1.309777142857142962e+03
1.352351428571428642e+03
1.394925714285714321e+03
1.437500000000000000e+03
1.550059999999999945e+03
2.180760000000000218e+03
2.813460000000000036e+03
3.162150000000000091e+03
3.432320000000000164e+03
4.653649999999999636e+03
5.222739999999999782e+03
5.244039999999999964e+03
5.244039999999999964e+03
5.667989999999999782e+03
5.667989999999999782e+03
5.667989999999999782e+03
5.745649999999999636e+03
7.437159999999999854e+03
6.710310000000000400e+03
7.437159999999999854e+03
7.437159999999999854e+03
7.437159999999999854e+03
6.710310000000000400e+03
7.506960000000000036e+03
5.486920000000000073e+03
5.453119999999999891e+03
5.453119999999999891e+03
3.456880000000000109e+03
1.867160000000000082e+03
1.203119999999999891e+03
1.203119999999999891e+03
1.203119999999999891e+03
1.203119999999999891e+03
1.203119999999999891e+03
1.198048749999999927e+03
1.192977499999999964e+03
1.187906250000000000e+03
1.182835000000000036e+03
1.177763749999999845e+03
1.172692499999999882e+03
1.167621249999999918e+03
1.162549999999999955e+03
1.217480000000000018e+03
2.406250000000000000e+03
2.406250000000000000e+03
3.632670000000000073e+03
4.109380000000000109e+03
4.743619999999999891e+03
5.519630000000000109e+03
5.793350000000000364e+03
6.984380000000000109e+03
6.984380000000000109e+03
5.830550000000000182e+03
5.830550000000000182e+03
6.238920000000000073e+03
6.238920000000000073e+03
6.238920000000000073e+03
6.390619999999999891e+03
6.390619999999999891e+03
5.683789999999999964e+03
4.330109999999999673e+03
2.334289999999999964e+03
1.207150000000000091e+03
1.202440000000000055e+03
1.202440000000000055e+03
1.207150000000000091e+03
1.999190000000000055e+03
1.999190000000000055e+03
1.999190000000000055e+03
1.929540769230769229e+03
1.859891538461538403e+03
1.790242307692307804e+03
1.720593076923076978e+03
1.650943846153846152e+03
1.581294615384615554e+03
1.511645384615384728e+03
1.441996153846153902e+03
1.372346923076923076e+03
1.302697692307692250e+03
1.233048461538461652e+03
1.163399230769230826e+03
1.093750000000000000e+03
1.914400000000000091e+03
1.958569999999999936e+03
3.330139999999999873e+03
5.547409999999999854e+03
5.547409999999999854e+03
5.676199999999999818e+03
5.547409999999999854e+03
5.595149999999999636e+03
5.595149999999999636e+03
5.676199999999999818e+03
6.479119999999999891e+03
7.412350000000000364e+03
7.412350000000000364e+03
7.412350000000000364e+03
4.005269999999999982e+03
4.005269999999999982e+03
3.935590000000000146e+03
3.587170000000000073e+03
3.587170000000000073e+03
3.969329999999999927e+03
3.903710000000000036e+03
3.969329999999999927e+03
5.953119999999999891e+03
7.484380000000000109e+03
7.484380000000000109e+03
7.484380000000000109e+03
7.513619999999999891e+03
6.242189999999999600e+03
6.242189999999999600e+03
7.235510000000000218e+03
7.314399999999999636e+03
7.314399999999999636e+03
7.386600000000000364e+03
7.386600000000000364e+03
7.386600000000000364e+03
6.625340000000000146e+03
5.944659999999999854e+03
5.944659999999999854e+03
5.906250000000000000e+03
3.618690000000000055e+03
1.069970000000000027e+03
1.069970000000000027e+03
1.069970000000000027e+03
4.773210000000000036e+03
5.176640000000000327e+03
5.469029999999999745e+03
7.093750000000000000e+03
5.469029999999999745e+03
5.469029999999999745e+03
7.705270000000000437e+03
7.705270000000000437e+03
7.705270000000000437e+03
7.705270000000000437e+03
6.993430000000000291e+03
3.644480000000000018e+03
3.644480000000000018e+03
3.644480000000000018e+03
3.958610000000000127e+03
4.559680000000000291e+03
4.559680000000000291e+03
4.475909999999999854e+03
4.559680000000000291e+03
5.566979999999999563e+03
5.239640000000000327e+03
5.239640000000000327e+03
6.601800000000000182e+03
6.601800000000000182e+03
6.601800000000000182e+03
7.271109999999999673e+03
7.384060000000000400e+03
7.432350000000000364e+03
7.384060000000000400e+03
7.271109999999999673e+03
4.925439999999999600e+03
4.742109999999999673e+03
4.717140000000000327e+03
2.351500000000000000e+03
1.749579999999999927e+03
1.225079999999999927e+03
1.138569999999999936e+03
1.116160000000000082e+03
1.109838750000000118e+03
1.103517500000000155e+03
1.097196249999999964e+03
1.090875000000000000e+03
1.084553750000000036e+03
1.078232500000000073e+03
1.071911250000000109e+03
1.065590000000000146e+03
1.059268749999999955e+03
1.052947499999999991e+03
1.046626250000000027e+03
1.040305000000000064e+03
1.033983750000000100e+03
1.027662499999999909e+03
1.021341249999999945e+03
1.015019999999999982e+03
1.166720000000000027e+03
2.718750000000000000e+03
2.718750000000000000e+03
2.718750000000000000e+03
1.109880000000000109e+03
1.109880000000000109e+03
1.106309999999999945e+03
1.106309999999999945e+03
1.142250000000000000e+03
1.226559999999999945e+03
1.142250000000000000e+03
1.142250000000000000e+03
1.326617500000000064e+03
1.510985000000000127e+03
1.695352499999999964e+03
1.879720000000000027e+03
2.064087500000000091e+03
2.248454999999999927e+03
2.432822500000000218e+03
2.617190000000000055e+03
3.890619999999999891e+03
5.832939999999999600e+03
5.854510000000000218e+03
5.854510000000000218e+03
5.832939999999999600e+03
4.216189999999999600e+03
4.216189999999999600e+03
4.216189999999999600e+03
4.539210000000000036e+03
6.105800000000000182e+03
6.105800000000000182e+03
6.082899999999999636e+03
6.670229999999999563e+03
6.703119999999999891e+03
6.082899999999999636e+03
6.703119999999999891e+03
7.284989999999999782e+03
7.284989999999999782e+03
5.246819999999999709e+03
5.387880000000000109e+03
5.387880000000000109e+03
5.246819999999999709e+03
4.578119999999999891e+03
4.578119999999999891e+03
4.070309999999999945e+03
3.265619999999999891e+03
4.070309999999999945e+03
3.023409999999999854e+03
2.901289999999999964e+03
2.901289999999999964e+03
2.415349999999999909e+03
2.415349999999999909e+03
2.511440000000000055e+03
3.278619999999999891e+03
3.000000000000000000e+03
3.000000000000000000e+03
3.000000000000000000e+03
2.527369999999999891e+03
2.527369999999999891e+03
2.527369999999999891e+03
3.541070000000000164e+03
3.541070000000000164e+03
3.541070000000000164e+03
5.301510000000000218e+03
3.498230000000000018e+03
3.236050000000000182e+03
3.297800000000000182e+03
3.287159999999999854e+03
3.287159999999999854e+03
3.287159999999999854e+03
3.287159999999999854e+03
3.287159999999999854e+03
3.357429999999999836e+03
3.357429999999999836e+03
4.337979999999999563e+03
4.437880000000000109e+03
4.593750000000000000e+03
4.788100000000000364e+03
4.811270000000000437e+03
4.922430000000000291e+03
4.922430000000000291e+03
4.922430000000000291e+03
4.922430000000000291e+03
4.687449999999999818e+03
4.687449999999999818e+03
4.126750000000000000e+03
4.093639999999999873e+03
4.126750000000000000e+03
4.020440000000000055e+03
3.616369999999999891e+03
4.020440000000000055e+03
4.814649999999999636e+03
4.601560000000000400e+03
4.601560000000000400e+03
4.601560000000000400e+03
2.883130000000000109e+03
2.434909999999999854e+03
1.986690000000000055e+03
1.538470000000000027e+03
1.090250000000000000e+03
1.094039999999999964e+03
1.109349999999999909e+03
1.109349999999999909e+03
1.109349999999999909e+03
2.425780000000000200e+03
3.551599999999999909e+03
3.551599999999999909e+03
3.551599999999999909e+03
3.112179999999999836e+03
2.830679999999999836e+03
2.153510000000000218e+03
1.004080000000000041e+03
1.004080000000000041e+03
1.004080000000000041e+03
1.004080000000000041e+03
1.004080000000000041e+03
1.004080000000000041e+03
1.004080000000000041e+03
1.004080000000000041e+03
1.004080000000000041e+03
1.004080000000000041e+03
1.004080000000000041e+03
1.004080000000000041e+03
1.004080000000000041e+03
1.004080000000000041e+03
1.004080000000000041e+03
1.004080000000000041e+03
1.004080000000000041e+03
1.004080000000000041e+03
1.004080000000000041e+03
1.004080000000000041e+03
1.004080000000000041e+03
1.004080000000000041e+03
1.004080000000000041e+03
1.004080000000000041e+03
1.004080000000000041e+03
1.004080000000000041e+03
1.004080000000000041e+03
1.004080000000000041e+03
1.004080000000000041e+03
1.004080000000000041e+03
1.004080000000000041e+03
1.004080000000000041e+03
1.004080000000000041e+03
1.004080000000000041e+03
1.004080000000000041e+03
1.004080000000000041e+03
1.004080000000000041e+03
1.004080000000000041e+03
1.004080000000000041e+03
1.004080000000000041e+03
1.004080000000000041e+03
1.004080000000000041e+03
1.004080000000000041e+03
1.004080000000000041e+03
1.004080000000000041e+03
1.004080000000000041e+03
1.004080000000000041e+03
1.004080000000000041e+03
1.004080000000000041e+03
1.004080000000000041e+03
1.004080000000000041e+03
1.004080000000000041e+03
1.004080000000000041e+03
1.004080000000000041e+03
1.004080000000000041e+03
1.004080000000000041e+03
1.004080000000000041e+03
1.004080000000000041e+03
1.004080000000000041e+03
1.004080000000000041e+03
1.004080000000000041e+03
1.004080000000000041e+03
1.004080000000000041e+03
1.004080000000000041e+03
1.004080000000000041e+03
1.004080000000000041e+03
1.004080000000000041e+03
1.004080000000000041e+03
1.004080000000000041e+03
1.004080000000000041e+03
1.004080000000000041e+03
1.004080000000000041e+03
1.004080000000000041e+03
1.004080000000000041e+03
1.004080000000000041e+03
1.004080000000000041e+03
1.004080000000000041e+03
