-7.99372	1.69148	0.196989	0.496391	0.106862	0.287292	0.0429531	0.218973	0.0327343	0.164802	0.0145424	0.128628	-0.00644511	0.0993915	-0.0274317	0.0748218	-0.012564
-8.30262	1.7025	0.245474	0.51064	0.15211	0.302182	0.0860881	0.234327	0.0753564	0.179929	0.0548456	0.141877	0.0300764	0.108792	0.00377243	0.0818065	0.0189652
-9.62138	1.58223	0.519352	0.453925	0.36306	0.295347	0.262257	0.25857	0.225713	0.232805	0.180465	0.195451	0.151493	0.142375	0.114326	0.116643	0.122587
-10.2855	1.18371	0.696313	0.412394	0.431511	0.361439	0.336286	0.262241	0.220173	0.28514	0.236783	0.231611	0.19238	0.212974	0.190791	0.17502	0.151801
-10.3951	1.08182	0.667803	0.418449	0.460723	0.446985	0.34201	0.254641	0.216773	0.2808	0.261476	0.207125	0.208344	0.256956	0.231498	0.135902	0.210031
-10.3541	1.09795	0.592064	0.455436	0.40342	0.363908	0.341359	0.30783	0.254936	0.217086	0.237628	0.205325	0.215693	0.207132	0.204047	0.0800184	0.135454
-10.5303	0.976765	0.53348	0.440539	0.376454	0.393439	0.362507	0.360966	0.328532	0.209496	0.164867	0.166737	0.192959	0.168315	0.219277	0.131565	0.125796
-10.4481	1.06375	0.589061	0.433816	0.366811	0.377281	0.248369	0.295696	0.346305	0.264432	0.239062	0.183948	0.185828	0.155935	0.192145	0.144773	0.108686
-10.438	1.06537	0.564091	0.462682	0.476184	0.431981	0.223382	0.214943	0.349063	0.280439	0.207691	0.0807852	0.125894	0.18434	0.161808	0.150171	0.157722
-10.3336	1.0978	0.542141	0.475513	0.445766	0.348377	0.139693	0.16059	0.325969	0.288646	0.197227	0.15571	0.227029	0.304689	0.231772	0.1758	0.168001
-10.4574	0.955535	0.6188	0.591303	0.492085	0.31135	0.143515	0.180484	0.207532	0.274072	0.190366	0.269385	0.294271	0.279883	0.224458	0.163303	0.162268
-10.3417	1.05259	0.569265	0.489652	0.393483	0.219145	0.242631	0.244733	0.145464	0.272526	0.235115	0.145602	0.190159	0.224815	0.182328	0.142101	0.151111
-10.2583	1.14157	0.555621	0.411714	0.341955	0.219315	0.294914	0.240917	0.187975	0.293908	0.279496	0.120425	0.176482	0.235598	0.17248	0.194987	0.149527
-10.4012	1.02341	0.585991	0.453567	0.376537	0.327714	0.351184	0.316922	0.282734	0.334895	0.287473	0.157795	0.215897	0.241553	0.202232	0.234906	0.134183
-9.95943	1.30476	0.547431	0.415659	0.334488	0.275352	0.273387	0.277258	0.227926	0.228215	0.211089	0.197068	0.205358	0.175374	0.203041	0.173191	0.159238
-10.2519	1.16549	0.642079	0.475857	0.416769	0.354516	0.302265	0.316317	0.284051	0.255427	0.21342	0.275407	0.223864	0.161327	0.240923	0.249576	0.199351
-10.2155	1.17142	0.641308	0.487729	0.473954	0.425028	0.292906	0.280744	0.286681	0.243228	0.252024	0.250375	0.218296	0.216184	0.225542	0.185257	0.201307
-9.96393	1.32472	0.57819	0.447916	0.428932	0.435432	0.310195	0.28098	0.270006	0.223101	0.265377	0.232979	0.194789	0.184163	0.182476	0.177721	0.164387
-10.3023	1.17474	0.677348	0.581207	0.516916	0.52266	0.334238	0.331321	0.335782	0.218521	0.237949	0.235025	0.158291	0.161724	0.133067	0.148925	0.104834
-9.97784	1.35182	0.623315	0.488715	0.397279	0.369046	0.303853	0.27487	0.260712	0.239067	0.208426	0.228188	0.200881	0.19646	0.126609	0.162566	0.12681
-9.99382	1.30895	0.591513	0.415513	0.380576	0.329656	0.270825	0.242808	0.226594	0.233816	0.187964	0.177936	0.11869	0.158385	0.115539	0.116963	0.0856518
-10.3274	1.07611	0.535924	0.404607	0.507126	0.472816	0.254945	0.197757	0.222701	0.234442	0.233797	0.167037	0.0718048	0.151974	0.14243	0.103697	0.0647692
-10.0802	1.26084	0.587019	0.437451	0.407316	0.351504	0.254758	0.225088	0.220127	0.198848	0.212938	0.173639	0.167403	0.134568	0.113631	0.122547	0.0962591
-10.0758	0.771088	0.784795	0.606941	0.452897	0.447698	0.320101	0.37282	0.273032	0.264765	0.347402	0.155776	0.2652	0.198495	0.118289	0.26689	0.158765
-9.54151	0.0503486	0.881408	0.704692	0.376185	0.538897	0.254966	0.352896	0.311081	0.1345	0.376317	0.145672	0.188562	0.22766	0.167675	0.252551	0.0943878
-9.01731	-0.097185	0.765038	0.630246	0.197643	0.420584	0.18351	0.325845	0.466485	0.135736	0.449558	0.179096	0.199506	0.260955	0.104186	0.229179	0.0321329
-8.73082	-0.0455598	0.641476	0.608929	0.273233	0.427611	0.119193	0.197778	0.497632	-0.0423588	0.292749	0.225843	0.254827	0.23346	0.179572	0.282323	0.227102
-8.3565	-0.230195	0.483615	0.485673	0.269698	0.302871	0.235623	0.120489	0.515417	-0.0636622	0.11693	0.277668	0.0792517	0.247314	0.23915	0.301144	0.389872
-7.52612	-0.331357	0.441114	0.548238	0.0216484	0.323416	0.250543	0.0463813	0.416744	0.0739095	0.122678	0.262834	-0.0676748	0.172487	0.083148	0.194161	0.222829
-6.44889	0.262373	-0.0341383	0.449756	-0.0682449	0.215082	0.310658	-0.0695053	0.272416	0.0742954	0.0833674	0.248677	0.0760545	0.377566	0.195173	0.0311474	-0.0927759
-5.59004	0.435952	-0.151314	0.451418	-0.209871	0.204715	0.270102	-0.0581953	0.140972	-0.0339016	0.160969	0.170372	0.00326242	0.27015	0.268469	-0.0308748	-0.0597173
-4.98117	0.101772	0.12835	0.471486	-0.219294	0.146099	0.280127	-0.136476	0.179192	-0.0233293	0.163964	0.182727	0.093716	0.184979	0.191279	0.0338184	-0.0830453
-4.6745	-0.114529	0.174306	0.705584	-0.0989953	-0.0356548	0.166798	-0.0569986	0.352801	0.0827797	0.263602	0.350522	0.184464	0.000638125	0.0646441	0.0741506	0.0863002
-4.74792	-0.275789	0.129815	0.869758	-0.0345413	-0.125723	0.241664	-0.0185979	0.354393	0.17449	0.231345	0.341341	0.183137	0.00260883	0.0183563	0.125832	0.13614
-4.89291	0.0250928	0.201051	0.889969	0.0304517	-0.189855	0.238928	0.035341	0.171381	0.018089	-0.0810533	0.157731	0.17867	0.122445	0.00698948	0.0920983	0.0356102
-4.73938	0.987535	0.44594	0.882818	0.0281967	-0.294698	0.0468496	-0.278065	-0.0357547	-0.0131884	-0.188882	0.00445732	0.00330547	-0.0979863	-0.227127	-0.0640752	0.00160978
-5.07337	1.7666	0.640227	0.945973	-0.0111727	0.153602	0.208003	-0.151241	-0.0433343	0.114785	-0.196769	-0.113229	0.111811	0.129262	-0.0814489	-0.14764	0.157555
-3.5349	2.628	-0.572867	1.18967	-0.0860697	-0.280107	-0.131909	-0.292723	0.0895535	-0.180078	0.0309727	-0.0341896	0.0544081	-0.0397175	-0.242806	0.100115	-0.191092
-3.28906	2.45804	-0.70363	0.814561	0.121	-0.493366	-0.0361134	-0.462438	0.174484	-0.355104	-0.107362	-0.18925	0.107765	-0.0488982	-0.207876	0.0187392	-0.143524
-2.89945	1.99669	-0.687492	0.854034	-0.128037	-0.371311	-0.263046	-0.470112	0.15357	-0.290115	-0.0147324	-0.168369	0.133612	0.00526156	-0.350178	-0.0154039	-0.286437
-2.81589	1.91169	-0.68482	0.759514	-0.126828	-0.441787	-0.303478	-0.550051	0.219003	-0.260949	0.0140538	-0.180318	0.142054	0.0197228	-0.397378	-0.0853127	-0.309864
-2.83524	2.02312	-0.830281	0.675722	-0.152823	-0.538109	-0.320575	-0.608579	0.267011	-0.333946	0.0968691	-0.196337	0.0756869	0.0763604	-0.479925	-0.0363945	-0.438096
-2.71364	2.02756	-0.772728	0.576664	-0.192004	-0.434255	-0.342918	-0.482814	0.19258	-0.181431	0.121273	-0.142323	0.0706552	0.0569802	-0.349867	-0.180203	-0.340108
-2.63325	2.11233	-0.860642	0.451303	-0.298771	-0.342363	-0.355656	-0.45657	0.175637	-0.106937	0.138736	-0.159589	0.0336048	0.01509	-0.292365	-0.222763	-0.325096
-2.60872	2.25049	-0.961211	0.32339	-0.337117	-0.256442	-0.329187	-0.414101	0.169513	-0.0477879	0.173869	-0.157012	-0.0214122	-0.0109818	-0.219952	-0.246493	-0.327827
-2.67008	2.3645	-1.01997	0.153855	-0.41796	-0.211683	-0.286622	-0.447331	0.140848	-0.0160815	0.14523	-0.148353	-0.14219	-0.0146885	-0.203352	-0.19734	-0.433072
-2.72562	2.47003	-1.06902	0.0444239	-0.395011	-0.260441	-0.184634	-0.54408	0.261092	-0.100618	0.172805	-0.190212	-0.116332	-0.101433	-0.14227	-0.198682	-0.441873
-2.72493	2.56788	-0.993872	0.0240274	-0.30808	-0.223707	-0.086039	-0.487376	0.316839	-0.0203602	0.16341	-0.111128	-0.101052	-0.065481	-0.13672	-0.151966	-0.32842
-2.69845	2.54246	-1.08565	0.0690571	-0.357894	-0.244803	-0.0662123	-0.497436	0.303517	-0.040841	0.116128	-0.0534419	-0.19985	0.0124423	-0.219441	-0.0380609	-0.422538
-2.79097	2.60775	-1.11696	-0.0482443	-0.354508	-0.279874	-0.12454	-0.456564	0.186443	-0.0202887	0.0769984	-0.136794	-0.150957	-0.0824602	-0.18341	-0.0305597	-0.494107
-2.79096	2.65483	-1.03161	-0.0505134	-0.202401	-0.363894	0.0861896	-0.561738	0.386116	-0.0745771	0.175614	-0.134398	-0.115616	-0.0313627	-0.160547	-0.0689403	-0.352521
-2.79626	2.53752	-0.991715	-0.0923443	-0.239458	-0.347449	-0.033404	-0.559728	0.294058	-0.0889237	0.147285	-0.191767	-0.126604	-0.0829676	-0.132343	-0.121677	-0.39425
-2.77289	2.53201	-0.961231	-0.01302	-0.238436	-0.276139	-0.0839841	-0.493372	0.273997	-0.0126096	0.10475	-0.14048	-0.114033	-0.0297046	-0.140309	-0.114743	-0.355236
-2.80986	2.51483	-0.994852	0.0169372	-0.256114	-0.276078	-0.137649	-0.575167	0.323	-0.11204	0.110136	-0.171726	-0.108774	-0.0469415	-0.15563	-0.115872	-0.399437
-2.77358	2.34897	-0.918236	0.0612181	-0.275607	-0.246499	-0.278678	-0.511979	0.294854	-0.141784	0.0598497	-0.161607	-0.0868796	-0.0785723	-0.137604	-0.14002	-0.427507
-2.87252	2.46371	-1.04568	0.275303	-0.314382	-0.266117	-0.281686	-0.540651	0.345007	-0.201094	0.0282688	-0.103127	-0.0407365	-0.0986947	-0.147538	-0.133255	-0.43093
-2.87773	2.34713	-0.984814	0.393538	-0.334945	-0.22254	-0.382981	-0.511537	0.311137	-0.193951	-0.0737141	0.00822879	-0.0332768	-0.0434486	-0.232757	-0.0884892	-0.457182
-3.06299	2.47876	-0.882321	0.556979	-0.206132	-0.208494	-0.398608	-0.519847	0.311551	-0.126917	-0.150064	0.134225	0.0653846	0.0082991	-0.20492	-0.0595085	-0.432618
-3.30329	2.62236	-0.797999	0.824831	-0.188925	-0.144106	-0.387631	-0.624373	0.487951	-0.297487	-0.0400333	0.142823	0.202977	0.00756882	-0.184424	0.00802359	-0.393239
-3.48333	2.81127	-0.965344	1.09696	-0.41395	0.037591	-0.436937	-0.485975	0.47132	-0.303549	-0.0953997	0.109146	0.204903	-0.119995	-0.154508	0.056801	-0.254789
-3.85278	2.83169	-0.691213	1.11453	-0.118243	0.125233	-0.308817	-0.350814	0.550482	-0.182577	-0.214991	0.187304	0.267397	-0.167595	-0.000981604	0.119256	-0.116962
-4.48959	2.59095	-0.103876	1.16971	0.631046	0.13894	-0.379576	-0.208628	0.119103	0.0675918	0.0180294	0.218346	0.347742	-0.119933	-0.152915	0.147394	0.0928023
-5.49331	3.28421	0.632652	1.5592	1.18009	0.482742	-0.0481755	0.118583	0.441441	0.379801	-0.0386915	0.224159	0.737415	0.225595	0.319153	0.667897	0.251107
-6.73739	3.66948	0.130732	1.13089	0.513384	0.104606	-0.16489	-0.37709	0.141388	-0.202423	-0.442966	-0.269761	0.13951	0.0652255	-0.393074	0.193652	-0.165993
-7.13104	3.67699	0.37354	0.997465	0.391721	0.258247	-0.385401	-0.551702	0.409736	-0.250395	-0.549098	-0.124372	0.083779	-0.252123	-0.501022	0.234642	-0.0829658
-7.32446	3.39254	0.414295	1.27707	0.485432	-0.0247842	-0.140946	-0.344952	0.0485989	-0.214296	-0.584633	-0.0468973	-0.0983245	-0.322606	-0.162399	0.0234843	0.0168884
-7.6458	3.38616	0.918829	1.02905	0.669974	-0.0884468	-0.221366	-0.257248	0.0541106	-0.0228243	-0.61433	-0.125041	0.255927	-0.372225	-0.201103	0.00312353	0.212961
-7.25537	1.95381	1.48665	1.75419	-0.077568	0.0964487	0.0892295	-0.024305	0.119124	-0.340258	-0.651645	0.0475237	0.238429	-0.308683	-0.308064	0.226924	0.325375
-8.22545	2.14137	1.32171	1.31245	0.463465	0.0252742	-0.0170007	-0.368205	-0.277742	-0.180654	-0.51433	-0.085475	-0.212074	-0.420795	-0.0372525	0.0679431	0.0692688
-7.24141	1.4761	0.205766	0.689851	0.0698385	0.297191	-0.136108	-0.422163	-0.245683	-0.267094	-0.382777	-0.304116	-0.276469	-0.312938	-0.234031	0.0279358	-0.0174049
-5.00093	0.479795	0.212175	0.537882	0.00935701	0.161354	-0.0600703	-0.222933	-0.040424	0.0768699	-0.100723	0.283605	0.111419	-0.00223961	0.12548	-0.0323582	0.0737961
-4.57825	0.175472	0.356662	0.575606	0.00238489	0.17312	-0.0712589	-0.312098	-0.0701603	-0.0102829	-0.0298107	0.290959	0.148422	0.0109693	0.0373477	-0.0234024	0.0136205
-4.65837	-0.258233	0.416822	0.642419	0.0642982	0.129906	-0.0571342	-0.313661	0.0116903	-0.131744	-0.00540479	0.371315	0.199433	0.0281064	-0.00443565	-0.00683462	0.0487121
-4.87113	-0.781451	0.253689	0.629921	0.23791	0.17233	-0.0852489	-0.182603	0.251156	-0.0420605	-0.148975	0.240938	0.0743169	0.0110205	0.0147983	0.043664	0.212226
-4.72181	-1.04235	0.105465	0.466828	0.266927	0.221067	-0.123779	-0.130496	0.308414	-0.0751182	-0.0677666	0.28536	0.0379215	-0.0618355	0.0741439	0.0616967	0.193774
-4.78646	-1.15232	-0.0108524	0.42959	0.28995	0.242265	-0.0992692	0.00728321	0.4903	-0.108988	-0.0719497	0.350644	0.155608	0.0605691	0.223594	0.207742	0.236302
-4.8313	-1.03737	0.00439078	0.530961	0.281548	0.205212	-0.0446844	0.178386	0.689477	-0.0523318	-0.165681	0.266212	0.219026	0.168412	0.0597825	0.0176268	0.189919
-4.79823	-0.967302	-0.161344	0.6636	0.236012	0.232903	-0.0166764	0.150426	0.650047	0.167273	-0.131043	0.23101	0.317263	0.185806	-0.0441641	-0.0113237	0.196069
-4.74669	-0.628067	-0.154799	0.792733	0.406558	0.207615	-0.137319	0.0742299	0.308281	0.172196	-0.0779675	0.081019	-0.0298835	0.0159965	-0.0490583	-0.0160679	0.164354
-4.52423	0.101272	0.059762	0.915217	0.577631	0.30273	-0.183754	-0.042862	0.17769	0.129925	-0.1357	-0.144958	-0.225762	-0.0548852	-0.0989748	-0.0183222	0.163838
-4.62575	0.741468	0.0514469	0.910629	0.630765	0.328054	-0.266889	-0.158782	0.0921078	-0.0155042	-0.223399	-0.145408	-0.180316	-0.096284	0.00138157	-0.0189688	0.0220343
-5.14118	1.10954	0.100763	0.974682	0.695946	0.188958	-0.153751	-0.141649	-0.0648467	-0.0826475	-0.170684	-0.134662	-0.0701959	-0.0656061	0.0277503	-0.14334	0.0584519
-6.13097	1.25442	0.211991	0.933914	0.681537	0.230468	-0.172809	-0.0503502	-0.174615	-0.00455387	-0.14944	-0.149975	-0.0443299	0.0345154	0.0607468	-0.146547	0.146758
-6.73951	1.41478	0.393238	0.629677	0.445841	0.237411	-0.0616874	0.221936	-0.204735	-0.114605	-0.0287047	-0.227578	-0.0509269	-0.0302629	0.0597386	-0.0452046	-0.0413451
-7.04933	1.31155	0.339837	0.670618	0.565883	0.32554	0.0467126	0.414644	-0.1351	-0.0901597	0.167766	-0.146013	-0.0203758	-0.0316153	0.0225032	-0.0855792	-0.211197
-6.98418	1.61493	0.596721	0.856492	0.37627	0.465936	0.0434728	0.349151	-0.140178	0.0417508	0.0812571	-0.45935	-0.0804385	-0.0776949	0.00936917	-0.0547342	0.118477
-7.27894	2.06946	0.959076	0.819956	0.783613	0.717497	0.129078	0.304866	-0.406516	-0.340902	-0.0361616	-0.183568	0.0177051	-0.146544	0.353673	-0.0686943	-0.102679
-6.7211	3.00085	1.03431	0.77627	0.610799	0.449731	-0.115788	0.0975601	-0.255866	0.0895652	0.0139349	-0.271345	0.426758	-0.0150483	-0.264636	-0.109548	-0.202393
-5.95869	3.22714	1.23225	0.696818	0.59063	0.0819744	0.0885705	0.0282172	-0.212869	-0.352069	-0.00561872	-0.111074	0.180972	-0.0567433	0.166697	0.0383086	-0.235275
-5.7782	3.32558	0.347027	0.401247	0.558285	-0.169558	-0.166408	-0.473992	-0.488812	-0.580172	-0.212176	-0.211159	0.123807	-0.390783	0.0939788	-0.170749	-0.365996
-5.47633	3.12208	0.205249	0.327726	0.40327	-0.280699	-0.216106	-0.504237	-0.501215	-0.595814	-0.32023	-0.247386	0.0107243	-0.433328	0.0457185	-0.201895	-0.451632
-5.43548	3.28911	-0.100874	0.595806	0.112485	-0.128042	-0.444997	-0.403878	-0.537868	-0.631816	-0.327504	-0.214055	-0.0520647	-0.371737	0.0369584	-0.213547	-0.531156
-5.3181	3.12401	0.0571006	0.480772	0.304433	-0.306973	-0.288028	-0.492204	-0.436335	-0.718683	-0.212128	-0.336801	0.077463	-0.462671	0.16458	-0.300892	-0.494348
-5.24872	3.06908	0.0145052	0.586036	0.27311	-0.247474	-0.336926	-0.419155	-0.479916	-0.649894	-0.24629	-0.255731	-0.0201677	-0.381287	0.186277	-0.33924	-0.459121
-5.30366	3.16591	-0.00764171	0.611194	0.273911	-0.19521	-0.398065	-0.340181	-0.547949	-0.580513	-0.283319	-0.1844	-0.103442	-0.3413	0.225277	-0.367955	-0.440327
-5.30304	3.14358	0.0390706	0.555334	0.298253	-0.153248	-0.445614	-0.317398	-0.530624	-0.623205	-0.243748	-0.213323	-0.108502	-0.382693	0.344522	-0.504593	-0.35239
-5.36276	3.24375	0.0921292	0.53211	0.315753	-0.0257341	-0.557519	-0.194343	-0.505237	-0.681786	-0.185933	-0.119035	-0.204167	-0.337709	0.490631	-0.657946	-0.237461
-4.66462	2.84454	0.0322668	0.708478	0.41299	-0.0437716	-0.0660705	-0.163219	-0.378883	-0.418443	-0.223982	-0.097422	-0.0862343	-0.173859	0.255149	-0.287947	-0.0838788
-4.12571	2.93895	-0.379467	1.17422	0.0579962	-0.00152862	-0.147021	-0.225249	-0.103053	-0.135008	-0.0816358	-0.205854	0.0841029	0.102606	0.000400118	0.0384544	-0.119203
-3.71348	2.69717	-0.492619	1.35888	-0.196258	-0.27142	-0.109753	-0.355521	0.102653	-0.361094	0.0349215	-0.0715595	0.109028	0.107918	-0.241887	0.139005	-0.169184
-3.27206	2.25336	-0.248177	1.46258	-0.341133	-0.1624	-0.180324	-0.102001	0.0479632	-0.249147	0.0995169	0.041812	0.283836	-0.116273	-0.0142853	0.0701439	-0.119162
-3.1935	2.17627	-0.299877	1.37618	-0.339281	-0.168609	-0.298806	-0.0966218	0.0692683	-0.21341	0.0717384	0.0647252	0.248519	-0.0897503	-0.0952751	0.0727541	-0.197289
-3.11473	2.08216	-0.283146	1.30397	-0.381048	-0.182787	-0.323085	-0.156694	0.15402	-0.241911	0.10673	0.0344052	0.287158	-0.114949	-0.148532	0.0499897	-0.217953
-3.05022	2.00459	-0.305231	1.11382	-0.360978	-0.234656	-0.353528	-0.246024	0.158942	-0.194952	-0.00903199	0.102028	0.195602	-0.0456433	-0.276231	0.0887538	-0.319871
-2.99205	1.94106	-0.305991	0.940228	-0.329429	-0.260001	-0.366402	-0.32742	0.232828	-0.206546	0.00126891	0.0816114	0.184394	-0.0885918	-0.306209	0.048531	-0.314665
-3.02448	2.00333	-0.416795	0.83417	-0.356848	-0.193518	-0.436866	-0.316591	0.195111	-0.0648675	-0.135482	0.108368	0.163277	-0.050224	-0.396722	-0.0117676	-0.316008
-3.02139	2.05788	-0.394925	0.657701	-0.192862	-0.157872	-0.384516	-0.281157	0.376493	-0.0422143	-0.0207163	0.0531789	0.206832	-0.0288008	-0.439742	0.0207551	-0.296047
-3.10733	2.09623	-0.410367	0.543123	-0.25266	-0.0390277	-0.327627	-0.300737	0.402412	0.0399672	-0.00902233	0.0803379	0.0873227	0.0271872	-0.421603	-0.0758257	-0.318998
-3.21307	2.12252	-0.369039	0.375741	-0.23648	0.037072	-0.290161	-0.367729	0.447686	0.0244796	0.0552575	0.0237799	0.100045	-0.00876558	-0.429289	-0.0873391	-0.357439
-3.26462	2.29293	-0.27641	0.328987	-0.191661	0.189835	-0.209734	-0.311268	0.242496	0.247592	0.0827309	0.111408	0.0158593	0.00516114	-0.292273	-0.0581768	-0.299148
-3.38489	2.51652	-0.398907	0.341808	-0.24903	0.220369	-0.129158	-0.452176	0.261785	0.127457	0.245229	-0.0165542	0.0266714	-0.0415748	-0.15845	-0.0830181	-0.332603
-3.46499	2.58851	-0.23726	0.17379	-0.246565	0.255094	-0.0906959	-0.404815	0.131493	0.166124	0.148283	0.134318	-0.108985	-0.0464951	-0.136606	-0.0176047	-0.297404
-3.59778	2.69398	0.00937063	0.138139	-0.335508	0.335879	-0.0148082	-0.240945	0.0195639	0.0982463	0.140281	0.201855	-0.101024	-0.228857	-0.0492847	-0.000559564	-0.00841731
-3.84363	2.92912	-0.119364	0.137238	-0.492183	0.3375	0.0809741	-0.338117	-0.044998	-0.103066	0.256171	0.152643	-0.117827	-0.202776	-0.124646	0.194449	-0.255652
-3.97466	2.97303	-0.0430389	0.173296	-0.504232	0.346441	0.104639	-0.264091	-0.110759	-0.0967148	0.16299	0.159645	-0.135268	-0.125632	-0.0627613	0.109485	-0.152688
-4.19285	3.07652	0.000988144	0.213	-0.613523	0.437165	-0.014132	-0.134602	-0.147771	-0.147689	-0.00509559	0.171471	0.0216151	0.0360452	-0.103115	-0.00966142	-0.258931
-3.96547	2.6622	0.451476	0.106503	-0.529799	0.352145	-0.00268805	0.047527	-0.178442	-0.380618	0.0391376	0.208716	0.148698	-0.154779	0.0700237	-0.074091	-0.0743487
-4.1681	3.05474	0.126582	0.192597	-0.670572	0.372594	0.0541006	-0.166092	-0.0881207	-0.396557	-0.0213564	0.276996	0.0773507	0.0889352	-0.139934	0.0104572	-0.29993
-4.24182	3.17405	0.0103909	0.241208	-0.71056	0.383306	0.038723	-0.211689	-0.0431013	-0.467803	0.0266862	0.197151	0.207995	0.00362488	-0.0872747	-0.0233577	-0.364729
-4.17068	3.06846	0.0630862	0.202801	-0.705796	0.456849	-0.0567746	-0.158511	-0.137784	-0.317143	-0.109748	0.322864	0.118335	0.0957021	-0.156001	0.00475586	-0.396567
-4.18055	3.09367	-0.0628663	0.20677	-0.756747	0.487352	-0.107532	-0.208076	-0.129661	-0.326744	-0.0864101	0.353448	0.085202	0.132466	-0.195704	0.0373226	-0.562361
-4.05463	3.04186	-0.101431	0.237656	-0.703893	0.477669	-0.0438101	-0.325818	-0.020337	-0.301341	-0.0303254	0.297793	0.073395	0.0608989	-0.125436	0.0443826	-0.459706
-3.82012	2.96049	-0.0495859	0.253234	-0.674405	0.481239	0.0188349	-0.479752	0.0740431	-0.173688	0.0486166	0.209806	-0.00904914	-0.00505613	-0.142593	0.179111	-0.215649
-3.73578	2.9708	-0.128688	0.289669	-0.657858	0.515418	0.0147761	-0.490731	0.0588749	-0.0561985	0.100782	0.218526	-0.140528	-0.103905	-0.121833	0.241103	-0.0602043
-3.57544	2.74361	-0.154035	0.175491	-0.63064	0.515118	-0.0804556	-0.5782	0.101673	-0.111594	0.214414	0.130889	-0.103523	-0.117933	-0.176539	0.27747	-0.244475
-3.49104	2.69418	-0.306574	0.2368	-0.581494	0.501782	-0.0966727	-0.690386	0.21199	-0.0609148	0.202379	0.0917798	-0.0846466	-0.0646939	-0.194343	0.199257	-0.251855
-3.43871	2.54691	-0.247131	0.30014	-0.561726	0.386108	-0.0861463	-0.749275	0.318765	-0.0244234	0.128108	0.0628062	-0.0480005	0.0298484	-0.223583	0.145537	-0.289905
-3.39878	2.49384	-0.380669	0.329181	-0.553189	0.336127	-0.123097	-0.779656	0.26725	0.0296571	0.0313674	0.143456	-0.1014	0.0700618	-0.227666	0.136875	-0.401382
-3.34686	2.49822	-0.479444	0.37411	-0.425682	0.271607	-0.0961386	-0.777971	0.299452	0.0974959	-0.0168031	0.171221	-0.0290212	0.0396738	-0.165238	0.115243	-0.391781
-3.40907	2.60997	-0.634887	0.47013	-0.430902	0.200214	-0.0860215	-0.848306	0.432215	-0.0433717	0.0103892	0.157038	-0.00577657	0.062914	-0.220871	0.17125	-0.431898
-3.40093	2.45521	-0.575062	0.409233	-0.391824	0.105857	-0.231207	-0.73776	0.349386	-0.0598122	-0.103551	0.130029	0.00221718	0.0611356	-0.245599	0.152162	-0.470708
-3.38778	2.37939	-0.601321	0.328416	-0.242744	-0.0208504	-0.242673	-0.812907	0.324354	-0.0699779	-0.214838	0.19583	-0.103288	0.0931259	-0.230403	0.104254	-0.494739
-3.46118	2.42682	-0.807317	0.399649	-0.231177	-0.00831362	-0.441587	-0.766696	0.207632	-0.14171	-0.245087	0.144786	-0.0835245	0.00524337	-0.22878	0.0460124	-0.52534
-3.52525	2.47958	-0.719603	0.427489	-0.0737374	-0.0863314	-0.372414	-0.715725	0.283688	-0.235689	-0.229463	0.191536	-0.0038867	-0.00912227	-0.200094	0.03724	-0.434997
-3.63288	2.50626	-0.786839	0.453699	-0.108504	-0.0901976	-0.496149	-0.673785	0.252796	-0.320766	-0.268904	0.158623	-0.0728865	-0.0172723	-0.226833	0.000480087	-0.475219
-3.75363	2.60596	-0.87709	0.534343	-0.119416	-0.1015	-0.57816	-0.670332	0.262928	-0.380901	-0.296466	0.181316	-0.128265	0.0222633	-0.284911	0.0263326	-0.536786
-3.78921	2.60116	-0.67433	0.626527	-0.00690683	-0.0713507	-0.544394	-0.57734	0.299979	-0.358492	-0.279912	0.284541	-0.0400286	0.0778188	-0.214996	0.0634807	-0.43202
-3.92279	2.68215	-0.548792	0.738193	0.113103	-0.0915117	-0.476988	-0.602768	0.398973	-0.488851	-0.132781	0.298107	0.0379904	0.0679581	-0.0976376	0.0666556	-0.290072
-4.2659	2.83708	-0.274375	0.681402	0.282608	-0.244368	-0.446849	-0.427515	0.233996	-0.466076	-0.095327	0.342449	0.072281	0.0732407	-0.226474	0.344267	-0.275505
-4.29975	2.83167	-0.592285	0.67943	0.119626	-0.0773343	-0.487247	-0.790481	0.280378	-0.447603	-0.414821	0.189872	0.0472764	0.027097	-0.263506	0.227991	-0.436134
-4.32211	2.87103	-0.691694	0.958376	0.00817719	-0.0346349	-0.425054	-0.722808	0.355688	-0.541412	-0.345378	0.309743	-0.0856148	0.137099	-0.294223	0.266637	-0.290835
-4.42969	2.91303	-0.658219	0.97845	0.0888815	-0.0894376	-0.339429	-0.748703	0.314413	-0.474284	-0.391766	0.343518	-0.141139	0.208982	-0.393041	0.363182	-0.293146
-4.53216	2.96756	-0.569256	1.08872	0.0492896	0.0299656	-0.285703	-0.748467	0.368057	-0.411091	-0.401297	0.404853	-0.143282	0.236867	-0.355394	0.343235	-0.145061
-4.6806	3.11487	-0.611353	1.22874	0.0637394	0.0417874	-0.198597	-0.746065	0.475005	-0.465461	-0.289255	0.311624	-0.029258	0.18153	-0.263529	0.259997	0.00788684
-4.57342	2.90087	-0.385901	1.25354	0.150456	0.238685	-0.26046	-0.496567	0.331221	-0.244885	-0.27872	0.313675	0.118834	0.13087	-0.0316576	0.186676	0.253973
-4.53146	2.53482	-0.212216	1.37691	0.270865	0.207579	-0.135352	-0.43888	0.300474	-0.225225	-0.300259	0.297387	0.112683	0.306005	-0.0442964	0.255299	0.288205
-4.70474	2.07599	0.298893	1.17579	0.697269	0.490678	0.0389937	-0.259061	0.0461369	-0.248278	-0.41174	0.118473	0.35574	0.430987	0.254085	0.397005	0.226863
-4.85366	1.98493	0.655358	0.890369	0.389327	0.323586	-0.0884847	-0.344674	0.104346	-0.154985	-0.337098	0.395415	0.243721	0.0706063	0.0658449	0.030248	0.33379
-4.98802	1.67528	0.722807	0.955655	0.0746686	0.424124	-0.211972	-0.431759	0.179741	-0.215194	-0.264179	0.10612	0.308347	-0.0705203	-0.058739	-0.115184	0.166527
-4.98859	1.1941	0.860539	1.25968	0.0453638	0.432516	-0.0692592	-0.204429	-0.0689798	-0.151378	-0.0664355	0.0672832	0.232712	0.0845095	-0.285906	0.149733	0.150058
-5.12703	0.717652	0.789202	1.33242	0.205664	0.33745	-0.268481	-0.198232	0.161905	-0.299717	-0.281503	-0.00980873	0.0613444	0.159049	-0.178414	-0.165155	-0.0333574
-5.18033	0.288753	0.731942	1.27303	0.456901	0.630896	-0.0282742	0.019959	0.259163	-0.180261	-0.327852	-0.0995967	-0.0572658	0.0952429	0.074234	0.134678	0.233557
-5.5025	-0.178789	0.381782	0.96451	0.24257	0.571379	0.11452	-0.218644	0.0645924	-0.350699	-0.0757919	-0.139417	-0.117554	-0.324843	-0.348866	-0.247307	0.136672
-5.56152	-0.543879	0.322929	0.963402	0.216499	0.565863	-0.0369218	-0.217233	0.22232	-0.14533	-0.234663	0.0130501	-0.0367706	-0.149332	-0.125085	-0.0430713	0.153543
-5.71879	-0.778112	0.222629	0.805663	0.0986956	0.39959	-0.21372	-0.281333	0.201285	-0.109768	-0.0586754	-0.0393162	-0.0776059	-0.115002	-0.0848917	-0.0407555	0.157771
-5.84857	-0.879966	0.114667	0.441321	-0.0369608	0.335177	-0.329729	-0.319552	-0.00953949	-0.112742	-0.00621902	-0.0250881	0.111319	0.132351	-0.0702185	0.0141851	0.177326
-5.89577	-0.705516	0.397869	0.420666	0.0399169	0.560907	-0.259684	-0.376077	0.0207119	-0.0493044	0.166948	0.172524	0.14662	0.19868	-0.156569	-0.128358	0.0830742
-5.92131	-0.719298	0.516715	0.454916	0.0320784	0.513406	-0.224606	-0.191674	0.237306	-0.0160712	0.211175	0.168124	0.114937	-0.0612335	-0.0247567	0.0729313	0.119985
-5.65079	-0.544975	0.523227	0.700184	0.0332098	0.402357	-0.228531	-0.190634	0.275928	0.130424	0.195898	-0.0168854	0.0224098	-0.000781061	-0.00310656	0.129024	0.131604
-5.10037	0.252701	0.685052	0.763234	-0.11583	0.259679	-0.196908	-0.329161	0.162731	0.0427149	0.116849	-0.00306171	-0.0291335	0.109929	0.00838243	0.0393561	0.114385
-5.03834	0.774569	0.687765	0.730905	-0.157795	0.113237	-0.177448	-0.308488	0.109023	-0.0130768	0.108459	0.0961479	-0.10148	0.0661513	0.0701897	-0.0277037	0.138929
-5.57597	1.18766	0.651122	0.658949	-0.108052	0.0487156	-0.197581	-0.244291	0.0248265	-0.00771981	0.104284	0.180481	-0.0246622	-0.0293516	0.0520208	0.0274112	0.200247
-6.67627	1.37114	0.683619	0.539925	-0.0491426	0.156111	-0.220623	-0.177573	-0.142045	-0.0690477	0.0985452	0.272294	0.0430068	-0.0747015	0.0055005	0.0420983	0.261829
-7.90172	1.44102	0.938436	0.730191	0.0998532	0.11886	-0.147294	-0.153058	-0.0610891	-0.0184607	0.102729	0.177669	0.0266176	0.151736	0.170124	0.200298	0.376753
-8.65128	1.74191	0.951563	0.758254	0.0782895	0.284002	-0.0508266	-0.105208	0.080918	0.010801	0.0285669	0.116406	0.0290189	0.273842	0.156326	0.126541	0.365479
-9.25636	1.77169	0.893662	0.632994	0.133299	0.290534	0.010825	-0.0328051	0.0648294	-0.0810355	0.0257605	0.141569	0.0440251	0.270906	0.16648	0.103023	0.308647
-9.28208	1.67134	0.601689	0.509765	0.148295	0.326339	0.103247	-0.0635549	-0.0893252	-0.0971086	0.153743	0.169381	-0.0437409	0.105109	0.0537979	0.108738	0.34255
-9.38168	1.43171	0.455979	0.516149	0.192674	0.357405	0.213841	0.00620105	-0.132532	-0.100554	0.0926336	0.18279	0.00254253	0.0216029	0.0415183	0.0710501	0.281402
-9.66959	1.25315	0.451856	0.608388	0.250255	0.296591	0.24289	0.0934722	-0.193973	-0.0599177	0.110105	0.227155	0.0388341	0.0938016	0.206165	0.186443	0.275283
-9.88799	1.22669	0.575493	0.559483	0.40075	0.363814	0.185531	0.158655	-0.0143982	0.133467	0.192227	0.199571	-0.0148808	0.127636	0.173838	0.16643	0.224838
-9.90983	1.27693	0.562643	0.425566	0.320698	0.345771	0.238395	0.238085	0.218162	0.25435	0.210612	0.242687	0.175907	0.21813	0.151172	0.184114	0.173299
-7.70209	1.47247	0.243402	0.377723	0.392219	0.199281	0.173454	0.133846	0.0563946	0.194669	0.214535	0.0206153	0.0738683	0.0776127	0.0587121	0.16811	0.137813
-6.20154	1.38611	0.15871	0.427413	0.305788	0.162561	0.172818	0.0880296	0.0163313	0.109451	0.169618	0.0384179	-0.0272417	0.00222113	0.0619079	0.24271	0.297407
-5.55235	1.35618	0.0414892	0.451209	0.283134	0.320857	0.214466	0.125714	0.0605167	0.125426	0.179148	0.0808827	0.054363	0.119042	0.0747521	0.149518	0.349734
-5.57027	1.38112	0.0768325	0.462676	0.236062	0.452131	0.21414	0.197414	0.0975992	0.192205	0.244514	0.0868024	0.0105601	0.0668221	-0.0295704	0.0235462	0.323318
-5.97312	1.52535	0.207722	0.319063	0.104298	0.595716	0.2235	0.295613	0.0305038	0.175191	0.27713	0.168031	0.151179	0.107009	-0.0520096	0.0230475	0.257334
-6.24262	1.51543	0.183483	-0.0146462	-0.061684	0.46292	0.201341	0.405353	0.129925	0.143881	0.183688	0.165703	0.195911	0.028878	0.0863417	0.116452	0.247143
-6.32198	1.55099	0.0590739	-0.0512	-0.282905	0.322699	0.14754	0.184636	0.133885	0.0710649	0.231674	0.307054	0.205441	-0.0230285	0.129493	0.141916	0.249651
-6.34811	1.66001	0.0242357	-0.115039	-0.383553	0.336675	0.206817	0.0141028	-0.0154827	0.00823778	0.104748	0.137893	0.192298	-0.0891705	0.0342809	0.0317482	-0.0102352
-6.52608	1.78062	0.0575657	-0.229947	-0.355671	0.499728	0.337411	0.111759	-0.125691	-0.0355268	0.0295548	0.172297	0.142855	-0.133577	-0.135995	0.0426721	-0.00500416
-6.25687	2.45881	0.548668	-0.0625856	-0.301731	0.290981	0.222027	-0.154294	-0.327982	-0.189444	-0.0408712	0.205517	0.0334224	-0.2049	-0.249414	-0.00517345	0.0223829
-5.72357	2.96908	0.559898	-0.100392	-0.316677	0.183283	0.1628	-0.189836	-0.445387	-0.0177067	-0.0759803	0.133876	-0.0472555	-0.0786502	-0.294324	0.0749382	-0.0829615
-5.35137	3.24375	0.45279	-0.14725	-0.185116	0.262927	0.319793	0.0849706	-0.165809	-0.00605162	-0.168271	0.273703	-0.157942	-0.0230726	-0.314076	0.0533671	-0.161402
-4.82818	3.58205	0.198131	-0.0908684	0.116405	0.173864	0.354906	-0.206619	-0.310245	0.223303	0.0958812	0.366973	0.0501598	0.211542	-0.191932	0.196776	0.0676045
-4.57342	3.44344	0.124694	-0.125099	0.0527752	0.145299	0.198785	-0.349863	-0.202998	0.230198	0.214653	0.237022	0.072289	0.107856	-0.145547	0.313446	-0.000786449
-4.35106	3.14127	-0.0575292	-0.17529	0.131756	-0.10371	0.194845	-0.430731	-0.14368	0.236191	0.104479	0.232114	-0.180843	0.171838	-0.228159	0.327334	-0.0990372
-3.93639	2.59944	-0.36423	0.107821	-0.220751	0.0491177	-0.0308722	-0.473556	-0.176384	0.280275	0.0310634	0.0620818	-0.269638	0.181403	-0.293395	0.170136	-0.151465
-3.80081	2.25322	-0.295708	0.0819087	-0.158295	-0.129835	-0.0412878	-0.548681	-0.0308809	0.166196	1.12663e-06	0.00412929	-0.186131	0.154204	-0.362313	0.0188797	-0.110349
-3.89671	2.26919	-0.512642	0.274595	-0.218083	-0.209158	-0.166027	-0.582825	0.0371936	0.0810376	-0.0330606	-0.0804307	-0.149828	0.0958562	-0.397854	-0.0730176	-0.199711
-3.85382	2.15353	-0.514301	0.270244	-0.136576	-0.281998	-0.226732	-0.63296	0.194363	0.0341962	-0.166104	0.0257668	-0.153082	0.0615299	-0.45936	-0.12921	-0.183244
-3.87611	2.12306	-0.544729	0.381754	-0.146698	-0.402129	-0.21543	-0.613108	0.250197	-0.0217337	-0.195024	0.0995145	-0.149915	0.015794	-0.511834	-0.0545292	-0.253388
-3.86875	2.11327	-0.595964	0.552792	-0.159776	-0.39338	-0.259521	-0.523171	0.224187	-0.0344137	-0.217575	0.178683	-0.0909806	0.01121	-0.538059	-0.00705154	-0.245886
-3.86533	2.06794	-0.521219	0.625024	-0.126003	-0.404635	-0.231888	-0.483364	0.219712	-0.0502192	-0.21793	0.255517	-0.0848182	0.0127041	-0.506535	0.0359328	-0.21409
-3.85226	2.00828	-0.444339	0.744085	-0.119487	-0.404122	-0.195868	-0.41519	0.228337	-0.106621	-0.150355	0.281061	-0.0347063	-0.0425387	-0.403345	0.0436543	-0.146216
-3.87014	1.95836	-0.391779	0.80021	-0.137664	-0.415998	-0.180019	-0.367301	0.177787	-0.121686	-0.167448	0.339251	-0.0870685	-0.0314853	-0.381603	0.108847	-0.185628
-3.90848	2.00745	-0.381235	0.891073	-0.0701238	-0.419124	-0.116009	-0.345254	0.166647	-0.11403	-0.170362	0.398642	-0.0985716	0.0190701	-0.329734	0.136459	-0.122924
-3.95514	1.98215	-0.329103	0.947109	-0.077475	-0.393904	-0.127549	-0.284862	0.0851913	-0.144535	-0.132046	0.351129	-0.0928827	0.0158995	-0.271046	0.116583	-0.145335
-4.07653	2.04191	-0.261329	0.996029	-0.0636038	-0.393266	-0.0925823	-0.299004	0.103429	-0.194807	-0.089405	0.335462	-0.104164	0.0296509	-0.204718	0.0748911	-0.106996
-4.16818	2.06099	-0.198859	0.983111	0.0122918	-0.411566	-0.0786876	-0.281649	0.0235185	-0.164353	-0.1023	0.338835	-0.127319	0.0901374	-0.212667	0.0970889	-0.115217
-4.25244	2.08484	-0.208417	1.03766	-0.00810033	-0.343232	-0.0979551	-0.272707	-0.0225984	-0.169626	-0.0977952	0.323558	-0.174989	0.14386	-0.251457	0.136066	-0.190625
-4.3963	2.18074	-0.145591	1.07156	0.0405368	-0.287227	-0.0815268	-0.223611	-0.0567849	-0.153346	-0.075925	0.3025	-0.139522	0.182717	-0.198607	0.129766	-0.10746
-4.58546	2.35798	-0.164969	1.16818	0.0495591	-0.254395	-0.0393168	-0.191648	-0.102028	-0.118295	-0.0936597	0.301783	-0.114293	0.221326	-0.173843	0.150009	-0.038218
-4.68871	2.38913	-0.131041	1.2172	0.00904082	-0.269871	-0.0123885	-0.162923	-0.149563	-0.10317	-0.0500508	0.225063	-0.120765	0.240358	-0.212839	0.198681	-0.0518723
-4.851	2.46435	-0.168458	1.29833	-0.0385032	-0.229322	0.0193217	-0.198269	-0.140708	-0.163465	-0.0422039	0.205135	-0.172727	0.311001	-0.274078	0.223305	-0.123658
-5.11767	2.67428	-0.214428	1.31424	0.0581386	-0.302582	0.134127	-0.288407	-0.114985	-0.213269	-0.000184097	0.127681	-0.113884	0.288772	-0.289966	0.249678	-0.18689
-5.36125	2.82103	0.0735472	1.16011	0.29943	-0.357194	0.307387	-0.327087	-0.000548667	-0.171758	0.0121582	0.248018	-0.145757	0.392461	-0.196279	0.112261	0.166842
-5.62989	2.75522	0.12193	1.16059	0.289813	-0.407273	0.109118	-0.166551	-0.144699	-0.163714	0.0589607	0.0981521	-0.223817	0.43712	-0.476236	0.259013	-0.177498
-5.89627	2.18263	0.673508	1.0582	0.0990557	-0.180283	-0.0975494	0.108912	-0.469635	0.0190446	0.00613612	-0.0521766	0.0416772	-0.0311329	-0.33404	-0.0697198	-0.242221
-6.03836	1.67965	0.903081	1.07727	0.495049	0.0534645	-0.462917	0.471717	-0.196579	-0.227302	-0.00880013	0.0596476	0.164347	-0.0419754	-0.458025	-0.210075	0.0696956
-5.8877	1.2037	1.01222	0.977802	0.813404	0.305434	-0.449851	0.490341	-0.00310513	-0.247351	0.0866023	0.121854	0.0945496	-0.0231915	-0.203871	0.141583	-0.01242
-5.92247	0.720425	1.24686	1.01317	0.800303	0.381843	-0.156558	0.369866	-0.0993071	0.149149	0.070808	-0.0227646	0.0962788	0.220713	-0.0635786	0.0922475	0.219599
-5.90738	-0.00841034	1.12302	0.777362	0.427434	0.409721	-0.265347	0.144433	0.00451984	-0.0159403	-0.130189	0.0314976	0.0683599	-0.183946	-0.173663	0.00126554	-0.0843676
-6.10965	-0.183885	1.13717	0.549988	0.466288	0.568058	-0.163328	0.204738	0.0343851	-0.0563017	-0.109068	0.157051	0.185788	-0.217992	-0.13786	-0.0507586	-0.0678909
-6.25169	-0.277258	1.10173	0.321848	0.34628	0.428156	-0.142354	0.27339	0.169446	-0.0164127	-0.0493982	0.256062	0.198765	-0.00551308	-0.04691	-0.0781167	0.116266
-6.42096	-0.565413	1.04511	0.371331	0.480314	0.279689	-0.118108	0.323333	0.255639	-0.0119461	-0.0888299	0.321029	0.23482	0.0393843	-0.0350293	0.00159477	0.260934
-6.4783	-0.777113	0.890091	0.339954	0.475477	0.266249	-0.0124949	0.390074	0.224078	0.108829	-0.110141	0.309166	0.320199	0.0559541	-0.00848259	-0.0240841	0.158116
-6.26768	-0.688708	0.868196	0.139122	0.400015	0.205372	-0.141679	0.280147	-0.0277783	0.129486	-0.00402566	0.32998	0.347732	0.00485222	0.107626	0.110729	0.382282
-6.24978	-0.772147	0.965499	0.117542	0.257147	0.223074	-0.177778	0.206496	-0.048639	0.114283	-0.0429569	0.301947	0.271336	-0.0198891	0.0220275	0.116364	0.338239
-6.39696	-0.976482	0.917977	0.0348498	0.32759	0.367079	-0.102158	0.112752	0.0514149	0.130415	-0.0204598	0.269784	0.277511	-0.0125979	-0.0452494	0.0651315	0.276078
-6.40201	-1.06513	0.884167	-0.024975	0.279194	0.210087	-0.0714191	0.162486	0.101221	0.193638	-0.0279512	0.279594	0.3333	0.0312261	-0.0837516	0.0781806	0.286328
-6.26066	-0.904944	0.99161	-0.0313149	0.213577	0.162709	-0.226281	0.121506	0.104196	0.146945	0.00199375	0.298125	0.267358	0.135298	0.0198061	0.0704683	0.0657705
-6.07437	-0.827301	0.98243	-0.0438273	0.160848	0.128556	-0.321967	0.00966714	0.0183958	0.149372	-0.155174	0.19173	0.161558	0.0591365	0.0291985	0.0154639	0.0854161
-5.9866	-0.910815	0.731291	0.0333753	0.197772	0.124756	-0.316455	0.183125	0.133665	0.167525	-0.288248	0.185333	0.104	-0.0381389	0.111387	0.00385769	0.169296
-5.87193	-0.868914	0.728701	0.0300631	0.167241	0.216266	-0.285879	0.496776	0.25781	0.158528	-0.158826	0.205982	0.28213	-0.0343961	0.0273434	-0.0516092	0.14988
-5.73551	-0.619316	0.75734	0.0350134	0.0806913	0.197991	-0.305706	0.508453	0.0674621	0.226815	-0.0613599	0.130972	0.30309	0.00796919	-0.0689421	-0.0648853	0.101215
-5.69562	-0.417425	0.787585	0.180567	0.0033777	0.172486	-0.259493	0.380256	-0.0944358	0.212014	-0.103213	0.131543	0.254336	-0.0574947	-0.0773553	-0.0457146	0.218467
-5.73223	-0.328262	0.589588	0.147688	0.0945334	0.23696	-0.303277	0.305202	-0.10293	0.202211	-0.12343	0.0074531	0.253769	0.036067	-0.0211709	-0.0426991	0.205946
-5.76193	-0.00657669	0.620461	0.340745	0.209596	0.35854	-0.363652	0.306444	-0.0286308	0.147415	-0.108153	-0.212121	0.153959	0.14387	-0.07392	-0.017672	0.161407
-6.24177	0.277631	0.482108	0.629671	0.381153	0.570969	-0.676848	0.114084	-0.0660585	-0.161313	-0.190769	-0.0798658	0.134746	-0.190465	-0.328616	-0.168696	-0.0466248
-5.6617	2.14707	0.773585	0.598524	0.0407374	0.144466	-0.393607	0.392948	0.10072	0.201283	0.0260467	-0.0665413	0.284022	0.152843	-0.156879	0.0384802	0.11267
-5.20483	2.58935	0.57735	1.07936	0.299609	-0.285173	-0.311202	-0.0386935	0.185141	0.0243305	-0.0915021	0.0483707	0.362417	0.228956	-0.211401	0.319324	0.0708637
-4.97181	3.20792	0.0273664	0.437293	0.234717	-0.21777	-0.298426	-0.255497	0.102046	0.029905	-0.0740863	0.120006	0.226618	0.16586	-0.379915	0.312316	0.0491823
-5.04519	3.12915	-0.0479374	0.206421	0.0873636	-0.0859379	-0.417216	-0.212645	-0.0133905	-0.109388	-0.0612744	0.000870307	0.157058	0.0838983	-0.305629	0.175464	-0.0945983
-5.34574	3.20573	0.36517	-0.225389	-0.0394327	0.0909645	-0.31918	-0.374592	0.124507	-0.122741	0.0556009	0.0357653	0.0148823	0.318642	-0.484027	0.254261	-0.12563
-5.53179	3.19387	0.225134	0.0657498	-0.0921673	0.0479401	-0.0300747	-0.423235	0.0603354	-0.0152482	0.355471	0.162587	-0.0683945	0.166001	-0.387033	0.190067	0.000950131
-5.05597	2.95236	-0.239436	0.248065	-0.126308	-0.0133207	0.015638	-0.443228	-0.14665	-0.127863	0.278236	0.072502	-0.107306	0.182033	-0.246781	0.189115	-0.240923
-5.20486	2.74395	-0.583876	0.395763	-0.266676	0.12625	-0.0567113	-0.517106	-0.271795	-0.105705	0.256794	0.157926	-0.184561	0.278983	-0.364238	0.306175	-0.167679
-5.53439	2.67497	-0.188111	0.0952694	-0.156846	0.147775	0.0458803	-0.349997	-0.373478	-0.194575	0.21088	0.0457319	0.012303	0.0982574	-0.178896	0.11045	0.0413329
-5.82192	2.67297	0.167351	-0.211462	-0.203398	0.161328	0.0238	-0.30021	-0.377655	-0.291189	0.0556007	0.075841	0.0643632	-0.0158319	-0.197093	-0.0444802	0.0827222
-6.91839	3.15336	-0.100498	-0.0782112	-0.327212	0.285755	0.030511	-0.427315	-0.306656	-0.425359	0.123734	0.149792	0.0903885	0.131437	-0.397221	0.153262	0.0213894
-6.54651	2.59931	0.447348	-0.0797116	-0.314665	0.166185	0.191209	-0.116941	-0.292043	-0.380252	-0.0697917	0.0147346	0.0122598	0.0529481	-0.165013	-0.0601042	0.0427605
-6.69069	3.16747	0.126788	0.105081	-0.632662	0.25323	0.281476	-0.246191	-0.364207	-0.520084	0.0658287	-0.106354	-0.0315328	0.233447	-0.367351	0.0796074	-0.0855426
-7.12085	3.15211	0.212541	0.142792	-0.626026	0.326276	0.371619	-0.240187	-0.348396	-0.539066	0.0910828	-0.0253656	0.0677862	0.306279	-0.29143	0.0762233	-0.0141432
-7.89589	2.40884	0.557981	0.00403944	-0.25838	0.230399	0.312487	0.0239996	-0.267106	-0.434707	-0.0919958	0.198628	0.307667	0.228157	-0.0950406	-0.0322484	0.189015
-8.7443	2.41798	0.794411	0.246675	0.0106294	0.201695	0.198968	-0.0388869	-0.16519	-0.274758	-0.103693	0.0781876	0.193068	0.240577	-0.00149383	-0.00619919	0.0397985
-9.30022	2.24268	1.01748	0.399733	-0.0909777	0.194099	0.371537	-0.0494553	-0.264782	-0.414544	-0.220222	0.00680414	0.076962	0.17243	0.0084066	0.0146276	0.0822733
-9.40486	2.01009	0.770214	0.392633	0.0628403	0.230933	0.238061	-0.029163	-0.158193	-0.272684	-0.201977	-0.0706071	0.036117	0.172622	0.0937757	0.141828	0.139888
-7.30147	1.47797	0.194579	0.169573	0.168422	0.153052	0.0983326	0.0785963	0.00764985	-0.0327752	-0.0389105	-0.065473	-0.0685792	-0.0775768	-0.0698268	-0.0344109	0.0445931
-7.04713	3.18158	0.222915	-0.120232	-0.285089	0.0249054	0.313508	-0.290497	-0.329063	-0.161158	0.106854	0.0492657	-0.0394722	-0.00852706	-0.331755	0.01958	-0.0773964
-6.29648	3.17347	0.169518	-0.211916	-0.391102	0.0124887	0.234429	-0.361199	-0.40102	-0.259503	0.156501	0.0857268	-0.0254282	0.0184686	-0.369838	-0.000695565	-0.0551619
-5.68136	2.78997	0.241745	-0.154481	-0.317138	0.133593	0.139318	-0.370768	-0.325489	-0.170588	0.0252487	0.158977	-0.00882314	-0.119456	-0.202028	-0.0523681	-0.0123049
-5.55719	3.29472	-0.052978	0.0694911	-0.406563	0.173395	0.165878	-0.656096	-0.148243	-0.185736	-0.0284938	0.310735	-0.0782936	0.00866971	-0.400746	0.201782	-0.0953013
-5.28233	2.80945	0.135757	-0.0316116	-0.377299	0.233424	0.0884503	-0.661094	-0.266346	-0.142985	-0.0658584	0.186354	-0.0485175	-0.0856958	-0.264747	-0.000139487	-0.102668
-5.23944	3.36683	0.0862673	0.136828	-0.219534	0.297761	0.216472	-0.664965	-0.031874	-0.0581333	0.111739	0.306705	-0.130828	0.074172	-0.243111	0.322041	-0.147223
-5.1393	3.21142	-0.0414278	0.446982	-0.366979	0.312368	0.261319	-0.632143	-0.0883461	-0.098699	0.068974	0.205109	-0.13218	0.111327	-0.350375	0.249023	-0.135099
-5.44923	3.59028	0.018686	0.226792	-0.0167684	0.244317	0.307499	-0.671293	-0.118093	0.0691935	-0.142002	0.304179	-0.12364	0.10583	-0.238939	0.160706	-0.0641198
-5.71233	3.64538	0.237279	0.109264	-0.108115	0.381589	0.378603	-0.48414	-0.414167	0.121786	0.148289	-0.0931635	-0.0928366	0.130501	-0.294041	0.194988	-0.106578
-5.4909	2.58567	0.761986	0.235444	-0.243597	0.80869	-0.141545	-0.175606	-0.216918	0.0752378	0.136812	-0.0960788	-0.109491	-0.180919	-0.11572	0.114906	-0.0995449
-5.60506	1.6245	1.29695	0.158973	0.226435	0.707359	-0.00748297	-0.384612	-0.041278	0.134969	0.1424	0.0591887	0.0711071	-0.394707	-0.201992	0.167545	-0.131944
-6.14267	0.812531	1.72019	0.502788	0.0582776	0.67309	0.281347	0.147751	0.0427245	0.12391	0.289553	-0.0991576	-0.0627536	-0.350086	-0.285214	0.0439737	0.0161792
-6.00786	0.761648	1.56128	0.164726	0.492444	0.738011	0.0144525	0.127141	-0.0303947	0.0319548	0.165837	0.00672977	0.082732	-0.0372028	-0.189085	0.205357	0.0937625
-6.15839	0.394257	1.38261	0.118555	0.367877	0.378449	-0.0276581	0.183119	-0.0378291	0.00818504	0.0870274	-0.0660762	-0.00378631	-0.111837	-0.300765	0.0788588	0.0122226
-6.39717	0.0865015	1.1916	0.111768	0.417183	0.424258	-0.0454869	0.261588	0.0421735	0.102233	0.0629076	-0.0987057	0.0345902	-0.0619529	0.00438539	0.0506456	0.0642166
-6.415	-0.147968	0.95311	-0.0827112	0.3399	0.286081	-0.0306403	0.341459	0.0240843	0.136935	0.0970549	-0.236551	-0.0339232	-0.14207	0.0920801	0.157999	-0.0319483
-6.30404	-0.294984	0.778924	-0.252857	0.248946	0.264144	-0.0573737	0.199779	0.0914899	0.232024	0.0561166	-0.152473	-0.0266695	-0.0913889	0.143389	0.227152	0.0587505
-6.09421	-0.328387	0.709863	-0.230133	0.221211	0.404088	0.0493682	0.241715	0.139262	0.232309	0.0559069	-0.144903	-0.023745	0.0367518	0.115516	0.20204	0.145677
-5.87895	-0.419301	0.751958	-0.293547	0.0709257	0.463325	-0.0707759	0.112575	0.0997277	0.130019	0.159592	-0.0285577	0.0732936	0.209449	0.112517	0.199906	0.186496
-5.4323	0.0727594	0.877961	-0.434455	-0.146574	0.356067	-0.209049	0.107569	0.0855259	0.0621865	0.2557	0.0742456	0.117857	0.165052	-0.0269383	0.147744	0.102587
-5.33985	0.446026	0.805741	-0.406144	-0.292048	0.414712	-0.0310683	0.138317	0.0467895	0.0676781	0.397137	0.254133	0.10347	-0.0179944	-0.0127027	0.218019	0.0365144
-5.73988	0.848885	0.591183	-0.317805	-0.253382	0.543028	0.0327725	0.12055	0.00107272	0.173238	0.454683	0.438147	0.11134	-0.0876788	0.120732	0.284961	0.0391882
-6.612	1.3124	0.354763	-0.221725	-0.0650976	0.72191	0.142787	0.135268	0.0287537	0.0983031	0.39405	0.410177	0.138281	-0.0123841	0.206437	0.273265	0.0194369
-7.76192	1.41262	0.511342	-0.113449	0.122821	0.639468	0.21144	0.102868	0.0145084	0.0426946	0.376579	0.263727	0.194585	0.0226669	0.196413	0.312046	0.141215
-8.2205	0.948706	0.31563	0.402668	0.194694	0.62116	0.0538945	0.00974571	0.166965	0.15179	0.32009	0.143741	0.0932103	0.141143	0.0102975	0.27311	0.254573
-8.43755	1.0267	0.276668	0.39918	0.142592	0.637458	0.0732128	0.107712	0.242397	0.158978	0.295091	0.16289	0.105561	0.172884	0.0524488	0.261513	0.135546
-9.16174	1.17077	0.477235	0.326339	0.317382	0.659292	0.225667	0.0772413	0.185282	0.107249	0.295659	0.0763908	0.112322	0.173008	0.220065	0.247398	0.10941
-9.50362	1.31066	0.550343	0.377229	0.371514	0.309851	0.247687	0.147784	0.231485	0.191029	0.219903	0.147867	0.158743	0.18172	0.200983	0.193751	0.178058
-9.55278	1.364	0.498494	0.421769	0.346593	0.28847	0.193714	0.197968	0.297424	0.213098	0.215575	0.206964	0.201172	0.146117	0.168232	0.165267	0.130119
-9.41658	1.36967	0.448691	0.392704	0.314007	0.31235	0.222993	0.185625	0.212419	0.18286	0.21294	0.188923	0.149713	0.0989119	0.183097	0.147674	0.103386
-9.19202	1.28735	0.250436	0.359862	0.403055	0.38787	0.210306	0.124625	0.146364	0.216388	0.293163	0.221511	0.140787	0.0667551	0.178096	0.254124	0.175349
-6.62269	1.91267	0.0792331	-0.317197	-0.0646421	0.436317	-0.0596888	-0.153295	0.106985	0.0215547	0.228164	-0.0613071	0.0911395	0.156193	0.136148	0.256223	-0.207873
-5.27512	1.7782	-0.0096984	-0.366346	-0.0663368	0.513086	0.0998167	-0.185189	-0.1103	-0.0358125	0.260379	0.0405189	0.075369	0.0314564	0.0694272	0.25328	-0.218064
-4.72565	1.75343	-0.00361053	-0.513246	-0.0767362	0.686562	0.370914	-0.135995	-0.207964	-0.135486	0.235385	0.12976	0.064519	-0.0384915	0.0337496	0.217126	-0.22907
-4.62822	1.69349	-0.000555755	-0.622614	-0.201034	0.690669	0.373986	-0.0565517	-0.170194	-0.157281	0.240341	0.154974	-0.00340047	-0.0727763	-0.15287	0.232508	-0.13866
-4.77056	1.83407	0.171807	-0.572046	-0.360814	0.55645	0.231067	-0.00149767	-0.0928449	0.0703031	0.328368	0.147808	-4.95612e-06	-0.086307	-0.407671	0.203658	-0.0868083
-5.09442	1.71567	0.194185	-0.456723	-0.394158	0.434823	-0.0216201	-0.0778349	-0.0658482	0.185031	0.323903	0.0307544	-0.0419298	-0.141328	-0.517098	0.191581	-0.14186
-5.24751	1.38977	-0.0974754	-0.281079	-0.293408	0.502929	0.0745792	-0.0166448	0.0155874	0.168529	0.329192	-0.00470761	-0.114184	-0.0853382	-0.492185	0.0657204	-0.244253
-5.18357	1.2639	-0.25156	-0.286541	-0.436018	0.547666	0.2005	0.0581108	-0.00118665	0.00154685	0.350467	0.212273	0.069714	0.102309	-0.273025	0.17984	-0.0651477
-5.28604	1.33406	-0.252961	-0.432379	-0.500098	0.631949	0.389157	0.103612	-0.0339691	-0.0953021	0.225849	0.130106	-0.0546842	0.050787	-0.256603	0.223738	0.0912161
-5.32751	1.29594	-0.294838	-0.453848	-0.67244	0.562267	0.451482	0.167181	0.0399184	-0.00210134	0.223761	0.156779	-0.0176767	0.0358577	-0.23234	0.240423	0.0662144
-5.32157	1.56459	-0.190226	-0.536866	-0.627972	0.475556	0.483121	0.0572664	0.0949914	0.0369765	0.179496	0.178025	0.0228379	0.104476	-0.188032	0.233215	0.0432924
-5.26866	1.94364	0.109775	-0.163814	-0.406133	0.404382	0.500671	-0.0441146	-0.0265122	-0.0292511	0.0657004	-0.0372319	-0.0987867	0.0232446	-0.328071	0.159185	0.167248
-5.32639	2.56018	0.782218	0.115813	-0.243261	0.721346	0.752933	0.166586	0.145459	0.226065	0.458198	0.0558429	-0.140898	0.206682	0.0181849	0.280945	0.408497
-4.60441	3.0755	0.281829	0.00686108	0.138025	0.386687	0.697758	-0.0128098	0.408513	0.128826	0.144573	0.370161	-0.187147	0.307114	-0.115994	0.131042	0.213177
-4.07612	3.07126	0.277751	-0.155156	-0.195161	0.0904392	0.598674	0.0263814	0.0887851	-0.0107256	0.224002	0.208556	-0.102324	0.270522	-0.234941	0.106804	0.142121
-3.89979	3.24321	-0.0341853	-0.0205257	-0.211124	0.042797	0.695915	0.0577214	0.0336283	0.0712296	0.120072	0.340758	-0.140452	0.349329	-0.279805	0.0431675	0.404524
-3.92206	3.40394	-0.0633717	-0.224589	-0.0976152	0.0784566	0.675338	0.048787	-0.00623861	0.0728563	0.18643	0.356559	-0.122261	0.338627	-0.320632	0.155853	0.434479
-3.99508	3.43725	-0.194542	-0.33656	-0.120176	-0.0668835	0.656654	-0.0141324	-0.100232	0.0310916	0.112893	0.346125	-0.180706	0.28026	-0.367515	0.0525778	0.364083
-4.0303	3.51124	-0.209729	-0.473902	0.0672656	-0.179294	0.685193	-0.0254377	-0.050924	-0.0352734	0.233268	0.347737	-0.134403	0.234347	-0.2537	-0.110146	0.48804
-3.97426	3.40003	-0.467613	-0.3205	-0.117555	-0.274314	0.686912	-0.109529	-0.104073	-0.0345495	0.107115	0.370936	-0.188866	0.14337	-0.274365	-0.120596	0.321601
-3.89157	3.27734	-0.601244	-0.103414	-0.395243	-0.172904	0.585778	-0.0604246	-0.110184	-0.0797545	0.104811	0.354986	-0.232277	0.137173	-0.261005	-0.177926	0.281265
-3.72637	2.92104	-0.338823	-0.273046	-0.299138	-0.233351	0.575017	-0.0517064	-0.0603493	-0.0927952	0.0559806	0.386141	-0.309152	0.216826	-0.314363	-0.112832	0.238867
-3.73211	2.89594	-0.27746	-0.315804	-0.239783	-0.26525	0.626833	-0.016159	-0.0373557	-0.111358	0.0874779	0.360601	-0.278193	0.228913	-0.287726	-0.13461	0.305125
-3.82681	2.89787	-0.28204	-0.38955	-0.25621	-0.298432	0.604879	-0.00798234	-0.086138	-0.148802	0.0314206	0.348536	-0.330588	0.203121	-0.305483	-0.171657	0.244348
-3.84724	2.83307	-0.281149	-0.408438	-0.268156	-0.299686	0.541691	0.0667925	-0.15544	-0.136199	-0.026694	0.329487	-0.343325	0.174357	-0.293065	-0.20936	0.215347
-4.03422	2.94222	-0.349072	-0.492202	-0.177347	-0.44413	0.570566	0.00338121	-0.143537	-0.183537	-0.0758923	0.303047	-0.418236	0.187231	-0.360166	-0.211183	0.111254
-4.0612	2.84758	-0.259928	-0.527818	-0.259043	-0.390577	0.502788	0.0435397	-0.171522	-0.159689	-0.120432	0.263808	-0.368518	0.109861	-0.324724	-0.259304	0.0721369
-4.14605	2.89558	-0.256398	-0.558506	-0.189568	-0.469973	0.525493	0.0754547	-0.191463	-0.109581	-0.161079	0.249421	-0.313004	0.0740599	-0.286234	-0.303196	0.0809004
-4.19098	2.91233	-0.211475	-0.559339	-0.201726	-0.403282	0.475028	0.114067	-0.155989	-0.109276	-0.162739	0.301497	-0.366273	0.14056	-0.302985	-0.276651	0.0811685
-4.23642	2.88737	-0.191227	-0.517362	-0.236541	-0.336318	0.441473	0.097078	-0.0971956	-0.162404	-0.0689016	0.239798	-0.341554	0.128543	-0.297549	-0.262343	0.0789554
-4.29992	2.88103	-0.17673	-0.583706	-0.169657	-0.432406	0.439266	0.115784	-0.196851	-0.0855488	-0.132059	0.236248	-0.360329	0.102865	-0.293899	-0.259984	-0.0238677
-4.32159	2.8541	-0.12954	-0.618146	-0.100076	-0.514728	0.480361	0.0984783	-0.199332	-0.0976781	-0.0897396	0.194112	-0.302443	0.0513027	-0.269977	-0.268303	-0.0370794
-4.36054	2.86744	-0.135026	-0.593068	-0.115639	-0.539899	0.495138	0.113798	-0.252966	-0.073185	-0.0842471	0.169661	-0.289425	0.0600133	-0.296573	-0.260762	-0.0417103
-4.4181	2.90947	-0.122196	-0.543442	-0.148003	-0.514708	0.501797	0.09179	-0.231412	-0.0622966	-0.0595011	0.162797	-0.278992	0.0737381	-0.313845	-0.226494	-0.0222096
-4.47725	2.9278	-0.0642458	-0.50584	-0.177162	-0.479825	0.493175	0.0899813	-0.227925	-0.00243478	-0.0922567	0.222176	-0.306465	0.109584	-0.336184	-0.189322	0.0143522
-4.57796	3.00446	-0.112565	-0.496673	-0.258483	-0.458454	0.421859	0.0848211	-0.22542	-0.0422102	-0.0846264	0.150785	-0.304259	0.110008	-0.368258	-0.181748	-0.103124
-4.70775	3.04484	-0.0521154	-0.618675	-0.190698	-0.595115	0.452961	0.0918839	-0.338999	0.0267041	-0.141673	0.111893	-0.296601	0.0444564	-0.354918	-0.209022	-0.221222
-4.77491	3.09321	-0.0402745	-0.54657	-0.253276	-0.609661	0.42901	0.142854	-0.288316	0.0251507	-0.190087	0.119039	-0.278367	0.0910608	-0.340605	-0.226957	-0.195099
-4.9139	3.31931	-0.164421	-0.469597	-0.274758	-0.567306	0.583709	0.0269576	-0.224381	0.0314201	-0.105939	0.158623	-0.285647	0.102691	-0.378754	-0.155173	-0.0621647
-4.91183	3.2213	-0.0384495	-0.461871	-0.28277	-0.586624	0.525143	0.121635	-0.242443	0.079563	-0.192082	0.213741	-0.29081	0.129697	-0.281444	-0.248724	-0.0468322
-4.9895	3.26615	-0.111378	-0.39565	-0.351217	-0.602868	0.562075	0.0716801	-0.236012	0.0790826	-0.214529	0.179786	-0.273555	0.136419	-0.311901	-0.226178	-0.116305
-5.15249	3.46973	-0.151955	-0.324684	-0.401355	-0.545018	0.562028	0.0766516	-0.136417	0.00780723	-0.159936	0.156933	-0.204888	0.131334	-0.218946	-0.283804	-0.0161432
-5.19525	3.41676	-0.167793	-0.298263	-0.427264	-0.603509	0.552594	0.0161038	-0.0599636	-0.112172	-0.0923517	0.0554458	-0.19846	0.199684	-0.390223	-0.152774	-0.161826
-5.26846	3.37136	0.0445542	-0.423846	-0.271661	-0.694173	0.663968	0.0250232	-0.102638	0.0742334	-0.209553	0.163404	-0.189368	0.153565	-0.273714	-0.220939	-0.0214166
-5.31399	3.28724	0.103791	-0.348149	-0.377	-0.683591	0.614457	0.100878	-0.181986	0.144614	-0.281492	0.166372	-0.205192	0.183277	-0.263684	-0.214507	-0.0836527
-5.5544	3.50286	0.248652	-0.520679	-0.240862	-0.620722	0.735017	-0.000388601	-0.0862513	0.182592	-0.261239	0.238593	-0.149557	0.195782	-0.361793	-0.0899373	0.059965
-5.71024	3.43912	0.519156	-0.376714	-0.451886	-0.579213	0.505505	0.195329	-0.102588	0.113741	-0.244075	0.133025	-0.113894	0.313719	-0.369991	-0.104254	-0.0524778
-5.62308	3.32356	0.351718	-0.269578	-0.508608	-0.530045	0.727681	0.126024	-0.183025	0.250902	-0.247256	0.285931	-0.135137	0.140275	-0.275771	-0.137035	0.166242
-5.57951	2.82284	0.454266	-0.275028	-0.503827	-0.366815	0.333761	0.101135	-0.123819	0.119694	-0.112505	0.0643453	-0.0349289	0.0607041	-0.309924	-0.0989086	-0.0339618
-5.62269	2.74293	0.424114	-0.252565	-0.447923	-0.393374	0.521989	0.0656754	-0.200563	0.187131	-0.282058	0.107517	-0.0992575	0.116586	-0.282348	-0.173003	-0.093075
-6.1417	2.76839	0.481516	-0.228806	-0.361167	-0.396766	0.663525	0.0587965	-0.210839	0.231756	-0.296685	0.25655	-0.0507987	0.220367	-0.297282	-0.195763	-0.0643245
-6.9047	2.61519	0.8015	-0.118458	-0.411508	-0.255367	0.54595	0.10666	-0.120385	0.0787209	-0.281438	0.0476066	-0.0337097	0.176861	-0.436664	0.0244911	-0.109989
-6.6729	2.70058	0.736822	-0.0485355	-0.467879	-0.278989	0.227016	0.111193	-0.0143245	-0.00461696	-0.243786	-0.105525	-0.154534	0.0725581	-0.223318	-0.0614883	-0.209259
-6.42478	2.95706	0.751078	-0.216417	-0.589419	-0.307781	0.299163	0.0898199	-0.141754	0.083295	-0.334102	-0.00727089	-0.174549	0.0893731	-0.266802	-0.126377	-0.172246
-6.5345	3.05119	0.862108	-0.18136	-0.638093	-0.401077	0.33755	0.00481025	-0.182217	0.129721	-0.44251	0.139179	-0.163007	0.039675	-0.29507	-0.114193	-0.148807
-6.37482	2.95395	0.841288	-0.163551	-0.591198	-0.305581	0.417425	-0.0335715	-0.0547528	0.188318	-0.408065	0.296846	-0.113305	-0.0156807	-0.298242	-0.0628826	-0.0941024
-6.34192	2.67043	0.837485	-0.139813	-0.605377	-0.246626	0.349754	0.061699	-0.0423865	0.120933	-0.280893	0.208995	-0.0375381	0.0198744	-0.207427	-0.0530909	-0.146708
-6.7299	2.68485	0.942336	0.0992557	-0.474852	-0.209277	0.287059	-0.108231	-0.100152	0.12545	-0.305763	0.154701	-0.101504	0.0262947	-0.206957	-0.0635184	-0.251687
-6.46784	2.8916	0.893186	0.0498625	-0.595952	-0.260005	0.389158	-0.191309	-0.192768	0.0309695	-0.464875	0.180441	-0.0347359	0.0299144	-0.218675	-0.0672887	-0.294816
-6.41965	2.95759	0.935566	0.126783	-0.655623	-0.225007	0.458769	-0.198949	-0.15824	0.0448939	-0.492567	0.299713	-0.0530026	0.128478	-0.246153	-0.0332344	-0.287664
-6.49445	2.95117	0.932852	0.223844	-0.564644	-0.0572086	0.466506	-0.258126	-0.181104	-0.0309169	-0.492368	0.267107	0.00660953	0.0747336	-0.287853	-0.0269023	-0.280904
-6.45063	2.89619	0.886276	0.175793	-0.503974	-0.120512	0.417831	-0.219203	-0.292796	-0.0530545	-0.429043	0.114541	0.0842419	-0.0153756	-0.23553	-0.0160897	-0.292903
-6.97624	2.93978	0.835808	0.335397	-0.523404	-0.0629625	0.465365	-0.131622	-0.366014	0.0152028	-0.438432	0.189318	0.0809689	0.100525	-0.291858	-0.0177053	-0.25214
-7.44753	2.26917	0.946429	0.665832	-0.114525	0.266955	0.281549	0.0185089	-0.33679	-0.181965	-0.264788	0.145612	0.019482	0.0129093	-0.229653	-0.149726	-0.11914
-7.68508	1.9371	0.997821	0.829693	0.194954	0.325603	0.0301282	-0.00318415	-0.285245	-0.274055	-0.135124	0.0671488	0.0102763	-0.0120544	-0.219978	-0.0843345	0.00649605
-8.1743	1.77471	0.928042	0.857981	0.318699	0.350188	0.0726076	0.0613864	-0.315647	-0.39961	-0.245089	0.0142183	-0.0486148	0.0568978	-0.229708	-0.0758326	0.0312425
-8.6519	1.92717	0.868421	0.686949	0.414228	0.476332	0.141298	0.107923	-0.0782401	-0.234812	-0.153849	0.00158156	-0.0977322	0.0397415	-0.153539	0.0163859	0.181003
-9.09012	1.97056	0.779265	0.557336	0.431624	0.412897	0.100463	0.023918	-0.0626451	-0.148706	-0.130648	-0.033809	0.00136294	-0.0501861	-0.0389848	0.122225	0.243809
-9.64081	1.73683	0.870691	0.775617	0.589512	0.420006	0.125055	0.0584853	-0.0651859	-0.0592108	0.00157738	-0.052216	0.00115185	0.00871617	-0.0107346	0.0534548	0.186717
-9.76482	1.69906	0.911036	0.720837	0.492677	0.338684	0.160488	0.115434	-0.0688826	-0.126578	-0.0473208	-0.0327214	0.0649047	0.085384	0.0966682	0.0776693	0.221495
-8.93065	1.46308	0.778175	0.206148	0.0860834	0.427638	-0.108806	0.180596	0.122795	-0.013567	0.132608	0.0716414	0.107466	0.126726	0.167682	0.107514	0.201674
-7.78325	1.44493	0.564197	0.610852	-0.390466	0.748922	0.0312182	0.0433472	0.17084	-0.0716265	0.182597	0.174046	0.0549003	0.177083	0.312466	0.261131	0.0875255
-6.74531	1.31179	0.380627	0.551222	-0.347045	0.631695	-0.0232987	-0.0137661	0.18034	0.00214883	0.277373	0.190884	0.134433	0.119616	0.245016	0.360663	0.198695
-6.36099	1.17803	0.381075	0.584473	-0.307099	0.74546	-0.0933133	-0.0906195	0.208157	0.0808022	0.415685	0.157789	0.072529	0.0823879	0.178061	0.365606	0.270947
-6.40279	1.06782	0.322225	0.534173	-0.274815	0.815361	-0.0933238	-0.120658	0.304775	0.118321	0.396018	0.163513	0.114088	0.168748	0.0429194	0.138616	0.0910778
-6.77587	1.24988	0.181053	0.436145	-0.231951	0.717049	-0.261388	-0.216002	0.454776	0.152446	0.31751	0.0962905	0.0281109	0.268178	0.0646766	0.0454007	-0.0625807
-7.35927	1.68827	-0.0556328	0.241038	-0.247486	0.554414	-0.348165	-0.279989	0.49183	0.247479	0.158659	0.0293352	-0.0462168	0.195589	0.199492	0.167535	-0.0151505
-7.84296	1.91512	-0.0751531	0.156687	-0.170489	0.505712	-0.0724083	-0.32861	0.43848	0.394926	0.221501	0.0612739	-0.0629034	0.191635	0.307942	0.233501	-0.0243543
-8.14052	1.80337	0.0929808	0.169291	-0.0782927	0.472599	0.0896659	-0.233897	0.38014	0.41265	0.208658	0.0603999	0.0725556	0.217753	0.166024	0.145819	0.0563374
-8.44519	1.82541	0.244481	0.237758	0.053495	0.310433	0.0309948	-0.197959	0.287542	0.352644	0.264435	0.272913	0.180875	0.207798	0.0481026	0.0767702	0.120017
-8.80723	1.82415	0.428807	0.331112	0.138662	0.27966	0.0227999	-0.12202	0.297758	0.380102	0.289052	0.255265	0.153314	0.218564	0.0653445	0.00175822	0.0586239
-9.10779	1.65261	0.485501	0.388301	0.28941	0.271291	0.127923	0.104343	0.301841	0.363601	0.314966	0.251148	0.179639	0.182181	0.132111	0.0594175	0.0604854
-9.45344	1.5335	0.50213	0.437007	0.363373	0.315486	0.224124	0.21305	0.278088	0.306297	0.269606	0.204473	0.221426	0.233487	0.14347	0.09488	0.0752935
-9.36746	1.48577	0.501059	0.43111	0.334471	0.310835	0.264043	0.22523	0.210578	0.212986	0.196116	0.177756	0.168807	0.197348	0.183318	0.163127	0.143062
-9.479	1.46174	0.51441	0.429886	0.328605	0.286948	0.265759	0.257485	0.24799	0.241354	0.221162	0.216029	0.197403	0.194536	0.189097	0.188237	0.170824
-9.29517	2.32285	0.982259	0.356695	0.138665	0.175942	0.265055	0.201212	0.104421	0.0912805	0.14216	0.15767	0.0473156	0.0864893	0.0910181	0.103722	0.0430318
-8.94578	2.66334	0.977129	0.220266	0.0300809	0.143153	0.266586	0.115973	0.0444238	0.0367156	0.100368	0.0887173	0.0356575	0.00174748	0.0480886	0.0450243	0.0456888
-8.98146	2.57568	0.935428	0.194507	0.0339859	0.106254	0.20537	0.110813	0.0214793	0.0112801	0.0586585	0.0675282	0.0138457	-0.0332628	0.0287354	0.0364652	-0.00694224
-9.5558	2.25788	1.01756	0.307416	0.160148	0.172707	0.212969	0.20125	0.104218	0.0694216	0.138612	0.141203	0.0253054	0.0351948	0.120903	0.0919339	0.00422181
-10.2649	1.21202	0.606436	0.420823	0.468371	0.417292	0.313131	0.326611	0.293793	0.323307	0.296387	0.197254	0.175141	0.18224	0.233152	0.193213	0.169907
-10.1896	1.24136	0.591728	0.413845	0.41745	0.364131	0.349407	0.331819	0.311087	0.288705	0.263438	0.197344	0.204548	0.220258	0.208469	0.178759	0.180466
-10.2798	1.15613	0.546225	0.406652	0.396444	0.372681	0.320792	0.290654	0.252519	0.214289	0.198882	0.235735	0.263588	0.256038	0.198719	0.2051	0.234208
-9.83952	1.98131	0.924818	0.382633	0.232869	0.233652	0.204488	0.207161	0.161407	0.176852	0.122494	0.153259	0.149059	0.142825	0.06505	0.0875569	0.144319
-9.32145	2.59167	1.0502	0.236859	0.0319139	0.187974	0.244702	0.194234	0.0543869	0.0718307	0.11221	0.148158	0.0178604	0.0699273	0.0749186	0.0164467	0.0146353
-9.21172	2.72683	1.05411	0.171873	-0.0115573	0.238454	0.205419	0.144788	0.0796277	0.0540805	0.0696169	0.138313	-0.00295437	0.0749382	0.0289376	-0.00808876	0.0403184
-9.33252	2.28235	0.949358	0.332935	0.0682985	0.135317	0.175437	0.170675	0.11312	0.0749598	0.0327668	0.0888474	0.0527034	0.0654497	0.0186298	-0.00379181	0.0277995
-9.3045	2.32219	0.965773	0.29243	0.149478	0.237081	0.240338	0.205908	0.125959	0.110303	0.097636	0.106967	0.0951908	0.0716044	0.044126	0.076137	0.0784089
-9.44386	2.46765	1.15031	0.176048	0.0517816	0.281088	0.269771	0.21001	0.0887601	0.0992592	0.108193	0.119212	0.0992059	0.0677752	0.0421536	0.0758998	0.0682263
-9.58253	1.93201	0.915368	0.416334	0.241537	0.223721	0.223327	0.238789	0.181405	0.150945	0.125086	0.13831	0.124225	0.133618	0.0968307	0.116289	0.115064
-8.93934	1.59792	0.4211	0.461671	0.286324	0.284074	0.205365	0.226355	0.175989	0.192191	0.147712	0.140407	0.109712	0.130119	0.11607	0.119149	0.110514
-7.86997	1.55138	0.353894	0.417783	0.224372	0.235036	0.155516	0.169486	0.119653	0.130092	0.0920426	0.0874351	0.0631536	0.0831923	0.0647855	0.0715178	0.0559451
