2.078119999999999891e+03
2.078119999999999891e+03
2.078119999999999891e+03
2.078119999999999891e+03
2.078119999999999891e+03
2.078119999999999891e+03
2.078119999999999891e+03
2.078119999999999891e+03
2.078119999999999891e+03
2.078119999999999891e+03
2.078119999999999891e+03
2.078119999999999891e+03
2.078119999999999891e+03
2.078119999999999891e+03
2.078119999999999891e+03
2.078119999999999891e+03
2.078119999999999891e+03
2.078119999999999891e+03
2.078119999999999891e+03
2.078119999999999891e+03
2.078119999999999891e+03
2.078119999999999891e+03
2.078119999999999891e+03
2.078119999999999891e+03
2.078119999999999891e+03
2.078119999999999891e+03
2.078119999999999891e+03
2.078119999999999891e+03
2.078119999999999891e+03
2.078119999999999891e+03
2.078119999999999891e+03
2.078119999999999891e+03
2.078119999999999891e+03
2.078119999999999891e+03
2.078119999999999891e+03
2.078119999999999891e+03
2.078119999999999891e+03
2.078119999999999891e+03
2.078119999999999891e+03
2.078119999999999891e+03
2.078119999999999891e+03
2.078119999999999891e+03
2.078119999999999891e+03
2.078119999999999891e+03
2.078119999999999891e+03
2.078119999999999891e+03
2.078119999999999891e+03
2.078119999999999891e+03
2.078119999999999891e+03
2.078119999999999891e+03
2.078119999999999891e+03
2.109380000000000109e+03
2.759550000000000182e+03
2.251630000000000109e+03
2.759550000000000182e+03
4.031250000000000000e+03
6.192840000000000146e+03
6.192840000000000146e+03
6.192840000000000146e+03
2.634190000000000055e+03
2.059769999999999982e+03
1.968750000000000000e+03
1.536079999999999927e+03
1.968750000000000000e+03
1.536079999999999927e+03
1.705859999999999900e+03
1.705859999999999900e+03
1.705859999999999900e+03
1.703119999999999891e+03
1.703119999999999891e+03
1.703119999999999891e+03
1.177319999999999936e+03
1.640619999999999891e+03
1.196710000000000036e+03
1.640619999999999891e+03
1.640619999999999891e+03
1.975099999999999909e+03
5.397329999999999927e+03
6.225880000000000109e+03
6.225880000000000109e+03
6.225880000000000109e+03
5.396859999999999673e+03
5.396859999999999673e+03
5.396859999999999673e+03
7.739270000000000437e+03
7.739270000000000437e+03
7.739270000000000437e+03
6.047229999999999563e+03
1.630980000000000018e+03
1.630980000000000018e+03
1.486890000000000100e+03
1.398950000000000045e+03
1.398950000000000045e+03
1.382135714285714357e+03
1.365321428571428669e+03
1.348507142857142981e+03
1.331692857142857065e+03
1.314878571428571377e+03
1.298064285714285688e+03
1.281250000000000000e+03
2.968750000000000000e+03
2.968750000000000000e+03
3.052630000000000109e+03
3.052630000000000109e+03
4.034130000000000109e+03
4.034130000000000109e+03
4.034130000000000109e+03
1.790210000000000036e+03
1.566920000000000073e+03
1.566920000000000073e+03
1.455440000000000055e+03
1.455440000000000055e+03
1.438080000000000155e+03
1.420720000000000027e+03
1.403360000000000127e+03
1.386000000000000000e+03
1.368640000000000100e+03
1.351279999999999973e+03
1.333920000000000073e+03
1.316559999999999945e+03
1.299200000000000045e+03
1.281840000000000146e+03
1.264480000000000018e+03
1.247119999999999891e+03
1.229759999999999991e+03
1.212400000000000091e+03
1.195039999999999964e+03
1.177680000000000064e+03
1.160319999999999936e+03
1.142960000000000036e+03
1.125599999999999909e+03
1.108240000000000009e+03
1.961509999999999991e+03
3.125000000000000000e+03
3.125000000000000000e+03
3.401070000000000164e+03
4.240789999999999964e+03
4.881760000000000218e+03
4.881760000000000218e+03
4.881760000000000218e+03
4.881760000000000218e+03
3.796880000000000109e+03
3.796880000000000109e+03
4.196930000000000291e+03
6.597000000000000000e+03
6.597000000000000000e+03
6.597000000000000000e+03
4.196930000000000291e+03
4.024190000000000055e+03
3.788519999999999982e+03
3.677360000000000127e+03
3.548940000000000055e+03
3.788519999999999982e+03
3.788519999999999982e+03
4.198680000000000291e+03
4.379460000000000036e+03
4.379460000000000036e+03
6.601560000000000400e+03
6.601560000000000400e+03
5.711090000000000146e+03
3.795699999999999818e+03
5.711090000000000146e+03
3.795699999999999818e+03
3.449800000000000182e+03
2.561380000000000109e+03
2.561380000000000109e+03
2.561380000000000109e+03
3.078119999999999891e+03
3.658170000000000073e+03
6.141140000000000327e+03
7.459829999999999927e+03
7.459829999999999927e+03
7.459829999999999927e+03
6.971430000000000291e+03
6.850510000000000218e+03
6.631082692307692923e+03
6.411655384615384719e+03
6.192228076923077424e+03
5.972800769230769220e+03
5.753373461538461925e+03
5.533946153846153720e+03
5.314518846153846425e+03
5.095091538461538221e+03
4.875664230769230926e+03
4.656236923076923631e+03
4.436809615384615427e+03
4.217382307692307222e+03
3.997954999999999927e+03
3.778527692307692178e+03
3.559100384615384428e+03
3.339673076923076678e+03
3.120245769230768929e+03
2.900818461538461179e+03
2.681391153846153429e+03
2.461963846153846134e+03
2.242536538461537930e+03
2.023109230769230635e+03
1.803681923076922430e+03
1.584254615384615136e+03
1.364827307692306931e+03
1.145400000000000091e+03
1.181289999999999964e+03
1.626599999999999909e+03
3.160090000000000146e+03
4.559550000000000182e+03
4.691930000000000291e+03
4.691930000000000291e+03
4.722880000000000109e+03
6.015619999999999891e+03
6.691229999999999563e+03
6.744449999999999818e+03
6.744449999999999818e+03
6.744449999999999818e+03
6.744449999999999818e+03
6.744449999999999818e+03
7.500890000000000327e+03
7.500890000000000327e+03
7.310180000000000291e+03
6.664300000000000182e+03
6.664300000000000182e+03
2.312500000000000000e+03
1.696960000000000036e+03
1.339420000000000073e+03
1.078119999999999891e+03
1.031250000000000000e+03
1.036221363636363549e+03
1.041192727272727325e+03
1.046164090909090874e+03
1.051135454545454422e+03
1.056106818181818198e+03
1.061078181818181747e+03
1.066049545454545523e+03
1.071020909090909072e+03
1.075992272727272621e+03
1.080963636363636397e+03
1.085934999999999945e+03
1.090906363636363494e+03
1.095877727272727270e+03
1.100849090909090819e+03
1.105820454545454368e+03
1.110791818181818144e+03
1.115763181818181693e+03
1.120734545454545469e+03
1.125705909090909017e+03
1.130677272727272566e+03
1.135648636363636342e+03
1.140619999999999891e+03
1.796880000000000109e+03
2.328119999999999891e+03
5.640619999999999891e+03
7.484380000000000109e+03
7.484380000000000109e+03
7.484380000000000109e+03
7.164020000000000437e+03
7.081420000000000073e+03
6.931649999999999636e+03
7.081420000000000073e+03
6.931649999999999636e+03
6.990520000000000437e+03
6.990520000000000437e+03
7.238489999999999782e+03
7.013689999999999600e+03
7.013689999999999600e+03
7.013689999999999600e+03
6.100640000000000327e+03
5.521140000000000327e+03
5.521140000000000327e+03
5.318229999999999563e+03
4.532260000000000218e+03
4.532260000000000218e+03
4.139680000000000291e+03
3.630210000000000036e+03
3.602530000000000200e+03
3.602530000000000200e+03
2.058239999999999782e+03
1.847859999999999900e+03
1.847859999999999900e+03
1.847859999999999900e+03
1.325170000000000073e+03
1.312364800000000059e+03
1.299559600000000046e+03
1.286754400000000032e+03
1.273949200000000019e+03
1.261144000000000005e+03
1.248338799999999992e+03
1.235533599999999979e+03
1.222728399999999965e+03
1.209923199999999952e+03
1.197117999999999938e+03
1.184312799999999925e+03
1.171507599999999911e+03
1.158702400000000125e+03
1.145897199999999884e+03
1.133092000000000098e+03
1.120286800000000085e+03
1.107481600000000071e+03
1.094676400000000058e+03
1.081871200000000044e+03
1.069066000000000031e+03
1.056260800000000017e+03
1.043455600000000004e+03
1.030650399999999991e+03
1.017845199999999977e+03
1.005039999999999964e+03
1.070309999999999945e+03
1.076660000000000082e+03
1.148059999999999945e+03
1.159230000000000018e+03
1.159230000000000018e+03
1.159230000000000018e+03
1.171880000000000109e+03
4.109380000000000109e+03
4.320310000000000400e+03
4.320310000000000400e+03
4.109380000000000109e+03
1.844119999999999891e+03
1.500000000000000000e+03
1.059950000000000045e+03
1.056434444444444580e+03
1.052918888888888887e+03
1.049403333333333421e+03
1.045887777777777728e+03
1.042372222222222263e+03
1.038856666666666570e+03
1.035341111111111104e+03
1.031825555555555411e+03
1.028309999999999945e+03
1.278829999999999927e+03
1.278829999999999927e+03
1.278829999999999927e+03
1.124519999999999982e+03
1.309990000000000009e+03
1.162680000000000064e+03
1.379430000000000064e+03
1.188279999999999973e+03
1.379430000000000064e+03
1.195599999999999909e+03
1.379430000000000064e+03
1.195599999999999909e+03
1.195599999999999909e+03
1.037710000000000036e+03
1.037710000000000036e+03
1.037710000000000036e+03
1.037710000000000036e+03
1.037710000000000036e+03
1.037710000000000036e+03
1.037710000000000036e+03
1.037710000000000036e+03
1.037710000000000036e+03
1.037710000000000036e+03
1.037710000000000036e+03
1.037710000000000036e+03
1.037710000000000036e+03
1.037710000000000036e+03
1.037710000000000036e+03
1.037710000000000036e+03
1.037710000000000036e+03
1.037710000000000036e+03
1.037710000000000036e+03
1.037710000000000036e+03
1.037710000000000036e+03
1.037710000000000036e+03
1.037710000000000036e+03
1.037710000000000036e+03
1.037710000000000036e+03
1.037710000000000036e+03
1.037710000000000036e+03
1.037710000000000036e+03
1.037710000000000036e+03
1.037710000000000036e+03
1.037710000000000036e+03
1.037710000000000036e+03
1.037710000000000036e+03
1.037710000000000036e+03
1.037710000000000036e+03
1.037710000000000036e+03
1.037710000000000036e+03
1.037710000000000036e+03
1.037710000000000036e+03
1.037710000000000036e+03
1.037710000000000036e+03
1.037710000000000036e+03
1.037710000000000036e+03
1.037710000000000036e+03
1.037710000000000036e+03
1.037710000000000036e+03
