5.078119999999999891e+03
5.078119999999999891e+03
5.078119999999999891e+03
5.078119999999999891e+03
5.078119999999999891e+03
5.078119999999999891e+03
5.078119999999999891e+03
5.078119999999999891e+03
5.078119999999999891e+03
5.078119999999999891e+03
5.078119999999999891e+03
5.078119999999999891e+03
5.078119999999999891e+03
5.078119999999999891e+03
5.078119999999999891e+03
5.078119999999999891e+03
5.078119999999999891e+03
5.078119999999999891e+03
5.078119999999999891e+03
5.078119999999999891e+03
5.078119999999999891e+03
5.078119999999999891e+03
5.078119999999999891e+03
5.078119999999999891e+03
5.078119999999999891e+03
5.078119999999999891e+03
5.078119999999999891e+03
5.078119999999999891e+03
5.078119999999999891e+03
5.078119999999999891e+03
5.078119999999999891e+03
5.078119999999999891e+03
5.078119999999999891e+03
5.078119999999999891e+03
5.078119999999999891e+03
5.078119999999999891e+03
5.078119999999999891e+03
5.078119999999999891e+03
7.138800000000000182e+03
7.138800000000000182e+03
7.138800000000000182e+03
7.149239999999999782e+03
7.031250000000000000e+03
5.150409999999999854e+03
5.150409999999999854e+03
6.640619999999999891e+03
5.150409999999999854e+03
4.561779999999999745e+03
4.561779999999999745e+03
2.611409999999999854e+03
2.515900769230769129e+03
2.420391538461538403e+03
2.324882307692307677e+03
2.229373076923076951e+03
2.133863846153846225e+03
2.038354615384615272e+03
1.942845384615384546e+03
1.847336153846153820e+03
1.751826923076923094e+03
1.656317692307692369e+03
1.560808461538461643e+03
1.465299230769230689e+03
1.369789999999999964e+03
3.577190000000000055e+03
3.850039999999999964e+03
4.774949999999999818e+03
4.774949999999999818e+03
5.082840000000000146e+03
5.082840000000000146e+03
5.082840000000000146e+03
4.995470000000000255e+03
4.346300000000000182e+03
4.346300000000000182e+03
2.890619999999999891e+03
2.890619999999999891e+03
3.250000000000000000e+03
3.250000000000000000e+03
2.240389999999999873e+03
2.240389999999999873e+03
1.867819999999999936e+03
1.867819999999999936e+03
1.578119999999999891e+03
1.280559999999999945e+03
1.280559999999999945e+03
1.360240000000000009e+03
1.360240000000000009e+03
1.718750000000000000e+03
2.578119999999999891e+03
3.270500000000000000e+03
3.270500000000000000e+03
4.422850000000000364e+03
4.422850000000000364e+03
3.035550000000000182e+03
2.447579999999999927e+03
2.447579999999999927e+03
2.447579999999999927e+03
1.625000000000000000e+03
1.546859999999999900e+03
1.546859999999999900e+03
1.546859999999999900e+03
1.546859999999999900e+03
1.578119999999999891e+03
1.578119999999999891e+03
1.578119999999999891e+03
1.578119999999999891e+03
1.223369999999999891e+03
1.199734999999999900e+03
1.176099999999999909e+03
1.152464999999999918e+03
1.128829999999999927e+03
1.105194999999999936e+03
1.081559999999999945e+03
6.587460000000000036e+03
7.541979999999999563e+03
7.541979999999999563e+03
7.651100000000000364e+03
7.651100000000000364e+03
7.107300000000000182e+03
7.107300000000000182e+03
7.139229999999999563e+03
7.139229999999999563e+03
7.430890000000000327e+03
7.831420000000000073e+03
7.831420000000000073e+03
7.831420000000000073e+03
7.823979999999999563e+03
7.474670000000000073e+03
7.474670000000000073e+03
7.775590000000000146e+03
7.474670000000000073e+03
7.474670000000000073e+03
6.257810000000000400e+03
1.990490000000000009e+03
1.990490000000000009e+03
1.892920000000000073e+03
1.892920000000000073e+03
1.631920000000000073e+03
1.631920000000000073e+03
1.631920000000000073e+03
1.625180000000000064e+03
1.413670000000000073e+03
1.413670000000000073e+03
1.475557500000000118e+03
1.537445000000000164e+03
1.599332499999999982e+03
1.661220000000000027e+03
1.661220000000000027e+03
1.661220000000000027e+03
1.652190985915493002e+03
1.643161971830985976e+03
1.634132957746478951e+03
1.625103943661971925e+03
1.616074929577464900e+03
1.607045915492957874e+03
1.598016901408450622e+03
1.588987887323943596e+03
1.579958873239436571e+03
1.570929859154929545e+03
1.561900845070422520e+03
1.552871830985915494e+03
1.543842816901408469e+03
1.534813802816901443e+03
1.525784788732394418e+03
1.516755774647887392e+03
1.507726760563380367e+03
1.498697746478873341e+03
1.489668732394366089e+03
1.480639718309859290e+03
1.471610704225352038e+03
1.462581690140845012e+03
1.453552676056337987e+03
1.444523661971830961e+03
1.435494647887323936e+03
1.426465633802816910e+03
1.417436619718309885e+03
1.408407605633802859e+03
1.399378591549295834e+03
1.390349577464788808e+03
1.381320563380281783e+03
1.372291549295774530e+03
1.363262535211267732e+03
1.354233521126760479e+03
1.345204507042253454e+03
1.336175492957746428e+03
1.327146478873239403e+03
1.318117464788732377e+03
1.309088450704225352e+03
1.300059436619718326e+03
1.291030422535211301e+03
1.282001408450704275e+03
1.272972394366197250e+03
1.263943380281690224e+03
1.254914366197182972e+03
1.245885352112676173e+03
1.236856338028168921e+03
1.227827323943661895e+03
1.218798309859154870e+03
1.209769295774647844e+03
1.200740281690140819e+03
1.191711267605633793e+03
1.182682253521126768e+03
1.173653239436619742e+03
1.164624225352112717e+03
1.155595211267605464e+03
1.146566197183098666e+03
1.137537183098591413e+03
1.128508169014084615e+03
1.119479154929577362e+03
1.110450140845070337e+03
1.101421126760563311e+03
1.092392112676056286e+03
1.083363098591549260e+03
1.074334084507042235e+03
1.065305070422535209e+03
1.056276056338028184e+03
1.047247042253521158e+03
1.038218028169013905e+03
1.029189014084507107e+03
1.020159999999999968e+03
3.265619999999999891e+03
3.265619999999999891e+03
3.265619999999999891e+03
3.265619999999999891e+03
3.265619999999999891e+03
4.133600000000000364e+03
5.745130000000000109e+03
6.088359999999999673e+03
7.145569999999999709e+03
7.145569999999999709e+03
7.145569999999999709e+03
7.145569999999999709e+03
7.305579999999999927e+03
7.305579999999999927e+03
7.328439999999999600e+03
7.328439999999999600e+03
7.297199999999999818e+03
4.176039999999999964e+03
7.297199999999999818e+03
7.297199999999999818e+03
7.667090000000000146e+03
7.715489999999999782e+03
7.725140000000000327e+03
7.725140000000000327e+03
7.733539999999999964e+03
7.733539999999999964e+03
7.753180000000000291e+03
7.753180000000000291e+03
7.753180000000000291e+03
7.753180000000000291e+03
7.753180000000000291e+03
7.741100000000000364e+03
7.669189999999999600e+03
4.625000000000000000e+03
1.405029999999999973e+03
1.043980000000000018e+03
1.040420000000000073e+03
1.044437916666666752e+03
1.048455833333333430e+03
1.052473750000000109e+03
1.056491666666666788e+03
1.060509583333333467e+03
1.064527500000000146e+03
1.068545416666666597e+03
1.072563333333333276e+03
1.076581249999999955e+03
1.080599166666666633e+03
1.084617083333333312e+03
1.088634999999999991e+03
1.092652916666666670e+03
1.096670833333333348e+03
1.100688750000000027e+03
1.104706666666666706e+03
1.108724583333333385e+03
1.112742499999999836e+03
1.116760416666666515e+03
1.120778333333333194e+03
1.124796249999999873e+03
1.128814166666666551e+03
1.132832083333333230e+03
1.136849999999999909e+03
1.146750000000000000e+03
1.875000000000000000e+03
3.906250000000000000e+03
3.906250000000000000e+03
3.906250000000000000e+03
1.185410000000000082e+03
1.185410000000000082e+03
1.109990000000000009e+03
1.109990000000000009e+03
1.109839999999999918e+03
1.109690000000000055e+03
1.109539999999999964e+03
1.109389999999999873e+03
1.109240000000000009e+03
1.109089999999999918e+03
1.108940000000000055e+03
1.108789999999999964e+03
1.108639999999999873e+03
1.108490000000000009e+03
1.108339999999999918e+03
1.108190000000000055e+03
1.108039999999999964e+03
1.107889999999999873e+03
1.107740000000000009e+03
1.107589999999999918e+03
1.703119999999999891e+03
2.578119999999999891e+03
2.610960000000000036e+03
5.562699999999999818e+03
5.646510000000000218e+03
6.374420000000000073e+03
6.374420000000000073e+03
5.646510000000000218e+03
5.586500000000000000e+03
3.203079999999999927e+03
3.203079999999999927e+03
3.203079999999999927e+03
3.387599999999999909e+03
3.203079999999999927e+03
3.387599999999999909e+03
2.976559999999999945e+03
2.976559999999999945e+03
1.147609999999999900e+03
1.125269999999999982e+03
1.125269999999999982e+03
1.147609999999999900e+03
1.340849999999999909e+03
1.340849999999999909e+03
1.340849999999999909e+03
1.348460000000000036e+03
1.101559999999999945e+03
1.074329999999999927e+03
1.074329999999999927e+03
1.348460000000000036e+03
1.218750000000000000e+03
1.218750000000000000e+03
2.327250000000000000e+03
2.327250000000000000e+03
2.327250000000000000e+03
2.330829999999999927e+03
3.103719999999999800e+03
3.103719999999999800e+03
3.031250000000000000e+03
3.031250000000000000e+03
3.031250000000000000e+03
3.031250000000000000e+03
3.546880000000000109e+03
6.165529999999999745e+03
6.285449999999999818e+03
6.718750000000000000e+03
6.718750000000000000e+03
6.718750000000000000e+03
6.484380000000000109e+03
6.272529999999999745e+03
6.094550000000000182e+03
5.856670000000000073e+03
5.788149999999999636e+03
5.856670000000000073e+03
5.856670000000000073e+03
5.991500000000000000e+03
6.193260000000000218e+03
6.315140000000000327e+03
6.315140000000000327e+03
6.315140000000000327e+03
6.315140000000000327e+03
4.187199999999999818e+03
4.187199999999999818e+03
3.796880000000000109e+03
3.743670000000000073e+03
3.743670000000000073e+03
3.743670000000000073e+03
3.472010000000000218e+03
2.914059999999999945e+03
2.630829999999999927e+03
1.180400000000000091e+03
1.180400000000000091e+03
1.180400000000000091e+03
1.384789999999999964e+03
1.410900000000000091e+03
1.418299999999999955e+03
1.418299999999999955e+03
1.472660000000000082e+03
3.785130000000000109e+03
3.785130000000000109e+03
3.785130000000000109e+03
3.210699999999999818e+03
2.848190000000000055e+03
2.734460000000000036e+03
1.778960000000000036e+03
1.580200000000000045e+03
1.580200000000000045e+03
1.580200000000000045e+03
1.462490000000000009e+03
1.462490000000000009e+03
1.529789999999999964e+03
1.277339999999999918e+03
1.234380000000000109e+03
1.234380000000000109e+03
1.234380000000000109e+03
1.234380000000000109e+03
1.234380000000000109e+03
1.051549999999999955e+03
1.038880000000000109e+03
1.038880000000000109e+03
1.038880000000000109e+03
1.038880000000000109e+03
1.038880000000000109e+03
1.038880000000000109e+03
1.038880000000000109e+03
1.038880000000000109e+03
1.038880000000000109e+03
1.038880000000000109e+03
1.038880000000000109e+03
1.038880000000000109e+03
1.038880000000000109e+03
1.038880000000000109e+03
1.038880000000000109e+03
1.038880000000000109e+03
1.038880000000000109e+03
1.038880000000000109e+03
1.038880000000000109e+03
1.038880000000000109e+03
1.038880000000000109e+03
1.038880000000000109e+03
1.038880000000000109e+03
1.038880000000000109e+03
1.038880000000000109e+03
1.038880000000000109e+03
1.038880000000000109e+03
1.038880000000000109e+03
1.038880000000000109e+03
1.038880000000000109e+03
1.038880000000000109e+03
1.038880000000000109e+03
1.038880000000000109e+03
1.038880000000000109e+03
1.038880000000000109e+03
1.038880000000000109e+03
1.038880000000000109e+03
1.038880000000000109e+03
1.038880000000000109e+03
1.038880000000000109e+03
1.038880000000000109e+03
1.038880000000000109e+03
1.038880000000000109e+03
1.038880000000000109e+03
1.038880000000000109e+03
1.038880000000000109e+03
1.038880000000000109e+03
1.038880000000000109e+03
1.038880000000000109e+03
1.038880000000000109e+03
1.038880000000000109e+03
1.038880000000000109e+03
1.038880000000000109e+03
1.038880000000000109e+03
1.038880000000000109e+03
1.038880000000000109e+03
1.038880000000000109e+03
1.038880000000000109e+03
1.038880000000000109e+03
1.038880000000000109e+03
1.038880000000000109e+03
1.038880000000000109e+03
1.038880000000000109e+03
