-8.30265	1.62786	0.214976	0.440598	0.115896	0.224913	0.0720368	0.148918	0.0481595	0.0935428	0.0227196	0.0802914	0.0129769	0.0307678	0.0108627	0.0252798	0.0115215
-8.48589	1.63325	0.287496	0.459149	0.177152	0.250313	0.125834	0.17651	0.0966902	0.122308	0.0676887	0.10801	0.0538718	0.0580354	0.0466495	0.0530109	0.0451698
-9.72071	1.53682	0.50182	0.443482	0.322854	0.306872	0.216628	0.241473	0.195298	0.190106	0.158637	0.177872	0.130133	0.118142	0.112834	0.12654	0.107635
-10.213	1.20424	0.546674	0.400392	0.408819	0.386982	0.194616	0.209096	0.237999	0.293545	0.162991	0.142626	0.201557	0.22044	0.202517	0.169018	0.149376
-10.2834	1.15311	0.55802	0.349743	0.360315	0.306886	0.221778	0.218409	0.216264	0.19923	0.112673	0.195886	0.258168	0.210089	0.213226	0.164875	0.146114
-10.1981	1.17973	0.555736	0.381172	0.379986	0.290912	0.179028	0.208809	0.209059	0.196982	0.172432	0.194324	0.222358	0.161445	0.181721	0.150747	0.143276
-10.2938	1.14787	0.614961	0.468666	0.424064	0.328742	0.240117	0.260725	0.206982	0.206613	0.16794	0.176677	0.19437	0.193373	0.208209	0.196517	0.200948
-10.4958	1.047	0.634883	0.520452	0.606164	0.463276	0.279992	0.251084	0.281758	0.323642	0.207516	0.114369	0.0776716	0.144923	0.162227	0.15599	0.188589
-10.3232	1.18026	0.574445	0.449043	0.516241	0.407309	0.230327	0.218036	0.277226	0.278736	0.184061	0.209329	0.181409	0.185732	0.182208	0.155164	0.179809
-10.2772	1.18583	0.574865	0.441102	0.429959	0.368709	0.265758	0.22798	0.252918	0.240058	0.143129	0.199241	0.215114	0.196586	0.174593	0.121506	0.169805
-10.5183	0.963766	0.579201	0.458288	0.418488	0.33601	0.238547	0.296492	0.352872	0.267662	0.154238	0.190292	0.257217	0.185585	0.104915	0.0646849	0.214085
-10.2422	1.10416	0.593105	0.418859	0.347618	0.347599	0.264825	0.247675	0.275761	0.233087	0.205926	0.169936	0.200548	0.177055	0.154941	0.114142	0.189282
-10.2683	1.135	0.632735	0.42334	0.34903	0.327422	0.282047	0.271179	0.274378	0.252358	0.236333	0.15347	0.208087	0.21136	0.172167	0.162286	0.162687
-10.3585	1.06684	0.608035	0.41486	0.336167	0.317021	0.364194	0.319645	0.248485	0.249081	0.245422	0.18323	0.201661	0.201241	0.0992233	0.156464	0.186313
-10.2075	1.1551	0.586316	0.406312	0.325915	0.270787	0.279108	0.241827	0.208137	0.221932	0.195078	0.153746	0.168607	0.203617	0.0980788	0.158917	0.139893
-10.3903	1.03958	0.614752	0.441481	0.336009	0.284246	0.257916	0.217778	0.196012	0.217533	0.173972	0.160587	0.201088	0.209028	0.11077	0.141573	0.181227
-10.4866	0.894244	0.503364	0.438844	0.387934	0.351648	0.2839	0.211777	0.170894	0.189176	0.214943	0.13163	0.15053	0.211292	0.158294	0.100216	0.163661
-10.3518	0.995664	0.49865	0.399973	0.352723	0.273337	0.237617	0.244052	0.272513	0.257288	0.191137	0.12805	0.129765	0.173847	0.204309	0.146166	0.118754
-10.3784	1.08044	0.548177	0.435238	0.360728	0.364326	0.323318	0.240237	0.243195	0.262202	0.150535	0.145677	0.134626	0.179874	0.205536	0.102763	0.0839494
-10.4373	1.10461	0.609154	0.430776	0.370263	0.395707	0.329039	0.243321	0.270676	0.254707	0.207911	0.175516	0.111459	0.182711	0.227381	0.130514	0.113201
-10.364	1.14607	0.645345	0.419863	0.326208	0.304018	0.284335	0.236188	0.300527	0.226393	0.186188	0.144494	0.0697476	0.134366	0.172356	0.159792	0.170713
-10.3147	1.1084	0.587521	0.374507	0.286654	0.230288	0.264071	0.220678	0.227422	0.175517	0.18063	0.192937	0.152091	0.185187	0.161748	0.158357	0.153942
-10.3626	1.0827	0.64763	0.405086	0.311033	0.271305	0.298618	0.290002	0.262982	0.214668	0.171404	0.16792	0.136232	0.213639	0.215263	0.187109	0.107718
-10.2329	1.18032	0.612345	0.417547	0.335501	0.380794	0.303428	0.243326	0.284309	0.266527	0.197679	0.172286	0.144068	0.180431	0.22118	0.209347	0.085812
-10.2223	1.20919	0.595369	0.397847	0.341521	0.36674	0.288978	0.21936	0.257721	0.26158	0.214022	0.174223	0.199392	0.209756	0.173675	0.18972	0.123464
-10.4768	1.07538	0.637745	0.43408	0.386673	0.34035	0.266759	0.193175	0.27081	0.326133	0.290302	0.211962	0.255785	0.299715	0.222146	0.19075	0.169743
-10.173	1.20953	0.575062	0.396076	0.375258	0.346879	0.290989	0.235434	0.245155	0.231837	0.193642	0.161105	0.171347	0.260809	0.210066	0.176132	0.188707
-10.3958	1.06364	0.63997	0.437918	0.349555	0.353596	0.314805	0.241362	0.274678	0.295476	0.235327	0.221691	0.293908	0.316917	0.227784	0.166014	0.173823
-10.4531	0.977116	0.603283	0.461462	0.365538	0.39567	0.329545	0.32286	0.379697	0.34204	0.251788	0.158736	0.243212	0.289818	0.317273	0.217156	0.178888
-10.2483	1.14311	0.602515	0.446224	0.36032	0.364555	0.302414	0.332571	0.312205	0.230061	0.221315	0.175136	0.196839	0.179122	0.234933	0.173385	0.149158
-10.5045	1.03528	0.640163	0.555426	0.496328	0.356578	0.275468	0.339202	0.293069	0.211595	0.217239	0.214084	0.23128	0.193425	0.231555	0.219928	0.229667
-10.31	1.19409	0.588826	0.469243	0.390675	0.310326	0.279101	0.286197	0.265618	0.21197	0.224697	0.218049	0.165234	0.183305	0.190781	0.141788	0.171279
-10.2495	1.17556	0.546245	0.414857	0.345545	0.324925	0.27521	0.210813	0.206378	0.182417	0.200574	0.183895	0.170542	0.173879	0.197655	0.156236	0.176256
-10.1003	1.25546	0.546031	0.37046	0.340666	0.310017	0.243246	0.187566	0.223867	0.221315	0.206523	0.173204	0.186546	0.16953	0.153308	0.153105	0.152721
-10.1009	1.26482	0.595014	0.376804	0.354501	0.304377	0.265159	0.241611	0.219946	0.218251	0.147144	0.16449	0.225026	0.176327	0.197809	0.215088	0.146449
-10.149	1.23944	0.569972	0.398619	0.408183	0.31746	0.251821	0.267133	0.25262	0.249912	0.169361	0.202886	0.239378	0.143742	0.19929	0.181436	0.126833
-10.1507	1.19787	0.543751	0.368741	0.390251	0.311575	0.240547	0.242634	0.25831	0.241174	0.18009	0.166916	0.185945	0.149392	0.21577	0.16534	0.116626
-10.0747	1.27974	0.562861	0.369417	0.368386	0.303637	0.25721	0.223104	0.235154	0.224025	0.193181	0.216401	0.223983	0.161493	0.168468	0.176719	0.15394
-10.1519	1.25256	0.573143	0.390118	0.397029	0.325904	0.279769	0.243908	0.243741	0.223078	0.215418	0.208477	0.204489	0.15793	0.200135	0.195882	0.169444
-10.065	1.31291	0.617181	0.403115	0.403241	0.313183	0.261073	0.267047	0.226374	0.241597	0.220375	0.199708	0.168405	0.16734	0.170226	0.1571	0.161028
-10.2385	1.19739	0.653187	0.36998	0.429452	0.370046	0.329574	0.307492	0.236395	0.252251	0.174322	0.15847	0.149904	0.237512	0.178159	0.15606	0.148883
-10.4366	1.07465	0.682016	0.410337	0.4175	0.42101	0.404998	0.246666	0.170519	0.269163	0.260803	0.215839	0.152408	0.265446	0.199395	0.163929	0.156779
-10.2405	1.22442	0.566878	0.414571	0.389443	0.374479	0.260895	0.212898	0.19108	0.210103	0.209123	0.174729	0.152499	0.220176	0.167728	0.125791	0.176881
-10.3888	1.12434	0.594579	0.47947	0.492876	0.361232	0.179581	0.214561	0.228018	0.165713	0.193273	0.143127	0.152302	0.207002	0.158424	0.097709	0.132184
-10.518	0.976656	0.581522	0.466505	0.506019	0.349989	0.196608	0.175463	0.163565	0.166145	0.281725	0.220765	0.183728	0.197692	0.164141	0.111403	0.197693
-10.3093	1.18154	0.584743	0.364899	0.390286	0.330289	0.227586	0.18159	0.154559	0.214374	0.268668	0.192614	0.162583	0.188956	0.194824	0.127699	0.164428
-10.2673	1.22975	0.583959	0.34288	0.413899	0.348046	0.274432	0.197647	0.206543	0.265598	0.226096	0.157584	0.140463	0.19569	0.193461	0.163707	0.15635
-10.3084	1.18692	0.597988	0.351608	0.43544	0.390909	0.348077	0.226637	0.199807	0.252151	0.211126	0.108986	0.127373	0.213357	0.173327	0.131593	0.110049
-10.1991	1.20914	0.608962	0.42258	0.426984	0.35996	0.353129	0.28413	0.209933	0.210125	0.236452	0.115478	0.115686	0.21066	0.1643	0.107862	0.124514
-10.2462	1.17534	0.58434	0.407623	0.403904	0.341142	0.342073	0.315808	0.237235	0.192499	0.227608	0.182592	0.171994	0.212436	0.173545	0.180466	0.117008
-10.3122	1.15843	0.579899	0.3545	0.330021	0.319519	0.318064	0.318656	0.272765	0.288607	0.234937	0.190514	0.217745	0.257828	0.194068	0.180331	0.120481
-10.1676	1.22661	0.549314	0.386003	0.351459	0.299635	0.261754	0.270466	0.188298	0.268832	0.22519	0.187141	0.16177	0.211376	0.187169	0.129437	0.11326
-10.2765	1.11225	0.505757	0.406272	0.332746	0.287673	0.220708	0.21351	0.129766	0.161546	0.190978	0.164453	0.100832	0.114287	0.108644	0.107413	0.0685497
-10.4475	0.940722	0.441437	0.399257	0.370081	0.34607	0.189443	0.192439	0.142541	0.117747	0.160123	0.106832	0.0788616	0.0484148	0.0427068	0.0445564	0.0379417
-10.2781	1.1456	0.578666	0.384975	0.323552	0.289097	0.199151	0.251662	0.203538	0.209794	0.149158	0.133592	0.179709	0.158613	0.176182	0.117724	0.143849
-10.2829	1.13017	0.518714	0.358219	0.321003	0.31053	0.273466	0.272503	0.201029	0.219199	0.225511	0.190114	0.199258	0.177024	0.152423	0.15556	0.260387
-10.3084	1.13443	0.501832	0.357529	0.37311	0.311975	0.26207	0.255833	0.229459	0.252851	0.185604	0.116419	0.182443	0.225451	0.233113	0.241358	0.254812
-10.2144	1.16751	0.500408	0.37281	0.407596	0.365263	0.243654	0.172035	0.164312	0.231074	0.189268	0.110955	0.179907	0.16624	0.187163	0.195237	0.162859
-10.2815	1.08335	0.498801	0.378055	0.454044	0.441835	0.241254	0.218874	0.196409	0.228833	0.212606	0.158162	0.200925	0.148327	0.136453	0.122582	0.149983
-10.3883	1.01289	0.517771	0.38099	0.424099	0.386597	0.199603	0.237345	0.277783	0.294402	0.219776	0.199743	0.2129	0.19304	0.146895	0.137933	0.198637
-10.3154	1.1011	0.510583	0.39169	0.368119	0.289068	0.228607	0.17369	0.193435	0.256526	0.183863	0.200345	0.201754	0.18101	0.126699	0.181902	0.197548
-10.3991	1.03067	0.541888	0.408037	0.381192	0.344667	0.259052	0.189794	0.210769	0.283823	0.215853	0.150136	0.179173	0.140633	0.133761	0.168754	0.162597
-10.4955	0.977592	0.595046	0.317216	0.287803	0.312927	0.218456	0.223884	0.252788	0.264907	0.208591	0.133763	0.15078	0.0822501	0.126557	0.119716	0.0885718
-10.3396	1.17182	0.691258	0.402351	0.361752	0.322854	0.222574	0.183399	0.120437	0.147599	0.132665	0.108985	0.107772	0.127116	0.141416	0.135512	0.0697527
-10.0059	1.49787	0.757355	0.667116	0.489865	0.223978	0.19623	0.174709	-0.0525728	-0.00212735	0.0897494	-0.0279885	0.0320355	0.154563	0.0179929	-0.0577876	0.0568402
-9.61799	1.76656	0.816362	0.768849	0.488658	0.203937	0.19379	0.186316	-0.0704459	0.0143826	0.0883393	-0.126842	-0.113872	-0.0170805	-0.0858094	-0.122344	0.0702285
-8.54998	1.66803	0.627191	0.550233	0.380951	0.288913	0.216298	0.148249	0.0674011	0.0318735	-0.00348582	-0.0521831	-0.0593525	-0.0583161	-0.0661039	-0.0590849	-0.017484
-8.15792	1.74835	0.656261	0.519797	0.334526	0.237139	0.15797	0.102385	0.0590005	0.0331331	0.00685927	-0.0214613	-0.0476041	-0.0616105	-0.0731787	-0.0783089	-0.0602778
-8.53459	2.2772	1.07439	0.81714	0.466847	0.196395	0.0146597	-0.0397558	-0.135514	-0.0750279	-0.0451866	-0.112053	-0.109715	-0.12301	-0.157124	-0.159999	-0.092859
-9.08198	3.26852	2.0008	1.18049	0.0644777	0.0721783	0.143807	-0.0652818	-0.0797483	0.316237	-0.16268	-0.356993	0.0993095	0.243759	-0.27617	-0.297886	0.0234587
-8.36685	3.54988	1.40915	1.1027	0.416046	-0.108328	0.307224	0.276585	-0.139066	0.179663	0.237714	-0.20428	-0.150586	-0.0417489	-0.178105	-0.247875	-0.0284475
-8.93925	3.45126	1.81743	1.40966	0.396669	-0.0385483	0.0416616	0.206776	-0.114553	0.0835909	0.472884	0.0312063	-0.192248	-0.00641723	0.0362409	-0.236511	0.348223
-9.32232	2.68508	1.32293	1.34562	0.346203	-0.338713	-0.291522	-0.221992	-0.311184	0.0890496	0.127469	0.0808163	-0.306158	-0.014766	-0.054087	-0.121595	-0.0609972
-8.50085	3.35839	1.80042	1.4344	0.401972	-0.279932	0.0175754	0.0508057	0.11914	-0.105662	0.272737	-0.0452689	-0.0709046	-0.143918	-0.00653021	0.0111183	0.151006
-7.87538	3.62843	1.03487	1.22095	0.212825	-0.604556	0.142197	0.141826	-0.240538	-0.057656	-0.0870949	-0.232643	-0.272328	-0.276995	-0.100964	-0.256703	-0.0857791
-7.98025	3.81749	1.46192	1.35101	0.357348	-0.363967	-0.0695372	0.143213	0.0352902	0.0656785	0.156085	0.0316995	0.00407011	-0.039921	0.0368212	-0.240677	0.0851996
-7.80101	3.90555	0.980964	1.21847	0.424426	-0.492355	-0.165206	0.112299	-0.23561	0.0143432	0.180192	-0.0157781	-0.169932	-0.119759	-0.0465952	-0.221887	-0.206881
-7.76561	3.84034	1.18534	1.24756	0.321504	-0.509017	-0.0836831	0.0771796	-0.186956	0.0633582	0.0837588	0.0410686	-0.222514	-0.0918012	0.0341402	-0.337092	-0.0466915
-7.85928	4.03521	1.24368	1.33745	0.412326	-0.35078	-0.126037	0.133979	-0.128627	0.0873095	0.297381	0.0528744	-0.158444	-0.0157391	0.00944896	-0.198602	-0.050893
-7.98774	4.11655	1.362	1.18155	0.520696	-0.470076	-0.170469	0.179145	-0.118084	0.0864805	0.261484	-0.129409	-0.0709599	0.0930394	-0.148428	-0.130745	-0.150335
-7.98236	4.16615	1.43951	1.11601	0.474396	-0.213921	-0.236593	0.142172	-0.0281948	0.0328762	0.339185	-0.123413	-0.0404943	-0.00851822	0.0896472	-0.204958	-0.156111
-7.6966	3.89498	1.20923	1.44794	0.139882	0.012036	-0.24784	0.02391	0.0683857	0.131696	0.01188	-0.112299	0.136321	-0.00757946	-0.000437947	-0.165323	-0.255016
-6.16811	3.49959	0.281031	1.21555	0.0782609	0.549357	-0.00272641	0.143082	-0.0575686	0.0405385	0.0644319	0.0210121	0.213268	0.0117992	0.139793	-0.210386	-0.0699236
-6.52863	4.02295	0.903236	0.983501	0.310334	0.325874	0.0192239	-0.109959	0.0554585	0.144495	0.349827	0.192033	0.077454	0.0693485	-0.039608	-0.0518236	0.30304
-5.9909	3.97772	0.735088	0.653045	-0.216959	-0.0250423	0.0178135	0.230041	-0.292896	-0.156825	0.272261	0.30396	-0.0156678	-0.107141	0.0259594	0.0125139	0.0459176
-6.0988	4.15208	0.708964	0.407129	-0.139206	-0.161517	-0.217531	-0.201508	-0.0892036	-0.275126	0.320788	0.139926	-0.0315115	-0.1751	0.0526464	-0.124917	-0.126109
-5.91294	4.12605	0.849343	0.619408	-0.2034	-0.134351	-0.0677313	-0.22558	-0.0229885	-0.124846	0.532991	-0.0474315	0.173469	0.0252334	-0.0630545	-0.160256	-0.0279371
-6.1339	4.29735	1.30178	0.695213	-0.433862	-0.730577	-0.0106128	0.337822	0.148987	-0.179754	0.220136	-0.201752	0.227341	0.145464	0.0504838	-0.162306	-0.125404
-5.68952	4.29191	0.794658	0.548377	-0.521165	-0.126895	0.04277	-0.0770647	-0.0167121	-0.305755	0.373135	-0.169808	0.040179	0.0206772	-0.0453963	-0.0424265	0.141914
-5.69542	4.40096	1.00802	0.199252	-0.850837	0.121757	0.240421	-0.242532	-0.124591	-0.379902	0.275343	-0.207066	0.160643	0.00802387	0.0511086	0.0463937	-0.0858081
-5.02185	4.27762	0.497768	0.437446	-0.956032	0.118247	0.388123	-0.181151	-0.112583	-0.405915	0.371311	-0.278363	0.0720977	0.0763065	0.288905	-0.0384135	0.0431806
-4.34135	4.02844	0.0479288	0.415729	-0.980448	0.123475	0.1431	-0.00740573	0.12946	-0.491913	0.239285	-0.33382	0.195755	0.150496	0.0905048	-0.0425065	0.187995
-4.22458	4.12923	-0.0962362	0.127624	-0.708789	0.127948	0.0151577	0.0628954	0.0297645	-0.355089	0.227113	-0.253071	0.175979	0.109656	-0.0084736	0.107485	0.087066
-4.02718	4.05696	-0.332327	0.066555	-0.640384	0.0354304	0.251501	-0.275627	-0.0106812	-0.17421	0.185619	0.0347118	0.0339236	0.122348	-0.182201	0.0156031	0.0909309
-3.88033	4.13532	-0.520157	-0.0522537	-0.563946	0.200564	0.182271	-0.0900443	-0.365044	0.063271	0.257668	-0.072749	0.11918	-0.0382061	-0.1085	-0.0352571	0.229248
-3.59924	4.00054	-0.696975	0.0825248	-0.346812	0.00948641	0.322929	-0.193933	-0.258896	-0.00889143	0.299632	-0.132102	-0.061393	0.16686	-0.117383	0.0489548	0.467525
-3.46187	3.68867	-0.46468	0.00286828	-0.167784	-0.0905787	0.172763	-0.0989964	-0.102259	0.0864398	0.136156	-0.296543	-0.0340808	0.238803	-0.0354806	0.15742	0.459989
-3.21095	3.41401	-0.553637	-0.0333117	-0.172442	0.12607	-0.0868446	-0.119424	-0.0239976	0.1742	0.155435	-0.34414	-0.0636718	0.181749	0.109355	0.0386788	0.396707
-3.0845	3.3469	-0.600339	-0.0924829	-0.00486352	0.0987858	-0.210327	0.0374904	-0.0944517	0.32297	-0.0093487	-0.471533	0.0911591	0.133602	0.187866	0.193617	0.367165
-2.88996	3.18426	-0.795541	0.162562	-0.0405968	-0.0975051	0.0425991	-0.200251	0.199915	0.0464283	0.0121027	-0.400361	0.0563874	0.186194	0.251519	0.114019	0.512774
-2.75578	2.94739	-0.855976	0.26714	-0.114328	-0.165985	0.0324573	-0.164431	0.232443	0.069806	-0.00884326	-0.337799	0.0993509	0.129909	0.0851025	0.102051	0.418753
-2.62958	2.6648	-0.802332	0.302349	-0.190944	-0.169679	-0.0256366	-0.0891179	0.24192	0.113002	-0.0198179	-0.315526	0.1663	0.00301617	0.0214099	0.0277107	0.399905
-2.59705	2.61906	-0.813245	0.407499	-0.188538	-0.123132	-0.0509122	-0.0615363	0.259176	0.0787086	-0.0645662	-0.367539	0.251726	-0.0420163	0.0867919	0.0743418	0.582888
-2.56249	2.57981	-0.895339	0.408523	-0.123884	-0.204667	-0.0158827	-0.050679	0.236669	0.166361	-0.150682	-0.228421	0.127179	-0.000743236	-0.0111141	0.0867051	0.500321
-2.492	2.30908	-0.757633	0.37597	-0.124272	-0.238174	-0.0243262	-0.0590355	0.284981	0.167878	-0.0772742	-0.284416	0.205749	-0.144511	-0.0132197	0.011434	0.52254
-2.48197	2.37807	-0.757638	0.404876	-0.0219976	-0.322835	0.152629	-0.102053	0.326316	0.0515503	-0.148407	-0.279489	0.17798	-0.0784788	0.127128	0.0523897	0.711733
-2.4504	2.30546	-0.768327	0.36506	0.00165534	-0.231968	0.155214	-0.0282202	0.281172	0.0937841	-0.249787	-0.230503	0.0838113	-0.0192425	0.136063	0.13262	0.70345
-2.60078	2.56809	-1.05745	0.441794	-0.0680577	-0.150109	0.10573	0.0501012	0.254522	0.124915	-0.253636	-0.182984	0.0264742	-0.0257799	0.0896853	0.0974026	0.544313
-2.50918	2.48051	-0.889924	0.332767	0.110459	-0.168571	0.194182	0.00873927	0.252775	0.0367801	-0.252929	-0.361942	0.170627	-0.0451625	0.319205	0.103068	0.748397
-2.5586	2.62273	-1.03714	0.357882	0.136763	-0.197923	0.186524	0.0141053	0.163984	0.109508	-0.316226	-0.268897	0.140052	0.0171104	0.269628	0.032043	0.727989
-2.50947	2.56469	-1.10308	0.315429	0.0528573	-0.132861	0.122026	0.0525322	0.13688	0.161869	-0.332536	-0.183137	0.15951	-0.038359	0.137486	0.0261666	0.535034
-2.27502	2.36804	-1.01972	0.2555	0.0283684	-0.117941	0.101178	-0.00046547	0.103125	0.18119	-0.319386	-0.137506	0.171436	-0.0254484	0.103046	-0.0063266	0.545809
-2.21438	2.28665	-0.975549	0.262755	-0.00399418	-0.140674	0.115155	-0.0836303	0.166187	0.110113	-0.217667	-0.147724	0.195147	-0.0605211	0.0745617	-0.0261938	0.525202
-2.15809	2.24275	-0.941293	0.272645	-0.0839549	-0.109361	0.0899569	-0.060799	0.105248	0.12938	-0.158643	-0.138833	0.155529	-0.0498366	0.0514207	-0.000508154	0.421036
-2.10197	2.2539	-0.933062	0.27362	-0.125355	-0.068599	0.0179865	-0.0529465	0.0521298	0.188174	-0.1698	-0.121015	0.139842	-0.0135692	0.0565345	-0.00492517	0.444914
-2.02577	2.22615	-0.915435	0.237725	-0.0785056	-0.111853	0.0976511	-0.201716	0.106486	0.163845	-0.188982	-0.0672797	0.147972	0.0123092	0.0441927	-0.0202728	0.560535
-1.98819	2.21047	-0.917959	0.261052	-0.174622	-0.000527053	0.000424746	-0.132351	0.043577	0.234146	-0.19427	-0.0895946	0.137838	0.011681	0.0608129	-0.0135885	0.49007
-2.00373	2.21294	-0.874052	0.169155	-0.105172	-0.0739892	0.0915935	-0.234499	0.111994	0.247219	-0.161	-0.141195	0.114395	0.0369448	0.0472939	-0.0323914	0.428555
-2.03469	2.22737	-0.825525	0.138068	-0.165125	0.00668056	0.0075516	-0.175634	0.078194	0.306399	-0.174017	-0.157585	0.0991234	0.0379066	0.0528679	-0.0301948	0.367723
-2.07402	2.3124	-0.825405	0.148466	-0.174251	0.00227714	0.0622109	-0.310486	0.168463	0.253065	-0.150003	-0.140681	0.0572867	0.106888	0.0485684	-0.0431088	0.434479
-2.08294	2.30057	-0.832821	0.111923	-0.193624	0.0590463	0.0312637	-0.255672	0.139912	0.300107	-0.167566	-0.167162	0.0673928	0.0734926	0.0438369	-0.0402775	0.340067
-2.12379	2.32517	-0.777399	0.0983988	-0.211253	0.0374213	0.0578427	-0.270735	0.133412	0.3044	-0.174128	-0.137842	0.0254217	0.119447	0.0339104	-0.0512729	0.362392
-2.17705	2.33871	-0.695561	0.063516	-0.258373	0.105171	-0.0395944	-0.153064	0.0666217	0.332998	-0.15535	-0.163198	0.0341522	0.0849159	0.0297884	-0.0380631	0.305348
-2.1945	2.31731	-0.645029	0.0491089	-0.270313	0.109048	-0.0239698	-0.143346	0.0664321	0.335977	-0.200537	-0.106002	-0.0170964	0.118387	0.00600955	0.00100405	0.269736
-2.24021	2.33836	-0.58992	0.0266865	-0.252927	0.084421	0.00166446	-0.172541	0.038881	0.326935	-0.189163	-0.0529242	-0.0286171	0.0882502	0.0268805	0.00657294	0.33044
-2.31911	2.38089	-0.547265	0.0135098	-0.264438	0.0743702	0.0205234	-0.193917	0.104118	0.259658	-0.147909	-0.085341	-0.0166739	0.0805693	0.0451029	-0.00656808	0.29549
-2.34256	2.38999	-0.585086	0.0594554	-0.317786	0.146934	-0.0208688	-0.148206	0.0375564	0.298512	-0.165353	-0.0667458	-0.0338954	0.0879584	0.0338597	0.0245797	0.287298
-2.38423	2.35806	-0.610337	0.124312	-0.402967	0.200891	0.0252741	-0.17914	0.051492	0.317924	-0.168572	-0.0792218	-0.0779011	0.119274	-0.00385318	0.0597675	0.181191
-2.39881	2.28793	-0.48662	0.0752706	-0.396151	0.211416	0.0151137	-0.175524	-0.0305136	0.352586	-0.18051	-0.00886955	-0.109873	0.128514	-0.0122486	0.0585526	0.26091
-2.39844	2.13517	-0.382555	0.0337903	-0.348949	0.189339	0.0982682	-0.251781	0.0459489	0.2782	-0.146324	-0.0486286	-0.0851094	0.0991813	0.0566587	0.00786241	0.275132
-2.43262	2.14518	-0.31515	-0.00702007	-0.330853	0.179186	0.119642	-0.31184	0.038157	0.235505	-0.113653	-0.00941863	-0.0872372	0.124275	0.0242501	0.0557788	0.320525
-2.48662	2.13252	-0.288569	-0.00149996	-0.358118	0.22553	0.0923202	-0.258851	0.0112569	0.227733	-0.117929	0.00915604	-0.0968391	0.102645	0.0266839	0.0621158	0.294876
-2.57398	2.19473	-0.270729	-0.0227972	-0.341519	0.244801	0.102504	-0.297036	0.00783038	0.199548	-0.0870459	0.0086608	-0.0834878	0.0964934	0.023864	0.0950741	0.329322
-2.62056	2.21137	-0.196376	-0.0829562	-0.346493	0.193985	0.153214	-0.29339	-0.00757162	0.200959	-0.0671993	0.0219453	-0.120852	0.129925	-0.0399299	0.132087	0.252222
-2.6729	2.29165	-0.220041	-0.0630393	-0.413942	0.253989	0.16394	-0.324406	-0.0411947	0.208785	-0.026297	0.0380381	-0.137551	0.089055	-0.00898917	0.104218	0.265572
-2.73092	2.36374	-0.222333	-0.0474446	-0.46606	0.311185	0.157888	-0.321873	-0.0599186	0.181987	-0.0081103	0.0732149	-0.161247	0.0985279	-0.0427488	0.135021	0.266318
-2.82029	2.4861	-0.248855	-0.0358957	-0.507878	0.348446	0.187804	-0.374732	-0.0419274	0.196686	-0.0381125	0.132902	-0.196829	0.0667111	-0.0280289	0.139995	0.219497
-2.88453	2.54016	-0.150749	-0.109781	-0.473115	0.33392	0.190786	-0.374404	-0.0817542	0.147996	0.0464085	0.097235	-0.120335	-0.0130391	0.015545	0.124219	0.273191
-3.01017	2.75669	-0.244643	-0.0344933	-0.510417	0.333728	0.19178	-0.394673	-0.0839644	0.0943529	0.0749283	0.155172	-0.130726	-0.0395178	0.0514486	0.0853278	0.358113
-3.02539	2.75916	-0.23358	-0.0513236	-0.54503	0.395122	0.127948	-0.28076	-0.102027	0.116292	0.0680413	0.118866	-0.160678	-0.0225697	0.0164125	0.112401	0.17349
-3.11527	2.85481	-0.212064	-0.053177	-0.506583	0.319126	0.175063	-0.273819	-0.133587	0.137458	0.022905	0.144936	-0.147045	-0.0111198	0.0155662	0.100344	0.192108
-3.18006	2.86258	-0.0865736	-0.118339	-0.466047	0.300389	0.140021	-0.246442	-0.0734496	0.0444221	0.0501816	0.111099	-0.0750993	-0.0415608	0.0379149	0.0599815	0.213171
-3.24376	2.92655	-0.150171	-0.0241516	-0.584103	0.410274	0.0784092	-0.158523	-0.163996	0.166023	-0.101333	0.228599	-0.147545	-0.0121706	0.00575987	0.0585886	0.141309
-3.34506	3.02155	-0.0223362	-0.123873	-0.470409	0.272634	0.105821	-0.195632	-0.072252	0.0134027	0.0146061	0.154682	-0.0778031	0.0106405	0.0161791	-0.0209905	0.2749
-3.44348	3.06747	-0.0521533	-0.133784	-0.483731	0.323793	0.0879475	-0.15845	-0.0340004	0.0657497	-0.0623337	0.190715	-0.115735	-0.0765914	0.0476955	-0.0336662	0.0442944
-3.5289	3.10341	0.0782312	-0.112055	-0.509909	0.30665	0.127492	-0.228496	0.0274096	0.0215559	-0.153182	0.306968	-0.167929	0.012918	0.0193522	0.00873475	0.0731269
-3.60089	3.13613	0.165375	-0.156277	-0.533413	0.39344	0.052064	-0.193639	-0.0522715	0.0134936	-0.118243	0.309947	-0.135674	0.0280857	0.00478019	-0.0524418	0.22903
-3.76556	3.24292	0.287516	-0.202513	-0.4619	0.357063	0.0599652	-0.234828	0.0858799	-0.138176	-0.0368234	0.184632	-0.0506307	0.0670944	-0.0338436	0.05973	0.124247
-3.99373	3.43951	0.441048	-0.350076	-0.458498	0.508167	-0.222463	-0.0372137	0.0291876	-0.224648	0.0358773	0.278192	-0.178754	0.132254	0.00619837	-0.146	0.33543
-4.07908	3.4345	0.473772	-0.251005	-0.569515	0.562697	-0.0250414	-0.248807	0.0744299	-0.116011	-0.0700113	0.187003	-0.00580637	-0.0116575	0.0486105	0.0262606	0.122321
-4.19573	3.38841	0.569744	-0.203544	-0.630669	0.594768	-0.0591501	-0.230207	0.155967	-0.200086	0.00682453	0.128323	0.0234957	-0.123426	0.210801	-0.182589	0.117994
-4.43942	3.52595	0.803403	-0.292019	-0.609906	0.643349	0.0982529	-0.449099	0.189753	-0.229759	-0.0195044	0.0552525	0.114065	0.0538064	-0.0611258	0.195418	0.108031
-4.55887	3.5701	0.692735	-0.0272303	-0.537944	0.567125	0.0464216	-0.345742	0.166491	-0.340266	-0.0402809	0.125253	0.065439	0.0790645	0.0777939	0.0965437	0.299884
-4.75924	3.51436	1.07113	-0.150786	-0.531225	0.675674	0.0919463	-0.12516	-0.144968	-0.290135	-0.138259	0.104412	0.122722	0.12959	0.0703515	0.288054	0.369072
-4.93705	3.25045	1.10702	0.144583	-0.755642	0.527513	0.28376	0.00318538	-0.165565	-0.321007	-0.232591	0.414852	-0.103965	0.101794	0.00636488	-0.0106281	0.262852
-5.16521	3.27988	1.00844	0.046848	-0.375795	0.383216	-0.00859421	0.225411	-0.0772034	-0.439087	-0.0541664	0.33697	-0.031791	-0.0810881	-0.0123819	-0.0690028	0.11363
-5.37279	2.87039	1.20266	0.491667	-0.328737	0.686401	0.417336	0.190637	-0.011426	-0.205523	-0.172477	-0.0951933	-0.188159	-0.151413	0.288336	-0.0204461	0.339401
-5.4626	3.07019	1.23679	0.593898	-0.255911	0.864401	-0.135878	0.127092	0.110752	-0.0895497	-0.426234	0.0249103	-0.0162166	-0.0340796	-0.0321059	0.103004	0.587365
-5.49352	3.26386	0.858637	0.620237	-0.136723	0.858987	0.214669	0.390954	0.0353111	-0.401078	-0.32459	-0.142378	-0.149488	0.114415	0.269882	-0.0612562	0.676602
-5.52312	3.04268	0.895315	0.489663	-0.0936381	0.542899	0.14909	0.247314	0.219386	-0.169237	-0.240784	0.0169048	-0.39542	0.110332	0.136451	-0.318765	0.240832
-6.12793	2.76439	1.53877	0.806374	-0.549164	0.277954	-0.0751804	0.923186	0.230338	-0.427497	-0.647508	0.519018	0.125299	-0.157208	-0.585799	-0.329991	0.203081
-5.7697	3.02914	1.07543	0.609172	-0.0887631	0.712647	0.309422	-0.0511815	0.123963	-0.238203	-0.208531	0.113101	-0.415403	0.235653	-0.0659926	-0.0856546	0.645027
-5.86826	3.21724	0.71932	0.191927	0.118099	0.625764	0.163173	0.220258	0.0951048	-0.436484	-0.190384	0.0879029	-0.108097	0.169298	-0.171323	-0.191328	0.264509
-6.21659	2.9937	0.750229	0.35788	0.10732	0.728139	0.201953	0.348804	-0.327462	-0.235349	-0.398857	0.104937	0.177626	0.130116	-0.116367	-0.459263	0.173657
-6.3287	2.771	0.552738	0.419514	-0.0517827	0.889863	0.360511	0.191044	-0.0170003	-0.415075	-0.242453	0.243884	-0.071417	0.243574	-0.203031	-0.45535	-0.09259
-6.53053	2.97367	0.615145	0.557682	-0.246242	0.899937	0.41408	0.358069	-0.12272	-0.532306	0.0138994	-0.125683	-0.200636	0.181115	0.151479	-0.272106	0.143487
-6.81904	2.62275	0.811978	0.413959	0.27016	0.799335	0.271996	0.685313	-0.154433	-0.509198	-0.425081	-0.0377547	-0.237652	0.0640982	0.260748	-0.130928	0.257931
-6.90641	2.63428	0.529003	0.503857	0.236669	0.471577	0.304682	0.577715	0.170771	-0.252793	-0.348725	-0.0282349	-0.495906	0.186128	-0.0597536	0.135632	0.254738
-7.13663	2.11725	0.288076	0.131677	-0.245847	0.627552	0.183896	0.427964	-0.0166342	-0.411159	-0.194166	0.0042269	-0.200304	0.196363	-0.0998495	-0.333672	0.00617838
-7.35321	1.87568	0.301801	0.163546	-0.0851399	0.506791	0.285519	0.361471	0.137253	-0.232748	-0.0442549	0.00869711	-0.132428	0.0964354	-0.11184	-0.258726	8.14698e-05
-7.79577	1.825	0.186656	0.220348	-0.0478482	0.524616	0.209744	0.295606	0.076566	-0.272755	-0.0893682	0.0799016	-0.22214	0.107563	-0.0231733	-0.190537	0.257158
-8.20016	1.86817	0.215253	0.1768	-0.167328	0.491873	0.144731	0.224711	0.0839785	-0.325187	-0.135416	0.0902274	-0.0959	0.2898	0.0358484	-0.184781	0.427361
-8.7107	1.81129	0.256238	0.107577	-0.159142	0.397661	0.153053	0.308802	0.185064	-0.199083	-0.0927037	0.129098	0.0564066	0.302836	0.0612138	-0.0289532	0.459988
-9.33679	1.70108	0.377901	0.087983	0.0105671	0.494581	0.328537	0.39252	0.191099	-0.081035	-0.0559624	0.139896	0.132858	0.241036	0.147479	0.108006	0.34755
-9.97234	1.41491	0.57897	0.196282	0.218108	0.42063	0.338915	0.262185	0.124892	0.0958239	0.0778426	0.169546	0.178862	0.269403	0.257557	0.244895	0.287765
-10.36	1.11651	0.662118	0.46881	0.386113	0.356865	0.353765	0.246478	0.238707	0.24063	0.162367	0.192205	0.195421	0.256624	0.25792	0.197867	0.131511
-10.387	1.11857	0.6078	0.444093	0.380449	0.40981	0.340114	0.244202	0.269265	0.284969	0.238213	0.197155	0.166787	0.234679	0.215236	0.162199	0.0670799
-10.2722	1.20179	0.592818	0.418384	0.354778	0.355226	0.247404	0.218572	0.220209	0.208076	0.196674	0.184601	0.121017	0.189672	0.156548	0.104635	0.0956734
-10.5361	0.937293	0.522901	0.436413	0.402542	0.350057	0.191081	0.213041	0.297646	0.261928	0.169961	0.208867	0.175662	0.149678	0.0863699	0.0275815	0.0481598
-10.5106	0.954104	0.492494	0.43273	0.363834	0.303728	0.204072	0.220053	0.302358	0.258879	0.0602042	0.0766433	0.125334	0.114382	0.101337	0.029221	0.0845863
-10.4049	1.03865	0.480824	0.386395	0.351056	0.28099	0.231532	0.176763	0.207613	0.245073	0.124466	0.138138	0.170399	0.110332	0.128326	0.0536381	0.102285
-10.4786	0.990192	0.551405	0.470115	0.452348	0.307626	0.233773	0.220186	0.278516	0.310716	0.216463	0.160805	0.178658	0.167911	0.218097	0.124227	0.124692
-10.4823	0.971284	0.54538	0.452136	0.420973	0.3236	0.260411	0.276799	0.303376	0.244778	0.192997	0.184454	0.221966	0.193796	0.232035	0.145963	0.155168
-10.2754	1.08515	0.519057	0.441348	0.375645	0.311883	0.229364	0.260007	0.256306	0.246058	0.157431	0.189001	0.238676	0.147138	0.169117	0.120037	0.160479
-10.3013	1.11199	0.566018	0.456848	0.404634	0.337111	0.259944	0.278858	0.218992	0.225173	0.144844	0.204837	0.239254	0.167745	0.2174	0.146955	0.17978
-10.3274	1.11245	0.601093	0.452188	0.3941	0.354991	0.266246	0.256662	0.215964	0.256277	0.199702	0.229322	0.254825	0.175752	0.188867	0.170573	0.16267
-10.305	1.15533	0.624264	0.440527	0.377184	0.343043	0.237135	0.242256	0.255276	0.238986	0.144421	0.188593	0.20818	0.179916	0.169186	0.171455	0.169171
-10.4509	1.07095	0.605831	0.384583	0.394596	0.320971	0.220845	0.233348	0.305187	0.284192	0.164358	0.153961	0.148777	0.195119	0.183786	0.170173	0.169781
-10.4991	0.989807	0.540035	0.34205	0.433193	0.346234	0.218713	0.208054	0.260303	0.303799	0.173136	0.164925	0.234371	0.272966	0.184477	0.157946	0.161146
-10.1143	1.47564	0.75663	0.364595	0.297589	0.261004	0.147141	0.183562	0.10395	0.209323	0.143336	0.0921985	0.128257	0.101847	0.0978509	0.118921	0.101456
-9.92304	1.77148	0.789825	0.25233	0.091116	0.0620815	0.0436283	0.141936	0.0151936	0.0215647	0.0195891	0.0269019	0.0149699	-0.102116	-0.027114	0.0668056	-0.00806837
-9.94424	1.8339	0.888407	0.346572	0.189222	0.133915	0.144549	0.216101	0.1413	0.101534	0.0729744	0.113827	0.105367	-0.029474	0.0621761	0.115936	0.0720122
-10.2844	1.38656	0.802549	0.431777	0.373588	0.260598	0.184635	0.19874	0.251509	0.201007	0.0803865	0.0902053	0.155483	0.0473787	0.0992984	0.0562483	0.0861867
-10.5059	0.933283	0.602588	0.436144	0.407065	0.396651	0.354288	0.274588	0.288877	0.18334	0.092563	0.152508	0.220087	0.148732	0.140802	0.0372909	0.0672972
-10.4678	0.963721	0.624267	0.416544	0.313907	0.325423	0.294856	0.181009	0.167472	0.155473	0.181232	0.210073	0.208976	0.195806	0.154522	0.00856749	0.00121795
-10.4469	1.00644	0.615974	0.403794	0.345127	0.267214	0.248242	0.218549	0.204582	0.153038	0.186571	0.109725	0.130206	0.157623	0.144235	0.0545801	0.0470428
-10.4932	0.99226	0.602172	0.367245	0.248234	0.22757	0.226361	0.250479	0.257053	0.20769	0.204337	0.0920174	0.0776131	0.0474409	0.0466164	0.0723291	0.0620915
-10.6138	0.900989	0.607521	0.383733	0.317184	0.326538	0.194246	0.177029	0.267455	0.269269	0.182759	0.0831568	0.0400913	0.0173077	0.00505132	0.0102391	0.0275383
-10.5535	0.957854	0.596505	0.459398	0.483111	0.397669	0.20999	0.135872	0.14093	0.219956	0.200113	0.134707	0.052624	0.0983627	0.106626	-0.0177247	0.00814398
-10.4067	1.08486	0.573343	0.449674	0.447615	0.363733	0.292519	0.250405	0.156731	0.118289	0.15315	0.173046	0.0991595	0.106518	0.159182	0.0981164	0.114377
-10.4681	1.07905	0.593806	0.393794	0.361032	0.363232	0.35269	0.291608	0.190591	0.154532	0.156114	0.175672	0.115462	0.0913903	0.120382	0.129463	0.126251
-10.4659	1.03258	0.521629	0.350175	0.362545	0.417844	0.341532	0.232629	0.217716	0.245051	0.230216	0.185924	0.179501	0.207903	0.221952	0.204052	0.104891
-10.299	1.12456	0.541277	0.417029	0.371245	0.341348	0.288376	0.232912	0.236615	0.253595	0.230108	0.183757	0.193201	0.22622	0.181455	0.153047	0.0993462
-10.2257	1.19869	0.614737	0.427774	0.34257	0.338354	0.26003	0.259496	0.211803	0.249669	0.215494	0.147757	0.190548	0.196899	0.14772	0.156772	0.0948553
-10.2281	1.20907	0.666848	0.454558	0.353043	0.375654	0.254741	0.29612	0.255548	0.240529	0.222009	0.120384	0.164031	0.137685	0.130032	0.187838	0.10606
-10.2287	1.19413	0.620813	0.404917	0.335914	0.386352	0.223478	0.247027	0.265759	0.226404	0.230981	0.0958216	0.157961	0.193149	0.194484	0.183393	0.113992
-10.2433	1.14969	0.54594	0.409146	0.384884	0.384468	0.269435	0.226331	0.24333	0.246563	0.225569	0.13566	0.148358	0.209301	0.174315	0.122763	0.153722
-10.3146	1.09455	0.556536	0.371299	0.364121	0.285996	0.24653	0.197251	0.189127	0.260176	0.185639	0.173063	0.188324	0.230864	0.191981	0.145865	0.178684
-10.3057	1.1108	0.558755	0.337532	0.330192	0.262976	0.226967	0.217303	0.178852	0.224844	0.172941	0.144562	0.162265	0.183204	0.188303	0.14207	0.185241
-10.3148	1.12381	0.581964	0.372244	0.332562	0.258461	0.229928	0.231099	0.191194	0.209954	0.200038	0.161465	0.138979	0.140469	0.197856	0.136996	0.15333
-10.4211	1.03129	0.608581	0.431884	0.360699	0.272169	0.250461	0.280881	0.253315	0.195281	0.172288	0.185824	0.122376	0.153669	0.186737	0.15727	0.205379
-10.4444	1.077	0.662575	0.461714	0.360455	0.253556	0.202294	0.235693	0.288711	0.254253	0.220986	0.251601	0.164821	0.136151	0.110654	0.138647	0.133124
-10.4127	1.04462	0.597219	0.424751	0.358782	0.341074	0.299922	0.290381	0.317448	0.237391	0.214885	0.21328	0.249264	0.153508	0.139192	0.159337	0.0656819
-10.4389	0.985645	0.594832	0.424163	0.346786	0.324015	0.264599	0.282104	0.270476	0.1578	0.139219	0.143647	0.255949	0.157538	0.163146	0.184767	0.0734701
-10.5935	0.87021	0.614047	0.491587	0.401514	0.358986	0.246974	0.207627	0.151265	0.111482	0.189229	0.268851	0.307489	0.234788	0.250264	0.250543	0.1637
-10.4873	1.00148	0.586289	0.399274	0.374387	0.348957	0.285686	0.269388	0.186016	0.139881	0.182473	0.246533	0.181706	0.163474	0.211962	0.220719	0.2178
-10.4579	1.04014	0.636229	0.372178	0.421293	0.387689	0.346797	0.249445	0.238342	0.200924	0.211461	0.21852	0.180267	0.190576	0.231051	0.203788	0.154496
-10.525	1.01863	0.684663	0.362967	0.42081	0.390529	0.369083	0.278592	0.258253	0.204589	0.156743	0.235815	0.254537	0.241693	0.207853	0.0792017	0.0678618
-10.3699	1.08722	0.632959	0.467944	0.382455	0.312835	0.284474	0.211412	0.243357	0.24431	0.115109	0.162456	0.213654	0.181947	0.164569	0.0845304	0.221008
-9.8842	1.03488	0.54206	0.831421	0.129227	0.215279	0.289462	0.0776783	0.056541	0.198709	0.170796	0.0368733	0.254458	0.288447	0.181945	0.10684	0.275134
-9.23582	0.916826	0.360443	1.12356	-0.0352668	0.278009	0.244045	0.0188715	-0.0847606	0.0814883	0.0775412	-0.0730578	0.263781	0.25249	0.132565	0.0935872	0.242354
-8.56048	0.769709	0.25474	1.19941	-0.00403133	0.353071	0.257273	0.239419	-0.127407	-0.0219124	-0.013884	-0.139618	0.207558	0.168633	0.0820703	0.0163677	0.234587
-7.9458	0.725241	0.383596	1.08018	-0.132968	0.205401	0.149208	0.151512	-0.250048	-0.0429863	-0.0709288	-0.142023	0.257395	0.125002	0.171646	-0.0333342	0.203617
-7.66515	0.691852	0.634347	1.17168	-0.301027	0.0891431	0.102451	0.0386156	-0.274033	-0.0439321	-0.0818642	-0.096269	0.338805	0.152021	0.182134	0.00631837	0.218976
-7.31162	0.954841	0.848589	1.33084	-0.24241	0.150746	0.0388232	-0.0837006	-0.255923	0.019186	-0.177311	-0.13894	0.208984	0.0126501	0.0470827	-0.0125712	0.202871
-7.011	1.23759	0.785167	1.45457	-0.124949	0.200562	0.191317	-0.0560325	-0.188787	-0.0435636	-0.109478	-0.211723	0.0572954	-0.124557	-0.0296228	-0.120412	0.0653344
-7.06598	1.37327	0.905731	1.55232	0.184014	0.464493	0.41124	-0.0801498	-0.124173	-0.438702	0.0127872	-0.334443	-0.118783	0.22642	0.0244537	-0.185076	0.0507515
-5.69405	2.27227	0.745935	1.66393	-0.14179	0.271337	-0.00943896	0.148494	-0.208535	-0.0489494	0.0351097	-0.194863	0.0965573	-0.0398559	-0.0161434	-0.0243697	-0.114034
-4.76462	1.57107	0.895772	2.18717	-0.663779	0.131446	0.260022	0.00478473	-0.569225	-0.219647	-0.277174	-0.333104	0.0842826	0.0365608	0.0359399	-0.258335	0.167642
-4.2845	1.63338	0.435605	2.01282	-0.289822	0.255402	0.118879	0.0960581	-0.262555	-0.0969291	0.106252	-0.21968	0.182547	-0.028594	0.104619	-0.224881	0.103435
-4.29245	1.68209	0.357367	1.94302	-0.295895	0.174047	0.0826198	-0.0229437	-0.248459	-0.169713	0.0728754	-0.278842	0.143433	-0.0578989	0.0864191	-0.171216	-0.0418468
-4.23557	1.75339	0.284297	2.07659	-0.414337	0.237558	0.0868974	-0.0141261	-0.218842	-0.219436	0.117437	-0.313408	0.167739	-0.0667257	0.117968	-0.186393	0.0374761
-4.27548	1.85702	0.280066	2.04352	-0.33927	0.195312	0.125261	-0.0441621	-0.195598	-0.230004	0.175592	-0.373693	0.204288	-0.0968826	0.172371	-0.21568	0.0490784
-4.2545	1.79783	0.305152	1.95874	-0.359431	0.138565	0.124539	-0.0535034	-0.209385	-0.198686	0.0752343	-0.318556	0.106546	-0.0259489	0.0360485	-0.132685	-0.0379859
-4.29365	1.84355	0.355242	1.96029	-0.350797	0.218935	0.0469046	0.0674303	-0.307888	-0.0729423	0.0253596	-0.225064	0.0440523	0.0201366	0.000460074	-0.0890539	-0.0197759
-4.36812	1.95892	0.296757	1.96455	-0.34214	0.200622	0.106095	0.0277262	-0.28222	-0.0743876	-0.00729923	-0.179095	0.0377726	0.025858	0.0278633	-0.126322	-0.00826873
-4.52122	2.24696	0.0849545	2.12669	-0.371536	0.277263	0.0805296	0.0741666	-0.297205	-0.0111302	0.0484256	-0.216385	0.0989923	0.0365941	0.00159562	-0.101301	0.0290724
-4.59784	2.25039	0.123075	2.0157	-0.320425	0.338915	-0.016084	0.0816449	-0.369888	0.041623	-0.0436567	-0.136417	0.0038675	0.141867	-0.129967	-0.0147966	-0.0293999
-4.53851	2.24163	0.376855	2.01873	0.0110869	0.301594	0.191348	0.188266	-0.267847	0.104248	0.127539	0.00283543	0.0731616	0.216554	0.0016403	-0.0103824	0.207176
-4.52098	1.77879	0.794428	1.72027	0.202679	0.0313011	0.314481	0.0471529	-0.235697	-0.126333	0.284392	-0.276994	0.268805	0.0506044	-0.0409052	-0.0101537	0.179937
-4.72198	1.9247	0.582301	1.67894	0.245614	0.198495	0.13351	0.175355	-0.411502	-0.0579014	0.073033	-0.261152	0.163318	0.0922906	0.0383742	-0.00796821	0.0951144
-4.762	1.68816	0.777164	1.42295	0.25696	0.215853	-0.0345384	0.309365	-0.47666	-0.199905	-0.00795897	-0.181321	-0.0176998	0.00107006	-0.0749579	0.0889215	0.0994995
-4.87517	1.31394	0.768531	1.26994	0.265591	0.199538	-0.301137	-0.0720031	-0.503246	-0.321786	-0.254337	-0.14639	-0.104525	-0.232886	-0.135037	-0.0875748	-0.0645869
-5.03618	1.03886	1.33909	1.22785	0.451195	0.185275	-0.356316	0.0348588	-0.625879	-0.290619	-0.0390309	-0.19534	-0.00952173	-0.000379051	-0.200441	-0.16603	0.111682
-5.18775	1.07263	1.54826	1.22989	0.481054	0.127477	-0.373249	0.0134025	-0.182496	-0.33616	-0.197714	-0.0503089	0.30473	-0.211731	-0.0422022	0.180581	0.010099
-5.35831	0.658954	1.4415	1.15964	0.519014	-0.0456424	-0.488937	0.190969	-0.309015	-0.446302	-0.211982	-0.174257	-0.240292	-0.0834909	0.168929	-0.0837843	-0.137847
-5.5905	0.287594	1.27559	0.786062	0.546413	0.0956978	-0.181394	0.220056	-0.331333	-0.285591	-0.154065	-0.306875	-0.343331	-0.545364	-0.446916	0.0343993	0.206377
-5.66239	0.150032	1.02544	0.668866	0.803092	0.555717	0.283628	0.312345	-0.0550332	-0.00477691	-0.0968028	0.0785884	0.0201034	-0.156983	0.0751706	0.0845179	-0.157296
-5.71657	-0.057513	0.881149	0.512427	0.450688	0.273639	0.142019	0.464581	-0.311212	-0.207214	-0.209338	0.0289769	-0.209582	-0.21564	0.0292051	0.118415	-0.18767
-5.79256	-0.166269	0.941958	0.359488	0.475384	0.16186	0.237039	0.457279	-0.219639	-0.129823	-0.122941	0.129823	-0.0775471	0.00606803	0.0485251	0.0306285	-0.0134477
-5.66131	-0.279903	0.826427	0.256061	0.424649	0.1972	0.333365	0.40404	-0.199693	-0.0723434	-0.0179422	0.152924	-0.161614	0.00469749	0.116748	0.0917726	-0.0851063
-5.82711	-0.412773	0.699983	0.199238	0.391669	0.16221	0.375871	0.426138	-0.130126	0.0107452	0.0488165	0.238046	-0.178419	-0.0648258	0.119378	0.121234	-0.0136977
-5.95049	-0.485301	0.602549	0.176369	0.354335	0.0625874	0.484004	0.565139	-0.0941279	0.0256905	-0.0306494	0.449665	-0.155083	-0.111733	0.128951	0.0780665	-0.0156519
-5.87518	-0.462688	0.451104	0.131389	0.335411	0.00753713	0.403342	0.519701	-0.0219778	0.0560862	-0.0934506	0.252736	-0.190048	-0.0861818	0.129726	0.0924629	0.00761117
-5.85857	-0.564103	0.409859	0.109335	0.334631	0.0332786	0.330058	0.454221	-0.0291538	0.145639	0.0830561	0.174378	-0.0569602	-0.0766655	0.0857273	0.162157	0.0213597
-5.89864	-0.644035	0.473183	0.0770245	0.35987	-0.0865685	0.179091	0.333461	-0.0934652	0.12743	0.0884818	0.209632	-0.000370896	-0.0721112	0.144106	0.147184	0.0634375
-5.87415	-0.657589	0.588631	0.0328744	0.323935	-0.149539	0.128472	0.244389	-0.15743	0.139041	0.0939051	0.286096	-0.0287591	-0.00838285	0.154502	0.227566	0.0440401
-5.73429	-0.6578	0.588759	0.0776551	0.300682	-0.00929354	0.295787	0.363835	-0.0348509	0.072105	-0.00340681	0.274558	-0.0943464	-0.0302849	0.0822862	0.107375	-0.0870325
-5.61672	-0.689346	0.532408	0.0189913	0.364644	0.0219845	0.188702	0.264807	-0.00327887	0.040639	0.04162	0.304574	0.01443	0.0378738	0.0947093	0.0421809	-0.120659
-5.6316	-0.672031	0.418915	-0.19493	0.287306	0.0420833	0.187189	0.301788	-0.0554132	-0.0291952	0.204917	0.453168	0.146312	0.0744312	0.0588079	0.0738672	-0.151533
-5.54425	-0.500331	0.556707	-0.088603	0.295325	-0.0258941	-0.0444644	0.25047	-0.168924	-0.0542278	-0.0211529	0.381905	0.0996518	0.0884562	-0.0292619	-0.0564208	-0.104459
-5.52311	-0.418258	0.628298	-0.0418656	0.201249	-0.179919	-0.173608	0.311435	-0.129823	-0.0882408	-0.176399	0.300283	0.00756311	0.10919	0.0353901	0.0394988	-0.0101464
-5.49003	-0.311252	0.57033	0.0646491	0.282341	-0.111079	0.0044009	0.507868	-0.0936982	-0.195435	-0.0503576	0.203943	-0.0204213	0.275728	0.0593212	0.199938	0.215265
-5.59815	-0.234212	0.574299	0.21804	0.389096	-0.0165401	0.0848712	0.576805	-0.0209707	-0.0448783	0.0641478	0.27649	0.0651386	0.0468396	-0.0877335	0.284317	0.121386
-5.64687	0.130021	0.60641	0.237137	0.448383	0.0741115	-0.0634391	0.522157	0.00143064	0.173573	0.111161	0.2355	0.0657086	-0.166723	-0.164116	0.137468	-0.0739797
-5.21125	1.15543	0.667799	0.365921	0.224875	-0.251989	-0.463049	0.218894	-0.307388	0.0053761	-0.217499	-0.0225893	0.0598788	-0.100594	-0.180177	0.0295037	-0.132862
-4.39099	1.99324	0.0495866	0.671105	0.11376	-0.285064	-0.397762	0.11326	-0.301025	0.0181179	-0.23413	0.0852658	0.103202	-0.131132	-0.134691	-0.0179276	-0.101256
-3.77188	2.5807	-0.0257482	1.16103	0.301106	0.115009	-0.189544	0.276733	-0.0944598	0.230592	0.071615	0.174256	0.372642	-0.0373672	-0.00344449	0.0148953	0.167272
-3.56756	2.82265	0.174693	0.690399	0.567421	0.136288	-0.379862	0.37104	-0.142628	0.315583	0.158319	0.384547	0.650646	0.063256	0.167175	-0.175165	0.180855
-3.00611	2.51484	-0.164984	1.20053	0.157416	0.0187665	-0.143756	0.420925	0.121643	0.39365	0.301362	0.396055	0.640173	0.00547965	0.207271	-0.0253307	0.202838
-3.02427	2.52214	-0.340736	1.1488	-0.0401618	0.0177977	-0.309699	0.506116	-0.0191572	0.43058	0.190446	0.393564	0.553231	-0.0557795	0.176027	-0.00910762	0.0795971
-2.78967	2.38697	-0.357021	1.04064	-0.121087	0.0666354	-0.263608	0.525016	0.0679548	0.453178	0.23158	0.360603	0.518252	-0.061198	0.141822	0.0237133	0.153147
-2.60654	2.21902	-0.399371	0.950109	-0.156552	0.0842395	-0.198283	0.514506	0.186836	0.406663	0.292777	0.222145	0.559147	-0.14874	0.132371	-0.000624011	0.231102
-2.50831	2.13147	-0.327547	0.903463	-0.0618208	0.0785202	-0.0539491	0.524266	0.323829	0.357778	0.39966	0.112192	0.647398	-0.221355	0.216608	-0.0135677	0.386442
-2.50269	2.05936	-0.406265	0.816523	-0.119517	0.0960202	-0.143828	0.518154	0.262779	0.342156	0.314924	0.0438729	0.576122	-0.213801	0.131765	0.00379408	0.326147
-2.50656	2.09584	-0.398241	0.788931	-0.108977	0.0530893	-0.0913957	0.510541	0.327663	0.338162	0.32245	0.0397508	0.574361	-0.240718	0.146793	0.0238816	0.380685
-2.50179	2.09917	-0.45	0.786123	-0.163279	0.0264296	-0.0951587	0.471117	0.335371	0.31312	0.32559	-0.0165188	0.556352	-0.264481	0.140976	0.0013896	0.36745
-2.52107	2.13215	-0.47765	0.772186	-0.204095	0.0413932	-0.142701	0.490486	0.326194	0.313115	0.332096	-0.0623622	0.557773	-0.275777	0.110507	0.00576988	0.380853
-2.49412	2.07021	-0.443596	0.733856	-0.205499	0.00915795	-0.135656	0.433473	0.36998	0.282816	0.342703	-0.105016	0.569822	-0.327665	0.133011	-0.0273272	0.40098
-2.51412	2.01077	-0.496462	0.742078	-0.302727	0.000973985	-0.24185	0.467301	0.220317	0.343307	0.204716	-0.033243	0.432353	-0.330085	0.0505066	-0.0208329	0.358818
-2.51286	1.99415	-0.525461	0.717246	-0.312205	-0.0255118	-0.248622	0.412243	0.229315	0.302732	0.228961	-0.0710811	0.436868	-0.374138	0.0371305	-0.0457435	0.375271
-2.52659	2.03282	-0.553507	0.770121	-0.335257	0.0267524	-0.275119	0.429039	0.228287	0.316009	0.257277	-0.0684506	0.476464	-0.413938	0.0780691	-0.0867666	0.448066
-2.54689	2.01513	-0.59841	0.665823	-0.326075	0.00463196	-0.272028	0.29189	0.285043	0.208712	0.261412	-0.129051	0.469782	-0.476871	0.0750458	-0.115185	0.401325
-2.47603	1.77361	-0.565939	0.494601	-0.2888	-0.18154	-0.254225	0.247843	0.130324	0.234991	0.0419826	-0.0250189	0.225477	-0.363782	-0.131359	-0.0248484	0.241991
-2.52041	1.91861	-0.65607	0.612781	-0.382369	-0.00823075	-0.323637	0.317295	0.145855	0.224807	0.126454	-0.094692	0.357155	-0.426831	-0.0126655	-0.110199	0.3475
-2.53292	1.86369	-0.67506	0.519692	-0.361951	-0.0858342	-0.30536	0.27841	0.11069	0.177128	0.0814696	-0.15183	0.340704	-0.456617	-0.0379413	-0.0951282	0.268578
-2.56754	1.9246	-0.732504	0.577428	-0.412175	-0.0255741	-0.331967	0.304448	0.065104	0.225236	0.0281986	-0.108946	0.314559	-0.424878	-0.0364169	-0.101385	0.281584
-2.56974	1.90782	-0.666559	0.526612	-0.338411	-0.0896513	-0.2183	0.220962	0.153522	0.150585	0.0977948	-0.186546	0.40741	-0.480456	0.0377438	-0.132704	0.316837
-2.65607	1.96023	-0.749718	0.581345	-0.435375	-0.0595665	-0.357911	0.267002	0.0467283	0.18247	0.021031	-0.16618	0.328245	-0.424643	-0.0710876	-0.118042	0.239732
-2.65296	1.89578	-0.663804	0.504053	-0.373137	-0.130619	-0.329796	0.236102	0.0168288	0.202968	-0.0161947	-0.150725	0.326247	-0.444835	-0.0701317	-0.128497	0.22134
-2.76286	2.05337	-0.687408	0.595172	-0.396497	-0.0822003	-0.331432	0.228948	0.0903294	0.164677	0.0300632	-0.149644	0.374757	-0.455113	-0.0437095	-0.120345	0.26911
-2.75088	1.97925	-0.619901	0.526741	-0.33003	-0.158211	-0.331244	0.166079	0.0732167	0.180208	-0.0104977	-0.126664	0.360349	-0.453926	-0.064626	-0.149492	0.236584
-2.83529	2.04407	-0.713614	0.652478	-0.4449	-0.0970497	-0.459805	0.171926	0.010187	0.195396	-0.031172	-0.140901	0.351758	-0.458442	-0.114909	-0.173339	0.200721
-2.89899	2.04807	-0.676579	0.695948	-0.448252	-0.134681	-0.467078	0.138422	-0.0152985	0.243265	-0.100765	-0.0750087	0.296598	-0.399874	-0.173127	-0.158307	0.178683
-2.97745	2.15374	-0.636625	0.809403	-0.495023	-0.0322689	-0.480028	0.14179	0.0199366	0.257377	-0.0280239	-0.0805078	0.376089	-0.404153	-0.0854288	-0.179704	0.248601
-3.00485	2.24467	-0.602538	0.846976	-0.469204	0.00719686	-0.40832	0.0520602	0.15792	0.187867	0.119756	-0.190045	0.493505	-0.37704	0.0640669	-0.233904	0.292186
-3.06236	2.33926	-0.649935	0.941437	-0.415902	-0.0078728	-0.345927	0.0141028	0.182436	0.165666	0.115192	-0.132624	0.508304	-0.353589	0.101468	-0.177185	0.284629
-3.18968	2.45378	-0.747998	0.988115	-0.417998	-0.00506001	-0.319272	-0.105171	0.148845	0.119678	0.0758585	-0.13529	0.508732	-0.311744	0.0873195	-0.156349	0.178865
-3.3223	2.61937	-0.873322	1.12779	-0.407972	0.0137204	-0.278891	-0.166832	0.104405	0.0940174	0.0487375	-0.109011	0.493546	-0.215771	0.0755849	-0.0963579	0.108906
-3.56113	2.84104	-0.87724	1.24128	-0.187907	-0.0479828	-0.175339	-0.199034	0.0355274	0.143335	0.0121939	-0.0336001	0.561757	-0.162897	0.148248	-0.0540872	0.153169
-4.18823	2.98407	-0.904532	1.39518	0.166117	-0.0893615	-0.0857277	-0.310731	-0.103975	0.0881089	-0.0686678	-0.0141697	0.481447	0.0890911	-0.0217462	0.111149	-0.0190691
-5.12459	2.59378	-0.447131	1.05132	0.407944	-0.110813	0.127583	-0.452283	-0.188993	-0.142514	-0.290605	-0.286276	0.191516	0.0395129	-0.206028	0.00136754	0.04654
-5.49489	2.8157	-0.331972	0.880786	0.366656	0.102792	-0.134272	-0.301058	-0.292521	-0.282085	-0.123651	-0.0799581	0.0165128	-0.136356	-0.282449	-0.148635	-0.151653
-5.77288	3.30758	-0.585271	0.996109	0.631208	0.171076	-0.357859	-0.457753	-0.16903	0.072364	-0.173521	-0.110188	0.110825	-0.255075	-0.465746	0.0275299	0.138394
-5.85626	3.58939	-0.385151	0.589337	0.836684	-0.0521866	-0.368279	-0.284187	0.0348867	-0.0276214	-0.346508	-0.093986	0.0726116	-0.189256	-0.271391	0.194688	0.0114841
-5.74182	3.57254	-0.309373	0.394554	0.913021	0.073513	-0.199034	-0.375434	-0.0525867	0.0036576	-0.32257	-0.240003	0.145545	-0.0988292	-0.0706408	0.209217	-0.098149
-5.64314	3.81084	-0.214733	0.516866	0.851065	0.519765	0.0144944	-0.0663499	-0.117252	-0.1397	-0.195044	0.0201168	0.221713	0.093274	0.147443	0.428117	0.111083
-5.44243	3.93165	-0.185259	0.412861	0.516121	0.340875	0.124705	-0.212077	-0.0425245	-0.41382	-0.0500242	0.056135	0.126752	-0.0268152	0.187827	0.347063	-0.0364589
-5.49772	4.01711	-0.106303	0.423908	0.0683127	-0.0702944	0.125847	-0.0223715	-0.14401	-0.731637	-0.175995	0.207395	0.146319	-0.333786	0.186419	-0.132267	0.00972847
-5.56786	3.86255	0.19082	0.275997	0.094689	0.0172958	0.136532	0.0863951	-0.279498	-0.707948	-0.0818312	0.108891	0.00148512	-0.164637	0.231682	-0.231923	0.106664
-5.97168	4.13831	0.0867192	0.310995	0.185769	-0.0391611	0.31225	0.141745	-0.354757	-0.704272	-0.089435	-0.0755877	0.0686626	-0.0663546	0.173838	-0.242807	0.14802
-6.1328	4.1294	0.0518342	0.184518	0.260921	0.0962664	0.216704	0.0631557	-0.257487	-0.787922	0.0599235	-0.38079	0.0583666	0.146841	0.0839195	-0.305714	0.0787585
-6.05658	4.00722	0.167798	0.161977	0.297716	0.211155	0.308134	0.0512699	-0.232277	-0.58463	0.0282451	-0.228006	0.00726981	0.0907424	0.325614	-0.348636	0.185068
-6.11863	3.88464	0.513186	0.373191	0.474385	0.126958	0.501462	0.258805	-0.272884	-0.369276	0.0321653	-0.198526	0.182976	0.277082	0.314125	-0.0116631	0.302119
-5.99431	3.6846	0.519394	0.511435	0.170783	0.101895	0.4322	0.260101	-0.219472	-0.39082	0.030678	-0.211783	0.104409	0.307348	0.226488	0.000353256	0.161992
-5.94196	3.70386	0.466698	0.39126	0.145858	-0.0130693	0.408609	0.232934	-0.304942	-0.325855	0.0668814	-0.33928	0.216545	0.125443	0.30219	-0.151762	0.106166
-5.93547	3.86689	0.380823	0.50741	-0.0713181	0.0806029	0.303023	0.290761	-0.300634	-0.292172	0.0382145	-0.265025	0.317459	-0.052951	0.391807	-0.174273	0.118408
-5.72401	4.01	0.547604	0.557082	0.0173863	0.232843	0.316593	0.421217	-0.0965146	-0.318707	0.274237	-0.0788847	0.2938	0.285878	0.371779	-0.0921588	0.484479
-5.54839	3.74788	0.510165	0.419176	-0.123253	-0.015871	0.266553	0.205398	-0.197074	-0.395412	0.0867702	-0.099831	0.182281	0.187401	0.297306	-0.211003	0.145658
-5.30395	3.66042	0.430781	0.484231	-0.18612	-0.0504433	0.160221	0.199478	-0.287445	-0.265756	0.0075143	-0.154795	0.241323	0.284342	0.184034	-0.145947	0.0695346
-5.05125	3.61114	0.343328	0.378463	-0.188878	-0.0335059	0.291403	0.044433	-0.476864	-0.169276	-0.0704004	0.0712411	0.181716	0.265968	0.129296	-0.164561	0.100745
-4.84751	3.55159	0.274091	0.355379	-0.230834	-0.017704	0.19302	-0.0544316	-0.438893	-0.233534	0.0740062	0.0875126	0.170454	0.179768	0.0744549	-0.125034	0.111406
-4.57809	3.49585	0.123767	0.433414	-0.246664	0.0659275	0.217289	-0.207909	-0.418429	-0.143482	0.177913	0.184687	0.161547	0.126164	-0.0316397	0.0203214	0.18312
-4.3232	3.38254	0.11855	0.318277	-0.0621454	0.076746	0.210262	-0.195465	-0.447366	-0.0496638	0.180573	0.307367	0.102874	0.149735	0.0464733	0.00613756	0.257293
-4.23404	3.36494	0.101982	0.528122	-0.0934063	0.367618	0.0241681	-0.200448	-0.361047	0.0388397	0.371471	0.240822	0.218846	0.117726	0.16637	0.110183	0.319455
-4.05537	3.05078	0.211538	0.445126	0.0265419	0.243588	0.0399672	-0.340679	-0.330984	0.174801	0.270082	0.178611	0.133343	0.225101	0.238549	0.0049696	0.251362
-3.95936	2.92041	0.107676	0.551839	0.0109977	0.28257	-0.10903	-0.330029	-0.31932	0.202786	0.124595	0.259929	0.0916078	0.246576	0.175359	0.106539	0.134744
-3.88853	2.80907	0.126436	0.539593	0.115635	0.243571	-0.154179	-0.381563	-0.217218	0.248211	0.0714982	0.159293	0.190281	0.265118	0.20964	0.0334344	0.151183
-3.90324	2.71939	0.168044	0.567535	0.117752	0.238859	-0.22745	-0.323794	-0.247168	0.252367	0.061754	0.0885708	0.239025	0.222098	0.218081	-0.0217764	0.163794
-4.10854	2.7779	0.169903	0.586591	0.100781	0.261166	-0.299339	-0.328316	-0.279013	0.231907	-0.0311677	0.0629959	0.246696	0.206886	0.141201	-0.0808339	0.161897
-4.40534	2.71463	0.230653	0.566469	0.0677758	0.266055	-0.323197	-0.303722	-0.454476	0.256456	-0.190906	0.0950608	0.15686	0.184059	-0.0211054	-0.00887838	0.0634451
-5.14229	3.00469	0.501019	0.47276	0.380973	0.515686	-0.0788707	-0.0976231	-0.315203	0.0524812	0.102134	-0.187365	0.279357	0.132087	0.229039	0.0368116	0.36691
-5.66793	2.80742	0.499403	0.55527	0.527592	0.222974	0.0755517	-0.282651	-0.318858	0.158682	-0.0959075	-0.115181	0.147005	-0.106643	0.0462379	0.00612538	0.118448
-6.64556	3.25349	0.546878	0.552464	0.505009	0.390607	0.114135	-0.0742462	-0.337473	-0.0576888	-0.159839	-0.0633854	0.0240595	-0.149984	0.166992	-0.00250936	0.00865371
-7.23851	3.23738	0.738024	0.696555	0.506284	0.173377	0.28542	-0.116681	-0.419103	0.0767599	-0.20137	-0.12681	-0.0454644	-0.0633303	-0.223958	-0.0757879	0.0736334
-7.68382	2.98954	0.917834	0.788395	0.418163	0.254603	0.191045	-0.184292	-0.217671	-0.0666233	-0.227309	-0.358525	0.0224945	-0.327771	-0.287129	-0.11899	-0.036733
-7.16386	2.64178	1.13123	0.678179	0.805346	0.469082	0.0674917	-0.303149	-0.0369712	-0.0355667	-0.076851	-0.105947	0.0373073	0.0878478	-0.18719	-0.0104831	0.19624
-6.94888	1.76011	1.23576	0.480651	0.393334	-0.0935623	-0.142441	-0.00311046	-0.202874	-0.435053	-0.454816	-0.401007	-0.130577	-0.401455	-0.290715	-0.349278	-0.243978
-6.6497	1.47093	0.65343	0.783476	0.813548	0.296877	0.138911	-0.027856	-0.372638	-0.434559	-0.585205	-0.308767	-0.324811	-0.35274	-0.175133	-0.0703729	0.0301941
-6.36058	1.63286	1.35024	0.914652	0.628277	0.478983	0.199726	0.107719	-0.199986	-0.0483146	0.0262787	0.0660201	-0.0965838	-0.201314	0.162683	0.299525	-0.0620496
-5.14697	1.71656	0.400646	0.722379	0.530899	0.166389	0.264668	0.246582	0.0880333	0.0934536	0.0999577	0.214126	0.166686	-0.0863594	-0.198648	-0.047281	0.0369457
-4.72026	2.38212	0.326984	0.425171	0.267153	0.0367021	0.0131286	-0.0818315	-0.101974	0.218701	-0.0564406	-0.118482	0.0562477	-0.0457208	-0.0691867	-0.115208	0.0168431
-3.87013	2.55979	0.140886	0.621525	0.318471	0.0287137	-0.167234	0.0843974	-0.0958779	0.228337	-0.143413	0.0837328	0.285372	-0.0532013	0.0899362	-0.0192546	0.263007
-3.86486	2.68711	0.0243075	0.352513	0.167217	-0.0939008	-0.324828	-0.0928138	-0.106493	0.102692	-0.355886	-0.061987	0.122785	-0.17924	-0.0583011	-0.0307193	0.0997426
-4.05687	2.63245	-0.162177	0.181061	0.109302	-0.202402	-0.217713	-0.0343055	-0.0646276	-0.139278	-0.382666	-0.155744	-0.117543	-0.549521	-0.160248	-0.0378157	0.103568
-3.83291	2.60066	-0.413595	0.205206	0.228252	-0.256682	-0.338503	-0.0275649	-0.14977	0.0857345	-0.455997	-0.168508	0.00392657	-0.491647	-0.238747	-0.183527	0.109943
-3.91194	2.66538	-0.435096	0.136916	0.189365	-0.146233	-0.513572	0.122524	-0.231462	0.0294606	-0.480938	-0.146722	-0.154033	-0.465515	-0.249151	-0.276543	0.168401
-3.78377	2.57456	-0.510046	0.199521	0.125143	-0.266065	-0.359614	-0.0297361	-0.130904	-0.0620958	-0.434009	-0.282554	0.00250157	-0.658562	-0.115728	-0.297246	0.0825631
-3.68969	2.47733	-0.466843	0.27633	0.0232876	-0.0856995	-0.381639	-0.0211677	-0.0183417	-0.137983	-0.338889	-0.311811	0.000527074	-0.567859	-0.175793	-0.241788	0.141737
-3.70582	2.46738	-0.452181	0.263912	-0.0676856	0.00452584	-0.592626	0.120851	-0.20178	-0.0579004	-0.418517	-0.325607	0.0491068	-0.676054	-0.105883	-0.249049	0.0185855
-3.8103	2.59968	-0.469079	0.298107	0.0457282	-0.207534	-0.293236	-0.0850349	-0.142936	0.0165057	-0.553408	-0.113808	-0.146123	-0.427072	-0.256587	-0.17625	0.0103941
-3.94641	2.59605	-0.33632	0.385132	-0.0735055	0.0351287	-0.502013	-0.125242	-0.0830698	-0.187748	-0.282202	-0.317912	0.0462244	-0.485173	-0.160774	-0.28205	-0.0253443
-4.60312	2.94203	-0.217755	0.714916	0.214724	0.0799477	-0.521814	-0.22683	-0.374355	-0.142022	-0.276271	-0.144412	0.158714	-0.317849	-0.0372143	-0.439776	-0.0159924
-5.16995	3.1588	0.165165	0.896553	0.634035	-0.203274	-0.647524	-0.0563141	-0.720111	-0.151246	-0.24607	-0.340567	0.532362	-0.244069	-0.0982792	-0.387765	-0.142784
-5.12748	3.11958	0.207222	0.804675	0.53949	-0.239909	-0.58442	-0.0904363	-0.771321	-0.205004	-0.248373	-0.382774	0.213195	-0.128898	-0.0165065	-0.356136	-0.190532
-5.32563	3.18475	0.301531	0.493587	0.640045	-0.09344	-0.825076	-0.265745	-0.649416	-0.375914	-0.345115	-0.416826	0.303248	-0.181085	-0.0922143	-0.506488	-0.320927
-5.08678	2.79108	-0.0510325	0.841592	0.399054	-0.272271	-0.993292	-0.204477	-0.976296	-0.346976	-0.336165	-0.574783	0.43672	-0.38172	-0.332299	-0.573767	-0.503331
-4.98253	2.68274	0.0204061	0.8862	0.385518	-0.230976	-1.02066	-0.0995227	-0.942242	-0.303669	-0.329425	-0.547117	0.469722	-0.374571	-0.261706	-0.583623	-0.373874
-4.96865	2.58845	0.0923361	0.81907	0.403538	-0.250435	-1.03478	-0.114656	-0.977865	-0.24169	-0.396021	-0.497544	0.427911	-0.356945	-0.287929	-0.617081	-0.370357
-4.99543	2.52351	0.0529627	0.818233	0.337061	-0.26194	-1.08671	-0.17653	-1.00241	-0.254024	-0.468513	-0.487198	0.394726	-0.389333	-0.340157	-0.622532	-0.481243
-4.96141	2.50238	0.176328	0.806751	0.400585	-0.264722	-1.03586	-0.0941248	-0.886535	-0.295438	-0.403265	-0.563184	0.485265	-0.357115	-0.212688	-0.614262	-0.399345
-5.07969	2.64001	0.0750799	0.75937	0.465848	-0.266792	-1.09554	-0.158982	-1.0392	-0.193579	-0.402881	-0.485253	0.433687	-0.434438	-0.191446	-0.690745	-0.395618
-5.09517	2.67069	0.167256	0.754992	0.454272	-0.17737	-0.967643	-0.21466	-0.974665	-0.124528	-0.422034	-0.424391	0.381154	-0.352307	-0.158399	-0.556536	-0.345225
-4.77864	2.55398	0.265759	0.778461	0.0153532	-0.168737	-0.605372	-0.219443	-0.52937	-0.0565949	-0.583668	-0.450892	0.30326	-0.541562	0.059634	-0.2858	-0.272523
-4.20063	2.43146	-0.342179	0.655156	-0.214571	-0.0567251	-0.396068	-0.470599	-0.34172	0.0445184	-0.59689	-0.402075	0.129926	-0.576262	-0.0127923	-0.257816	-0.0309123
-3.86617	2.52863	-0.612328	0.339	-0.197899	-0.0974518	-0.321306	-0.271046	-0.103658	-0.0396594	-0.588974	-0.381765	0.00338634	-0.687793	0.0590638	-0.380707	0.115812
-3.81393	2.28834	-0.926371	0.407633	-0.331694	0.0906522	-0.191914	-0.161979	0.036906	-0.120656	-0.50623	-0.550489	-0.0682323	-0.799042	-0.0581743	-0.454814	0.089258
-3.79931	2.36287	-0.720018	0.413242	-0.424374	0.164267	-0.291367	-0.0438334	-0.0798748	0.0370861	-0.473939	-0.422397	-0.007548	-0.59654	0.00236964	-0.383497	0.00743807
-3.93925	2.47436	-0.746955	0.3448	-0.441656	0.308063	-0.364962	0.0452583	-0.106717	0.087529	-0.589187	-0.344276	-0.223178	-0.530633	-0.0395744	-0.384848	0.0339546
-3.94191	2.51057	-0.827549	0.29884	-0.532942	0.290431	-0.412514	0.0408271	-0.262485	0.120437	-0.533049	-0.485625	-0.196908	-0.531232	-0.0890835	-0.370228	-0.164865
-3.93118	2.44978	-0.7281	0.316133	-0.464272	0.238607	-0.270217	0.0392649	-0.19207	0.139179	-0.533976	-0.495184	-0.175849	-0.545302	-0.0424674	-0.418696	0.0398287
-4.0038	2.53819	-0.720634	0.261812	-0.514471	0.272687	-0.23998	-0.0218257	-0.242859	0.13071	-0.443445	-0.55497	-0.20931	-0.529525	0.00760561	-0.444653	-0.0309164
-3.95997	2.48907	-0.696881	0.244783	-0.485373	0.279079	-0.251005	0.0348832	-0.287967	0.137646	-0.445132	-0.48491	-0.286452	-0.487528	-0.0182873	-0.429187	-0.00140248
-3.95249	2.48178	-0.698059	0.213034	-0.463326	0.167486	-0.171461	-0.0344141	-0.344121	0.174222	-0.493029	-0.376441	-0.406486	-0.404866	-0.113633	-0.313776	-0.13455
-4.09535	2.7284	-0.690682	0.189612	-0.428682	0.225043	-0.0955688	0.00751648	-0.357443	0.222308	-0.354182	-0.443722	-0.30393	-0.466586	-0.00345961	-0.372072	0.0252971
-4.06994	2.59571	-0.482717	0.0692266	-0.466461	0.313444	-0.15225	-0.00103869	-0.356014	0.159214	-0.284817	-0.424165	-0.324568	-0.46208	-0.0174725	-0.352647	0.00328814
-4.10187	2.55654	-0.461852	0.0201128	-0.338927	0.0916746	0.0269636	-0.0979555	-0.345606	0.159912	-0.341935	-0.308712	-0.410909	-0.421111	-0.0872957	-0.319687	-0.0399299
-4.20775	2.66964	-0.341775	-0.0579087	-0.42085	0.209312	-0.0664544	0.00852486	-0.427564	0.178521	-0.309786	-0.24283	-0.387362	-0.417387	-0.12185	-0.301378	-0.0112133
-4.25735	2.80435	-0.447784	0.0538065	-0.527318	0.249102	-0.0752107	-0.00629426	-0.371085	0.053016	-0.155242	-0.280003	-0.281619	-0.495408	-0.108706	-0.296996	0.00471029
-4.46977	2.89388	-0.363892	-0.216197	-0.193603	-0.0320821	0.0311626	9.90386e-05	-0.491765	0.193349	-0.207726	-0.322399	-0.212455	-0.612583	-0.138095	-0.259055	-0.0823961
-4.64195	3.05291	-0.312075	-0.0753851	-0.423168	-0.0195686	0.0627644	-0.137144	-0.30322	-0.142424	-0.087768	-0.150224	-0.208169	-0.471555	-0.260761	-0.301324	-0.140864
-4.386	2.87713	-0.397797	0.0304777	-0.406003	0.144418	0.0686334	-0.0634974	-0.323542	0.139528	-0.0633638	-0.11618	-0.244099	-0.350037	-0.223266	-0.16201	0.0302138
-4.33168	2.63209	-0.331552	0.0907759	-0.578722	0.184592	0.0776053	-0.0273907	-0.436139	0.144042	-0.191431	0.00840598	-0.231636	-0.38601	-0.270298	-0.265743	-0.0655422
-4.56431	2.80774	-0.347857	0.208029	-0.663843	0.26535	0.0712767	-0.043911	-0.510606	0.116117	-0.212562	0.0679621	-0.180772	-0.379719	-0.29846	-0.278854	-0.0824587
-4.71629	2.85462	-0.299161	0.21428	-0.740676	0.309319	-0.00291789	-0.0694374	-0.547119	0.0937838	-0.222507	0.0485139	-0.0611453	-0.42986	-0.325619	-0.206649	-0.246565
-4.58845	2.69024	-0.212813	0.222276	-0.729297	0.292793	0.0155122	-0.0190391	-0.460716	0.0787606	-0.219595	0.170333	-0.0834871	-0.331865	-0.309398	-0.233278	-0.148361
-4.69535	2.71176	-0.113393	0.224963	-0.705028	0.303723	0.0638477	-0.035652	-0.487116	0.125263	-0.140461	0.253102	-0.0903937	-0.31517	-0.310568	-0.209503	-0.0787479
-4.72702	2.66545	-0.0219431	0.209132	-0.685791	0.260458	0.0681405	-0.0313778	-0.48225	0.00501112	-0.06536	0.215434	-0.00611237	-0.291947	-0.260534	-0.26735	-0.113861
-5.01739	3.02519	0.00958152	0.15646	-0.597028	0.0880229	0.253608	-0.123651	-0.417519	-0.0128738	-0.0518926	0.10384	0.212434	-0.350152	-0.159413	-0.318127	-0.0734877
-4.91948	2.85136	0.0719932	0.240154	-0.741096	0.285164	0.0587728	-0.0700635	-0.463562	0.134309	-0.177414	0.250434	0.0385552	-0.196211	-0.263778	-0.148562	-0.142791
-4.98768	2.84165	0.15373	0.187288	-0.662817	0.200345	0.142206	-0.106225	-0.453923	0.0603211	-0.104101	0.182943	0.0858066	-0.23712	-0.182451	-0.165621	-0.171719
-5.01555	2.89876	0.179149	0.304718	-0.697579	0.173159	0.238483	-0.165802	-0.457752	0.109986	-0.148272	0.20303	0.095494	-0.0970203	-0.224678	-0.149063	-0.116558
-5.09943	3.01107	0.27534	0.242523	-0.574979	0.216252	0.174585	-0.120501	-0.374472	0.0729169	-0.109727	0.229973	0.0805004	-0.152635	-0.191465	-0.023268	-0.0989939
-5.27177	3.07421	0.524821	0.196869	-0.465554	0.170482	0.126018	-0.0796902	-0.360568	-0.0288492	-0.266181	0.0987159	0.0892525	0.118417	-0.0982461	-0.156003	-0.151408
-5.40659	3.39462	0.421449	0.166886	-0.461639	0.427071	-0.00320464	-0.234279	-0.27008	0.159624	-0.198277	0.241384	0.154748	-0.33546	-0.173358	0.142954	-0.0395761
-5.37862	3.06639	0.617489	0.434087	-0.444819	0.156819	0.199263	-0.156496	-0.297946	0.0520474	-0.11284	0.0380987	0.137222	-0.0861785	-0.0298045	-0.1821	0.0786364
-5.77644	3.234	1.0361	0.256352	-0.613358	0.387248	0.477787	-0.176187	-0.332414	-0.0510776	-0.294506	0.248036	0.243253	-0.189597	-0.28113	-0.0664996	0.162346
-5.6617	3.29122	0.774686	0.046383	-0.194487	0.406808	0.0930415	-0.19079	-0.210868	0.0701752	-0.190223	0.131883	-0.0173966	-0.223845	-0.0533871	-0.0609851	0.0348204
-5.73482	3.24197	0.938344	0.247215	-0.210769	0.23881	0.394495	0.102152	-0.375651	-0.0949974	0.181806	0.180257	-0.0700765	0.0177253	-0.23339	0.136237	0.146132
-5.86507	2.95046	0.833865	0.331729	0.0254109	0.397265	0.325719	-0.0479002	-0.154307	-0.0159871	-0.150505	0.325196	-0.020363	-0.146738	0.0972264	-0.13492	0.17749
-6.56112	2.62821	0.694546	0.468237	0.667628	0.460271	0.445794	0.296125	0.0677476	0.121867	0.106853	0.152215	-0.0288795	-0.169745	-0.0274928	0.092923	0.422215
-6.51715	1.31381	0.0695375	0.449452	0.43532	0.405741	0.191134	-0.0928017	0.102967	0.058896	0.157026	-0.193574	0.019878	-0.0265903	-0.00303419	-0.025531	0.0507061
-6.39745	1.15054	0.29807	0.514498	0.353595	0.404565	0.233044	-0.0178317	0.0782371	0.0548894	0.0329034	0.0124057	-0.0154849	0.112785	0.0484786	-0.106526	0.25081
-6.66574	0.800022	0.257713	0.469126	0.392969	0.318382	0.269495	0.0111601	0.0294646	0.0516754	-0.0611992	-0.0496126	0.0117939	0.0846451	0.142616	0.0559211	0.303492
-7.05867	0.591085	0.404356	0.645902	0.434928	0.239723	0.265516	0.0912677	0.0363091	0.197171	0.0545958	-0.0204642	-0.00462584	0.118639	0.23965	-0.0380804	0.153322
-7.34294	0.450147	0.319438	0.424792	0.362968	0.185463	0.353079	0.114883	0.0253536	0.0734055	0.176829	0.140361	-2.69702e-05	0.0344918	0.316117	0.0339262	0.206342
-7.28249	0.457645	0.430992	0.243677	0.332546	0.0840631	0.386875	0.188779	0.104383	0.147154	0.169363	0.218862	-0.0556222	0.0207924	0.257059	0.111513	0.187414
-7.1614	0.223247	0.415493	0.185668	0.397071	0.0973046	0.381084	0.173156	0.14409	0.217934	0.306578	0.241924	-0.079279	0.0602017	0.116971	0.157738	0.14722
-7.1339	0.0048293	0.302307	0.148746	0.490981	0.251109	0.37711	0.180484	0.106541	0.196299	0.124354	0.055067	0.0111153	0.169377	-0.0103295	0.0277969	0.14265
-6.92273	0.0425807	0.0990186	0.0414442	0.584933	0.276065	0.355368	0.134392	0.226636	0.254101	0.00352916	0.145045	0.0915652	0.209716	0.111274	0.00352072	0.118169
-6.88796	0.0144664	-0.0326557	0.0653687	0.508015	0.259138	0.290047	0.0947872	0.337579	0.349887	0.0228687	0.13612	0.0924192	0.285931	0.163332	-0.0297673	0.0154537
-6.82091	-0.1553	-0.111907	0.111426	0.414984	0.214114	0.301914	0.0673264	0.266359	0.361445	0.229942	0.193762	0.120158	0.305482	0.114451	-0.00530234	0.00217886
-6.7692	-0.157242	-0.135307	0.0683547	0.449606	0.254842	0.258485	0.000839581	0.209745	0.342944	0.222908	0.198221	0.169639	0.305646	0.161048	0.0810601	0.0641307
-6.63408	0.0418553	-0.114105	0.12908	0.540314	0.219347	0.11069	-0.0385384	0.232952	0.287242	0.191247	0.0871793	0.192736	0.188584	0.149242	-0.0071717	0.0105326
-6.56379	0.0592477	-0.131466	0.159114	0.489889	0.161234	0.0744703	-0.079489	0.153816	0.119567	0.103181	0.114301	0.145974	0.182271	0.234955	0.0789671	0.0393183
-6.61508	0.169195	-0.0228454	0.132403	0.571372	0.200205	0.102562	-0.0162254	0.15912	0.143068	0.136506	0.108982	0.105121	0.244102	0.235392	0.0357037	0.101866
-6.67588	0.175684	-0.00698696	0.190475	0.486488	0.125291	0.0857339	-0.0393089	0.255328	0.131002	0.331393	0.162154	0.180249	0.289611	0.170492	-0.0549771	0.0947328
-6.75548	0.198121	-0.0428605	0.100056	0.396537	0.205195	0.111828	-0.0162497	0.318544	0.142499	0.257245	0.0182817	0.221829	0.279567	0.268946	0.0383245	0.0903152
-6.98118	0.316621	-0.0379907	0.154376	0.442195	0.187315	0.152584	0.0585115	0.243423	0.129025	0.156378	0.0588355	0.233248	0.153497	0.164625	0.0756529	0.0724349
-7.36083	0.397511	-0.0616534	0.208908	0.356052	0.0972284	0.150555	0.158595	0.307752	0.101075	0.0251033	0.180747	0.416443	0.230904	0.135536	0.0146848	0.0504945
-7.86002	0.459397	0.0102214	0.301971	0.391289	0.164862	0.258604	0.108972	0.477151	0.0953172	-0.0217667	0.136074	0.492363	0.264579	0.00122656	-0.0234529	0.105563
-8.34261	0.708075	0.203139	0.561083	0.445482	0.166735	-0.00604972	-0.145436	0.31039	-0.000708986	0.15655	0.20358	0.328883	0.0793181	0.0697226	-0.0446322	0.235542
-8.56189	1.1205	0.222544	0.671189	0.536803	0.160661	0.15363	-0.0822716	-0.00670538	-0.0665664	0.13441	0.106265	0.143526	0.0644145	0.23837	0.0448972	0.267469
-9.01854	1.33471	0.28377	0.662531	0.61298	0.136205	0.0991719	0.0342347	-0.144024	-0.0913785	0.124242	0.0262599	0.151649	0.116796	0.254718	0.112282	0.238056
-9.86248	1.39803	0.639742	0.639299	0.544607	0.20466	0.130501	0.0842415	-0.0599575	0.0216367	0.0543583	0.0243532	0.092742	0.184645	0.266326	0.101931	0.161344
-10.141	1.23383	0.615425	0.415815	0.351469	0.234306	0.212816	0.138659	0.124513	0.17295	0.133713	0.122292	0.193228	0.188959	0.194317	0.174341	0.174716
-10.3476	1.05589	0.627006	0.418893	0.372646	0.274778	0.281496	0.238101	0.22515	0.234745	0.15016	0.226363	0.202758	0.177214	0.182567	0.139822	0.157337
-10.5072	0.939417	0.638042	0.407179	0.358491	0.277126	0.29107	0.256371	0.23278	0.236482	0.16149	0.227055	0.193208	0.187469	0.179799	0.169177	0.191121
-10.5466	0.941345	0.616402	0.381084	0.381614	0.36394	0.367517	0.279263	0.201201	0.211591	0.206165	0.303549	0.228189	0.176244	0.138638	0.158676	0.128234
-10.475	1.00741	0.57846	0.372295	0.365336	0.320399	0.293826	0.249699	0.209123	0.217558	0.232034	0.326893	0.24194	0.160145	0.16504	0.156485	0.105301
-10.5997	0.914637	0.597443	0.424758	0.359174	0.307159	0.203565	0.242223	0.193174	0.212512	0.250966	0.312971	0.250631	0.146666	0.188947	0.142121	0.108515
-10.5973	0.927444	0.63003	0.493777	0.391459	0.350739	0.260171	0.265152	0.164262	0.212684	0.186275	0.160235	0.111225	0.0837834	0.138748	0.154825	0.129201
-10.5472	0.976028	0.67936	0.52205	0.394508	0.334113	0.273839	0.270243	0.146876	0.160213	0.083723	0.102972	0.0655738	0.0576779	0.0962132	0.163713	0.0915141
-10.419	1.03822	0.62576	0.444281	0.362215	0.305709	0.207782	0.213583	0.165701	0.221487	0.122867	0.156585	0.141789	0.104781	0.14383	0.126839	0.0572407
-10.3348	1.09414	0.546688	0.384363	0.33078	0.287018	0.25644	0.231525	0.168765	0.216661	0.219855	0.212555	0.119038	0.0729199	0.160614	0.118779	0.123521
-10.4015	1.06958	0.583434	0.442811	0.456435	0.359323	0.240651	0.233006	0.230684	0.255629	0.274734	0.199008	0.137577	0.178908	0.239343	0.112866	0.116241
-10.3221	1.12722	0.561188	0.387195	0.430273	0.364894	0.237892	0.239129	0.277626	0.279521	0.230975	0.170757	0.172523	0.187513	0.209119	0.120874	0.161896
-10.0054	1.32063	0.53045	0.405386	0.332817	0.303739	0.231286	0.219237	0.229563	0.213978	0.185244	0.183649	0.185574	0.162805	0.156935	0.132153	0.177841
-10.071	1.28982	0.579379	0.419838	0.337747	0.349762	0.284271	0.22753	0.223491	0.20573	0.187497	0.22467	0.214068	0.206792	0.185627	0.177857	0.203465
-10.0592	1.32198	0.569499	0.403684	0.374442	0.349291	0.266747	0.235567	0.267447	0.225838	0.198387	0.201689	0.207921	0.201519	0.130517	0.164475	0.179475
-9.9509	1.31942	0.559727	0.382081	0.387672	0.335976	0.261027	0.251142	0.274059	0.235169	0.187396	0.182269	0.172671	0.191966	0.167191	0.185329	0.171543
-9.97522	1.36122	0.571007	0.378892	0.365245	0.289391	0.253472	0.250306	0.238507	0.225141	0.195499	0.209463	0.21211	0.19605	0.157534	0.178444	0.17825
-10.0952	1.2644	0.584628	0.434174	0.384152	0.328611	0.261125	0.237842	0.262635	0.276102	0.216064	0.232692	0.239355	0.216649	0.16403	0.162718	0.130648
-9.90955	1.35143	0.55533	0.422345	0.363247	0.325581	0.283576	0.265577	0.22822	0.223871	0.172142	0.213718	0.172775	0.182417	0.177625	0.170472	0.135714
-10.1553	1.19431	0.545732	0.490474	0.465813	0.372515	0.258762	0.299217	0.355636	0.284348	0.217574	0.187896	0.161376	0.169071	0.180654	0.147127	0.0955501
-10.4031	1.03655	0.588475	0.552167	0.477744	0.392967	0.289568	0.319586	0.330136	0.279781	0.301851	0.20748	0.141808	0.137007	0.191014	0.147698	0.159853
-10.1446	1.23833	0.607039	0.483073	0.401237	0.395343	0.325934	0.255824	0.217943	0.261494	0.252095	0.191011	0.209659	0.197875	0.178544	0.152999	0.120571
-10.4465	1.06918	0.657749	0.469374	0.417708	0.384629	0.319643	0.321545	0.28315	0.331451	0.316485	0.250275	0.229433	0.197142	0.157201	0.133349	0.0823757
-10.2573	1.23396	0.660438	0.446065	0.40887	0.383839	0.289671	0.252734	0.259885	0.283559	0.25502	0.222383	0.237284	0.233424	0.147357	0.154102	0.119491
-10.0326	1.31684	0.584006	0.426406	0.360274	0.354016	0.268245	0.245162	0.253224	0.248929	0.238443	0.183531	0.173886	0.209461	0.159511	0.159253	0.137311
-10.2605	1.21954	0.655608	0.501324	0.402799	0.339384	0.253846	0.205615	0.254324	0.267678	0.259542	0.232991	0.228723	0.287809	0.215707	0.200665	0.178531
-10.0247	1.31794	0.587486	0.455268	0.351701	0.313604	0.296925	0.244323	0.247447	0.256868	0.191975	0.212438	0.213591	0.193562	0.168408	0.184009	0.148259
-9.99704	1.25271	0.517697	0.418586	0.358879	0.358963	0.329015	0.218183	0.185049	0.25175	0.229191	0.215407	0.214618	0.16285	0.148893	0.139387	0.116898
-10.1226	1.22331	0.501382	0.363483	0.331716	0.337342	0.25541	0.213088	0.179633	0.245658	0.224107	0.161688	0.193406	0.185552	0.157505	0.172163	0.14525
-10.0297	1.33129	0.537066	0.373862	0.320099	0.292428	0.238774	0.252589	0.210138	0.2155	0.199576	0.229959	0.197584	0.199994	0.159444	0.155696	0.16917
-10.0629	1.29276	0.556205	0.409431	0.337124	0.29416	0.229495	0.235866	0.216326	0.228725	0.152535	0.205076	0.154905	0.173117	0.178154	0.143064	0.13918
-10.3543	1.05751	0.505809	0.385634	0.373462	0.303233	0.257161	0.21356	0.219528	0.219105	0.138877	0.223107	0.203465	0.156621	0.131985	0.110587	0.195032
-10.4084	0.98057	0.505985	0.40195	0.394825	0.261852	0.2548	0.204459	0.186219	0.258177	0.204868	0.146372	0.185808	0.173481	0.089148	0.0909127	0.181161
-10.2355	1.13859	0.509455	0.365875	0.32335	0.292994	0.296018	0.144715	0.110476	0.186679	0.114979	0.150768	0.1569	0.143202	0.102117	0.093845	0.184017
-10.3062	1.17047	0.575879	0.412731	0.376138	0.348678	0.345193	0.168014	0.1347	0.20159	0.14956	0.170391	0.116646	0.164827	0.101904	0.0752055	0.15776
-10.3682	1.11864	0.596307	0.391051	0.35013	0.211649	0.269556	0.239527	0.231725	0.243904	0.188702	0.157434	0.150058	0.17759	0.134563	0.141232	0.155319
-10.4619	0.97623	0.570335	0.473944	0.400602	0.158918	0.241376	0.239136	0.220463	0.270009	0.251253	0.167009	0.192419	0.229981	0.175616	0.192046	0.205566
-10.6182	0.800074	0.5624	0.566851	0.496425	0.300411	0.348054	0.307349	0.23293	0.288579	0.278491	0.186716	0.21249	0.232907	0.205371	0.198252	0.189339
-10.3335	1.0988	0.558042	0.453689	0.399556	0.294155	0.275077	0.30437	0.266459	0.249438	0.247472	0.184729	0.162234	0.163426	0.119812	0.147167	0.16088
-10.3352	1.1105	0.53086	0.403794	0.397931	0.277459	0.23208	0.279417	0.27876	0.236282	0.231349	0.140132	0.123389	0.228393	0.194685	0.208512	0.229962
-10.4435	1.03869	0.5955	0.404948	0.386421	0.250418	0.264235	0.284846	0.286558	0.271824	0.270286	0.119732	0.139013	0.250756	0.272387	0.221052	0.24481
-10.2698	1.16276	0.569551	0.345463	0.323746	0.217899	0.229489	0.224689	0.273046	0.292794	0.238187	0.166657	0.201239	0.23557	0.219529	0.176722	0.186538
-10.1949	1.26872	0.566334	0.338682	0.294564	0.261387	0.238314	0.22108	0.244656	0.259157	0.194812	0.153256	0.156411	0.186182	0.177985	0.169925	0.153216
-10.3079	1.23463	0.572725	0.352086	0.305513	0.360287	0.306138	0.296045	0.284133	0.249614	0.195443	0.214768	0.240994	0.277463	0.227492	0.120292	0.11483
-10.2165	1.25331	0.580739	0.426283	0.370079	0.359949	0.300471	0.256655	0.2711	0.216921	0.192321	0.225674	0.185567	0.213401	0.195065	0.170801	0.157847
-10.0354	1.16415	0.707969	0.475512	0.501158	0.337431	0.339459	0.208521	0.310099	0.241541	0.184954	0.156615	0.164723	0.130932	0.0859923	0.140113	0.0974519
