0
0
0
0
0
0
0
0
0
0
0
0
0
0
0
0
0
0
0
0
0
0
0
0
0
0
0
0
0
0
0
0
0
0
0
0
0
0
0
0
0
0
0
0
0
0
0
0
0
0
0
0
3128.77
3128.77
3128.77
3128.77
3609.38
3609.38
3609.38
3609.38
2990.76
2164.64
1851.56
1851.56
2164.64
3115.63
3750.56
3750.56
3115.63
3115.63
2384.91
2384.91
3457.72
3457.72
3457.72
3457.72
3204.02
2956.84
2828.48
2655.74
2645.49
2655.74
2655.74
2645.49
2695.39
6125
6286.24
6125
6286.24
7354.09
6962.04
6962.04
6962.04
5073.31
3913.42
3913.42
4582.85
3734.38
4582.85
4651.49
4651.49
4651.49
6645
6645
4728.87
4728.87
4728.87
4000.75
4728.87
5959.68
6330.77
5959.68
5959.68
3676.22
3391.13
2388.76
2191.47
2191.47
2191.47
1535.6
1474.18
1474.18
1474.18
1558.23
1558.23
2171.88
2171.88
3128.97
4765.62
4765.62
5146.5
5026.32
5146.5
7705.87
7705.87
7451.11
7451.11
7426.91
7360.25
4893.43
4359.38
1715.96
1616.71
1405.46
1351.99
1093.75
1093.75
0
0
0
0
0
0
0
0
0
0
0
0
0
0
0
0
0
0
0
0
0
0
0
0
0
0
0
0
1045.15
1200.04
1348.79
1390.62
1550.1
2894.5
2948.93
2948.93
3203.36
3203.36
3905.67
3905.67
3922.15
4027.02
4208.77
4218.75
4404.16
4404.16
4404.16
4218.75
3252.16
3252.16
1244.8
1035.32
0
0
0
0
0
0
0
0
0
0
0
0
0
0
0
0
0
1056.69
2078.12
2198.13
3625.57
3336.16
3634.21
3613.18
4144.84
3613.18
4144.84
3613.18
3211.92
3125.22
2313.53
2313.53
1562.5
1562.5
1562.5
1562.5
1496.09
1496.09
1496.09
1528.82
1573.46
1573.46
1695.36
1695.36
1343.75
1039.06
1039.06
1039.06
1118.32
1118.32
1118.32
1125
1132.81
1226.69
1394.53
1394.53
1394.53
1395.82
1602.08
1601.56
1601.56
1601.56
1144.36
1144.36
1144.36
1175.68
1431.03
2119.04
2119.04
2119.04
0
0
0
0
0
0
0
0
0
0
0
0
0
0
0
0
0
0
0
0
0
0
0
0
0
0
0
0
0
0
0
0
0
0
0
0
0
0
0
0
0
0
0
0
0
0
0
0
0
