-8.98952	1.66642	0.190759	0.483509	0.111182	0.251114	0.0797906	0.159982	0.0409044	0.113149	0.0457762	0.0477424	0.0270243	0.0392187	0.0356371	0.0106261	0.00873819
-9.45069	1.59092	0.322512	0.433872	0.211209	0.229071	0.148837	0.159355	0.0839252	0.12691	0.0783539	0.0537422	0.048852	0.0518945	0.0574834	0.012227	0.0216477
-10.3408	1.12643	0.555603	0.451746	0.420109	0.371234	0.276068	0.236791	0.15194	0.193152	0.253213	0.195227	0.113411	0.16172	0.0906396	0.0357543	0.121909
-10.533	0.94139	0.600086	0.489414	0.492874	0.46491	0.42399	0.287928	0.163963	0.210435	0.221638	0.162065	0.0615902	0.125684	0.15568	0.0991208	0.0979433
-10.5236	0.923685	0.680885	0.474459	0.402574	0.380688	0.358913	0.277526	0.175744	0.253615	0.196367	0.189729	0.161343	0.125658	0.225309	0.126491	0.0629411
-10.4743	0.930614	0.609414	0.383955	0.278243	0.338488	0.363285	0.216424	0.142324	0.256636	0.182918	0.234504	0.233194	0.141365	0.250195	0.138744	0.0500675
-10.2675	1.08769	0.551209	0.377531	0.327541	0.274732	0.273416	0.170391	0.174888	0.252219	0.175095	0.162639	0.184351	0.163731	0.176743	0.0765719	0.0973016
-10.2838	1.14438	0.594914	0.378068	0.417707	0.335212	0.26754	0.196145	0.200552	0.220932	0.227574	0.162783	0.206102	0.295652	0.318975	0.160357	0.161737
-10.2983	1.13156	0.600137	0.382743	0.433377	0.332099	0.247221	0.275985	0.291454	0.244328	0.252563	0.179106	0.148079	0.237433	0.255573	0.142902	0.179219
-9.83797	1.32262	0.528534	0.407856	0.344025	0.294825	0.250093	0.265877	0.219381	0.202335	0.21549	0.206615	0.191762	0.197756	0.185274	0.156747	0.166242
-10.1087	1.26476	0.616362	0.482487	0.420716	0.382794	0.258146	0.32576	0.301725	0.259339	0.24407	0.208477	0.254201	0.290463	0.147107	0.124012	0.220846
-10.0333	1.32151	0.556577	0.487234	0.410167	0.359966	0.304593	0.309968	0.311334	0.247012	0.239214	0.202599	0.20613	0.290708	0.183748	0.170629	0.214769
-9.79495	1.37119	0.514234	0.429386	0.403622	0.343463	0.282811	0.255349	0.253761	0.251026	0.229556	0.193413	0.155206	0.177108	0.149905	0.172023	0.156353
-10.0348	1.35398	0.629928	0.529592	0.487462	0.364058	0.334288	0.364275	0.312877	0.277277	0.242147	0.217294	0.173973	0.201817	0.177485	0.15404	0.153853
-9.82393	1.41886	0.584412	0.481662	0.403233	0.35645	0.291565	0.321347	0.25624	0.241267	0.214011	0.218278	0.197838	0.186587	0.176914	0.157239	0.1598
-9.82308	1.3724	0.552908	0.436829	0.356537	0.306882	0.289466	0.301825	0.218557	0.221826	0.214084	0.226352	0.22393	0.219068	0.151736	0.124939	0.112999
-10.1741	1.23429	0.585	0.465713	0.424261	0.325072	0.2876	0.300667	0.256009	0.293811	0.26194	0.231626	0.216894	0.284898	0.179968	0.14843	0.129845
-9.97987	1.32761	0.584841	0.432531	0.396683	0.325277	0.248381	0.269156	0.220483	0.251412	0.205774	0.20234	0.173314	0.217265	0.161596	0.131276	0.135561
-10.0131	1.25593	0.587119	0.402555	0.415312	0.322435	0.237281	0.258337	0.210239	0.235879	0.217873	0.190558	0.209141	0.191975	0.147123	0.11552	0.151348
-10.4442	1.00285	0.662015	0.430052	0.490155	0.435429	0.303118	0.297573	0.196986	0.290974	0.264526	0.119873	0.208518	0.219875	0.212313	0.144149	0.204198
-10.3258	1.09133	0.630158	0.437004	0.445979	0.385367	0.280715	0.301763	0.198475	0.237785	0.288629	0.194851	0.1983	0.179897	0.192937	0.131593	0.103086
-10.4172	1.05071	0.588167	0.429388	0.464543	0.386905	0.319896	0.374498	0.25727	0.225013	0.310339	0.270755	0.215392	0.207069	0.230052	0.151081	0.0656526
-10.1979	1.26337	0.616543	0.425468	0.440698	0.342326	0.266505	0.280865	0.266233	0.249064	0.208665	0.184598	0.18646	0.212943	0.203151	0.161039	0.119308
-10.367	1.14626	0.660112	0.457698	0.457907	0.4046	0.331713	0.33709	0.36682	0.347674	0.232602	0.217421	0.178633	0.226891	0.23645	0.166577	0.161324
-10.2573	1.22937	0.640746	0.466384	0.452243	0.461743	0.405719	0.335846	0.352598	0.294843	0.219285	0.220849	0.155206	0.174896	0.201958	0.112356	0.172273
-10.1129	1.32535	0.653111	0.455599	0.424618	0.413744	0.355218	0.352131	0.31568	0.256269	0.209363	0.223007	0.201446	0.13701	0.19567	0.156421	0.21156
-10.4048	1.13288	0.709676	0.525235	0.519078	0.510259	0.319697	0.323892	0.372893	0.314023	0.202199	0.154658	0.196434	0.190567	0.280607	0.204172	0.207098
-10.0909	1.32285	0.728954	0.55203	0.436264	0.429083	0.337327	0.292196	0.310815	0.270992	0.203858	0.160885	0.164997	0.157668	0.143205	0.115997	0.12463
-8.77242	1.59882	-0.349047	0.440897	0.253281	0.0678846	0.338303	0.193976	0.184903	0.27919	0.0885135	0.226313	0.0823682	0.136031	0.105337	0.0995625	0.0907309
-6.49287	1.57752	0.271333	0.411101	0.0304799	-0.0176736	-0.231499	0.250356	-0.277727	0.0582219	-0.0512476	0.137156	0.0584237	-0.0728056	0.0438996	-0.000139559	-0.116423
-5.30234	1.5989	0.455005	0.440505	0.0125148	-0.185078	-0.346935	0.350389	-0.203073	0.00383994	-0.114176	0.159389	0.0460017	-0.146759	0.0705755	0.092676	-0.175904
-4.76459	1.7116	0.538405	0.514011	0.131088	-0.237485	-0.337303	0.248195	-0.210729	-0.0175903	-0.116923	0.175276	0.175023	-0.151704	-0.0363272	0.0751219	-0.204743
-4.33423	1.7765	0.353714	0.762546	0.291961	-0.396261	-0.42965	-0.0563843	-0.269553	-0.101177	-0.0927866	0.158973	0.246346	-0.204662	-0.0829341	0.051066	-0.130598
-4.19182	1.8806	0.179118	0.82759	0.246296	-0.484774	-0.383434	-0.189207	-0.216725	-0.22561	-0.0185283	0.145708	0.327528	-0.267885	-0.0238072	0.0244547	-0.0583996
-3.81684	1.85632	-0.105019	0.85064	0.0175726	-0.488853	-0.300431	-0.167683	-0.194121	-0.246221	0.0601739	-0.0203121	0.265605	-0.342692	0.0776664	-0.101733	-0.0913663
-3.61977	2.34653	0.130028	1.07379	0.169532	-0.327886	-0.163219	0.155607	0.00475002	0.00765934	0.355482	0.0865044	0.635073	-0.209831	0.179633	0.0732437	0.0619062
-3.71064	2.1994	0.042584	0.880191	-0.0311057	-0.279102	-0.120424	-0.0276545	-0.0676809	-0.220838	0.229442	-0.0999601	0.296706	-0.161204	0.161117	-0.154906	-0.0564333
-3.53246	2.1394	0.0403917	0.982426	0.0441225	-0.347542	-0.0294848	0.110142	-0.147112	-0.0480581	0.216023	0.0747091	0.279066	-0.103201	0.125322	-0.0647081	-0.0157892
-3.4816	1.98277	0.154974	0.952076	-0.0645548	-0.300203	-0.0544982	0.0530821	-0.239318	-0.0769438	0.275793	-0.058528	0.328476	-0.149311	0.154241	-0.187998	0.0182296
-3.46392	1.96188	0.125234	1.03791	-0.0757115	-0.261677	-0.00777238	0.0440317	-0.251472	-0.0750712	0.268083	-0.0828926	0.308656	-0.11245	0.165743	-0.200632	0.0510509
-3.47052	1.93785	0.139125	1.04628	0.0114241	-0.311213	0.111048	-0.000302616	-0.280681	-0.0450649	0.187458	-0.0557861	0.255929	-0.0574104	0.156523	-0.206875	0.10617
-3.58466	2.04881	0.140989	1.25185	-0.0121364	-0.257007	0.277537	-0.100691	-0.190054	-0.0763878	0.268227	-0.159424	0.398285	-0.0755376	0.21439	-0.206225	0.20309
-3.87267	2.21495	0.0399766	1.28493	0.00425768	-0.29599	0.281546	-0.194126	-0.213129	-0.213596	0.257694	-0.23857	0.301075	0.0192717	0.0397237	-0.0812657	0.0899017
-4.10629	2.32384	0.178894	1.2534	0.149156	-0.220814	0.191347	-0.0149083	-0.49443	0.0380899	0.0675986	-0.194774	0.370991	-0.0499818	0.13854	-0.134436	0.146621
-4.34555	2.22179	0.370387	1.52005	0.130122	0.153611	0.197129	0.0715493	-0.429278	-0.0266869	0.129003	-0.225579	0.385257	0.0572608	0.149208	-0.102647	0.293938
-4.75227	2.06518	0.465012	1.75421	0.138045	0.236141	0.506244	-0.089884	-0.171402	-0.210415	0.180093	-0.389118	0.401868	-0.052695	0.194742	-0.126655	0.448544
-5.1701	2.05858	0.574128	1.59914	0.0995483	-0.0315588	0.328339	-0.181443	-0.401532	-0.101436	0.0411399	-0.314595	0.271635	0.00468463	-0.121519	-0.0416001	0.146892
-6.01458	2.67904	0.829904	2.01197	0.0927762	-0.105034	0.181546	0.0150515	-0.198723	0.111639	0.223137	-0.348165	0.358811	-0.14392	0.11771	0.0375949	0.408072
-7.09474	2.94869	1.37259	1.55368	0.0335225	-0.0962519	0.129285	-0.00416821	-0.49133	0.0330174	0.0251047	-0.493735	0.272476	-0.142171	-0.0940408	-0.00378036	0.3073
-8.07814	3.41136	1.58249	1.47111	0.141145	-0.220503	0.103603	-0.137286	-0.414004	0.000624599	0.0105065	-0.366521	-0.13439	0.137778	-0.20345	-0.0047043	0.344202
-8.73279	2.92275	1.5853	1.58811	0.178188	-0.368951	-0.0654759	-0.483048	-0.50928	-0.0200491	-0.309995	-0.50383	-0.0505243	-0.0294761	-0.240681	-0.0172282	0.00292576
-9.30492	2.65938	1.71569	1.62995	0.458023	-0.134552	-0.0643044	-0.290507	-0.61638	-0.0852898	0.0827925	-0.417386	0.0375322	-0.00506388	-0.0438774	0.164993	0.138135
-9.85041	1.79648	1.36039	1.47039	0.177784	-0.657849	-0.603824	-0.620067	-0.574383	0.102212	-0.206881	-0.353359	-0.194611	-0.226973	0.0288885	0.0396241	-0.100028
-8.31376	1.8288	0.715825	0.57518	0.337891	0.198866	0.0988915	-0.00948688	-0.0596729	-0.0653412	-0.0769336	-0.0554058	0.00683876	0.0485545	0.0845597	0.143511	0.158346
-9.61069	1.96931	1.04616	0.843658	0.553575	0.347728	0.256607	-0.00527299	-0.126646	0.0366179	-0.0455644	-0.0510625	0.00173774	-0.0122747	-0.00374939	0.0934608	0.15605
-9.51697	1.84014	0.848227	0.73496	0.56204	0.414383	0.336563	0.0758978	-0.0662683	-0.00416363	-0.0465421	-0.0416824	0.00246442	-0.0532131	-0.0393426	0.0957784	0.127655
-9.78757	1.65985	0.955632	0.82336	0.609072	0.446909	0.315413	0.107409	-0.060437	-0.0170465	-0.0399693	-0.0694094	0.0400971	-0.0469811	-0.0466579	0.0502986	0.107363
-8.14486	0.684284	0.091225	1.33369	0.189767	0.114084	0.262106	0.447351	0.0456999	0.441797	-0.173286	-0.129296	0.0669345	0.0529731	0.0160066	0.080146	0.011022
-6.41634	0.302649	-0.280501	1.02157	-0.0181581	0.10778	0.196035	0.300637	-0.0111746	0.32497	0.0543612	-0.0596094	0.347056	0.0282601	-0.169223	-0.0888799	-0.015134
-5.41146	0.233738	-0.392249	0.876849	-0.143036	0.121657	0.00891977	0.115872	-0.138047	0.194024	0.168281	-0.0492199	0.309992	0.0711826	-0.0797865	-0.0404429	0.0810509
-5.04077	0.232502	-0.281949	0.684878	-0.172557	0.0565656	-0.0815013	0.124664	-0.0822615	0.246243	0.253028	0.0108275	0.264307	0.0887712	0.0281795	0.0680686	0.168271
-4.94773	0.284414	-0.0564304	0.500977	-0.310563	0.0420799	-0.142785	0.0849398	-0.0322164	0.259963	0.142321	0.00605446	0.208217	0.00761113	0.129389	0.0610636	0.0687956
-4.89555	0.366787	0.294597	0.574679	-0.317087	0.170047	-0.0435613	0.0163737	0.00777612	0.255292	0.0341619	0.148566	0.320122	-0.0518917	0.149043	0.0588038	0.0159806
-4.74233	0.468161	0.453423	0.619879	-0.365809	0.196566	0.0236295	0.102724	0.0225234	0.155858	-0.00957779	0.112908	0.251148	-0.121306	0.00400598	0.00488027	0.0441506
-4.55213	0.549738	0.526483	0.619078	-0.493863	0.174806	-0.0293662	0.190751	0.0229851	0.0356118	-0.071834	0.168626	0.381945	0.0425205	0.0687029	0.0085518	0.0521499
-4.58704	0.643984	0.474436	0.524598	-0.536493	-0.0153584	-0.0420313	0.127836	-0.0482758	-0.0306579	-0.0206801	0.139935	0.352468	0.0767245	0.0691796	-0.0400735	-0.0695148
-4.85048	0.561299	0.372095	0.537451	-0.461654	-0.0979168	0.105968	0.256191	-0.0179473	0.0332224	0.118477	0.0987701	0.337304	0.0518832	0.128738	0.0200675	-0.139786
-5.08573	0.453574	0.132437	0.568321	-0.3959	-0.0399554	0.319884	0.250644	-0.0743508	0.0414603	0.168468	0.165787	0.234988	-0.0162486	0.0316326	0.0586077	-0.0102498
-5.02859	0.569123	-0.000283814	0.606766	-0.541615	0.099558	0.416219	0.270293	-0.0576863	0.113661	0.170851	0.0457568	0.255791	0.215952	0.051356	-0.131985	0.00632117
-4.99738	0.563075	-0.133701	0.612747	-0.538586	0.091724	0.305869	0.20873	-0.101519	-0.0640606	0.140281	-0.0131633	0.279241	0.225909	0.0360944	-0.0409199	-0.0416107
-4.9578	0.555071	-0.249818	0.719821	-0.636182	-0.0117964	0.24939	0.182454	0.0501095	0.121744	0.186283	-0.0830456	0.150833	0.0818203	-0.0573193	0.00570642	-0.016055
-4.93647	0.614874	-0.331122	0.736471	-0.671666	-0.0320063	0.298528	0.224948	0.0829709	0.330211	0.276294	-0.03731	0.133124	0.0194704	-0.0308561	-0.00344823	-0.0881031
-5.05521	0.634561	-0.269542	0.640636	-0.656358	0.0421928	0.334618	0.191227	-0.0296653	0.284063	0.348743	-0.0107439	0.14003	-0.0111645	-0.114765	-0.0245256	-0.170947
-5.57649	0.34684	-0.170314	1.00078	-0.361364	-0.1661	-0.0416607	0.006375	-0.0229682	0.197816	0.167441	-0.301294	0.167478	0.0142577	-0.211157	-0.162569	-0.163773
-5.61537	0.733755	0.154018	1.24052	-0.0828743	0.238924	0.0320253	0.0958618	-0.09119	-0.12307	0.2239	-0.197384	0.152889	0.00653629	-0.308145	-0.292015	-0.161657
-5.49199	1.43218	0.668287	1.38614	-0.376404	0.282102	0.246626	0.141996	0.128617	-0.444467	-0.0539026	-0.38677	0.439854	0.223347	-0.17818	-0.317878	-0.408644
-4.7444	2.82137	0.702468	1.17484	-0.35692	-0.298501	0.491764	-0.0991117	-0.255101	-0.0699283	0.188852	-0.0433796	-0.112783	0.121877	-0.0350013	-0.191573	0.179206
-3.837	2.17513	0.602271	0.847479	-0.105328	-0.0434084	-0.277266	-0.0561444	0.165526	-0.106727	0.113255	-0.277519	0.300095	-0.0122221	-0.0603287	-0.0371666	-0.18039
-3.99398	2.59693	0.280915	1.14376	-0.513722	0.187194	0.0269968	-0.151684	-0.0205122	-0.160122	0.20977	-0.263108	0.217292	-0.00852214	-0.0376296	-0.0473012	-0.100142
-3.83036	2.46352	0.283359	1.05432	-0.407648	0.0743333	0.0162148	0.00509723	-0.0975609	-0.063115	0.239395	-0.294618	0.237574	-0.154929	0.10161	-0.256749	0.0800301
-3.78484	2.36912	0.25042	1.09567	-0.464747	-0.0101689	0.127459	-0.207893	0.0393844	-0.0982554	0.218313	-0.209003	0.196148	-0.106673	0.00307669	-0.232275	-0.0256883
-3.77541	2.39812	0.0230216	1.3854	-0.637772	0.0574323	0.0698431	-0.164194	-0.0513958	-0.0769288	0.301682	-0.248517	0.207432	-0.0181204	-0.163596	-0.170733	-0.096865
-3.76516	2.47143	0.368295	1.19683	-0.250465	-0.0261055	0.132288	0.0105696	-0.0487952	-0.191376	0.431211	-0.503069	0.192936	-0.0704964	-0.00334818	-0.0910006	0.489297
-3.83175	2.57729	0.0816228	1.31965	-0.237126	-0.244643	0.351996	-0.180023	-0.0831135	-0.00450256	0.240588	-0.315844	0.219372	-0.158698	0.00437863	-0.225464	0.305197
-3.71083	2.34679	0.0456752	1.4929	-0.545008	-0.0592989	0.281658	-0.261769	0.030583	-0.136288	0.393519	-0.361058	0.263353	-0.107527	-0.177734	-0.15612	0.0605969
-3.63559	2.29289	0.0936242	1.50213	-0.61428	0.0682233	0.288052	-0.206341	-0.0606497	-0.0561251	0.291155	-0.382554	0.250421	-0.0948616	-0.108978	-0.125855	0.144025
-3.60979	2.17765	0.197851	1.45377	-0.717107	0.131347	0.235094	-0.261153	-0.0555295	-0.0455473	0.297025	-0.336035	0.283981	-0.0867961	-0.183026	-0.171789	0.0479545
-3.74076	2.36406	0.0847829	1.57962	-0.757206	0.17482	0.1973	-0.219386	-0.116585	0.00300588	0.255881	-0.289943	0.220061	0.0117475	-0.29611	-0.086244	0.0579926
-3.75943	2.35863	0.156354	1.54168	-0.714689	0.15538	0.255253	-0.300631	-0.0580948	-0.0862868	0.364454	-0.408496	0.302573	-0.0461385	-0.235908	-0.0997501	0.103908
-3.85934	2.51255	0.136935	1.61401	-0.697079	0.304982	0.158471	-0.216937	-0.151579	0.00713919	0.252687	-0.3867	0.265325	-0.0562772	-0.173667	-0.0115699	0.235779
-3.82058	2.41491	0.321294	1.41978	-0.461808	0.0886304	0.340359	-0.332992	-0.139934	0.0601152	0.221449	-0.414567	0.290694	-0.0908961	-0.153617	0.0442854	0.228372
-3.91326	2.54163	0.103668	1.52832	-0.534874	0.0525254	0.341051	-0.362429	-0.103539	0.00534924	0.351548	-0.428808	0.305102	-0.0780281	-0.288193	0.0474144	0.0334181
-3.91994	2.57944	0.20636	1.54557	-0.463583	0.0999115	0.346186	-0.328299	-0.135894	0.0286843	0.288048	-0.479031	0.233122	0.00541824	-0.250603	0.199548	0.203315
-3.94618	2.65616	-0.0346005	1.7094	-0.5189	0.0956626	0.259444	-0.234162	-0.0907871	-0.0871466	0.424915	-0.480451	0.2116	-0.0959949	-0.124801	0.0731874	0.095073
-3.89097	2.55339	-0.00902096	1.58535	-0.402131	-0.0339521	0.285034	-0.235691	-0.00279119	-0.191657	0.574738	-0.510577	0.144969	-0.0652648	-0.162411	0.030019	-0.0531056
-3.96358	2.74881	-0.0527143	1.61733	-0.207736	-0.0812178	0.241197	-0.116178	-0.0122609	-0.201649	0.450629	-0.472475	-0.0555643	0.10922	-0.0415889	0.128384	0.125887
-4.04123	2.89488	-0.120685	1.46695	0.0489061	-0.162507	0.132772	0.0130459	0.0546179	-0.305816	0.499004	-0.490038	-0.0378764	-0.0107428	0.076758	0.108203	0.113609
-4.11668	3.12855	-0.174519	1.42936	0.220768	-0.0242149	-0.0382851	0.0326517	0.109236	-0.265389	0.166731	-0.267731	-0.124973	-0.0115126	0.195652	0.286573	0.280798
-4.65616	3.52582	0.128176	0.579769	0.473627	-0.0218305	-0.0244083	-0.199663	0.127841	-0.255565	0.208198	-0.128963	-0.06432	0.107306	-0.057395	-0.0730504	0.135925
-5.13047	3.83684	0.481179	0.42927	0.62408	-0.0985333	-0.103617	0.0289205	-0.233029	-0.0597389	0.121803	-0.0750207	0.112185	-0.0471973	-0.0220292	-0.268566	-0.198714
-5.16764	4.05808	0.769103	0.348956	0.968944	-0.149364	-0.119521	0.0935087	-0.114551	-0.314361	0.115218	-0.340124	0.0611895	0.204893	0.35531	-0.127664	0.127051
-5.2661	3.9124	0.701621	0.210583	0.85867	-0.0586476	-0.333045	0.0930652	-0.0735278	-0.202775	0.128979	-0.0432256	-0.00426245	0.00237719	0.203322	-0.467043	-0.316384
-5.21792	3.89122	0.794985	0.27657	0.902307	-0.00199997	-0.325608	0.21505	-0.236594	-0.246117	0.171377	-0.372346	0.264764	0.061732	0.258563	-0.3037	-0.184061
-5.29422	4.00784	0.881998	0.274771	0.936315	0.0603499	-0.351677	0.191193	-0.196524	-0.281515	-0.0569904	-0.240981	0.198821	0.189858	0.496637	-0.564308	0.1534
-5.27793	3.94005	0.895274	0.215115	0.810768	0.202203	-0.374127	0.196307	-0.218794	-0.320965	0.0715804	-0.261105	0.242886	0.13359	0.322591	-0.44675	-0.0769571
-5.29954	4.08632	0.755247	0.26607	0.713125	0.333345	-0.478387	0.249031	-0.19323	-0.32384	-0.0463123	-0.0715424	0.107665	0.150509	0.4143	-0.574609	-0.0393342
-5.33899	4.1049	0.710579	0.238832	0.704324	0.363519	-0.505871	0.125367	0.122166	-0.549411	0.00575044	0.0734833	-0.0806689	0.254071	0.299439	-0.580535	-0.193974
-5.16807	4.09397	0.584633	0.35918	0.762761	0.250779	-0.265864	0.0910959	-0.20937	-0.388384	0.112251	-0.307114	0.315269	0.157451	0.256856	-0.291537	-0.116824
-5.10194	4.0709	0.563795	0.373187	0.858831	0.268497	-0.35036	0.144265	-0.300093	-0.333081	-0.0436072	-0.116063	0.196638	0.266401	0.294946	-0.351607	0.027632
-4.9599	3.90397	0.42919	0.546661	0.683196	0.231732	-0.265553	-0.0541913	-0.0900738	-0.393248	0.105506	-0.160279	0.195549	0.157556	0.268554	-0.474224	0.019751
-4.10169	3.08736	0.632522	0.408824	0.232694	0.277069	0.203702	-0.138373	0.0225307	-0.101048	-0.0319891	-0.158543	-0.270744	0.192086	0.33635	-0.132171	-0.128137
-3.65002	2.66307	-0.459166	0.875282	0.193252	0.253074	0.152669	0.14587	0.321734	-0.0546674	-0.179695	-0.399307	-0.0632164	-0.0655858	0.0624718	-0.0510626	0.142781
-3.38175	2.22596	-0.207195	1.06442	0.0560182	0.091915	-0.0159246	0.318306	0.228491	-0.0692421	-0.223859	-0.275492	0.0541567	-0.152237	0.00683213	0.0308316	0.208708
-3.37721	2.1392	-0.193816	1.13351	-0.0330237	0.113467	0.0542227	0.292698	0.283038	-0.104621	-0.232882	-0.161224	-0.103763	-0.157004	0.00558768	0.0627574	0.100288
-3.37681	2.11036	-0.0802097	1.07563	-0.116566	0.16177	0.0432868	0.244067	0.385055	-0.196372	-0.114432	-0.246449	-0.0718224	-0.215669	0.0602539	0.0160644	0.0430111
-3.46561	2.22613	-0.171527	1.17801	-0.176565	0.247423	-0.0407824	0.282182	0.4353	-0.228839	-0.174066	-0.136066	-0.163562	-0.231303	0.113922	0.0102884	0.0274383
-3.43017	2.17901	-0.108297	1.10021	-0.147363	0.206131	0.0415918	0.173183	0.493794	-0.247101	-0.120103	-0.192492	-0.0975516	-0.276571	0.105242	-0.0652237	0.0675283
-3.51599	2.33296	-0.196654	1.1564	-0.163683	0.245341	0.0542556	0.0441205	0.58565	-0.282966	-0.112459	-0.159705	-0.0910997	-0.29062	0.0966301	-0.0916646	0.0808747
-3.55752	2.42766	-0.246694	1.19262	-0.176596	0.230918	0.0170367	0.0400755	0.543937	-0.255843	-0.150729	-0.0573495	-0.106419	-0.281078	0.0878904	-0.103452	0.032268
-3.8895	2.75614	-0.306625	1.1933	-0.0561737	0.0986877	0.12282	-0.280108	0.626983	-0.170705	-0.176042	-0.0167004	0.015627	-0.374531	0.0819446	-0.22579	0.0301651
-4.47995	2.97852	0.0377509	1.02512	0.307328	0.0431627	-0.0675144	-0.456535	0.37627	-0.0864183	-0.0515898	-0.0719372	0.384545	-0.458308	0.00363164	-0.341171	-0.311026
-4.83354	3.13281	0.568432	1.25512	0.765412	-0.00878929	-0.399287	-0.141634	0.144475	-0.146165	-0.301299	-0.199247	0.457226	0.0896584	0.0799107	-0.267883	-0.336148
-4.95281	3.36591	0.575044	0.922862	0.964966	0.027147	-0.461732	-0.19629	0.0467959	-0.274672	0.0950419	-0.251195	0.499656	-0.0921475	0.0206319	-0.343037	-0.253948
-4.95575	3.51617	0.456119	0.809436	0.857697	0.0894395	-0.678667	-0.0281294	0.0433604	-0.185848	0.172285	-0.190841	0.321084	-0.115271	-0.0828977	-0.2509	-0.308961
-5.01461	3.53833	0.650845	0.528588	1.03692	0.0284786	-0.75918	0.0839847	-0.00226426	-0.202846	0.272957	-0.29243	0.417139	-0.192537	-0.0921785	-0.23079	-0.274722
-5.12426	3.56546	0.543192	0.500851	1.00809	-0.103315	-0.744073	0.0665424	-0.0369159	-0.178815	0.412623	-0.179356	0.39139	-0.213276	-0.346729	-0.369415	-0.389365
-4.84845	3.19061	0.589105	0.84008	0.629238	0.0408847	-0.69116	-0.0372564	-0.0981191	-0.0618865	0.20316	0.0664933	0.319984	-0.225279	-0.234575	-0.567504	-0.134872
-5.09717	3.48051	0.628569	0.61362	0.89736	-0.0458074	-0.713866	0.0278791	-0.13264	-0.264809	0.472339	-0.0782861	0.457762	-0.330653	-0.216184	-0.458436	-0.213244
-5.15231	3.78774	0.32244	0.719375	0.952435	-0.0472266	-0.608426	0.0214449	-0.335602	-0.0795845	0.421833	-0.155898	0.486045	-0.273403	-0.331895	-0.138053	-0.227971
-5.10171	3.47474	0.37126	0.767787	0.798055	-0.145819	-0.605829	-0.234587	-0.169496	-0.113976	0.397862	0.242286	0.379284	-0.272447	-0.486214	-0.457385	-0.391053
-5.00773	3.5502	0.447394	0.469466	0.491052	0.0737491	-0.228398	-0.116043	-0.179142	-0.184139	0.137521	0.12825	0.35195	-0.0602484	-0.164753	-0.636583	-0.333157
-4.76617	3.56874	0.552161	0.153374	0.329748	0.177729	-0.227283	0.0623403	-0.13799	-0.281262	0.103693	0.0490736	0.19521	0.048173	-0.0667441	-0.471682	-0.22071
-4.78829	3.59656	0.590524	0.0581371	0.581905	0.0561342	-0.266522	0.14744	-0.143354	-0.263712	0.0424851	-0.0475896	0.237374	-0.0233636	0.0873182	-0.42152	-0.221455
-4.9127	3.76434	0.542756	0.17114	0.632821	-0.0710854	-0.0751265	0.104216	-0.292351	-0.0488439	0.00613552	-0.261024	0.32939	-0.146334	0.263361	-0.430222	-0.0899486
-4.92105	3.69343	0.729806	0.266594	0.609545	0.0121404	-0.204064	0.178422	-0.156732	-0.161988	0.149107	-0.342179	0.229251	-0.104898	0.252754	-0.287195	-0.00871221
-4.92081	3.7173	0.731718	0.373226	0.652082	-0.0294791	-0.105117	0.0801778	-0.0563771	-0.0570889	0.111548	-0.293742	0.196359	-0.1478	0.151754	-0.0529191	0.00305112
-5.1102	3.83728	0.662698	0.303333	0.597804	0.020225	-0.301117	0.201945	-0.206409	0.0204074	0.150818	-0.258597	0.123053	-0.137304	0.191842	-0.159836	-0.171517
-5.0254	3.61411	0.889681	0.105193	0.724586	0.00440549	-0.263151	0.156789	-0.107021	-0.0214484	0.23243	-0.252874	0.197568	-0.249015	0.170989	-0.0816223	-0.212045
-5.06529	3.70609	0.683358	0.330359	0.596186	0.00624029	-0.263683	0.0786869	-0.0882966	-0.084006	0.32338	-0.232397	0.0952501	-0.213381	0.209487	-0.283638	0.00673103
-5.03684	3.52282	0.948745	0.183068	0.582693	-0.0133802	-0.312149	0.106527	-0.268525	0.0481098	0.157767	-0.0504873	0.0432977	-0.211808	0.280357	-0.380138	0.0266246
-5.07623	3.43928	0.865426	0.0548015	0.513689	-0.160992	-0.417428	0.0199613	-0.269655	-0.187378	0.0662687	0.0418077	0.117346	-0.30781	0.333998	-0.420421	-0.254183
-5.00518	3.36851	0.889334	0.121276	0.325914	-0.109507	-0.29183	-0.113971	-0.285695	-0.083133	-0.0224441	0.0731237	0.188065	-0.393578	0.30268	-0.361977	-0.178395
-4.99173	3.39029	0.918443	0.1877	0.36882	-0.327111	-0.154447	-0.0569344	-0.207254	-0.147055	-0.0392148	0.108566	0.254128	-0.421528	0.242204	-0.403816	0.0702826
-5.06408	3.42286	0.98245	0.275667	0.373876	-0.58545	-0.0405044	0.0114462	-0.148664	-0.310065	-0.0440213	0.202581	0.299736	-0.376184	0.00326396	-0.366871	0.285039
-4.69372	3.03067	0.950727	0.418804	0.361401	-0.37375	-0.451862	-0.0588458	0.0168413	-0.088924	0.152104	0.0211306	-0.00745015	-0.0440666	-0.089592	-0.001801	-0.0268682
-4.83231	3.33839	0.762181	0.496337	0.0149789	-0.596993	-0.285407	-0.0530015	0.0255772	-0.184993	0.180807	-0.0697238	0.25058	-0.413504	0.0748839	-0.268306	0.145851
-4.96639	3.45955	0.748408	0.577508	-0.136043	-0.502984	-0.332052	0.00551391	-0.0868156	-0.163324	0.111169	0.101093	0.193828	-0.293604	-0.0992783	-0.240264	0.162636
-4.71656	3.36372	0.587441	0.501537	-0.326561	-0.444533	-0.268456	-0.0134988	0.130204	-0.213396	0.0863606	-0.127614	-0.0314225	-0.313512	0.0661947	-0.135597	0.14438
-4.5045	3.27448	0.596571	0.318699	-0.399421	-0.387059	-0.219919	0.0625157	0.154094	-0.199492	0.0108653	-0.130221	-0.183334	-0.248128	0.0995392	-0.0839289	0.150231
-4.29991	3.40988	0.287571	0.165234	-0.641477	-0.221562	-0.0570758	0.182591	0.0987443	-0.365255	-0.145706	-0.147889	-0.075013	-0.086241	0.144541	-0.123588	-0.0245527
-4.17815	3.30498	0.240198	0.0882246	-0.493106	-0.199183	0.106896	-0.0180617	0.107969	-0.515911	-0.0669998	-0.141475	0.0637797	-0.0295395	0.164169	-0.151245	-0.120146
-3.88707	3.15687	0.355366	0.280855	-0.523341	-0.0796329	0.137175	0.124681	0.315989	-0.284021	-0.182591	-0.183143	0.0776978	0.237671	0.433265	-0.100308	-0.221995
-3.75067	3.06038	-0.118671	-0.127999	-0.704449	0.111693	0.250956	-0.281048	-0.17345	-0.565205	-0.139766	-0.0803538	-0.0532205	-0.163796	-0.0375135	-0.041098	-0.0984674
-3.80123	2.99151	-0.315348	-0.0430233	-0.761551	0.171353	0.0444342	-0.374716	-0.321776	-0.508161	-0.202245	-0.181193	-0.190534	-0.236995	-0.20356	-0.0601824	-0.0267019
-3.4877	2.8607	-0.370003	-0.160005	-0.42803	0.213034	0.15764	-0.478048	-0.238051	-0.38007	-0.0613352	-0.238233	-0.228232	-0.246213	-0.131841	0.151195	-0.0445636
-3.3822	2.89715	-0.601101	-0.0292265	-0.395015	0.258838	0.10534	-0.437386	-0.218313	-0.255057	-0.12204	-0.268621	-0.263839	-0.199492	-0.0903289	0.180421	-0.0587149
-3.27413	2.7963	-0.734869	0.0865561	-0.350054	0.207425	0.0907652	-0.417295	-0.132376	-0.184884	-0.203174	-0.356685	-0.267295	-0.139354	-0.067564	0.176098	-0.0872636
-3.21927	2.6518	-0.806871	0.11609	-0.277393	0.112337	0.0679435	-0.357284	-0.0819091	-0.117026	-0.324859	-0.444231	-0.221956	-0.130844	-0.095634	0.103327	-0.0631657
-3.22255	2.59418	-0.887587	0.165107	-0.260295	0.0834675	0.0122746	-0.307527	0.00783396	-0.122625	-0.383814	-0.489323	-0.193987	-0.116821	-0.151834	0.0324409	-0.05193
-3.21323	2.46262	-0.881107	0.250799	-0.142428	-0.0509945	0.16659	-0.314149	0.251636	-0.241383	-0.367441	-0.487285	-0.155014	-0.10841	-0.205345	0.0477398	0.0419936
-3.29436	2.43785	-0.98114	0.361525	-0.2095	0.00824417	0.0105369	-0.0933841	0.17123	-0.182974	-0.443393	-0.46426	-0.143138	-0.194697	-0.25343	0.0461992	0.0413594
-3.30876	2.35939	-0.835291	0.300353	-0.0546072	-0.103388	0.0837068	-0.0085694	0.184283	-0.192348	-0.391378	-0.446193	-0.0630618	-0.279036	-0.18382	0.0269401	0.109484
-3.67444	2.39407	-0.78837	0.0358727	0.0564964	-0.331565	0.180712	-0.0272798	0.0461724	-0.350154	-0.469817	-0.481181	-0.142391	-0.496669	-0.267542	0.106067	-0.186906
-3.6312	2.44914	-0.780337	0.354797	0.0198361	-0.212046	0.248357	0.0889977	0.117248	-0.201756	-0.329811	-0.200696	-0.0285222	-0.304021	-0.241085	0.10099	-0.000680684
-3.49312	1.87569	-0.810285	0.320771	-0.0765866	-0.159379	0.186614	0.152367	0.0781926	-0.236686	-0.381791	-0.423745	-0.066241	-0.533732	-0.262695	-0.143136	-0.107617
-3.71458	2.09568	-0.651918	0.42453	-0.136034	-0.228313	0.164165	0.173493	-0.00530079	-0.247454	-0.367806	-0.312504	0.0247388	-0.404665	-0.199444	-0.0381305	-0.180915
-3.86841	2.10057	-0.627653	0.37741	0.128807	-0.351058	0.351163	0.206284	-0.0415934	-0.0814624	-0.369293	-0.21121	0.0721343	-0.405111	-0.0738422	-0.0802297	-0.151962
-4.00967	2.04651	-0.546024	0.294308	0.285783	-0.255043	0.256162	0.238445	0.0828065	-0.164723	-0.205373	-0.366309	0.126469	-0.402903	-0.0923792	0.0600166	-0.177416
-4.25886	2.15956	-0.745306	0.6078	0.121457	-0.243118	0.157304	0.0916211	0.11816	-0.218236	-0.196949	-0.269531	-0.114394	-0.475131	-0.181688	-0.0701248	-0.187244
-4.52401	2.11517	-0.695613	0.449813	0.10214	-0.245145	0.102157	0.0885638	0.105579	-0.326598	-0.302272	-0.357641	-0.0125502	-0.434501	-0.0445547	0.0565238	-0.00918247
-4.77793	2.45974	-0.466101	0.34597	0.185303	-0.157013	-0.053996	0.098139	0.0425253	-0.413757	-0.221369	-0.341564	-0.0294728	-0.427777	0.0170324	0.0885547	-0.100898
-4.83866	2.4011	-0.435223	0.280627	0.205791	-0.150957	-0.125311	0.146503	0.0153102	-0.421405	-0.303991	-0.294544	-0.0917276	-0.475265	0.0237946	0.112592	-0.0938308
-5.40132	2.19343	-0.216124	0.49576	0.184311	-0.136878	0.0743978	0.12534	0.184815	-0.341007	-0.213964	-0.18981	0.0345499	-0.363263	0.156527	0.297186	0.1106
-5.8363	2.2811	0.237228	0.82605	0.220913	-0.184124	0.0716387	0.103108	0.140167	-0.316116	-0.215567	-0.144474	0.12615	-0.235441	0.0847569	0.0874203	-0.0574884
-5.97754	2.68983	-0.0240657	0.920925	0.259021	-0.263123	0.106246	0.0698575	0.225807	-0.44705	-0.145302	-0.229373	0.111916	-0.256852	0.0420233	0.0768058	0.0316236
-6.40547	2.38124	0.345099	0.792088	0.313367	-0.277796	-4.42456e-05	0.163193	0.123823	-0.339485	-0.217579	-0.0225833	0.0287861	-0.147138	-0.0148002	0.125706	0.0886994
-7.28063	2.15442	0.63167	1.03953	0.603845	-0.194955	-0.168503	-0.0878773	-0.00730352	-0.303753	-0.187242	-0.102521	0.102662	-0.229391	-0.106114	-0.0967363	-0.0021719
-6.90909	2.22211	0.811956	0.722778	0.484994	-0.103401	-0.340321	-0.191824	-0.252599	-0.367015	-0.266351	-0.16118	-0.0950565	-0.178959	-0.084656	-0.079411	-0.0930049
-7.36129	2.75	0.864174	0.939556	0.7309	-0.420287	-0.506995	-0.157451	-0.252541	-0.468604	-0.179906	-0.254834	0.284312	-0.207325	-0.0997144	-0.164364	-0.162519
-6.92679	2.87355	0.606464	1.00542	0.708295	-0.420185	-0.557903	-0.0369181	-0.286835	-0.391839	-0.0928991	-0.247173	0.447417	-0.19357	-0.17139	-0.201478	-0.202039
-6.75492	2.62179	0.743251	0.970535	0.616489	-0.32407	-0.591779	-0.0744421	-0.201086	-0.315381	-0.165487	-0.0442948	0.232717	-0.0665145	-0.173803	-0.185694	-0.0845276
-7.60248	2.68219	0.839545	0.982307	0.625127	-0.374073	-0.574043	-0.0454861	-0.122563	-0.32234	-0.104901	0.00467586	0.335242	-0.107738	-0.221386	-0.115995	0.0686474
-7.24492	1.71209	0.523608	0.308386	0.11494	-0.014635	-0.143837	-0.164433	-0.149533	-0.151902	-0.171699	-0.128518	-0.0831395	-0.112991	-0.0906811	-0.0368206	0.0222768
-8.62816	2.1405	0.814904	0.529981	0.252421	-0.0467188	-0.190394	-0.196856	-0.14661	-0.206948	-0.129431	-0.0324336	-0.0113991	-0.0574452	-0.0418159	-0.011628	-0.0508368
-9.28013	1.97484	0.860359	0.635197	0.421548	-0.0088875	-0.191137	-0.173427	-0.104056	-0.223778	-0.18043	-0.0574893	-0.0227386	-0.087572	-0.0638552	-0.0354679	-0.0580545
-9.8139	1.88384	1.10961	0.804126	0.602904	0.214994	-0.0203583	-0.0901828	-0.0581103	-0.152029	-0.101441	-0.0655457	-0.0430444	-0.0264452	0.0430991	0.0497871	-0.000911371
-9.96057	1.7727	1.17675	0.804176	0.655601	0.42337	0.100591	-0.0745113	-0.109746	-0.023198	-0.0273928	-0.0536467	-0.0391763	-0.0243137	0.0637389	0.0253717	-0.0661139
-9.93336	1.63235	0.932674	0.639142	0.522504	0.444659	0.172261	-0.038918	-0.0945699	0.0669915	0.0243541	-0.011505	0.0205801	0.0377406	0.129851	0.123371	0.0310455
-9.91235	1.55331	0.782117	0.557262	0.449387	0.373473	0.214511	0.0409503	-0.00658539	0.0946361	0.0483929	0.0348649	0.00646078	0.0171	0.0798675	0.106199	0.0357641
-9.99679	1.51661	0.776429	0.540772	0.500944	0.376468	0.195199	0.0661817	0.0225134	0.0513829	0.0371396	0.104528	0.0501773	0.0869313	0.070796	0.111575	0.0817532
-10.1359	1.35184	0.678953	0.450638	0.45918	0.38944	0.244568	0.147093	0.121114	0.127728	0.134153	0.14017	0.0449679	0.0983714	0.127057	0.138248	0.100879
-10.2423	1.19224	0.596048	0.420063	0.472116	0.394466	0.276555	0.18066	0.215682	0.183332	0.156396	0.155668	0.0847539	0.134513	0.10389	0.0742944	0.10553
-10.2226	1.17764	0.527326	0.367292	0.397913	0.305933	0.240425	0.159229	0.219316	0.174177	0.190977	0.188245	0.136919	0.15575	0.113869	0.14184	0.151015
-10.1162	1.23499	0.514974	0.379701	0.313305	0.27241	0.200461	0.19569	0.203105	0.217904	0.234414	0.198347	0.155821	0.169661	0.138964	0.142029	0.14561
-10.2186	1.1683	0.498841	0.330626	0.302998	0.303182	0.21914	0.208744	0.171204	0.199911	0.216237	0.188691	0.190229	0.122901	0.147942	0.143892	0.166859
-10.23	1.16953	0.59423	0.405814	0.35399	0.314631	0.225101	0.246801	0.196145	0.227919	0.229936	0.225111	0.186326	0.104155	0.124865	0.112208	0.159313
-10.1234	1.21039	0.602137	0.373227	0.32395	0.288252	0.255057	0.259956	0.203975	0.240728	0.182193	0.183079	0.160751	0.160143	0.135637	0.129231	0.145295
-10.1396	1.21937	0.593789	0.382923	0.358845	0.271074	0.24454	0.231022	0.20226	0.241952	0.208495	0.169451	0.179903	0.199267	0.150081	0.169124	0.159901
-10.157	1.2603	0.59174	0.382558	0.376282	0.323983	0.310733	0.274609	0.255219	0.221898	0.211741	0.203606	0.207372	0.248789	0.187516	0.154819	0.0855469
-10.0794	1.2772	0.583319	0.386744	0.348048	0.290457	0.264517	0.250598	0.278638	0.270792	0.167227	0.209235	0.203068	0.243477	0.186252	0.103881	0.0989995
-10.2197	1.17323	0.628268	0.387076	0.360426	0.300586	0.262987	0.244926	0.31054	0.286258	0.196157	0.212285	0.205741	0.175701	0.183704	0.136746	0.135318
-10.3441	1.06322	0.629469	0.45883	0.477267	0.33617	0.236866	0.221778	0.358991	0.305436	0.205184	0.211089	0.220356	0.170205	0.126644	0.121777	0.0835398
-10.1779	1.22502	0.577518	0.434177	0.412611	0.332248	0.249542	0.239778	0.272412	0.250136	0.21355	0.178725	0.153257	0.201993	0.142794	0.129382	0.0965927
-10.2873	1.12503	0.54055	0.473738	0.444382	0.347536	0.233799	0.275949	0.25964	0.264718	0.293186	0.197958	0.151445	0.212978	0.174033	0.115908	0.0751687
-10.4924	0.995544	0.539355	0.42133	0.421046	0.361093	0.314441	0.374075	0.271216	0.314571	0.282962	0.169591	0.0794933	0.142797	0.20266	0.191173	0.178548
-10.2844	1.15749	0.583883	0.431195	0.413406	0.317577	0.245212	0.282969	0.236037	0.293494	0.179442	0.18654	0.152254	0.208442	0.171654	0.132766	0.144391
-10.2884	1.19822	0.632751	0.410468	0.393691	0.350238	0.261272	0.264415	0.260659	0.300048	0.216026	0.21316	0.194329	0.232259	0.199219	0.158892	0.16268
-10.4276	1.06439	0.604098	0.362076	0.446539	0.490695	0.296665	0.280683	0.299529	0.357862	0.294157	0.231998	0.202899	0.232602	0.173484	0.156049	0.180838
-10.1131	1.23734	0.550627	0.32708	0.361935	0.359546	0.203874	0.206427	0.233795	0.27473	0.232296	0.163446	0.150154	0.219354	0.184374	0.172325	0.181841
-10.1404	1.23512	0.588547	0.395818	0.386463	0.359352	0.261176	0.214125	0.235996	0.263368	0.2159	0.167798	0.176455	0.210702	0.188263	0.160774	0.141996
-10.2729	1.15663	0.590458	0.395213	0.369647	0.364007	0.293034	0.264017	0.22556	0.26439	0.230728	0.269841	0.230388	0.224543	0.213433	0.159187	0.166645
-10.1541	1.255	0.5518	0.405982	0.337603	0.319326	0.224842	0.252354	0.23088	0.235146	0.175706	0.199585	0.175832	0.176749	0.200748	0.142879	0.162067
-10.3058	1.17355	0.615209	0.436607	0.362837	0.360508	0.272007	0.313322	0.264269	0.269546	0.164363	0.157069	0.134365	0.0953981	0.144112	0.117799	0.142202
-10.2782	1.14958	0.531829	0.397976	0.331737	0.342655	0.261171	0.206988	0.190062	0.272867	0.183615	0.176927	0.183815	0.0889253	0.149967	0.151354	0.129011
-9.92535	1.39106	0.461996	0.448563	0.298304	0.296424	0.23111	0.195169	0.165757	0.198421	0.175739	0.124796	0.10084	0.0962984	0.116103	0.0977716	0.047053
-9.04257	1.66018	0.277816	0.516773	0.165274	0.29331	0.127483	0.200626	0.0859141	0.147181	0.0893355	0.133752	0.0576425	0.0686235	0.0551258	0.0851513	0.035942
