-1e+10
-1e+10
-1e+10
-1e+10
-1e+10
-1e+10
-1e+10
-1e+10
-1e+10
-1e+10
-1e+10
-1e+10
-1e+10
-1e+10
-1e+10
-1e+10
-1e+10
-1e+10
-1e+10
-1e+10
-1e+10
-1e+10
-1e+10
-1e+10
-1e+10
-1e+10
-1e+10
-1e+10
-1e+10
5.31885
5.31467
5.30802
5.2727
5.31473
5.32837
5.33939
5.34952
5.35589
5.35711
5.35603
5.35577
5.35754
5.36081
5.36428
5.36646
5.36679
5.36579
5.36382
5.36085
5.35681
5.3521
5.34776
5.34355
5.33837
5.33173
5.31807
5.25955
5.25394
5.25351
5.24554
5.23423
5.22412
5.21385
5.20286
5.19324
5.1976
5.43278
5.42703
5.41454
5.40311
5.39787
5.39699
5.39781
5.39877
5.39955
5.40092
5.40436
5.41089
5.41955
5.429
5.43856
5.44873
5.45955
5.47039
5.48045
5.48975
5.4982
5.5061
5.51356
5.52075
5.52799
5.53601
5.54458
5.55268
5.55907
5.5635
5.56483
5.5603
5.54329
5.51246
5.49008
5.47834
5.46855
5.45895
5.46811
5.52664
5.54637
5.55403
5.55322
5.5464
5.53508
5.52026
5.50382
5.48822
5.47515
5.46346
-1e+10
-1e+10
-1e+10
-1e+10
-1e+10
-1e+10
-1e+10
-1e+10
-1e+10
5.65034
5.62976
5.61198
5.59609
5.58209
5.56859
5.55516
5.54402
5.53614
5.52911
5.5209
5.51082
5.50127
5.49253
5.48496
5.4771
5.47009
5.46285
5.45606
5.4487
5.44139
5.43291
5.4218
5.40931
5.40247
5.40498
5.41287
5.42064
5.42615
5.42974
5.43231
5.43492
5.43843
5.44309
5.4482
5.45247
5.45462
5.4537
5.44942
5.44292
5.43634
5.43083
5.42551
5.41986
5.41463
5.4106
5.40762
5.40478
5.40151
5.39784
5.39452
5.39237
5.39065
5.3877
5.382
5.37233
5.35892
5.3446
5.32921
5.3101
5.28942
5.27265
5.26432
-1e+10
-1e+10
-1e+10
-1e+10
-1e+10
5.44249
5.41561
5.39807
5.38623
5.37712
5.36967
5.36288
5.35571
5.34809
5.34012
5.33206
5.32122
5.30205
5.27742
5.26096
5.25026
5.24317
5.23821
5.23377
5.22829
5.22163
5.21619
5.21812
5.24061
5.29653
5.30212
5.28784
5.27765
5.26981
5.26203
5.25365
5.24559
5.23852
5.2324
5.226
5.21791
5.20826
5.20066
5.19769
5.19922
5.20701
5.2326
5.24652
5.25113
5.25654
-1e+10
-1e+10
-1e+10
-1e+10
-1e+10
-1e+10
-1e+10
-1e+10
-1e+10
-1e+10
-1e+10
-1e+10
-1e+10
-1e+10
-1e+10
-1e+10
-1e+10
-1e+10
-1e+10
-1e+10
-1e+10
-1e+10
-1e+10
-1e+10
5.4627
5.46011
5.45813
5.45868
5.46106
5.46411
5.46631
5.46627
5.46373
5.45952
5.45436
5.44809
5.44098
5.43002
5.41134
5.38647
5.37188
5.36314
5.35685
5.35169
5.3472
5.34286
5.33899
5.33616
5.33537
5.3392
5.35008
5.36473
5.38213
5.38856
5.38842
5.3836
5.37198
5.35583
5.33484
5.3151
5.29858
5.28327
5.26861
5.25308
5.23444
5.21559
5.19933
5.18353
5.16872
5.15688
5.15078
5.1486
5.14748
5.14623
5.1447
5.14406
5.14563
-1e+10
-1e+10
-1e+10
-1e+10
5.22071
5.22423
5.22619
5.22614
5.22346
5.21841
5.21368
5.21004
5.20611
5.20102
5.1952
5.19063
5.18736
5.18359
5.17775
5.17171
-1e+10
4.44157
4.43512
4.42999
4.42735
4.43338
4.45885
4.45775
4.45505
4.45208
4.44944
4.447
4.44525
4.44572
4.45008
4.45671
4.46416
4.46983
4.47083
4.46686
4.45874
4.45116
4.44327
4.43373
4.49732
4.49622
4.49377
4.55004
4.54759
4.54656
-1e+10
-1e+10
-1e+10
-1e+10
-1e+10
-1e+10
-1e+10
-1e+10
-1e+10
-1e+10
-1e+10
-1e+10
-1e+10
-1e+10
-1e+10
-1e+10
-1e+10
-1e+10
-1e+10
-1e+10
-1e+10
-1e+10
-1e+10
-1e+10
-1e+10
-1e+10
-1e+10
-1e+10
-1e+10
-1e+10
-1e+10
-1e+10
-1e+10
-1e+10
-1e+10
-1e+10
-1e+10
-1e+10
-1e+10
-1e+10
-1e+10
-1e+10
-1e+10
-1e+10
-1e+10
-1e+10
-1e+10
-1e+10
-1e+10
-1e+10
-1e+10
-1e+10
-1e+10
-1e+10
-1e+10
