1.166720000000000027e+03
1.166720000000000027e+03
1.166720000000000027e+03
1.166720000000000027e+03
1.166720000000000027e+03
1.166720000000000027e+03
1.166720000000000027e+03
1.166720000000000027e+03
1.166720000000000027e+03
1.166720000000000027e+03
1.166720000000000027e+03
1.166720000000000027e+03
1.166720000000000027e+03
1.166720000000000027e+03
1.166720000000000027e+03
1.166720000000000027e+03
1.166720000000000027e+03
1.166720000000000027e+03
1.166720000000000027e+03
1.166720000000000027e+03
1.166720000000000027e+03
1.166720000000000027e+03
1.166720000000000027e+03
1.166720000000000027e+03
1.166720000000000027e+03
1.166720000000000027e+03
1.166720000000000027e+03
1.166720000000000027e+03
1.166720000000000027e+03
1.166720000000000027e+03
1.166720000000000027e+03
1.166720000000000027e+03
1.166720000000000027e+03
1.166720000000000027e+03
1.166720000000000027e+03
1.166720000000000027e+03
1.166720000000000027e+03
1.846500000000000000e+03
4.112960000000000036e+03
4.718750000000000000e+03
7.492760000000000218e+03
7.492760000000000218e+03
7.492760000000000218e+03
6.265619999999999891e+03
6.255289999999999964e+03
5.508880000000000109e+03
5.508880000000000109e+03
5.508880000000000109e+03
5.385840000000000146e+03
5.385840000000000146e+03
6.289939999999999600e+03
7.694850000000000364e+03
7.746970000000000255e+03
7.804020000000000437e+03
7.804020000000000437e+03
7.804020000000000437e+03
6.218750000000000000e+03
5.999289999999999964e+03
5.989600000000000364e+03
4.952100000000000364e+03
4.499210000000000036e+03
1.250000000000000000e+03
1.250000000000000000e+03
1.250000000000000000e+03
1.229910000000000082e+03
1.117190000000000055e+03
1.117190000000000055e+03
1.048210000000000036e+03
1.040529999999999973e+03
1.023909999999999968e+03
1.035791249999999991e+03
1.047672499999999900e+03
1.059553750000000036e+03
1.071434999999999945e+03
1.083316250000000082e+03
1.095197499999999991e+03
1.107078749999999900e+03
1.118960000000000036e+03
1.130841249999999945e+03
1.142722500000000082e+03
1.154603749999999991e+03
1.166484999999999900e+03
1.178366250000000036e+03
1.190247499999999945e+03
1.202128750000000082e+03
1.214009999999999991e+03
1.237529999999999973e+03
1.492829999999999927e+03
2.250000000000000000e+03
3.170199999999999818e+03
4.153710000000000036e+03
4.434739999999999782e+03
5.899750000000000000e+03
6.125000000000000000e+03
6.578119999999999891e+03
6.125000000000000000e+03
6.125000000000000000e+03
3.067949999999999818e+03
3.067949999999999818e+03
3.067949999999999818e+03
5.091960000000000036e+03
7.363319999999999709e+03
7.377609999999999673e+03
7.377609999999999673e+03
7.377609999999999673e+03
7.241439999999999600e+03
6.971239999999999782e+03
6.845949999999999818e+03
6.845949999999999818e+03
6.845949999999999818e+03
5.580050000000000182e+03
5.532619999999999891e+03
5.532619999999999891e+03
5.513159999999999854e+03
5.485470000000000255e+03
5.397189999999999600e+03
5.397189999999999600e+03
5.397189999999999600e+03
6.200840000000000146e+03
6.672300000000000182e+03
6.672300000000000182e+03
6.672300000000000182e+03
6.056069999999999709e+03
6.056069999999999709e+03
5.974220000000000255e+03
6.056069999999999709e+03
6.056069999999999709e+03
5.751699999999999818e+03
5.750000000000000000e+03
5.013170000000000073e+03
5.013170000000000073e+03
5.013170000000000073e+03
6.234529999999999745e+03
6.709430000000000291e+03
7.381420000000000073e+03
7.381420000000000073e+03
6.849000000000000000e+03
6.709430000000000291e+03
6.389649999999999636e+03
6.164520000000000437e+03
5.181529999999999745e+03
4.852600000000000364e+03
4.796880000000000109e+03
4.843770000000000437e+03
4.843770000000000437e+03
4.843770000000000437e+03
4.726420000000000073e+03
3.328119999999999891e+03
2.505679999999999836e+03
2.468750000000000000e+03
2.353219999999999800e+03
1.110569999999999936e+03
1.041019999999999982e+03
1.052126333333333378e+03
1.063232666666666546e+03
1.074338999999999942e+03
1.085445333333333338e+03
1.096551666666666733e+03
1.107657999999999902e+03
1.118764333333333298e+03
1.129870666666666693e+03
1.140977000000000089e+03
1.152083333333333258e+03
1.163189666666666653e+03
1.174296000000000049e+03
1.185402333333333445e+03
1.196508666666666613e+03
1.207615000000000009e+03
1.218721333333333405e+03
1.229827666666666573e+03
1.240933999999999969e+03
1.252040333333333365e+03
1.263146666666666761e+03
1.274252999999999929e+03
1.285359333333333325e+03
1.296465666666666721e+03
1.307572000000000116e+03
1.318678333333333285e+03
1.329784666666666681e+03
1.340891000000000076e+03
1.351997333333333245e+03
1.363103666666666641e+03
1.374210000000000036e+03
1.514640000000000100e+03
2.814610000000000127e+03
3.048289999999999964e+03
6.997239999999999782e+03
6.997239999999999782e+03
6.997239999999999782e+03
7.476609999999999673e+03
7.476449999999999818e+03
6.916529999999999745e+03
7.476449999999999818e+03
7.593539999999999964e+03
7.538949999999999818e+03
7.593539999999999964e+03
7.593539999999999964e+03
7.538949999999999818e+03
7.440510000000000218e+03
7.426359999999999673e+03
7.094880000000000109e+03
7.094880000000000109e+03
6.445100000000000364e+03
5.069470000000000255e+03
4.861869999999999891e+03
4.319729999999999563e+03
3.318170000000000073e+03
3.318170000000000073e+03
2.035069999999999936e+03
1.422309999999999945e+03
1.396769999999999982e+03
1.382908333333333303e+03
1.369046666666666624e+03
1.355184999999999945e+03
1.341323333333333267e+03
1.327461666666666588e+03
1.313599999999999909e+03
1.299738333333333230e+03
1.285876666666666551e+03
1.272014999999999873e+03
1.258153333333333194e+03
1.244291666666666742e+03
1.230430000000000064e+03
1.216568333333333385e+03
1.202706666666666706e+03
1.188845000000000027e+03
1.174983333333333348e+03
1.161121666666666670e+03
1.147259999999999991e+03
1.328119999999999891e+03
2.445309999999999945e+03
2.445309999999999945e+03
2.445309999999999945e+03
2.293869999999999891e+03
2.005809999999999945e+03
1.992680000000000064e+03
1.197180000000000064e+03
1.219258235294117640e+03
1.241336470588235443e+03
1.263414705882353019e+03
1.285492941176470595e+03
1.307571176470588398e+03
1.329649411764705974e+03
1.351727647058823550e+03
1.373805882352941126e+03
1.395884117647058929e+03
1.417962352941176505e+03
1.440040588235294081e+03
1.462118823529411657e+03
1.484197058823529460e+03
1.506275294117647036e+03
1.528353529411764612e+03
1.550431764705882415e+03
1.572509999999999991e+03
1.870349999999999909e+03
4.210939999999999600e+03
1.870349999999999909e+03
1.572509999999999991e+03
1.117190000000000055e+03
1.063779999999999973e+03
1.057759999999999991e+03
1.059026774193548363e+03
1.060293548387096735e+03
1.061560322580645106e+03
1.062827096774193478e+03
1.064093870967741850e+03
1.065360645161290222e+03
1.066627419354838594e+03
1.067894193548387193e+03
1.069160967741935565e+03
1.070427741935483937e+03
1.071694516129032309e+03
1.072961290322580680e+03
1.074228064516129052e+03
1.075494838709677424e+03
1.076761612903225796e+03
1.078028387096774168e+03
1.079295161290322540e+03
1.080561935483870911e+03
1.081828709677419283e+03
1.083095483870967655e+03
1.084362258064516027e+03
1.085629032258064399e+03
1.086895806451612771e+03
1.088162580645161370e+03
1.089429354838709742e+03
1.090696129032258114e+03
1.091962903225806485e+03
1.093229677419354857e+03
1.094496451612903229e+03
1.095763225806451601e+03
1.097029999999999973e+03
1.494180000000000064e+03
2.414559999999999945e+03
3.065650000000000091e+03
4.628619999999999891e+03
4.628619999999999891e+03
4.628619999999999891e+03
4.872890000000000327e+03
4.872890000000000327e+03
7.503760000000000218e+03
7.785460000000000036e+03
7.785460000000000036e+03
7.785460000000000036e+03
7.500000000000000000e+03
6.313289999999999964e+03
6.313289999999999964e+03
7.500000000000000000e+03
7.709340000000000146e+03
7.776460000000000036e+03
7.776460000000000036e+03
7.776460000000000036e+03
7.722760000000000218e+03
7.722760000000000218e+03
7.206880000000000109e+03
7.206880000000000109e+03
7.206880000000000109e+03
6.679689999999999600e+03
6.396640000000000327e+03
6.396640000000000327e+03
4.836060000000000400e+03
4.078119999999999891e+03
4.078119999999999891e+03
4.078119999999999891e+03
4.078119999999999891e+03
4.078119999999999891e+03
2.254090000000000146e+03
2.254090000000000146e+03
2.254090000000000146e+03
2.254090000000000146e+03
2.254090000000000146e+03
2.254090000000000146e+03
2.254090000000000146e+03
2.254090000000000146e+03
2.254090000000000146e+03
2.254090000000000146e+03
2.254090000000000146e+03
2.254090000000000146e+03
2.254090000000000146e+03
2.254090000000000146e+03
2.254090000000000146e+03
2.254090000000000146e+03
2.254090000000000146e+03
2.254090000000000146e+03
2.254090000000000146e+03
2.254090000000000146e+03
2.254090000000000146e+03
2.254090000000000146e+03
2.254090000000000146e+03
2.254090000000000146e+03
2.254090000000000146e+03
2.254090000000000146e+03
2.254090000000000146e+03
2.254090000000000146e+03
2.254090000000000146e+03
2.254090000000000146e+03
2.254090000000000146e+03
2.254090000000000146e+03
2.254090000000000146e+03
2.254090000000000146e+03
2.254090000000000146e+03
2.254090000000000146e+03
2.254090000000000146e+03
2.254090000000000146e+03
2.254090000000000146e+03
2.254090000000000146e+03
2.254090000000000146e+03
2.254090000000000146e+03
2.254090000000000146e+03
2.254090000000000146e+03
2.254090000000000146e+03
2.254090000000000146e+03
2.254090000000000146e+03
2.254090000000000146e+03
2.254090000000000146e+03
2.254090000000000146e+03
2.254090000000000146e+03
2.254090000000000146e+03
2.254090000000000146e+03
2.254090000000000146e+03
