1.015509999999999991e+03
1.015509999999999991e+03
1.015509999999999991e+03
1.015509999999999991e+03
1.015509999999999991e+03
1.015509999999999991e+03
1.015509999999999991e+03
1.015509999999999991e+03
1.015509999999999991e+03
1.015509999999999991e+03
1.015509999999999991e+03
1.015509999999999991e+03
1.015509999999999991e+03
1.015509999999999991e+03
1.015509999999999991e+03
1.015509999999999991e+03
1.015509999999999991e+03
1.015509999999999991e+03
1.015509999999999991e+03
1.015509999999999991e+03
1.015509999999999991e+03
1.015509999999999991e+03
1.015509999999999991e+03
1.015509999999999991e+03
1.015509999999999991e+03
1.015509999999999991e+03
1.015509999999999991e+03
1.015509999999999991e+03
1.015509999999999991e+03
1.015509999999999991e+03
1.015509999999999991e+03
1.015509999999999991e+03
1.015509999999999991e+03
1.015509999999999991e+03
1.015509999999999991e+03
1.015509999999999991e+03
1.015509999999999991e+03
1.015509999999999991e+03
1.015509999999999991e+03
1.015509999999999991e+03
1.015509999999999991e+03
1.015509999999999991e+03
1.015509999999999991e+03
1.015509999999999991e+03
1.015509999999999991e+03
1.015509999999999991e+03
1.015509999999999991e+03
1.015509999999999991e+03
1.015509999999999991e+03
1.015509999999999991e+03
1.015509999999999991e+03
1.015509999999999991e+03
1.015509999999999991e+03
1.015509999999999991e+03
1.015509999999999991e+03
1.015509999999999991e+03
1.015509999999999991e+03
1.015509999999999991e+03
1.015509999999999991e+03
1.015509999999999991e+03
1.015509999999999991e+03
1.015509999999999991e+03
1.015509999999999991e+03
1.015509999999999991e+03
1.015509999999999991e+03
1.015509999999999991e+03
1.249279999999999973e+03
1.648440000000000055e+03
1.648440000000000055e+03
1.648440000000000055e+03
1.648440000000000055e+03
1.648440000000000055e+03
3.901030000000000200e+03
3.901030000000000200e+03
4.171880000000000109e+03
3.901030000000000200e+03
2.703119999999999891e+03
2.468230000000000018e+03
2.468230000000000018e+03
2.468230000000000018e+03
2.703119999999999891e+03
3.015619999999999891e+03
5.468750000000000000e+03
5.972840000000000146e+03
5.972840000000000146e+03
6.035670000000000073e+03
6.035670000000000073e+03
6.156250000000000000e+03
6.156250000000000000e+03
6.440020000000000437e+03
7.429960000000000036e+03
7.579199999999999818e+03
7.579199999999999818e+03
7.634079999999999927e+03
7.634079999999999927e+03
7.579199999999999818e+03
7.634079999999999927e+03
6.146449999999999818e+03
4.901880000000000109e+03
4.557819999999999709e+03
4.557819999999999709e+03
4.557819999999999709e+03
4.557819999999999709e+03
6.921880000000000109e+03
6.921880000000000109e+03
7.414439999999999600e+03
6.921880000000000109e+03
6.921880000000000109e+03
6.296880000000000109e+03
6.296880000000000109e+03
1.028140000000000100e+03
1.021389999999999986e+03
1.031106578947368462e+03
1.040823157894736823e+03
1.050539736842105185e+03
1.060256315789473774e+03
1.069972894736842136e+03
1.079689473684210498e+03
1.089406052631578859e+03
1.099122631578947221e+03
1.108839210526315810e+03
1.118555789473684172e+03
1.128272368421052533e+03
1.137988947368421123e+03
1.147705526315789484e+03
1.157422105263157846e+03
1.167138684210526208e+03
1.176855263157894569e+03
1.186571842105263158e+03
1.196288421052631520e+03
1.206004999999999882e+03
1.215721578947368471e+03
1.225438157894736833e+03
1.235154736842105194e+03
1.244871315789473556e+03
1.254587894736841918e+03
1.264304473684210507e+03
1.274021052631578868e+03
1.283737631578947230e+03
1.293454210526315819e+03
1.303170789473684181e+03
1.312887368421052543e+03
1.322603947368420904e+03
1.332320526315789266e+03
1.342037105263157855e+03
1.351753684210526217e+03
1.361470263157894578e+03
1.371186842105263167e+03
1.380903421052631529e+03
1.390619999999999891e+03
1.665779999999999973e+03
1.844329999999999927e+03
1.871160000000000082e+03
2.120230000000000018e+03
4.353159999999999854e+03
4.353159999999999854e+03
4.353159999999999854e+03
5.078119999999999891e+03
4.062480000000000018e+03
3.737730000000000018e+03
2.898190000000000055e+03
2.401250000000000000e+03
1.590670000000000073e+03
1.368250000000000000e+03
1.067849999999999909e+03
1.065353846153846007e+03
1.062857692307692332e+03
1.060361538461538430e+03
1.057865384615384528e+03
1.055369230769230626e+03
1.052873076923076951e+03
1.050376923076923049e+03
1.047880769230769147e+03
1.045384615384615245e+03
1.042888461538461570e+03
1.040392307692307668e+03
1.037896153846153766e+03
1.035400000000000091e+03
1.032903846153846189e+03
1.030407692307692287e+03
1.027911538461538385e+03
1.025415384615384710e+03
1.022919230769230808e+03
1.020423076923076906e+03
1.017926923076923117e+03
1.015430769230769215e+03
1.012934615384615427e+03
1.010438461538461524e+03
1.007942307692307736e+03
1.005446153846153948e+03
1.002950000000000045e+03
1.109380000000000109e+03
1.703119999999999891e+03
4.221439999999999600e+03
4.221439999999999600e+03
4.356380000000000109e+03
4.356380000000000109e+03
5.443760000000000218e+03
5.703119999999999891e+03
5.703119999999999891e+03
5.703119999999999891e+03
5.093750000000000000e+03
4.300300000000000182e+03
4.146279999999999745e+03
3.343750000000000000e+03
3.343750000000000000e+03
3.145630000000000109e+03
3.343750000000000000e+03
3.988039999999999964e+03
4.315750000000000000e+03
4.315750000000000000e+03
4.315750000000000000e+03
3.644610000000000127e+03
3.644610000000000127e+03
2.242190000000000055e+03
2.242190000000000055e+03
2.242190000000000055e+03
2.242190000000000055e+03
1.206529999999999973e+03
1.042700000000000045e+03
1.042700000000000045e+03
1.042700000000000045e+03
1.054470000000000027e+03
1.101950000000000045e+03
1.210680000000000064e+03
1.859380000000000109e+03
3.741769999999999982e+03
3.906349999999999909e+03
5.582350000000000364e+03
6.874680000000000291e+03
6.985079999999999927e+03
6.985079999999999927e+03
6.985079999999999927e+03
6.467159999999999854e+03
6.000000000000000000e+03
5.823939999999999600e+03
3.758269999999999982e+03
2.223340000000000146e+03
2.179210000000000036e+03
1.186690000000000055e+03
1.081930000000000064e+03
1.018639999999999986e+03
1.020644210526315760e+03
1.022648421052631534e+03
1.024652631578947421e+03
1.026656842105263195e+03
1.028661052631578968e+03
1.030665263157894742e+03
1.032669473684210516e+03
1.034673684210526289e+03
1.036677894736842063e+03
1.038682105263157837e+03
1.040686315789473610e+03
1.042690526315789384e+03
1.044694736842105385e+03
1.046698947368421159e+03
1.048703157894736933e+03
1.050707368421052706e+03
1.052711578947368480e+03
1.054715789473684254e+03
1.056720000000000027e+03
1.640619999999999891e+03
3.458170000000000073e+03
3.458170000000000073e+03
4.088949999999999818e+03
4.831899999999999636e+03
4.831899999999999636e+03
7.676510000000000218e+03
7.585920000000000073e+03
7.629920000000000073e+03
7.676510000000000218e+03
7.676510000000000218e+03
7.745739999999999782e+03
7.745739999999999782e+03
7.762060000000000400e+03
7.745739999999999782e+03
7.684859999999999673e+03
7.525329999999999927e+03
7.684859999999999673e+03
7.113260000000000218e+03
7.672960000000000036e+03
7.672960000000000036e+03
7.726039999999999964e+03
7.726039999999999964e+03
7.726039999999999964e+03
7.726039999999999964e+03
7.508720000000000255e+03
7.474319999999999709e+03
3.759909999999999854e+03
3.596289999999999964e+03
2.808090000000000146e+03
2.808090000000000146e+03
2.786230000000000018e+03
2.786230000000000018e+03
3.135059999999999945e+03
5.705399999999999636e+03
7.495829999999999927e+03
7.643659999999999854e+03
7.643659999999999854e+03
7.495829999999999927e+03
7.394399999999999636e+03
6.609600000000000364e+03
5.031250000000000000e+03
4.839729999999999563e+03
3.031250000000000000e+03
2.135789999999999964e+03
1.412869999999999891e+03
1.106579999999999927e+03
1.062500000000000000e+03
1.059927368421052734e+03
1.057354736842105240e+03
1.054782105263157973e+03
1.052209473684210479e+03
1.049636842105263213e+03
1.047064210526315719e+03
1.044491578947368453e+03
1.041918947368420959e+03
1.039346315789473692e+03
1.036773684210526426e+03
1.034201052631578932e+03
1.031628421052631666e+03
1.029055789473684172e+03
1.026483157894736905e+03
1.023910526315789525e+03
1.021337894736842145e+03
1.018765263157894765e+03
1.016192631578947385e+03
1.013620000000000005e+03
2.389239999999999782e+03
2.592650000000000091e+03
3.906250000000000000e+03
6.391529999999999745e+03
6.391529999999999745e+03
5.212189999999999600e+03
5.212189999999999600e+03
5.212189999999999600e+03
5.212189999999999600e+03
5.212189999999999600e+03
5.621880000000000109e+03
5.621880000000000109e+03
5.621880000000000109e+03
4.765619999999999891e+03
5.664979999999999563e+03
4.765619999999999891e+03
4.765619999999999891e+03
4.765619999999999891e+03
2.515619999999999891e+03
2.515619999999999891e+03
3.078119999999999891e+03
1.750000000000000000e+03
1.377660000000000082e+03
1.429444799999999987e+03
1.481229600000000119e+03
1.533014400000000023e+03
1.584799200000000155e+03
1.636584000000000060e+03
1.688368800000000192e+03
1.740153600000000097e+03
1.791938400000000001e+03
1.843723200000000134e+03
1.895508000000000266e+03
1.947292800000000170e+03
1.999077600000000075e+03
2.050862399999999980e+03
2.102647200000000339e+03
2.154432000000000244e+03
2.206216800000000148e+03
2.258001600000000053e+03
2.309786399999999958e+03
2.361571200000000317e+03
2.413356000000000222e+03
2.465140800000000127e+03
2.516925600000000486e+03
2.568710399999999936e+03
2.620495200000000295e+03
2.672280000000000200e+03
6.974819999999999709e+03
6.974819999999999709e+03
6.974819999999999709e+03
4.257350000000000364e+03
4.257350000000000364e+03
4.257350000000000364e+03
4.257350000000000364e+03
3.393900000000000091e+03
3.393900000000000091e+03
3.186369999999999891e+03
3.186369999999999891e+03
3.186369999999999891e+03
3.186369999999999891e+03
1.044619999999999891e+03
1.044619999999999891e+03
1.044619999999999891e+03
1.044619999999999891e+03
1.044619999999999891e+03
1.044619999999999891e+03
1.044619999999999891e+03
1.044619999999999891e+03
1.044619999999999891e+03
1.044619999999999891e+03
1.044619999999999891e+03
1.044619999999999891e+03
1.044619999999999891e+03
1.044619999999999891e+03
1.044619999999999891e+03
1.044619999999999891e+03
1.044619999999999891e+03
1.044619999999999891e+03
1.044619999999999891e+03
1.044619999999999891e+03
1.044619999999999891e+03
1.044619999999999891e+03
1.044619999999999891e+03
1.044619999999999891e+03
1.044619999999999891e+03
1.044619999999999891e+03
1.044619999999999891e+03
1.044619999999999891e+03
1.044619999999999891e+03
1.044619999999999891e+03
1.044619999999999891e+03
1.044619999999999891e+03
1.044619999999999891e+03
1.044619999999999891e+03
1.044619999999999891e+03
1.044619999999999891e+03
1.044619999999999891e+03
1.044619999999999891e+03
1.044619999999999891e+03
1.044619999999999891e+03
1.044619999999999891e+03
1.044619999999999891e+03
1.044619999999999891e+03
1.044619999999999891e+03
1.044619999999999891e+03
1.044619999999999891e+03
1.044619999999999891e+03
1.044619999999999891e+03
1.044619999999999891e+03
1.044619999999999891e+03
1.044619999999999891e+03
1.044619999999999891e+03
1.044619999999999891e+03
1.044619999999999891e+03
1.044619999999999891e+03
1.044619999999999891e+03
1.044619999999999891e+03
1.044619999999999891e+03
1.044619999999999891e+03
1.044619999999999891e+03
1.044619999999999891e+03
1.044619999999999891e+03
1.044619999999999891e+03
1.044619999999999891e+03
1.044619999999999891e+03
1.044619999999999891e+03
1.044619999999999891e+03
1.044619999999999891e+03
1.044619999999999891e+03
1.044619999999999891e+03
1.044619999999999891e+03
1.044619999999999891e+03
1.044619999999999891e+03
1.044619999999999891e+03
1.044619999999999891e+03
1.044619999999999891e+03
1.044619999999999891e+03
1.044619999999999891e+03
1.044619999999999891e+03
1.044619999999999891e+03
1.044619999999999891e+03
1.044619999999999891e+03
1.044619999999999891e+03
1.044619999999999891e+03
1.044619999999999891e+03
1.044619999999999891e+03
1.044619999999999891e+03
1.044619999999999891e+03
1.044619999999999891e+03
1.044619999999999891e+03
1.044619999999999891e+03
1.044619999999999891e+03
1.044619999999999891e+03
1.044619999999999891e+03
1.044619999999999891e+03
1.044619999999999891e+03
1.044619999999999891e+03
1.044619999999999891e+03
1.044619999999999891e+03
1.044619999999999891e+03
1.044619999999999891e+03
1.044619999999999891e+03
