-9.0756	1.34278	0.588689	0.377742	0.329082	0.215834	0.22892	0.164441	0.159918	0.140741	0.113089	0.166471	0.0864652	0.0566541	0.0816416	0.0955783	0.050213
-9.41076	1.39947	0.662569	0.44373	0.378307	0.270407	0.283792	0.218831	0.209312	0.179854	0.165612	0.217568	0.130083	0.0950803	0.115196	0.145121	0.0908412
-10.0603	1.31635	0.640986	0.416928	0.42192	0.38421	0.28993	0.271779	0.261013	0.250989	0.238143	0.246424	0.196827	0.182389	0.1713	0.188074	0.1792
-10.2396	1.21149	0.644213	0.393463	0.43296	0.433594	0.363657	0.341659	0.258551	0.214689	0.222928	0.262657	0.236446	0.206987	0.144139	0.169899	0.182997
-9.964	1.38569	0.581544	0.426309	0.354938	0.339241	0.28356	0.271286	0.221672	0.223793	0.212857	0.213628	0.19162	0.183704	0.160012	0.15856	0.169188
-10.2537	1.1889	0.617783	0.428021	0.387794	0.323157	0.280144	0.263068	0.218298	0.266918	0.206726	0.194545	0.185361	0.17608	0.175066	0.128124	0.202987
-10.5743	0.947098	0.636653	0.470987	0.477174	0.423919	0.364972	0.296615	0.261264	0.358085	0.301834	0.247607	0.181225	0.102128	0.0859609	-0.00265868	0.0847125
-10.4519	1.0603	0.640878	0.444558	0.401309	0.347361	0.287785	0.257775	0.228717	0.235029	0.20727	0.171996	0.149431	0.148845	0.159263	0.0756772	0.144664
-10.5029	0.978815	0.60399	0.422926	0.374205	0.324387	0.274279	0.255573	0.205409	0.24165	0.217858	0.131067	0.118797	0.17568	0.195353	0.14152	0.156282
-10.5179	1.00061	0.639972	0.482478	0.447372	0.389907	0.275226	0.26984	0.269773	0.292352	0.197047	0.131527	0.124821	0.188148	0.184126	0.135797	0.139666
-10.5645	0.93691	0.582122	0.475322	0.437808	0.399287	0.313577	0.345463	0.322276	0.308773	0.209799	0.179213	0.175399	0.188591	0.184096	0.168613	0.143104
-10.4414	1.03992	0.508164	0.386235	0.362382	0.297055	0.22757	0.270491	0.210192	0.18901	0.183455	0.183171	0.201048	0.178063	0.175101	0.132797	0.138787
-10.439	1.01068	0.497622	0.399817	0.377857	0.298618	0.191736	0.215197	0.116554	0.146922	0.180986	0.160676	0.247153	0.239868	0.188277	0.112546	0.17685
-10.5579	0.905677	0.546543	0.442097	0.387625	0.337986	0.256001	0.192146	0.100104	0.183372	0.222239	0.193827	0.249323	0.255129	0.165527	0.117562	0.226356
-10.5628	0.953005	0.572117	0.394127	0.331811	0.365407	0.303827	0.186478	0.15468	0.254313	0.285068	0.226224	0.162995	0.198619	0.161598	0.142553	0.20162
-10.5068	1.02714	0.643848	0.419404	0.331606	0.346893	0.307181	0.232777	0.191903	0.269845	0.242083	0.223351	0.152547	0.156138	0.104651	0.0742507	0.100278
-10.3245	1.15369	0.643666	0.41294	0.334474	0.31756	0.295884	0.223774	0.182827	0.214432	0.172395	0.200261	0.153078	0.187658	0.125007	0.0904234	0.071205
-10.2236	1.24878	0.634643	0.421091	0.384825	0.329891	0.300852	0.271621	0.236165	0.240575	0.198385	0.226729	0.169177	0.206861	0.173631	0.126938	0.137746
-10.5474	0.971421	0.564928	0.436274	0.478478	0.421215	0.339714	0.356485	0.332997	0.338461	0.288899	0.32711	0.224266	0.17844	0.201417	0.162554	0.209936
-10.0184	1.30367	0.547677	0.447205	0.390564	0.318877	0.241558	0.267902	0.266904	0.253946	0.207962	0.234585	0.181281	0.178006	0.200122	0.166496	0.167243
-9.98362	1.34217	0.579276	0.43518	0.350367	0.321731	0.272043	0.265461	0.24269	0.238939	0.19988	0.230929	0.202358	0.185043	0.190119	0.172833	0.168268
-10.2805	1.1711	0.620727	0.454325	0.385073	0.325727	0.296669	0.276324	0.271322	0.282666	0.205746	0.254837	0.245499	0.230493	0.238852	0.229456	0.199627
-9.93436	1.32672	0.564515	0.398083	0.34759	0.28843	0.267255	0.256682	0.238098	0.250503	0.208895	0.23177	0.209883	0.196807	0.164028	0.164572	0.175459
-10.2235	1.19206	0.647155	0.46077	0.455978	0.3714	0.287486	0.251634	0.249631	0.321091	0.246477	0.219821	0.216047	0.268823	0.193702	0.126463	0.153944
-10.3173	1.15306	0.633943	0.468334	0.508544	0.409226	0.269268	0.280662	0.30523	0.331705	0.245274	0.221473	0.200618	0.248764	0.198112	0.131538	0.175607
-10.076	1.29417	0.615266	0.435342	0.393441	0.339813	0.253423	0.286663	0.244773	0.249838	0.210459	0.188981	0.20618	0.192312	0.157286	0.143868	0.140139
-10.4614	1.04606	0.622623	0.392583	0.397652	0.385309	0.294408	0.344198	0.317317	0.289297	0.242831	0.195952	0.233753	0.161768	0.108035	0.153502	0.186455
-10.4137	1.13651	0.662727	0.394395	0.361362	0.356399	0.31068	0.314756	0.261819	0.233641	0.233556	0.19479	0.202907	0.133187	0.0876032	0.191455	0.215398
-10.3727	1.12937	0.593712	0.394426	0.408426	0.342062	0.263662	0.246026	0.215969	0.245635	0.263615	0.178627	0.17955	0.194101	0.164754	0.196686	0.138356
-10.4696	1.01596	0.609155	0.467208	0.525665	0.413158	0.250137	0.203967	0.223678	0.270026	0.22864	0.135224	0.133041	0.177166	0.162705	0.141275	0.159161
-10.422	1.05493	0.665279	0.462408	0.4312	0.406453	0.313293	0.22435	0.220561	0.252294	0.203331	0.143319	0.157836	0.16866	0.16754	0.114534	0.138201
-10.3864	1.03403	0.593558	0.388957	0.381131	0.390367	0.339484	0.219025	0.20536	0.238861	0.185751	0.153904	0.20464	0.218722	0.155156	0.128062	0.126545
-10.3948	1.06352	0.584953	0.349917	0.417495	0.413122	0.295947	0.222917	0.237516	0.305173	0.21399	0.174996	0.200916	0.256951	0.15637	0.105257	0.140466
-10.3781	1.05942	0.567566	0.397894	0.437104	0.396398	0.234921	0.2133	0.274893	0.27222	0.201925	0.207415	0.184699	0.207374	0.139255	0.0892867	0.147856
-10.4006	1.01697	0.5527	0.383414	0.297631	0.256144	0.21269	0.228713	0.212843	0.150211	0.167652	0.192959	0.1932	0.17286	0.146682	0.114962	0.151261
-10.4226	1.01344	0.544197	0.397693	0.310655	0.264857	0.231699	0.223989	0.225684	0.198558	0.192226	0.187807	0.185467	0.188445	0.166559	0.125983	0.131628
-10.3045	1.12131	0.587951	0.405896	0.314039	0.27825	0.230077	0.222749	0.203148	0.240317	0.187523	0.190072	0.201433	0.202763	0.183666	0.165891	0.141601
-10.3932	1.0036	0.594915	0.432185	0.333235	0.289907	0.224582	0.245327	0.240062	0.225437	0.195056	0.25625	0.225245	0.233856	0.236452	0.157491	0.159244
-10.2777	1.1215	0.5978	0.436591	0.331286	0.277798	0.190502	0.230716	0.224126	0.208165	0.22012	0.25851	0.187462	0.198187	0.212862	0.132894	0.138
-10.1397	1.25278	0.577121	0.401597	0.353833	0.306623	0.206576	0.236086	0.198819	0.227443	0.196967	0.161511	0.192762	0.211884	0.208857	0.123949	0.13612
-10.4219	1.06154	0.632881	0.473219	0.459829	0.381587	0.254718	0.293721	0.318418	0.344738	0.211557	0.188069	0.262614	0.243446	0.214972	0.0906736	0.140214
-10.1951	1.21926	0.573545	0.425188	0.401123	0.343117	0.252678	0.236042	0.315314	0.302101	0.231488	0.241354	0.2296	0.23399	0.208585	0.168883	0.164315
-10.2174	1.18947	0.612159	0.476135	0.395976	0.371994	0.304615	0.24807	0.276164	0.222394	0.232705	0.238023	0.187112	0.251486	0.168077	0.154599	0.163492
-10.4064	1.09377	0.604191	0.407853	0.419893	0.487634	0.437086	0.364653	0.288667	0.211526	0.223947	0.215197	0.153827	0.233297	0.0739212	0.103897	0.151405
-8.29203	1.68764	-0.34915	0.361924	0.203076	-0.00320903	0.237038	0.145753	0.234036	0.099624	0.115847	0.186858	0.107221	0.20163	0.0226843	0.193125	0.085081
-6.72949	1.73215	-0.716215	-0.226378	-0.0129589	0.0563443	0.322838	-0.0850332	0.273269	0.347539	-0.0455726	-0.306558	0.311423	0.00468042	-0.00856164	0.00169393	0.121012
-5.82384	1.57026	-0.769204	-0.217267	-0.0181387	-0.0124037	0.366456	-0.120741	0.358637	0.289205	-0.0665111	-0.31163	0.231403	-0.0320492	0.0192838	-0.0178779	0.0236689
-5.39572	1.67629	-0.679153	-0.150779	0.114645	0.0400658	0.382689	-0.129251	0.409978	0.257125	-0.0676507	-0.337706	0.183234	-0.0617272	-0.00256809	-0.120299	-0.0333342
-6.02742	1.47886	-0.418311	0.428659	0.519459	-0.144558	0.246528	-0.148122	0.448571	0.299339	-0.085093	-0.268431	0.214402	0.123334	0.133421	-0.177704	-0.291361
-5.37608	2.7841	-0.462296	-0.055101	0.171127	0.120957	0.41222	-0.303535	0.184486	0.165654	-0.0812528	-0.371825	-0.191892	0.0440947	-0.192767	-0.135885	0.000788201
-4.37039	3.02374	-0.229976	-0.394106	0.0246941	0.226341	0.325909	-0.273127	0.359006	0.134111	0.0205521	-0.294691	0.153411	-0.0928329	0.0400399	-0.0787061	-0.046916
-4.33474	2.95764	-0.39643	-0.356105	-0.432344	0.134344	0.214289	-0.712424	0.372456	0.0267839	-0.284117	-0.23394	-0.0489123	-0.342991	0.0619017	-0.164511	-0.298838
-4.35941	3.32916	0.0453306	-0.202137	-0.406736	0.295618	0.602202	-0.688487	0.462025	0.280443	-0.0305565	-0.183	0.132477	-0.124956	-0.0660196	0.00101969	0.046828
-5.05672	3.56922	0.340632	-0.0283424	-0.557453	0.372776	0.555259	-0.225625	0.236333	0.222119	0.327407	0.0400504	0.183856	-0.208405	0.190848	0.127804	-0.0272761
-5.5413	3.17507	0.362026	-0.123774	-0.509778	0.222828	0.239498	-0.403182	0.0639627	0.112971	-0.114219	-0.113232	-0.0569729	-0.278357	-0.0393229	0.0775081	0.0267316
-6.64516	3.20262	0.704148	0.266442	-0.260362	0.213057	0.202173	-0.208452	-0.108413	0.0705596	-0.116221	-0.146196	-0.194047	-0.220132	0.0352659	0.128375	-0.0130074
-7.5657	2.58075	0.938848	0.450489	0.074326	-0.0417665	-0.0309256	-0.143857	-0.109749	-0.0420956	-0.17948	-0.197923	-0.0956064	-0.0541764	-0.00341715	0.0383515	0.0926032
-7.89927	2.3904	0.837574	0.438696	0.173072	0.0812785	0.0064944	-0.0398064	-0.0181345	-0.0306456	-0.108859	-0.160637	-0.137799	-0.0268171	0.0196259	0.0411732	0.111699
-8.54816	2.54525	0.922312	0.380608	0.0810938	0.0673254	0.0362552	0.0414833	0.138362	0.0637086	-0.106466	-0.142261	-0.124018	0.00389218	0.084497	0.0303054	0.0680921
-9.23725	2.53426	1.17275	0.43284	0.091775	0.163698	0.117025	0.0289271	0.175326	0.134404	-0.0413696	-0.0721295	-0.133518	-0.106391	0.0563325	0.0130695	0.046545
-9.25322	2.0474	1.01085	0.687192	0.372932	0.194589	0.0671044	-0.0419305	0.0205288	0.0739873	0.0237455	0.0140874	-0.0952485	-0.0948269	0.0276494	0.0408665	-0.000288316
-9.64057	2.00568	1.15638	0.701719	0.339895	0.185869	0.0646876	0.0129487	0.019019	0.0465707	-0.0416438	0.034728	-0.166732	-0.178891	0.0475372	0.0598568	-0.0648656
-9.6947	1.84283	1.0316	0.632636	0.334573	0.187639	0.0824841	0.0528664	-0.0215501	0.00768455	-0.0938172	0.0284422	-0.0963973	-0.124362	-0.0589597	0.0163004	0.0325772
-10.002	1.65968	0.983774	0.65048	0.42571	0.160197	0.031582	0.0126278	-0.0726447	-0.0376427	-0.0181516	0.0866889	-0.10819	-0.165176	-0.0398543	0.00739397	-0.0173153
-9.98591	1.58269	0.853735	0.614736	0.506778	0.317354	0.188436	0.0613686	0.0347984	0.0342866	0.0245187	0.0839406	-0.0393411	-0.0440893	0.0662843	0.0228898	-0.0794077
-9.96965	1.45195	0.766355	0.606697	0.468635	0.324013	0.247123	0.132369	0.133758	0.0811539	-0.0289374	0.0610121	0.00204753	-0.0121392	0.0459038	0.0146332	0.0112725
-9.13387	1.2018	0.319483	0.354935	0.283555	0.318047	0.26919	0.2216	0.182682	0.16849	0.131426	0.103401	0.0885631	0.0544031	0.0463914	0.0522805	0.0351929
-7.56528	1.96849	1.03175	0.713755	0.0440737	0.0970635	-0.0668303	-0.259938	0.0538405	0.140099	0.0148729	0.053096	0.228609	0.0162662	0.0529532	-0.106443	0.0274847
-6.55766	1.77142	1.10065	0.956291	0.0955347	0.00571097	-0.262526	-0.114446	0.139381	0.0714324	0.02724	0.279535	0.218206	-0.118657	0.0674354	0.11096	0.0675859
-5.97224	1.45399	0.949854	0.805332	0.127308	0.242447	-0.277238	-0.101413	0.0379034	0.115135	0.0855767	0.265954	0.300034	-0.0726653	0.12784	0.175033	-0.00668032
-5.65672	1.17431	0.618377	0.598162	0.0557531	0.503576	-0.0846497	-0.0214804	0.0707255	0.155075	0.108947	0.183549	0.271908	0.0033088	0.0983183	0.208681	0.0447682
-5.54421	1.04494	0.303882	0.303218	-0.0739161	0.553257	0.0335638	-0.0132959	0.0665689	0.0688979	0.229447	0.208545	0.219038	-0.0141415	0.10118	0.264522	0.113499
-5.55465	1.09699	0.291264	0.265836	-0.149145	0.500008	0.139568	0.0518588	-0.0235213	-0.0408177	0.258849	0.116169	0.308003	0.062973	0.0907795	0.113822	0.0500011
-5.6189	1.00741	0.0948736	0.1274	-0.0763465	0.522744	0.188577	0.279713	0.037705	0.0606952	0.289758	0.0814679	0.231313	-0.0135644	0.0363965	0.0881876	0.0670666
-5.69718	1.13554	0.138312	0.0956484	-0.0395838	0.530289	0.194414	0.288736	0.0473078	-0.0130995	0.188264	0.0914677	0.263693	-0.116283	0.129982	0.0934672	0.0377341
-5.81625	1.20026	0.254625	0.0362075	-0.0350037	0.439749	0.0705948	0.179294	-0.0614529	0.0854217	0.241895	0.147184	0.385048	-0.101445	0.105025	0.0196201	-0.0792186
-5.78999	1.15157	0.252668	0.033674	-0.161776	0.322096	-0.0382691	0.187176	0.0562994	0.175708	0.206131	0.16993	0.349914	-0.0698956	0.11358	0.108816	0.0214829
-5.80201	1.11469	0.27354	-0.0167622	-0.116836	0.290128	-0.00629387	0.230621	0.0876117	0.238529	0.174613	0.287992	0.18253	-0.108345	0.110795	0.144617	0.112325
-5.82989	1.25334	0.201246	-0.0757557	-0.0578675	0.409742	0.174655	0.250044	0.112271	0.119856	0.0517479	0.211683	0.120829	-0.0969323	0.00164675	-0.0883313	0.130195
-5.9863	1.31916	0.31031	-0.131194	0.00654123	0.399088	0.118639	0.111834	-0.115088	0.0682852	0.113707	0.265728	0.233629	-0.0396508	-0.0771535	-0.261774	0.101448
-6.07464	1.39024	0.453403	-0.157772	0.00138027	0.428086	0.0686023	0.044877	-0.197708	0.10424	0.338499	0.280364	0.15612	-0.122436	-0.0476646	-0.120761	0.0180039
-6.20495	1.48363	0.610781	-0.179818	0.135728	0.385714	0.0943266	0.0300822	-0.0666152	0.000997099	0.223439	0.182113	-0.0987284	-0.262118	0.0149428	-0.140674	0.0214185
-6.59771	1.71307	0.710551	-0.0715575	0.209261	0.447279	0.33716	-0.174385	0.060018	-0.00536579	-0.0271731	-0.113156	-0.173617	-0.236125	0.0427891	0.19217	0.159653
-6.0797	2.12343	1.12822	-0.0595993	0.0790535	0.508973	0.169323	-0.067691	-0.086959	-0.0748704	-0.00163446	-0.129562	-0.0235396	-0.084163	0.0544005	0.0168841	-0.0513469
-5.58848	3.04827	1.56329	0.0315701	-0.276646	0.163987	0.264615	-0.287291	-0.12901	-0.196098	0.0730631	0.254349	0.0175853	-0.316443	0.0841631	0.247692	0.243418
-4.39007	3.47583	0.585943	-0.620038	-0.0865384	0.159938	-0.0336534	-0.295141	0.242324	-0.0617969	0.193903	0.0273848	-0.00548751	-0.240311	0.00888369	-0.176041	-0.252325
-3.95791	3.204	0.354614	-0.526228	-0.0120653	0.0190463	0.259677	-0.460394	0.171239	-0.0780851	0.345729	-0.121013	-0.0447403	-0.022457	-0.17731	0.0676438	-0.167708
-3.63709	3.05056	0.0619757	-0.151659	-0.331418	0.331762	0.014447	-0.314077	0.183185	0.0931474	0.100642	-0.20469	0.0174759	-0.0883553	0.13308	-0.0306798	0.00979313
-3.34629	2.72113	-0.0824954	-0.321822	-0.170796	0.0615412	0.177937	-0.535756	0.431875	0.10312	0.175033	-0.196386	-0.0230476	-0.0577778	-0.0760904	-0.120801	-0.161024
-3.30161	2.78199	-0.582094	-0.0256549	-0.294604	-0.0125477	0.133338	-0.591758	0.548336	0.0944077	0.206615	-0.0825078	-0.0381515	-0.10539	-0.209139	-0.170814	-0.320811
-3.12672	2.51551	-0.494063	-0.0530062	-0.242858	-0.0984472	0.0165382	-0.397727	0.40876	0.181826	0.152429	-0.139914	0.180334	-0.241827	-0.182281	-0.237558	-0.28205
-2.94911	2.09169	-0.254058	-0.112004	-0.379288	0.0190658	-0.15109	-0.34222	0.491741	0.102152	0.167817	-0.103703	0.224774	-0.218393	-0.28144	-0.313459	-0.306291
-2.99883	2.30087	-0.571728	0.083034	-0.398868	-0.0795117	-0.0685879	-0.395472	0.516445	0.0847531	0.194767	-0.0978443	0.23421	-0.199059	-0.346401	-0.315873	-0.346851
-3.04313	2.35849	-0.628601	0.06196	-0.374233	-0.132806	-0.070087	-0.391949	0.523874	0.155542	0.10607	-0.0272906	0.228123	-0.185656	-0.421068	-0.350769	-0.386893
-3.0391	2.30508	-0.624233	0.111472	-0.366329	-0.166773	-0.1065	-0.372448	0.51105	0.202384	0.0696037	-0.0309542	0.278186	-0.231441	-0.410267	-0.389261	-0.351465
-3.07275	2.43643	-0.630195	0.111802	-0.24228	-0.247506	-0.0349829	-0.431349	0.581367	0.167989	0.0279334	-0.0492302	0.219296	-0.181812	-0.320403	-0.368665	-0.209475
-3.14722	2.58847	-0.747099	0.32522	-0.339958	-0.101918	-0.199645	-0.322495	0.559821	0.153378	0.0316621	-0.140571	0.283984	-0.217359	-0.259409	-0.322377	-0.129993
-3.19531	2.67044	-0.760602	0.300155	-0.218706	-0.228181	-0.168953	-0.318326	0.528721	0.188383	0.0513859	-0.190034	0.306896	-0.219865	-0.271538	-0.302611	-0.177063
-3.2016	2.6192	-0.752702	0.38318	-0.273321	-0.223774	-0.167862	-0.353176	0.547097	0.196386	0.0622764	-0.160681	0.274164	-0.182451	-0.373616	-0.27081	-0.271084
-3.33719	2.71586	-0.56436	0.207346	-0.0648725	-0.287829	-0.219468	-0.31322	0.515542	0.158445	0.15608	-0.274803	0.318608	-0.141	-0.430865	-0.1918	-0.281231
-3.45869	2.77756	-0.557833	0.156381	-0.0306292	-0.315385	-0.26306	-0.310025	0.42276	0.252365	0.116871	-0.133528	0.362247	-0.329805	-0.3464	-0.455612	-0.321893
-3.59726	2.93861	-0.431493	0.199757	-0.0923607	-0.0201671	-0.477948	-0.122857	0.192311	0.304799	0.0406884	-0.1283	0.319395	-0.172815	-0.385974	-0.276531	-0.228963
-3.77945	2.93053	-0.506825	0.365858	-0.363884	0.143058	-0.532631	-0.304135	0.458574	0.0547321	0.305887	-0.113215	0.360195	-0.253768	-0.638252	-0.315559	-0.526875
-3.99178	2.91357	-0.225878	0.338945	-0.310315	0.400183	-0.639141	-0.318246	0.347724	0.100979	0.186974	-0.0695519	0.359737	-0.22359	-0.538572	-0.249556	-0.443428
-4.10919	2.73073	0.39771	0.295662	0.0962242	0.610671	-0.635707	-0.281012	0.0208887	0.125355	-0.264279	0.110337	0.313176	-0.113105	-0.0267777	-0.0540076	0.0515318
-4.22171	2.34507	0.980144	0.117376	0.471457	0.52951	-0.435168	-0.421705	-0.0341182	-0.149861	-0.0682561	-0.0827463	0.495713	-0.134254	0.120268	0.0816032	0.0685963
-4.38208	2.06113	0.915786	0.323633	0.373676	0.539031	-0.363575	-0.216185	-0.49171	0.0809362	-0.183232	0.0581941	0.444413	0.112948	-0.179822	-0.13387	-0.150013
-4.42147	1.68759	1.46084	0.18468	0.0284886	0.616761	-0.238596	-0.105884	-0.317157	-0.182019	-0.0186161	0.105293	0.240943	-0.0880691	0.0819097	-0.0193181	-0.448498
-4.40075	1.44065	1.50253	0.348687	0.240261	0.368934	-0.318864	0.129956	-0.252636	-0.166975	-0.26319	0.0326368	0.356032	0.173205	-0.180874	-0.0671371	-0.187064
-4.55928	1.32739	1.82372	0.348836	0.0993976	0.406752	-0.240906	-0.0695049	-0.00955408	-0.229326	-0.160986	-0.0812003	0.390315	0.0609585	-0.0999743	-0.144089	-0.0253155
-4.57018	1.21602	1.60912	0.597694	0.391927	0.482282	-0.360919	-0.268062	-0.0897932	-0.137866	-0.182008	0.104529	0.276174	-0.0211678	-0.107357	0.0612998	0.0624204
-5.00162	1.25295	1.82741	0.576882	0.364665	0.495083	-0.498422	-0.0911441	-0.180689	-0.382025	0.211956	0.213239	-0.00633347	0.0715716	-0.2968	0.0566313	-0.148402
-4.80357	0.697333	1.92316	0.862813	0.512546	0.528383	-0.753235	-0.145329	0.0029212	-0.0568248	-0.312122	0.00127711	0.285735	0.256076	-0.0866002	-0.302346	-0.0430516
-4.73322	0.927162	1.95405	0.721413	0.45167	0.154897	-0.690308	0.185097	0.124124	-0.159077	-0.121661	-0.244956	0.238378	0.242854	-0.201737	-0.0592209	-0.0509627
-4.57495	1.40276	1.80039	0.493007	0.179354	0.358038	-0.247319	0.209724	0.141081	-0.251845	-0.0153637	-0.488678	0.192291	0.113449	0.0903536	-0.41967	-0.330665
-4.36398	1.89551	1.42886	0.388607	0.14202	0.667049	-0.294594	0.131289	0.172434	-0.195137	-0.523734	0.0215663	0.18772	0.0803773	-0.13906	-0.0930202	-0.319889
-4.26448	2.26353	1.00816	0.629513	0.139772	0.826415	-0.376434	-0.150612	-0.152831	-0.0134535	-0.145468	-0.129361	0.298793	0.000346848	-0.107402	-0.189161	-0.0168737
-4.29624	2.81607	0.77049	0.452029	0.074742	0.650326	-0.389985	-0.129519	0.117931	0.0537398	-0.307646	-0.131847	0.28623	-0.105115	-0.0196299	-0.291867	0.176943
-4.11716	2.73582	0.871597	0.13882	0.251245	0.757788	-0.289135	0.184315	0.0163651	0.0536818	-0.623518	-0.161379	0.247335	0.208317	-0.0326441	-0.48227	-0.411892
-4.10699	3.26647	-0.00184069	0.5043	0.510607	0.248432	-0.0329471	0.047317	0.128784	-0.105577	-0.355508	-0.362626	0.496264	-0.126814	0.0351463	-0.278127	-0.37037
-3.73871	2.85053	-0.0967332	0.826673	0.13569	0.597553	-0.147216	0.0254138	0.369994	-0.320959	-0.345029	-0.369673	0.393828	0.0926493	-0.112991	-0.246633	-0.528074
-3.76137	2.98361	-0.238078	0.889453	0.0558356	0.529971	-0.123532	-0.0255623	0.428805	-0.278435	-0.350317	-0.380756	0.394217	0.0546091	-0.0948879	-0.185663	-0.439843
-3.83768	3.06431	-0.303325	0.832742	0.177616	0.346054	0.00382604	0.00192378	0.412368	-0.24008	-0.425182	-0.310293	0.331458	0.0227377	-0.0670255	-0.153473	-0.465915
-3.65676	2.67175	-0.139898	0.864714	0.104965	0.410831	0.0608863	-0.00516389	0.522115	-0.391777	-0.330442	-0.389099	0.279475	0.0847168	-0.0846834	-0.117756	-0.566718
-3.80959	2.85147	-0.241026	0.925621	0.154688	0.257161	0.14945	-0.14325	0.468725	-0.252761	-0.40521	-0.15028	0.112441	0.0378033	-0.0858331	0.00333003	-0.279751
-3.75014	2.61905	-0.148331	0.989125	0.107312	0.337563	0.15722	-0.105703	0.515335	-0.374233	-0.28784	-0.25322	0.148011	-0.0352753	-0.0526187	0.00617433	-0.300535
-3.75447	2.4984	0.0427586	0.937358	0.148159	0.181744	0.205683	-0.191719	0.513738	-0.455669	-0.195402	-0.117229	0.136447	-0.130574	-0.00544951	-0.0402328	-0.0105232
-4.04802	2.86906	0.0902642	1.02162	0.130398	0.158588	0.101419	-0.177286	0.360785	-0.286383	-0.26694	-0.0485741	0.208241	-0.200201	0.0343927	-0.145157	-0.0492926
-4.6384	3.01211	0.783934	1.13187	0.632063	-0.135978	-0.15181	0.0697736	0.304607	-0.680199	-0.17207	-0.0796742	0.488476	0.102583	-0.170182	-0.395752	-0.3517
-4.77659	3.46785	0.768937	0.824595	0.768158	-0.151131	-0.314537	0.307882	-0.0196264	-0.599705	0.00571858	-0.12336	0.587218	-0.118966	-0.106524	-0.278986	-0.204481
-4.65936	3.30742	0.712608	0.910016	0.640457	-0.0730718	-0.215046	0.213296	-0.0223657	-0.54489	-0.0271413	-0.0514037	0.481357	-0.129373	-0.105386	-0.194945	-0.384925
-4.63102	3.21616	0.762831	0.821929	0.712084	-0.0771616	-0.220408	0.281652	-0.106532	-0.484136	-0.0429571	-0.0579057	0.463172	-0.144263	-0.117637	-0.0624319	-0.594007
-4.62124	3.24652	0.781628	0.881637	0.627386	0.0300631	-0.411492	0.22766	-0.198885	-0.492476	0.0589079	0.0682912	0.465085	-0.216893	-0.0689461	-0.0535676	-0.176673
-4.61816	3.18795	0.765042	0.823032	0.713925	-0.0162741	-0.234677	-0.0280401	0.0950172	-0.682799	0.1615	-0.0239998	0.44071	-0.152853	-0.0849442	-0.0763402	-0.357986
-4.57357	3.04154	0.853271	0.837701	0.67976	0.0271536	-0.285024	0.0163002	-0.0546415	-0.578131	0.15761	-0.0425235	0.4447	-0.0984273	-0.0655764	-0.123173	-0.294343
-4.5762	2.9418	0.867066	0.810806	0.734484	0.0296408	-0.244647	0.0209851	-0.181904	-0.464967	0.210015	-0.195598	0.452805	-0.0212276	0.0167284	-0.223065	-0.442354
-4.77321	3.02191	0.951189	0.828384	0.784524	0.0388486	-0.332138	-0.0113963	-0.215051	-0.563112	0.265605	-0.104463	0.377689	0.188948	-0.0541181	-0.296626	-0.233071
-4.94774	3.03233	0.837693	1.019	0.906123	0.159549	-0.458848	-0.258328	-0.170769	-0.765677	0.402245	-0.0897561	0.645854	0.0360578	0.0683733	-0.436767	-0.0751475
-4.88841	3.14032	0.947491	0.569089	0.663625	0.0641923	-0.449378	-0.139952	0.0583939	-0.566069	0.351934	-0.225784	0.345896	0.119802	0.0824865	-0.229408	-0.0806624
-5.50853	3.31449	1.29614	0.450169	0.477263	0.255508	-0.537669	-0.174625	-0.00360079	-0.503702	0.339291	-0.189238	0.237268	0.145284	0.336533	-0.241338	-0.0901571
-5.79456	2.98301	1.43818	0.676583	0.511595	0.229679	-0.31001	-0.112107	-0.106024	-0.497357	0.230302	0.082167	0.197486	-0.122946	-0.0492811	-0.0589405	0.3098
-6.65594	3.29021	1.46349	0.801642	0.446487	-0.0714099	-0.226229	0.0807754	-0.341559	-0.485637	0.490359	0.0779303	0.0162022	-0.16557	0.0449747	-0.131556	0.309126
-6.04242	2.13662	0.565208	1.11402	0.628124	0.0380886	0.0865475	-0.215655	-0.54054	0.132428	-0.0396969	-0.0555327	0.274826	-0.0679653	-0.00128665	-0.20805	-0.293204
-7.11798	3.33072	0.740071	0.884156	0.416309	-0.181177	0.0579454	-0.15114	-0.206559	0.0257012	0.124176	-0.314872	0.339389	-0.277637	0.0219086	-0.0966647	0.326423
-8.24199	2.72614	1.40136	1.46678	0.353716	-0.237919	0.0271992	-0.634465	-0.382978	0.187448	0.251271	0.0262121	0.101268	-0.155112	0.00275769	-0.109731	0.163049
-7.96101	2.01227	0.859686	0.733551	0.193194	-0.0302829	-0.0486234	-0.213893	-0.160793	-0.0518383	-0.169949	-0.0979695	0.0915989	0.095751	0.0886607	0.167054	0.192487
-8.67349	2.24621	0.918282	0.65538	0.297006	0.0371458	-0.0193865	-0.144076	-0.221186	-0.126694	-0.0603497	-0.0529285	0.00831081	0.0261555	0.0502	0.0729183	0.102681
-9.37361	2.16348	1.05712	0.984647	0.565714	0.0730243	-0.0317345	-0.0853152	-0.220935	-0.164319	-0.0464303	-0.0529212	0.0415243	0.112027	0.041417	-0.020106	0.0389267
-9.01633	1.71291	0.551582	0.914561	0.522151	0.077809	0.0295213	0.0128066	-0.142338	0.0480968	-0.0202525	-0.103914	0.18488	0.216686	0.0827396	-0.0097717	0.179842
-8.96614	1.60444	0.357516	0.868147	0.546187	0.0822189	0.0609749	0.0492827	-0.0808167	0.160627	0.0706219	-0.0476749	0.21825	0.207707	0.100052	0.034615	0.232332
-9.27091	1.58882	0.422558	0.763334	0.578525	0.124183	0.114659	0.146296	0.0199503	0.16317	0.129294	-0.0205271	0.159822	0.209746	0.128899	0.0535431	0.189568
-9.35808	1.55359	0.52019	0.507556	0.438704	0.257622	0.136384	0.176783	0.116123	0.112459	0.108876	0.0437248	0.0644391	0.133097	0.145201	0.07908	0.151399
-9.87853	1.42946	0.693908	0.574206	0.515514	0.36642	0.109459	0.11106	0.0981852	0.103273	0.0079141	-0.0698787	-0.00868467	0.0218585	0.130772	0.0584312	-0.00914021
-9.95376	1.37807	0.707721	0.543899	0.526924	0.52566	0.196004	0.0726069	0.105604	0.184904	0.0577946	-0.0222388	-0.027804	0.0904391	0.183657	0.0360256	-0.00573465
-9.6999	1.10675	0.615163	0.583433	0.341858	0.515072	0.204431	0.104671	0.16792	0.319774	0.0842927	0.148651	0.0173497	0.153949	0.168153	0.0873683	0.119157
-9.58644	0.892826	0.542466	0.603348	0.322041	0.638499	0.253374	0.0313536	0.0814885	0.275865	0.0568234	0.184674	-0.0122985	0.0912996	0.131501	0.16485	0.223793
-9.61848	1.02732	0.558036	0.500926	0.24943	0.610538	0.283291	0.0564961	0.089131	0.230939	0.222866	0.206907	0.0191358	0.0843527	0.12614	0.249855	0.318873
-7.80154	2.02822	-0.38744	-0.436779	0.00260609	0.570825	0.0251229	0.291203	-0.236039	0.0641665	0.179165	0.272203	0.346112	0.161513	0.183656	-0.00331598	0.0999497
-6.7764	2.25664	-0.456277	-0.736149	-0.355846	0.387349	-0.0908422	0.316634	-0.328456	0.00353979	0.109449	0.230959	0.324955	0.0770565	0.133919	-0.0562331	0.210716
-6.51166	2.38734	-0.41506	-0.92382	-0.419767	0.359516	-0.11621	0.311132	-0.439121	-0.0937677	0.128167	0.221419	0.344735	-0.00669603	0.210334	-0.0933381	0.226779
-6.66257	2.56115	-0.103819	-0.826272	-0.218153	0.526289	0.0346708	0.389007	-0.409235	-0.101343	0.1671	0.19455	0.350781	-0.0474334	0.157198	-0.205255	0.230803
-7.00263	2.12375	0.214176	-0.589655	-0.00337039	0.610621	0.231607	0.453387	-0.455133	-0.185601	0.0101123	0.154501	0.3494	-0.0514158	0.142541	-0.234325	0.250202
-6.89807	1.68281	0.103071	-0.575166	-0.0470852	0.428107	0.208331	0.315244	-0.435986	-0.195857	0.0159204	0.0811604	0.328246	0.0722937	0.181666	-0.263987	0.194131
-6.86972	1.59963	0.130627	-0.577176	-0.102971	0.243563	0.114589	0.191052	-0.445198	-0.258867	-0.00394446	0.0691466	0.269743	-0.0133788	0.118171	-0.24501	0.217561
-6.8053	1.67767	0.0214092	-0.576454	-0.0448112	0.418017	0.235269	0.0915552	-0.411353	-0.271595	-0.0579863	-0.073591	0.14336	-0.0487678	0.229232	-0.377192	0.00132259
-6.45418	1.85626	0.0667335	-0.442322	-0.12565	0.253346	0.129331	-0.107615	-0.324171	-0.239592	-0.118003	-0.102997	0.0507078	-0.131026	0.0410284	-0.243267	-0.00184142
-6.82042	2.61126	0.627995	-0.0441148	0.269193	0.764365	0.743228	-0.342456	-0.0420839	-0.337973	-0.195707	-0.318718	0.246604	0.0347304	0.127176	0.203087	0.552052
-6.29304	3.69543	1.00795	0.295183	0.17815	-0.113723	0.268268	0.0196579	-0.00431852	-0.401196	0.08254	-0.0824577	-0.010562	-0.0922654	0.152676	0.332258	0.462014
-4.769	4.18117	0.165335	-0.202787	0.00535331	-0.0430994	0.0469851	0.218772	0.00993677	-0.690395	0.326342	0.124102	0.0356429	-0.242548	0.367895	-0.342412	0.272279
-4.45065	3.98966	-0.116079	-0.12335	0.167519	-0.286626	0.0264541	-0.0825075	0.242211	-0.567886	0.351321	-0.0742166	0.273623	-0.365649	0.336357	-0.274906	0.250583
-4.17599	3.85369	-0.564614	-0.170973	-0.0494684	-0.208816	0.146453	-0.154504	0.222885	-0.670328	0.473641	0.0369393	0.291618	-0.289029	0.177471	-0.470178	0.0197987
-4.17933	3.74049	-0.538345	-0.119684	-0.0244533	-0.392115	0.234355	-0.273723	0.279945	-0.600126	0.387213	0.142583	0.321165	-0.193973	0.137241	-0.624576	-0.00995153
-4.00419	3.56324	-0.591468	-0.0640369	0.0293941	-0.237819	0.122815	-0.376931	0.354448	-0.547234	0.605609	0.0533694	0.124357	-0.341439	0.26167	-0.434428	-0.00112164
-3.95993	3.55931	-0.88043	-0.0638665	0.0366828	-0.195851	-0.0128585	-0.306703	0.116041	-0.334281	0.491268	0.172556	0.0464146	-0.316181	0.165092	-0.372176	-0.154813
-3.81913	3.61328	-1.09739	-0.0634611	0.134056	-0.17911	0.00756144	-0.361696	0.262517	-0.379728	0.526288	0.104039	0.103384	-0.471926	0.318563	-0.489788	0.026285
-3.64185	3.39235	-1.17136	-0.0448396	0.0271212	-0.118608	-0.198325	-0.186798	0.238132	-0.275672	0.438654	0.0175681	0.100529	-0.278658	0.205852	-0.369461	-0.260468
-3.56361	3.31906	-1.52216	0.0477971	-0.139762	-0.198759	-0.149136	-0.368093	0.399367	-0.381051	0.456631	-0.190393	0.146464	-0.243049	0.200557	-0.29967	-0.593895
-3.37848	3.15367	-1.46264	-0.0417435	0.0605716	-0.306165	-0.0330541	-0.295382	0.45011	-0.203037	0.274503	-0.106631	0.00611085	-0.150186	0.170675	-0.316434	-0.354875
-3.29044	3.00872	-1.40142	0.0462273	0.0467082	-0.391405	0.117412	-0.37054	0.642341	-0.342066	0.379931	-0.249775	0.119648	-0.255741	0.196922	-0.340844	-0.179609
-3.37307	2.96413	-1.58051	0.125502	-0.205232	-0.371433	-0.101128	-0.269	0.450352	-0.297886	0.171593	-0.236971	-0.00936523	-0.16587	0.0242074	-0.211549	-0.385834
-3.38248	2.89646	-1.56506	0.132761	-0.16723	-0.456961	-0.051752	-0.25542	0.449904	-0.314212	0.17528	-0.272533	0.00485081	-0.247321	0.0321547	-0.203652	-0.32023
-3.30971	2.79544	-1.50091	0.0530886	0.0140693	-0.601299	0.135686	-0.304158	0.432666	-0.23104	0.0970524	-0.205595	-0.0357977	-0.253505	0.052991	-0.211632	-0.227998
-3.33482	2.8394	-1.54676	0.044258	0.0322424	-0.587761	0.181595	-0.26634	0.362745	-0.230868	0.121054	-0.279083	0.0683025	-0.324539	0.0946311	-0.214853	-0.210383
-3.32661	2.9256	-1.74978	0.103325	0.0397716	-0.541851	0.243269	-0.264266	0.249522	-0.103782	-0.0959215	-0.089327	-0.0874569	-0.129899	-0.0305057	-0.142622	-0.24306
-3.28208	2.87771	-1.67664	0.144814	0.0848794	-0.494552	0.379187	-0.269875	0.31912	-0.165373	0.0366121	-0.187449	0.088657	-0.169041	0.0526051	-0.228596	-0.117377
-3.29551	2.87054	-1.74726	0.188638	0.0562212	-0.461067	0.411177	-0.257281	0.239249	-0.103853	-0.0647467	-0.148676	0.0918186	-0.126689	0.0367481	-0.245979	-0.131949
-3.21232	2.76634	-1.62337	0.203306	0.120958	-0.38533	0.499466	-0.213004	0.245731	-0.0416761	-0.0655146	-0.0635271	0.0981081	0.00193553	0.0103475	-0.217423	-0.0741057
-3.29784	2.7477	-1.67052	0.171364	0.0648761	-0.400768	0.466005	-0.222617	0.138737	-0.0388192	-0.165676	-0.100345	0.0692503	0.0129897	-0.0224027	-0.207226	-0.174115
-3.25626	2.70913	-1.49277	0.180087	0.110886	-0.276601	0.497356	-0.0744131	0.117668	0.120266	-0.265998	0.0366098	0.0642217	0.116254	-0.00363209	-0.174398	-0.0725368
-3.30502	2.61828	-1.4808	0.104257	0.0354348	-0.297205	0.467538	-0.168596	0.142345	0.0208577	-0.285789	-0.0455555	-0.0489631	0.190864	-0.126625	-0.0751202	-0.214812
-3.38376	2.61542	-1.45876	0.0408071	0.0392487	-0.30824	0.457252	-0.170234	0.119417	-0.0147591	-0.26428	-0.144737	-0.00945238	0.11896	-0.111494	-0.0812884	-0.240663
-3.41481	2.69506	-1.31086	-0.0217424	0.213068	-0.323566	0.567057	-0.146571	0.159444	0.127876	-0.269218	-0.0235309	-0.0931512	0.29016	-0.136909	-0.0527556	-0.145408
-3.30181	2.54956	-1.22498	-0.011484	0.177673	-0.225647	0.499441	-0.052506	0.137874	0.146312	-0.210958	-0.053739	-0.0376622	0.234194	-0.080157	-0.0751539	-0.0955638
-3.32754	2.57745	-1.14142	-0.0392605	0.207172	-0.22804	0.592973	-0.113052	0.21341	0.138227	-0.166867	-0.0331915	-0.0231357	0.262351	-0.0690663	-0.103158	-0.0419624
-3.39868	2.67086	-1.07877	-0.119071	0.284628	-0.262283	0.614324	-0.0916158	0.204353	0.193309	-0.203567	0.0241099	-0.0517019	0.277446	-0.050542	-0.0898148	-0.0449636
-3.36718	2.68914	-1.04665	-0.0582266	0.279571	-0.211042	0.687405	-0.0997261	0.239426	0.227297	-0.159627	0.0557215	-0.0364104	0.337599	-0.0587728	-0.0815921	0.0237979
-3.3643	2.66461	-0.982049	-0.0731906	0.272117	-0.179606	0.588971	-0.000492611	0.242185	0.165537	-0.0758582	0.00253819	-0.0286948	0.356668	-0.0886387	-0.0610133	0.0219933
-3.43796	2.67244	-0.924975	-0.114782	0.245979	-0.210742	0.568158	-0.00490184	0.207035	0.179425	-0.183541	0.0756027	-0.0955082	0.400054	-0.173348	-0.0186665	-0.0306415
-3.51994	2.8233	-0.955886	-0.0891229	0.284451	-0.173905	0.577365	-0.0561988	0.327766	0.114487	-0.0914841	0.0247654	-0.0421774	0.403291	-0.168907	-0.038684	0.0283288
-3.62558	2.90183	-0.865618	-0.165035	0.294766	-0.197358	0.626443	-0.0854173	0.273614	0.186731	-0.160794	0.0774276	-0.128373	0.455889	-0.193575	-0.051219	0.0288404
-3.68186	3.01006	-0.840022	-0.136011	0.400843	-0.199377	0.683245	-0.0693167	0.322655	0.223749	-0.146311	0.0723767	0.00681898	0.351854	-0.0988358	-0.070565	0.0921307
-3.91335	3.20362	-1.03351	-0.104812	0.209216	-0.155302	0.501996	-0.0738035	0.208721	0.0933876	-0.0835866	-0.13569	-0.0643601	0.357293	-0.231282	-0.00473656	-0.0904268
-3.92593	3.05443	-0.58884	-0.328265	0.242164	0.0454663	0.447779	-0.108896	0.295164	0.100343	-0.0399117	-0.237996	0.151932	0.284975	-0.230251	0.0696181	-0.0806232
-4.22027	3.29141	-0.373929	-0.443777	0.284405	0.117033	0.549981	-0.253733	0.392623	0.171409	-0.244052	0.0195781	0.0559078	0.271025	-0.149503	0.0150387	-0.014196
-4.28781	3.25477	-0.34002	-0.336638	0.269798	0.044431	0.526387	-0.0778951	0.148404	0.218753	-0.140707	-0.0964116	0.048339	0.27299	-0.132144	-0.0178138	-0.00156787
-4.22688	3.15198	-0.347228	-0.163528	0.335519	-0.0128774	0.527093	-0.018608	0.197279	0.184727	-0.116188	-0.0374497	-0.0328855	0.493896	-0.293602	-0.00333566	0.0654938
-4.08664	2.9653	-0.667897	-0.0719907	0.0778165	0.0826415	0.238531	-0.0324351	0.171997	0.106163	-0.313913	-0.0261607	0.0496386	0.104222	-0.279039	0.103436	-0.194587
-4.38293	2.99923	-0.30769	0.0578464	0.0387419	0.241586	0.250834	-0.119872	0.416754	0.0188512	-0.204486	-0.207066	0.190838	0.261127	-0.282156	0.0502466	-0.126425
-4.58467	3.05286	0.0369507	-0.0340149	0.278453	0.0937816	0.180348	0.0847029	0.217638	0.161048	-0.0551645	0.0178167	-0.112882	0.470848	-0.319961	-0.0255604	-0.0307659
-5.09358	3.10797	0.298158	0.336135	0.268475	0.0573398	0.00917497	0.140605	0.321576	0.106683	0.328248	-0.338696	0.0396031	0.466208	-0.435042	0.0381336	-0.00384795
-5.10927	2.32046	0.248442	0.387933	-0.0763884	0.151838	-0.312263	0.255423	0.199353	-0.100116	-0.0662669	-0.347618	-0.0664901	0.171817	-0.217381	-0.277836	-0.236349
-5.42573	1.07244	0.809938	0.79868	0.394967	0.921133	0.160836	0.657819	0.238001	0.263033	0.0440945	0.11266	-0.00536413	-0.0469663	0.111186	-0.114063	-0.0702549
-5.56264	0.469509	1.30424	0.780988	0.346638	0.694721	0.318044	0.484363	-0.0659309	0.292573	0.132767	0.113688	0.115321	0.270916	0.312944	-0.224956	-0.22674
-5.83677	0.0991051	1.10788	0.503111	0.0141083	0.295747	0.0175784	0.280336	-0.0282124	0.0519941	-0.0676634	-0.0404824	-0.138722	-0.00898396	0.049499	-0.346955	-0.0491786
-5.75796	-0.683939	0.875352	0.346729	0.0674269	0.286511	-0.207073	0.178337	-0.113091	-0.0372691	-0.280784	-0.112061	0.0120873	-0.241475	-0.119135	-0.290662	0.00523917
-5.69622	-0.789954	0.956511	0.21651	0.105922	0.390587	-0.075226	0.298066	-0.0611397	-0.0384532	-0.125896	-0.0679769	0.183565	-0.175535	-0.134096	-0.198303	-0.0195839
-5.70647	-0.842667	0.913675	0.224546	-0.0181779	0.323288	0.089599	0.461544	0.0321637	0.105049	0.0340076	-0.0230036	0.177149	-0.137034	-0.0912554	-0.0659688	0.0588459
-5.64221	-0.809656	0.73057	0.0431614	0.0141096	0.344803	-0.0243837	0.382635	0.0508146	0.00207833	0.0132151	-0.00291427	0.223123	0.0561353	-0.00803244	0.00649304	0.060685
-5.64211	-0.818888	0.822903	0.144159	0.0241127	0.385505	-0.0549162	0.373314	0.0732988	0.000783	-0.05459	0.0249143	0.263672	0.126396	-0.0536289	-0.180114	0.00432155
-5.702	-0.906395	0.996392	0.0495397	0.0871964	0.472391	0.00876139	0.336334	0.0797506	0.120114	-0.0486281	-0.0834006	0.201671	0.143942	0.06857	-0.196367	0.0198466
-5.78292	-0.968564	1.06081	-0.0249773	0.312283	0.47122	-0.0829886	0.368993	0.196313	0.248081	0.00724744	-0.0342467	0.234236	-0.0600911	0.0848804	-0.00924432	0.101601
-5.77399	-0.962993	1.11219	-0.0948849	0.113996	0.370929	-0.0449097	0.419075	0.202975	0.123918	0.0709123	-0.0797286	0.184177	-0.013753	0.103189	0.0968952	0.196996
-5.63308	-1.00324	0.916697	-0.0711012	-0.0291615	0.329646	-0.0382184	0.46527	0.183758	0.125638	0.010311	-0.17865	0.132471	-0.044774	0.00647596	0.0144221	0.0925653
-5.18392	-0.635481	0.932169	0.0805285	0.00707846	0.487982	-0.0806177	0.333212	0.32131	0.112932	0.10824	-0.157767	0.232212	-0.0226829	-0.0756968	0.093817	-0.0212459
-4.84821	-0.176059	1.01869	0.420072	0.0769617	0.529934	-0.0239895	0.184451	0.420804	-0.0802734	0.0767868	-0.175137	0.0797842	0.0642236	-0.204875	0.0913303	-0.137241
-4.91275	0.228534	1.00838	0.715155	0.0956565	0.572473	0.0271418	0.105469	0.391756	-0.0837951	-0.0719263	-0.0382658	0.114063	0.190265	-0.17948	-0.00336812	-0.139625
-5.52163	0.552778	0.969449	0.9819	0.138553	0.524058	0.0158158	0.0884797	0.319414	-0.0368545	-0.202106	0.125487	0.170848	0.209306	-0.0964766	0.0196881	-0.0703815
-6.59791	0.849629	0.804595	0.93622	0.215816	0.518281	0.132955	0.111941	0.147511	0.0423803	-0.0147617	0.230521	0.220554	0.0692326	-0.0395515	0.05584	0.0411056
-7.62389	0.897418	0.695431	0.896577	0.24837	0.454203	0.0874169	0.190709	0.0833394	-0.0806313	0.200445	0.0932947	0.152034	0.136382	0.152178	0.319142	0.111794
-8.07158	1.35791	0.662746	0.540975	0.197981	0.467201	0.160556	0.144805	0.167517	-0.0275334	0.173559	0.0607862	0.0888313	0.205548	0.0703665	0.184677	0.219063
-8.94398	1.33449	0.873164	0.672045	0.257046	0.555883	0.126569	0.211429	0.294013	0.0415174	0.237028	0.0899497	0.171325	0.241344	0.0912911	0.288108	0.190771
-8.87499	1.4781	0.603646	0.532202	0.274816	0.397314	0.156559	0.197162	0.223495	0.0707286	0.22232	0.107285	0.136093	0.20709	0.120248	0.22172	0.167871
-8.94219	1.47846	0.549399	0.460677	0.298172	0.327161	0.201427	0.217921	0.183648	0.136045	0.176918	0.123344	0.139408	0.13719	0.119478	0.15431	0.137414
-9.67542	1.40547	0.673847	0.565292	0.392081	0.439137	0.240592	0.191172	0.181115	0.158322	0.162819	0.123649	0.1075	0.165684	0.0888644	0.19161	0.137134
-9.44451	1.30562	0.407792	0.389597	0.320914	0.279784	0.232403	0.15857	0.133586	0.210639	0.173255	0.174539	0.181182	0.128901	0.0784812	0.159471	0.144863
-9.5719	1.25231	0.392163	0.430371	0.323872	0.219358	0.290646	0.233084	0.168098	0.244837	0.198256	0.153282	0.169083	0.14719	0.125248	0.194844	0.20163
-9.72932	1.38513	0.537203	0.50803	0.357825	0.375387	0.315594	0.221357	0.242319	0.261863	0.225054	0.185619	0.175123	0.131456	0.133445	0.121701	0.101709
-9.90486	1.3608	0.636678	0.522822	0.356655	0.385153	0.295973	0.261821	0.246223	0.228156	0.225332	0.163511	0.171489	0.118032	0.13049	0.106322	0.0681262
-10.1434	1.21966	0.561442	0.405587	0.312541	0.346772	0.304226	0.193039	0.16904	0.234056	0.184029	0.123199	0.155733	0.116396	0.116612	0.0702613	0.0223071
-7.75694	1.67657	0.360154	0.448772	0.13364	0.37748	0.112971	0.0956829	0.142139	0.0834529	0.141962	0.225207	0.136161	0.317968	0.0877325	0.134237	-0.0198289
-6.64056	1.75949	0.603622	0.200434	0.151697	0.482648	0.0505179	-0.0305336	0.219082	-0.0020704	0.208074	0.00657048	0.282927	0.281808	0.182311	0.0346451	-0.126605
-6.15731	1.62154	0.696301	0.296705	0.120949	0.587954	0.186702	-0.111496	0.322458	0.025726	0.265276	0.0681583	0.432897	0.367101	0.237482	0.132494	-0.175003
-6.04989	1.47591	0.733636	0.267329	0.0628712	0.632896	0.260413	0.0593462	0.331791	0.100101	0.294346	0.17612	0.350165	0.148108	0.176493	0.187983	-0.0177849
-6.14883	1.33512	0.583218	0.290378	0.0595433	0.734664	0.189321	0.105275	0.331553	0.238746	0.498694	0.305015	0.156326	0.0158108	0.137601	0.218162	0.0548961
-6.1584	1.25309	0.410437	0.167114	-0.10077	0.845444	0.165289	0.286126	0.250276	0.224451	0.329927	0.162604	-0.0392416	0.0693884	0.0154335	0.0737603	0.0307863
-6.10728	1.30505	0.457981	0.0803196	-0.219854	0.625792	0.0474516	0.239167	0.171618	0.180623	0.247737	0.201123	0.0505548	0.123971	-0.0474157	0.0312998	0.124728
-6.20069	1.41259	0.579551	-0.0525531	-0.241936	0.624817	-0.0562845	0.138102	0.162696	0.148068	0.121453	0.260952	0.0429054	0.0460693	-0.0442061	-0.132078	0.0877316
-6.32902	1.08618	0.55734	-0.104495	-0.113471	0.551629	-0.100639	0.148869	0.211847	0.106816	0.170959	0.337729	0.0469537	-0.00427043	-0.0379549	0.0453451	0.133611
-6.36584	1.10904	0.660829	-0.159502	-0.202271	0.50022	-0.0985634	0.266979	0.120246	0.00341688	0.187627	0.261673	-0.0195296	0.0179247	-0.00244014	0.101059	0.0367802
-6.38393	1.34888	0.651374	-0.144449	-0.211925	0.652548	0.0124524	0.159055	-0.096304	0.0275915	0.148946	0.267537	-0.027318	0.0850606	-0.029665	0.126886	0.145535
-6.39252	1.575	0.623813	-0.245395	-0.319679	0.462539	0.136784	-0.0355333	-0.204776	0.241756	0.297595	0.430591	0.173064	-0.0532585	-0.108951	0.110144	0.147396
-6.69597	1.59395	0.395659	-0.348366	-0.328035	0.174568	0.342688	-0.311466	-0.195992	0.157511	0.0721445	0.50738	0.0854624	-0.408981	-0.475576	0.0593821	-0.18564
-6.31793	2.2402	0.855289	-0.196814	-0.142454	0.458069	0.170459	-0.140586	-0.125763	0.206087	0.129114	0.0410395	0.10824	-0.271721	-0.289322	0.172067	-0.311029
-5.62681	3.46932	0.702885	0.101589	-0.132562	0.755359	0.458551	-0.132595	-0.0376044	0.01809	-0.233725	-0.000324601	0.162823	-0.325962	-0.0223816	0.214676	0.172105
-4.53761	3.61041	0.27396	-0.346727	-0.465984	0.0902454	0.447143	-0.360247	0.0665075	-0.0698639	0.0699102	0.0342323	-0.0339707	0.056571	-0.292321	0.278207	-0.338186
-4.1044	3.30279	-0.078893	-0.251457	-0.657561	0.127499	0.344517	-0.306362	-0.0431533	-0.0897809	0.15075	-0.0793534	0.0278139	-0.0882387	-0.274455	0.272568	-0.374868
-3.99957	3.32855	-0.153887	-0.368803	-0.568061	0.106443	0.424341	-0.335608	-0.063105	0.0313375	0.138707	0.0413344	0.0218274	-0.135749	-0.335069	0.144345	-0.139813
-3.54858	3.00277	-0.514571	-0.261253	-0.439067	0.0447529	0.409547	-0.301309	0.038211	0.104815	0.174269	0.0102241	0.0330847	-0.171609	-0.256643	0.105535	-0.171851
-3.44233	2.82616	-0.440549	-0.217971	-0.310738	-0.0879051	0.452898	-0.331965	0.314582	0.0922641	0.148633	-0.0166978	-0.0437415	0.066054	-0.374516	0.183681	-0.154327
-3.46058	2.93533	-0.676685	0.0394999	-0.43066	0.112371	0.313884	-0.25393	0.24457	0.283014	0.098364	-0.0195386	-0.0894617	0.0899832	-0.28402	0.209637	-0.137525
-3.21042	2.63463	-0.5328	-0.0918048	-0.145714	-0.0306905	0.507192	-0.329461	0.388796	0.218313	0.177468	-0.0495197	-0.0599254	0.157198	-0.270748	0.18586	-0.0325284
-3.14094	2.6327	-0.60582	-0.135893	0.000818168	-0.074709	0.584677	-0.310589	0.392673	0.211887	0.154819	-0.0408215	-0.0201103	0.213157	-0.273812	0.14978	0.0274805
-3.13601	2.67256	-0.722004	-0.14539	0.106218	-0.0450872	0.56209	-0.206067	0.307872	0.256529	0.0756564	0.0327157	-0.0813326	0.371099	-0.325299	0.137947	0.044936
-3.13153	2.69511	-0.761234	-0.139224	0.198786	0.0103317	0.55418	-0.0908811	0.221829	0.305929	0.0348298	0.0959503	-0.0934686	0.453194	-0.265016	0.0524213	0.124622
-3.15675	2.75085	-0.772808	-0.113935	0.331586	-0.00508362	0.598645	0.000948726	0.231041	0.279732	0.102074	0.0839138	-0.0128361	0.441799	-0.135313	-0.0378092	0.205519
-3.25843	2.7362	-0.805543	-0.216635	0.390169	-0.0932697	0.585655	-0.0341642	0.191321	0.249251	-0.0583769	0.155743	-0.149339	0.501777	-0.183654	-0.020405	0.111632
-3.31624	2.77671	-0.812729	-0.178	0.5016	-0.218599	0.697767	0.0251443	0.187144	0.284529	-0.102635	0.157871	-0.0833301	0.46168	-0.120398	-0.0369263	0.159218
-3.44188	2.91288	-0.849059	-0.149986	0.541492	-0.24019	0.756719	-0.011922	0.315172	0.203994	-0.00982502	0.0779261	0.00366925	0.408198	-0.0338821	-0.0977338	0.209971
-3.51335	3.02069	-0.803896	-0.0920102	0.697054	-0.278704	0.814889	0.166384	0.252268	0.437682	-0.135872	0.249058	0.0150367	0.437696	0.0475022	-0.114557	0.338166
-3.45193	2.76847	-0.76446	-0.093198	0.53813	-0.247489	0.742899	0.0701879	0.314949	0.27133	-0.0418607	0.0980526	0.017304	0.385341	0.0133132	-0.0844506	0.220632
-3.55764	2.78663	-0.811794	-0.024906	0.408484	-0.166884	0.525153	0.223643	0.194704	0.278327	-0.0691978	0.064006	0.00243798	0.36421	-0.0327715	-0.0728875	0.16877
-3.63071	2.73878	-0.917319	-0.0677074	0.279695	-0.165154	0.336258	0.16245	0.132928	0.27175	-0.263195	0.140891	-0.216221	0.408385	-0.182145	-0.0540404	0.0291908
-3.57818	2.72937	-0.818929	-0.108937	0.438431	-0.321033	0.502	0.108724	0.159413	0.29818	-0.14132	0.0749744	-0.0750432	0.336439	-0.113536	-0.113486	0.135869
-3.50083	2.5898	-0.860227	-0.0187472	0.255203	-0.244185	0.379136	0.017425	0.216749	0.191324	-0.101401	-0.00252866	-0.0540316	0.266911	-0.16679	-0.132832	0.114331
-3.56624	2.57058	-0.978443	-0.090974	0.172803	-0.461614	0.290197	-0.188483	0.180341	0.0836041	-0.131818	-0.133585	-0.132779	0.171696	-0.317093	-0.138106	-0.0314608
-3.72539	2.72971	-1.08254	-0.0131931	0.0426016	-0.5269	0.152027	-0.26806	0.165858	0.0434207	-0.113413	-0.258178	-0.0932753	0.0885466	-0.41122	-0.1096	-0.115348
-3.92005	2.73942	-0.95132	-0.0206469	0.0654458	-0.651429	0.104278	-0.462258	0.18506	-0.028868	-0.112851	-0.274902	-0.151162	0.134435	-0.532964	-0.0601995	-0.243986
-4.23919	2.71262	-0.553959	0.503533	0.126778	-0.0863626	-0.0134036	-0.144464	0.145619	0.330299	-0.0556044	0.00403391	0.139595	0.241078	-0.444961	0.0827314	-0.120441
-5.3849	2.11151	0.000136785	0.773628	0.117612	-0.150057	-0.121849	-0.569861	-0.250184	0.263795	-0.0459939	-0.135095	-0.0240401	0.0465501	-0.646357	-0.120863	0.085744
-6.5422	2.97227	0.416124	1.08642	0.495496	0.0421486	-0.362935	-0.151847	-0.131224	0.175585	-0.081566	-0.134577	-0.0903594	0.215314	-0.140467	0.0375892	0.00223047
-7.50007	3.00656	0.458447	0.926431	0.614533	-0.172044	-0.351866	-0.191415	-0.141118	-0.36699	-0.416319	-0.276237	-0.00150345	-0.00633673	-0.35951	-0.275387	0.117038
-7.88313	2.69535	0.748568	0.584946	0.540331	-0.279711	-0.504157	-0.0859451	-0.0813958	-0.0432131	-0.760246	-0.702369	-0.0302253	-0.0425465	-0.222701	-0.222456	0.000965391
-8.91227	2.65644	0.404751	0.326356	0.0909218	-0.223543	-0.51619	-0.802176	-0.59876	-0.0747706	-0.664868	-0.548946	-0.522215	-0.421644	-0.444887	-0.300594	-0.35197
-8.67959	2.1949	0.680893	0.640483	0.544502	0.150237	-0.168131	-0.187559	-0.0033176	0.137026	-0.129604	-0.209675	0.00206807	0.0399738	-0.146702	-0.0265251	0.179808
-9.04475	2.13204	0.758326	0.645378	0.427373	0.0839176	-0.137728	-0.173886	-0.0527099	0.121365	-0.0317178	-0.149459	0.0637313	0.148356	-0.063713	-0.021771	0.205351
-8.93876	1.95915	0.779995	0.593827	0.346394	0.163049	0.0175339	-0.0320374	-0.00519976	-0.000176849	-0.0287755	-0.0219093	0.0261266	0.0436875	0.0206758	0.0484371	0.113485
-9.29294	1.87754	0.889377	0.686285	0.393353	0.275049	0.137021	0.0550476	0.0277035	0.0318895	0.0335314	-0.0239147	0.00226048	0.0196865	0.00322458	0.0156504	0.0800186
-9.75412	1.83808	1.03608	0.730853	0.473109	0.326834	0.0578927	0.0944682	0.0757531	0.0367007	0.013789	0.00785609	0.0852032	0.0480813	-0.0391611	0.0132905	0.117109
-9.77127	1.6997	0.872098	0.667225	0.500328	0.350592	0.168103	0.146618	0.122553	0.104709	0.0491254	0.0834456	0.091772	0.0676409	-0.0118022	0.000923554	0.0531874
-9.80706	1.5272	0.716474	0.563088	0.466035	0.327472	0.239832	0.197203	0.121315	0.0918953	0.0773671	0.0397815	0.0789592	0.0532088	0.052906	0.0476979	0.0987106
-10.2107	1.37488	0.856437	0.618147	0.544586	0.392275	0.305182	0.240213	0.200459	0.0756095	0.0452419	-0.127092	-0.07838	-0.00689221	0.081752	0.0556278	0.0565957
-10.2913	1.27602	0.747386	0.523293	0.478918	0.376761	0.365973	0.325456	0.281175	0.155516	0.0590152	-0.0718272	-0.0877761	0.0199933	0.046412	-0.0419651	-0.0765844
-10.3284	1.17181	0.67586	0.508884	0.472118	0.314439	0.332402	0.358649	0.239272	0.0859708	0.0610285	0.0417787	-0.0562981	-0.0376791	-0.107038	-0.145231	-0.118657
-10.2787	0.997219	0.621104	0.453414	0.481602	0.255675	0.213332	0.331044	0.0928404	0.00561645	0.045732	-0.0452962	-0.139934	-0.0600199	-0.0656353	-0.120909	-0.0873817
-7.80942	0.357689	0.246666	0.253047	0.210109	0.0397348	-0.104246	0.291042	-0.0721748	0.127864	0.0434517	-0.0239008	0.0997587	-0.0289995	0.0333222	0.0132924	-0.00104944
-6.35358	0.0449517	0.67164	0.909988	0.367861	0.423125	-0.385903	0.525624	0.057793	0.091314	0.0679155	0.247586	0.00170205	-0.0766377	0.072359	-0.0400869	0.129038
-5.25155	-0.132669	0.840109	0.725943	0.403512	0.426939	-0.415477	0.456121	0.0300028	0.159416	0.103224	0.194095	0.111706	-0.0424461	0.199754	0.00963639	0.0950241
-4.85296	-0.177888	0.897635	0.424153	0.39866	0.443721	-0.357105	0.499316	0.0122502	0.153971	0.0252079	0.236937	0.330431	0.0966826	0.17786	0.055237	0.170265
-4.82569	-0.245417	0.948701	0.213318	0.225144	0.39043	-0.168594	0.403238	0.106873	0.300103	0.045506	0.278029	0.402318	0.0389352	0.150254	0.16937	0.215214
-4.84328	-0.300058	0.878345	0.127717	0.237969	0.372207	-0.0989161	0.406588	0.134688	0.252044	0.0133873	0.258804	0.277425	-0.0617259	0.221603	0.27404	0.0724681
-4.8705	-0.268268	0.767965	0.11065	0.101459	0.289654	-0.0762768	0.543901	0.103722	0.250128	0.0318347	0.154814	0.193186	-0.0245862	0.230114	0.284236	0.0845034
-4.94648	-0.273323	0.571072	0.0638909	0.105669	0.219986	-0.12044	0.558445	0.0849561	0.168043	-0.0390412	0.0209432	0.193985	-0.088584	0.214178	0.154151	-0.100678
-4.96669	-0.0565149	0.511015	0.142921	0.0475574	0.180889	-0.170448	0.352264	0.0731273	0.191153	-0.0566667	0.0633732	0.390763	-0.213185	0.0908581	0.125871	-0.0716062
-5.03697	0.192138	0.337519	0.146785	-0.142531	0.0352528	-0.200422	0.478082	0.228073	0.181196	-0.0853509	0.13992	0.431464	-0.238802	0.0751525	0.228068	0.0676925
-5.21618	0.647895	-0.088843	-0.0170992	-0.322948	0.138084	-0.135051	0.515058	0.387883	0.132977	-0.183613	0.0370815	0.490796	-0.0129464	0.0633536	0.187626	-0.0069408
-5.31925	1.16768	-0.283854	0.0485378	-0.401354	0.294069	-0.101036	0.372937	0.441447	0.160691	-0.0818722	-0.0293497	0.371716	0.213261	-0.0789547	0.0309011	-0.16748
-5.71457	1.03894	-0.373035	-0.0152059	-0.639947	0.361065	0.23805	0.301267	0.281001	0.168932	0.400848	0.204058	0.267921	-0.177508	-0.270725	-0.0152532	-0.302427
-5.26238	1.35117	-0.702372	-0.125046	-0.787132	0.160887	-0.0548061	0.025343	0.333743	-0.230742	-0.210149	-0.347683	-0.00883031	-0.0992319	-0.192982	0.242243	-0.309992
-5.08031	1.61454	-0.136684	0.139021	-0.45459	0.520546	0.169932	-0.00939847	0.606484	0.309291	-0.0365533	-0.346783	0.103358	-0.0679653	-0.279268	-0.0621562	-0.421845
-5.01921	1.81407	0.665561	1.05538	-0.150477	0.0245403	-0.0394747	-0.193833	0.468698	-0.0123124	0.0105864	-0.258326	-0.102717	-0.0878538	-0.0753472	0.0246263	-0.263432
-4.58906	2.61323	0.335711	0.133704	0.00496175	0.00260353	-0.314047	-0.619881	0.28991	0.0981736	0.0260612	-0.430522	-0.00768984	-0.276241	-0.427836	-0.0681592	-0.0515505
-4.23147	2.76721	0.30501	0.0792535	-0.377092	0.219825	-0.233635	-0.362476	0.219076	0.175008	-0.109064	-0.370821	0.172529	-0.0400617	-0.194126	-0.188293	-0.193133
-3.9205	2.77824	-0.106278	0.0572056	-0.403067	0.150053	-0.291562	-0.368827	0.403577	-0.150315	-0.115928	-0.282133	0.117267	-0.149144	-0.173266	-0.134495	-0.248908
-3.95435	2.80402	0.0180369	-0.251742	-0.299533	0.210692	-0.327013	-0.449206	0.362462	-0.112184	-0.0850694	-0.422693	0.16413	-0.208692	-0.217429	-0.0232478	-0.301671
-4.06691	2.94374	-0.0741751	-0.262917	-0.285683	0.0716121	-0.346747	-0.296902	0.11511	-0.0221453	-0.0557929	-0.439031	0.0798871	-0.185843	-0.22263	-0.0767628	-0.338139
-4.14596	3.02553	-0.399647	-0.168634	-0.281119	-0.211984	-0.162636	-0.511929	0.139524	-0.134341	-0.0790636	-0.504853	0.125383	-0.376016	-0.176106	-0.204069	-0.386768
-4.1216	2.8107	-0.172666	-0.13694	-0.507459	-0.0163509	-0.152635	-0.687541	0.164107	-0.0309088	-0.0312998	-0.520194	0.0290148	-0.252817	-0.162621	-0.298171	-0.350327
-4.2602	2.88298	-0.0828143	-0.332939	-0.556483	0.0945841	-0.277017	-0.729466	0.259507	-0.153019	-0.166281	-0.216714	-0.140756	-0.318482	-0.190953	-0.127089	-0.544658
-4.0186	3.02371	-0.415662	-0.0694866	-0.284599	0.0460195	-0.210214	-0.295818	0.0105677	0.0917828	0.0814065	-0.349488	0.133971	-0.207115	-0.111741	-0.149437	-0.247298
-3.7818	2.71823	-0.360883	-0.0268972	-0.323505	0.0383585	-0.0874563	-0.443298	0.106109	0.106913	0.045094	-0.260912	0.0488081	-0.148801	-0.0678622	-0.158753	-0.233894
-4.07764	3.21849	-0.55545	0.139471	-0.376324	0.0705712	0.0346767	-0.480016	0.1504	0.0492778	0.216376	-0.300749	0.14371	-0.175873	-0.00643955	-0.102258	-0.17197
-4.11342	3.00091	-0.510331	-0.0736605	-0.423006	0.0466054	-0.1593	-0.541915	0.137958	-0.175517	0.194418	-0.410207	0.00233168	-0.178383	-0.232933	0.000433814	-0.432291
-4.06793	2.98864	-0.321416	0.0038779	-0.373881	0.0316317	0.1338	-0.577685	0.166533	-0.0720144	0.214839	-0.234059	0.0200174	-0.144454	-0.144891	0.0283286	-0.214037
-4.15593	3.05663	-0.374147	-0.00787907	-0.40902	0.125462	0.0492907	-0.553204	0.146846	-0.0796954	0.237162	-0.344661	0.111623	-0.319548	-0.0321017	-0.0564739	-0.198197
-4.07642	2.90486	-0.202854	-0.0101236	-0.417039	0.0849654	0.21209	-0.569623	0.114809	-0.0596045	0.259239	-0.248116	0.0533698	-0.200263	-0.1476	0.00176739	-0.126235
-4.18707	3.03008	-0.226653	-0.0748217	-0.411022	0.0889255	0.289519	-0.648626	0.121812	-0.106326	0.324905	-0.287091	0.0484099	-0.253246	-0.122191	-0.0153373	-0.14764
-4.28013	3.12406	-0.178592	-0.126923	-0.407717	0.0380352	0.359064	-0.684092	0.220156	-0.216556	0.359559	-0.294692	0.111384	-0.295813	-0.087967	-0.0545278	-0.126499
-4.47723	3.22444	-0.0758109	-0.00465809	-0.600714	0.202051	0.176519	-0.437921	0.036831	-0.0382472	0.247146	-0.208647	0.0921687	-0.28527	-0.0286039	-0.147928	-0.0474858
-4.59531	3.30982	-0.0492005	-0.0564908	-0.625467	0.231526	0.235287	-0.544743	0.147776	-0.288624	0.517192	-0.437103	0.322061	-0.47896	0.0399273	-0.195074	-0.071364
-4.63073	3.20605	0.0233567	-0.199695	-0.585662	0.225754	0.250059	-0.549472	0.0504439	-0.184022	0.357861	-0.300005	0.0670459	-0.288406	-0.185629	-0.098276	-0.184365
-4.66119	3.14126	0.196382	-0.182196	-0.533254	0.0615002	0.45761	-0.578697	0.104209	-0.333779	0.400855	-0.166886	0.0339045	-0.225194	-0.161756	-0.121209	-0.116624
-4.57989	3.07606	0.162673	-0.122272	-0.506969	0.0532045	0.527273	-0.551355	0.0717048	-0.272837	0.378913	-0.145189	0.101182	-0.297262	-0.108512	-0.0893918	-0.0531803
-4.5739	3.08919	0.0791822	-0.103129	-0.516214	0.104387	0.409668	-0.438979	-0.0216124	-0.225359	0.32607	-0.127744	0.120375	-0.343014	-0.100352	-0.0701648	-0.0809409
-4.55186	3.01542	0.0629301	-0.159928	-0.443655	0.0136688	0.455582	-0.513662	0.0382523	-0.314491	0.360573	-0.185945	0.165427	-0.334946	-0.199194	-0.040554	-0.140474
-4.71007	3.17825	0.0746631	-0.0125976	-0.56465	0.153456	0.368666	-0.38109	0.017166	-0.290167	0.334737	-0.0377163	0.0606667	-0.17851	-0.240625	-0.00824535	-0.0464426
-4.62911	2.95132	0.243437	-0.111289	-0.483884	0.0490887	0.468045	-0.464081	0.0562748	-0.344678	0.355674	-0.101104	0.116801	-0.189603	-0.207385	-0.0481665	-0.0714279
-4.71179	3.01273	0.218318	-0.111711	-0.541481	0.0629514	0.455468	-0.512556	0.120546	-0.395672	0.364443	-0.136067	0.160713	-0.218933	-0.241413	-0.0473487	-0.098317
-4.79513	3.07678	0.178054	-0.106019	-0.482639	-0.0814409	0.518735	-0.492437	0.0464475	-0.394972	0.325222	-0.134201	0.156188	-0.159141	-0.251611	-0.086909	-0.153027
-4.81932	3.0857	0.179588	-0.100312	-0.552819	-0.0306685	0.503653	-0.538646	0.119106	-0.421767	0.338863	-0.173699	0.169714	-0.168526	-0.290932	-0.00676054	-0.210506
-4.86195	3.09756	0.212259	-0.153282	-0.550044	-0.0150965	0.526085	-0.589692	0.209453	-0.449215	0.396319	-0.251856	0.252606	-0.232706	-0.239114	-0.0353852	-0.180708
-4.96438	3.148	0.222482	-0.0783298	-0.592462	-0.00508159	0.502638	-0.58868	0.253059	-0.464223	0.39705	-0.271697	0.291251	-0.195214	-0.246131	-0.0655618	-0.14873
-5.07814	3.20618	0.271622	-0.0752498	-0.596691	-0.0147349	0.484957	-0.538864	0.224612	-0.450909	0.379	-0.262929	0.276014	-0.111832	-0.326115	-0.0389875	-0.182682
-5.26681	3.26311	0.404394	-0.0470985	-0.694745	0.0945737	0.473074	-0.457013	0.142481	-0.393652	0.344805	-0.239925	0.291247	-0.0938903	-0.331962	-0.0860179	-0.118656
-5.43081	3.53543	0.294876	0.0907137	-0.694032	0.0272407	0.492366	-0.333783	0.125844	-0.422658	0.178947	-0.132104	0.225678	0.0677758	-0.254218	-0.0645772	-0.133265
-5.40387	3.48836	0.44744	-0.0457048	-0.570057	-0.103344	0.599922	-0.345067	0.171296	-0.463876	0.149591	-0.184877	0.356301	0.00762162	-0.268524	-0.0980105	-0.0525422
-5.71333	3.64026	0.606061	-0.214777	-0.663695	0.0344662	0.579061	-0.360604	0.0470037	-0.390269	0.100281	-0.155274	0.33343	-0.0898455	-0.338236	-0.0542489	-0.147721
-6.06212	3.78052	1.08824	-0.0615639	-0.898355	0.132843	0.469014	-0.0763753	0.128482	-0.53325	0.0985338	-0.254131	0.400269	0.0911115	-0.211544	0.0357883	-0.120738
-5.77199	3.74036	0.750769	0.206197	-0.618118	0.0192076	0.484545	-0.244561	0.338427	-0.402468	0.204904	-0.212376	0.280594	0.124392	-0.058341	0.013705	0.142464
-5.91799	3.7665	0.920146	0.130246	-0.440265	-0.148003	0.590416	-0.0571902	0.16484	-0.270227	0.155401	-0.378429	0.517822	0.00417062	-0.0566557	0.163902	0.12195
-6.27108	3.99909	1.08666	0.491736	-0.704723	-0.100089	0.607617	-0.000214252	0.317788	-0.292734	0.154286	-0.252	0.346084	0.119035	0.0959814	0.229243	0.168758
-6.45348	4.10334	1.40047	0.205581	-0.715498	0.088921	0.741414	-0.319203	0.391795	-0.236482	0.180317	-0.378908	0.470508	0.250602	0.0368895	0.212551	0.184648
-6.98532	4.07624	1.77721	0.6359	-0.544496	-0.310272	0.537386	0.115782	0.478675	-0.277632	0.0772027	-0.376916	0.513057	0.421515	-0.0749251	0.250104	0.250885
-6.83239	4.10917	1.53263	0.485066	-0.517645	-0.184277	0.557246	-0.132812	0.405632	-0.289133	0.273003	-0.15636	0.186221	0.184084	-0.00374741	0.250087	0.153842
-7.33204	4.22605	1.68595	0.452733	-0.231356	-0.173348	0.340127	-0.0167149	0.285656	-0.207009	0.00446359	-0.0936648	0.445163	0.0953181	0.110825	0.122105	0.152268
-7.52672	4.2286	1.78262	0.47143	-0.31685	0.155353	0.374196	-0.210733	0.276031	0.135247	0.132827	-0.321539	0.314018	0.206992	0.0183567	0.241944	0.216264
-7.65418	4.01674	1.92406	0.879742	-0.352735	-0.018887	0.605045	0.259194	0.345784	-0.31517	0.105574	0.0838448	0.26104	0.181171	0.437031	0.373259	0.0833173
-7.94286	3.94333	1.64513	0.846952	-0.212294	0.179544	0.315722	-0.0840904	0.23333	-0.0372519	0.117606	-0.187662	0.199462	0.308223	0.253866	0.124381	0.01804
-6.72955	3.00773	0.60635	0.48126	0.458826	0.210036	-0.364101	0.410742	0.0527814	-0.154984	0.189004	-0.223335	0.106365	-0.111585	0.244958	-0.0443222	0.105739
-7.71543	3.20405	0.949816	0.511089	0.113209	-0.0310214	0.266204	0.304029	-0.0933668	-0.166238	0.170774	-0.261661	-0.159688	-0.0900893	0.145035	0.0593009	0.197424
-8.81951	2.99804	0.77652	-0.0235545	-0.668625	-0.112662	0.394061	-0.046381	-0.166218	-0.301124	-0.290751	-0.546847	-0.36699	-0.139538	-0.298922	-0.259762	-0.222996
-8.05444	2.0456	0.624273	0.19375	-0.0543988	0.0298852	0.163867	0.284348	0.191123	-0.00355185	-0.125824	-0.13645	-0.0801783	-0.0478307	0.0226055	0.0449564	0.0295634
-8.97934	1.87347	0.517553	0.138646	-0.0565207	0.0602571	0.263515	0.319198	0.143084	-0.128169	-0.302027	-0.226363	-0.0303711	0.157149	0.188508	0.124225	0.013672
-9.88193	1.53306	0.443271	-0.0653129	-0.142642	0.0740111	0.277009	0.333118	0.150476	-0.0396075	-0.112995	-0.131078	0.060761	0.247489	0.217257	0.129263	0.0649882
-10.4367	0.937359	0.397687	0.212018	0.257837	0.337449	0.315831	0.259971	0.140744	0.10664	0.0404703	0.0606998	0.201476	0.209262	0.0981923	0.0505976	0.057122
-10.6411	0.752242	0.492868	0.399292	0.447011	0.392752	0.203581	0.0974465	0.131702	0.163942	0.121345	0.199156	0.277541	0.165299	0.0630938	0.0612484	0.156016
-10.4738	0.984734	0.575203	0.376288	0.360749	0.257982	0.211734	0.213369	0.257312	0.207536	0.204308	0.180671	0.247811	0.164756	0.116234	0.0648879	0.0878605
-10.0927	1.26144	0.567368	0.360556	0.359101	0.260054	0.234446	0.223078	0.216941	0.189554	0.205397	0.158264	0.184099	0.142568	0.185019	0.119393	0.130339
-10.1078	1.23676	0.589267	0.391431	0.37101	0.294099	0.261272	0.251686	0.235068	0.228599	0.20141	0.188292	0.185973	0.172071	0.182921	0.113677	0.136013
-10.2159	1.19281	0.616882	0.398142	0.378111	0.329788	0.284173	0.283541	0.233594	0.278158	0.209945	0.20221	0.190659	0.20558	0.179687	0.133691	0.140197
-9.79841	1.36294	0.541145	0.420072	0.340539	0.281904	0.258247	0.235121	0.21353	0.222489	0.204934	0.190086	0.175211	0.192796	0.178701	0.174904	0.140194
-9.68233	1.42204	0.508712	0.417582	0.337717	0.285422	0.254269	0.235716	0.240629	0.209705	0.197068	0.198275	0.181183	0.195823	0.175346	0.178754	0.178375
-9.92807	1.3899	0.595529	0.492531	0.381167	0.334637	0.31921	0.282331	0.282275	0.260099	0.234983	0.224833	0.193805	0.216602	0.164933	0.173292	0.147304
-9.69127	1.40493	0.495896	0.4176	0.339738	0.315514	0.296468	0.26395	0.245291	0.232218	0.215567	0.200017	0.183081	0.187835	0.177561	0.194548	0.199098
-9.78684	1.43529	0.575676	0.500436	0.38515	0.346972	0.304884	0.258895	0.24832	0.237425	0.213992	0.174382	0.178813	0.154944	0.163624	0.15236	0.137519
-10.1543	1.29069	0.620632	0.541147	0.44799	0.38505	0.331905	0.318146	0.253733	0.243409	0.254392	0.23288	0.241148	0.216088	0.228185	0.191356	0.182072
-9.74121	1.42515	0.550401	0.441357	0.370055	0.315845	0.268401	0.285798	0.229649	0.244929	0.193555	0.22073	0.20749	0.216605	0.178443	0.177081	0.179632
-10.0667	1.25583	0.595642	0.465549	0.471306	0.379156	0.264568	0.287184	0.228853	0.307378	0.190527	0.214182	0.214516	0.239434	0.165743	0.143796	0.15579
-10.3616	1.15226	0.720847	0.484645	0.516716	0.40531	0.272184	0.289859	0.273128	0.336902	0.274123	0.216859	0.177433	0.264029	0.255647	0.133771	0.116333
-10.0126	1.32326	0.652688	0.415199	0.387747	0.308068	0.240341	0.240399	0.217818	0.248828	0.212776	0.193936	0.183984	0.215383	0.231694	0.129143	0.134504
-10.3593	1.13848	0.683176	0.411424	0.450161	0.367297	0.265103	0.226773	0.251909	0.334918	0.245994	0.223617	0.180036	0.202763	0.259974	0.152549	0.143839
-10.2737	1.20465	0.658417	0.420704	0.401431	0.323924	0.276486	0.285705	0.267881	0.279594	0.215085	0.22573	0.191867	0.133477	0.195809	0.168353	0.165642
-10.1548	1.21729	0.549351	0.401676	0.338467	0.275487	0.25767	0.266589	0.253786	0.264628	0.210477	0.235397	0.217439	0.156176	0.219784	0.162795	0.138236
-10.3153	1.15497	0.59503	0.443825	0.382983	0.300615	0.244954	0.250146	0.258814	0.255077	0.155887	0.240205	0.216601	0.145752	0.217875	0.145146	0.139775
-10.2226	1.1868	0.540293	0.40983	0.354827	0.287125	0.239775	0.228988	0.236996	0.210124	0.171226	0.221815	0.222705	0.167494	0.184465	0.158103	0.180497
-10.2271	1.1568	0.532443	0.401387	0.328805	0.25219	0.21179	0.222674	0.197932	0.196177	0.184184	0.174427	0.195822	0.155891	0.165462	0.138744	0.167254
-10.4221	0.950503	0.50463	0.445521	0.379692	0.302674	0.220685	0.225604	0.191916	0.175426	0.167362	0.131529	0.192134	0.213606	0.189158	0.154324	0.13081
-10.3995	1.00588	0.531782	0.435537	0.38058	0.340434	0.220564	0.207732	0.214082	0.224311	0.163378	0.0835084	0.132307	0.154282	0.147192	0.0979743	0.0637933
-10.4234	1.04887	0.538692	0.400045	0.352406	0.319132	0.227688	0.206809	0.18025	0.189996	0.186813	0.137774	0.104268	0.0827995	0.129074	0.13045	0.10005
-10.4151	1.09144	0.569856	0.389631	0.366173	0.366726	0.343976	0.244631	0.188334	0.171959	0.185427	0.205014	0.0725215	0.0629043	0.137113	0.14424	0.0795047
-10.4518	1.04872	0.561702	0.346282	0.354829	0.374948	0.359927	0.289708	0.217453	0.199986	0.170997	0.206645	0.0936171	0.121098	0.131066	0.111158	0.0730502
-10.4252	1.10835	0.629256	0.389895	0.41588	0.38222	0.308604	0.24399	0.244567	0.27414	0.156008	0.203172	0.121643	0.138349	0.130565	0.114866	0.066997
-10.496	1.02247	0.629797	0.413015	0.371043	0.314449	0.265688	0.258116	0.242853	0.350161	0.257056	0.178245	0.123482	0.207683	0.195503	0.119997	0.111743
-10.5276	0.943948	0.53647	0.409185	0.333348	0.286543	0.251794	0.226382	0.18377	0.286874	0.293546	0.204844	0.165522	0.242185	0.150126	0.0656375	0.13642
-10.5049	0.996787	0.606428	0.492854	0.37652	0.329551	0.279078	0.235737	0.230251	0.275296	0.295129	0.201615	0.166651	0.220107	0.164109	0.0973608	0.0824398
-10.5448	0.963758	0.696112	0.510215	0.421241	0.330183	0.259441	0.249798	0.200113	0.193738	0.195654	0.17101	0.137302	0.139192	0.175953	0.147196	0.108898
-10.4553	0.983048	0.6313	0.431025	0.401792	0.270194	0.173577	0.263188	0.238778	0.250784	0.227689	0.203074	0.12159	0.139948	0.16458	0.129254	0.0956449
-10.396	1.04885	0.592862	0.434001	0.418885	0.291553	0.15859	0.191221	0.23294	0.270228	0.224959	0.15934	0.115853	0.140987	0.079218	0.0659427	0.0620796
-10.2424	1.16827	0.568673	0.39843	0.312389	0.251265	0.212174	0.184947	0.198148	0.223208	0.169355	0.114093	0.160462	0.170205	0.0899424	0.119892	0.118058
-9.24893	1.55362	0.401992	0.451434	0.247782	0.268629	0.18641	0.179593	0.144577	0.155194	0.11386	0.121372	0.109892	0.0913114	0.077749	0.0731208	0.0598751
-8.34557	1.53859	0.341945	0.427148	0.195577	0.237427	0.14154	0.143611	0.106355	0.115496	0.0790062	0.0837476	0.0757509	0.0567424	0.0502352	0.0413303	0.0372898
