-9.1195	1.49262	0.458377	0.411955	0.273971	0.231154	0.254369	0.171452	0.173461	0.13093	0.115653	0.112348	0.123269	0.0518196	0.11984	0.0611971	0.0895665
-9.40386	1.5232	0.474658	0.443062	0.291758	0.266713	0.273021	0.212378	0.191706	0.170518	0.135684	0.150708	0.145526	0.0875701	0.147923	0.0930672	0.123144
-9.97976	1.29376	0.537873	0.433927	0.35119	0.323249	0.251332	0.223755	0.185179	0.227107	0.177129	0.151009	0.188663	0.175624	0.170341	0.135502	0.100363
-10.0987	1.22863	0.551	0.419797	0.376751	0.304724	0.214595	0.249661	0.194172	0.221885	0.225129	0.160903	0.210878	0.166048	0.153522	0.129662	0.11176
-10.0833	1.29021	0.565735	0.449286	0.342584	0.308919	0.260725	0.238044	0.235122	0.22101	0.185024	0.184273	0.198249	0.168863	0.178255	0.142959	0.127223
-10.0937	1.21414	0.542853	0.449621	0.335043	0.328243	0.272765	0.226867	0.254948	0.225357	0.169168	0.222273	0.208077	0.168916	0.175151	0.159885	0.122788
-9.96025	1.31629	0.523585	0.3904	0.326632	0.294377	0.227913	0.222662	0.209867	0.200394	0.182463	0.196499	0.188626	0.150908	0.159465	0.157625	0.139903
-9.94566	1.31908	0.529326	0.375678	0.365051	0.302905	0.206198	0.22719	0.22909	0.208804	0.177394	0.185007	0.242004	0.211031	0.16382	0.137983	0.19122
-9.97285	1.32654	0.547847	0.394071	0.335921	0.296891	0.221851	0.248014	0.233766	0.206134	0.201256	0.164411	0.196714	0.186362	0.157758	0.127775	0.173567
-9.89698	1.31036	0.540933	0.393446	0.329904	0.30938	0.25727	0.245766	0.226769	0.201925	0.190462	0.182734	0.158596	0.165075	0.12181	0.118399	0.184838
-9.83181	1.40811	0.568397	0.404789	0.385657	0.361176	0.278495	0.244083	0.246494	0.247992	0.212964	0.206884	0.188949	0.202736	0.14824	0.135958	0.15729
-10.0497	1.36138	0.625636	0.414485	0.451105	0.403337	0.311788	0.276554	0.248052	0.276191	0.251352	0.221897	0.223077	0.229295	0.154011	0.165066	0.144127
-9.87461	1.31859	0.581656	0.412346	0.379404	0.306103	0.293884	0.26309	0.252586	0.272739	0.212252	0.196973	0.213886	0.227278	0.182876	0.156458	0.137054
-10.1135	1.24265	0.645025	0.442134	0.429541	0.371634	0.330404	0.277673	0.294488	0.288076	0.266954	0.213427	0.206473	0.232502	0.19761	0.111568	0.156769
-10.1692	1.19636	0.621106	0.458366	0.467421	0.39672	0.303991	0.265153	0.312709	0.283718	0.25292	0.272311	0.203502	0.193336	0.174906	0.136458	0.169687
-9.84403	1.29713	0.547442	0.438905	0.360806	0.330908	0.268606	0.273303	0.277944	0.238563	0.173446	0.201181	0.194761	0.208705	0.147431	0.156384	0.19429
-10.159	1.26029	0.58572	0.465332	0.43479	0.381266	0.268889	0.25504	0.294891	0.276034	0.21241	0.246944	0.235997	0.222161	0.169232	0.169806	0.214701
-9.9374	1.37967	0.612119	0.47865	0.405244	0.334352	0.282841	0.274382	0.276242	0.251092	0.223331	0.247088	0.227105	0.190488	0.143723	0.129675	0.164967
-9.69629	1.42739	0.583287	0.455832	0.389059	0.341967	0.288094	0.252495	0.241377	0.238725	0.214858	0.215417	0.179538	0.176491	0.15548	0.13332	0.130505
-9.92221	1.35591	0.624623	0.472348	0.414943	0.301975	0.329613	0.289504	0.271172	0.277789	0.204833	0.235891	0.220735	0.213991	0.185769	0.17777	0.165807
-9.81456	1.38915	0.527303	0.397827	0.348155	0.281393	0.272818	0.253228	0.211347	0.234255	0.19495	0.211168	0.19554	0.183686	0.198388	0.197992	0.169899
-9.7601	1.381	0.502375	0.385192	0.333766	0.312965	0.27172	0.264968	0.228712	0.221335	0.207844	0.219207	0.176634	0.153821	0.175467	0.192043	0.158284
-9.93889	1.35897	0.541864	0.429317	0.365438	0.30056	0.267731	0.260325	0.228941	0.233319	0.224914	0.206778	0.199411	0.189551	0.166422	0.175812	0.176321
-9.93386	1.31997	0.532916	0.416408	0.317917	0.285011	0.242517	0.266121	0.231945	0.226073	0.228695	0.188679	0.174574	0.189351	0.116952	0.136685	0.212206
-9.8763	1.3637	0.550266	0.426253	0.324614	0.308671	0.258489	0.2452	0.222214	0.197406	0.218809	0.203821	0.178211	0.168374	0.154832	0.124805	0.1617
-10.2826	1.14435	0.576494	0.41267	0.409007	0.391877	0.343131	0.285955	0.265566	0.253705	0.247001	0.229143	0.209508	0.214553	0.190374	0.0737551	0.150928
-10.4577	1.02229	0.612421	0.41725	0.413179	0.409786	0.311802	0.295327	0.327439	0.299661	0.22589	0.1573	0.131957	0.17367	0.146	0.0791536	0.146807
-10.3449	1.01517	0.498695	0.350674	0.259154	0.243403	0.221012	0.241111	0.209786	0.232406	0.19293	0.141911	0.0840648	0.12151	0.0996543	0.0819358	0.127532
-10.3122	1.10823	0.582086	0.454757	0.34712	0.3045	0.223625	0.229965	0.206413	0.23598	0.198381	0.176164	0.132625	0.130152	0.153184	0.103162	0.169931
-10.4933	1.02291	0.710508	0.530569	0.446992	0.394692	0.263478	0.182042	0.210488	0.290807	0.274843	0.223351	0.149426	0.126551	0.195747	0.0934784	0.115294
-10.3035	1.10887	0.647637	0.409998	0.385159	0.325042	0.302593	0.260369	0.263713	0.272516	0.229916	0.234303	0.196614	0.160167	0.186323	0.136582	0.11244
-10.212	1.20665	0.64078	0.420723	0.381252	0.328426	0.336748	0.29566	0.26123	0.258856	0.203304	0.181313	0.172002	0.180716	0.184989	0.220254	0.157967
-10.3914	1.07215	0.649345	0.445099	0.426523	0.343929	0.376152	0.258349	0.209425	0.298534	0.270612	0.197303	0.262179	0.262881	0.219723	0.241388	0.193077
-10.0368	1.2473	0.551826	0.398911	0.397205	0.304536	0.307011	0.237922	0.222671	0.261064	0.218781	0.197551	0.234141	0.201557	0.168717	0.130682	0.144667
-10.1301	1.2554	0.620254	0.444025	0.395417	0.306401	0.303081	0.26288	0.272942	0.305783	0.240102	0.199611	0.26258	0.229754	0.197596	0.124646	0.131188
-10.1812	1.26412	0.684527	0.515854	0.401959	0.378091	0.289739	0.273271	0.253244	0.249298	0.222606	0.131345	0.202295	0.218295	0.154148	0.098588	0.137172
-9.78932	1.34529	0.53076	0.433794	0.33539	0.315929	0.239922	0.283381	0.237436	0.217183	0.232935	0.202674	0.193132	0.17722	0.150171	0.11791	0.179282
-9.93892	1.39044	0.615724	0.462455	0.393477	0.332563	0.289092	0.312317	0.24921	0.274612	0.245007	0.236356	0.21123	0.218086	0.188787	0.154166	0.177106
-9.92249	1.39447	0.602636	0.469462	0.40834	0.3437	0.28142	0.292455	0.24966	0.272855	0.260918	0.211992	0.212487	0.21578	0.191115	0.168927	0.149038
-9.61922	1.37034	0.536512	0.446539	0.356147	0.326151	0.282337	0.242616	0.242301	0.23937	0.240773	0.21249	0.213123	0.193384	0.13102	0.166961	0.160997
-9.91149	1.38907	0.600943	0.457968	0.376144	0.340506	0.310049	0.288481	0.260798	0.242759	0.251184	0.225601	0.226687	0.231159	0.177938	0.184599	0.155413
-9.82824	1.43203	0.583637	0.437802	0.380829	0.340127	0.289992	0.272334	0.266785	0.235573	0.230785	0.218173	0.220952	0.209328	0.197606	0.19797	0.160253
-9.68324	1.43212	0.571471	0.452888	0.365065	0.33163	0.31181	0.246405	0.238634	0.225868	0.21265	0.1962	0.210194	0.192678	0.175193	0.167455	0.140163
-9.98274	1.35731	0.601356	0.454158	0.400615	0.342726	0.313741	0.266739	0.253146	0.293831	0.23887	0.229718	0.252164	0.201811	0.16393	0.209814	0.151684
-9.80989	1.35249	0.556694	0.415521	0.343005	0.305858	0.263049	0.239596	0.222263	0.247635	0.206871	0.186843	0.203383	0.187426	0.161063	0.176637	0.15293
-9.78132	1.34812	0.520081	0.394795	0.322859	0.27602	0.241737	0.220689	0.213823	0.205558	0.183297	0.169837	0.159907	0.150216	0.160522	0.148052	0.13849
-9.93219	1.31677	0.497813	0.428948	0.334823	0.269215	0.24786	0.21712	0.218822	0.189722	0.168617	0.170479	0.159749	0.15926	0.131688	0.133241	0.14016
-9.96395	1.27246	0.482094	0.452492	0.357578	0.258809	0.225653	0.228315	0.213351	0.202782	0.24087	0.219433	0.161925	0.175309	0.170096	0.169159	0.170227
-10.0375	1.3267	0.559809	0.425496	0.426695	0.329124	0.264732	0.258017	0.246481	0.213694	0.265083	0.20394	0.14933	0.177713	0.192622	0.206131	0.144101
-9.8536	1.32902	0.571266	0.394336	0.396237	0.306216	0.26981	0.261844	0.226169	0.232115	0.240209	0.195211	0.183931	0.168735	0.172628	0.195288	0.155018
-9.94702	1.31915	0.589941	0.388679	0.375809	0.312226	0.251397	0.246431	0.245018	0.236263	0.217721	0.204786	0.223417	0.210676	0.186382	0.194496	0.181114
-10.101	1.2891	0.591598	0.446197	0.434305	0.391048	0.255885	0.218311	0.319916	0.301632	0.245988	0.204911	0.229797	0.218809	0.21857	0.193484	0.14645
-9.74477	1.34766	0.517474	0.418864	0.362846	0.308244	0.239114	0.195145	0.22419	0.203491	0.210058	0.170198	0.210036	0.197408	0.155384	0.156638	0.149068
-9.98059	1.31635	0.619953	0.450399	0.398985	0.357716	0.340097	0.275359	0.263774	0.213447	0.224972	0.212305	0.243433	0.210141	0.201851	0.185715	0.149514
-9.98415	1.34705	0.644932	0.479373	0.453225	0.364497	0.318237	0.302765	0.261688	0.258656	0.244688	0.248514	0.234587	0.254561	0.220916	0.19103	0.157317
-9.77494	1.41762	0.582894	0.496204	0.442767	0.332285	0.28471	0.28913	0.262473	0.270054	0.243863	0.25456	0.217429	0.194404	0.150281	0.203216	0.176425
-10.1231	1.29917	0.664234	0.481594	0.472181	0.372414	0.287036	0.315709	0.331415	0.299635	0.226138	0.23604	0.195338	0.166999	0.169259	0.149683	0.153698
-9.92517	1.35652	0.59323	0.42347	0.395062	0.320249	0.273993	0.259517	0.245918	0.229821	0.199686	0.22223	0.215085	0.174811	0.194228	0.180013	0.186111
-9.86002	1.35087	0.539923	0.381447	0.342916	0.278985	0.236109	0.209822	0.217513	0.207329	0.174017	0.167971	0.183543	0.167735	0.154502	0.132902	0.129003
-10.1012	1.25045	0.607695	0.4015	0.370546	0.346357	0.244956	0.190929	0.223373	0.197878	0.171674	0.161846	0.130484	0.142215	0.113955	0.110931	0.0767495
-10.0559	1.27079	0.644332	0.486607	0.413477	0.375208	0.28229	0.218635	0.220446	0.215837	0.156646	0.162767	0.143602	0.182312	0.146011	0.0861982	0.108914
-10.1778	1.23435	0.638329	0.455018	0.400222	0.361016	0.291531	0.318719	0.236881	0.250763	0.226104	0.166927	0.160231	0.179789	0.205981	0.101996	0.157446
-10.206	1.19541	0.636418	0.442976	0.403764	0.33566	0.254674	0.350646	0.284552	0.25352	0.195984	0.135487	0.173673	0.171549	0.188064	0.117962	0.156921
-9.90447	1.33918	0.55656	0.387557	0.325405	0.287761	0.230153	0.230063	0.224804	0.17927	0.203295	0.163123	0.182653	0.164879	0.142158	0.160495	0.120129
-9.8585	1.35264	0.574296	0.437616	0.339626	0.292414	0.271926	0.24003	0.26079	0.199931	0.201055	0.159754	0.179287	0.162269	0.135043	0.188293	0.154158
-9.92987	1.35614	0.594097	0.456164	0.369166	0.315527	0.285681	0.25816	0.235897	0.22521	0.227286	0.193303	0.198195	0.180998	0.1618	0.177039	0.1153
-9.58469	1.42867	0.515683	0.460066	0.358227	0.309883	0.259131	0.249748	0.216507	0.22366	0.221816	0.208803	0.202092	0.172005	0.188932	0.162952	0.143097
-9.66935	1.43673	0.554962	0.446084	0.34316	0.317403	0.292058	0.282874	0.22654	0.265719	0.208567	0.218673	0.215728	0.193282	0.198739	0.191767	0.177411
-9.86504	1.37114	0.611342	0.513357	0.368817	0.373215	0.330055	0.283631	0.252907	0.294347	0.254014	0.232438	0.243906	0.205214	0.211484	0.18058	0.170419
-9.51924	1.42616	0.538385	0.476708	0.343398	0.320029	0.266849	0.254931	0.275229	0.249671	0.255317	0.25378	0.192505	0.175424	0.138889	0.182894	0.205601
-9.89689	1.39465	0.597008	0.511729	0.421021	0.369287	0.325568	0.31078	0.289787	0.272613	0.269902	0.244114	0.208631	0.219559	0.183336	0.172183	0.183223
-9.852	1.44038	0.568614	0.464651	0.383897	0.33488	0.304187	0.281486	0.262756	0.26429	0.235876	0.215746	0.236139	0.212546	0.205809	0.19047	0.183178
-9.57529	1.41768	0.523955	0.440661	0.35783	0.316484	0.303499	0.308217	0.244054	0.207262	0.176531	0.186368	0.194427	0.181134	0.193769	0.155438	0.17436
-10.1585	1.27576	0.600978	0.443979	0.466289	0.429999	0.362372	0.318267	0.336741	0.273134	0.203208	0.255293	0.290437	0.231016	0.221119	0.114775	0.161344
-9.86458	1.36961	0.555907	0.461793	0.42139	0.358204	0.302472	0.291543	0.305884	0.244048	0.245282	0.214507	0.197584	0.205758	0.217271	0.185321	0.22617
-9.82918	1.34284	0.56501	0.485863	0.375352	0.34273	0.277464	0.245871	0.229496	0.237966	0.210145	0.22023	0.22401	0.208952	0.218248	0.174397	0.15564
-10.2826	1.18781	0.636987	0.547449	0.492857	0.428464	0.332356	0.286365	0.272947	0.319624	0.215731	0.212493	0.283316	0.237564	0.1913	0.183157	0.201746
-9.80738	1.41083	0.574525	0.452902	0.376223	0.330793	0.316117	0.268333	0.241226	0.254689	0.225926	0.214879	0.203349	0.204393	0.189755	0.158605	0.157183
-9.83954	1.3597	0.600522	0.464592	0.362263	0.324843	0.293359	0.2626	0.254052	0.248667	0.195936	0.20806	0.199351	0.203174	0.153104	0.138715	0.12485
-9.97639	1.34908	0.609015	0.435761	0.414781	0.370991	0.282691	0.268116	0.270664	0.25067	0.188463	0.191338	0.198044	0.235709	0.179016	0.152539	0.179894
-9.79011	1.3684	0.49801	0.36552	0.320878	0.286832	0.212988	0.211285	0.208158	0.206164	0.175598	0.189781	0.181786	0.192684	0.151562	0.154714	0.166396
-9.96402	1.30509	0.546772	0.408679	0.275409	0.301299	0.21682	0.220045	0.22825	0.198703	0.191228	0.189229	0.13446	0.143083	0.131893	0.145086	0.159834
-10.0951	1.23756	0.527609	0.396448	0.299634	0.322119	0.204753	0.215969	0.234951	0.192652	0.169687	0.1926	0.164588	0.17877	0.138234	0.155003	0.147854
-9.97081	1.23968	0.516348	0.392934	0.337172	0.300762	0.216691	0.213882	0.223718	0.211393	0.168377	0.170449	0.161606	0.153245	0.10207	0.127289	0.164988
-9.90231	1.27479	0.508293	0.380388	0.348743	0.299004	0.234104	0.216931	0.227027	0.167816	0.111884	0.150753	0.192038	0.175516	0.109499	0.129381	0.139548
-10.0318	1.2797	0.59419	0.425171	0.389314	0.323167	0.23143	0.262931	0.258003	0.225859	0.190717	0.16042	0.202719	0.150912	0.129907	0.135559	0.145487
-9.83626	1.35634	0.54134	0.421807	0.365852	0.31404	0.25225	0.229663	0.236932	0.230311	0.19608	0.181422	0.202633	0.172152	0.166027	0.139698	0.145884
-10.0278	1.3294	0.613312	0.461264	0.42243	0.347711	0.319627	0.250501	0.260781	0.267507	0.234257	0.216766	0.231075	0.207442	0.191612	0.182284	0.168789
-10.1227	1.29979	0.625356	0.462468	0.45081	0.376927	0.325755	0.286495	0.285193	0.258925	0.267955	0.22135	0.218707	0.20389	0.185315	0.198007	0.184244
-7.3237	1.34253	0.15885	0.501199	0.200713	-0.0340649	0.0804185	0.105121	0.040123	0.240201	0.0763302	0.18452	0.136383	0.0471032	0.276235	0.121689	-0.0960678
-5.76988	1.4226	0.448517	0.651223	0.0596444	-0.113751	-0.0120599	-0.0217423	0.00613455	0.0265559	0.04243	-0.018309	0.130803	-0.00770021	-0.0475185	0.147692	-0.0140719
-4.57795	1.72207	0.302248	0.559512	0.0341822	-0.171258	-0.247567	-0.0693973	0.0625332	-0.0280178	-0.0128446	-0.0664361	0.230552	-0.0925505	-0.0573439	0.304226	0.254226
-4.26503	1.9009	0.322286	0.463827	-0.148933	-0.292475	-0.301625	-0.228283	0.03765	-0.18018	-0.156082	-0.164051	0.221911	-0.272916	-0.14692	0.232381	0.138235
-3.35837	1.90996	-0.102639	0.532309	-0.277046	-0.315347	-0.452842	-0.348113	0.157613	-0.320911	0.0696453	-0.250331	0.44621	-0.363271	-0.101923	0.106056	0.100263
-3.17504	1.61517	-0.361818	0.463883	-0.418309	-0.415931	-0.50882	-0.441825	0.0120401	-0.270059	-0.119282	-0.302816	0.0774791	-0.404046	-0.22961	-0.0668799	-0.105468
-3.27937	2.14426	-0.576974	0.535683	-0.38794	-0.552206	-0.442572	-0.426761	-0.0108852	-0.164691	-0.190035	-0.0905824	0.148502	-0.338592	-0.209392	0.0518978	0.0729744
-3.20202	2.07613	-0.68537	0.601217	-0.52702	-0.474207	-0.412898	-0.418159	0.148176	-0.346894	0.0578509	-0.30265	0.0558107	-0.418273	-0.182156	-0.0269613	-0.0102105
-3.04111	1.95671	-0.764088	0.621246	-0.51705	-0.457161	-0.507442	-0.388718	0.0430094	-0.296506	-0.110489	-0.227943	0.0595569	-0.39592	-0.199442	-0.0206838	-0.133367
-3.28791	2.18046	-0.651679	0.372055	-0.339159	-0.561341	-0.707716	-0.35472	0.0100952	-0.202166	-0.150365	-0.21382	-0.161298	-0.307469	-0.156433	-0.0902669	0.0480967
-3.35242	2.45257	-0.99229	0.555294	-0.103557	-0.739518	-0.429243	-0.465668	-0.114042	-0.0546287	-0.11362	-0.326615	-0.0680412	-0.339076	-0.20104	-0.136951	0.0394564
-2.88577	2.77599	-0.670471	0.699234	0.0222417	-0.355915	-0.0626973	0.0793854	0.0806877	-0.173902	0.10699	-0.127881	0.36571	-0.246178	-0.0388089	-0.120057	0.0988548
-3.33795	3.17381	-0.456819	0.649291	0.113064	-0.0904748	-0.11504	-0.246897	0.205339	-0.0551416	0.0731236	-0.234781	0.194724	0.128378	-0.0304465	-0.504498	-0.258766
-3.55157	3.56616	-0.753782	0.554502	0.204512	-0.0116117	-0.046973	-0.121157	-0.0899896	-0.164206	0.129268	0.0710984	0.157735	-0.0724987	0.0740443	-0.663899	-0.2345
-3.59464	3.28774	-0.394911	0.284944	0.27059	-0.000818383	0.0952015	0.00730471	-0.129357	-0.210711	0.0102875	0.116612	0.0199897	0.0210928	0.012186	-0.393949	-0.105795
-3.92468	3.80665	-0.453393	0.302741	-0.135306	0.170588	0.249585	0.0949774	-0.113502	-0.480913	0.104826	0.0800875	0.138311	0.0546547	-0.024053	-0.462274	-0.310109
-4.20775	3.83099	-0.307604	0.12132	-0.286596	0.0621621	0.438424	0.15967	-0.18923	-0.470487	0.145195	0.0872243	-0.00531647	0.107715	0.199976	-0.602403	-0.442687
-4.1551	3.68029	-0.365172	0.155216	-0.443803	0.0546489	0.151774	0.0779138	-0.0783429	-0.377963	0.150502	0.234985	-0.0245468	0.00477843	0.0326275	-0.273571	-0.0953355
-4.25685	3.44627	-0.389792	0.122858	-0.136336	0.111584	-0.0378858	0.107147	-0.130179	-0.256414	0.178142	0.227906	-0.107735	-0.0584162	0.0427098	-0.34506	-0.0405446
-4.40471	3.46377	-0.480679	-0.182873	-0.232773	-0.0758683	0.0579312	0.0702533	-0.165471	-0.11682	0.34147	0.138241	0.000354331	-0.029162	-0.208007	-0.602794	-0.350789
-4.24562	3.31032	-0.134522	0.140948	-0.408405	-0.118296	-0.00277649	0.172269	0.0169495	-0.489866	0.21836	0.0549212	0.0792818	0.000101212	0.135574	-0.2295	-0.260231
-4.23056	3.35861	-0.358746	-0.091608	-0.184592	0.0442432	-0.080057	0.164099	-0.154269	-0.472627	0.210851	0.225744	-0.0318355	0.102954	0.0589908	-0.336015	-0.290182
-4.01853	3.23142	-0.411552	0.0851528	-0.425849	-0.0194077	-0.107186	0.0994806	-0.159743	-0.49874	0.248455	0.104411	0.136554	0.00438385	0.156976	-0.358603	-0.171976
-3.82991	3.2558	-0.445093	0.0892677	-0.283492	0.288795	-0.105421	0.0531314	-0.151213	-0.519253	0.0987449	0.0739424	0.123718	0.0250221	0.173314	-0.118796	-0.0978743
-3.92111	3.42259	-0.738506	0.0918101	-0.310968	0.0804335	-0.108632	-0.0374703	-0.13764	-0.61219	0.222231	0.25839	0.105272	-0.0313728	0.0660279	-0.255942	-0.149624
-3.64583	3.2003	-0.741337	0.174818	-0.267952	0.23843	-0.236593	-0.0951544	-0.0979609	-0.490356	0.326349	0.162731	-0.0542806	-0.123657	0.0744951	-0.127923	0.0232506
-3.70886	3.28319	-0.889929	0.108281	-0.280608	0.369488	-0.381335	-0.224919	-0.144935	-0.471274	0.55041	0.0933903	-0.222263	-0.122359	0.0241985	-0.148951	-0.0134756
-3.39722	3.13635	-0.930657	0.438777	-0.116538	0.248528	-0.199048	-0.295441	0.111574	-0.357807	0.524479	0.0700072	-0.0286382	-0.122404	0.140664	-0.229601	0.0959568
-3.24478	2.99369	-1.09322	0.656027	-0.246453	0.368738	-0.301275	-0.432334	0.143721	-0.293222	0.383952	0.0602942	-0.115701	-0.0361718	0.137328	-0.122956	-0.102535
-3.31993	3.13495	-1.08737	0.701701	-0.0606916	0.26985	-0.301204	-0.413456	0.193971	-0.19438	0.322715	0.0196497	-0.0546363	0.0599742	0.0770935	-0.118837	-0.0991122
-3.6765	3.51951	-0.95532	0.676914	0.0736287	0.324711	-0.110314	-0.514415	0.373299	-0.140034	-0.0394806	0.239927	-0.0719429	-0.0553302	0.176957	-0.0360804	-0.0196666
-4.08323	2.93934	-0.00880122	0.418521	0.12355	0.0819995	-0.078612	-0.446972	0.306997	0.0283913	-0.109843	0.127009	-0.0552365	-0.0796456	0.112572	-0.0418134	-0.223338
-4.0242	2.3137	0.163292	0.864319	0.0798526	0.0050449	-0.12183	-0.0283471	0.307406	-0.0884734	0.0464518	0.0378408	-0.0187544	-0.0103011	0.0495923	-0.335282	0.10951
-3.73101	1.28739	0.516539	0.529783	0.163981	-0.0515489	-0.0553596	0.278335	0.0606946	0.121524	-0.170892	-0.068353	0.0530762	0.0976525	-0.0598248	-0.199373	-0.286619
-4.15627	1.00697	0.601777	0.690419	0.345315	-0.00691017	-0.0530007	-0.105296	0.490617	0.0631014	-0.300214	-0.10127	0.490159	-0.161658	0.0384691	-0.425432	-0.253178
-4.47558	0.55688	0.955209	0.800932	0.314429	0.364526	0.00158948	-0.00458388	0.0915069	0.0535643	-0.0704381	0.158829	-0.048902	-0.0862027	0.130774	-0.166618	-0.211467
-5.16316	0.0572003	1.03866	1.16676	0.499765	0.471751	-0.197384	-0.187145	0.113012	-0.134193	-0.136733	0.0296659	-0.105765	0.0436821	-0.0154336	-0.0194949	-0.144587
-5.01336	-0.109699	0.736158	0.726131	0.478907	0.810242	0.332912	0.0114844	0.350437	0.00112484	0.0373255	-0.0979655	-0.0488369	-0.169802	-0.105496	0.031604	0.00104106
-5.1653	-0.511869	0.645224	0.449511	0.361026	0.580118	-0.0274704	-0.113333	0.210432	-0.0875662	-0.232822	-0.160078	0.0043894	-0.0116364	-0.139643	-0.122467	0.0889528
-5.05152	-0.306955	0.794821	0.425077	0.340268	0.658096	-0.110329	-0.0276526	0.116889	-0.0615673	-0.086098	-0.0356559	0.0822483	0.130608	-0.132787	-0.000807006	0.04974
-4.82237	0.179134	1.18716	0.549755	0.417992	0.600378	-0.267515	-0.170889	-0.233491	-0.235834	-0.10433	-0.124294	0.153338	0.173395	-0.119512	0.103639	-0.0770076
-4.53067	0.412325	1.34815	0.6607	0.313192	0.491259	-0.343511	-0.0263234	-0.186143	-0.267061	-0.20712	-0.225729	0.174668	0.17888	-0.0435182	0.0459413	-0.0943653
-4.60005	0.373481	1.33977	0.681762	0.262995	0.506635	-0.303189	0.00118126	-0.191565	-0.336536	-0.206233	-0.250635	0.123579	0.164728	0.0922656	-0.0186543	-0.0876873
-4.94127	0.298179	1.2021	0.577329	0.187272	0.470253	-0.279263	0.0188261	-0.189276	-0.225303	-0.0924911	-0.339269	-0.0537843	0.0823526	-0.0348042	-0.115553	-0.0710104
-5.42525	0.7681	1.2223	0.902789	0.227905	0.917219	-0.29824	-0.392819	-0.133855	-0.00298604	0.0816475	-0.0222247	0.315408	0.0149438	-0.255887	-0.121929	-0.291115
-5.59605	2.00655	1.38547	0.614112	0.606337	0.593095	-0.305969	-0.0828281	-0.446752	-0.0402489	0.121115	-0.211473	-0.0310542	0.159197	0.0183675	-0.23653	0.0973473
-5.41154	2.65355	0.965731	0.691587	0.800123	0.200926	-0.46437	0.104178	-0.181471	-0.280369	0.228748	-0.319788	0.312753	-0.170045	-0.0915713	0.200374	-0.232968
-5.43011	3.22218	0.846037	0.524288	0.659608	0.147588	-0.272962	-0.155937	-0.4335	0.00856578	0.232397	-0.265921	0.271709	0.0690705	-0.170782	-0.115307	-0.0700999
-5.14316	3.26952	0.480583	0.841116	0.685063	-0.176001	-0.29292	-0.0444798	-0.43392	-0.0275643	0.241784	-0.112667	0.3026	-0.110379	-0.0432617	-0.201749	-0.0651999
-5.08471	3.27819	0.373098	0.733635	0.683399	-0.501481	-0.217103	-0.237226	-0.315669	-0.071905	0.262297	-0.209311	0.613798	0.0446537	-0.268853	-0.212982	-0.588595
-4.73929	3.0212	0.365091	0.718682	0.489318	-0.358407	-0.268703	-0.207926	-0.195943	-0.0837693	0.132968	-0.125295	0.533003	0.0860432	-0.169292	-0.307128	-0.569418
-4.53765	2.80838	0.31926	0.717463	0.309179	-0.250143	-0.409276	-0.113672	-0.209923	-0.117893	0.224624	-0.20366	0.540218	0.210599	-0.188427	-0.368746	-0.764204
-4.52895	2.8545	0.173321	0.747045	0.301292	-0.323927	-0.318652	-0.22327	-0.180132	-0.102531	0.276718	-0.31628	0.639589	0.177563	-0.113514	-0.441804	-0.886264
-4.41724	2.74704	0.00243893	0.846317	0.192433	-0.0840962	-0.548898	-0.174549	-0.209203	-0.092981	0.23444	-0.302959	0.58827	0.208346	-0.111593	-0.415228	-0.925342
-4.46393	2.90367	-0.1915	0.921625	0.198618	0.0188505	-0.594762	-0.176954	-0.177853	-0.158146	0.251753	-0.305359	0.471709	0.288767	-0.124723	-0.296108	-0.908566
-3.80907	2.51318	-0.360838	0.772855	0.0853431	0.454208	-0.254449	-0.419202	-0.0137855	-0.231807	0.0839763	-0.0814847	0.0436127	0.214184	0.0927835	-0.0830866	-0.55612
-3.47287	2.59496	-0.771448	0.587281	-0.228586	0.238919	-0.363166	-0.415226	0.256531	-0.100186	0.155999	-0.0581584	0.1284	0.144033	-0.262187	-0.00691658	-0.56333
-2.98096	2.31089	-0.949478	0.568565	-0.559724	0.425277	-0.181592	-0.42677	0.452832	-0.14896	0.234235	-0.163553	0.133545	-0.0921701	-0.0431387	-0.0901853	-0.541246
-2.83126	2.2763	-1.03133	0.506572	-0.596265	0.503026	-0.213552	-0.308524	0.407026	-0.103084	0.176003	-0.269565	0.162499	-0.093989	0.0186423	-0.075865	-0.424548
-2.77992	2.27063	-1.03613	0.420664	-0.515908	0.48389	-0.12774	-0.267376	0.421031	-0.0604189	0.116927	-0.282774	0.149622	-0.119817	0.0593129	-0.0332029	-0.322189
-2.88515	2.40121	-1.11091	0.444992	-0.584507	0.474864	-0.14233	-0.198929	0.34861	0.00184363	0.00414468	-0.227923	0.0710009	-0.058119	-0.0244109	0.0928176	-0.358549
-2.8975	2.47893	-1.13605	0.432109	-0.569205	0.496747	-0.106532	-0.140793	0.337877	0.105006	-0.0533297	-0.185848	-0.00274651	-0.02273	-0.0917965	0.153031	-0.25966
-2.88011	2.41449	-0.980905	0.307333	-0.446376	0.415662	-0.0281694	-0.157545	0.389594	0.131109	-0.0392721	-0.17949	-0.0302141	-0.00839824	-0.132755	0.144191	-0.114949
-2.95367	2.41559	-0.920319	0.255555	-0.471297	0.368136	-0.033106	-0.16616	0.323378	0.173235	-0.0603281	-0.165252	-0.0821291	0.0754957	-0.242392	0.16636	-0.129767
-2.99606	2.40213	-0.854169	0.241776	-0.458	0.33311	-0.0213848	-0.116393	0.240026	0.237418	-0.0329964	-0.130232	-0.116238	0.10075	-0.270454	0.159102	-0.162768
-3.11035	2.48906	-0.848391	0.215411	-0.432231	0.245141	-0.0502453	-0.0939834	0.153245	0.247442	-0.0347608	-0.147973	-0.100978	0.0972933	-0.264861	0.145037	-0.223211
-3.153	2.45626	-0.659411	0.108678	-0.321277	0.0908133	0.00539125	-0.15097	0.187031	0.204382	-0.02491	-0.145397	-0.104698	0.129069	-0.293875	0.127431	-0.218981
-3.28894	2.61663	-0.660919	0.162714	-0.311125	0.0970432	0.0543109	-0.270226	0.240019	0.142001	0.0557942	-0.148311	-0.0942517	0.150954	-0.336215	0.133623	-0.215051
-3.47747	2.74799	-0.556029	0.124731	-0.21575	0.144266	-0.0159356	-0.293091	0.169932	0.108659	0.11958	-0.132373	-0.0974987	0.231186	-0.392122	0.0832288	-0.1831
-3.90032	2.9421	-0.141829	-0.082219	-0.00991322	0.138663	0.0476383	-0.410389	0.188766	0.12078	0.0247679	0.0419523	-0.149739	0.308338	-0.43611	0.154673	-0.184359
-4.72347	3.22312	0.453405	0.096362	0.0874942	0.438347	0.11671	-0.441407	0.172965	0.34772	0.0314065	0.00136337	0.0859333	0.105727	-0.143934	0.119519	0.131451
-5.44247	2.371	0.911043	0.166311	0.482966	0.0955471	-0.289718	-0.436031	-0.313159	0.0028305	0.243607	-0.0942709	-0.00392502	-0.0813005	-0.384042	0.130917	0.077031
-6.52625	2.09335	1.5897	0.743804	0.359224	-0.0538029	-0.0715481	-0.100423	-0.197265	-0.380057	-0.299773	0.247452	0.145557	0.0809755	-0.0651408	-0.0649063	0.1453
-6.71157	1.46178	1.22493	0.288781	0.629468	0.116918	-0.565924	-0.139362	-0.164644	-0.251795	-0.560115	-0.0203663	-0.342089	-0.376112	-0.0166875	0.220188	-0.048226
-7.01261	1.31138	1.01965	0.197158	0.35361	0.0319516	-0.483578	-0.0466378	-0.406037	-0.0452367	-0.373031	-0.242654	-0.349624	-0.152867	-0.231392	-0.118203	-0.0420419
-7.0486	0.911859	0.945428	0.275095	0.547352	0.133096	-0.402831	0.0104596	-0.0939829	-0.0958089	-0.169442	-0.239468	0.0448671	-0.0220265	-0.0220818	-0.143764	-0.00668128
-7.09219	0.557709	0.808066	0.297722	0.337065	0.272212	-0.0909228	0.0266028	0.00143208	-0.0568824	-0.0917213	-0.18136	0.0547175	-0.0715298	0.0627567	-0.0975347	-0.0324494
-6.8008	0.40784	0.52826	0.407338	0.21592	0.190523	-0.0429563	0.0907571	0.0266485	-0.11257	0.0229228	-0.0722301	0.144906	-0.11199	0.041389	-0.0621231	-0.0702498
-6.20881	0.633936	0.164313	0.107926	0.0845676	0.087716	-0.0492588	0.2156	-0.0796261	-0.0869903	0.0783284	0.131609	0.292993	-0.073331	-0.0719199	-0.078918	-0.0224333
-5.82179	0.57644	0.0917017	0.0522581	0.085984	0.0372145	-0.135304	0.0946234	-0.110057	-0.165843	0.00263239	0.0984535	0.221515	0.0323735	-0.183522	-0.10908	0.0273069
-5.7	0.578453	0.0447144	0.0766284	0.122304	0.0877491	-0.1779	-0.0664163	-0.142347	-0.249656	-0.236114	-0.0758801	0.00653401	-0.0643179	-0.191222	-0.104236	-0.0219393
-5.47952	0.551924	0.0525986	0.267977	0.139831	0.0749685	-0.0613016	-0.0909757	-0.244967	-0.298303	-0.32596	-0.0376072	0.0524778	-0.0999723	-0.0863762	-0.010002	0.0075197
-4.99424	0.780962	0.151149	0.550207	0.238764	0.0556306	-0.0662903	0.0203534	-0.0729656	-0.0704141	-0.180802	0.0545572	0.252685	-0.0902545	0.00650516	-0.0708798	0.0696959
-5.94647	1.01644	0.93525	0.350966	0.170543	-0.255103	0.13115	0.475186	-0.0564985	0.0682581	-0.0968389	-0.0168333	0.303542	-0.238664	-0.341886	0.00894166	0.0245394
-5.89553	1.06452	0.69274	0.577974	0.276666	0.183648	0.0926898	0.0932824	-0.191394	0.121728	0.0353238	0.206666	0.290342	-0.127504	-0.235676	-0.252533	0.0067735
-6.01789	2.14196	0.791927	0.792152	0.212432	0.21479	0.107042	0.219009	0.274313	0.0183171	0.375685	-0.21122	-0.231225	-0.331612	-0.0244314	-0.265755	0.127256
-4.33229	1.9002	0.835183	1.50086	-0.0783996	-0.662448	-0.0592588	0.138348	-0.0211175	-0.26428	0.171098	0.142531	0.259777	-0.215026	-0.0743065	0.0250145	-0.191074
-4.02189	2.19262	-0.0197822	0.80509	-0.0860095	-0.385098	-0.0413891	-0.278421	-0.0336047	-0.147557	-0.0755321	0.0915723	0.0208425	-0.0945335	-0.072946	-0.0852847	-0.343976
-4.03955	2.35011	-0.0178769	1.16474	-0.26259	-0.190071	-0.176622	-0.250073	0.0178375	-0.352295	0.263362	-0.157652	0.379162	-0.154123	0.11098	-0.190504	-0.192618
-3.94099	2.15541	0.152999	1.26201	-0.33411	-0.0373749	-0.232724	-0.149605	-0.200028	-0.0592619	0.00892226	-0.011294	0.263506	0.0753359	-0.014452	-0.144462	-0.104041
-3.97186	2.12356	0.112571	1.24784	-0.253809	-0.0459597	-0.215595	-0.235097	-0.252567	-0.138668	-0.00971659	-0.0413576	0.323608	0.0308271	-0.0524501	-0.107948	-0.113241
-4.00685	2.04694	0.259626	1.30778	-0.21528	-0.00051605	-0.18665	-0.206786	-0.26356	-0.152959	-0.0175023	-0.0242185	0.381039	-0.0252258	0.00954156	-0.121193	-0.0477125
-4.31181	2.32259	0.182054	1.29634	-0.193404	0.0605435	-0.119243	-0.394373	-0.161865	-0.323538	-0.0113861	-0.153463	0.503593	-0.0851053	-0.0555165	-0.040157	-0.0982248
-4.51021	2.58375	0.236327	1.36793	-0.177569	0.338022	-0.0946812	-0.484347	-0.0222989	-0.252647	-0.085321	-0.112947	0.698194	-0.113695	-0.157866	0.221755	-0.131765
-4.84322	2.77861	0.0592721	1.45564	-0.167859	0.213938	-0.248653	-0.365439	-0.310482	-0.366758	-0.0778645	-0.127026	0.585799	-0.158128	-0.0885751	0.0407319	-0.22923
-4.8509	2.63323	0.376413	1.25387	0.0357201	0.0601532	-0.218155	-0.355646	-0.301573	-0.483709	0.0992528	-0.151985	0.552451	-0.162471	-0.10389	0.0460164	-0.227639
-4.9615	2.63727	0.377362	1.24129	-0.0856318	-0.0785928	-0.395181	-0.0889502	-0.617509	-0.453863	-0.045414	-0.0574404	0.334865	-0.120006	-0.321337	0.0637401	-0.281342
-5.06205	2.83304	0.55487	1.16194	0.0448284	-0.00678107	-0.418848	0.117409	-0.61876	-0.454992	0.0918549	0.00418182	0.304584	-0.01411	-0.271695	0.0365815	-0.149516
-5.22176	2.86163	0.465404	0.829364	0.164754	-0.0825773	-0.584283	-0.0483918	-0.71613	-0.646777	0.120626	-0.125818	0.0902402	0.0105618	-0.286075	-0.123699	-0.349917
-5.30575	2.94941	0.681869	0.832427	0.248605	-0.255301	-0.482824	0.0190748	-0.569149	-0.637966	0.170521	-0.189093	0.2758	-0.105555	-0.221868	-0.224467	-0.130411
-5.44446	3.0561	0.5909	0.860431	0.228844	-0.151132	-0.672359	0.111241	-0.749497	-0.517814	0.0766717	-0.170625	0.14099	0.0317965	-0.351261	-0.214738	-0.162997
-5.6472	3.00032	0.641679	0.698404	0.352857	-0.385982	-0.629725	-0.0909114	-0.778171	-0.667971	0.196411	-0.430058	0.155884	-0.0346855	-0.500952	-0.255757	-0.257539
-6.06066	3.30325	0.674386	0.769357	0.309167	-0.115729	-0.668611	-0.209693	-0.785735	-0.484846	-0.029272	-0.157978	9.29085e-05	0.0329885	-0.485702	-0.31542	-0.149317
-5.46279	2.85589	0.561445	0.901817	0.332798	0.296623	-0.301374	-0.372605	-0.31292	-0.474286	-0.178173	-0.175057	0.138381	0.119294	0.0633194	-0.0821024	-0.192431
-5.32007	2.82467	0.102613	1.11964	0.652464	0.607264	-0.254374	-0.322738	-0.255388	-0.447404	-0.248808	0.048548	0.0606421	0.39033	0.206728	0.111978	-0.0917617
-6.01506	2.36324	0.230421	0.521017	0.00945296	-0.00889143	-0.118717	-0.282833	-0.594621	-0.606377	-0.427038	-0.461275	-0.498377	-0.426104	-0.352678	-0.0489362	-0.32901
-5.50232	2.02039	0.548151	0.712552	-0.0595748	0.0521278	-0.373369	-0.022004	-0.0697549	-0.460195	-0.2398	0.0498544	-0.106539	-0.0444006	-0.235299	-0.0540493	0.165089
-5.26612	0.805436	0.435735	1.00293	0.508396	0.644588	-0.490529	-0.420195	-0.0788859	-0.206541	-0.150581	0.0276182	-0.328153	-0.105639	-0.0804616	-0.0383514	0.146424
-5.36509	-0.44285	0.265297	0.836372	0.563408	0.688528	-0.395457	-0.139242	0.310175	-0.422541	-0.439299	-0.3206	-0.489779	-0.377729	-0.369342	-0.289307	-0.019489
-5.83893	-0.597391	-0.151695	0.441757	0.479059	0.614179	-0.424613	-0.388705	-0.00337365	-0.270847	-0.196945	-0.107272	-0.629967	-0.158919	-0.194309	-0.4936	-0.145549
-5.52087	-0.433246	0.102206	0.534525	0.452355	0.742667	-0.302145	-0.194615	0.103588	-0.0880695	-0.0301853	0.0106231	-0.14415	0.0294446	0.0812841	-0.0201058	0.189759
-5.53535	-0.590291	0.262193	0.366523	0.347061	0.776811	-0.250589	-0.17512	0.0677118	-0.127426	0.0034831	-0.00360437	-0.0681378	-0.0100822	-0.0985517	-0.00768142	0.0884282
-5.48015	-0.784573	0.41478	0.218791	0.147814	0.710425	-0.198301	-0.189965	-0.00641649	-0.177054	0.0925009	-0.0295341	-0.100354	0.0575725	-0.0670312	-0.0109361	-0.046635
-5.40751	-0.893861	0.4197	0.110883	0.00166806	0.507563	-0.255743	-0.178098	0.0476501	-0.1263	0.149056	0.176641	0.0956701	0.15747	-0.0961137	0.11401	0.13431
-5.43756	-0.862193	0.333776	0.0931007	-0.00492044	0.484116	-0.155556	0.0779704	0.144975	-0.178272	0.125929	0.237637	0.19552	0.205676	-0.161044	0.131688	0.162764
-5.39452	-0.925334	0.281485	-0.0112002	-0.109656	0.365505	-0.064907	0.215816	0.282724	-0.106945	0.157999	-0.0388421	0.0497339	0.238086	-0.21061	0.0993484	0.188238
-5.27445	-1.02521	0.372738	0.0470668	-0.14327	0.37456	-0.124672	0.225133	0.285947	-0.085462	0.208842	-0.129276	0.0304956	0.282817	-0.175131	0.0851857	0.132783
-5.21244	-1.07099	0.331005	0.0562956	-0.138119	0.444976	-0.216477	0.0308215	0.189092	-0.123027	0.171312	-0.145883	0.00683608	0.340926	-0.0319348	0.0365433	0.176158
-5.086	-0.847723	0.37702	-0.0298846	-0.095431	0.595884	-0.254833	-0.0915117	0.143861	-0.12719	-0.0110645	-0.155019	0.0524741	0.25651	-0.0313259	0.136683	0.260551
-4.97983	-0.719317	0.501479	0.0107192	-0.231915	0.542465	-0.306055	-0.0457225	0.345343	-0.0980568	-0.164488	-0.122552	0.114272	0.154456	-0.0841817	0.0992798	0.156468
-4.95786	-0.678795	0.577127	0.245408	-0.337601	0.381549	-0.473796	-0.124749	0.46337	0.0452016	-0.0754787	-0.149033	0.0632497	0.18468	-0.0820036	0.0653016	0.124727
-4.94153	-0.455867	0.301094	0.317992	-0.089506	0.448969	-0.470998	-0.137976	0.407928	0.127749	0.00204797	-0.0686819	0.000784658	0.0869543	-0.0247467	0.0831212	-0.0146899
-5.17194	0.209236	0.282941	0.445458	-0.210477	0.355256	-0.405986	-0.0580513	0.365611	0.0642948	-0.188735	-0.232217	-0.0277439	0.647262	-0.0403754	-0.428208	-0.166595
-5.4899	1.8389	0.539794	0.625854	0.294416	0.991649	-0.161227	-0.313326	0.586762	0.617619	0.0493314	-0.117688	0.35777	0.297274	-0.216946	-0.164677	0.192058
-4.37306	3.01413	0.0054343	0.167363	0.0249718	0.374659	-0.158675	-0.387642	0.290722	-0.0733118	0.0852278	-0.195989	0.103738	0.12423	-0.242368	0.168585	-0.124808
-3.85367	3.16648	-0.741288	0.332888	0.229294	-0.242386	0.106883	-0.409379	0.0563921	0.0627081	0.0499947	-0.277276	0.0887745	-0.0260679	-0.149458	0.0493987	-0.162645
-3.68414	3.30813	-0.763541	0.549287	-0.239972	0.136254	-0.0978346	-0.398507	0.23034	0.0517244	0.34546	-0.284789	0.225068	0.121003	-0.156829	-0.00537622	-0.139515
-3.56943	2.9887	-0.578817	0.24849	-0.20906	0.0118052	-0.0594936	-0.609566	0.253234	0.0552423	0.218344	-0.239865	0.16471	0.11002	-0.237869	0.0333883	-0.317867
-3.54718	3.02881	-0.594267	0.0456184	0.0325301	-0.134095	0.0351507	-0.631112	0.295606	0.0947439	0.140859	-0.0596979	0.0199044	0.184595	-0.202309	-0.0537301	-0.268798
-3.5944	3.11113	-0.77901	0.146336	-0.140672	-0.0839538	0.00197384	-0.64122	0.266529	0.0215389	0.246034	-0.262413	0.144816	0.0579427	-0.169297	-0.0156797	-0.3689
-3.45743	2.78337	-0.853751	0.222748	-0.369826	-0.0852526	-0.0634046	-0.721862	0.226567	-0.103379	0.214672	-0.27925	0.00399134	0.0285943	-0.19116	-0.0172297	-0.517852
-3.59343	2.79462	-0.963213	0.283792	-0.55194	-0.0403022	-0.26686	-0.565764	-0.0583662	-0.0733828	0.079167	-0.216646	-0.129443	0.0184987	-0.234089	-0.00913728	-0.647189
-3.57902	2.85696	-0.91705	0.333759	-0.476628	-0.0550649	-0.138407	-0.537373	0.0553703	-0.186048	0.2732	-0.167587	-0.0828817	0.0156612	-0.142763	-0.0528136	-0.513645
-3.69384	2.96079	-0.903571	0.237416	-0.500967	-0.0189836	-0.151392	-0.517749	-0.105415	-0.169845	0.221425	-0.0431644	-0.213896	0.0557081	-0.187929	-0.0317593	-0.55666
-3.81747	3.30604	-0.851244	0.322274	-0.373073	0.062355	0.0112635	-0.409258	-0.0808585	-0.12292	0.357831	0.163906	-0.224354	0.189311	-0.150873	-0.000100688	-0.364034
-3.89301	3.34768	-0.694649	0.257071	-0.350448	0.0916816	0.047153	-0.347885	-0.109048	-0.23178	0.532551	0.0833431	-0.0575072	0.0586635	-0.0401784	-0.0370864	-0.304706
-4.06154	3.31097	-0.633382	0.0693677	-0.477932	-0.05853	0.00447974	-0.354828	-0.251828	-0.384493	0.359773	0.11113	-0.139101	0.0107669	-0.231481	-0.0210168	-0.436237
-4.498	3.42006	-0.431969	-0.128663	-0.494775	-0.463471	-0.045944	-0.214402	-0.431502	-0.600367	0.103306	-0.0468363	0.0429859	-0.0784287	-0.271541	-0.229276	-0.582154
-4.68417	3.75407	-0.428886	-0.0261637	-0.442982	-0.396891	-0.00359452	-0.0995241	-0.380574	-0.525088	0.0868561	0.122986	0.0271772	0.0122685	-0.227322	-0.247504	-0.412317
-5.02947	3.94455	-0.206169	0.0292437	-0.491943	-0.428898	-0.0969141	-0.0152788	-0.208845	-0.598671	0.10731	0.0685657	0.0158188	-0.0309629	-0.0575955	-0.250166	-0.429842
-5.37549	3.92862	0.23546	0.258584	-0.566955	-0.541962	-0.200502	0.263738	-0.154647	-0.554719	-0.00107358	0.190975	0.0348747	-0.00818325	-0.0980157	-0.227577	-0.26082
-5.66951	4.20198	0.185726	0.193635	-0.405095	-0.444027	-0.191306	0.0777478	-0.112199	-0.331729	-0.0218015	0.0680797	-0.123216	0.108034	0.149631	-0.178991	-0.368974
-5.87373	4.43613	0.284884	0.0402763	-0.017188	-0.357277	-0.00415856	0.00458309	-0.094379	-0.223396	0.11188	0.184062	-0.168054	-0.0498711	0.464831	0.0157487	-0.24076
-5.93743	4.50206	0.380594	0.10368	-0.0286097	-0.0443978	0.00823008	0.210135	-0.0629812	-0.335542	0.178894	0.250202	0.0775029	-0.0114032	0.324908	0.165992	0.0674052
-5.99634	4.43339	0.386574	-0.10131	0.156427	-0.294689	0.0335758	0.22806	-0.147418	-0.331133	-0.0887943	0.335145	0.0690735	-0.129379	0.206811	0.194053	-0.0218554
-5.96871	4.45706	0.457688	-0.100308	0.146129	-0.104663	0.000806859	0.284496	-0.0207983	-0.474808	0.038434	0.327467	0.184866	-0.0744417	0.157609	0.238011	0.10863
-5.88455	4.35786	0.34179	-0.142902	0.145978	-0.134813	-0.0414262	0.161295	-0.089274	-0.378019	-0.108798	0.263182	0.188369	-0.0989645	0.0551186	0.263471	-0.0761068
-5.92537	4.4883	0.0650994	-0.199773	0.170404	-0.189228	-0.124112	0.040613	-0.157877	-0.388551	-0.181921	0.181093	0.0994067	-0.0541945	0.0448323	0.172831	-0.286002
-5.71086	4.41059	0.140792	-0.229125	0.246014	-0.103206	-0.111267	0.115111	-0.164533	-0.247777	-0.287476	0.265036	0.230298	-0.00512631	0.199638	0.0882035	-0.136966
-5.6475	4.49855	0.0516107	-0.316086	0.272459	-0.23506	-0.0770072	0.117779	-0.169757	-0.280565	-0.288735	0.289641	0.184235	0.0759168	0.106496	0.1155	-0.192178
-5.39266	4.24994	0.0314603	-0.552276	0.243459	-0.28233	-0.101452	0.0218144	-0.21164	-0.307737	-0.394626	0.302798	0.180933	-0.00296589	-0.0202539	0.0534996	-0.310774
-5.2257	4.20056	-0.227709	-0.510075	0.193712	-0.181401	-0.256446	-0.0251746	-0.21558	-0.265864	-0.425961	0.356907	0.0751536	-0.0504761	-0.0863745	0.0481818	-0.375409
-4.99407	4.06403	-0.393599	-0.532414	0.227643	-0.133066	-0.199997	-0.144873	-0.221792	-0.227363	-0.343079	0.396496	0.0591431	-0.113183	-0.246655	0.108224	-0.331967
-4.8848	4.00822	-0.545369	-0.586973	0.250276	-0.0917814	-0.273589	-0.103076	-0.297794	-0.119874	-0.362672	0.40327	0.00977264	-0.12569	-0.347074	0.120974	-0.364277
-4.79451	3.96122	-0.642816	-0.53176	0.315952	-0.0238491	-0.337156	-0.137461	-0.244326	-0.0718271	-0.15893	0.330109	0.0126879	-0.228917	-0.273684	0.128981	-0.291774
-4.80843	3.98197	-0.712049	-0.538367	0.426753	-0.199601	-0.269721	-0.171526	-0.247536	0.0128581	-0.152521	0.271728	0.0545562	-0.313048	-0.276842	0.167518	-0.341334
-4.76107	4.01366	-0.921706	-0.347519	0.295783	-0.0844308	-0.272267	-0.26205	-0.188199	0.0572693	-0.116386	0.280363	-0.0136923	-0.266246	-0.293665	0.176368	-0.32548
-4.75154	3.97644	-0.977494	-0.272474	0.267009	-0.106182	-0.325315	-0.237642	-0.203269	0.11371	-0.168483	0.242146	-0.00214585	-0.241921	-0.334446	0.15781	-0.376273
-4.72476	4.02992	-0.959763	-0.277295	0.38774	-0.137816	-0.279772	-0.161452	-0.152382	0.121712	-0.117002	0.239905	0.0502869	-0.222686	-0.276657	0.134481	-0.224486
-4.675	4.0209	-0.942385	-0.256602	0.351027	-0.0680069	-0.246669	-0.104312	-0.145545	0.0945697	-0.0359888	0.168585	0.148642	-0.264567	-0.231224	0.108609	-0.12261
-4.88788	4.25642	-0.936792	-0.214604	0.355973	-0.124896	-0.0789582	-0.166838	-0.0980622	0.00829925	0.0518216	0.10002	0.280364	-0.325334	-0.150268	0.0133629	0.0106361
-5.18971	4.40529	-0.971842	-0.145654	0.210371	-0.0556062	-0.166851	-0.118914	-0.179768	-0.114303	0.059512	0.0506015	0.29972	-0.463011	-0.131251	-0.0486358	-0.148523
-5.42338	4.03625	-0.412747	-0.193765	0.34424	-0.0178593	-0.0209076	-0.0864446	-0.170853	-0.102267	-0.00158649	0.158258	0.330556	-0.375271	-0.272304	-0.088194	0.109279
-6.3256	3.94589	-0.185846	-0.357992	0.388716	0.0602567	-0.0303403	0.148657	-0.335576	-0.127293	-0.137672	0.0459837	0.262763	-0.480378	-0.521842	-0.0348287	-0.103141
-6.32913	2.56367	0.624865	0.55129	0.687307	0.117522	-0.340736	-0.19534	-0.654373	-0.214129	-0.170077	0.159313	0.0728671	-0.596818	-0.203225	-0.195507	-0.0889935
-6.08349	2.55472	0.69322	0.384803	0.576153	0.010176	-0.471797	0.0518818	-0.641756	-0.1885	-0.497927	-0.0218277	0.126889	-0.363242	0.0121944	-0.338339	-0.432641
-5.85549	3.47389	0.264148	0.222357	0.930314	0.224973	0.0742025	-0.0416082	-0.365462	-0.00877354	-0.202948	-0.062077	0.299782	-0.0267481	-0.146373	0.0473527	0.102078
-5.71736	3.35598	0.0615611	0.181077	1.0749	0.155442	0.253463	-0.257674	-0.544331	-0.147823	-0.505363	-0.0293383	0.0766886	-0.0917666	-0.214415	0.114034	-0.0307619
-5.71855	3.54848	-0.211724	0.15206	1.18183	0.17707	0.145426	-0.0657308	-0.593936	-0.162817	-0.645162	-0.124245	0.0743306	-0.117937	-0.145511	0.0664936	9.78284e-05
-5.70389	3.63743	-0.256526	0.0770026	1.22911	0.0693366	0.142415	-0.0319917	-0.582411	-0.163847	-0.594386	-0.176219	0.141108	-0.212157	-0.0750898	-0.0127021	0.0569265
-5.6867	3.64576	-0.240798	0.0501897	1.27369	0.0583066	0.203201	-0.0794511	-0.483419	-0.229855	-0.552448	-0.235546	0.17983	-0.122951	-0.157658	0.0832301	0.0459306
-5.61742	3.55906	-0.262145	0.0170848	1.25291	-0.0379478	0.310876	-0.226767	-0.421539	-0.283116	-0.60156	-0.196013	0.0960468	-0.0923085	-0.256684	0.178761	-0.106745
-5.72287	3.63236	-0.252424	-0.148265	1.27277	-0.0232203	0.170615	-0.053165	-0.591174	-0.190721	-0.674389	-0.277045	0.110495	-0.146292	-0.369707	0.220191	-0.201226
-5.60729	3.57729	-0.193996	-0.128813	1.24699	0.161242	0.0648403	0.0708929	-0.527303	-0.275644	-0.542108	-0.142402	-0.0664666	0.0172277	-0.244507	0.0488691	0.0414527
-5.54866	3.52316	-0.36458	-0.067245	1.14345	0.122112	0.134681	-0.0119003	-0.551312	-0.206987	-0.600619	-0.234519	-0.0336116	-0.0929284	-0.337468	0.0762426	-0.0528356
-5.46558	3.4291	-0.368457	-0.0483957	1.06601	0.170538	0.108876	-0.0496908	-0.533574	-0.239575	-0.538734	-0.280618	0.0493593	-0.175065	-0.271268	0.0291649	-0.0630932
-5.46165	3.46424	-0.364696	-0.0781878	1.08433	0.1594	0.0231749	0.0165802	-0.621748	-0.209754	-0.517435	-0.183302	-0.023728	-0.123424	-0.278827	0.0269956	-0.0711427
-5.08729	3.46473	-0.374531	-0.081522	0.699852	-0.0598448	-0.0581086	-0.0750571	-0.332614	-0.228192	-0.285359	-0.193471	-0.119732	-0.0907153	-0.394809	0.00433002	-0.0812192
-4.93478	3.7986	-0.678944	-0.590321	0.465122	-0.661052	0.206917	-0.0303414	-0.152616	-0.193866	-0.524803	-0.179054	-0.333165	-0.227761	-0.673741	0.0479254	0.052523
-4.52058	3.77749	-0.999839	-0.631685	0.348356	-0.603549	0.315259	-0.00145129	-0.342171	-0.108761	-0.727912	-0.201257	-0.159016	-0.428107	-0.40637	0.0862569	-0.0999724
-4.43716	3.84274	-1.12462	-0.549444	0.320575	-0.243939	0.323565	0.29017	-0.348875	-0.0695244	-0.599469	-0.219901	-0.152348	-0.316869	-0.309702	0.184745	0.0698753
-4.41471	3.95429	-1.16756	-0.620584	0.548207	-0.34563	0.549217	0.162542	-0.188215	-0.0353117	-0.626947	-0.0494626	-0.233262	-0.254433	-0.227451	0.134499	0.235295
-4.21197	3.76664	-1.10007	-0.644578	0.512119	-0.176332	0.4013	0.181623	-0.21322	-0.0692268	-0.487095	-0.180918	-0.0426087	-0.353601	-0.134888	0.133078	0.215535
-4.22503	3.91035	-1.14125	-0.777697	0.739249	-0.267863	0.392602	0.225714	-0.264654	-0.034426	-0.399762	-0.258949	0.102762	-0.402601	-0.102662	0.150278	0.234139
-4.21666	4.04497	-1.22727	-0.726424	0.868947	-0.399949	0.623857	0.064436	-0.168766	0.0633787	-0.477883	-0.0909722	0.0470507	-0.282318	-0.128074	0.211351	0.300115
-4.06297	3.96869	-1.17261	-0.59673	0.774018	-0.175781	0.483265	0.205377	-0.189852	0.152695	-0.385548	-0.0694265	0.133174	-0.268657	-0.0119657	0.200529	0.419897
-4.08346	4.03962	-1.03082	-0.730893	0.870318	-0.177841	0.395501	0.292563	-0.186773	0.157645	-0.273218	-0.124462	0.174472	-0.156464	-0.0913983	0.29969	0.41107
-4.07792	4.0435	-1.09865	-0.694758	0.74093	-0.214567	0.427597	0.0915278	-0.0957367	0.108539	-0.312775	-0.0957321	0.0757274	-0.0578733	-0.180377	0.297607	0.310221
-3.97441	3.97379	-1.03682	-0.642094	0.73172	-0.198834	0.443536	0.136497	-0.164857	0.282816	-0.36029	0.0102516	0.0908315	-0.0741782	-0.0497991	0.23147	0.395771
-4.00841	4.09942	-1.05594	-0.635813	0.730483	-0.222029	0.460405	0.101754	-0.140806	0.338275	-0.341746	0.0352598	0.0714395	0.0400343	-0.110501	0.236943	0.405563
-3.94578	4.00195	-1.03762	-0.626202	0.631816	-0.0978426	0.313689	0.115236	-0.141644	0.303083	-0.275145	0.0118182	0.078042	0.050029	-0.140686	0.252763	0.358209
-4.01932	4.03833	-1.15171	-0.672898	0.511545	-0.100876	0.117538	0.11093	-0.286314	0.338982	-0.362905	0.0181539	-0.0225457	0.107515	-0.303435	0.197324	0.205885
-3.96604	3.96026	-1.01857	-0.799675	0.660118	-0.119898	0.0890919	0.0935942	-0.267551	0.400921	-0.314526	0.0552791	0.0135538	0.121579	-0.322718	0.205091	0.237061
-4.04759	4.05628	-0.976459	-0.83381	0.692913	-0.0950541	-0.0143803	0.161822	-0.324394	0.490003	-0.300139	0.13168	0.000412173	0.182641	-0.369886	0.172476	0.243847
-4.11741	4.00466	-0.868397	-0.976004	0.74195	-0.166072	-0.0679393	0.0884964	-0.358774	0.492689	-0.249847	0.0716168	0.0574848	0.104041	-0.381079	0.0836342	0.159729
-4.2895	4.11884	-0.816224	-1.16699	0.977416	-0.339194	-0.107673	0.0900119	-0.41111	0.518378	-0.202052	0.0394307	0.0892037	0.0717283	-0.469406	0.133968	0.0278321
-4.3068	4.14087	-0.74497	-1.07018	0.983673	-0.233334	-0.141147	0.114198	-0.357822	0.56208	-0.146584	0.152454	0.0701151	0.166497	-0.515911	0.16022	0.0806145
-4.36928	4.26009	-0.660753	-0.93906	1.00931	-0.103471	-0.0544367	0.0220958	-0.155979	0.509224	0.0134668	0.16941	0.165955	0.181914	-0.4383	0.146716	0.224223
-4.48807	4.20224	-0.500347	-1.07553	0.996233	-0.0782243	-0.0493805	-0.167373	-0.152353	0.499994	-0.118942	0.235363	0.0764307	0.102467	-0.360094	0.0881185	0.105944
-4.76072	4.26385	-0.47313	-1.08614	0.87442	0.132166	-0.311572	-0.205707	-0.154105	0.378122	-0.18795	0.228239	-0.0257703	0.110809	-0.454792	0.191752	-0.0992922
-5.23574	4.23248	-0.244217	-1.13343	0.901414	0.252025	-0.511525	-0.180148	-0.287697	0.353742	-0.26312	0.128827	0.145929	-0.228324	-0.207587	0.111972	-0.214668
-5.62299	3.76897	0.321489	-0.641702	0.802687	0.519975	-0.445808	-0.196296	-0.200672	0.245439	-0.115203	0.210007	0.264981	-0.128641	-0.18924	0.120987	0.0489333
-6.52121	3.61251	0.830795	-0.368698	0.914482	1.21659	-0.153068	-0.168443	-0.283954	0.257753	-0.0279406	0.0596152	0.339	0.137268	-0.0969944	0.17852	0.533787
-7.91444	3.53436	0.457592	-0.446635	0.0866517	0.28173	-0.487918	-0.706984	-0.60425	-0.0150305	-0.213857	-0.209146	-0.142396	-0.219519	-0.336849	-0.238915	-0.169956
-7.23456	2.31351	0.540369	0.27329	0.310738	0.331485	-0.0594068	-0.263402	-0.213421	0.0161585	0.152563	0.115861	0.0727618	-0.0630327	-0.0383566	0.0430491	0.15401
-8.57665	2.82508	0.659758	-0.00787114	0.364576	0.319186	-0.24294	-0.145266	0.013331	0.1173	-0.0743176	0.0559521	0.212415	-0.0336491	-0.0479228	0.0219753	0.344219
-8.59386	2.2598	0.627118	0.33935	0.368783	0.23495	-0.144114	-0.101815	0.111216	0.208244	0.0401396	0.0220593	0.178355	0.096902	0.00594945	0.0482488	0.189718
-8.95913	2.20871	0.673125	0.40152	0.396418	0.325615	-0.1157	-0.167296	-0.0243742	0.247762	0.22395	-0.006333	-0.00245662	-0.140783	-0.0554557	0.177611	0.183641
-9.08716	1.86347	0.730864	0.453416	0.426711	0.390837	0.108397	-0.152076	-0.164892	0.0638861	0.2596	0.115186	-0.0926743	-0.0736809	-0.0316366	0.109181	0.276412
-8.92507	1.54399	0.694097	0.567189	0.462376	0.431819	0.236879	-0.137693	-0.148977	-0.0586968	0.228792	0.247205	-0.0131483	0.069809	-0.0478339	0.00750284	0.285487
-9.1165	1.32048	0.771025	0.629496	0.409808	0.549684	0.271496	-0.0107321	-0.102622	-0.0373301	0.211713	0.154836	0.0885576	0.0935915	-0.0170957	0.054445	0.267756
-9.1831	1.20685	0.682248	0.45266	0.302307	0.590904	0.143572	0.116462	0.0962828	0.0867283	0.361319	0.0682283	0.135288	0.0893641	0.0540465	0.210446	0.0678826
-8.66539	0.815192	0.0854458	0.207362	0.455084	0.722201	0.256646	0.164648	0.120996	-0.108376	0.653869	-0.0373487	0.264933	0.162311	-0.173899	0.363147	0.0335409
-8.42229	0.647285	-0.130344	0.147693	0.484212	0.822507	0.408117	0.205386	0.190527	-0.120503	0.733363	-0.0277886	0.298421	0.141291	-0.166608	0.423003	-0.00744784
-8.65805	0.786987	0.0156353	0.192747	0.495348	0.86369	0.373408	0.18711	0.12083	-0.126365	0.713712	-0.00267382	0.263969	0.110087	-0.138482	0.41162	0.0459464
-6.70696	2.17398	0.0248381	-0.429853	-0.0419013	0.694611	0.550701	-0.0183701	0.0551813	-0.414915	0.294477	-0.0828052	0.0126117	-0.0236311	-0.117795	0.212872	-0.0673728
-5.46746	2.16309	-0.0660649	-0.46125	-0.153509	0.592304	0.478148	-0.104803	-0.0735606	-0.310491	0.25937	-0.0736469	0.0447563	-0.0401392	-0.306959	0.158958	-0.0520567
-5.04462	2.18219	0.0214405	-0.450937	-0.228114	0.45927	0.428026	-0.200267	-0.166497	-0.173717	0.339618	0.0264962	0.182646	0.0253068	-0.36262	0.1452	-0.00511543
-5.18318	2.23289	0.272797	-0.367585	-0.33369	0.403203	0.402842	-0.307186	-0.206881	-0.155678	0.283872	0.0205805	0.223906	0.0166611	-0.471005	0.102475	-0.0258868
-5.9028	2.64974	0.952887	0.249575	-0.209206	0.245351	0.247415	0.0310235	-0.115806	-0.124571	0.180145	0.301941	0.284843	-0.0323809	-0.388062	0.131389	0.0279662
-4.91997	3.49306	0.227602	0.0417646	-0.462946	0.0535775	0.371031	-0.428325	0.0758636	-0.285551	0.235515	0.104134	-0.133172	0.090351	-0.287245	0.00872321	-0.116854
-4.77974	3.84354	0.214831	-0.0513119	-0.493846	-0.0350535	0.265447	-0.286033	0.0750382	-0.424204	0.0904373	0.11354	-0.0354724	0.385346	-0.231259	0.0116189	-0.212045
-4.54324	3.90096	0.234624	-0.0819718	-0.332614	-0.137751	0.441155	-0.213159	0.108392	-0.335383	0.198069	0.181245	0.071356	0.468849	-0.230479	-0.00351232	0.0511844
-4.71719	4.00678	0.259639	0.00254472	-0.399249	-0.151227	0.489288	-0.207942	0.0883084	-0.350338	0.225336	0.140508	0.0873137	0.526357	-0.358385	0.111968	0.0494654
-5.45727	4.05809	0.551568	0.00542509	-0.385928	-0.125639	0.502301	-0.155839	0.193444	-0.41104	-0.097091	0.23466	0.0883859	0.546789	-0.302715	0.00703953	0.0635495
-6.50864	4.0021	0.177081	-0.169437	0.151118	0.0677149	0.235283	-0.202727	-0.152921	-0.387841	-0.55344	0.000800103	-0.288223	0.293489	-0.401353	-0.018698	-0.209644
-7.52695	4.42275	1.55568	0.542119	-0.0130787	0.0743455	0.305791	0.211529	0.196112	-0.0530209	-0.0965323	-0.0679996	0.141278	0.460815	-0.129653	0.28703	0.0804815
-7.85639	4.38092	1.15356	0.282147	-0.147745	0.12876	0.622353	0.243564	-0.281975	-0.201616	-0.20627	-0.0025045	-0.387176	0.0325333	0.0333453	0.0891888	-0.145241
-8.41823	3.74514	1.0909	0.314281	-0.166965	0.140443	0.304207	0.160141	-0.367178	-0.307949	-0.381963	-0.521716	-0.540102	-0.32731	-0.294922	-0.453863	-0.375636
-8.73155	3.78893	1.68992	0.436566	0.153612	-0.017493	0.024418	-0.0525807	-0.241157	-0.271244	-0.168159	-0.0816471	-0.388933	-0.146197	-0.377212	-0.226864	-0.0360908
-9.038	3.60185	1.87374	0.981747	0.337715	0.4094	0.176074	-0.0238005	0.0443586	-0.0880485	-0.326056	-0.201193	0.0231384	0.147801	0.177695	-0.069027	0.318183
-9.39937	3.26033	1.75568	0.877289	0.0524173	-0.066981	-0.00855635	-0.0627569	-0.276304	-0.20962	-0.213351	-0.202602	-0.0989705	-0.0959941	0.0241962	-0.137834	-0.0984432
-7.6057	1.88252	0.633726	0.488296	0.114527	0.156357	0.170555	-0.0186121	-0.0226974	-0.143619	-0.201319	-0.0971054	-0.18564	-0.156981	-0.0763815	-0.051669	0.0143529
-7.25124	2.51502	0.531833	0.338688	-0.209146	0.855671	-0.15501	-0.528759	0.0015161	-0.205489	0.315182	0.263272	-0.0643386	0.196862	-0.110341	-0.0666905	0.118837
-6.47954	2.57566	0.564668	0.268659	-0.351961	0.887466	-0.189986	-0.509127	-0.0390657	-0.165129	0.283458	0.230145	-0.109838	0.135446	-0.0957618	-0.0370973	0.194131
-6.33425	2.44272	0.654177	0.195461	-0.265835	0.769171	-0.1376	-0.437546	-0.0573358	-0.0956706	0.282346	0.270415	-0.166969	0.154551	-0.0463265	0.00677072	0.235639
-6.47802	2.1103	0.629737	0.356119	0.0127888	0.450868	0.133157	-0.241053	-0.102683	-0.12558	0.133736	0.251265	-0.111062	-0.0109539	0.00630761	-0.0889834	0.130909
-6.54498	2.36974	0.757293	0.306546	-0.129727	0.0689949	0.159594	-0.0922689	-0.0648716	-0.257627	-0.134198	0.0737695	-0.043815	0.0937738	0.00915109	-0.102588	-0.122378
-5.8032	2.44713	0.78085	0.237711	-0.127227	-0.0881307	-0.0535834	-0.121937	-0.162323	-0.175384	-0.17462	0.00529346	0.00201503	-0.00178802	-0.0676775	-0.0822431	-0.106495
-5.70549	3.26418	1.15412	0.269311	-0.202784	0.164683	0.427616	0.175768	0.327704	0.298909	0.20909	0.472436	0.139157	0.0822006	0.0881768	0.0872306	0.0390069
-5.61072	3.27117	1.4111	-0.00459198	-0.485796	0.0519185	0.391679	-0.291462	0.0153966	-0.138409	-0.200534	-0.000886402	0.206307	0.226389	-0.00962551	0.128013	-0.22682
-5.25663	3.10041	1.12651	0.180594	-0.606176	0.0732645	0.348494	-0.449052	0.142074	-0.255949	-0.180157	0.110855	0.107118	0.163024	0.0736934	0.0881991	-0.211483
-5.15757	3.10938	1.07451	0.314495	-0.733651	0.144285	0.283442	-0.40501	0.127977	-0.252871	-0.0951356	0.140814	0.108735	0.105254	0.196409	0.059454	-0.101919
-5.15563	3.14937	1.07992	0.300774	-0.77842	0.148985	0.199047	-0.351344	0.081182	-0.177878	-0.207703	0.172179	0.0950216	0.119611	0.21279	0.0377207	-0.054475
-5.32805	3.37051	1.02703	0.185065	-0.838347	0.182658	0.109312	-0.329829	0.0350895	-0.160748	-0.252143	0.132391	0.116641	0.0941785	0.173103	0.056393	-0.123287
-5.22102	3.24142	1.05399	0.143563	-0.779099	0.111188	0.116591	-0.245378	0.0359482	-0.143448	-0.319153	0.167359	0.0409892	0.182925	0.141087	0.0736536	-0.146369
-5.21257	3.24022	0.958602	0.217213	-0.888339	0.0806061	0.0906752	-0.232223	-0.0805329	-0.0642293	-0.466347	0.339819	-0.105379	0.204766	0.0651728	0.0469094	-0.228717
-5.01745	3.00061	1.09655	0.15242	-0.914682	0.117999	0.125885	-0.172841	-0.0187111	-0.158384	-0.349266	0.235701	0.0116778	0.157061	0.125453	0.0115343	-0.134444
-5.0317	3.08095	0.891236	0.145625	-0.967426	0.146684	0.0302313	-0.0922812	-0.136717	-0.0739754	-0.432749	0.259203	-0.0601155	0.169701	0.0277373	0.0470952	-0.246213
-4.92863	2.97784	0.871115	0.261768	-0.931518	0.126732	0.0631017	-0.102992	-0.0401214	-0.0805336	-0.362823	0.175127	0.0129961	0.115009	0.145922	0.0486691	-0.158992
-4.83874	2.84603	0.994038	-0.0569651	-0.783044	0.0613997	0.144809	-0.17995	0.046514	-0.24685	-0.211213	0.0873389	0.12727	-0.0293078	0.141232	-0.0518838	-0.126884
-4.9112	2.8567	0.944869	-0.259593	-0.855502	0.248465	0.020306	-0.174086	-0.0596464	-0.284341	-0.150457	-0.000471879	0.0334261	-0.116555	0.2028	-0.213001	-0.263228
-4.74695	2.7717	0.697562	0.018821	-0.857716	0.265934	0.0935766	-0.122545	-0.0220069	-0.180012	-0.204077	0.102803	0.140462	-0.208924	0.181667	-0.229532	-0.0648846
-4.70047	2.82692	0.515461	-0.103607	-0.864005	0.220077	0.213534	-0.180812	-0.101575	-0.234303	-0.114574	0.0914239	0.183976	-0.292609	-0.0115255	-0.211981	-0.100045
-4.68825	2.85077	0.205384	-0.191707	-0.70852	0.203983	0.225718	-0.309648	-0.0495797	-0.160871	0.0236942	0.0850274	0.0872678	-0.342345	-0.238672	-0.190118	-0.198844
-4.60968	2.91252	0.0553336	-0.0932553	-0.618108	0.14179	0.348636	-0.419902	-0.00101332	-0.138105	-0.0312333	0.118336	0.0335599	-0.228387	-0.171153	-0.120205	-0.232834
-4.8966	2.65017	0.301516	-0.110207	-0.941508	0.276426	0.55187	-0.662021	-0.203979	-0.0131853	0.256425	0.0723305	-0.32406	-0.436177	-0.206766	-0.0563352	-0.484723
-4.92253	2.95272	0.0150061	-0.11445	-0.458083	0.132968	0.440483	-0.49691	0.033566	0.0181078	0.0135727	0.0740121	-0.0447244	-0.349544	-0.283081	0.0392741	-0.307449
-4.5877	2.72577	-0.259621	0.046367	-0.40178	0.284459	0.243053	-0.564754	0.121944	-0.0024737	0.0476437	0.0383222	-0.204462	-0.202153	-0.211299	-0.0061973	-0.296316
-4.76977	2.78983	-0.248675	-0.00301779	-0.184666	0.254647	0.250148	-0.476358	0.201795	0.0656193	0.128836	-0.0875193	-0.153974	-0.245252	-0.120732	-0.0458038	-0.177801
-4.79498	2.7852	-0.159399	-0.0333101	-0.0673286	0.203701	0.0974421	-0.27926	0.129391	0.0579573	0.0313936	-0.105164	-0.0302411	-0.404357	0.0688803	-0.210052	-0.0615813
-4.7341	2.68626	-0.211429	-0.0496225	-0.0779523	0.255824	0.133578	-0.435401	0.317173	-0.100332	0.129891	-0.341598	0.0226603	-0.470333	0.0951637	-0.239824	-0.154145
-5.05326	2.77979	-0.0613093	-0.0553769	-0.276799	0.513256	0.019432	-0.610376	0.417616	0.0282462	0.0484861	-0.544178	0.121382	-0.404848	0.0493407	-0.309555	-0.176396
-4.95274	2.62213	-0.162325	0.129088	-0.147301	0.291786	-0.0167672	-0.47042	0.40476	-0.0569585	-0.0343905	-0.354771	0.0681982	-0.501878	0.112252	-0.346243	-0.219316
-4.94568	2.75658	-0.353403	0.132996	0.112353	-0.022803	0.111984	-0.3403	0.403444	-0.254886	0.0753145	-0.400667	0.0150212	-0.451809	-0.0190435	-0.271038	-0.160436
-4.99553	2.75228	-0.235814	0.127533	0.0783891	-0.012493	-0.00707607	-0.351271	0.35255	-0.1234	-0.0704952	-0.29249	0.0528142	-0.487803	0.103381	-0.273631	-0.282749
-5.2786	2.87789	-0.127665	0.19951	0.0905958	0.00484332	-0.0105823	-0.423266	0.53722	-0.288565	-0.123692	-0.28468	0.23714	-0.545125	0.0462724	-0.158385	-0.249571
-5.32279	3.00133	-0.176668	0.237482	0.209068	-0.0266035	0.0675379	-0.44111	0.504524	-0.353695	0.203975	-0.466186	0.239923	-0.409117	-0.0272834	-0.260757	-0.112003
-5.39323	2.95782	-0.131351	0.22946	0.400885	0.00654158	-0.0236237	-0.295402	0.269231	-0.285024	0.150084	-0.477846	0.326398	-0.443164	0.0549974	-0.250982	-0.106405
-5.70245	2.87707	0.103487	0.443348	0.563125	0.0766769	-0.0455489	-0.281386	0.2249	-0.332333	-0.134738	-0.248161	0.314999	-0.325294	0.179621	-0.15041	-0.123124
-6.19426	2.9554	0.300732	0.750699	0.873397	0.170134	-0.300415	-0.234211	0.00984776	-0.508983	-0.104225	-0.343333	0.517688	-0.180035	0.286453	-0.284418	-0.165504
-6.38605	3.15644	0.347941	0.909178	0.951335	-0.135872	-0.38454	0.0102746	-0.182117	-0.402181	-0.0243897	-0.44685	0.3206	-0.215234	0.0740313	-0.10834	-0.121372
-6.52014	3.38775	0.580168	0.553471	0.93107	-0.415943	-0.559682	-0.0596182	-0.187664	-0.25968	-0.161071	-0.512367	0.336423	-0.25209	0.0117859	-0.190847	-0.289703
-6.57837	3.24259	0.734949	0.690512	0.857442	-0.203988	-0.772936	0.10043	-0.0957783	-0.313694	-0.320157	-0.471773	0.368683	-0.274477	0.16893	-0.244588	-0.31017
-6.66213	3.53399	0.544553	0.428811	1.12041	-0.527582	-0.726151	0.0860447	-0.194458	-0.39207	-0.245928	-0.525489	0.312015	-0.215419	-0.113116	-0.120381	-0.511221
-6.63915	3.34508	0.769916	0.522112	1.02657	-0.571441	-0.567519	-0.0498567	-0.0793938	-0.37248	-0.31163	-0.472144	0.257014	-0.210283	-0.0451665	-0.154897	-0.451591
-6.53827	3.32501	0.837967	0.558838	1.02595	-0.426332	-0.541942	0.00935689	-0.230102	-0.122414	-0.390126	-0.462959	0.35946	-0.10736	-0.0659683	-0.134931	-0.220637
-6.58489	3.42575	0.917136	0.495137	0.880631	-0.204338	-0.746436	0.0644294	-0.121773	-0.195554	-0.478593	-0.270566	0.375734	-0.292852	-0.142792	0.0636399	-0.261207
-6.49673	3.24838	0.864663	0.564542	0.89188	-0.303801	-0.714652	-0.0277149	-0.079704	-0.242522	-0.424894	-0.581147	0.402082	-0.160842	-0.17329	0.0181765	-0.438028
-6.4626	3.2399	0.777777	0.557728	0.982391	-0.558276	-0.721198	0.0932426	-0.238442	-0.25485	-0.43624	-0.541707	0.365331	-0.249338	-0.16501	-0.00489374	-0.546797
-6.46767	3.23567	0.775718	0.607706	1.04054	-0.568483	-0.632077	0.0978061	-0.249389	-0.37719	-0.21825	-0.706616	0.419131	-0.163742	-0.266684	0.0762666	-0.49877
-6.40203	3.22597	0.886302	0.426391	0.964888	-0.354652	-0.568519	-0.0975536	-0.25097	-0.379029	-0.16471	-0.631997	0.360974	-0.148282	-0.297492	0.0334994	-0.391323
-6.33338	3.13791	0.774661	0.483195	0.928015	-0.439724	-0.547551	-0.096382	-0.384046	-0.433012	-0.16618	-0.644913	0.319532	-0.124332	-0.425775	0.0338379	-0.487385
-6.4407	3.39405	0.714176	0.408285	1.04347	-0.509158	-0.381388	-0.0807101	-0.456795	-0.359314	-0.124971	-0.68092	0.288901	-0.0391576	-0.430985	0.0473545	-0.349327
-6.48184	3.4611	0.689379	0.439704	0.969877	-0.330756	-0.480564	-0.105354	-0.381592	-0.389566	-0.206458	-0.534659	0.144464	0.0436372	-0.357309	-0.0599666	-0.267567
-6.37839	3.34052	0.70273	0.484747	0.912109	-0.328084	-0.453506	-0.107525	-0.426256	-0.277701	-0.288226	-0.583545	0.263776	-0.0742753	-0.33046	0.0289506	-0.29436
-6.45962	3.35149	0.77129	0.32816	1.10093	-0.393803	-0.508683	-0.119752	-0.317118	-0.349186	-0.20175	-0.697937	0.0826408	0.0198771	-0.357703	0.141881	-0.398454
-5.98123	2.75065	0.848832	0.594071	0.677668	-0.106571	-0.428645	-0.245839	-0.189025	-0.351936	-0.364872	-0.331326	-0.162682	-0.0282595	-0.127148	-0.234032	-0.0726678
-6.0131	2.92929	0.702053	0.26422	0.929999	-0.242976	-0.396774	-0.175717	-0.302033	-0.478478	-0.199788	-0.586496	-0.0976347	0.0231268	-0.190241	-0.0975281	-0.28095
-5.99841	3.00299	0.558543	0.23554	0.864591	-0.173269	-0.331938	-0.287848	-0.266035	-0.483021	-0.239069	-0.599752	-0.150718	-0.00582697	-0.0750156	-0.196086	-0.304909
-5.99873	3.05338	0.411105	0.234069	0.763661	-0.138958	-0.291961	-0.400141	-0.248211	-0.408003	-0.42401	-0.545632	-0.30244	0.0256541	-0.0647879	-0.126388	-0.409944
-5.73095	2.89196	0.407318	0.507447	0.794583	0.272781	0.0634498	-0.464754	-0.241605	-0.450353	-0.244335	-0.552139	-0.0471969	0.185395	0.222201	0.0410243	-0.224083
-4.27614	2.75362	-0.397774	0.240522	0.441408	-0.288116	-0.188623	-0.446966	-0.096824	-0.0974167	0.0641293	-0.198074	-0.122663	0.0596699	-0.544924	-0.0892289	0.038323
-3.8381	3.25355	-0.680543	-0.0209986	0.480031	-0.42411	0.0286491	-0.190663	0.108485	0.0209136	-0.128661	-0.157788	-0.0281637	0.117371	-0.32688	0.0894338	0.140186
-3.48597	2.85664	-0.717253	-0.23106	0.404419	-0.37701	0.00379733	-0.0900731	-0.00406144	0.0366572	-0.261476	-0.245157	-0.073035	-0.0546327	-0.230707	-0.0835658	0.19056
-3.61344	3.18044	-0.901692	-0.215315	0.477801	-0.307834	0.0516757	0.054339	0.0120219	0.0550613	-0.219089	-0.270216	-0.0934538	0.10644	-0.293381	0.0798622	0.201892
-3.54973	3.13277	-1.07944	-0.0607385	0.2382	-0.1466	-0.00770885	0.0305768	0.0827219	-0.0792238	-0.172071	-0.346227	-0.0933766	0.07383	-0.27659	0.084777	0.111963
-3.48572	3.11213	-1.03761	-0.1587	0.32017	-0.190446	0.0701738	0.0173903	0.0868155	-0.027784	-0.236688	-0.215575	-0.271882	0.266392	-0.36365	0.192894	0.0593433
-3.46137	3.15325	-1.13907	-0.108931	0.306957	-0.148705	0.1834	-0.0948619	0.184055	-0.106363	-0.23755	-0.149553	-0.303439	0.255408	-0.326899	0.222098	0.059611
-3.42117	3.12228	-1.04853	-0.25576	0.487613	-0.134281	0.247907	-0.0826845	0.164925	-0.133775	-0.191635	-0.0917755	-0.302006	0.308473	-0.26572	0.151866	0.149191
-3.42394	3.11508	-1.20239	-0.203355	0.334589	-0.028271	0.048102	0.0567471	-0.122336	0.0161934	-0.359779	-0.0710504	-0.306372	0.158093	-0.161396	0.0259166	0.0711806
-3.34328	3.02796	-1.20883	-0.225915	0.369089	-0.00876596	0.0550243	0.0632162	-0.104836	-0.086383	-0.253069	-0.154692	-0.265808	0.192908	-0.19641	0.0371675	0.0750558
-3.38819	3.0578	-1.23633	-0.266931	0.394871	-0.0266846	0.132529	-0.0556917	-0.0516936	-0.149615	-0.277235	-0.0955285	-0.327219	0.228416	-0.216234	0.0144621	0.0608887
-3.39771	3.09746	-1.1929	-0.23045	0.409037	0.0195367	0.220695	-0.077367	0.0085716	-0.151948	-0.233734	-0.062818	-0.26422	0.22228	-0.110173	-0.0507522	0.16942
-3.50063	3.09829	-1.29097	-0.400092	0.485991	-0.0935773	0.130386	-0.0249904	-0.238713	-0.0640931	-0.457233	0.00983418	-0.418696	0.223814	-0.223205	-0.046372	0.00610457
-3.61934	3.19013	-1.36669	-0.419691	0.501038	-0.171541	0.202571	-0.110881	-0.249628	-0.0992428	-0.479392	-0.0166748	-0.421598	0.193548	-0.2053	-0.0956746	-0.0403702
-3.57518	3.00589	-1.33776	-0.381523	0.273534	0.0013912	0.0731331	-0.0912147	-0.266848	-0.21146	-0.414833	-0.136374	-0.395161	0.14649	-0.242974	-0.0770543	-0.126992
-3.60858	2.97951	-1.24588	-0.543731	0.410229	-0.100862	0.152149	-0.162513	-0.20754	-0.28906	-0.324598	-0.257461	-0.281943	0.0926744	-0.237953	-0.0904555	-0.133357
-3.69343	3.08669	-1.25618	-0.618747	0.618704	-0.233472	0.201272	-0.0320344	-0.363643	-0.140543	-0.340548	-0.282584	-0.220742	0.133254	-0.293255	-0.00965033	-0.11922
-3.60833	2.9809	-1.42215	-0.518645	0.432296	-0.218495	0.219115	-0.154497	-0.369346	-0.131179	-0.502747	-0.150312	-0.403039	0.161786	-0.329386	-0.0480754	-0.230065
-3.61882	3.09217	-1.50406	-0.365218	0.429364	-0.159686	0.384734	-0.242225	-0.199145	-0.163401	-0.446641	-0.0567188	-0.424548	0.230493	-0.285213	-0.0572895	-0.0659397
-3.6616	3.14259	-1.52767	-0.337304	0.507478	-0.144596	0.369937	-0.0783243	-0.360153	0.0054514	-0.448877	-0.0614196	-0.328258	0.189632	-0.229854	-0.0830131	0.0315882
-3.65393	3.05569	-1.56758	-0.320408	0.395711	-0.0473697	0.286407	-0.0877678	-0.271399	-0.114699	-0.391314	-0.0789989	-0.347024	0.135484	-0.216412	-0.130523	-0.013619
-3.7559	3.13747	-1.66411	-0.221211	0.389385	-0.00321376	0.33863	-0.0755659	-0.298166	0.0187568	-0.466354	0.0189362	-0.412025	0.215301	-0.278308	-0.131206	0.0603172
-3.79235	2.96582	-1.63438	-0.375312	0.376463	-0.0102363	0.218911	-0.0345065	-0.398931	-0.00411006	-0.436932	-0.111606	-0.382811	0.117366	-0.385606	-0.10351	-0.145734
-3.75528	2.70888	-1.52867	-0.471807	0.319485	-0.0238553	0.267891	-0.180223	-0.309739	-0.0529296	-0.487357	-0.0882378	-0.434948	0.0383163	-0.379919	-0.156892	-0.24859
-3.78263	2.43508	-1.46105	-0.526934	0.207321	0.144587	0.230013	0.0206364	-0.276761	0.0304966	-0.291585	-0.084545	-0.237422	0.131154	-0.311675	0.00384511	-0.206007
-3.71912	2.06572	-1.48776	-0.373378	0.225416	0.11323	0.222665	0.125537	-0.306033	0.0163139	-0.27246	-0.0105178	-0.256305	0.206564	-0.281628	0.0138352	-0.193
-3.7663	2.09016	-1.45469	-0.413136	0.260403	0.134229	0.227359	0.137889	-0.274238	0.000514993	-0.251525	-0.0492748	-0.255904	0.19566	-0.282431	-0.0131639	-0.18979
-3.93729	2.15206	-1.56288	-0.587913	0.152627	0.148142	0.138198	0.00731119	-0.305657	-0.0132771	-0.370715	-0.0114232	-0.295598	0.172454	-0.328093	-0.039191	-0.224988
-4.04116	2.01767	-1.49117	-0.63536	0.118251	0.088863	0.143691	0.00721788	-0.449396	0.065416	-0.435638	0.0298391	-0.380921	0.228525	-0.374472	-0.0767317	-0.306644
-4.32616	1.90297	-1.45285	-0.706417	0.146206	0.157637	0.108584	0.00555865	-0.305196	0.0195624	-0.317306	0.159833	-0.255911	0.336146	-0.298402	0.154753	-0.312116
-4.75595	1.99797	-1.29438	-0.616983	0.381237	0.20091	0.131544	0.143049	-0.290561	-0.0450931	-0.26957	0.107446	-0.277706	0.302605	-0.253142	0.0777745	-0.30971
-5.18426	2.54842	-0.947674	-0.971905	0.471144	0.16436	-0.037053	0.233664	-0.348181	-0.120154	-0.186909	-0.0170435	-0.549686	0.318274	-0.439701	-0.204993	-0.36468
-4.77266	2.67715	-1.33217	-0.52648	0.423489	0.106018	0.146792	0.231715	-0.477007	0.103145	-0.259567	-0.102672	-0.221903	0.151308	-0.389503	0.139719	-0.588762
-4.68325	2.65613	-1.24964	-0.460258	0.460803	0.147132	0.225169	0.206716	-0.361083	0.0587028	-0.165288	-0.0287433	-0.24044	0.223055	-0.331113	0.133266	-0.474704
-4.77123	2.66711	-1.13487	-0.347326	0.236458	0.292423	0.168467	0.269606	-0.302554	0.0659945	-0.199549	0.151491	-0.269154	0.144066	-0.151191	-0.0328679	-0.322872
-4.82144	2.69685	-1.09887	-0.344811	0.248235	0.245693	0.209639	0.27277	-0.242386	0.0317952	-0.161846	0.152513	-0.250995	0.132422	-0.133523	-0.0623591	-0.321665
-5.02112	2.93798	-1.12933	-0.401581	0.394634	0.107115	0.260648	0.280602	-0.180206	-0.0182074	-0.0715303	0.0811951	-0.268003	0.245839	-0.288087	0.0391467	-0.370863
-5.09949	2.96195	-1.01056	-0.524899	0.49927	0.0581506	0.242716	0.372441	-0.203484	0.0323609	-0.0615029	0.0816363	-0.294946	0.32125	-0.359032	0.0739976	-0.350318
-5.21812	2.89353	-0.74992	-0.566175	0.420722	0.160848	0.209804	0.360668	-0.0925929	-0.0529084	0.00130024	0.0459658	-0.306911	0.363772	-0.303123	-0.0648616	-0.247454
-5.49384	2.98585	-0.643563	-0.476291	0.299722	0.242212	0.20824	0.298071	-0.0304349	-0.0537924	-0.077216	0.0754723	-0.409671	0.457947	-0.369955	-0.128691	-0.311077
-5.2654	2.7822	-0.770819	-0.256557	0.3328	-0.0236042	0.332451	0.175257	-0.182363	0.0572314	-0.206878	-0.199953	-0.220925	0.388058	-0.422521	0.0263523	-0.211661
-4.99605	2.89889	-0.987219	-0.305383	0.400925	-0.199156	0.25877	0.16595	-0.222393	0.105056	-0.0769335	-0.356934	-0.159719	0.314748	-0.462416	0.117887	-0.290749
-5.1243	2.75048	-0.921443	-0.300237	0.374669	-0.126276	0.312081	0.167528	-0.125255	0.100302	-0.048331	-0.359337	-0.083983	0.281742	-0.311165	0.00957315	-0.178938
-5.68817	2.34469	-0.564673	-0.0929963	0.272226	-0.000953207	0.402788	0.125472	-0.0189788	0.0835831	-0.132494	-0.34052	0.0284385	0.368599	-0.255339	0.0779297	-0.153021
-5.78853	2.24601	-0.462438	-0.225859	0.153858	-0.0159197	0.396113	0.0707486	0.00855865	0.063283	-0.230849	-0.277866	0.139301	0.31649	-0.244858	0.0995205	-0.0490454
-5.84527	2.02863	-0.453911	-0.116414	0.30345	-0.114065	0.0779541	0.158373	0.096821	-0.0932196	-0.290386	-0.243118	0.100605	0.278725	-0.336901	0.140066	-0.110957
-5.77286	2.17368	-0.48815	0.0699808	0.263872	-0.142599	-0.0434669	0.0978813	0.125667	-0.0631965	-0.302666	-0.266101	0.11399	0.226481	-0.328374	0.233843	-0.157104
-5.72567	2.39543	-0.366034	-0.0790355	0.161788	-0.069614	0.0128762	0.0905487	0.147141	0.0987089	-0.33643	-0.304901	0.0208684	-0.029041	-0.336499	0.0999431	-0.18876
-5.5217	2.7484	-0.747202	-0.201893	0.111675	-0.0753024	-0.0580011	-0.122767	0.177524	0.1428	-0.48457	-0.245314	0.0337442	-0.251493	-0.34366	0.208061	-0.337145
-5.26796	2.81112	-0.939902	-0.268988	0.106451	0.00342227	-0.0240969	-0.0898773	0.20418	0.343323	-0.600923	-0.191517	0.0650422	-0.37199	-0.469455	0.145388	-0.413707
-5.474	2.7659	-0.848947	-0.363451	0.127528	-0.0851685	-0.0473806	-0.175077	0.194073	0.349413	-0.630942	-0.207917	0.159333	-0.352873	-0.398501	0.181074	-0.304712
-6.49643	2.70897	-0.764651	-0.257502	0.0368254	-0.103352	-0.100432	-0.241808	0.236434	0.325006	-0.587556	-0.184043	0.251953	-0.187835	-0.324732	0.296021	-0.101571
-7.34134	1.73515	0.0881467	0.189314	0.157048	-0.0287435	-0.184007	-0.0114852	0.341334	0.163572	-0.250133	-0.110453	-0.0173327	-0.179021	-0.082759	0.155076	0.188332
-8.22747	2.43955	0.193258	0.30461	0.293023	0.058451	-0.200784	0.0764198	0.371823	0.161692	-0.298812	-0.20358	0.0650016	-0.0630543	0.0110696	0.0565066	0.0671104
-8.66519	2.38501	0.187552	0.29102	0.364859	0.130521	-0.127095	0.140212	0.439018	0.180164	-0.402892	-0.214376	0.103302	-0.0339754	-0.103057	-0.0455411	0.0985558
-9.08323	2.17223	0.417608	0.311167	0.300608	0.130323	-0.0882324	0.100119	0.417299	0.221847	-0.259431	-0.193922	0.0215842	-0.100602	-0.218388	-0.137892	0.142782
-9.6426	1.74032	0.570484	0.465331	0.454219	0.184419	-0.046536	0.168941	0.442256	0.366476	-0.156843	-0.202784	-0.0709778	-0.172583	-0.201814	-0.0548653	0.137434
-9.95268	1.58526	0.7065	0.474103	0.469898	0.268017	0.0516603	0.262048	0.379809	0.30206	-0.0328729	-0.0457301	0.0436625	-0.0364885	-0.0570807	0.111516	0.237046
-10.1742	1.47608	0.740712	0.493486	0.488904	0.323237	0.111591	0.168451	0.281727	0.318915	0.124567	0.0490294	0.086935	0.0760659	0.0402587	0.0729037	0.137201
-10.1862	1.34133	0.656494	0.455895	0.357848	0.277406	0.270156	0.269244	0.240452	0.262055	0.177264	0.127438	0.110064	0.126773	0.144469	0.128372	0.0791684
-10.1573	1.3281	0.650394	0.411203	0.372747	0.311279	0.242977	0.243197	0.228826	0.249485	0.19517	0.131577	0.132711	0.186075	0.160932	0.180154	0.101296
-10.2269	1.19875	0.593219	0.370608	0.355936	0.244699	0.197611	0.194067	0.250442	0.197543	0.183098	0.154349	0.110089	0.193788	0.190133	0.2054	0.134678
-10.1629	1.25002	0.580317	0.382257	0.344692	0.283446	0.259961	0.238775	0.237234	0.208253	0.177516	0.194699	0.157031	0.182527	0.140947	0.122791	0.123881
-10.355	1.14131	0.56945	0.410528	0.319593	0.332097	0.302838	0.301661	0.18689	0.231263	0.227833	0.225787	0.19674	0.169517	0.144387	0.11946	0.18058
-10.5904	0.86757	0.49134	0.425038	0.423067	0.438928	0.361771	0.348582	0.199354	0.280504	0.340279	0.208648	0.247556	0.175294	0.0981895	0.0310398	0.0986794
-10.5126	0.955205	0.57541	0.564181	0.534064	0.430446	0.350536	0.311734	0.166384	0.215896	0.315186	0.231798	0.247493	0.14959	0.123582	0.0530356	0.109649
-10.489	0.947344	0.511022	0.581173	0.560106	0.431747	0.317476	0.253777	0.136622	0.16591	0.200189	0.219301	0.143887	0.0630812	0.066993	0.0559468	0.134523
-10.5321	0.900493	0.517554	0.559889	0.547431	0.443761	0.3453	0.29135	0.236131	0.189682	0.153258	0.254855	0.169484	0.109197	0.132576	0.0851529	0.12087
-10.4668	0.990334	0.53206	0.429427	0.372091	0.38716	0.335206	0.213183	0.166789	0.208664	0.230769	0.259443	0.133497	0.164489	0.232267	0.0740076	0.101264
-10.3938	0.953345	0.457588	0.358081	0.25428	0.312488	0.291651	0.153777	0.138146	0.238614	0.242534	0.188729	0.0966677	0.152562	0.190129	0.0404563	0.110628
-10.2363	1.12073	0.523256	0.400693	0.345908	0.313522	0.298675	0.232901	0.195526	0.21832	0.217069	0.201625	0.156529	0.198115	0.185466	0.116967	0.175857
-10.4791	0.948362	0.557049	0.508177	0.482901	0.357687	0.215914	0.196625	0.206774	0.167524	0.264488	0.347156	0.23706	0.295806	0.333223	0.273351	0.210708
-10.0606	1.27408	0.573064	0.430185	0.344505	0.30579	0.248363	0.227478	0.254475	0.203004	0.192943	0.253324	0.152422	0.183706	0.198013	0.150473	0.165375
-9.88744	1.37308	0.556009	0.418635	0.349881	0.306601	0.275387	0.246291	0.242393	0.231105	0.200233	0.210972	0.181039	0.204941	0.183522	0.161677	0.174369
-10.3204	1.13172	0.633027	0.528444	0.453686	0.412952	0.29375	0.300256	0.317106	0.289767	0.251324	0.219047	0.225488	0.298386	0.248503	0.176925	0.179803
-9.86978	1.32948	0.573972	0.450111	0.355339	0.366617	0.302783	0.265422	0.261065	0.226995	0.222199	0.213114	0.214645	0.260222	0.217243	0.199037	0.178932
-9.86098	1.39455	0.610006	0.439762	0.385262	0.360454	0.312688	0.315909	0.279751	0.257171	0.221065	0.220004	0.202637	0.19981	0.188088	0.187752	0.154107
-10.1182	1.31549	0.660606	0.458794	0.50099	0.402493	0.342744	0.337476	0.305895	0.296853	0.250888	0.291235	0.222711	0.234005	0.16926	0.177803	0.122998
-9.76867	1.38829	0.564201	0.393241	0.345019	0.30568	0.288323	0.285955	0.23039	0.250481	0.208124	0.230984	0.179773	0.177721	0.126165	0.171155	0.14597
-9.9808	1.28507	0.582467	0.420039	0.401057	0.344877	0.290215	0.281044	0.209023	0.250246	0.211371	0.218667	0.202929	0.198148	0.18059	0.16139	0.137892
-10.17	1.25644	0.627704	0.442569	0.434134	0.351644	0.277391	0.290483	0.275187	0.306654	0.255773	0.204831	0.220493	0.219183	0.213334	0.174842	0.157925
-9.97437	1.32066	0.561853	0.39126	0.359669	0.3238	0.258564	0.265883	0.2447	0.252931	0.20923	0.164628	0.197032	0.183636	0.178036	0.141678	0.15636
-10.2165	1.15127	0.565897	0.408286	0.406888	0.40759	0.292436	0.285587	0.267255	0.286532	0.182065	0.168364	0.222543	0.223507	0.140658	0.158457	0.184586
-10.448	1.02514	0.615103	0.415515	0.406625	0.433742	0.308173	0.300458	0.283453	0.261844	0.190507	0.241187	0.268182	0.164266	0.102658	0.167535	0.169117
-10.3098	1.16567	0.570346	0.400296	0.367124	0.375026	0.318559	0.291171	0.291478	0.299324	0.254053	0.258126	0.241249	0.172803	0.17031	0.168438	0.116531
-10.3724	1.14681	0.597994	0.42785	0.38118	0.412264	0.383251	0.255943	0.221491	0.268398	0.244944	0.23988	0.233225	0.185143	0.159964	0.147171	0.0715647
-10.1637	1.29883	0.6512	0.434045	0.398015	0.382675	0.303101	0.265292	0.257601	0.273901	0.248831	0.217131	0.187769	0.205166	0.175761	0.163286	0.127254
-10.5374	1.00617	0.719334	0.470078	0.436578	0.523655	0.434019	0.383676	0.396201	0.414506	0.26208	0.212434	0.172589	0.186947	0.207203	0.105106	0.155764
-10.1507	1.28043	0.656602	0.445532	0.402541	0.417226	0.384664	0.321859	0.295135	0.279278	0.195541	0.243855	0.19748	0.191327	0.229377	0.0988354	0.173623
-10.2467	1.24608	0.674038	0.50399	0.485276	0.40273	0.334921	0.295267	0.292191	0.310162	0.203946	0.164205	0.206302	0.219785	0.234282	0.159566	0.194636
-10.3487	1.20429	0.663075	0.528232	0.517478	0.384	0.31729	0.294253	0.312617	0.378823	0.279992	0.179493	0.240883	0.222452	0.182531	0.153231	0.191911
-10.133	1.27875	0.591998	0.418556	0.417757	0.34249	0.305702	0.304959	0.254603	0.27936	0.25527	0.198063	0.202121	0.216823	0.216236	0.176602	0.217897
-10.4128	1.12334	0.723696	0.557795	0.452329	0.338996	0.204948	0.288192	0.280697	0.274872	0.282826	0.182116	0.194169	0.202531	0.238789	0.213477	0.259606
-10.0979	1.22615	0.560026	0.414228	0.372578	0.33569	0.243405	0.231606	0.291775	0.241677	0.274179	0.22298	0.218972	0.224736	0.235573	0.215822	0.189242
-10.3671	1.06418	0.619868	0.464358	0.515327	0.415171	0.317828	0.246376	0.374021	0.348682	0.270212	0.205471	0.153907	0.241717	0.247858	0.157182	0.162826
-10.1546	1.19145	0.581703	0.416327	0.421235	0.317273	0.265266	0.210337	0.281254	0.288741	0.210676	0.213912	0.202284	0.220321	0.232087	0.18861	0.190078
-9.96133	1.31562	0.545848	0.431848	0.418689	0.333101	0.258672	0.255	0.244482	0.249621	0.186285	0.187512	0.182545	0.226312	0.236391	0.185337	0.144584
-9.9778	1.34941	0.543286	0.441371	0.370381	0.298718	0.275291	0.26633	0.222312	0.223743	0.18513	0.198739	0.192283	0.179437	0.167738	0.15487	0.125884
-9.9601	1.29662	0.508402	0.418347	0.325633	0.284209	0.220719	0.21607	0.195985	0.2276	0.157998	0.124228	0.174708	0.176844	0.172524	0.173205	0.129606
-10.0389	1.28803	0.536803	0.42082	0.340444	0.311426	0.203009	0.198334	0.199239	0.232973	0.176901	0.137511	0.186346	0.193541	0.151706	0.161287	0.140478
-10.0788	1.27414	0.563603	0.41123	0.364062	0.319025	0.24903	0.227932	0.224274	0.234379	0.200358	0.169585	0.17108	0.178775	0.161624	0.169952	0.13594
-10.2496	1.21014	0.649493	0.461136	0.392906	0.344721	0.27485	0.242383	0.247813	0.256158	0.236097	0.214436	0.192007	0.215534	0.208776	0.173144	0.111524
-10.1344	1.29208	0.631605	0.462244	0.337249	0.323276	0.257917	0.247315	0.241054	0.205279	0.198193	0.168962	0.17621	0.161977	0.181122	0.152951	0.128503
-10.1652	1.27206	0.594028	0.43613	0.345569	0.331067	0.261767	0.232824	0.224326	0.20671	0.200464	0.156082	0.154197	0.127596	0.15413	0.129708	0.134262
-10.5202	1.02776	0.632604	0.558049	0.519775	0.355375	0.271142	0.286016	0.269255	0.218522	0.185697	0.162504	0.143015	0.12151	0.134368	0.0620057	0.101176
-10.4491	1.06151	0.570971	0.516602	0.454089	0.241992	0.220455	0.276493	0.273916	0.240465	0.195002	0.167051	0.165556	0.162474	0.187131	0.125654	0.103972
-10.3304	1.14501	0.599767	0.503035	0.441021	0.28231	0.249678	0.271647	0.233326	0.209103	0.143541	0.138268	0.147464	0.12034	0.13739	0.0760817	0.0262518
-10.4121	1.04571	0.599689	0.476873	0.454348	0.3621	0.26601	0.238426	0.243494	0.238769	0.181059	0.115531	0.119168	0.144592	0.173004	0.089049	-0.000130624
-10.3506	1.08826	0.645589	0.456028	0.408296	0.305845	0.215485	0.191867	0.199785	0.214506	0.166366	0.139607	0.115589	0.200001	0.197457	0.168596	0.113315
-9.92828	1.33707	0.548368	0.382586	0.366447	0.270304	0.211519	0.192551	0.183542	0.204209	0.162409	0.174005	0.139783	0.215046	0.192479	0.18733	0.167129
-10.0776	1.32562	0.632378	0.440885	0.410449	0.300782	0.267613	0.250235	0.271657	0.221931	0.184717	0.175973	0.206077	0.218693	0.207576	0.209249	0.194143
-10.1375	1.31697	0.646903	0.496747	0.451957	0.346685	0.312892	0.275994	0.28609	0.245757	0.24177	0.203409	0.240159	0.189898	0.174843	0.158651	0.14574
-9.87717	1.3373	0.5491	0.444224	0.367526	0.32278	0.309104	0.247307	0.283841	0.273059	0.259452	0.208203	0.208748	0.243073	0.23031	0.184444	0.159242
-9.57122	1.49569	0.519108	0.445352	0.362406	0.28863	0.265618	0.229551	0.223061	0.205801	0.182651	0.176305	0.161912	0.174059	0.148559	0.147098	0.139566
-8.21985	1.47855	0.433644	0.404294	0.280479	0.231632	0.191537	0.174313	0.144754	0.129896	0.123535	0.100079	0.102608	0.0956986	0.0803112	0.0808122	0.0776752
-8.05114	1.46107	0.403756	0.382427	0.255389	0.205049	0.163986	0.148986	0.116803	0.102777	0.0979195	0.0720548	0.0769273	0.0705354	0.0537897	0.0560738	0.0532691
