-1e+10
-1e+10
-1e+10
-1e+10
-1e+10
-1e+10
-1e+10
-1e+10
-1e+10
-1e+10
-1e+10
-1e+10
-1e+10
-1e+10
-1e+10
-1e+10
-1e+10
-1e+10
-1e+10
-1e+10
-1e+10
-1e+10
-1e+10
-1e+10
-1e+10
-1e+10
-1e+10
-1e+10
-1e+10
-1e+10
-1e+10
-1e+10
-1e+10
-1e+10
-1e+10
-1e+10
5.31623
5.32982
5.34
5.34378
5.34033
5.33034
5.31663
5.30553
5.29843
5.28896
5.27442
5.26218
5.27289
5.33281
5.36916
5.38078
5.38799
5.39224
5.3938
5.39227
5.38723
5.37868
5.36843
5.35837
5.34961
5.34274
5.33783
5.33492
5.33406
5.33492
5.33641
5.33753
5.33764
5.33671
5.33487
5.33181
5.327
5.32047
5.31225
5.3036
5.29542
5.2878
5.2808
5.27414
5.26832
5.26346
5.26029
5.25962
5.2629
5.27205
5.28738
5.30832
5.33633
5.35336
5.35344
5.33832
5.31259
5.29577
5.30489
5.32345
5.34038
5.35498
5.3663
5.37342
5.37624
5.37585
5.37391
5.37186
5.37088
5.37234
5.37466
5.37248
5.36695
5.36438
5.36454
5.36654
5.37014
5.3752
5.38133
5.38863
5.39635
5.40407
5.41127
5.41878
5.4281
5.4383
5.44675
5.45334
5.4602
5.46907
5.47882
5.48624
5.49141
5.49592
5.50043
5.50495
5.50986
5.51563
5.52212
5.52933
5.5369
5.54433
5.55049
5.55392
5.55346
5.54832
5.53831
5.5244
5.50758
5.48557
5.45751
5.43802
-1e+10
-1e+10
-1e+10
-1e+10
-1e+10
-1e+10
-1e+10
-1e+10
-1e+10
-1e+10
-1e+10
-1e+10
-1e+10
-1e+10
-1e+10
-1e+10
-1e+10
5.6379
5.56111
5.53392
5.51928
5.50637
5.49318
5.47994
5.46715
5.45512
5.44418
5.43467
5.42664
5.41915
5.41186
5.40467
5.3982
5.39233
5.38723
5.38229
5.37787
5.37408
5.37065
5.36739
5.36455
5.36235
5.36105
5.36055
5.36032
5.3597
5.35816
5.3553
5.3512
5.34675
5.34271
5.34026
5.34079
5.34058
5.33677
5.33086
5.32588
5.32174
5.31734
5.31251
5.30627
5.29841
5.28821
5.27409
5.25421
5.23001
5.20865
5.19475
5.19244
5.2097
5.25117
5.29835
5.3289
5.3464
5.33962
-1e+10
-1e+10
-1e+10
-1e+10
5.72167
5.72158
5.72078
-1e+10
-1e+10
-1e+10
-1e+10
-1e+10
-1e+10
-1e+10
-1e+10
-1e+10
-1e+10
-1e+10
-1e+10
-1e+10
5.48264
5.48998
5.49274
5.49404
5.49538
5.4977
5.5013
5.50536
5.50997
5.51526
5.5192
5.52244
5.527
5.53494
5.54354
5.54822
5.54952
5.55011
5.55046
5.54996
5.54886
5.54774
5.5468
5.5452
5.54201
5.53801
5.53497
5.53283
5.53024
5.52567
5.51937
5.51096
5.50326
5.49426
5.48447
5.47126
5.45456
5.43527
5.41626
5.39806
5.3803
5.36243
5.34208
5.31703
5.28937
5.26554
5.24905
5.23937
5.23578
5.24261
-1e+10
-1e+10
-1e+10
-1e+10
-1e+10
-1e+10
-1e+10
-1e+10
4.61142
4.60152
4.59157
4.58317
4.57508
4.56686
4.55988
4.55571
4.55606
4.56195
4.57309
4.58528
4.59886
4.30599
4.28465
4.25776
4.2485
4.25045
4.2564
4.25894
4.25762
4.16016
4.16289
4.16537
4.1695
-1e+10
-1e+10
-1e+10
-1e+10
-1e+10
-1e+10
-1e+10
4.24767
4.25032
4.25521
4.25822
4.25722
-1e+10
-1e+10
-1e+10
-1e+10
-1e+10
-1e+10
-1e+10
-1e+10
-1e+10
-1e+10
-1e+10
-1e+10
-1e+10
-1e+10
-1e+10
-1e+10
-1e+10
-1e+10
-1e+10
-1e+10
-1e+10
-1e+10
-1e+10
-1e+10
-1e+10
-1e+10
-1e+10
-1e+10
-1e+10
-1e+10
-1e+10
-1e+10
-1e+10
-1e+10
-1e+10
-1e+10
-1e+10
-1e+10
-1e+10
-1e+10
-1e+10
-1e+10
-1e+10
-1e+10
-1e+10
-1e+10
-1e+10
-1e+10
