5.422839999999999883e+00
5.422839999999999883e+00
5.422839999999999883e+00
5.422839999999999883e+00
5.422839999999999883e+00
5.422839999999999883e+00
5.422839999999999883e+00
5.422839999999999883e+00
5.422839999999999883e+00
5.422839999999999883e+00
5.422839999999999883e+00
5.422839999999999883e+00
5.422839999999999883e+00
5.422839999999999883e+00
5.422839999999999883e+00
5.422839999999999883e+00
5.422839999999999883e+00
5.422839999999999883e+00
5.422839999999999883e+00
5.422839999999999883e+00
5.422839999999999883e+00
5.422839999999999883e+00
5.422839999999999883e+00
5.422839999999999883e+00
5.422839999999999883e+00
5.422839999999999883e+00
5.422839999999999883e+00
5.422839999999999883e+00
5.422839999999999883e+00
5.422839999999999883e+00
5.422839999999999883e+00
5.422839999999999883e+00
5.422839999999999883e+00
5.422839999999999883e+00
5.422839999999999883e+00
5.422839999999999883e+00
5.422839999999999883e+00
5.422839999999999883e+00
5.422839999999999883e+00
5.422839999999999883e+00
5.422839999999999883e+00
5.422839999999999883e+00
5.422839999999999883e+00
5.422839999999999883e+00
5.422839999999999883e+00
5.422839999999999883e+00
5.422839999999999883e+00
5.422839999999999883e+00
5.422839999999999883e+00
5.422839999999999883e+00
5.422839999999999883e+00
5.422839999999999883e+00
5.422839999999999883e+00
5.422839999999999883e+00
5.422839999999999883e+00
5.422839999999999883e+00
5.422839999999999883e+00
5.422839999999999883e+00
5.422839999999999883e+00
5.422839999999999883e+00
5.422839999999999883e+00
5.422839999999999883e+00
5.422839999999999883e+00
5.422839999999999883e+00
5.422839999999999883e+00
5.422839999999999883e+00
5.422839999999999883e+00
5.422719999999999985e+00
5.422200000000000131e+00
5.421299999999999564e+00
5.420010000000000439e+00
5.418280000000000207e+00
5.415799999999999947e+00
5.412770000000000081e+00
5.409869999999999735e+00
5.407910000000000217e+00
5.406880000000000130e+00
5.406279999999999752e+00
5.405470000000000219e+00
5.404090000000000060e+00
5.402309999999999945e+00
5.400610000000000355e+00
5.399460000000000370e+00
5.399049999999999905e+00
5.399000000000000021e+00
5.398139999999999716e+00
5.395749999999999602e+00
5.392400000000000304e+00
5.388779999999999681e+00
5.385100000000000442e+00
5.381190000000000140e+00
5.376900000000000013e+00
5.371660000000000323e+00
5.365020000000000344e+00
5.357260000000000133e+00
5.348029999999999617e+00
5.337659999999999627e+00
5.327390000000000292e+00
5.318060000000000009e+00
5.309199999999999697e+00
5.301319999999999588e+00
5.294990000000000308e+00
5.289109999999999978e+00
5.284080000000000332e+00
5.280479999999999841e+00
5.278819999999999624e+00
5.278330000000000410e+00
5.276839999999999975e+00
5.272710000000000008e+00
5.266820000000000057e+00
5.262520000000000309e+00
5.262369999999999770e+00
5.266020000000000145e+00
5.270950000000000024e+00
5.279885652173913257e+00
5.288821304347826491e+00
5.297756956521738836e+00
5.306692608695652069e+00
5.315628260869565302e+00
5.324563913043478536e+00
5.333499565217390881e+00
5.342435217391304114e+00
5.351370869565217347e+00
5.360306521739130581e+00
5.369242173913043814e+00
5.378177826086956159e+00
5.387113478260869392e+00
5.396049130434782626e+00
5.404984782608695859e+00
5.413920434782609092e+00
5.422856086956521438e+00
5.431791739130434671e+00
5.440727391304347904e+00
5.449663043478261137e+00
5.458598695652173483e+00
5.467534347826086716e+00
5.476469999999999949e+00
5.473939999999999806e+00
5.468890000000000029e+00
5.461070000000000313e+00
5.449519999999999698e+00
5.436079999999999579e+00
5.422959999999999781e+00
5.410300000000000331e+00
5.397639999999999993e+00
5.385209999999999830e+00
5.374130000000000074e+00
5.365090000000000359e+00
5.357870000000000132e+00
5.350970000000000226e+00
5.344249999999999723e+00
5.337419999999999831e+00
5.331389999999999851e+00
5.325689999999999813e+00
5.320330000000000226e+00
5.311899999999999622e+00
5.276650000000000063e+00
5.260790000000000077e+00
5.254139999999999588e+00
5.234899999999999665e+00
5.232949999999999768e+00
5.252640000000000420e+00
5.323870000000000324e+00
5.324019999999999975e+00
5.312890000000000335e+00
5.294410000000000061e+00
5.283319999999999794e+00
5.276130000000000209e+00
5.270199999999999996e+00
5.264660000000000117e+00
5.260559999999999903e+00
5.257369999999999877e+00
5.253549999999999720e+00
5.246690000000000076e+00
5.231740000000000279e+00
5.213669999999999582e+00
5.197750000000000092e+00
5.182229999999999670e+00
5.175620000000000331e+00
5.184110000000000440e+00
5.195014615384615730e+00
5.205919230769231021e+00
5.216823846153846311e+00
5.227728461538461602e+00
5.238633076923076892e+00
5.249537692307692183e+00
5.260442307692308361e+00
5.271346923076923652e+00
5.282251538461538942e+00
5.293156153846154233e+00
5.304060769230769523e+00
5.314965384615384814e+00
5.325870000000000104e+00
5.306490000000000151e+00
5.291269999999999918e+00
5.279289999999999594e+00
5.268650000000000055e+00
5.257600000000000051e+00
5.245470000000000077e+00
5.233060000000000045e+00
5.222290000000000099e+00
5.214769999999999683e+00
5.211050000000000182e+00
5.212259999999999671e+00
5.220839999999999925e+00
5.240470000000000184e+00
5.276539999999999786e+00
5.292959999999999887e+00
5.290939999999999976e+00
5.281360000000000277e+00
5.276779999999999582e+00
5.280339999999999812e+00
5.291890000000000427e+00
5.303740000000000343e+00
5.305760000000000254e+00
5.293449999999999989e+00
5.261720000000000397e+00
5.240210000000000257e+00
5.228959999999999830e+00
5.218910000000000160e+00
5.212579999999999991e+00
5.210639999999999716e+00
5.212449999999999584e+00
5.219890000000000363e+00
5.233570000000000277e+00
5.239189999999999792e+00
5.238610000000000433e+00
5.235490000000000421e+00
5.231419999999999959e+00
5.225719999999999921e+00
5.216149999999999842e+00
5.201629999999999754e+00
5.186250000000000249e+00
5.174669999999999881e+00
5.168560000000000265e+00
5.174340666666666699e+00
5.180121333333334022e+00
5.185902000000000456e+00
5.191682666666666890e+00
5.197463333333333324e+00
5.203244000000000646e+00
5.209024666666667081e+00
5.214805333333333515e+00
5.220585999999999949e+00
5.226366666666667271e+00
5.232147333333333705e+00
5.237928000000000139e+00
5.243708666666666574e+00
5.249489333333333896e+00
5.255270000000000330e+00
5.261050666666666764e+00
5.266831333333334086e+00
5.272612000000000521e+00
5.278392666666666955e+00
5.284173333333333389e+00
5.289954000000000711e+00
5.295734666666667145e+00
5.301515333333333579e+00
5.307296000000000014e+00
5.313076666666667336e+00
5.318857333333333770e+00
5.324638000000000204e+00
5.330418666666666638e+00
5.336199333333333961e+00
5.341980000000000395e+00
5.342810000000000059e+00
5.343490000000000073e+00
5.342410000000000103e+00
5.336750000000000327e+00
5.324900000000000411e+00
5.311499999999999666e+00
5.292959999999999887e+00
5.281850000000000378e+00
5.269779999999999909e+00
5.254529999999999923e+00
5.240669999999999717e+00
5.229689999999999728e+00
5.217629999999999768e+00
5.208269999999999733e+00
5.205790000000000362e+00
5.210829999999999629e+00
5.223370000000000068e+00
5.236509999999999998e+00
5.236509999999999998e+00
5.236509999999999998e+00
5.236509999999999998e+00
5.236509999999999998e+00
5.236509999999999998e+00
5.236509999999999998e+00
5.236509999999999998e+00
5.236509999999999998e+00
5.236509999999999998e+00
5.236509999999999998e+00
5.236509999999999998e+00
5.236509999999999998e+00
5.236509999999999998e+00
5.236509999999999998e+00
5.236509999999999998e+00
5.236509999999999998e+00
5.236509999999999998e+00
5.236509999999999998e+00
5.236509999999999998e+00
5.236509999999999998e+00
5.236509999999999998e+00
5.236509999999999998e+00
5.236509999999999998e+00
5.236509999999999998e+00
5.236509999999999998e+00
5.236509999999999998e+00
5.236509999999999998e+00
5.236509999999999998e+00
5.236509999999999998e+00
5.236509999999999998e+00
5.236509999999999998e+00
5.236509999999999998e+00
5.236509999999999998e+00
5.236509999999999998e+00
5.236509999999999998e+00
5.236509999999999998e+00
5.236509999999999998e+00
5.236509999999999998e+00
5.236509999999999998e+00
5.236509999999999998e+00
5.236509999999999998e+00
5.236509999999999998e+00
5.236509999999999998e+00
5.236509999999999998e+00
5.236509999999999998e+00
5.236509999999999998e+00
5.236509999999999998e+00
5.236509999999999998e+00
5.236509999999999998e+00
5.236509999999999998e+00
5.236509999999999998e+00
5.236509999999999998e+00
5.236509999999999998e+00
5.236509999999999998e+00
5.236509999999999998e+00
5.236509999999999998e+00
5.236509999999999998e+00
