5.316230000000000011e+00
5.316230000000000011e+00
5.316230000000000011e+00
5.316230000000000011e+00
5.316230000000000011e+00
5.316230000000000011e+00
5.316230000000000011e+00
5.316230000000000011e+00
5.316230000000000011e+00
5.316230000000000011e+00
5.316230000000000011e+00
5.316230000000000011e+00
5.316230000000000011e+00
5.316230000000000011e+00
5.316230000000000011e+00
5.316230000000000011e+00
5.316230000000000011e+00
5.316230000000000011e+00
5.316230000000000011e+00
5.316230000000000011e+00
5.316230000000000011e+00
5.316230000000000011e+00
5.316230000000000011e+00
5.316230000000000011e+00
5.316230000000000011e+00
5.316230000000000011e+00
5.316230000000000011e+00
5.316230000000000011e+00
5.316230000000000011e+00
5.316230000000000011e+00
5.316230000000000011e+00
5.316230000000000011e+00
5.316230000000000011e+00
5.316230000000000011e+00
5.316230000000000011e+00
5.316230000000000011e+00
5.316230000000000011e+00
5.329819999999999780e+00
5.339999999999999858e+00
5.343779999999999752e+00
5.340329999999999799e+00
5.330339999999999634e+00
5.316629999999999967e+00
5.305530000000000079e+00
5.298429999999999751e+00
5.288960000000000328e+00
5.274420000000000108e+00
5.262179999999999858e+00
5.272890000000000299e+00
5.332810000000000272e+00
5.369159999999999933e+00
5.380779999999999674e+00
5.387990000000000279e+00
5.392240000000000144e+00
5.393799999999999706e+00
5.392269999999999897e+00
5.387229999999999741e+00
5.378680000000000128e+00
5.368430000000000035e+00
5.358369999999999855e+00
5.349610000000000198e+00
5.342740000000000045e+00
5.337830000000000297e+00
5.334920000000000329e+00
5.334060000000000024e+00
5.334920000000000329e+00
5.336409999999999876e+00
5.337530000000000108e+00
5.337640000000000384e+00
5.336710000000000065e+00
5.334869999999999557e+00
5.331809999999999938e+00
5.326999999999999957e+00
5.320470000000000255e+00
5.312249999999999694e+00
5.303600000000000314e+00
5.295420000000000016e+00
5.287799999999999834e+00
5.280800000000000161e+00
5.274140000000000050e+00
5.268320000000000114e+00
5.263460000000000250e+00
5.260290000000000354e+00
5.259619999999999962e+00
5.262900000000000134e+00
5.272050000000000125e+00
5.287379999999999747e+00
5.308320000000000149e+00
5.336330000000000240e+00
5.353360000000000340e+00
5.353439999999999976e+00
5.338320000000000398e+00
5.312590000000000146e+00
5.295770000000000088e+00
5.304890000000000327e+00
5.323450000000000237e+00
5.340379999999999683e+00
5.354980000000000295e+00
5.366299999999999848e+00
5.373420000000000307e+00
5.376240000000000130e+00
5.375849999999999795e+00
5.373910000000000409e+00
5.371859999999999857e+00
5.370879999999999654e+00
5.372340000000000337e+00
5.374660000000000437e+00
5.372480000000000366e+00
5.366950000000000109e+00
5.364379999999999704e+00
5.364539999999999864e+00
5.366539999999999644e+00
5.370140000000000136e+00
5.375200000000000422e+00
5.381330000000000169e+00
5.388630000000000031e+00
5.396349999999999980e+00
5.404069999999999929e+00
5.411270000000000024e+00
5.418779999999999930e+00
5.428099999999999703e+00
5.438299999999999912e+00
5.446749999999999758e+00
5.453339999999999854e+00
5.460200000000000387e+00
5.469070000000000320e+00
5.478819999999999801e+00
5.486239999999999561e+00
5.491410000000000124e+00
5.495919999999999916e+00
5.500429999999999708e+00
5.504950000000000010e+00
5.509859999999999758e+00
5.515629999999999811e+00
5.522120000000000140e+00
5.529329999999999856e+00
5.536900000000000155e+00
5.544330000000000425e+00
5.550489999999999924e+00
5.553919999999999746e+00
5.553460000000000285e+00
5.548320000000000363e+00
5.538310000000000066e+00
5.524399999999999977e+00
5.507579999999999920e+00
5.485570000000000057e+00
5.457510000000000083e+00
5.438019999999999854e+00
5.449124444444444215e+00
5.460228888888888577e+00
5.471333333333332938e+00
5.482437777777777299e+00
5.493542222222222549e+00
5.504646666666666910e+00
5.515751111111111271e+00
5.526855555555555632e+00
5.537959999999999994e+00
5.549064444444444355e+00
5.560168888888888716e+00
5.571273333333333078e+00
5.582377777777777439e+00
5.593482222222222688e+00
5.604586666666667050e+00
5.615691111111111411e+00
5.626795555555555772e+00
5.637900000000000134e+00
5.561110000000000220e+00
5.533920000000000172e+00
5.519280000000000186e+00
5.506370000000000431e+00
5.493179999999999730e+00
5.479940000000000033e+00
5.467150000000000176e+00
5.455119999999999969e+00
5.444180000000000241e+00
5.434669999999999668e+00
5.426639999999999908e+00
5.419150000000000134e+00
5.411859999999999893e+00
5.404670000000000307e+00
5.398200000000000109e+00
5.392330000000000290e+00
5.387229999999999741e+00
5.382290000000000241e+00
5.377869999999999706e+00
5.374080000000000190e+00
5.370650000000000368e+00
5.367390000000000327e+00
5.364550000000000374e+00
5.362350000000000172e+00
5.361049999999999649e+00
5.360549999999999926e+00
5.360319999999999752e+00
5.359700000000000131e+00
5.358159999999999812e+00
5.355299999999999727e+00
5.351200000000000401e+00
5.346750000000000114e+00
5.342710000000000292e+00
5.340259999999999785e+00
5.340790000000000148e+00
5.340580000000000105e+00
5.336769999999999570e+00
5.330860000000000376e+00
5.325879999999999725e+00
5.321740000000000137e+00
5.317339999999999733e+00
5.312509999999999621e+00
5.306269999999999598e+00
5.298409999999999620e+00
5.288210000000000299e+00
5.274090000000000167e+00
5.254209999999999603e+00
5.230010000000000048e+00
5.208649999999999558e+00
5.194749999999999979e+00
5.192440000000000389e+00
5.209699999999999775e+00
5.251170000000000115e+00
5.298350000000000115e+00
5.328899999999999970e+00
5.346400000000000041e+00
5.339620000000000033e+00
5.416030000000000122e+00
5.492440000000000211e+00
5.568849999999999412e+00
5.645259999999999501e+00
5.721669999999999590e+00
5.721580000000000332e+00
5.720780000000000420e+00
5.703770000000000451e+00
5.686760000000000481e+00
5.669750000000000512e+00
5.652740000000000542e+00
5.635730000000000572e+00
5.618720000000000603e+00
5.601710000000000633e+00
5.584699999999999775e+00
5.567689999999999806e+00
5.550679999999999836e+00
5.533669999999999867e+00
5.516659999999999897e+00
5.499649999999999928e+00
5.482639999999999958e+00
5.489980000000000082e+00
5.492740000000000400e+00
5.494040000000000035e+00
5.495379999999999932e+00
5.497700000000000031e+00
5.501299999999999635e+00
5.505359999999999587e+00
5.509970000000000034e+00
5.515259999999999607e+00
5.519199999999999662e+00
5.522439999999999571e+00
5.527000000000000135e+00
5.534939999999999749e+00
5.543540000000000134e+00
5.548219999999999708e+00
5.549520000000000231e+00
5.550110000000000099e+00
5.550460000000000171e+00
5.549959999999999560e+00
5.548860000000000348e+00
5.547740000000000116e+00
5.546800000000000175e+00
5.545200000000000351e+00
5.542010000000000325e+00
5.538009999999999877e+00
5.534970000000000390e+00
5.532829999999999693e+00
5.530240000000000045e+00
5.525669999999999860e+00
5.519370000000000331e+00
5.510959999999999859e+00
5.503260000000000041e+00
5.494259999999999700e+00
5.484469999999999956e+00
5.471260000000000012e+00
5.454559999999999853e+00
5.435270000000000046e+00
5.416260000000000296e+00
5.398060000000000080e+00
5.380300000000000082e+00
5.362429999999999808e+00
5.342080000000000162e+00
5.317029999999999923e+00
5.289369999999999905e+00
5.265539999999999665e+00
5.249050000000000438e+00
5.239370000000000083e+00
5.235780000000000101e+00
5.242609999999999992e+00
5.172477777777777952e+00
5.102345555555555912e+00
5.032213333333332983e+00
4.962081111111110943e+00
4.891948888888888902e+00
4.821816666666666862e+00
4.751684444444444821e+00
4.681552222222221893e+00
4.611419999999999852e+00
4.601519999999999833e+00
4.591569999999999929e+00
4.583169999999999966e+00
4.575079999999999814e+00
4.566860000000000142e+00
4.559879999999999711e+00
4.555710000000000370e+00
4.556060000000000443e+00
4.561950000000000394e+00
4.573089999999999655e+00
4.585280000000000022e+00
4.598860000000000170e+00
4.305990000000000428e+00
4.284650000000000070e+00
4.257760000000000211e+00
4.248499999999999943e+00
4.250449999999999839e+00
4.256400000000000183e+00
4.258939999999999948e+00
4.257620000000000182e+00
4.160160000000000302e+00
4.162889999999999979e+00
4.165370000000000239e+00
4.169500000000000206e+00
4.179271250000000215e+00
4.189042500000000224e+00
4.198813750000000233e+00
4.208585000000000242e+00
4.218356250000000252e+00
4.228127500000000261e+00
4.237898750000000270e+00
4.247670000000000279e+00
4.250320000000000320e+00
4.255209999999999937e+00
4.258219999999999672e+00
4.257220000000000226e+00
4.257220000000000226e+00
4.257220000000000226e+00
4.257220000000000226e+00
4.257220000000000226e+00
4.257220000000000226e+00
4.257220000000000226e+00
4.257220000000000226e+00
4.257220000000000226e+00
4.257220000000000226e+00
4.257220000000000226e+00
4.257220000000000226e+00
4.257220000000000226e+00
4.257220000000000226e+00
4.257220000000000226e+00
4.257220000000000226e+00
4.257220000000000226e+00
4.257220000000000226e+00
4.257220000000000226e+00
4.257220000000000226e+00
4.257220000000000226e+00
4.257220000000000226e+00
4.257220000000000226e+00
4.257220000000000226e+00
4.257220000000000226e+00
4.257220000000000226e+00
4.257220000000000226e+00
4.257220000000000226e+00
4.257220000000000226e+00
4.257220000000000226e+00
4.257220000000000226e+00
4.257220000000000226e+00
4.257220000000000226e+00
4.257220000000000226e+00
4.257220000000000226e+00
4.257220000000000226e+00
4.257220000000000226e+00
4.257220000000000226e+00
4.257220000000000226e+00
4.257220000000000226e+00
4.257220000000000226e+00
4.257220000000000226e+00
4.257220000000000226e+00
4.257220000000000226e+00
4.257220000000000226e+00
4.257220000000000226e+00
4.257220000000000226e+00
4.257220000000000226e+00
4.257220000000000226e+00
