5.029550000000000409e+00
5.029550000000000409e+00
5.029550000000000409e+00
5.029550000000000409e+00
5.029550000000000409e+00
5.029550000000000409e+00
5.029550000000000409e+00
5.029550000000000409e+00
5.029550000000000409e+00
5.029550000000000409e+00
5.029550000000000409e+00
5.029550000000000409e+00
5.029550000000000409e+00
5.029550000000000409e+00
5.029550000000000409e+00
5.029550000000000409e+00
5.029550000000000409e+00
5.029550000000000409e+00
5.029550000000000409e+00
5.029550000000000409e+00
5.029550000000000409e+00
5.029550000000000409e+00
5.029550000000000409e+00
5.029550000000000409e+00
5.029550000000000409e+00
5.029550000000000409e+00
5.029550000000000409e+00
5.029550000000000409e+00
5.029550000000000409e+00
5.029550000000000409e+00
5.029550000000000409e+00
5.029550000000000409e+00
5.029550000000000409e+00
5.029550000000000409e+00
5.029550000000000409e+00
5.029550000000000409e+00
5.029550000000000409e+00
5.029550000000000409e+00
5.029550000000000409e+00
5.029550000000000409e+00
5.029550000000000409e+00
5.029550000000000409e+00
5.029550000000000409e+00
5.029550000000000409e+00
5.029550000000000409e+00
5.029550000000000409e+00
5.029550000000000409e+00
5.029550000000000409e+00
5.029550000000000409e+00
5.029550000000000409e+00
5.029550000000000409e+00
5.029550000000000409e+00
5.029550000000000409e+00
5.029550000000000409e+00
5.029550000000000409e+00
5.029550000000000409e+00
5.029550000000000409e+00
5.029550000000000409e+00
5.029550000000000409e+00
5.029550000000000409e+00
5.029550000000000409e+00
5.029550000000000409e+00
5.029550000000000409e+00
5.029550000000000409e+00
5.029550000000000409e+00
5.029550000000000409e+00
5.022870000000000168e+00
5.018349999999999866e+00
5.013819999999999943e+00
5.009220000000000006e+00
5.005489999999999995e+00
5.002220000000000333e+00
5.691019999999999968e+00
5.684940000000000104e+00
5.674179999999999779e+00
5.656480000000000175e+00
5.628239999999999910e+00
5.596140000000000114e+00
5.598510000000000097e+00
5.647689999999999877e+00
5.691270000000000273e+00
5.709869999999999557e+00
5.716709999999999958e+00
5.719140000000000335e+00
5.720040000000000013e+00
5.721049999999999969e+00
5.723849999999999660e+00
5.729239999999999888e+00
5.735019999999999563e+00
5.737580000000000346e+00
5.735890000000000377e+00
5.731209999999999916e+00
5.724630000000000329e+00
5.716319999999999624e+00
5.707349999999999923e+00
5.696959999999999802e+00
5.686399999999999899e+00
5.675500000000000433e+00
5.665790000000000326e+00
4.961890000000000356e+00
4.953269999999999840e+00
4.944250000000000256e+00
4.935880000000000045e+00
4.929490000000000371e+00
4.926420000000000243e+00
4.930069999999999730e+00
4.954790000000000028e+00
4.964220000000000077e+00
4.964199999999999946e+00
4.961800000000000210e+00
4.958730000000000082e+00
4.955820000000000114e+00
4.978714736842105637e+00
5.001609473684210272e+00
5.024504210526315795e+00
5.047398947368421318e+00
5.070293684210526841e+00
5.093188421052631476e+00
5.116083157894736999e+00
5.138977894736842522e+00
5.161872631578947157e+00
5.184767368421052680e+00
5.207662105263158203e+00
5.230556842105263726e+00
5.253451578947368361e+00
5.276346315789473884e+00
5.299241052631579407e+00
5.322135789473684042e+00
5.345030526315789565e+00
5.367925263157895088e+00
5.390819999999999723e+00
5.413714736842105246e+00
5.436609473684210769e+00
5.459504210526316292e+00
5.482398947368420927e+00
5.505293684210526450e+00
5.528188421052631973e+00
5.551083157894737496e+00
5.573977894736842131e+00
5.596872631578947654e+00
5.619767368421053177e+00
5.642662105263157812e+00
5.665556842105263335e+00
5.688451578947368859e+00
5.711346315789473493e+00
5.734241052631579016e+00
5.757135789473684540e+00
5.780030526315790063e+00
5.802925263157894697e+00
5.825820000000000221e+00
5.840740000000000265e+00
5.849689999999999834e+00
5.858559999999999768e+00
5.869239999999999569e+00
5.881649999999999601e+00
5.894820000000000171e+00
5.907020000000000159e+00
5.916350000000000442e+00
5.922380000000000422e+00
5.924479999999999968e+00
5.921809999999999796e+00
5.914670000000000094e+00
5.904340000000000366e+00
5.893290000000000362e+00
5.888139999999999930e+00
5.880503846153845693e+00
5.872867692307692344e+00
5.865231538461538108e+00
5.857595384615384759e+00
5.849959230769230523e+00
5.842323076923077174e+00
5.834686923076922938e+00
5.827050769230769589e+00
5.819414615384615352e+00
5.811778461538462004e+00
5.804142307692307767e+00
5.796506153846154419e+00
5.788870000000000182e+00
5.781233846153845946e+00
5.773597692307692597e+00
5.765961538461538360e+00
5.758325384615385012e+00
5.750689230769230775e+00
5.743053076923077427e+00
5.735416923076923190e+00
5.727780769230769842e+00
5.720144615384615605e+00
5.712508461538462257e+00
5.704872307692308020e+00
5.697236153846154671e+00
5.689600000000000435e+00
5.651110000000000078e+00
5.625099999999999767e+00
5.604580000000000339e+00
5.582489999999999952e+00
5.556140000000000079e+00
5.532510000000000261e+00
5.513020000000000032e+00
5.496369999999999756e+00
5.482380000000000031e+00
5.471429999999999794e+00
5.462570000000000370e+00
5.455059999999999576e+00
5.445020000000000415e+00
5.359189999999999898e+00
5.341649999999999565e+00
5.313570000000000348e+00
5.281729999999999592e+00
5.239559999999999995e+00
5.229400000000000048e+00
5.227859999999999729e+00
5.231160000000000032e+00
5.236259999999999692e+00
5.238570000000000171e+00
5.236530000000000129e+00
5.231810000000000294e+00
5.229390000000000427e+00
5.234960000000000058e+00
5.249220000000000219e+00
5.279759999999999565e+00
5.319836666666666325e+00
5.359913333333333085e+00
5.399989999999999846e+00
5.356659999999999755e+00
5.335280000000000022e+00
5.328339999999999854e+00
5.327420000000000044e+00
5.327700000000000102e+00
5.328009999999999913e+00
5.328459999999999752e+00
5.329410000000000203e+00
5.330919999999999881e+00
5.332410000000000316e+00
5.333090000000000330e+00
5.332290000000000418e+00
5.329729999999999634e+00
5.325599999999999667e+00
5.320050000000000168e+00
5.312229999999999563e+00
5.301989999999999981e+00
5.289780000000000371e+00
5.276349999999999874e+00
5.295439473684210085e+00
5.314528947368421186e+00
5.333618421052631398e+00
5.352707894736841610e+00
5.371797368421052710e+00
5.390886842105262922e+00
5.409976315789474022e+00
5.429065789473684234e+00
5.448155263157894446e+00
5.467244736842105546e+00
5.486334210526315758e+00
5.505423684210525970e+00
5.524513157894737070e+00
5.543602631578947282e+00
5.562692105263158382e+00
5.581781578947368594e+00
5.600871052631578806e+00
5.619960526315789906e+00
5.639050000000000118e+00
5.611110000000000042e+00
5.600439999999999863e+00
5.594990000000000130e+00
5.592740000000000045e+00
5.592150000000000176e+00
5.591520000000000046e+00
5.589409999999999989e+00
5.585340000000000416e+00
5.579989999999999561e+00
5.574600000000000222e+00
5.570240000000000080e+00
5.566469999999999807e+00
5.562730000000000175e+00
5.558919999999999639e+00
5.555310000000000414e+00
5.551660000000000039e+00
5.547589999999999577e+00
5.542930000000000135e+00
5.538499999999999979e+00
5.535630000000000273e+00
5.536590000000000344e+00
5.541890000000000427e+00
5.546700000000000408e+00
5.549120000000000275e+00
5.550449999999999662e+00
5.550699999999999967e+00
5.549290000000000056e+00
5.545639999999999681e+00
5.539209999999999745e+00
5.530809999999999782e+00
5.532390000000000363e+00
5.570960000000000356e+00
5.615090000000000359e+00
5.637179999999999858e+00
5.648530000000000051e+00
5.654130000000000322e+00
5.656659999999999577e+00
5.657040000000000290e+00
5.655730000000000146e+00
5.652989999999999959e+00
5.648799999999999599e+00
5.642310000000000159e+00
5.633090000000000153e+00
5.620079999999999742e+00
5.605199999999999960e+00
5.590060000000000251e+00
5.576870000000000438e+00
5.571299999999999919e+00
5.591728421052631681e+00
5.612156842105263443e+00
5.632585263157894317e+00
5.653013684210526080e+00
5.673442105263157842e+00
5.693870526315789604e+00
5.714298947368421366e+00
5.734727368421052240e+00
5.755155789473684003e+00
5.775584210526315765e+00
5.796012631578947527e+00
5.816441052631578401e+00
5.836869473684210163e+00
5.857297894736841926e+00
5.877726315789473688e+00
5.898154736842105450e+00
5.918583157894736324e+00
5.939011578947368086e+00
5.959439999999999849e+00
5.959419999999999717e+00
5.961020000000000429e+00
5.963779999999999859e+00
5.967080000000000162e+00
5.969509999999999650e+00
5.969210000000000349e+00
5.965559999999999974e+00
5.959279999999999688e+00
5.950549999999999784e+00
5.940979999999999706e+00
5.931110000000000326e+00
5.921730000000000160e+00
5.914970000000000283e+00
5.910359999999999836e+00
5.906819999999999737e+00
5.902660000000000018e+00
5.896309999999999718e+00
5.887100000000000222e+00
5.875289999999999679e+00
5.860710000000000086e+00
5.847489999999999633e+00
5.838879999999999626e+00
5.834600000000000009e+00
5.788174399999999942e+00
5.741748799999999875e+00
5.695323199999999808e+00
5.648897599999999741e+00
5.602471999999999674e+00
5.556046399999999608e+00
5.509620800000000429e+00
5.463195200000000362e+00
5.416769600000000295e+00
5.370344000000000229e+00
5.323918400000000162e+00
5.277492800000000095e+00
5.231067200000000028e+00
5.184641599999999961e+00
5.138215999999999894e+00
5.091790399999999828e+00
5.045364799999999761e+00
4.998939199999999694e+00
4.952513599999999627e+00
4.906088000000000449e+00
4.859662400000000382e+00
4.813236800000000315e+00
4.766811200000000248e+00
4.720385600000000181e+00
4.673960000000000115e+00
4.651159999999999961e+00
4.654410000000000380e+00
4.661730000000000373e+00
4.431359999999999744e+00
4.439939999999999998e+00
4.235669999999999824e+00
4.237930000000000419e+00
4.238749999999999574e+00
4.246470000000000411e+00
4.258289999999999687e+00
4.266119999999999912e+00
4.099359999999999893e+00
4.104280000000000150e+00
4.102710000000000079e+00
4.102710000000000079e+00
4.102710000000000079e+00
4.102710000000000079e+00
4.102710000000000079e+00
4.102710000000000079e+00
4.102710000000000079e+00
4.102710000000000079e+00
4.102710000000000079e+00
4.102710000000000079e+00
4.102710000000000079e+00
4.102710000000000079e+00
4.102710000000000079e+00
4.102710000000000079e+00
4.102710000000000079e+00
4.102710000000000079e+00
4.102710000000000079e+00
4.102710000000000079e+00
4.102710000000000079e+00
4.102710000000000079e+00
4.102710000000000079e+00
4.102710000000000079e+00
4.102710000000000079e+00
4.102710000000000079e+00
4.102710000000000079e+00
4.102710000000000079e+00
4.102710000000000079e+00
4.102710000000000079e+00
4.102710000000000079e+00
4.102710000000000079e+00
4.102710000000000079e+00
4.102710000000000079e+00
4.102710000000000079e+00
4.102710000000000079e+00
4.102710000000000079e+00
4.102710000000000079e+00
4.102710000000000079e+00
4.102710000000000079e+00
4.102710000000000079e+00
4.102710000000000079e+00
4.102710000000000079e+00
4.102710000000000079e+00
4.102710000000000079e+00
4.102710000000000079e+00
4.102710000000000079e+00
4.102710000000000079e+00
4.102710000000000079e+00
4.102710000000000079e+00
4.102710000000000079e+00
4.102710000000000079e+00
4.102710000000000079e+00
4.102710000000000079e+00
4.102710000000000079e+00
4.102710000000000079e+00
4.102710000000000079e+00
4.102710000000000079e+00
4.102710000000000079e+00
4.102710000000000079e+00
4.102710000000000079e+00
4.102710000000000079e+00
4.102710000000000079e+00
4.102710000000000079e+00
4.102710000000000079e+00
4.102710000000000079e+00
4.102710000000000079e+00
4.102710000000000079e+00
4.102710000000000079e+00
4.102710000000000079e+00
4.102710000000000079e+00
4.102710000000000079e+00
4.102710000000000079e+00
4.102710000000000079e+00
4.102710000000000079e+00
4.102710000000000079e+00
4.102710000000000079e+00
4.102710000000000079e+00
4.102710000000000079e+00
4.102710000000000079e+00
4.102710000000000079e+00
4.102710000000000079e+00
4.102710000000000079e+00
4.102710000000000079e+00
4.102710000000000079e+00
4.102710000000000079e+00
4.102710000000000079e+00
4.102710000000000079e+00
4.102710000000000079e+00
4.102710000000000079e+00
4.102710000000000079e+00
4.102710000000000079e+00
4.102710000000000079e+00
4.102710000000000079e+00
4.102710000000000079e+00
4.102710000000000079e+00
4.102710000000000079e+00
4.102710000000000079e+00
4.102710000000000079e+00
4.102710000000000079e+00
4.102710000000000079e+00
4.102710000000000079e+00
4.102710000000000079e+00
4.102710000000000079e+00
