1.123059999999999945e+03
1.123059999999999945e+03
1.123059999999999945e+03
1.123059999999999945e+03
1.123059999999999945e+03
1.123059999999999945e+03
1.123059999999999945e+03
1.123059999999999945e+03
1.123059999999999945e+03
1.123059999999999945e+03
1.123059999999999945e+03
1.123059999999999945e+03
1.123059999999999945e+03
1.123059999999999945e+03
1.123059999999999945e+03
1.123059999999999945e+03
1.123059999999999945e+03
1.123059999999999945e+03
1.123059999999999945e+03
1.123059999999999945e+03
1.123059999999999945e+03
1.123059999999999945e+03
1.123059999999999945e+03
1.123059999999999945e+03
1.123059999999999945e+03
1.123059999999999945e+03
1.123059999999999945e+03
1.123059999999999945e+03
1.123059999999999945e+03
1.123059999999999945e+03
1.123059999999999945e+03
1.123059999999999945e+03
1.123059999999999945e+03
1.123059999999999945e+03
1.123059999999999945e+03
1.123059999999999945e+03
5.652479999999999563e+03
6.169880000000000109e+03
6.204439999999999600e+03
6.204439999999999600e+03
7.442079999999999927e+03
6.204439999999999600e+03
6.204439999999999600e+03
5.907470000000000255e+03
5.854069999999999709e+03
5.598760000000000218e+03
5.854069999999999709e+03
5.907470000000000255e+03
5.854069999999999709e+03
6.187909999999999854e+03
6.187909999999999854e+03
6.187909999999999854e+03
7.105699999999999818e+03
7.105699999999999818e+03
5.825270000000000437e+03
7.105699999999999818e+03
7.432229999999999563e+03
7.432229999999999563e+03
7.432229999999999563e+03
7.462090000000000146e+03
7.462090000000000146e+03
7.462090000000000146e+03
7.462090000000000146e+03
7.462090000000000146e+03
5.953439999999999600e+03
4.134270000000000437e+03
4.134270000000000437e+03
4.134270000000000437e+03
5.384050000000000182e+03
7.446670000000000073e+03
7.646439999999999600e+03
7.699989999999999782e+03
7.699989999999999782e+03
7.646439999999999600e+03
6.763729999999999563e+03
6.763729999999999563e+03
6.694060000000000400e+03
6.694060000000000400e+03
6.763729999999999563e+03
6.993529999999999745e+03
6.675180000000000291e+03
6.993529999999999745e+03
7.392880000000000109e+03
7.579340000000000146e+03
7.526920000000000073e+03
7.526920000000000073e+03
7.729460000000000036e+03
7.526920000000000073e+03
7.526920000000000073e+03
7.797390000000000327e+03
7.824840000000000146e+03
7.797390000000000327e+03
7.797390000000000327e+03
7.427550000000000182e+03
7.328119999999999891e+03
4.859869999999999891e+03
4.859869999999999891e+03
4.457119999999999891e+03
4.409369999999999891e+03
4.409369999999999891e+03
4.409369999999999891e+03
4.409369999999999891e+03
4.409369999999999891e+03
2.630909999999999854e+03
2.451050000000000182e+03
1.984380000000000109e+03
1.281279999999999973e+03
1.281279999999999973e+03
1.281279999999999973e+03
1.281279999999999973e+03
1.281279999999999973e+03
1.125000000000000000e+03
1.107650000000000091e+03
1.062500000000000000e+03
1.059269999999999982e+03
1.264767419354838694e+03
1.470264838709677406e+03
1.675762258064516118e+03
1.881259677419354830e+03
2.086757096774193542e+03
2.292254516129032254e+03
2.497751935483870966e+03
2.703249354838709678e+03
2.908746774193548390e+03
3.114244193548387102e+03
3.319741612903225814e+03
3.525239032258064526e+03
3.730736451612903238e+03
3.936233870967741950e+03
4.141731290322581117e+03
4.347228709677419829e+03
4.552726129032258541e+03
4.758223548387097253e+03
4.963720967741935965e+03
5.169218387096774677e+03
5.374715806451613389e+03
5.580213225806452101e+03
5.785710645161290813e+03
5.991208064516129525e+03
6.196705483870968237e+03
6.402202903225806949e+03
6.607700322580645661e+03
6.813197741935484373e+03
7.018695161290323085e+03
7.224192580645161797e+03
7.429689999999999600e+03
7.466130000000000109e+03
7.466130000000000109e+03
7.429689999999999600e+03
7.466130000000000109e+03
7.640619999999999891e+03
7.609380000000000109e+03
7.640619999999999891e+03
7.734380000000000109e+03
7.640619999999999891e+03
7.609380000000000109e+03
7.414060000000000400e+03
6.837050000000000182e+03
6.648439999999999600e+03
6.151170000000000073e+03
6.151170000000000073e+03
6.151170000000000073e+03
6.151170000000000073e+03
5.460460000000000036e+03
5.128250000000000000e+03
3.693789999999999964e+03
1.035650000000000091e+03
1.035650000000000091e+03
1.035650000000000091e+03
3.419079999999999927e+03
3.419079999999999927e+03
3.419079999999999927e+03
3.261690000000000055e+03
2.619269999999999982e+03
1.374190000000000055e+03
1.374190000000000055e+03
1.311200000000000045e+03
1.311200000000000045e+03
1.345430000000000064e+03
1.345430000000000064e+03
1.345430000000000064e+03
2.735800000000000182e+03
2.819219999999999800e+03
3.419380000000000109e+03
4.319000000000000000e+03
6.390619999999999891e+03
7.089119999999999891e+03
6.414060000000000400e+03
6.805710000000000036e+03
6.805710000000000036e+03
6.805710000000000036e+03
6.725279999999999745e+03
6.725279999999999745e+03
6.250000000000000000e+03
5.925390000000000327e+03
3.953119999999999891e+03
5.925390000000000327e+03
5.925390000000000327e+03
5.925390000000000327e+03
5.257720000000000255e+03
6.267550000000000182e+03
6.267550000000000182e+03
5.257720000000000255e+03
5.257720000000000255e+03
6.267550000000000182e+03
6.906250000000000000e+03
5.147430000000000291e+03
3.913550000000000182e+03
2.281250000000000000e+03
1.234380000000000109e+03
1.179589999999999918e+03
1.179589999999999918e+03
1.179589999999999918e+03
1.179589999999999918e+03
1.096140000000000100e+03
1.096140000000000100e+03
1.096140000000000100e+03
1.096140000000000100e+03
1.096140000000000100e+03
1.096140000000000100e+03
1.096140000000000100e+03
1.096140000000000100e+03
1.096140000000000100e+03
1.096140000000000100e+03
1.096140000000000100e+03
1.096140000000000100e+03
1.096140000000000100e+03
1.096140000000000100e+03
1.096140000000000100e+03
1.096140000000000100e+03
1.096140000000000100e+03
1.096140000000000100e+03
1.096140000000000100e+03
1.096140000000000100e+03
1.096140000000000100e+03
1.096140000000000100e+03
1.096140000000000100e+03
1.096140000000000100e+03
1.096140000000000100e+03
1.096140000000000100e+03
1.096140000000000100e+03
1.096140000000000100e+03
1.096140000000000100e+03
1.096140000000000100e+03
1.096140000000000100e+03
1.096140000000000100e+03
1.096140000000000100e+03
1.096140000000000100e+03
