5.409299999999999997e+00
5.409299999999999997e+00
5.409299999999999997e+00
5.409299999999999997e+00
5.409299999999999997e+00
5.409299999999999997e+00
5.409299999999999997e+00
5.409299999999999997e+00
5.409299999999999997e+00
5.409299999999999997e+00
5.409299999999999997e+00
5.409299999999999997e+00
5.409299999999999997e+00
5.409299999999999997e+00
5.409299999999999997e+00
5.409299999999999997e+00
5.409299999999999997e+00
5.409299999999999997e+00
5.409299999999999997e+00
5.409299999999999997e+00
5.409299999999999997e+00
5.409299999999999997e+00
5.409299999999999997e+00
5.409299999999999997e+00
5.409299999999999997e+00
5.409299999999999997e+00
5.409299999999999997e+00
5.409299999999999997e+00
5.409299999999999997e+00
5.409299999999999997e+00
5.409299999999999997e+00
5.409299999999999997e+00
5.409299999999999997e+00
5.409299999999999997e+00
5.409299999999999997e+00
5.409299999999999997e+00
5.409299999999999997e+00
5.409299999999999997e+00
5.409299999999999997e+00
5.409299999999999997e+00
5.409299999999999997e+00
5.409299999999999997e+00
5.409299999999999997e+00
5.409299999999999997e+00
5.409299999999999997e+00
5.409299999999999997e+00
5.409299999999999997e+00
5.409299999999999997e+00
5.409299999999999997e+00
5.409299999999999997e+00
5.409299999999999997e+00
5.409299999999999997e+00
5.409299999999999997e+00
5.409299999999999997e+00
5.409299999999999997e+00
5.409299999999999997e+00
5.409299999999999997e+00
5.409299999999999997e+00
5.409299999999999997e+00
5.409299999999999997e+00
5.409299999999999997e+00
5.409299999999999997e+00
5.409299999999999997e+00
5.409299999999999997e+00
5.409299999999999997e+00
5.409299999999999997e+00
5.409299999999999997e+00
5.409299999999999997e+00
5.409299999999999997e+00
5.409299999999999997e+00
5.409299999999999997e+00
5.409299999999999997e+00
5.409299999999999997e+00
5.409299999999999997e+00
5.409299999999999997e+00
5.409299999999999997e+00
5.409299999999999997e+00
5.397979999999999556e+00
5.390220000000000233e+00
5.385959999999999859e+00
5.382990000000000386e+00
5.380410000000000359e+00
5.377189999999999692e+00
5.371669999999999945e+00
5.359280000000000044e+00
5.335820000000000007e+00
5.315739999999999910e+00
5.271399999999999864e+00
5.243170000000000108e+00
5.228760000000000296e+00
5.217570000000000263e+00
5.208619999999999806e+00
5.201620000000000132e+00
5.196419999999999817e+00
5.192689999999999806e+00
5.190010000000000012e+00
5.196009130434782186e+00
5.202008260869565248e+00
5.208007391304347422e+00
5.214006521739130484e+00
5.220005652173912658e+00
5.226004782608695720e+00
5.232003913043477894e+00
5.238003043478260956e+00
5.244002173913043130e+00
5.250001304347826192e+00
5.256000434782608366e+00
5.261999565217391428e+00
5.267998695652173602e+00
5.273997826086956664e+00
5.279996956521738838e+00
5.285996086956521900e+00
5.291995217391304074e+00
5.297994347826087136e+00
5.303993478260869310e+00
5.309992608695652372e+00
5.315991739130434546e+00
5.321990869565217608e+00
5.327989999999999782e+00
5.299009999999999998e+00
5.273559999999999803e+00
5.257139999999999702e+00
5.239749999999999908e+00
5.223860000000000170e+00
5.208719999999999573e+00
5.190579999999999750e+00
5.174710000000000143e+00
5.168809999999999683e+00
5.171529999999999738e+00
5.175749999999999851e+00
5.177330000000000432e+00
5.176050000000000040e+00
5.173680000000000057e+00
5.172049999999999592e+00
5.171339999999999826e+00
5.170429999999999637e+00
5.168409999999999727e+00
5.165759999999999685e+00
5.163859999999999673e+00
5.163929999999999687e+00
5.166089999999999627e+00
5.169400000000000439e+00
5.173589999999999911e+00
5.179969999999999963e+00
5.188930000000000042e+00
5.196810000000000151e+00
5.198380000000000223e+00
5.191790000000000127e+00
5.180950000000000166e+00
5.173060000000000436e+00
5.171299999999999564e+00
5.173289999999999722e+00
5.175869999999999749e+00
5.177760000000000140e+00
5.179339999999999833e+00
5.181490000000000151e+00
5.184479999999999755e+00
5.187839999999999563e+00
5.190590000000000259e+00
5.191410000000000302e+00
5.188880000000000159e+00
5.182959999999999567e+00
5.178659999999999819e+00
5.185830000000000162e+00
5.205420000000000158e+00
5.224870000000000125e+00
5.236419999999999852e+00
5.239379999999999704e+00
5.235870000000000246e+00
5.230269999999999975e+00
5.225830000000000197e+00
5.222769999999999690e+00
5.220439999999999969e+00
5.218510000000000204e+00
5.218189999999999884e+00
5.222199999999999953e+00
5.227719999999999700e+00
5.221320000000000405e+00
5.206039999999999779e+00
5.196810000000000151e+00
5.191399999999999793e+00
5.187079999999999913e+00
5.183060000000000223e+00
5.180299999999999905e+00
5.178799999999999848e+00
5.177240000000000286e+00
5.175220000000000375e+00
5.173239999999999839e+00
5.171289999999999942e+00
5.169010000000000105e+00
5.166210000000000413e+00
5.162799999999999834e+00
5.158979999999999677e+00
5.154910000000000103e+00
5.150820000000000398e+00
5.147350000000000314e+00
5.144960000000000200e+00
5.144120000000000026e+00
5.145999999999999908e+00
5.151410000000000267e+00
5.159299999999999997e+00
5.167139999999999844e+00
5.173350000000000115e+00
5.178069999999999951e+00
5.181090000000000195e+00
5.181090000000000195e+00
5.175290000000000390e+00
5.158549999999999969e+00
5.145240000000000258e+00
5.143889999999999851e+00
5.145710000000000228e+00
5.145089999999999719e+00
5.138760000000000439e+00
5.129940000000000389e+00
5.124690000000000190e+00
5.123179999999999623e+00
5.123850000000000016e+00
5.124710000000000321e+00
5.123730000000000118e+00
5.127150714285714450e+00
5.130571428571428783e+00
5.133992142857143115e+00
5.137412857142857447e+00
5.140833571428571780e+00
5.144254285714286112e+00
5.147674999999999557e+00
5.151095714285713889e+00
5.154516428571428222e+00
5.157937142857142554e+00
5.161357857142856886e+00
5.164778571428571219e+00
5.168199285714285551e+00
5.171619999999999884e+00
5.175040714285714216e+00
5.178461428571428549e+00
5.181882142857142881e+00
5.185302857142857214e+00
5.188723571428571546e+00
5.192144285714285878e+00
5.195565000000000211e+00
5.198985714285713655e+00
5.202406428571427988e+00
5.205827142857142320e+00
5.209247857142856653e+00
5.212668571428570985e+00
5.216089285714285317e+00
5.219509999999999650e+00
5.227490000000000414e+00
5.229269999999999641e+00
5.225229999999999819e+00
5.214769999999999683e+00
5.198299999999999699e+00
5.181000000000000050e+00
5.167139999999999844e+00
5.152730000000000032e+00
5.135670000000000179e+00
5.123140000000000249e+00
5.115590000000000082e+00
5.109930000000000305e+00
5.104870000000000019e+00
5.100089999999999790e+00
5.096180000000000376e+00
5.092929999999999957e+00
5.087089999999999890e+00
5.087089999999999890e+00
5.087089999999999890e+00
5.087089999999999890e+00
5.087089999999999890e+00
5.087089999999999890e+00
5.087089999999999890e+00
5.087089999999999890e+00
5.087089999999999890e+00
5.087089999999999890e+00
5.087089999999999890e+00
5.087089999999999890e+00
5.087089999999999890e+00
5.087089999999999890e+00
5.087089999999999890e+00
5.087089999999999890e+00
5.087089999999999890e+00
5.087089999999999890e+00
5.087089999999999890e+00
5.087089999999999890e+00
5.087089999999999890e+00
5.087089999999999890e+00
5.087089999999999890e+00
5.087089999999999890e+00
5.087089999999999890e+00
5.087089999999999890e+00
5.087089999999999890e+00
5.087089999999999890e+00
5.087089999999999890e+00
5.087089999999999890e+00
5.087089999999999890e+00
5.087089999999999890e+00
5.087089999999999890e+00
5.087089999999999890e+00
5.087089999999999890e+00
5.087089999999999890e+00
5.087089999999999890e+00
5.087089999999999890e+00
5.087089999999999890e+00
5.087089999999999890e+00
5.087089999999999890e+00
5.087089999999999890e+00
5.087089999999999890e+00
5.087089999999999890e+00
5.087089999999999890e+00
5.087089999999999890e+00
5.087089999999999890e+00
5.087089999999999890e+00
5.087089999999999890e+00
5.087089999999999890e+00
5.087089999999999890e+00
5.087089999999999890e+00
5.087089999999999890e+00
5.087089999999999890e+00
5.087089999999999890e+00
5.087089999999999890e+00
5.087089999999999890e+00
5.087089999999999890e+00
5.087089999999999890e+00
5.087089999999999890e+00
5.087089999999999890e+00
5.087089999999999890e+00
5.087089999999999890e+00
5.087089999999999890e+00
5.087089999999999890e+00
5.087089999999999890e+00
5.087089999999999890e+00
5.087089999999999890e+00
5.087089999999999890e+00
5.087089999999999890e+00
5.087089999999999890e+00
5.087089999999999890e+00
5.087089999999999890e+00
5.087089999999999890e+00
5.087089999999999890e+00
5.087089999999999890e+00
5.087089999999999890e+00
5.087089999999999890e+00
5.087089999999999890e+00
5.087089999999999890e+00
5.087089999999999890e+00
5.087089999999999890e+00
5.087089999999999890e+00
5.087089999999999890e+00
5.087089999999999890e+00
5.087089999999999890e+00
5.087089999999999890e+00
5.087089999999999890e+00
5.087089999999999890e+00
5.087089999999999890e+00
5.087089999999999890e+00
5.087089999999999890e+00
5.087089999999999890e+00
5.087089999999999890e+00
5.087089999999999890e+00
5.087089999999999890e+00
5.087089999999999890e+00
5.087089999999999890e+00
5.087089999999999890e+00
5.087089999999999890e+00
5.087089999999999890e+00
5.087089999999999890e+00
5.087089999999999890e+00
5.087089999999999890e+00
5.087089999999999890e+00
