5.514070000000000249e+00
5.514070000000000249e+00
5.514070000000000249e+00
5.514070000000000249e+00
5.514070000000000249e+00
5.514070000000000249e+00
5.514070000000000249e+00
5.514070000000000249e+00
5.514070000000000249e+00
5.514070000000000249e+00
5.514070000000000249e+00
5.514070000000000249e+00
5.514070000000000249e+00
5.514070000000000249e+00
5.514070000000000249e+00
5.514070000000000249e+00
5.514070000000000249e+00
5.514070000000000249e+00
5.514070000000000249e+00
5.514070000000000249e+00
5.514070000000000249e+00
5.514070000000000249e+00
5.514070000000000249e+00
5.514070000000000249e+00
5.514070000000000249e+00
5.514070000000000249e+00
5.514070000000000249e+00
5.514070000000000249e+00
5.514070000000000249e+00
5.514070000000000249e+00
5.514070000000000249e+00
5.514070000000000249e+00
5.514070000000000249e+00
5.514070000000000249e+00
5.514070000000000249e+00
5.514070000000000249e+00
5.514070000000000249e+00
5.514070000000000249e+00
5.514070000000000249e+00
5.514070000000000249e+00
5.518559999999999910e+00
5.502860000000000085e+00
5.479759999999999742e+00
5.462769999999999904e+00
5.449880000000000280e+00
5.444270000000000387e+00
5.441279999999999895e+00
5.437649999999999650e+00
5.435069999999999624e+00
5.435389999999999944e+00
5.439239999999999853e+00
5.447490000000000165e+00
5.457399999999999807e+00
5.465029999999999610e+00
5.470369999999999955e+00
5.472570000000000157e+00
5.471720000000000361e+00
5.468250000000000277e+00
5.462699999999999889e+00
5.456430000000000113e+00
5.449869999999999770e+00
5.442999999999999616e+00
5.434020000000000294e+00
5.421129999999999782e+00
5.403039999999999843e+00
5.379839999999999733e+00
5.353620000000000267e+00
5.328769999999999563e+00
5.304809999999999803e+00
5.282849999999999824e+00
5.262950000000000017e+00
5.244699999999999918e+00
5.226259999999999906e+00
5.206730000000000302e+00
5.188670000000000115e+00
5.172699999999999854e+00
5.161640000000000228e+00
5.157600000000000406e+00
5.157569999999999766e+00
5.158949999999999925e+00
5.161480000000000068e+00
5.167099999999999582e+00
5.178930000000000256e+00
5.196559999999999846e+00
5.214150000000000063e+00
5.227870000000000239e+00
5.234460000000000335e+00
5.233039999999999914e+00
5.224709999999999965e+00
5.211450000000000138e+00
5.195369999999999600e+00
5.178359999999999630e+00
5.161529999999999951e+00
5.145369999999999777e+00
5.131960000000000299e+00
5.126929999999999765e+00
5.132966666666666455e+00
5.139003333333333146e+00
5.145039999999999836e+00
5.151076666666666526e+00
5.157113333333333216e+00
5.163149999999999906e+00
5.169186666666666596e+00
5.175223333333333287e+00
5.181259999999999977e+00
5.187296666666666667e+00
5.193333333333333357e+00
5.199370000000000047e+00
5.205406666666666737e+00
5.211443333333333428e+00
5.217480000000000118e+00
5.223516666666666808e+00
5.229553333333333498e+00
5.235590000000000188e+00
5.241626666666666878e+00
5.247663333333333568e+00
5.253700000000000259e+00
5.232700000000000351e+00
5.216009999999999813e+00
5.191349999999999909e+00
5.172349999999999781e+00
5.171520000000000117e+00
5.179079999999999906e+00
5.187179999999999680e+00
5.192829999999999835e+00
5.194630000000000081e+00
5.194679999999999964e+00
5.196460000000000079e+00
5.204159999999999897e+00
5.220658888888888960e+00
5.237157777777778023e+00
5.253656666666666197e+00
5.270155555555555260e+00
5.286654444444444323e+00
5.303153333333333386e+00
5.319652222222222449e+00
5.336151111111111511e+00
5.352650000000000574e+00
5.369148888888888749e+00
5.385647777777777812e+00
5.402146666666666874e+00
5.418645555555555937e+00
5.435144444444445000e+00
5.451643333333333175e+00
5.468142222222222237e+00
5.484641111111111300e+00
5.501140000000000363e+00
5.479680000000000106e+00
5.406360000000000277e+00
5.376960000000000406e+00
5.365630000000000344e+00
5.359359999999999680e+00
5.354739999999999611e+00
5.351079999999999615e+00
5.348620000000000374e+00
5.347730000000000317e+00
5.348410000000000331e+00
5.349680000000000213e+00
5.350670000000000037e+00
5.350889999999999702e+00
5.350109999999999921e+00
5.348849999999999660e+00
5.349020000000000330e+00
5.352179999999999715e+00
5.357289999999999885e+00
5.361690000000000289e+00
5.362549999999999706e+00
5.357820000000000249e+00
5.346320000000000405e+00
5.329860000000000042e+00
5.310469999999999580e+00
5.293610000000000149e+00
5.283389999999999809e+00
5.278290000000000148e+00
5.274160000000000181e+00
5.265889999999999738e+00
5.274259999999999948e+00
5.274259999999999948e+00
5.274259999999999948e+00
5.274259999999999948e+00
5.274259999999999948e+00
5.274259999999999948e+00
5.274259999999999948e+00
5.274259999999999948e+00
5.274259999999999948e+00
5.274259999999999948e+00
5.274259999999999948e+00
5.274259999999999948e+00
5.274259999999999948e+00
5.274259999999999948e+00
5.274259999999999948e+00
5.274259999999999948e+00
5.274259999999999948e+00
5.274259999999999948e+00
5.274259999999999948e+00
5.274259999999999948e+00
5.274259999999999948e+00
5.274259999999999948e+00
5.274259999999999948e+00
5.274259999999999948e+00
5.274259999999999948e+00
5.274259999999999948e+00
5.274259999999999948e+00
5.274259999999999948e+00
5.274259999999999948e+00
5.274259999999999948e+00
5.274259999999999948e+00
5.274259999999999948e+00
5.274259999999999948e+00
5.274259999999999948e+00
5.274259999999999948e+00
5.274259999999999948e+00
5.274259999999999948e+00
5.274259999999999948e+00
5.274259999999999948e+00
5.274259999999999948e+00
5.274259999999999948e+00
5.274259999999999948e+00
5.274259999999999948e+00
5.274259999999999948e+00
5.274259999999999948e+00
5.274259999999999948e+00
5.274259999999999948e+00
5.274259999999999948e+00
5.274259999999999948e+00
5.274259999999999948e+00
5.274259999999999948e+00
5.274259999999999948e+00
5.274259999999999948e+00
5.274259999999999948e+00
5.274259999999999948e+00
5.274259999999999948e+00
5.274259999999999948e+00
5.274259999999999948e+00
5.274259999999999948e+00
5.274259999999999948e+00
5.274259999999999948e+00
5.274259999999999948e+00
5.274259999999999948e+00
5.274259999999999948e+00
5.274259999999999948e+00
5.274259999999999948e+00
5.274259999999999948e+00
5.274259999999999948e+00
5.274259999999999948e+00
5.274259999999999948e+00
5.274259999999999948e+00
5.274259999999999948e+00
5.274259999999999948e+00
5.274259999999999948e+00
