-8.5713	1.68694	0.210887	0.471491	0.132336	0.27142	0.0840539	0.1618	0.0742704	0.112351	0.0592484	0.0807715	0.031167	0.066002	0.0425588	0.0479328	0.0121516
-8.82515	1.6979	0.249683	0.488268	0.166642	0.289164	0.116717	0.180138	0.104174	0.131165	0.0870151	0.098474	0.0562558	0.0834979	0.0672149	0.0644171	0.0311302
-10.0026	1.41987	0.528676	0.39736	0.310364	0.286941	0.210368	0.220163	0.167751	0.161977	0.172053	0.139072	0.115307	0.136052	0.129706	0.102538	0.0882502
-10.3881	1.1358	0.658609	0.444967	0.338718	0.35224	0.263963	0.227442	0.155096	0.208882	0.22235	0.187122	0.198487	0.198285	0.162264	0.0962739	0.148052
-10.5681	0.992286	0.614121	0.40159	0.341337	0.349952	0.236138	0.230932	0.236743	0.320783	0.243565	0.13357	0.18343	0.228049	0.197298	0.127864	0.186851
-10.478	1.07042	0.588086	0.361852	0.372856	0.328479	0.177304	0.155024	0.230504	0.283328	0.189953	0.159037	0.223642	0.259824	0.185267	0.114179	0.165722
-10.4272	1.12185	0.619532	0.371609	0.371714	0.378006	0.253102	0.220371	0.262667	0.264445	0.229382	0.256523	0.257873	0.277684	0.162989	0.0810982	0.133862
-10.5029	1.00373	0.588155	0.405512	0.466554	0.422252	0.250224	0.232103	0.265034	0.283625	0.240233	0.309427	0.264472	0.268273	0.18574	0.110014	0.153022
-10.4806	0.978241	0.554434	0.377598	0.408127	0.378284	0.260911	0.169102	0.178187	0.249603	0.255621	0.242568	0.175552	0.147953	0.18409	0.143921	0.188473
-10.4054	1.03619	0.535879	0.38733	0.379825	0.281762	0.236489	0.19006	0.17211	0.19181	0.237072	0.20488	0.23173	0.161427	0.182334	0.137603	0.171357
-10.3461	1.08359	0.520153	0.420862	0.351189	0.254238	0.255307	0.234035	0.193615	0.201538	0.199317	0.153182	0.178991	0.16796	0.167586	0.136925	0.163243
-10.3236	1.12779	0.548011	0.350344	0.281347	0.255464	0.204963	0.168507	0.169448	0.190233	0.205339	0.19543	0.208052	0.165481	0.169856	0.150447	0.184238
-10.3334	1.12966	0.630341	0.442495	0.313308	0.285343	0.216387	0.231517	0.220089	0.196437	0.226606	0.203221	0.183717	0.145401	0.125979	0.13365	0.169079
-10.2656	1.1733	0.574337	0.406853	0.347585	0.339453	0.274696	0.270861	0.211282	0.180436	0.211191	0.19625	0.18794	0.145265	0.0713706	0.127494	0.147133
-10.2342	1.2464	0.572977	0.371637	0.361742	0.279527	0.235763	0.236467	0.208277	0.16907	0.187965	0.192143	0.180422	0.176638	0.129869	0.165198	0.146082
-10.3243	1.21308	0.627141	0.427743	0.368279	0.286301	0.267148	0.262189	0.275114	0.244639	0.204667	0.182851	0.172253	0.156829	0.199099	0.212243	0.140422
-10.2265	1.23172	0.604614	0.438091	0.356137	0.300661	0.22854	0.223154	0.251455	0.277653	0.189605	0.183775	0.243184	0.210444	0.198071	0.14014	0.0918977
-10.3286	1.11996	0.587511	0.428352	0.344739	0.296793	0.257047	0.251963	0.282675	0.34185	0.203393	0.215118	0.222165	0.199235	0.154996	0.126165	0.129316
-10.4623	1.03141	0.6016	0.421373	0.350213	0.338104	0.311796	0.278094	0.335433	0.323165	0.194998	0.162439	0.126014	0.181977	0.16873	0.139007	0.162909
-10.3101	1.15886	0.601765	0.417831	0.364043	0.311871	0.289496	0.236073	0.283338	0.21443	0.1782	0.164929	0.150306	0.215814	0.164815	0.14592	0.153204
-10.4054	1.09599	0.609368	0.439759	0.397011	0.300288	0.296849	0.318755	0.279243	0.208416	0.183725	0.202228	0.173928	0.200599	0.132626	0.144598	0.146096
-10.6398	0.913002	0.631614	0.495021	0.496324	0.42043	0.325531	0.281894	0.223935	0.198651	0.198652	0.191378	0.181579	0.185047	0.196925	0.188548	0.221109
-10.4238	1.06962	0.574663	0.402549	0.370594	0.336302	0.319456	0.296317	0.262676	0.227708	0.23843	0.208788	0.199669	0.186655	0.179564	0.183086	0.160999
-10.3748	1.14181	0.625983	0.437137	0.374068	0.308449	0.284918	0.290608	0.278493	0.278782	0.186883	0.167137	0.196901	0.187676	0.141393	0.198468	0.195028
-10.5566	0.969878	0.650785	0.403433	0.372376	0.329754	0.273672	0.306872	0.301164	0.36842	0.315566	0.236464	0.197954	0.177224	0.1341	0.225289	0.311241
-10.2746	1.15426	0.608454	0.340849	0.363528	0.319782	0.241527	0.237497	0.238138	0.224913	0.275467	0.20239	0.154093	0.186203	0.190062	0.181681	0.183646
-10.2408	1.17334	0.611844	0.339676	0.359256	0.281732	0.272361	0.255873	0.245974	0.200444	0.214765	0.22153	0.210489	0.240861	0.208573	0.183927	0.125596
-10.3687	1.11293	0.694524	0.387461	0.401752	0.331174	0.344783	0.301759	0.261193	0.238772	0.192166	0.218616	0.194366	0.224442	0.20574	0.115696	0.0546012
-10.2722	1.12363	0.630058	0.35087	0.351506	0.27988	0.238174	0.240483	0.215171	0.223199	0.177113	0.221146	0.195164	0.172116	0.222891	0.155465	0.151343
-10.3923	1.04843	0.621991	0.401407	0.46076	0.372095	0.243814	0.237432	0.233896	0.27147	0.204529	0.223269	0.207902	0.154984	0.16521	0.0975084	0.118553
-10.6172	0.903057	0.670005	0.469344	0.532775	0.502631	0.265766	0.277551	0.249879	0.313044	0.209718	0.195601	0.139645	0.053041	0.0791807	0.034203	0.135842
-10.4581	1.05507	0.693042	0.49979	0.482191	0.483012	0.299363	0.28669	0.237912	0.274106	0.163918	0.195249	0.149589	0.0731976	0.0998594	0.0577747	0.154504
-9.96081	1.13845	0.366386	0.543187	0.463932	0.249738	0.180253	0.294711	0.122402	0.149287	0.0610302	-0.0136359	0.0827274	0.0879066	0.0925462	0.180141	0.114745
-8.59762	1.35159	0.0812961	0.427265	0.34369	0.0338444	-0.113323	0.255788	0.133344	0.0405088	-0.0374807	-0.105079	0.182271	0.155886	0.0694271	0.256958	0.291406
-7.13932	1.94973	0.103126	0.179024	-0.0502696	-0.11415	-0.0772444	0.200914	0.234153	0.00474343	-0.174233	-0.279445	-0.032116	0.0952323	-0.0137129	0.184957	0.20961
-6.10708	2.5577	-0.453252	0.275907	-0.410779	0.0912341	-0.300988	0.28811	0.0786036	0.0197652	-0.19561	-0.443597	0.0562361	0.0760995	-0.275404	0.172386	0.217043
-5.7041	2.64105	-0.572411	0.331559	-0.479678	0.168556	-0.34238	0.369857	0.122361	0.0397005	-0.19317	-0.519946	0.0819336	0.0474519	-0.286187	0.15806	0.295286
-5.95998	2.60905	-0.50014	0.273396	-0.422408	0.142438	-0.317539	0.382923	0.201808	0.0353679	-0.162009	-0.572628	0.144094	0.0744088	-0.269883	0.208644	0.385195
-6.33237	2.09	0.179988	0.114662	0.0832036	0.0114142	-0.142319	0.237142	0.344847	0.109242	-0.258914	-0.496746	-0.0315468	0.103185	-0.104783	0.271494	0.318434
-5.34274	2.66267	-0.36647	0.151078	0.0526757	0.156943	-0.258802	0.293355	0.0550328	0.184837	-0.11826	-0.323573	0.0793399	-0.103126	-0.30614	0.0335349	0.105858
-4.26549	2.61174	-0.667543	0.0299969	-0.0997794	0.0228313	-0.306451	0.155612	0.106605	0.0888782	-0.170049	-0.427135	0.0598274	-0.103484	-0.416609	0.0831378	0.0970622
-3.97908	2.5748	-0.738792	0.067459	-0.189573	0.0909889	-0.391049	0.224547	0.11252	0.0923996	-0.16088	-0.510331	0.0759444	-0.125569	-0.480121	0.0961602	0.14429
-3.95069	2.39329	-0.592544	0.391788	-0.205686	0.204479	-0.498983	0.318716	0.0709937	0.088741	-0.0694174	-0.42221	0.09754	-0.238058	-0.30204	0.0602986	0.108908
-3.33647	2.35353	-0.589453	0.492187	-0.261387	0.269161	-0.449158	0.365648	0.116378	0.135967	0.014822	-0.320135	0.182164	-0.157582	-0.201336	0.0494064	0.0858575
-3.5482	2.38355	-0.556771	0.593059	-0.213557	-0.00961671	-0.726525	0.159827	-0.131605	0.057723	-0.113554	-0.454154	0.080084	-0.325329	-0.45346	0.136406	0.173715
-3.2645	2.52746	-0.252753	0.785749	0.0217299	0.363175	-0.440047	0.260799	-0.169251	0.151718	0.155176	-0.0674705	0.36913	0.150481	-0.0437705	0.150311	-0.0326702
-3.36071	2.54472	-0.193631	0.889715	0.238777	0.428261	-0.504691	0.141484	-0.21804	0.149357	0.126189	-0.0463998	0.480397	0.200511	0.000683218	-0.0123056	0.0638578
-3.61854	2.59505	-0.164229	0.981546	0.403291	0.450596	-0.543697	0.0652771	-0.347099	0.0437684	0.0577136	-0.0709778	0.459134	0.274938	-0.0680601	0.0114856	0.0173078
-3.86713	2.43505	-0.282527	1.00745	0.383423	0.374337	-0.621676	-0.116227	-0.428273	-0.254732	-0.0643039	-0.280261	0.316365	0.223994	-0.184579	0.0456254	-0.232038
-3.97349	2.44949	-0.11058	1.0034	0.493273	0.386827	-0.485483	-0.113049	-0.324832	-0.244553	-0.070866	-0.382413	0.302684	0.190567	-0.129982	0.0782842	-0.129523
-4.14448	2.67977	-0.216232	1.08584	0.37696	0.425455	-0.584974	0.00740931	-0.3646	-0.186945	-0.143666	-0.410352	0.247337	0.180274	-0.147956	0.0728359	-0.140753
-4.2388	2.78987	-0.257974	1.12297	0.455139	0.383059	-0.518995	-0.0226083	-0.299714	-0.225824	-0.119698	-0.418105	0.252869	0.195835	-0.115538	0.0562332	-0.164804
-4.34428	2.89845	-0.207328	1.13032	0.552693	0.339132	-0.455121	-0.0770262	-0.127434	-0.347314	0.0254057	-0.513726	0.351832	0.132576	-0.00222427	0.010592	-0.133764
-4.37044	2.87675	0.0363521	0.991915	0.730062	0.238377	-0.477409	0.0266239	-0.0947133	-0.239683	-0.0286039	-0.446794	0.290188	0.210955	0.0242732	0.0215345	-0.0995566
-4.40964	2.81958	0.179155	0.8368	0.844884	0.0974267	-0.581156	0.0219758	-0.0137955	-0.319771	0.00770974	-0.521994	0.294261	0.231053	0.0455049	-0.00515377	-0.187047
-4.3972	2.77235	0.365416	1.05279	0.913079	0.02718	-0.707551	0.288432	0.0660714	-0.0461856	-0.119466	-0.443453	0.23168	0.455051	0.194996	0.00871252	-0.258327
-4.39094	2.82379	0.307031	0.880322	1.0118	-0.03466	-0.562394	0.234466	-0.0771686	-0.0986669	-0.0928142	-0.3206	0.316949	0.258467	0.189748	-0.148476	-0.0797579
-3.81726	2.25234	0.233767	0.860729	0.892181	-0.029421	-0.353881	-0.154359	-0.0408064	-0.0628774	-0.0295607	-0.197328	0.330935	0.110517	-0.087986	0.1351	-0.161051
-3.20205	2.54196	-0.26841	0.787292	0.196452	-0.0758622	-0.270598	-0.117038	0.239355	-0.0670165	0.0197718	-0.0482785	0.370931	-0.0829093	-0.0843179	0.0601024	0.0744852
-2.94343	2.48332	-0.413985	0.841537	-0.038933	-0.043051	-0.353008	0.00672464	0.0946278	-0.0374787	0.122761	-0.0353072	0.448771	-0.226223	0.0168073	0.0479998	0.0191178
-2.92876	2.57692	-0.520455	0.87187	-3.84831e-05	-0.0659185	-0.267262	0.00667343	0.118841	-0.0169916	0.0781062	0.0547507	0.416073	-0.173097	0.0290354	0.0514133	0.0638533
-2.88553	2.56224	-0.577033	1.04211	-0.123057	0.118305	-0.344757	0.126223	0.0975805	0.00357657	0.113135	0.0112651	0.508435	-0.237811	0.136702	-0.0412709	0.192972
-2.93897	2.50036	-0.610456	1.01255	-0.12714	0.0417745	-0.365485	0.0933056	-0.00301825	0.0265004	0.0207852	0.0222844	0.414978	-0.187532	0.0585782	-0.0285597	0.123881
-3.2583	2.63904	-0.758587	1.05344	-0.0589	0.030756	-0.465587	0.00930062	-0.0652357	-0.091784	0.0866321	-0.153805	0.504009	-0.277549	0.101502	-0.153295	0.0947966
-4.10921	2.60462	-0.810454	1.16582	0.424563	0.17625	-0.376347	4.5804e-07	-0.296523	-0.254338	-0.317733	-0.543132	0.268343	-0.185427	0.290831	-0.236425	0.141683
-4.65014	3.02302	-0.150999	0.689525	0.98982	0.0304135	-0.348157	-0.162848	-0.213373	-0.290713	-0.0314128	-0.361303	0.0427341	-0.146711	0.320385	-0.270908	-0.0517804
-4.61083	2.92228	-0.221811	0.931105	0.673282	0.0901151	-0.633829	-0.176125	-0.288445	-0.25214	-0.0174737	-0.350574	0.071908	-0.0513426	0.392598	-0.363902	-0.148068
-4.71226	3.08868	-0.302917	0.839982	0.725745	-0.165458	-0.495201	-0.316205	-0.147238	-0.371124	0.0263337	-0.262861	-0.0137207	-0.0414105	0.333111	-0.529327	-0.140038
-4.66613	3.00987	-0.322655	0.841016	0.732119	-0.163814	-0.504404	-0.392178	-0.1191	-0.423126	0.0115646	-0.237358	-0.0568342	-0.0124382	0.292128	-0.48303	-0.185209
-4.68585	2.93762	-0.280091	0.741227	0.710576	-0.208073	-0.561227	-0.392363	-0.168441	-0.460295	0.017636	-0.314994	-0.0434351	-0.0478886	0.259946	-0.470072	-0.290009
-4.71634	3.11594	-0.304539	0.846887	0.72046	-0.114825	-0.575231	-0.278415	-0.164175	-0.395093	0.0598059	-0.24939	-0.00902018	-0.0318149	0.299973	-0.522111	-0.161032
-4.72116	3.13588	-0.204777	0.797492	0.831845	-0.156868	-0.49211	-0.293946	-0.137699	-0.317097	-0.0158762	-0.0625414	-0.141962	0.113995	0.233465	-0.493589	-0.133761
-4.74686	3.24431	-0.208344	0.787833	0.941839	-0.212979	-0.372391	-0.346026	-0.0667772	-0.316193	0.00975634	-0.0187069	-0.12078	0.085471	0.305578	-0.565497	-0.0520349
-4.66519	3.05891	-0.088229	0.685312	0.914592	-0.137336	-0.508784	-0.255288	-0.147905	-0.338605	0.00747058	-0.0497011	-0.0590715	-0.0740532	0.440904	-0.64789	-0.0642104
-4.65753	3.03233	-0.0536245	0.654618	0.905869	-0.141865	-0.505737	-0.251644	-0.146917	-0.355522	0.0388439	-0.0291897	-0.129541	0.0211877	0.33402	-0.561198	-0.124769
-4.72204	3.04755	-0.14376	0.67965	0.728516	-0.0298669	-0.669671	-0.233912	-0.202123	-0.432367	0.0411675	-0.0781229	-0.141035	-0.0523527	0.360854	-0.527043	-0.261624
-4.79193	3.25605	-0.0595803	0.623111	0.922385	-0.115874	-0.424284	-0.314814	-0.0362105	-0.44235	0.156082	0.00581162	-0.182228	0.0400872	0.336751	-0.514888	-0.10236
-4.73261	3.31633	-0.0837768	0.772027	0.888725	-0.00323322	-0.381939	-0.178214	-0.14836	-0.281332	0.216706	-0.00260309	-0.10226	0.0406944	0.309183	-0.446316	-0.00299689
-4.50728	3.10564	-0.0898234	0.752237	0.787862	0.0428017	-0.229276	-0.198	-0.220927	-0.165882	0.118498	-0.0766219	0.0475656	-0.102495	0.346512	-0.30361	-0.0917385
-3.48209	2.57836	-0.500133	0.71282	0.414887	-0.0881428	-0.19998	-0.030069	-0.185495	-0.0642264	-0.156063	-0.0953898	0.0027847	-0.0347525	0.243331	-0.242441	0.0778824
-3.02937	2.50801	-0.585742	1.06091	-0.00116816	-0.26679	-0.107243	0.210911	0.0472676	-0.0261313	0.259995	0.0646006	0.271899	-0.16394	-0.0443972	-0.0295835	0.158235
-2.86646	2.4516	-0.607563	1.13426	-0.195582	-0.184509	-0.158053	0.284983	-0.0187793	0.0245623	0.215319	0.130212	0.237946	-0.23641	0.127909	-0.116593	0.181365
-2.73118	2.21231	-0.468544	1.00047	-0.186123	-0.206282	-0.147811	0.245718	-0.00279871	0.028037	0.124017	0.166265	0.192091	-0.255894	0.16228	-0.106076	0.127023
-2.73096	2.17762	-0.453524	1.02627	-0.226521	-0.170449	-0.119488	0.248269	0.00139858	0.0109462	0.163276	0.0931128	0.218584	-0.29789	0.228051	-0.153306	0.148155
-2.67318	2.08071	-0.441882	1.0865	-0.333217	-0.0587494	-0.157897	0.316331	-0.060364	0.0667104	0.124415	0.085757	0.214611	-0.314122	0.258338	-0.190608	0.180331
-2.77672	2.12604	-0.57363	1.01124	-0.392639	-0.146507	-0.161253	0.196661	-0.0470965	-0.0465753	0.10132	0.0455176	0.121514	-0.219518	0.126787	-0.0609207	-0.0806695
-2.765	2.18669	-0.637295	1.11869	-0.439842	-0.0321631	-0.176766	0.260662	0.0011266	-0.0574922	0.154202	0.0162549	0.175724	-0.277968	0.188808	-0.130766	0.0432101
-2.63765	1.9693	-0.454218	0.920665	-0.270763	-0.158565	-0.0528359	0.204287	0.0531699	-0.0702521	0.165509	-0.00829091	0.204302	-0.330216	0.240928	-0.176386	0.0980135
-2.65881	2.00995	-0.512112	0.924742	-0.321488	-0.0957462	-0.100203	0.24697	0.0386524	-0.0781498	0.137	-0.0281144	0.234284	-0.35935	0.268793	-0.175878	0.0827865
-2.71353	2.15608	-0.588781	0.938431	-0.281024	-0.1416	-0.031935	0.236303	0.0879326	-0.0951774	0.130373	-0.0363848	0.22687	-0.355944	0.287964	-0.166514	0.145981
-2.66663	2.10658	-0.571599	0.97087	-0.354983	0.0100594	-0.173824	0.407425	7.58591e-05	-0.0265601	0.0546809	0.00782031	0.210397	-0.353861	0.314721	-0.170588	0.195118
-2.67613	2.14993	-0.642789	0.941004	-0.368114	0.0149212	-0.172837	0.360238	0.0535432	-0.0792432	0.0352168	-0.0202966	0.207967	-0.341079	0.290164	-0.109552	0.134998
-2.70395	2.12711	-0.719837	0.91723	-0.433449	-0.0354308	-0.164079	0.281637	0.00985506	-0.12114	-0.0290696	-0.0343537	0.174638	-0.322865	0.266421	-0.0307001	-0.0281607
-2.73744	2.24996	-0.783013	0.958325	-0.457097	0.0702853	-0.258129	0.374423	-0.00910743	-0.0631412	-0.0775712	-0.0187415	0.168352	-0.296413	0.248461	-0.0164142	0.0375564
-2.66998	2.10768	-0.68736	0.833438	-0.407872	1.9885e-05	-0.199702	0.273386	0.0428277	-0.101776	-0.0968663	-0.0570036	0.156107	-0.292976	0.234557	0.0235172	0.0135248
-2.60486	2.041	-0.567015	0.743178	-0.280898	-0.0414497	-0.131806	0.238399	0.152754	-0.15401	-0.0513805	-0.102055	0.2121	-0.331728	0.277831	-0.0117517	0.143088
-2.66446	2.14163	-0.600783	0.768861	-0.339935	0.0685989	-0.193784	0.260567	0.130297	-0.113821	-0.0807845	-0.115271	0.227622	-0.344151	0.301383	-0.0286234	0.203607
-2.67617	2.14077	-0.657085	0.825355	-0.410262	0.091007	-0.251808	0.277456	0.0667366	-0.036922	-0.217515	-0.0394394	0.146319	-0.301522	0.243076	0.0415905	0.165305
-2.68818	2.14953	-0.663247	0.869212	-0.458167	0.145489	-0.301115	0.308375	0.0278636	-0.0151667	-0.244055	-0.0575695	0.162549	-0.310439	0.278096	0.0291195	0.170426
-2.73897	2.31123	-0.735521	1.00613	-0.489619	0.241041	-0.318222	0.31148	0.112144	-0.0402562	-0.163553	-0.117754	0.265426	-0.374282	0.350358	-0.0239797	0.296737
-2.7918	2.27949	-0.679742	0.944609	-0.463036	0.158366	-0.306843	0.197935	0.178328	-0.173543	-0.0769176	-0.260304	0.350113	-0.458601	0.363658	-0.0279511	0.253626
-2.87826	2.26166	-0.731474	0.904402	-0.485421	0.0640468	-0.328633	0.0393153	0.148638	-0.249231	-0.116115	-0.311513	0.296373	-0.478261	0.297933	0.0231884	0.110717
-3.07144	2.44639	-0.899617	1.06786	-0.621709	0.0999133	-0.380536	-0.0729607	0.171936	-0.387617	-0.0610099	-0.405377	0.375254	-0.568042	0.326689	0.0043001	0.0250773
-3.17445	2.53718	-0.896527	1.1764	-0.541279	0.110339	-0.310622	-0.141517	0.138394	-0.357372	-0.0947394	-0.283336	0.366781	-0.471067	0.290219	0.000873372	0.0195452
-3.20252	2.41563	-0.731311	1.19497	-0.343858	0.0823252	-0.230449	-0.242883	0.105842	-0.366187	-0.055558	-0.249047	0.484656	-0.455355	0.29296	-0.0492947	0.0216464
-3.66078	2.50445	-0.825893	1.32612	-0.261636	-0.0334013	-0.255989	-0.325075	-0.174592	-0.326975	-0.277416	-0.22347	0.429092	-0.46505	0.176381	0.0185778	-0.200571
-4.2702	2.54823	-0.294305	1.26384	0.282076	-0.249449	-0.456569	-0.00819161	-0.416707	-0.113359	-0.237078	-0.37751	0.712602	-0.385623	0.0042595	-0.0927773	-0.325868
-4.7233	3.0287	0.161074	1.29518	0.626421	-0.300219	-0.667185	0.317505	-0.0369608	-0.108269	0.0738057	-0.542886	0.67609	-0.035046	0.0466794	0.0783573	-0.448701
-4.62744	2.60736	0.321688	1.32762	0.54591	-0.335121	-0.692906	0.300605	-0.221396	-0.198289	0.0192933	-0.420718	0.728888	-0.252118	0.0944635	0.00347067	-0.464083
-4.64907	2.56335	0.247757	1.24285	0.390686	-0.431534	-0.711709	0.314311	-0.389982	-0.286797	-0.00997575	-0.327597	0.654674	-0.420158	0.013937	-0.00912916	-0.536877
-4.67095	2.50659	0.311832	1.25232	0.439861	-0.464852	-0.664425	0.338684	-0.429473	-0.311578	0.0134916	-0.329454	0.695889	-0.452123	0.0701296	-0.0175412	-0.561498
-4.72388	2.57655	0.338499	1.27211	0.412081	-0.412583	-0.660751	0.390007	-0.468728	-0.281952	0.0186418	-0.253196	0.672864	-0.489612	0.126036	0.000575539	-0.566061
-4.73271	2.62394	0.438473	1.25453	0.47138	-0.43303	-0.549064	0.43113	-0.454678	-0.280036	0.0795727	-0.19654	0.690362	-0.524572	0.170962	0.0165708	-0.501347
-4.75488	2.60436	0.462009	1.26274	0.423392	-0.454293	-0.556552	0.434288	-0.443951	-0.312242	0.0616395	-0.196561	0.633667	-0.501311	0.141037	0.0826874	-0.571273
-4.83156	2.70834	0.438267	1.28514	0.381207	-0.417949	-0.581703	0.524751	-0.535707	-0.2632	0.0551369	-0.176513	0.647654	-0.560348	0.18954	0.0758672	-0.563227
-4.87694	2.77882	0.441901	1.2783	0.441925	-0.430014	-0.553282	0.503965	-0.467249	-0.280288	0.106765	-0.234152	0.693481	-0.541517	0.181781	0.117314	-0.573243
-4.82123	2.76432	0.577301	1.33401	0.483897	-0.388496	-0.478364	0.60576	-0.439822	-0.183963	0.121304	-0.119596	0.691438	-0.515435	0.245971	0.0886172	-0.435229
-4.87284	2.87731	0.569405	1.49587	0.467527	-0.28729	-0.47928	0.65162	-0.331145	-0.203343	0.229877	-0.163972	0.754649	-0.437034	0.257223	0.122925	-0.402894
-4.87783	2.58968	0.586156	1.46259	0.46152	-0.1628	-0.4816	0.367294	-0.460991	-0.293364	0.156867	0.0481062	0.55535	-0.330042	0.182696	-0.0372699	-0.428061
-4.77559	2.69082	0.113826	0.706697	0.183706	0.00107065	-0.459798	0.03981	-0.855294	-0.236368	-0.013531	-0.189906	0.212215	-0.583972	0.204304	-0.0990036	-0.557955
-4.86338	2.68842	0.0122698	0.697152	0.261178	-0.0320388	-0.579393	-0.193432	-0.732249	-0.161395	-0.179699	-0.279566	0.0926431	-0.422495	0.166799	-0.278248	-0.543325
-4.91961	2.94501	-0.0155472	0.843309	0.421408	0.121548	-0.591298	-0.169975	-0.514643	-0.0196374	-0.110137	-0.275971	0.22429	-0.465175	0.405468	-0.28041	-0.460541
-4.84153	2.8934	0.180361	0.769289	0.543436	0.207875	-0.605218	-0.105739	-0.407777	0.0416255	-0.0868342	-0.206437	0.194258	-0.335236	0.359254	-0.244062	-0.347943
-4.80597	2.84582	0.10809	0.781451	0.559866	0.128264	-0.551018	-0.238717	-0.331209	-0.0587253	-0.0714855	-0.233483	0.203898	-0.391358	0.409314	-0.312445	-0.366593
-4.84225	2.81392	0.090511	0.721111	0.522194	0.136388	-0.628658	-0.201395	-0.427006	-0.0356163	-0.182831	-0.165083	0.055493	-0.302499	0.308115	-0.241237	-0.467
-4.81554	2.84321	0.120104	0.699764	0.582627	0.162335	-0.611631	-0.179944	-0.415035	0.0215619	-0.219015	-0.072819	0.0140776	-0.272931	0.321015	-0.238765	-0.415866
-4.8076	2.90041	0.14527	0.686778	0.656787	0.189055	-0.55326	-0.17385	-0.375301	0.000320369	-0.13262	-0.0604119	0.0315748	-0.257476	0.350995	-0.279851	-0.328166
-4.90233	3.11037	0.0317483	0.72994	0.673068	0.200752	-0.481317	-0.255827	-0.259036	-0.116602	-0.025982	-0.0845493	0.0350306	-0.256496	0.356859	-0.274205	-0.300566
-4.89735	3.11428	0.071754	0.653586	0.757674	0.155974	-0.393214	-0.307135	-0.242321	-0.105382	-0.032745	-0.0582006	0.0365581	-0.262539	0.358275	-0.254499	-0.303873
-4.96001	3.17844	0.0977797	0.545285	0.825707	0.157946	-0.396898	-0.329775	-0.201157	-0.215822	0.0609114	-0.105885	0.0370664	-0.244141	0.332828	-0.260867	-0.284758
-5.00951	3.26307	0.162443	0.416131	1.01006	0.10238	-0.395965	-0.181842	-0.334719	-0.086632	-0.0379484	0.00130344	0.00853195	-0.252091	0.399008	-0.344389	-0.173222
-4.39744	2.91167	0.138083	0.481052	0.723758	0.44309	-0.131088	0.114906	-0.0870862	-0.119913	-0.0993157	-0.160179	-0.023515	-0.000434591	0.235794	-0.08121	0.0286013
-3.62723	2.96702	-0.648456	0.307636	0.378275	-0.17871	-0.46888	0.228618	-0.35048	0.184159	-0.151979	-0.357552	0.387137	-0.134215	-0.0439963	-0.136424	0.0630473
-3.28725	3.00465	-0.922198	0.682336	-0.0830064	-0.0729516	-0.285732	0.167033	-0.0636568	0.0452743	-0.266433	-0.152619	0.281335	-0.228477	0.124521	-0.19533	0.275835
-3.21176	2.96457	-0.889305	0.73947	-0.11204	-0.0249271	-0.162981	0.135534	0.0867117	-0.00680718	-0.227827	-0.106666	0.259495	-0.243833	0.155845	-0.105643	0.30122
-3.23624	2.96442	-0.801729	0.518104	0.0455232	-0.152241	-0.0942132	0.132198	0.0691381	0.0374656	-0.205156	-0.167713	0.284524	-0.248481	0.0721747	0.0137711	0.204183
-3.28184	3.04676	-0.791944	0.446105	0.0759016	-0.0844939	-0.162768	0.258144	0.0252586	0.150084	-0.315556	-0.0508074	0.184579	-0.196979	0.0549136	0.0203226	0.216757
-3.31043	2.95014	-0.734336	0.194475	0.178097	-0.185519	-0.197358	0.341072	-0.0957711	0.20338	-0.33509	-0.159724	0.285454	-0.291671	0.0355289	0.051515	0.0395241
-3.26506	2.9592	-0.75162	0.335197	0.101392	0.0382098	-0.286324	0.534155	-0.0437738	0.233992	-0.252302	-0.0815193	0.16071	-0.172745	-0.0591109	0.0341124	0.217757
-3.28024	2.84033	-0.754246	0.154173	0.102557	0.0901528	-0.418797	0.580244	-0.00539767	0.110224	-0.137793	-0.201568	0.222219	-0.248108	-0.0542491	0.00457128	0.0464781
-3.22661	2.78573	-0.782926	0.172101	0.166451	0.0379656	-0.305944	0.541385	0.0942349	0.0805428	-0.0530878	-0.202136	0.168906	-0.213224	-0.0810316	-0.0275443	0.108012
-3.199	2.78238	-0.808913	0.211646	0.136835	0.121511	-0.346311	0.673184	0.0231215	0.163336	-0.0248052	-0.212474	0.167547	-0.226834	-0.0837689	-0.0902048	0.229653
-3.27485	2.7366	-0.859447	0.165324	0.0131114	0.182809	-0.364236	0.585678	0.13444	0.0733283	-0.0190957	-0.212362	0.148747	-0.2807	-0.0398825	-0.168263	0.0647916
-3.29631	2.80796	-1.1256	0.228258	0.0249479	0.0627468	-0.298188	0.554277	0.0206784	0.184008	0.0145234	-0.321658	0.294148	-0.327887	-0.119076	-0.105988	-0.18168
-3.28921	2.87806	-1.07552	0.252242	0.0355203	0.0591142	-0.373919	0.528558	-0.0376358	0.275312	-0.0788685	-0.158933	0.202657	-0.295984	-0.0496325	-0.20198	-0.0852841
-3.26219	2.85139	-1.10598	0.336174	0.0112638	-0.0488967	-0.451796	0.454996	-0.112483	0.337153	-0.141769	-0.101653	0.274764	-0.34405	0.00914868	-0.28137	-0.160236
-3.2567	2.89389	-1.10439	0.60835	-0.0800711	-0.00556021	-0.517897	0.260281	0.057651	0.140219	0.0205844	-0.137408	0.344762	-0.373512	0.0590818	-0.342508	0.00675168
-3.50945	3.06775	-1.03091	0.592531	0.0195853	0.0192564	-0.714779	0.307426	-0.0396284	0.137283	-0.019018	-0.0285119	0.228856	-0.132727	-0.161357	-0.125587	-0.143971
-4.1084	3.67644	-1.20543	0.751642	0.097797	0.0704408	-0.698224	0.0917364	0.130962	-0.192252	0.205345	-0.302517	0.488783	-0.197387	-0.102253	-0.0850397	-0.175496
-4.18615	3.25981	-0.653608	0.489847	0.407766	0.0196744	-0.557067	-0.162023	0.170887	-0.127355	-0.13922	0.127324	0.286189	-0.0675779	-0.177694	-0.0153851	-0.214224
-4.21512	2.65171	-0.309748	0.727086	0.589552	0.0720996	-0.341637	-0.29836	0.166181	-0.309481	-0.0600633	0.12903	0.198178	0.0651498	-0.25508	0.072783	-0.0495201
-4.45997	2.25178	0.00390152	0.828834	0.703726	0.00611351	-0.0366906	-0.479976	0.0538217	-0.0256977	-0.215122	0.127389	0.187668	0.0169134	-0.355396	0.267377	-0.080547
-4.5686	1.36628	0.3896	0.856253	0.53927	-0.0392225	-0.408064	0.000139003	-0.222531	-0.151311	-0.0863539	0.266108	0.368619	0.155512	-0.332567	-0.401001	-0.629218
-4.53913	1.23011	0.493646	1.04056	0.549252	0.445962	-0.0469635	-0.353265	0.101721	-0.0618169	-0.373786	0.16807	0.241191	-0.140628	-0.0687254	0.0900908	-0.0878963
-4.72732	0.976768	0.585987	1.18355	0.650789	0.114788	0.139098	-0.043359	-0.358393	0.0806125	-0.138265	-0.227332	-0.0213227	-0.0266426	-0.0242384	0.138765	0.0666106
-5.00035	0.750248	0.789259	1.35123	0.767424	-0.0342117	0.0243547	-0.0934914	0.112759	-0.267409	-0.0896726	0.0504812	-0.151808	0.240975	-0.295669	0.0584553	0.0631135
-4.74881	0.31357	0.699471	1.11268	0.544597	0.208966	0.0987288	-0.0197633	-0.123499	-0.238286	-0.124521	0.0238083	0.0930222	0.298348	-0.121502	-0.400539	-0.276578
-4.84311	-0.208812	0.870714	1.30906	0.912661	0.341455	0.321244	-0.242235	-0.514405	-0.165463	-0.194267	0.110475	0.140275	0.158499	-0.0605166	-0.242126	0.00113884
-4.91031	-0.335694	0.744781	1.25392	0.920659	0.0136311	-0.101992	-0.196842	0.00720436	0.187691	-0.171065	0.0202786	0.123589	-0.151843	-0.18601	-0.401801	-0.204459
-4.90219	-0.2529	0.686087	1.41697	0.954114	0.222185	0.316181	0.343359	-0.145194	-0.136736	-0.57772	-0.128648	-0.189314	0.309571	0.0873587	0.232282	0.27126
-5.04941	-0.644326	0.689511	1.04872	1.00082	0.184838	0.368196	0.0928209	-0.2642	-0.0307183	-0.0293795	-0.303993	-0.0507171	0.0992378	-0.0349871	-0.152452	-0.275561
-5.21285	-0.628097	1.06137	1.32371	0.373047	-0.0502415	0.118562	0.221765	-0.0506982	-0.0400255	-0.130753	-0.248848	-0.232842	0.196219	0.180618	0.0533049	-0.101843
-5.05849	-0.626095	0.132694	0.976047	0.746822	0.346715	0.224896	0.305216	-0.224391	0.061178	-0.343024	-0.187169	-0.15757	-0.0661756	-0.0279124	0.118003	-0.0745512
-5.02841	-0.428995	0.144741	0.777739	0.448807	0.266659	0.182326	0.0268401	-0.173569	-0.0209855	-0.120328	0.0406088	-0.108505	-0.135387	-0.293851	0.189328	0.0989681
-5.3609	-0.349773	-0.061082	0.914967	0.803302	0.0177798	0.155591	-0.0924305	-0.178034	-0.0679216	-0.197783	-0.0114883	0.106093	0.148308	-0.243384	-0.0652614	-0.0402494
-5.39496	-0.0662778	0.253413	0.843577	0.965036	-0.0656547	-0.0900001	-0.0400969	-0.577538	0.168366	0.0761536	-0.10577	0.0502474	0.208355	-0.126636	-0.184976	0.000134883
-4.9463	0.551622	0.367331	0.942895	0.987491	-0.308207	-0.236899	-0.0134687	-0.156472	0.119609	-0.085654	-0.123933	0.094546	0.0283877	-0.10583	-0.0950473	0.0144179
-4.63521	1.53392	0.779879	0.91148	0.461122	-0.160162	-0.0902833	0.0371979	0.0840697	-0.0598079	-0.129228	-0.173355	-0.010223	0.135994	-0.120896	-0.0642288	-0.0597293
-4.03493	2.55657	-0.0202441	0.840766	0.444804	-0.214047	-0.406595	0.106354	-0.000850239	0.148317	-0.34036	0.312609	-0.206917	0.0921076	-0.112314	-0.0116911	0.0428767
-3.93954	2.79153	-0.191266	0.613637	0.446234	-0.183393	-0.406555	0.0738806	0.0905427	0.0346324	-0.308658	0.308062	-0.0448681	-0.0831162	-0.0127272	0.0201541	-0.132225
-3.88751	2.97615	-0.582573	1.0052	0.214717	-0.252784	-0.391247	-0.0541659	0.0393177	0.00861831	-0.125642	0.316523	-0.0608143	0.00817085	-0.0870678	-0.0314277	0.151641
-3.82221	2.97474	-0.500841	0.9097	0.277922	-0.34536	-0.405174	-0.0721749	0.163194	-0.198388	0.0178953	0.277634	-0.0288025	0.026166	-0.0751898	-0.0578516	0.191749
-3.92799	3.16028	-0.404456	0.739178	0.428107	-0.427715	-0.560122	-0.0588074	0.0685764	-0.201686	0.0783935	0.379562	-0.026159	0.0316854	-0.033581	-0.175804	0.571864
-3.84784	3.09608	-0.543738	0.904161	0.175708	-0.175199	-0.643121	0.0392993	0.0287984	-0.182486	0.0724199	0.322447	-0.0176402	0.0210932	-0.0352412	-0.128439	0.29479
-4.00958	3.34772	-0.693045	0.878568	0.19977	-0.263637	-0.454804	-0.130144	0.26383	-0.31269	0.102051	0.296301	-0.0917087	0.0985823	-0.0902067	-0.0475695	0.0675533
-3.96493	3.28358	-0.61197	0.724574	0.310244	-0.25411	-0.567826	-0.0195176	0.172047	-0.236475	0.0656197	0.291342	-0.0405999	0.0231716	-0.00611239	-0.159881	0.122408
-4.09421	3.47896	-0.732644	0.824178	0.243244	-0.295768	-0.522782	0.0415494	0.0157916	-0.067853	-0.0166214	0.280183	0.0385509	-0.0758684	0.0237701	-0.170621	0.112437
-4.05876	3.38818	-0.484117	0.534054	0.54419	-0.437033	-0.422255	-0.0667604	0.065554	-0.20476	0.0161173	0.340155	-0.0318791	0.0970642	-0.0520269	-0.0920314	0.184062
-4.25759	3.70405	-0.633138	0.607884	0.452771	-0.248436	-0.515192	-0.0162398	0.00188073	-0.175724	-0.0621512	0.375785	-0.0306704	0.129856	-0.0356389	-0.0593196	0.178421
-4.20912	3.55226	-0.621554	0.610918	0.355287	-0.0948903	-0.653636	0.104619	0.0447626	-0.244637	0.0315422	0.311468	-0.0403852	0.0594252	-0.00741692	-0.156017	0.0767705
-4.33455	3.52887	-0.559485	0.738201	0.227497	-0.0356683	-0.455307	-0.0843507	0.108349	-0.317908	0.0116294	0.347843	0.00246204	-0.0179777	0.0865892	-0.21752	0.0898127
-4.47988	3.49611	-0.537402	0.782684	0.286016	-0.0596611	-0.430137	0.0376807	0.0263301	-0.293885	0.0473388	0.264173	-0.0435128	0.0560894	0.00635272	-0.168896	-0.0272872
-4.66783	3.17153	-0.0994396	0.861313	0.288999	-0.0166375	-0.348151	0.162501	-0.0847053	-0.36148	-0.0255264	0.088221	0.258971	-0.0585687	0.0678584	-0.0155669	0.086733
-4.99576	2.50634	0.369893	0.581959	0.399799	-0.149019	-0.202266	0.00641721	0.200162	-0.0482904	-0.107002	0.162311	-0.0933959	-0.134763	-0.0198662	-0.319417	-0.205487
-5.58542	1.56945	0.434462	1.08156	0.585537	-0.127363	-0.176089	0.264741	-0.262699	0.102212	0.0439091	-0.0794232	0.126387	-0.117542	-0.494963	-0.131422	-0.0573124
-6.20483	1.46479	0.0238111	0.778741	0.588229	-0.139259	-0.238697	-0.32642	-0.221488	0.100099	0.0543042	0.054306	0.129486	-0.00182753	0.0299448	-0.184324	-0.0197162
-7.12354	1.6577	0.0467612	0.526643	0.339938	-0.133531	-0.410092	-0.132789	-0.0145419	-0.0288732	-0.12152	0.218977	0.0641942	0.00890952	0.167777	-0.220931	0.131378
-7.64237	1.34576	-0.05874	0.685956	0.535039	-0.0180639	-0.104832	0.026033	-0.000752312	0.118145	0.0208625	0.0843067	0.0643698	0.155971	0.183329	-0.0686708	0.0122052
-8.6248	1.76672	0.435725	0.934835	0.52493	0.0227527	-0.147871	-0.0123364	-0.0784149	0.0496758	0.0717904	0.0176627	0.0576571	0.00424976	0.0553319	-0.0671809	-0.0142733
-8.18217	2.09995	-0.0156075	0.43072	0.250204	0.236775	-0.0756479	0.0628113	0.0364872	-0.0883394	-0.0285765	0.122876	0.0714726	-0.156449	-0.0509172	0.0154352	0.00391596
-7.01585	1.71726	-0.468963	0.47368	-0.00542259	0.148226	-0.076593	0.110599	0.016825	-0.0771155	0.096621	0.213256	0.0654502	-0.0619231	0.0279982	0.0354757	0.0565065
-6.47159	1.16299	-0.420127	0.437943	-0.0573548	0.0629358	-0.0582491	0.142971	-0.0114979	0.0062751	0.110259	0.35843	0.0573905	0.0171243	0.115783	-0.00982426	0.131105
-6.10191	0.924688	-0.235267	0.537386	0.0258303	0.0380655	0.165868	0.297047	0.149658	0.0328703	0.0271913	0.373247	0.191545	0.0520065	0.116045	-0.034604	0.17241
-5.8186	1.01792	-0.00672136	0.577756	-0.165167	-0.0783127	0.169823	0.272678	0.197286	-0.00942818	-0.0589684	0.220447	0.204069	0.0150616	0.009706	0.00604917	0.144781
-5.74396	0.988139	-0.0371321	0.561522	-0.254235	-0.0786045	0.0724632	0.200917	0.206989	0.0387673	-0.0357815	0.160936	0.134434	0.144132	0.079945	0.0629429	0.0684481
-5.87975	0.719719	-0.162957	0.630916	-0.122938	-0.0514401	0.130572	0.211543	0.202838	0.135249	-0.0420793	0.107083	0.222566	0.210235	0.0326444	0.0786034	0.110823
-5.94339	0.750464	-0.129787	0.799766	-0.0983011	-0.126537	-0.135283	0.150113	0.216795	0.0834376	-0.233785	0.0356961	0.227735	0.121492	0.0152005	0.0740901	0.13823
-6.07089	0.87402	-0.264053	0.721059	-0.0951935	-0.0432282	-0.270493	0.087514	0.114521	-0.177077	-0.301892	0.0719017	0.151107	-0.00575897	-0.0593653	-0.0484147	0.145318
-6.07457	1.69264	-0.284495	0.889298	0.109683	-0.000430184	-0.096615	0.160276	0.082869	-0.0924009	-0.207603	0.0834085	0.0365862	-0.188875	0.180453	-0.120179	-0.00712669
-6.12533	1.59584	0.192781	1.0554	0.0534179	0.0493403	-0.064253	0.345371	0.173475	-0.449088	-0.130612	0.143012	0.119447	-0.247363	-0.0236895	-0.0685134	0.184
-5.89075	2.62322	0.382683	1.44764	0.329932	-0.128814	0.0969541	0.174708	-0.0613573	-0.39596	-0.106747	-0.0277093	0.162971	-0.223622	0.268891	0.102489	-0.0340379
-4.58658	3.10666	-0.0286958	1.11723	0.104836	0.165687	-0.0977155	-0.193111	-0.195618	-0.0617554	-0.0789493	0.0894857	0.161437	-0.0447951	0.0132018	-0.0488604	-0.0877226
-4.02734	3.09614	-0.444759	1.01538	0.210316	0.00386509	-0.102944	-0.190271	0.0823423	-0.352939	-0.14899	0.0420108	0.365651	-0.161241	0.107284	0.0731479	-0.127847
-3.98926	3.01472	-0.361392	0.873346	-0.0283618	0.25051	-0.319306	0.070388	0.209956	-0.140167	-0.176284	0.0275367	0.208493	-0.21876	0.101439	-0.0750815	-0.0505309
-4.12977	3.1993	-0.54495	0.862941	0.0993983	-0.0241153	-0.177239	-0.0294806	0.256044	-0.178079	-0.00436105	-0.0989265	0.205031	-0.200354	-0.00819398	0.06302	-0.251437
-4.06513	3.15162	-0.390893	0.798457	0.0658623	0.0836115	-0.0696162	-0.0853644	0.273856	0.0647137	-0.0771745	-0.130785	0.402167	-0.450642	0.020115	0.0304346	0.0306858
-3.81419	3.05004	-0.691998	1.03515	-0.0044798	-0.0606867	-0.0601921	-0.0670642	0.215431	0.072296	-0.108752	0.0322298	0.321726	-0.359529	0.0194675	-0.115806	0.0922802
-3.63413	2.6669	-0.426592	1.03459	-0.0966889	0.0431526	-0.20647	-0.0998994	0.301981	0.0122716	-0.0878225	0.0936787	0.462577	-0.384803	0.0331191	-0.253033	0.121022
-3.8556	2.87744	-0.570765	1.21176	-0.156345	-0.0816119	-0.254504	-0.140901	0.131971	0.154044	-0.25655	0.211557	0.382782	-0.186126	-0.0600616	-0.179605	-0.0403131
-3.83235	2.89924	-0.312105	1.14432	0.0126163	-0.169218	-0.142741	-0.205998	0.256023	0.0166406	-0.0671129	0.214913	0.451493	-0.178061	0.142708	-0.259186	0.102189
-3.82483	2.87199	-0.314256	1.1109	-0.0423995	-0.0945067	-0.294911	-0.116801	0.0781981	0.0354021	-0.0785872	0.14043	0.502379	-0.211831	0.142116	-0.183635	0.0338445
-3.93507	2.92615	-0.327447	1.04654	-0.122001	-0.102751	-0.293922	-0.28798	0.0946771	-0.070412	-0.0931643	0.086146	0.467659	-0.258285	0.142892	-0.201866	0.0238614
-3.92113	2.95771	-0.373163	1.05135	-0.0862147	-0.148956	-0.225087	-0.290197	0.0145837	-0.000959271	-0.229251	0.183658	0.349944	-0.160388	0.100894	-0.1447	0.0386335
-4.24961	3.12597	-0.33775	0.778484	-0.127536	-0.222129	-0.390287	-0.244262	-0.0643131	-0.138959	-0.327241	0.00569149	0.44292	-0.579355	0.229264	-0.12775	-0.0231063
-4.05882	2.891	-0.41259	0.906362	0.0155272	-0.192547	-0.17772	-0.346722	0.0063249	-0.104436	-0.317811	-0.0983306	0.314407	-0.351397	0.168233	-0.11488	0.145866
-4.6733	3.03988	-0.531024	0.550352	-0.0572858	-0.536102	-0.361753	-0.34075	-0.340324	-0.184006	-0.746034	-0.325233	0.188972	-0.829368	0.105386	-0.115558	-0.12133
-4.30518	2.84113	-0.588398	0.769041	-0.0381712	-0.267898	-0.412984	-0.262821	-0.244784	-0.145149	-0.406768	-0.401942	0.178385	-0.526975	0.154588	-0.234279	0.0686239
-4.57328	2.79876	-0.669136	0.402328	-0.127497	-0.429196	-0.469252	-0.467213	-0.312794	-0.320474	-0.511808	-0.62242	-0.0714952	-0.673974	-0.0344439	-0.277991	-0.134455
-4.73051	2.86112	-0.778175	0.275637	-0.0634296	-0.400484	-0.640649	-0.32601	-0.668724	-0.20134	-0.53585	-0.724576	-0.0907883	-0.705067	-0.0573613	-0.347976	-0.310511
-5.32129	2.74731	-0.856127	0.0349157	-0.130419	-0.393683	-0.741584	-0.433589	-0.798929	-0.399024	-0.742257	-0.850542	-0.433782	-0.809258	-0.145218	-0.400363	-0.59014
-5.84353	2.86279	0.0717845	0.795818	0.473285	0.182335	-0.302065	-0.100571	-0.483508	-0.340361	-0.459253	-0.456983	-0.0143204	-0.278578	0.147275	-0.117525	-0.307224
-6.00746	3.1619	0.109768	0.688321	0.737246	0.313678	-0.453304	-0.256381	-0.701153	-0.268726	-0.144602	-0.23016	0.222576	-0.467573	0.194243	-0.0231788	-0.346229
-5.80864	2.66231	-0.00259828	0.805242	0.610501	0.11845	-0.643204	-0.186473	-0.360216	-0.417997	-0.301781	-0.268467	-0.11404	-0.305347	0.0985826	-0.279352	-0.3864
-5.84205	2.46492	0.223855	0.265907	0.495292	-0.142159	-0.629616	-0.527047	-0.693564	-0.506834	0.136822	-0.25231	-0.0347427	-0.679672	0.0597362	-0.461013	-0.341091
-6.01107	2.63268	0.242067	0.718055	0.77148	0.29156	-0.339504	-0.182805	-0.551977	-0.304658	0.0711251	-0.0369401	-0.0105172	-0.243758	0.154462	-0.156862	-0.149064
-5.74214	2.32886	0.0565843	0.604758	0.678012	0.239905	-0.370115	-0.24431	-0.526448	-0.397105	0.0569606	-0.0366465	-0.145278	-0.219918	0.0722558	-0.184322	-0.123795
-5.9831	2.42428	0.0190904	0.637157	0.715506	0.256477	-0.380344	-0.205744	-0.556112	-0.355494	0.0999341	-0.0130471	-0.138869	-0.270032	0.11147	-0.190559	-0.0585398
-7.03791	2.58839	0.0380037	0.659795	0.723709	0.192505	-0.367504	-0.167704	-0.608158	-0.294651	0.144309	0.0194484	-0.101208	-0.32735	0.126066	-0.194412	-0.0382008
-8.08545	2.33003	0.54768	0.68501	0.417231	0.195007	-0.108686	-0.240587	-0.617594	-0.195064	0.22721	-0.120153	-0.184393	-0.106058	0.110482	-0.0737895	-0.00198209
-8.82096	2.29912	0.656132	0.689768	0.623262	0.227482	-0.190472	-0.14183	-0.463717	-0.263132	0.0649524	-0.0854741	-0.00191147	-0.0622617	0.0532007	-0.0837053	-0.0528485
-8.36107	2.22485	0.0387057	0.421987	0.672311	0.272354	0.0284326	-0.0450046	-0.335508	-0.282752	0.00158354	-0.129615	-0.152226	0.082179	0.071634	-0.119546	0.0166181
-8.2079	2.41559	-0.339075	0.292566	0.603002	0.106724	0.0122783	0.00121872	-0.245509	-0.156884	0.191025	-0.084139	-0.350663	0.0455943	-0.113529	-0.23193	0.088316
-7.95495	2.3281	-0.182948	0.417269	0.0705313	-0.099815	-0.102826	-0.141495	-0.0377035	0.0458025	0.336036	-0.00579969	-0.278654	0.0160996	-0.139952	-0.0658342	0.181038
-7.98126	2.27363	0.260781	0.450472	-0.264639	-0.173296	-0.0253043	0.0036746	-0.00805746	-0.00249626	0.318664	0.0425691	-0.132028	-0.0646674	-0.157315	-0.00925258	0.25196
-8.46546	2.2529	0.616123	0.37422	-0.426786	-0.190976	0.0574894	0.131058	0.00257399	0.00643875	0.360092	0.127548	-0.180735	-0.313221	-0.0595821	0.213098	0.427155
-9.00028	1.90557	1.07902	0.294234	-0.444058	0.0263613	0.0553137	0.0844968	0.136659	0.456995	0.197669	0.136357	-0.331007	-0.334901	0.178672	0.159973	0.681438
-8.92229	1.35782	0.879676	0.266964	-0.189605	0.308349	0.129694	0.234833	0.194482	0.311838	-0.0676208	0.013111	-0.225251	-0.156653	0.304596	0.220141	0.616033
-9.3475	1.13323	0.992652	0.3338	-0.191773	0.385586	0.150548	0.186421	0.122164	0.359598	-0.0113008	0.0500915	-0.207333	-0.107941	0.377749	0.29668	0.590743
-9.69978	1.26795	0.700553	0.358482	0.0505178	0.325376	0.21879	0.264871	0.152539	0.285062	-0.00928366	0.062889	-0.0616614	0.0179956	0.334689	0.169581	0.324292
-10.0674	1.30384	0.706372	0.375104	0.198836	0.297761	0.290059	0.370931	0.220337	0.219244	0.092616	0.00132107	0.0115844	0.139992	0.326219	0.205663	0.208661
-10.2617	1.20358	0.777838	0.454248	0.431329	0.410535	0.286195	0.263982	0.0984922	0.169693	0.137223	0.032582	-0.0153239	0.0558639	0.222555	0.100453	0.0791916
-10.4106	1.1031	0.740658	0.528451	0.529962	0.458428	0.274318	0.208782	0.108738	0.153755	0.142161	0.101874	-0.00107329	-0.00879818	0.0477546	-0.022844	-0.0211587
-10.4664	1.05649	0.710365	0.543557	0.469724	0.377866	0.208687	0.220952	0.15021	0.186358	0.0935686	0.112952	0.143011	0.100263	0.0611655	-0.0349108	-0.010133
-10.4884	1.05485	0.77079	0.549167	0.411853	0.340555	0.211835	0.252401	0.169717	0.175254	0.117503	0.0620332	0.0453523	0.0125915	0.0277863	-0.0465673	-0.0424994
-10.4641	1.09119	0.758533	0.482133	0.408894	0.324268	0.22873	0.289267	0.161773	0.126561	0.127439	0.111655	0.0858198	0.0206789	-0.0167669	-0.0240127	0.0237116
-10.0243	0.990673	0.351518	0.532769	0.337346	0.298088	0.381963	0.353104	0.216543	0.143516	0.0207478	0.123038	0.0963249	0.0871961	0.133638	0.0385907	0.0365924
-6.63948	2.3654	-0.830805	0.0139937	0.0976788	0.286143	-0.010666	-0.16749	-0.416878	0.101155	0.32052	-0.103074	0.0610675	-0.129309	-0.225047	0.222087	0.0209306
-5.51749	2.42874	-0.850515	-0.0713855	-0.0864528	0.409309	-0.00933985	-0.0156341	-0.467572	0.114711	0.202566	-0.12875	-0.0308801	-0.154119	-0.122848	0.249192	0.0320281
-5.17661	2.24008	-0.684451	-0.243408	-0.108232	0.408696	0.086677	0.0163191	-0.428686	0.0476054	0.230868	-0.245604	-0.0169433	-0.205734	-0.0490743	0.302243	0.0346312
-4.89928	1.97607	-0.555048	-0.265773	-0.0505406	0.277297	0.100785	-0.0826713	-0.205621	0.163186	0.0808196	-0.31084	-0.111184	-0.0990542	0.0219578	0.113201	-0.0392791
-4.09262	2.00473	-0.69272	-0.162485	-0.25474	0.243475	0.138532	0.086029	-0.141543	0.145337	0.0874616	-0.446975	-0.0296569	-0.205081	0.113979	-0.0667579	0.00719703
-3.43428	1.94429	-0.826315	-0.204997	-0.350098	0.251133	0.0957617	0.112938	-0.189882	0.19326	0.0681672	-0.483032	-0.056142	-0.237327	0.117974	-0.0729384	0.0601365
-3.43567	1.9887	-0.794398	-0.257913	-0.353575	0.278268	0.161556	0.131561	-0.188626	0.179448	0.0372349	-0.540708	-0.0647918	-0.225844	0.0930703	-0.1153	-0.0018395
-3.39378	2.09753	-0.811051	-0.305893	-0.473351	0.20475	0.104838	-0.0113168	-0.276499	0.136164	0.0182439	-0.500125	-0.0106264	-0.26675	0.0392366	-0.166504	-0.0248655
-2.93597	2.23329	-0.734868	-0.0973046	-0.270973	0.363456	0.247283	0.141711	-0.0493834	0.288989	0.0799398	-0.3079	0.084986	-0.234965	0.133527	-0.159761	0.273293
-2.85448	2.31958	-0.548986	-0.154212	-0.273245	0.374644	0.202303	0.15755	0.0496941	0.437748	0.0198534	-0.359689	0.0485385	-0.238603	0.182799	-0.117923	0.388741
-2.84834	2.37444	-0.658308	-0.0669474	-0.357823	0.226088	0.160461	0.181057	-0.0173171	0.353757	0.0654888	-0.341631	-0.0135046	-0.116078	0.0629362	-0.0696807	0.208903
-3.06948	2.83534	-0.881067	-0.177731	-0.0965738	0.0126734	0.243259	0.146268	-0.0985357	0.429865	0.00655595	-0.372955	0.104142	-0.185811	0.162524	-0.187701	0.145122
-3.02147	2.89745	-0.701021	-0.315745	0.0612726	0.0127561	0.242881	0.183027	-0.122408	0.401034	0.0922164	-0.431972	0.0948211	-0.111206	0.0741934	-0.117576	0.290135
-3.13202	3.17333	-0.826658	-0.226279	0.0308559	0.11035	0.0807309	0.288593	-0.283488	0.498621	0.0567057	-0.407055	0.127222	-0.154338	0.113009	-0.160657	0.32774
-3.29006	3.29343	-0.726454	-0.0581151	-0.0388061	0.102835	0.211439	0.0175804	-0.0885255	0.352657	0.162787	-0.371786	0.0536699	-0.184616	0.168273	-0.202692	0.524463
-4.62447	3.14125	-0.452015	0.197362	0.00228953	0.584047	0.00401255	0.120855	-0.0595073	0.341829	0.12214	-0.152058	0.196454	-0.455565	-0.133591	-0.101391	0.0734285
-6.79748	3.11787	0.327467	0.226043	0.232973	0.490391	0.0875677	-0.228455	-0.113929	0.252085	-0.0422885	-0.514105	0.0373689	0.283933	0.0112005	-0.134916	0.0720767
-7.2556	3.39011	-0.106559	0.224052	0.129004	0.167949	0.0161962	-0.15085	0.0662826	0.502335	-0.202201	-0.502265	0.135094	0.0845618	-0.0429103	0.0135348	0.0649777
-7.23564	2.51455	0.398861	0.0514077	0.0771762	0.141268	-0.0450923	-0.224432	-0.00824254	0.168206	-0.15908	-0.31048	-0.0234552	-0.016611	-0.176972	-0.107708	0.0264056
-7.90786	2.75798	0.45978	0.206104	0.208627	0.143546	0.00117974	-0.0601352	0.130548	0.37184	-0.0792334	-0.223638	0.153694	0.00963412	-0.209849	-0.138921	0.0564648
-8.4421	2.67902	0.484525	0.226522	0.140973	0.0453673	0.0114657	0.011565	0.221177	0.473504	0.0668017	-0.218642	0.002217	-0.0262677	-0.149694	-0.091864	0.00263926
-8.47952	2.04565	0.56305	0.283683	0.103715	0.114838	0.141816	0.111291	0.163614	0.212433	0.0387021	-0.139127	-0.129434	-0.0971799	-0.0664279	0.0329955	0.00941085
-9.13627	2.21111	0.766975	0.298339	0.129544	0.092749	0.0648403	0.10728	0.240083	0.29205	0.0863477	-0.102131	-0.106581	-0.0486551	-0.0224874	0.0641973	-0.0327915
-9.42208	1.97739	0.784439	0.369652	0.212378	0.113505	0.0874873	0.186415	0.258576	0.279651	0.163886	0.0324261	-0.0172848	-0.0124167	-0.0151659	0.01813	-0.0292851
-9.55352	1.86163	0.861355	0.470652	0.324383	0.171271	0.0508148	0.0932164	0.196133	0.255506	0.174519	0.0411219	-0.0423499	-0.0493637	-0.0214697	-0.00958755	0.0139617
-9.73722	1.69436	0.769466	0.443272	0.322748	0.175999	0.119247	0.137906	0.184483	0.210774	0.0936638	-0.00835304	-0.0147874	0.0188734	0.025031	-0.0344813	-0.0290151
-9.9975	1.59973	0.835039	0.457855	0.349266	0.241067	0.247762	0.20546	0.19977	0.234572	0.0667446	-0.0868433	-0.0725491	0.0581974	0.161182	0.0669723	-0.0204481
-10.1899	1.50652	0.889487	0.454883	0.399419	0.332221	0.247622	0.242608	0.286527	0.291312	0.13479	-0.0280003	-0.0272033	0.0188237	0.12569	0.0817033	-0.0153444
-10.2598	1.40132	0.867481	0.460402	0.378132	0.343763	0.312159	0.272032	0.193622	0.150821	0.10283	0.102984	0.022311	-0.00759352	0.0852282	0.139099	0.0588859
-10.2081	1.29999	0.73497	0.499495	0.397802	0.277753	0.304256	0.24588	0.215515	0.158421	0.00497956	0.0271648	-0.0410255	-0.0115312	0.0642231	0.0819266	-0.0207943
-7.52074	2.59166	0.813143	0.593457	-0.285109	-0.00489947	0.362161	-0.0537185	-0.0758091	0.199902	-0.107717	0.0855689	0.370281	0.111214	0.0953268	-0.184179	-0.0917529
-6.48216	2.75046	0.607666	0.703338	-0.385529	0.0383068	0.321081	-0.0816248	-0.0657498	0.136031	-0.18883	0.121492	0.49538	0.152471	0.0653835	-0.385825	-0.0949794
-6.01403	2.70192	-0.114085	0.406029	-0.841021	-0.00330455	0.202177	-0.00768584	0.186255	-0.0666019	-0.239731	0.0871677	0.254707	-0.225207	0.108879	-0.162368	0.0262836
-6.9056	2.47671	0.520504	0.647984	0.156551	-0.0963555	0.0765825	0.00245831	-0.0746671	-0.202066	-0.235698	0.159133	0.0388086	-0.118058	0.279323	-0.25608	0.140773
-6.40106	2.65622	0.316549	1.32979	0.234906	-0.0910344	-0.266182	0.282157	-0.131	-0.164152	-0.330495	-0.138596	0.366568	-0.0520111	0.0423317	-0.226014	0.390227
-5.08156	3.02567	0.321575	0.691198	-0.191046	-0.24536	0.117129	0.246091	-0.310765	-0.1418	0.135701	-0.102555	0.18322	-0.182776	-0.115647	0.173367	0.56128
-3.44966	2.26685	-0.296552	1.08498	-0.241046	-0.168134	-0.166323	0.225157	-0.128669	0.0995503	-0.24956	0.106427	0.119839	-0.151769	-0.0176809	0.015485	0.30733
-3.53028	2.4125	-0.275607	1.2233	-0.191609	-0.0368191	-0.224709	0.202659	-0.0862961	-0.14916	-0.0635091	0.147127	0.00583823	-0.143759	0.00973004	-0.00217445	0.180949
-3.46128	2.32998	-0.115755	1.25295	-0.144846	-0.029979	-0.249955	0.125955	-0.0474328	-0.0450443	-0.217559	0.228789	-0.00205709	-0.21784	0.11489	0.0167824	0.0121827
-3.54155	2.37957	-0.195083	1.37846	-0.199475	0.0871418	-0.349007	0.175101	-0.0593704	-0.0348193	-0.254207	0.227542	0.00410627	-0.197747	0.0709773	0.0677407	0.0176481
-3.8992	2.73151	-0.287498	1.54776	-0.1565	0.196308	-0.174365	-0.0780227	-0.030369	-0.0927609	-0.192448	0.177901	0.0728068	-0.284906	0.107584	0.0237408	-0.103385
-4.12112	2.54308	0.351376	1.39574	-0.195498	0.324939	-0.0473548	-0.107428	-0.253842	0.0140615	-0.116146	0.121447	-0.0638682	-0.138686	0.161182	-0.176591	-0.0168243
-4.35003	2.60498	0.240449	1.40198	0.0690884	0.353055	-0.00498541	0.0775827	-0.0404004	-0.367559	-0.194644	0.153708	0.0218642	-0.371479	0.272208	-0.0352397	-0.100474
-4.72793	2.70319	0.501407	1.29448	0.388841	0.238291	0.243436	0.130304	0.0425148	-0.35498	-0.583914	0.14269	0.233791	-0.419796	0.198066	-0.147906	-0.28638
-5.08888	3.1583	0.823438	1.231	0.703943	0.208772	-0.213046	0.26009	-0.243522	-0.352395	-0.252764	0.14373	0.215587	-0.210178	0.0404364	-0.228774	-0.40088
-5.24283	3.06705	1.00863	1.33473	1.08904	0.0736555	-0.198718	0.319877	-0.520275	-0.515877	-0.162934	0.202539	0.563568	-0.293097	-0.086749	-0.373788	-0.523644
-5.09867	3.37875	0.800616	1.12984	0.886411	0.0182907	-0.18385	0.453706	-0.384177	-0.449912	-0.20475	0.0368092	0.555595	-0.281372	-0.0736891	-0.25197	-0.637652
-5.04708	3.4458	0.698729	1.20493	0.818753	0.0458578	-0.361848	0.463074	-0.375439	-0.615527	0.0393691	-0.0122046	0.658646	-0.312781	-0.108506	-0.151901	-0.502217
-5.0674	3.52916	0.830836	1.30149	0.635445	-0.294999	-0.345891	0.491727	-0.279737	-0.57346	-0.241313	0.307606	0.608089	-0.21611	-0.192188	-0.193826	0.0156846
-5.04296	3.43146	0.673608	1.2955	0.839621	-0.0829928	-0.532453	0.485183	-0.308329	-0.468762	-0.272366	0.104888	0.823629	-0.342949	-0.0625539	-0.181078	-0.455477
-4.92307	3.51535	0.45722	1.28673	0.757572	0.0250466	-0.627719	0.368656	-0.315563	-0.403805	-0.064483	0.0384451	0.680904	-0.34668	-0.0252468	-0.0903777	-0.290901
-4.91104	3.43934	0.496826	1.34624	0.663792	0.0162076	-0.60496	0.278546	-0.259229	-0.365064	0.0228006	-0.0962302	0.590444	-0.257424	0.1108	-0.127018	-0.24649
-5.03007	3.4448	0.588609	1.17657	0.850595	-0.226926	-0.375993	0.114501	-0.178186	-0.391617	0.148031	-0.135959	0.382176	-0.0370006	-0.0770786	0.0386353	-0.316565
-4.92863	3.27128	0.645322	1.09972	0.683858	-0.174322	-0.491173	0.198637	-0.233154	-0.220535	0.151558	-0.00988243	0.247008	-0.220964	-0.0428136	0.0484988	-0.331858
-5.10697	3.48365	0.491682	1.06642	0.803123	-0.201395	-0.487542	0.283351	-0.516011	-0.00220437	-0.0563763	0.20039	0.282938	-0.384065	0.0434294	0.0293183	-0.26059
-5.12417	3.35822	0.673778	0.899262	0.872761	-0.249536	-0.502335	0.282407	-0.512551	-0.135288	0.0493014	0.221398	0.384709	-0.413822	-0.165338	0.170202	-0.299425
-5.20355	3.50838	0.69545	0.943013	0.84566	-0.136488	-0.486724	0.246166	-0.471505	-0.241041	-0.0301169	0.223289	0.414333	-0.362258	-0.102981	0.147142	0.0118908
-5.48357	3.59985	0.801178	0.799692	0.771362	-0.0337968	-0.577823	0.397097	-0.582249	-0.48143	0.234623	0.0577767	0.567227	-0.343984	-0.118904	0.044848	-0.161957
-5.76967	3.5545	0.889011	0.811836	0.587966	-0.218479	-0.332143	0.310345	-0.777907	-0.268438	0.133754	0.176989	0.478425	-0.201428	-0.113524	-0.0839812	-0.469721
-6.24123	3.60167	1.21322	0.540121	0.447551	0.137917	-0.466173	-0.0335399	-0.337974	-0.575929	0.313991	0.27711	0.165395	-0.146041	0.24662	-0.183565	-0.65017
-6.52208	3.53254	1.5048	0.650624	0.790156	0.460501	-0.749537	0.100828	-0.0811765	-0.239652	0.0318258	0.104557	0.149753	-0.354678	0.142237	0.490553	-0.0825674
-7.05974	3.17595	1.74622	0.819565	0.274717	-0.0231298	-0.145391	0.184395	-0.653767	-0.272336	0.278652	-0.0511913	-0.112064	-0.283279	0.329018	0.388771	-0.29592
-7.73025	3.29039	1.41441	1.02627	0.759459	0.0328176	-0.540751	0.146858	-0.428184	-0.255183	0.0853658	-0.0914301	0.166449	-0.0173334	0.00843402	0.338224	-0.079195
-4.83082	1.92292	-0.382637	0.68219	-0.080239	0.314238	-0.303716	0.0389403	-0.185707	-0.189584	0.298596	0.0875663	0.0619589	-0.115557	-0.0480721	0.0267474	-0.0498218
-5.04688	2.30033	0.300863	0.994659	0.297744	0.147733	-0.195305	0.165809	0.13077	-0.229035	-0.123281	0.366718	0.187573	-0.214313	-0.127138	0.192614	-0.104574
-4.28378	2.85006	0.0673997	0.785096	-0.117346	0.0632763	-0.523468	0.268814	-0.331229	0.0741481	-0.136392	0.0709047	0.248381	-0.261778	0.0606379	0.196364	-0.22705
-4.35664	3.01143	-0.175553	0.738638	-0.173348	0.009051	-0.461398	0.200516	-0.0970674	-0.0393707	-0.0985572	0.223925	0.0328903	-0.209269	0.0804877	0.0483267	-0.203438
-4.23032	2.79389	0.0728629	0.67138	-0.161381	0.0359309	-0.444247	0.258693	-0.129884	0.110547	-0.10812	0.167987	0.144447	-0.185316	-0.0109015	0.12836	-0.200293
-4.22974	2.71346	-0.062206	0.832273	-0.42128	-0.13314	-0.341704	0.115974	-0.203704	0.0867459	-0.0378492	0.15251	-0.0243689	-0.167901	0.136574	-0.192983	-0.181598
-4.29299	2.87128	0.209435	0.762906	-0.364934	0.0488913	-0.411817	0.201245	-0.117532	0.375532	-0.224471	0.391057	0.069437	-0.115478	-0.0072963	0.0623083	-0.136477
-4.17952	2.73527	0.162694	0.806502	-0.335744	-0.165237	-0.36443	0.205223	-0.180116	0.320642	-0.0676071	0.289305	0.0817083	-0.145553	0.0836537	0.0069422	-0.205344
-4.00068	2.66946	-0.00328459	0.854627	-0.201957	-0.416547	-0.179914	0.167723	-0.1327	0.327314	-0.134033	0.411887	-0.00628903	-0.0530848	-0.00357609	0.0685503	-0.224485
-4.06294	2.49026	0.174704	0.743447	-0.413802	-0.143488	-0.313086	0.217551	-0.211955	0.294642	-0.10614	0.206324	-0.0252064	-0.142909	0.029808	-0.0826435	-0.0849717
-4.49313	2.51787	0.228273	0.510621	-0.537045	-0.269474	-0.470184	0.116602	-0.0995833	-0.2288	-0.0182794	-0.0183014	-0.155373	-0.292187	-0.227569	-0.0206794	-0.341478
-4.72598	2.72335	0.534881	0.362769	-0.752819	-0.0750126	-0.0193429	0.0138234	-0.176861	0.0160748	-0.125429	0.0664817	-0.0317391	-0.497499	-0.0984743	0.182071	-0.290153
-4.7333	2.5583	0.243167	0.195861	-0.605418	-0.155268	-0.137699	0.087039	-0.206627	0.0482683	-0.316485	-0.180041	-0.161146	-0.341281	-0.26419	-0.109063	-0.311247
-4.69213	2.46514	0.264898	0.341995	-0.504409	-0.265538	0.00739417	0.362076	-0.135308	-0.101629	-0.163479	0.0959485	-0.333036	-0.238648	-0.254598	-0.00668619	-0.159531
-4.60668	2.44083	0.141707	0.286925	-0.498641	-0.00652878	-0.263786	0.368413	-0.161831	0.196429	-0.325062	0.000527294	-0.182014	-0.158124	-0.362123	0.117822	-0.325191
-4.73911	2.59753	0.0220634	-0.016176	-0.148357	-0.0153022	-0.408968	0.452146	-0.117924	0.228017	-0.346084	-0.103157	-0.0649132	-0.333219	-0.287656	0.060926	-0.38009
-4.69251	2.5779	-0.267314	0.163844	-0.0916963	-0.0217971	-0.347787	0.555444	-0.0669414	0.0883134	-0.167418	-0.188557	-0.0703826	-0.209045	-0.338012	0.0448039	-0.265682
-4.52269	2.44739	-0.351676	0.172327	-0.263707	0.250974	-0.192901	0.285356	0.0305277	0.285356	-0.322718	-0.0919906	0.0479106	-0.149862	-0.346794	0.0354909	-0.172149
-4.52224	2.33921	-0.233948	0.195231	-0.0201369	-0.00695509	0.13997	0.420413	0.0184833	0.26259	-0.0452942	-0.250826	0.177536	-0.0752461	-0.186728	0.00587555	0.070071
-4.49953	2.22023	-0.259822	0.0625636	0.00924685	0.110413	-0.0227798	0.520666	-0.00794995	0.151729	-0.0321549	-0.120676	-0.0228667	-0.06293	-0.0939835	-0.136954	-0.0318328
-4.8158	2.35995	-0.105609	0.0597078	-0.149664	0.304887	-0.0310481	0.561117	-0.0130233	0.233907	0.0485701	-0.321711	0.0366627	0.103411	-0.128067	-0.128076	0.0206408
-4.57816	2.25379	-0.447628	0.136107	0.113195	0.269539	-0.0585988	0.500131	-0.0520209	0.460937	0.0211541	-0.273957	0.0401463	0.0408921	0.0185172	-0.138885	0.00816277
-4.73251	2.4526	-0.63301	0.21461	0.0192913	0.314133	0.0800903	0.580717	-0.31364	0.225549	-0.101657	-0.0888875	-0.116434	0.0918522	-0.0187938	-0.197584	-0.116578
-4.7075	2.31899	-0.507368	0.188757	0.114273	0.438341	0.264314	0.143332	-0.0481478	0.0945918	0.0303094	-0.0484959	0.139925	0.129957	0.112107	-0.148401	-0.0182378
-4.72919	2.37148	-0.522489	0.0883043	0.223464	0.294222	0.178467	0.389581	-0.247846	0.22922	-0.119346	-0.164556	0.0094155	0.136507	0.102342	-0.124311	-0.123682
-4.84977	2.39378	-0.518592	-0.0278798	0.115402	0.523124	0.141986	0.672938	-0.312172	0.27675	0.0540524	-0.24813	-0.00323582	0.183351	0.0141673	-0.223981	-0.0560154
-4.91885	2.62232	-0.505615	-0.0028028	-0.152924	0.762083	0.208255	0.350523	-0.221563	0.0786489	-0.111846	-0.0589229	0.157581	-0.0383861	0.0142673	-0.017388	-0.125746
-4.68557	2.28775	-0.39728	0.161963	-0.00557343	0.757885	0.117874	0.520433	-0.214651	-0.00733652	0.0782599	-0.0228776	0.111959	0.220769	0.14409	0.0898011	0.0716849
-4.84126	2.47916	-0.388215	0.180693	-0.0419939	0.75824	0.135343	0.530551	-0.310313	-0.0356413	0.166334	-0.030276	-0.0165581	0.148777	0.290887	0.00370749	0.106125
-5.17127	2.90833	-0.306459	-0.0483443	0.102003	0.672316	0.285745	0.532902	-0.318791	-0.118383	0.296967	0.0569181	-0.182247	0.211905	0.183201	0.0991493	0.173237
-4.84173	2.57173	-0.473729	0.181751	-0.102189	0.827084	0.361302	0.38585	-0.286593	-0.0699124	0.225691	-0.0870573	0.0200168	0.0708709	0.180019	0.0940852	0.141835
-5.0436	2.77108	-0.387498	0.177953	-0.00223962	0.8579	0.347116	0.457182	-0.356354	0.0941626	0.00284287	0.195036	0.0395564	0.0467598	0.375968	0.100031	0.285093
-5.15614	2.92034	-0.311272	-0.0451309	0.0724832	0.748529	0.265276	0.348009	-0.179712	0.0112735	-0.0536556	-0.0749625	0.096778	0.142981	-0.00913846	0.161676	0.110658
-5.28688	2.89324	-0.311533	0.0677689	0.0221576	0.709737	0.356613	0.448494	-0.174095	-0.0584939	-0.104272	0.0133548	0.107849	0.00442309	0.134809	0.0943665	0.0991972
-5.42288	2.95275	-0.203458	-0.0150654	0.0997942	0.647182	0.253073	0.52913	-0.146024	-0.246974	-0.0127059	-0.0442616	0.134831	0.00413382	0.144796	0.186675	-0.0761217
-5.37811	2.7516	-0.00370599	0.196107	-0.232414	0.987245	0.376165	0.303083	0.189904	-0.241791	-0.0198396	0.0825267	0.207507	0.0272241	0.243482	0.18453	0.143845
-5.38821	2.74004	-0.082998	0.0617468	0.0547181	0.763984	0.0889442	0.508569	-0.168911	-0.0563991	-0.171475	0.0535792	0.0233424	-0.0253343	0.264024	0.0214573	-0.0451992
-5.43942	2.62379	0.113076	0.274882	-0.120661	0.804019	0.33889	0.188622	-0.121209	-0.023455	-0.0810645	0.0495634	0.0991147	-0.0225775	0.280171	0.0971707	-0.0149155
-5.83507	2.72824	0.316704	0.476615	-0.286842	0.715408	0.401595	-0.0260864	-0.0689752	-0.156968	0.245732	-0.0270966	0.0198471	-0.1307	0.251729	-0.0535344	-0.0580783
-6.01509	2.53297	0.225817	0.570422	-0.224126	0.918975	0.0688604	0.078262	-0.185402	-0.209325	0.0473673	0.167376	-0.153701	-0.389982	0.0773638	0.0349309	-0.298269
-5.66904	2.47715	0.452451	0.388702	-0.284106	0.65618	0.51604	0.504549	0.0717074	-0.301324	-0.0698	0.230229	0.423061	-0.215767	-0.0331233	0.428083	-0.0715624
-5.50488	2.1703	0.156116	0.453004	-0.382509	0.738303	0.0652246	0.27164	-0.0389527	-0.296601	-0.000673115	-0.137772	0.190626	-0.429697	0.010844	0.020615	-0.442961
-5.8592	2.63227	0.192911	0.396498	-0.237697	0.558011	0.146034	0.230634	-0.0955022	-0.267524	-0.18914	-0.116176	0.34746	-0.212372	-0.0794943	0.1052	-0.508676
-6.22549	2.68587	0.260781	0.815537	-0.0535715	0.682977	0.142138	0.199777	0.0589373	-0.0525526	-0.22847	-0.0660686	0.0882987	-0.186923	0.246241	0.497384	-0.386757
-6.53999	2.31136	0.492543	1.08948	0.136636	0.402734	0.12629	0.0127778	-0.094853	0.0431551	-0.116017	0.230473	-0.0276492	-0.456145	0.122976	0.137151	-0.323732
-6.78373	2.33263	0.697912	0.660201	0.556547	0.505006	-0.0410714	-0.189301	-0.485581	-0.000940856	0.0173825	-0.13218	-0.155994	-0.342575	0.341925	-0.175044	-0.618167
-6.78501	2.26668	0.801349	0.917634	0.642119	0.602128	-0.584068	-0.238374	-0.367701	0.041873	-0.0414624	-0.106078	0.0301102	-0.22963	0.10792	-0.0841045	-0.61196
-6.92872	2.04285	1.04791	1.01753	0.904184	0.240548	-0.52303	-0.480095	-0.564323	0.275246	0.130036	-0.316405	-0.0948296	-0.218274	-0.0351862	-0.1131	-0.58643
-7.00062	2.06363	1.02524	0.956961	1.07951	0.032221	-0.700554	-0.287438	-0.262806	0.250212	0.066109	-0.0685229	-0.143943	-0.257248	-0.0702269	-0.207672	-0.286461
-7.18206	2.27375	0.895286	0.783401	0.980769	0.348111	-0.483376	-0.11756	-0.487327	0.291096	0.327808	-0.17929	0.0824641	-0.260702	-0.250771	-0.0565319	-0.525529
-7.41335	2.36147	1.01727	1.10482	0.660823	-0.0192762	-0.757703	-0.288297	-0.360537	0.127	0.179537	-0.300276	-0.111949	-0.454018	-0.239024	0.0777963	-0.739906
-7.85802	2.38878	0.80057	1.08078	1.22674	0.183288	-0.803242	-0.370065	-0.232986	0.154531	-0.151093	-0.48935	-0.071009	0.0375893	-0.0622908	-0.35888	-0.606242
-8.22932	2.06326	0.989444	1.87243	1.03745	0.150924	-1.06336	-0.0933269	-0.176975	0.152507	0.317929	-0.343828	-0.150869	-0.218041	-0.0502877	-0.0978246	-0.322621
-8.41198	1.72213	0.271455	1.16014	0.648213	0.277503	-0.611743	-0.487709	-0.0930013	0.069819	-0.144164	-0.660343	-0.0477668	-0.318274	-0.114418	-0.235228	-0.506157
-8.18589	1.75769	0.525162	0.716366	0.565564	0.325099	-0.104064	-0.128951	0.0305579	0.0316689	-0.236777	-0.308076	-0.0698937	-0.02913	0.00711483	-0.192817	-0.121758
-8.9959	1.84287	0.727146	0.737721	0.508931	0.388184	-0.097655	-0.152222	-0.0609712	0.00327756	-0.218284	-0.234377	0.0466662	0.024926	0.180964	0.0212655	-0.0366132
-9.95192	1.56168	0.918653	0.663169	0.52312	0.349937	-0.0270221	-0.0397161	-0.0444186	0.0632773	-0.0167297	-0.149697	0.0464944	0.111852	0.119436	0.128775	0.101196
-10.328	1.16817	0.699581	0.466667	0.382354	0.358305	0.195722	0.197693	0.211791	0.330856	0.257582	0.0995274	0.158074	0.15139	0.16136	0.152	0.0699095
-10.2456	1.1975	0.639585	0.435483	0.366499	0.340964	0.241714	0.239421	0.222939	0.269889	0.179799	0.108975	0.180053	0.164812	0.159819	0.166514	0.126695
-10.2833	1.15225	0.596922	0.415634	0.344469	0.336056	0.291292	0.251744	0.225045	0.282089	0.218744	0.156792	0.139609	0.186966	0.176961	0.145668	0.140195
-10.2903	1.14879	0.556627	0.363524	0.318755	0.289358	0.242371	0.160362	0.196149	0.220829	0.181145	0.166412	0.148303	0.20565	0.19959	0.120333	0.133325
-10.2669	1.15481	0.574105	0.396906	0.338923	0.249739	0.216217	0.212887	0.222119	0.23326	0.230245	0.203334	0.149709	0.170864	0.177659	0.148872	0.151748
-10.3303	1.08104	0.554033	0.349968	0.353597	0.289892	0.235082	0.200828	0.222321	0.205314	0.279722	0.272862	0.171422	0.117202	0.154528	0.162354	0.173249
-10.4346	1.04838	0.599177	0.382719	0.420143	0.332374	0.279498	0.231377	0.227134	0.255614	0.338513	0.306637	0.238542	0.192948	0.169708	0.123077	0.179665
-10.3179	1.12884	0.593399	0.416441	0.42551	0.334739	0.272119	0.232033	0.195072	0.241405	0.251973	0.167731	0.159584	0.216574	0.192664	0.110985	0.154232
-10.4318	1.06713	0.670037	0.558383	0.552371	0.458159	0.313402	0.254919	0.253441	0.24281	0.206281	0.0952926	0.164876	0.215231	0.150351	0.0495145	0.0111778
-10.472	1.07443	0.714819	0.530228	0.470383	0.406471	0.328628	0.308911	0.223861	0.158093	0.15303	0.128183	0.197782	0.190834	0.165751	0.147735	0.0899329
-10.3847	1.11482	0.607046	0.4459	0.349779	0.297637	0.319914	0.312527	0.267107	0.185402	0.17462	0.240624	0.248942	0.24765	0.212376	0.196309	0.126235
-10.5036	1.07499	0.672739	0.538451	0.454856	0.394999	0.334223	0.282834	0.27191	0.169167	0.106878	0.155809	0.157212	0.206106	0.194666	0.218194	0.166508
-10.2957	1.19477	0.641686	0.478324	0.373019	0.314572	0.294844	0.260616	0.195941	0.20893	0.165355	0.19761	0.187129	0.191905	0.146666	0.119765	0.147911
-10.1661	1.25823	0.602415	0.408568	0.347982	0.264057	0.266122	0.210237	0.172208	0.238721	0.140869	0.197227	0.191555	0.206536	0.170456	0.167578	0.152197
-10.3662	1.13587	0.617781	0.488161	0.462431	0.38308	0.321844	0.248655	0.255951	0.294072	0.19301	0.232391	0.21609	0.24193	0.157334	0.173287	0.177012
-10.1819	1.25257	0.590093	0.443102	0.374983	0.32201	0.268239	0.253991	0.251267	0.258223	0.198107	0.208588	0.1863	0.204187	0.181259	0.141282	0.14845
-10.2628	1.19144	0.617664	0.434165	0.390137	0.326229	0.251583	0.23349	0.229948	0.22502	0.197257	0.222218	0.185007	0.179682	0.175465	0.153134	0.152131
-10.4328	1.03603	0.588485	0.41386	0.442172	0.338962	0.228875	0.197661	0.297338	0.332936	0.237279	0.193793	0.232883	0.274389	0.198744	0.159156	0.115864
-10.2187	1.20346	0.550667	0.370148	0.412582	0.311157	0.19747	0.210081	0.25134	0.233046	0.213045	0.18791	0.197297	0.170029	0.125301	0.0891464	0.0710978
-10.3072	1.15589	0.558728	0.336933	0.33704	0.255794	0.16029	0.151136	0.154349	0.165537	0.180524	0.146689	0.138994	0.0608605	0.0703571	0.034022	0.012536
-10.5196	1.01531	0.58602	0.458413	0.445017	0.307647	0.14994	0.146008	0.273549	0.240995	0.172217	0.188597	0.23221	0.134104	0.111359	0.119104	0.119062
-10.408	1.08178	0.626271	0.438939	0.357975	0.289966	0.21938	0.172144	0.26395	0.215144	0.185186	0.221194	0.246503	0.169358	0.136312	0.17594	0.122664
-10.2842	1.15492	0.598607	0.421769	0.363031	0.301225	0.306897	0.209819	0.267203	0.241196	0.202545	0.194503	0.245803	0.202501	0.163947	0.201867	0.144214
-10.4191	1.09026	0.596302	0.388956	0.335715	0.270648	0.324214	0.312923	0.338804	0.3305	0.240256	0.166183	0.209245	0.230379	0.22038	0.239551	0.13639
-10.3501	1.13443	0.566178	0.398459	0.385279	0.304285	0.223867	0.21648	0.279541	0.323671	0.243347	0.169767	0.190405	0.229138	0.199852	0.158604	0.119166
-10.3325	1.15998	0.620095	0.44319	0.433612	0.376552	0.305167	0.318846	0.318375	0.260573	0.209509	0.220284	0.182162	0.197792	0.214811	0.141847	0.0893877
-10.5586	0.975069	0.670938	0.522258	0.505784	0.439703	0.433508	0.417503	0.442776	0.340293	0.221364	0.189678	0.109351	0.116975	0.168176	0.0419098	0.111643
-10.3578	1.12865	0.6708	0.518737	0.418041	0.408991	0.378046	0.274016	0.335824	0.291475	0.235467	0.199497	0.140727	0.115857	0.14119	0.0201453	0.0881521
-10.4167	1.10059	0.712612	0.477342	0.342717	0.365108	0.354088	0.310534	0.333004	0.347647	0.237286	0.190411	0.18557	0.145359	0.120084	0.0760873	0.0628941
-10.5001	1.09163	0.763456	0.455333	0.349446	0.337049	0.325009	0.314381	0.321162	0.371189	0.276909	0.27231	0.249502	0.193659	0.0987721	0.0657896	0.0451101
-10.3422	1.20031	0.668363	0.448779	0.402774	0.356632	0.290972	0.226874	0.221704	0.255004	0.217361	0.276434	0.232663	0.219109	0.181982	0.180431	0.158701
-10.3363	1.33223	0.798918	0.485749	0.40326	0.406455	0.284463	0.164975	0.124964	0.108893	0.102992	0.260449	0.250014	0.165809	0.150621	0.145844	0.189303
-10.2	1.35331	0.779662	0.51592	0.414474	0.342389	0.217453	0.0902896	0.108321	0.0565333	0.0573777	0.1898	0.233814	0.144721	0.214817	0.191278	0.194763
-10.1985	1.28375	0.690653	0.482216	0.433247	0.305861	0.203459	0.109807	0.180174	0.166274	0.147719	0.131649	0.218661	0.1876	0.215243	0.177975	0.186691
-9.4196	1.48654	0.459405	0.412147	0.296999	0.241664	0.212677	0.179912	0.180517	0.151998	0.152211	0.139	0.141376	0.0915735	0.0923966	0.0941232	0.0866624
-8.5778	1.47531	0.394748	0.392623	0.240131	0.213549	0.161206	0.147118	0.132037	0.118174	0.103165	0.104811	0.0940967	0.0609972	0.0520808	0.0619583	0.0497028
