0
0
0
0
0
0
0
0
0
0
0
0
0
0
0
0
0
0
0
0
0
0
0
0
0
0
0
0
0
0
0
0
0
0
0
1123.06
5652.48
6169.88
6204.44
6204.44
7442.08
6204.44
6204.44
5907.47
5854.07
5598.76
5854.07
5907.47
5854.07
6187.91
6187.91
6187.91
7105.7
7105.7
5825.27
7105.7
7432.23
7432.23
7432.23
7462.09
7462.09
7462.09
7462.09
7462.09
5953.44
4134.27
4134.27
4134.27
5384.05
7446.67
7646.44
7699.99
7699.99
7646.44
6763.73
6763.73
6694.06
6694.06
6763.73
6993.53
6675.18
6993.53
7392.88
7579.34
7526.92
7526.92
7729.46
7526.92
7526.92
7797.39
7824.84
7797.39
7797.39
7427.55
7328.12
4859.87
4859.87
4457.12
4409.37
4409.37
4409.37
4409.37
4409.37
2630.91
2451.05
1984.38
1281.28
1281.28
1281.28
1281.28
1281.28
1125
1107.65
1062.5
1059.27
0
0
0
0
0
0
0
0
0
0
0
0
0
0
0
0
0
0
0
0
0
0
0
0
0
0
0
0
0
0
7429.69
7466.13
7466.13
7429.69
7466.13
7640.62
7609.38
7640.62
7734.38
7640.62
7609.38
7414.06
6837.05
6648.44
6151.17
6151.17
6151.17
6151.17
5460.46
5128.25
3693.79
1035.65
1035.65
1035.65
3419.08
3419.08
3419.08
3261.69
2619.27
1374.19
1374.19
1311.2
1311.2
1345.43
1345.43
1345.43
2735.8
2819.22
3419.38
4319
6390.62
7089.12
6414.06
6805.71
6805.71
6805.71
6725.28
6725.28
6250
5925.39
3953.12
5925.39
5925.39
5925.39
5257.72
6267.55
6267.55
5257.72
5257.72
6267.55
6906.25
5147.43
3913.55
2281.25
1234.38
1179.59
1179.59
1179.59
1179.59
1096.14
0
0
0
0
0
0
0
0
0
0
0
0
0
0
0
0
0
0
0
0
0
0
0
0
0
0
0
0
0
0
0
0
0
