0
0
0
0
0
0
0
0
0
0
0
0
0
0
0
0
0
0
0
0
0
0
0
0
0
0
0
0
0
0
0
0
0
0
0
0
0
0
0
0
0
0
0
0
0
0
0
0
0
0
0
0
0
1239.47
1757.89
3063.62
3063.62
3063.62
3041.44
2452.11
2452.11
2452.11
2452.11
2306.74
2306.74
2306.74
2437.5
2437.5
4400.53
6566.62
7388.46
7607.88
7607.88
7687.5
7687.5
7617.03
7598.26
7598.26
7459.44
6271.62
6271.62
6271.62
6271.62
5881.78
6938.12
6938.12
5881.78
4771.56
2984.38
1660.44
1660.44
1578.61
1660.44
2341.97
2341.97
1578.34
1578.34
1541.14
1541.14
1541.14
2546.88
5390.62
6548.14
7644.69
7644.69
7644.69
4430.3
3686.77
3686.77
3281.25
2579.76
2739.28
2739.28
1843.18
1843.18
1736.36
1736.36
1736.36
1519.44
1295.97
1170.89
1102.74
1025.49
0
0
0
0
0
0
1109.38
1503.56
1531.25
1531.25
1786.65
1786.65
5448.75
5448.75
5531.25
5531.25
5448.75
5450.93
5531.25
6302.04
6414.83
7483.12
7483.12
6588.93
6414.83
6588.93
5148.08
6588.93
5293.57
7366.82
5625
5862.73
5625
5625
5318.75
5318.75
5146.5
5146.5
5318.75
4516.63
4490.88
3823.05
3613.76
3270.05
2279.25
2279.25
2048.7
1546.76
1340.42
1340.42
1303.57
1289.06
0
0
0
0
0
0
0
0
0
0
0
0
1088.83
1088.83
2656.25
3260.61
4125
6234.39
6431.23
6731.84
6731.84
7288.49
6731.84
7265.62
7265.62
7288.49
7265.62
7265.62
3096.98
1574.02
1574.02
2320.16
2320.16
2275.92
2275.92
1462.6
1462.6
1462.6
3681.32
4061.12
4061.12
4061.12
3101.96
3101.96
3101.96
5721.43
5721.43
5793.43
5793.43
5530.35
5530.35
5531.25
5499.92
5531.25
5531.25
5467.01
5467.01
5433.7
5385.78
5433.7
5767.81
5767.81
5792.94
5856.84
6193.01
6193.01
6193.01
4160.6
3010.62
1043.45
0
0
0
0
0
0
0
0
0
0
0
0
0
0
0
0
0
0
0
0
0
0
0
0
0
0
0
0
0
0
0
0
0
1035.64
5572.54
5703.12
5703.12
6150.61
6358.76
6478.32
6478.32
6478.32
5416.26
4687.7
2478.3
1499.23
1250
1250
1499.23
2508.82
4135.68
4515.2
4937.5
5148.16
6001.45
6325.04
7801.49
6325.04
7812.52
6745.67
7540.6
6745.67
6745.67
2643.7
2643.7
2570.16
2570.16
3346.03
3346.03
2531.25
3346.03
3346.03
4540.3
5093.75
5913.92
5977.67
5913.92
5913.92
5538.95
5538.95
5095.91
5538.95
5538.95
6623
4619.24
6623
5111.66
6352.61
5782.49
6352.61
6352.61
6352.61
7141.17
7449.6
7141.17
5839.61
5839.61
5078.73
4210.66
4191.94
3819.53
3453.12
2307.38
1691.34
1691.34
1113.94
1093.75
1017.88
1000.7
0
0
0
0
0
0
0
0
0
0
0
0
0
0
0
0
0
0
0
0
0
0
0
0
0
1023.44
1142.72
1158.14
4687.5
6055.61
6055.61
6055.61
6165.16
4520.78
4520.78
4607.82
4913.73
4607.82
4913.73
5108.4
5374.8
5374.8
6067.85
5374.8
5876.79
5876.79
5876.79
3906.25
3038.3
3038.3
3835.94
3835.94
3835.94
3835.94
2782.2
1551.28
1551.28
1443.75
1437.5
1257.81
1257.81
0
0
0
0
0
0
0
0
0
0
0
0
0
0
0
0
0
0
0
0
0
0
0
0
0
0
0
0
0
0
0
0
0
0
0
0
0
0
0
0
0
0
0
0
0
0
0
0
0
0
0
0
0
0
0
