-8.37138	1.7157	0.203608	0.52296	0.105813	0.309924	0.0589112	0.215759	0.0237114	0.156236	0.0252169	0.13357	0.0226594	0.0848082	0.0136379	0.0759433	0.0103103
-8.687	1.70566	0.266007	0.516381	0.165176	0.305911	0.114522	0.21346	0.0738154	0.155778	0.0722653	0.138003	0.0649138	0.0884429	0.0495592	0.0829475	0.0404967
-9.93685	1.45197	0.580713	0.419266	0.383037	0.317311	0.24804	0.231616	0.217216	0.213638	0.179946	0.184649	0.170417	0.163879	0.141155	0.137994	0.0980105
-10.3918	1.08497	0.59624	0.464558	0.452629	0.368008	0.262979	0.339985	0.297314	0.24475	0.161611	0.227516	0.222187	0.228581	0.166801	0.134385	0.0840098
-10.5309	0.965988	0.564697	0.408097	0.423013	0.342056	0.293125	0.409751	0.358182	0.250485	0.0667402	0.181363	0.246771	0.232708	0.211995	0.156955	0.0950542
-10.4601	1.08971	0.634265	0.386551	0.369724	0.336885	0.283658	0.322765	0.304713	0.301909	0.182066	0.140841	0.188756	0.225345	0.198057	0.112921	0.119412
-10.4511	1.04674	0.596195	0.440645	0.445284	0.370438	0.315592	0.290719	0.269166	0.354833	0.210412	0.0520419	0.109475	0.205548	0.176562	0.063906	0.120935
-10.3558	1.06983	0.589826	0.45962	0.402547	0.294678	0.209055	0.188903	0.272484	0.38111	0.229594	0.139297	0.148431	0.246336	0.257111	0.17048	0.212078
-10.4742	1.02795	0.689542	0.509288	0.426107	0.321514	0.160949	0.111135	0.22852	0.349635	0.238504	0.298289	0.182727	0.202967	0.223691	0.112856	0.174237
-10.3319	1.12776	0.56955	0.383552	0.375883	0.303841	0.223547	0.218196	0.175939	0.266669	0.161938	0.204269	0.200273	0.181596	0.218403	0.115123	0.0974123
-10.2731	1.1911	0.556984	0.351261	0.306168	0.278429	0.270946	0.258858	0.206178	0.276082	0.218975	0.186155	0.209197	0.19051	0.185659	0.199522	0.142317
-10.4095	1.0479	0.546274	0.396745	0.362102	0.337053	0.368994	0.351933	0.376447	0.336246	0.214859	0.182508	0.205985	0.213242	0.182077	0.259352	0.15675
-9.97199	1.30654	0.54785	0.410356	0.362471	0.274249	0.26551	0.250095	0.266283	0.225978	0.184908	0.198954	0.190909	0.183494	0.176469	0.188821	0.176303
-10.3011	1.17953	0.653626	0.45435	0.447107	0.315739	0.314701	0.340073	0.319849	0.246128	0.229793	0.218628	0.264636	0.188311	0.183353	0.248854	0.232192
-10.2223	1.23141	0.614673	0.410981	0.489152	0.354325	0.345658	0.288849	0.295137	0.286754	0.281778	0.203472	0.230756	0.204588	0.164687	0.212811	0.194465
-10.0009	1.32963	0.595256	0.439009	0.462228	0.361422	0.324752	0.266139	0.30796	0.250361	0.241123	0.213436	0.218459	0.204948	0.16448	0.158842	0.158004
-10.3132	1.16963	0.677727	0.587152	0.534565	0.481426	0.365167	0.285849	0.374901	0.225939	0.193903	0.226709	0.186665	0.161142	0.179629	0.134498	0.0779529
-9.97734	1.33556	0.621441	0.483062	0.375378	0.368308	0.33343	0.257265	0.301634	0.212761	0.203887	0.237129	0.185569	0.169182	0.171077	0.158716	0.129641
-10.0089	1.28359	0.627996	0.388977	0.376022	0.326292	0.286678	0.21287	0.25248	0.207724	0.182941	0.175636	0.13717	0.145511	0.113162	0.137391	0.0718275
-10.398	1.05811	0.56591	0.384049	0.531454	0.488508	0.324952	0.173608	0.216834	0.24457	0.217429	0.15778	0.118238	0.117189	0.0774067	0.0960393	0.113316
-9.92831	1.32034	0.517765	0.35944	0.312238	0.280879	0.232822	0.191737	0.18504	0.184459	0.166929	0.173397	0.155698	0.142607	0.122068	0.12036	0.118721
-9.86625	1.37047	0.554618	0.386923	0.355108	0.33482	0.274428	0.252018	0.233858	0.226888	0.227666	0.216245	0.20899	0.19962	0.146808	0.173002	0.120545
-10.246	1.215	0.661775	0.472366	0.457444	0.458519	0.317281	0.320586	0.314853	0.21666	0.265146	0.251376	0.18908	0.162543	0.211062	0.250184	0.123688
-9.66003	1.42595	0.525636	0.437156	0.34794	0.303331	0.249349	0.234841	0.226822	0.219198	0.211063	0.218562	0.214768	0.175296	0.163906	0.170986	0.167175
-9.70022	1.44329	0.557195	0.448398	0.347844	0.330479	0.273826	0.256597	0.226671	0.24594	0.237726	0.199706	0.211807	0.200609	0.197672	0.192945	0.166915
-9.97105	1.3419	0.625748	0.481152	0.385569	0.337399	0.331956	0.30799	0.289512	0.304162	0.254795	0.231672	0.227735	0.206167	0.184445	0.211739	0.190717
-9.53058	1.36773	0.525019	0.435949	0.383932	0.3277	0.331702	0.29643	0.253362	0.238824	0.201204	0.196677	0.195229	0.153768	0.204878	0.215566	0.18834
-9.98712	1.29347	0.645763	0.53767	0.453228	0.394787	0.349645	0.31518	0.306042	0.278907	0.248965	0.305941	0.262234	0.214304	0.22616	0.209953	0.206269
-9.73998	1.35271	0.623188	0.513593	0.396977	0.410066	0.351947	0.282363	0.275259	0.270979	0.275443	0.276186	0.201116	0.244883	0.179278	0.171865	0.185931
-9.42578	1.42472	0.564532	0.485382	0.379412	0.330089	0.274577	0.235812	0.248287	0.262669	0.252426	0.211195	0.146032	0.201001	0.199817	0.165776	0.172122
-10.0107	1.32571	0.683988	0.516035	0.462113	0.432573	0.385974	0.29838	0.322979	0.237823	0.259234	0.28892	0.229619	0.219454	0.198333	0.141399	0.16363
-9.50121	1.41903	0.505489	0.388745	0.32752	0.279995	0.263837	0.243411	0.243128	0.208921	0.217495	0.221324	0.209552	0.203544	0.180712	0.185898	0.181248
-9.54374	1.40536	0.544708	0.436339	0.347516	0.323825	0.306193	0.256303	0.234718	0.218286	0.203959	0.198587	0.235349	0.230081	0.180113	0.179373	0.187709
-9.82704	1.39386	0.604109	0.461375	0.4299	0.355465	0.305567	0.298159	0.270191	0.276668	0.25333	0.227913	0.235584	0.198703	0.154382	0.165762	0.187114
-9.4911	1.4341	0.476556	0.391542	0.313507	0.255609	0.240013	0.21376	0.204139	0.199802	0.193166	0.184154	0.174359	0.173246	0.173977	0.169772	0.164762
-9.73715	1.391	0.519964	0.405211	0.317372	0.273495	0.26511	0.238086	0.220086	0.208261	0.188306	0.187818	0.1792	0.184837	0.160011	0.157335	0.158297
-10.2083	1.11347	0.476496	0.558374	0.602302	0.534794	0.239866	0.225594	0.35705	0.255568	0.13718	0.142763	0.118166	0.220381	0.149364	0.0237484	0.140898
-8.93212	0.751812	0.0912303	0.907657	0.107805	0.61208	0.0908217	0.0554187	0.741728	0.28376	0.0410305	0.164251	0.24937	0.250792	0.106123	-0.0338109	-0.0629247
-7.89926	0.315922	0.0842656	0.850363	-0.185165	0.630158	0.187709	-0.165474	0.853466	0.204463	0.0603316	0.151472	0.167588	0.163429	0.114844	0.00453576	-0.0684595
-7.13668	0.0201911	0.159479	0.863508	-0.196015	0.548757	0.189882	-0.136608	0.565675	0.137368	0.120479	0.20932	0.338121	0.361859	0.0383728	0.0860811	0.0973711
-6.72923	-0.289796	0.193983	0.72635	0.0116943	0.568587	0.0963292	-0.1823	0.331718	0.302649	0.127634	0.11443	0.37653	0.371601	-0.0284018	0.105147	0.177509
-6.48984	-0.603024	0.0899718	0.633961	0.10819	0.521494	0.000699335	-0.120659	0.282827	0.182912	0.0566642	0.20682	0.429512	0.250501	0.0802374	0.258225	0.0673077
-6.40054	-0.670705	0.199409	0.624435	0.114168	0.535671	-0.0593937	-0.134232	0.273538	0.096804	0.0787383	0.298801	0.278659	0.20354	0.122161	0.259717	0.0753872
-6.26305	-0.644878	0.293587	0.450862	-0.00450357	0.660217	-0.140949	-0.173268	0.403441	0.0901642	0.0355716	0.20598	0.143883	0.150733	0.0813988	0.118981	-0.0181939
-6.17523	-0.64374	0.454444	0.287875	-0.219339	0.571662	-0.172907	-0.250134	0.556549	0.218277	0.00219055	0.0623369	0.183283	0.143121	-0.0461383	0.027956	0.143732
-6.18443	-0.701316	0.269382	0.272223	-0.227426	0.615348	-0.0567202	-0.229962	0.518463	0.204645	0.227808	0.164651	0.198206	0.250775	0.0469802	0.0361902	0.195176
-6.06923	-0.865174	0.135051	0.227235	-0.254275	0.641163	0.0252246	-0.120643	0.459297	0.0836224	0.216034	0.22659	0.149273	0.254934	0.0618809	-0.0340814	0.0601233
-5.85844	-0.926199	0.278964	0.253343	-0.282207	0.518316	0.00527882	-0.0606964	0.474526	0.122009	0.291323	0.178398	-0.02682	0.127961	0.0507853	0.0227917	0.0988526
-5.58121	-0.82081	0.285423	0.157483	-0.259032	0.50624	-0.18341	-0.21548	0.301888	0.045307	0.104435	0.0672667	0.0577824	0.190376	0.0299942	-0.0710452	0.205744
-5.38149	-0.826023	0.253467	0.241238	-0.123695	0.659659	-0.16956	-0.340298	0.386363	-0.0321429	-0.150187	0.00952451	0.0259099	0.182845	0.2111	-0.144363	0.291897
-5.24618	-0.945177	0.28081	0.321917	-0.056457	0.627407	-0.130293	-0.365587	0.479303	-0.0642162	-0.160578	0.100646	0.0416564	0.226254	0.311333	-0.0474334	0.379701
-5.14509	-0.799314	0.414455	0.339242	-0.294196	0.440416	-0.0573095	-0.171264	0.577385	-0.0213829	-0.226916	0.127367	0.196493	0.176289	0.27224	-0.0974312	0.283216
-5.16389	-0.475624	0.390284	0.288722	-0.398263	0.251114	0.0314977	-0.114817	0.486403	0.0401259	-0.228967	0.250821	0.208632	0.0576962	0.30834	-0.14779	0.00233017
-5.18619	-0.260542	0.191139	0.0975609	-0.352524	0.304822	-0.0942986	-0.25467	0.537893	0.0202246	-0.242862	0.190323	0.150865	-0.0096101	0.215687	-0.024358	0.0880451
-5.17003	0.237007	0.030417	0.13681	-0.234446	0.227776	-0.180469	-0.164945	0.602253	0.0888989	-0.039142	0.189401	0.028001	0.0373513	0.109616	-0.0496008	0.112108
-5.31791	0.777135	-0.035421	0.284368	-0.196713	0.242943	-0.171041	-0.0898814	0.509947	0.132575	0.0904417	0.150185	-0.0826795	0.0398628	0.0124879	-0.132735	0.0294729
-5.421	1.51732	0.215356	0.508645	-0.0307735	0.150762	-0.232553	-0.207239	0.174122	0.00491625	-0.0108279	-0.119278	-0.0590562	-0.0139832	-0.0565718	-0.0323584	-0.0922952
-5.74347	2.16024	0.522533	0.934492	0.221349	0.150422	0.271077	-0.133367	0.239006	0.276688	0.0650538	0.0491714	0.282079	-0.213403	-0.0991797	0.0505988	0.127341
-4.6572	3.19126	-0.195716	0.565522	0.218551	-0.0179182	0.109722	-0.279862	0.262263	-0.113437	0.240548	-0.240359	0.0718965	-0.0867562	-0.0234577	-0.0775731	-0.00282446
-4.33178	3.18138	-0.317223	0.766512	-0.165905	-0.0564208	0.178071	-0.658052	0.136935	-0.0661255	0.255026	-0.201783	0.0909208	0.0716431	-0.00889658	-0.14342	-0.0956571
-4.3416	3.24972	-0.345091	0.82807	-0.190053	0.0572095	0.21316	-0.617139	0.168225	-0.0359929	0.214476	-0.102275	0.0211758	0.15356	-0.0445413	-0.120399	-0.0226616
-4.48505	3.3136	-0.473358	0.57053	-0.0883183	0.0543412	-0.104009	-0.480272	0.0296537	-0.227858	0.176274	-0.235767	0.00394896	-0.0567076	0.0594867	-0.278068	-0.0599693
-4.52838	3.08988	-0.39082	0.531719	-0.248141	0.0291359	-0.0793557	-0.732767	0.0542771	-0.364869	0.0905889	-0.313641	-0.0954739	-0.0559244	-0.111262	-0.133874	-0.264385
-4.54158	3.17977	-0.118781	0.702521	-0.0380938	0.0396417	0.256937	-0.678978	0.242805	-0.292506	0.212671	-0.145644	0.048313	-0.047798	0.0889947	-0.202205	0.0431238
-4.94552	3.20713	-0.0198587	0.490549	-0.26351	0.0390745	0.112914	-0.675569	-0.121264	-0.339832	0.186704	-0.459523	-0.112061	-0.0408408	0.0283602	-0.428812	-0.0827783
-4.86359	3.2703	0.313523	0.751573	0.0724394	0.196779	0.213666	-0.243654	-0.0732388	0.0871879	0.134722	-0.110931	0.0873894	0.160726	0.0151017	-0.102433	0.145327
-4.57499	2.53489	0.506178	0.951961	0.219377	-0.109414	0.219768	-0.336043	0.142806	0.144012	-0.211746	0.0456696	0.128429	0.0696944	-0.026446	0.00267685	0.0280815
-4.65947	2.27045	0.498297	1.0294	0.255235	0.0931796	-0.0856196	-0.266639	-0.0414357	0.0310911	0.088501	-0.0131896	-0.107963	0.0742133	0.0531834	-0.0477445	-0.0584069
-4.85031	1.99616	0.741677	1.10187	0.52257	-0.0314071	0.00346612	-0.237956	-0.1827	0.0177715	0.258037	-0.301138	0.244168	0.0327862	0.0683159	-0.163558	0.100259
-4.71806	1.23676	0.952495	0.895169	0.436174	0.362249	-0.132794	-0.359367	-0.191862	-0.118362	-0.0193671	-0.0261548	-0.0329259	-0.104074	0.0470412	-0.0125168	-0.0252125
-4.68816	0.623794	0.792716	1.3436	0.479038	0.162709	0.200654	-0.388501	-0.0890273	0.017258	-0.168219	-0.196416	-0.061435	0.075496	0.143378	0.137592	0.0253269
-5.13889	-0.200948	0.252546	0.658579	0.747681	0.332525	-0.198193	-0.529362	-0.132898	-0.625899	-0.413502	-0.715269	-0.379056	-0.266031	-0.191643	-0.0806163	-0.12957
-5.16925	-0.593741	0.0223616	0.698587	0.3109	-0.44257	-0.203818	-0.620837	-0.311717	-0.166122	-0.433723	-0.150233	-0.167664	-0.32056	0.00143451	0.0444374	0.09478
-5.28878	-0.978565	0.00609013	0.748632	0.509763	0.120774	-0.228428	-0.555278	-0.365862	-0.353431	-0.311807	0.0289382	0.0503049	-0.0516485	-0.0667364	-0.156457	-0.0239376
-5.26318	-0.973445	0.194387	0.654409	0.413013	0.0773575	0.104623	-0.181824	0.122083	0.17817	-0.164884	0.0307889	-0.1716	-0.000617945	0.0544819	0.0361081	0.223939
-5.36511	-1.1411	0.413951	0.750046	0.354532	0.123887	0.278769	-0.0910101	0.200259	0.137461	-0.122812	0.0357662	-0.219194	0.101972	-0.0103875	0.0372062	0.225442
-5.43818	-1.21406	0.351443	0.729062	0.356441	0.245488	0.276331	-0.360819	0.0790576	0.0889533	0.0649406	0.234353	-0.201212	-0.00201544	0.0524992	-0.0855137	0.0744103
-5.47333	-1.26472	0.323948	0.866944	0.444992	0.289629	0.114363	-0.364255	0.0430948	0.0589758	0.250038	0.322456	-0.0698666	-0.0863036	-0.0568174	-0.119466	0.0685616
-5.41263	-1.22082	0.279897	0.794114	0.372437	0.211366	0.0869777	-0.207725	0.201541	0.128447	0.107891	0.240083	0.0670093	-0.0559704	-0.0771506	-0.173022	0.0681552
-5.37317	-1.23425	0.210042	0.778356	0.214429	0.0403444	0.135884	0.117803	0.356595	0.105985	0.0469606	0.172943	0.192645	-0.114268	-0.137696	-0.142041	0.210634
-5.29061	-1.32581	0.0158571	0.637868	0.0722162	-0.06737	-0.00979566	0.0717014	0.340663	0.177426	0.055794	0.0190637	0.038411	0.0223532	0.0685039	0.0461753	0.128151
-5.23154	-1.42644	-0.0347945	0.576401	0.0587759	-0.0911403	-0.0474041	-0.0155066	0.347655	0.135033	0.216853	0.149832	0.00903593	0.155289	0.091934	0.056566	0.0571841
-5.15654	-1.46881	0.118276	0.653665	0.063252	0.0495141	0.0886752	0.135278	0.401175	0.0615552	0.204623	0.136151	-0.0724919	0.176735	0.0623075	-0.0846824	0.0214023
-5.07908	-1.41778	0.0914235	0.714229	0.0573711	0.148027	0.102801	0.285969	0.406936	0.044504	0.0729644	0.190048	0.0435604	0.263535	0.207365	-0.133328	0.0958065
-4.95832	-1.26017	0.182641	0.7869	0.0874557	0.21687	0.106974	0.17037	0.333278	-0.00104659	-0.0512272	0.131112	0.0251706	0.165124	0.307319	-0.00684724	0.0970978
-4.85195	-1.19511	0.0705703	0.713046	-0.0319422	0.200338	0.0623382	0.109466	0.252638	-0.0811777	-0.0888006	0.0357131	-0.0100164	0.027511	0.156498	-0.070042	-0.0180515
-4.80463	-1.26993	-0.0505036	0.790211	-0.0969858	0.16345	0.0674725	0.125135	0.230259	-0.0789739	-0.0730912	0.0641319	0.0425089	-0.0714348	0.0117034	-0.00615121	0.0870446
-4.84399	-1.22283	-0.129543	0.802208	0.0301238	0.242648	-0.0166841	-0.00328411	0.187166	0.0205345	0.0697944	0.0724643	0.14667	-0.0491391	-0.13515	0.0340422	0.125427
-4.81024	-0.774265	0.0600983	0.918436	0.0692175	0.157962	-0.0605473	-0.0412463	0.176107	0.0519931	0.00739149	0.0364475	0.0647918	-0.0513037	-0.17244	-0.047707	0.147194
-4.78718	0.070694	0.0850976	0.679283	0.371529	-0.166134	-0.212758	-0.0326096	-0.153719	-0.224821	0.329	0.159439	-0.122954	0.0432849	-0.253403	0.15138	0.477671
-5.35174	0.118182	0.154795	0.957745	0.43905	0.0361799	0.0813133	0.275227	0.136166	-0.254021	-0.0909242	-0.12434	-0.52918	0.201583	0.226188	-0.223074	0.0199025
-5.05549	1.32887	1.00046	1.40501	-0.198943	-0.131334	0.113828	-0.295655	-0.237447	0.274835	0.127765	-0.256116	-0.102304	0.158085	0.0588605	-0.194526	0.0987156
-4.05132	2.35802	0.138085	1.45412	-0.153496	-0.0626834	0.0553016	0.0990946	-0.306667	0.159967	-0.0713842	-0.153013	-0.0227563	0.17216	-0.226877	0.0883743	0.0305289
-3.79275	1.99204	0.188129	1.54992	-0.480762	0.154614	-0.0106101	-0.0649331	-0.211024	0.0180724	-0.0139653	0.048332	-0.0538803	0.11514	-0.1264	0.0322812	0.012729
-3.73541	1.84633	0.106052	1.76098	-0.608904	-0.0113167	0.0631482	-0.0810208	-0.253564	-0.0245781	0.0948043	-0.0168549	0.0815776	0.0975926	-0.187641	0.00810028	0.186174
-3.59553	1.89843	-0.0666972	1.71935	-0.499831	0.00285462	0.141378	-0.150215	-0.127399	-0.0641067	0.0950768	-0.0495321	-0.0239454	0.146059	-0.184044	0.000185982	0.145246
-4.5172	2.18928	0.372698	2.03995	-0.595008	-0.327475	-0.110484	0.249306	-0.12925	-0.0690278	-0.0364968	-0.0199815	0.0590795	0.107806	-0.244742	0.0775485	0.220242
-5.07296	2.3459	0.46423	2.39367	-0.255083	-0.482807	0.105394	-0.330022	-0.550125	0.0540894	0.409974	0.038776	0.0902113	0.0275037	-0.248306	0.155972	0.00642974
-4.50061	2.42242	0.331193	1.67204	-0.357877	0.33413	0.0856076	0.0222666	-0.100734	-0.0720049	-0.184624	-0.279672	0.0939255	0.235752	-0.20206	-0.129854	-0.0966444
-5.1193	2.83889	0.468212	1.90861	-0.449097	-0.258417	-0.0390723	0.0192056	-0.174298	0.199359	-0.058275	-0.270943	0.105593	0.120073	-0.20689	0.16335	-0.0145065
-4.67472	2.82367	0.191911	1.43308	-0.129903	0.458251	-0.122228	0.133982	-0.246849	-0.0349674	-0.314938	-0.0428863	0.123295	0.130156	-0.302052	-0.00869919	-0.14119
-5.12131	3.40428	0.0546642	1.2021	-0.108695	0.421401	0.0206777	-0.314167	-0.194857	0.295651	-0.237523	-0.114676	-0.12247	0.282959	-0.279645	0.241429	-0.170664
-5.55512	3.34226	0.882677	0.699574	-0.355007	0.735809	0.121905	-0.44316	-0.151361	0.0652174	-0.0380748	-0.0607464	-0.057362	-0.205816	0.143743	0.331727	-0.274119
-5.97007	3.77763	0.820621	0.604865	0.00142751	0.725394	0.168146	-0.576269	-0.417336	0.1662	-0.115696	0.222969	0.0253629	-0.258099	-0.0976202	0.16351	-0.252868
-6.14033	3.78293	0.844028	0.409375	0.279923	0.348032	0.122488	-0.17721	-0.298793	0.0879955	-0.194029	-0.108925	0.0393739	-0.21748	0.292654	0.113295	-0.0573425
-6.32696	3.49218	1.07412	0.661952	-0.146295	0.411493	0.176509	-0.22421	-0.112014	-0.0584009	-0.349654	-0.0364569	0.264683	-0.13015	-0.255968	0.409032	0.181825
-6.49819	3.35405	1.11521	1.22773	0.366944	0.183644	-0.153359	-0.599269	0.0888705	0.0921041	-0.253958	-0.0587971	0.221876	-0.238003	-0.0729443	0.233106	-0.14895
-6.30869	3.15315	0.699199	1.10407	0.657789	0.110788	-0.349637	-0.187925	-0.129219	-0.181486	0.157453	-0.112009	-0.152646	0.171506	-0.116699	-0.0494506	0.239358
-5.87016	3.20247	0.652504	0.77778	0.214896	0.0756669	-0.0586482	-0.22144	-0.0383778	-0.0375977	-0.181756	-0.0704558	0.0528422	0.112809	-0.0222379	-0.0458841	0.00609148
-5.98509	3.40172	0.735187	0.549312	-0.205962	0.216732	0.0987586	-0.341344	0.0380964	-0.16625	-0.0605028	0.105911	-0.0424153	-0.0630417	0.0348047	0.149813	0.106347
-5.9353	3.61306	0.814445	0.329866	-0.116471	-0.174627	0.113502	-0.009987	-0.180041	-0.120909	0.109717	0.178873	-0.470855	0.377286	-0.111069	-0.0348802	0.349346
-5.57193	3.56041	0.402193	0.400856	-0.403652	-0.0221375	0.306343	-0.241747	-0.101113	0.0179759	-0.0544829	0.136783	-0.0785034	-0.101429	-0.0112465	0.28326	0.208493
-5.04041	3.29976	0.627468	0.0723391	-0.539763	0.35448	0.266454	-0.368535	-0.00744361	0.050022	-0.248935	0.206082	0.0294386	-0.168695	0.0519711	0.198865	0.0232138
-5.21438	3.54457	0.605423	0.134495	-0.597179	0.181739	0.653082	-0.453811	-0.292205	0.155149	-0.0787301	0.211018	-0.310783	0.163756	-0.07561	0.218024	0.0790371
-4.97402	3.19268	0.32178	0.173347	-0.458513	0.414989	0.228301	-0.322641	-0.125531	-0.0480115	0.080836	0.0417159	-0.0572776	-0.108425	0.0236921	0.204827	0.384851
-4.87138	3.47863	0.375981	0.0850473	-0.141534	0.424525	-0.185211	-0.269512	0.0716572	0.0240075	-0.140431	0.262983	-0.344638	0.11261	0.152796	-0.170475	0.177396
-4.58615	3.27417	0.298132	0.599282	-0.17851	0.0591917	0.0254891	-0.305211	-0.0362917	0.20392	-0.118625	0.00852402	-0.170536	0.196202	-0.0406281	-0.0102269	-0.108852
-4.4564	3.22488	0.239417	0.819123	-0.14518	0.105206	-0.154365	-0.317301	0.142644	0.0976801	-0.132622	0.0298057	-0.200944	0.223986	0.00699256	-0.0938561	-0.18763
-4.40312	3.17109	0.00470082	1.10416	-0.202692	0.254734	-0.295086	-0.248957	0.11449	0.0529064	-0.147733	0.12037	-0.188273	0.0231975	0.181946	-0.131859	-0.0736667
-4.44955	3.22733	0.0149519	1.04697	0.0248116	0.162873	-0.120957	-0.386708	0.160156	0.0740188	-0.292133	0.178893	-0.208091	0.0972091	0.0380974	0.0607277	-0.148193
-4.70826	3.30016	0.0529504	1.10357	0.0454123	0.37834	-0.131447	-0.480751	0.267312	-0.0927203	-0.20014	-0.0139133	0.0411327	-0.0272495	-0.0251458	0.055757	-0.0263757
-4.81568	2.96499	0.590385	0.886372	-0.0438174	0.730545	-0.321782	-0.168646	0.0144667	-0.126449	-0.201323	0.0362428	-0.0479422	0.188846	-0.267807	0.0159833	-0.180911
-4.78861	2.35003	1.22201	0.582451	-0.183059	0.401435	-0.229147	-0.325096	0.379469	-0.239344	0.0893499	-0.265322	-0.0105836	0.188531	-0.144578	0.0670931	-0.0196986
-5.19113	2.12289	1.70099	0.624501	-0.216719	0.180175	-0.310747	0.537657	0.198838	-0.580223	-0.413976	0.0236299	0.571274	0.00276017	-0.307267	-0.491316	0.0633844
-5.35007	1.8788	1.81886	0.185032	0.218797	0.640732	-0.170039	-0.0300057	-0.100043	-0.194635	-0.0634734	-0.109717	0.0802115	0.0637686	0.0656467	-0.333186	-0.417951
-5.56422	1.598	1.85999	0.467838	0.140764	0.514439	-0.391042	0.0739515	-0.0501609	0.108566	-0.453304	0.122345	0.0696375	-0.0127549	-0.0603246	-0.263104	-0.129449
-5.92933	0.973413	1.89974	0.704326	1.02882	0.385036	-0.427361	-0.126607	-0.285744	0.126615	-0.00982822	-0.134606	-0.012995	-0.00208492	-0.161664	0.200775	0.0328837
-6.17433	0.508135	1.51954	0.565607	0.530832	0.316357	-0.136464	-0.0737444	0.0952412	0.165921	-0.327549	-0.204778	0.17321	-0.118454	-0.040893	-0.325661	0.0625165
-6.7797	0.0968775	1.76941	0.0480787	0.450022	0.354081	-0.141574	0.2784	0.132784	-0.183548	-0.0342541	0.256752	-0.252764	-0.430801	-0.0733373	-0.458609	-0.149563
-6.34358	-0.244287	0.982658	0.0817125	0.493385	-0.0488753	-0.261997	0.042306	0.0785514	-0.00706751	-0.38683	-0.209393	-0.0496834	-0.204797	-0.0892541	-0.165205	-0.0778751
-6.21666	-0.382412	0.874054	0.085409	0.533634	-0.0034877	-0.194283	0.111114	0.0182376	-0.0248	-0.210151	0.0017999	0.0983283	-0.0556394	-0.0353023	-0.167523	0.0157063
-6.15004	-0.53507	0.834897	-0.14693	0.433933	-0.231033	-0.170523	0.232321	0.143206	0.00120988	-0.114164	0.211892	0.0998792	0.0150742	-0.00315997	0.0240213	0.120391
-5.91921	-0.566947	0.847383	-0.0619079	0.656226	-0.0625953	-0.271927	0.215216	0.215832	0.051855	-0.0482734	0.214603	0.0950548	0.0590465	-0.170561	-0.092874	0.125137
-5.6066	-0.631843	0.697202	0.0518395	0.654939	0.02045	-0.323925	0.253738	0.177756	0.232787	-0.0683568	0.1408	-0.0324732	0.0345485	-0.0475835	-0.024995	0.137975
-5.36702	-0.688842	0.52786	0.058185	0.503444	0.152407	-0.286063	0.360917	0.223884	0.204444	-0.00178182	0.188947	0.00846586	0.0254484	-0.0901658	0.0616522	0.24154
-5.29892	-0.537056	0.603055	0.0581026	0.510211	0.387061	-0.163733	0.256142	0.0752151	0.123747	0.137869	0.398365	0.158494	0.00739742	-0.0524492	0.330123	0.33841
-5.66754	-0.210153	0.581504	0.0256234	0.510235	0.553796	-0.164136	0.208782	-0.0752498	0.124276	0.245387	0.601417	0.31545	0.123699	0.0315553	0.337792	0.20808
-6.45244	0.349467	0.555065	0.011288	0.660205	0.735806	-0.267086	0.213724	0.0133278	0.122979	0.209903	0.559482	0.360851	0.0791592	0.031049	0.284765	0.131268
-7.6185	0.8319	0.464965	0.193791	0.553808	0.62363	-0.0791453	0.357686	-0.0274312	0.1364	0.116188	0.340373	0.279462	0.181353	0.102104	0.224331	0.280292
-8.61422	0.926822	0.765595	0.376371	0.515528	0.505516	0.0320691	0.449532	-0.0545402	0.116133	0.112616	0.153429	0.067975	0.22463	0.11126	0.172691	0.229397
-8.74846	1.0968	0.623136	0.326809	0.33645	0.250936	0.0369004	0.364693	0.023103	0.1558	0.0988431	0.152531	0.071123	0.102842	0.0994807	0.117553	0.0976457
-9.48497	1.08825	0.703414	0.349772	0.382046	0.345005	0.0678586	0.361208	0.123563	0.19577	0.139835	0.19827	0.123026	0.194458	0.1609	0.198489	0.110563
-9.88925	1.12431	0.741069	0.479814	0.495558	0.434995	0.245074	0.394707	0.158597	0.205914	0.136807	0.178106	0.189658	0.159481	0.0942172	0.139384	0.211344
-10.0139	1.04052	0.64323	0.604925	0.559525	0.324842	0.225344	0.407458	0.153588	0.280778	0.15355	0.152209	0.235817	0.225876	0.161993	0.131553	0.182962
-9.86506	1.1073	0.56132	0.544752	0.449058	0.264273	0.23821	0.335165	-0.00504468	0.248543	0.200376	0.0714711	0.158799	0.200295	0.195764	0.135811	0.159704
-7.8284	1.17333	0.277327	1.0743	0.140811	-0.717872	0.00905543	0.386275	-0.0505241	0.0847248	0.0946663	0.0550006	0.210473	0.233652	0.0997376	-0.0358606	0.113612
-6.54815	1.62823	-0.101146	1.04001	0.146999	-0.624274	-0.09166	0.477252	-0.373772	0.124026	0.234407	-0.0177251	0.274134	0.041058	0.0865536	-0.0205845	0.194298
-5.57598	1.43333	-0.256696	0.595476	-0.0893726	-0.370023	0.116602	0.275199	-0.276876	0.0152722	0.229342	0.00404749	0.156473	0.0889481	0.111598	-0.0454058	0.217277
-5.06601	1.17808	-0.339016	0.234919	-0.22547	-0.208681	0.137015	0.15557	-0.172539	0.0578239	0.23433	0.033961	0.184373	0.118877	0.178794	0.0641809	0.11718
-4.88962	0.947698	-0.270798	0.146162	-0.153764	-0.141012	0.0760437	0.199975	-0.0730214	0.172873	0.394364	0.0545525	0.317832	0.0358826	0.191433	0.056092	-0.0404138
-4.90932	0.813569	-0.0232348	0.319974	0.0899355	-0.0716272	0.0313816	0.242338	-0.0573873	0.12067	0.398258	-0.000395948	0.154416	-0.121227	-0.0297376	-0.000369367	0.0668587
-5.01439	0.83987	0.145869	0.588784	0.184283	-0.0654639	0.0369956	0.149554	-0.288079	-0.0115077	0.116088	-0.126488	0.078163	0.0373293	-0.0301813	0.0457072	0.266888
-4.96075	1.40512	0.431453	0.781206	0.165926	-0.192306	-0.0667286	0.0307949	-0.332731	-0.155778	-0.0799784	-0.153667	-0.0936502	-0.0994251	-0.101381	-0.0515795	0.0455145
-5.47145	2.14136	1.00383	1.38305	-0.305771	-0.318983	0.209952	0.111397	-0.169838	-0.184437	-0.181907	-0.0598695	0.0387983	-0.213411	0.25181	-0.0270679	-0.100967
-4.35411	2.95416	0.385025	1.19157	-0.119633	0.0573498	-0.0217152	0.197836	-0.034841	-0.215536	0.154666	-0.0111396	0.327055	-0.206735	0.212996	-0.119001	0.161246
-3.95261	3.14134	0.118232	1.19893	0.258605	0.149399	-0.0304577	0.165462	0.116562	-0.0516806	0.24097	0.182479	0.509573	-0.130544	0.310085	-0.134334	0.418339
-4.15541	3.20092	0.0718487	1.23167	0.199787	0.253349	-0.130351	-0.0272639	0.31977	-0.145417	0.195126	0.155588	0.491207	-0.0474376	0.108615	-0.0126653	0.397863
-4.54449	3.24255	0.0728191	0.997219	0.541504	0.238522	-0.411802	0.115597	0.0212967	-0.279791	0.189102	0.00161706	0.430627	0.0882709	0.0633938	-0.134818	0.328232
-4.75034	3.05309	0.18058	1.20127	0.750606	0.396295	-0.18364	-0.0475459	-0.0841783	-0.301296	0.0416621	-0.0600875	0.713588	0.0950348	0.312754	-0.305121	0.272712
-4.88979	3.21368	0.27635	1.18049	0.663259	0.334657	-0.299877	-0.013003	-0.0886675	-0.232943	0.107801	-0.066268	0.628919	0.0628199	0.334336	-0.321624	0.21623
-5.02665	3.30387	0.394225	1.02935	0.819708	0.116984	-0.383104	0.122154	-0.281029	-0.134332	0.178199	-0.219091	0.713485	0.0512423	0.168939	-0.173226	0.124284
-4.98872	3.3186	0.45629	1.05611	0.784687	0.0939871	-0.348269	0.216656	-0.272593	-0.126781	0.276997	-0.298849	0.797824	-0.019576	0.235587	-0.201977	0.23893
-5.1053	3.43749	0.574059	0.997067	0.911772	0.0684213	-0.3165	0.352448	-0.311623	-0.0943819	0.24877	-0.197218	0.796617	-0.0700464	0.291051	-0.132684	0.286179
-5.36779	3.56166	0.725398	0.832579	1.04244	-0.0356948	-0.171279	0.272291	-0.330992	-0.100447	0.110291	-0.113311	0.703157	-0.0712455	0.287325	-0.0614881	0.234726
-5.73212	3.74574	1.14721	0.598865	1.11618	0.131518	-0.249202	0.511712	-0.388905	-0.164021	0.174854	-0.0594751	0.716165	-0.143241	0.420402	-0.157705	0.427903
-6.02176	3.66513	1.14468	0.574729	0.922359	0.137639	-0.446294	0.479739	-0.386811	-0.38341	0.172056	-0.356314	0.694976	-0.15262	0.212616	-0.290688	0.408791
-6.43595	3.62158	1.35114	0.888944	0.719473	0.341651	-0.123989	0.156938	-0.371089	-0.29243	-0.0565111	-0.134825	0.650707	-0.137829	0.300106	0.0322124	0.223206
-6.71621	2.94763	1.00905	0.850377	0.397316	0.26309	-0.626087	-0.177806	-0.60039	-0.624205	-0.345163	-0.18307	0.175397	-0.292576	-0.173935	-0.130097	-0.194471
-7.31675	2.35123	1.26731	0.689757	0.624097	-0.233778	-0.35093	-0.193207	-0.737043	-0.520369	-0.644314	-0.440523	0.0621441	-0.206304	-0.189286	-0.329696	-0.0843574
-7.71443	2.01958	0.281093	0.491076	0.475625	-0.41406	-0.676122	-0.408996	-0.847842	-0.390128	-0.326938	-0.132054	-0.422235	-0.440926	-0.215689	-0.0313633	0.0163321
-5.6971	1.06153	0.0681188	0.205519	0.164602	0.0947703	-0.155662	-0.114598	-0.428941	-0.123791	-0.342286	-0.0493717	-0.329953	-0.208498	-0.183246	-0.200723	-0.240761
-5.21594	0.945176	0.427688	-0.092126	0.221568	0.0940827	0.116114	-0.101699	-0.203281	-0.0359482	-0.0510066	0.140718	0.0322043	-0.00648055	0.109658	0.0331253	0.104643
-5.09894	0.721424	0.639431	-0.147271	0.319932	-0.128853	0.221519	0.0196829	-0.0833593	0.0568452	0.15092	0.31203	0.176809	0.0315472	0.0248662	0.041189	0.126647
-5.33311	0.418158	1.01952	-0.302125	0.493994	-0.146577	0.222119	0.193011	-0.0372764	0.00942238	0.189149	0.31235	0.195791	0.0620699	-0.0823353	0.0418394	0.0361323
-5.7209	-0.0412182	1.1972	-0.303574	0.531023	0.0144692	0.0762507	0.301228	0.182832	0.0829353	0.0222834	0.168904	0.124197	0.024259	0.0906088	0.117414	-0.107476
-5.78265	-0.231016	1.08655	-0.311615	0.370887	-0.0167717	0.0475296	0.246883	0.114165	0.120424	-0.0255285	0.0963854	0.107779	0.0544153	0.170476	0.0752173	-0.126728
-5.66455	-0.259657	0.965502	-0.327343	0.322426	-0.100948	0.0901738	0.20409	-0.0837804	0.0606398	0.0926609	0.222002	0.168612	0.0847843	0.0806795	0.00964379	-0.02812
-5.77768	-0.391045	0.918289	-0.358107	0.160209	-0.118341	0.0716967	0.196768	-0.0226335	0.0815867	0.147439	0.332078	0.139255	0.101201	0.138211	0.0285167	0.00374096
-5.88657	-0.354192	0.988958	-0.355018	0.302666	0.174404	0.0906624	0.244444	0.124095	0.108284	0.0115762	0.322046	0.185118	-0.065837	0.0417757	0.0781543	0.0284239
-5.86218	-0.337576	0.954303	-0.150159	0.330762	0.124875	0.087393	0.415691	0.0828254	0.0928412	0.00902661	0.0976094	-0.0523286	-0.122452	-0.104335	0.192089	0.197248
-5.77777	-0.522653	0.922134	-0.113053	0.387479	0.179863	0.0088719	0.426064	0.0594522	0.135497	0.133753	0.0868932	-0.0845395	-0.11724	-0.170601	0.106198	0.215575
-5.65	-0.541541	0.808906	-0.21234	0.255945	0.158907	0.023377	0.398948	0.199918	0.166787	0.161805	0.129283	-0.016227	0.000980392	0.00823515	0.118206	0.138767
-5.46479	-0.447351	0.776496	-0.183711	0.218572	-0.0318683	0.00581444	0.337716	0.109394	0.0859885	0.153505	0.215247	0.165369	-0.0419649	-0.0890827	0.0985015	0.0669435
-5.28107	-0.291072	0.806103	-0.0756316	0.265673	-0.0705274	0.0707872	0.427812	0.0237128	-0.125159	0.000614666	0.284049	0.129823	-0.140032	-0.146406	0.158914	0.0484967
-5.28217	-0.323555	0.845368	0.0297398	0.398725	-0.0723344	-0.0422781	0.324764	0.0420284	-0.106518	-0.205401	0.249766	0.147278	-0.141123	-0.208723	0.062732	0.1124
-5.42749	-0.215254	0.825683	0.201072	0.27108	-0.226744	-0.149814	0.210271	-0.0141313	-0.156694	-0.176281	0.264921	0.0406826	-0.207245	-0.2355	-0.0149331	-0.0557179
-6.08205	0.477704	0.825154	1.03449	0.216349	-0.234845	-0.349863	0.635997	0.656897	-0.0400703	-0.058394	0.137558	0.460953	0.0891137	-0.128744	-0.206962	0.0533054
-5.89168	1.93591	0.607464	0.676181	0.337186	-0.254959	-0.0847365	0.429716	-0.110974	-0.54522	-0.285715	-0.214141	0.212828	-0.399218	-0.116452	0.105807	-0.164317
-4.51748	3.04471	0.397088	0.683086	0.418962	0.0467585	-0.0991907	0.241035	0.0323517	0.236931	0.164833	0.141989	0.39768	-0.00617008	0.132228	0.0911076	0.254919
-4.20319	3.03522	0.245704	0.667178	0.297822	0.0216271	-0.236605	0.154385	0.0719792	0.138393	0.173853	0.256701	0.350363	-0.0418254	0.203387	0.055519	0.198985
-3.75839	2.67609	0.0441076	0.807045	0.112632	-0.0841611	-0.242078	0.00348941	0.0227655	0.153216	0.103874	0.209469	0.39256	-0.0876753	0.230941	-0.0211779	0.130143
-3.79052	3.01488	-0.121506	0.909554	0.370522	-0.192812	-0.0324184	0.028099	0.239328	0.218857	0.240483	0.349606	0.540043	-0.0384651	0.297134	0.0182965	0.278323
-3.48237	2.92186	-0.126443	1.26504	0.204737	0.142615	-0.0721793	0.346593	0.26018	0.416559	0.368644	0.444441	0.692935	0.0987092	0.436721	0.036817	0.509072
-3.3905	2.63717	-0.226765	1.10893	0.0097296	0.0752231	-0.1768	0.265824	0.170906	0.237343	0.346991	0.243322	0.68812	-0.0717177	0.392517	-0.00592966	0.272706
-3.37932	2.82859	-0.307887	1.26566	-0.0534202	0.264544	-0.154717	0.373233	0.313366	0.27159	0.427428	0.273527	0.823948	-0.0989962	0.551488	-0.0453015	0.527467
-3.36909	2.59395	-0.28111	1.04249	-0.0334953	0.054329	-0.153647	0.206269	0.334993	0.119988	0.343598	0.171383	0.712918	-0.208933	0.429477	-0.0273696	0.398473
-3.51412	2.8397	-0.460314	1.1787	-0.0987091	0.168724	-0.221402	0.233817	0.405093	0.0404026	0.42572	0.08339	0.766666	-0.266854	0.505074	-0.0678288	0.530014
-3.68093	2.80254	-0.659559	1.06704	-0.217869	0.00206336	-0.26653	-0.0631979	0.374983	-0.193877	0.310674	-0.0638163	0.59116	-0.290147	0.230862	0.0187223	0.146958
-3.80196	2.87225	-0.71573	1.1367	-0.231297	0.0480135	-0.348965	-0.0221732	0.273711	-0.16548	0.232974	0.00347959	0.485211	-0.241606	0.173972	0.0475268	0.133345
-4.06409	2.95203	-0.720843	1.14636	-0.100681	-0.0543148	-0.275461	-0.155816	0.225351	-0.182829	0.0986538	0.054477	0.402025	-0.193556	0.0814355	0.112892	0.0365385
-4.74151	2.92339	-0.175779	0.808085	0.475265	-0.142834	-0.150632	-0.125159	-0.00597208	0.159071	-0.293335	0.501536	0.310417	-0.20265	0.0922912	0.170993	0.146817
-5.53921	2.56113	0.168637	0.919516	0.264938	0.306936	-0.227287	-0.234453	0.229838	0.100572	-0.41104	0.16814	0.321901	-0.049543	-0.00147859	0.146868	0.349221
-6.89177	2.93032	0.771194	1.23106	0.592266	0.191445	-0.370246	-0.0397777	0.739677	0.00704436	-0.160153	0.305232	0.393295	-0.272801	0.213619	0.128068	0.247407
-6.54007	2.33804	0.239967	1.08677	0.566493	0.438041	-0.034752	-0.194313	0.274075	-0.0164792	-0.53783	0.222527	0.173506	-0.367525	0.054508	0.188217	0.1816
-6.70225	1.0916	0.353645	0.419713	0.00141554	-0.265786	-0.628962	-0.34124	0.00479889	-0.521189	-0.374239	0.0245515	-0.27632	0.119643	-0.0387861	0.109708	0.242075
-6.05439	1.70139	0.259212	1.04725	0.130032	-0.322165	-0.144092	0.00965578	0.103154	-0.103242	-0.383753	0.12257	-0.19242	0.0391309	-0.012632	-0.024509	0.0436748
-5.78436	2.53872	0.478998	0.636109	0.189844	0.356329	0.00929166	-0.0220469	0.0607517	-0.000681465	-0.0227507	0.059482	0.146126	0.0474077	0.0357776	0.17786	-0.126004
-4.94025	3.10392	-0.323198	0.473724	0.444627	-0.179285	-0.241433	-0.247459	0.275008	0.00916889	-0.402985	0.494209	0.0956397	-0.213961	-0.0284321	0.070534	-0.10649
-4.71311	3.11365	-0.89197	0.769447	0.0863621	-0.104434	-0.446264	-0.31955	0.26018	-0.193367	-0.351651	0.246519	0.120769	-0.318958	-0.132243	0.201222	-0.449581
-4.6687	3.23272	-1.15535	0.817616	-0.118589	-0.0472681	-0.562751	-0.43921	0.34919	-0.439082	-0.123942	-0.0572776	0.187525	-0.327701	-0.103939	0.0777271	-0.561833
-4.60552	3.0866	-1.10148	0.532419	-0.0512016	-0.239441	-0.615523	-0.38565	0.275055	-0.383848	-0.199058	-0.0367542	0.117541	-0.504541	-0.132034	-0.0216098	-0.675225
-4.61072	3.15269	-1.16906	0.43857	0.0222398	-0.256392	-0.651753	-0.327278	0.192068	-0.290023	-0.220765	-0.0334484	0.0744022	-0.423932	-0.222287	0.0236234	-0.739623
-4.64992	3.20966	-1.23842	0.352356	-0.000953786	-0.216062	-0.748302	-0.277699	0.155214	-0.323246	-0.170253	-0.0741722	0.0415502	-0.38246	-0.27987	-0.0424694	-0.812042
-4.71617	3.37329	-1.34506	0.377186	-0.033737	-0.158351	-0.788627	-0.190076	0.0817414	-0.237383	-0.125109	-0.1471	0.0873671	-0.35098	-0.326161	-0.0251166	-0.760303
-4.71648	3.40236	-1.32655	0.261227	0.0578126	-0.179387	-0.832608	-0.0905435	0.0258888	-0.145825	-0.123986	-0.188124	0.138311	-0.369607	-0.319489	-0.0339735	-0.695246
-4.98354	3.07832	-1.50703	0.0410181	0.212338	-0.183059	-0.728626	-0.0426457	0.00579916	0.0448658	-0.129948	-0.116382	0.22302	-0.277029	-0.253972	0.0990597	-0.678446
-4.94051	3.25446	-1.49525	-0.08358	0.122668	-0.0858695	-0.906185	-0.0429352	0.014349	0.0114505	-0.15366	-0.11156	0.230249	-0.353955	-0.250458	0.0778011	-0.686161
-4.90437	3.25332	-1.48356	-0.0743109	0.116925	-0.100097	-0.783174	-0.140214	0.0167837	0.108299	-0.202509	-0.128082	0.291771	-0.349385	-0.2789	0.106708	-0.674813
-4.85308	3.2273	-1.39548	-0.120485	0.166276	-0.278753	-0.634157	-0.11922	-0.186023	0.28369	-0.246547	-0.195048	0.337701	-0.392663	-0.210279	-0.00559595	-0.635536
-4.86344	3.0353	-1.40801	-0.26301	0.0387448	-0.390537	-0.672438	-0.257775	-0.278024	0.195408	-0.264426	-0.343102	0.321513	-0.497463	-0.211737	-0.137622	-0.634201
-4.81408	3.08319	-1.36794	-0.171146	0.109629	-0.318666	-0.596035	-0.22572	-0.150157	0.207288	-0.243884	-0.212111	0.317947	-0.460038	-0.103041	-0.184015	-0.435854
-4.73723	3.0973	-1.27048	-0.0838824	0.179157	-0.35164	-0.501731	-0.12007	-0.153266	0.232459	-0.137346	-0.225249	0.370656	-0.427697	-0.0944765	-0.109301	-0.484362
-4.73014	2.9141	-1.25043	-0.189802	0.223688	-0.350932	-0.435875	-0.0692454	-0.00238291	0.269142	-0.139195	-0.155248	0.333976	-0.51484	-0.157952	-0.229477	-0.47043
-4.60575	2.86351	-1.20533	-0.212683	0.298154	-0.345906	-0.624491	-0.092614	0.111924	-0.0254736	-0.176191	-0.157981	0.300872	-0.625335	-0.0720711	-0.0975952	-0.487135
-4.69754	2.82311	-1.32911	-0.195927	0.272307	-0.318949	-0.58819	-0.0334266	0.184399	-0.157258	-0.262538	-0.133339	0.105869	-0.611071	-0.0997263	-0.0809196	-0.514548
-4.61627	2.57204	-1.35573	0.0414798	0.289276	-0.440122	-0.463361	0.07239	0.00997232	-0.0776962	-0.232773	-0.228677	0.201163	-0.583763	-0.0507645	-0.103878	-0.274096
-4.53569	2.35096	-1.29925	0.147956	0.198483	-0.350533	-0.47108	0.132381	0.00517775	-0.141692	-0.251341	-0.226093	0.118143	-0.587111	-0.0712822	-0.112634	-0.288017
-4.65961	2.42559	-1.42485	0.275098	0.12462	-0.37505	-0.532969	0.181305	-0.137569	-0.11739	-0.325381	-0.18963	0.0559804	-0.606845	-0.0518337	-0.128578	-0.328564
-4.31287	2.61254	-1.12972	0.237108	0.180682	-0.521211	-0.378244	0.125777	-0.139804	-0.268677	-0.333731	-0.429326	-0.0269031	-0.852211	-0.11466	-0.294331	-0.524543
-4.3791	2.70824	-1.19309	0.426555	0.0707353	-0.371723	-0.407711	0.216921	-0.13989	-0.243579	-0.346122	-0.387916	-0.0773757	-0.832672	-0.105433	-0.311803	-0.379059
-4.30226	2.59751	-1.10154	0.463472	0.0610526	-0.398178	-0.402313	0.186013	-0.200192	-0.274551	-0.328018	-0.385778	-0.0746714	-0.83446	-0.0711502	-0.323282	-0.3857
-4.2492	2.54053	-1.00102	0.50264	0.0480213	-0.452076	-0.337881	0.222579	-0.277418	-0.238399	-0.301651	-0.429405	-0.0376037	-0.864126	-0.0178008	-0.343707	-0.283101
-4.18095	2.47476	-1.02996	0.588261	-0.0341061	-0.452674	-0.289654	0.0917473	-0.194512	-0.369816	-0.218214	-0.514549	-0.0194515	-0.868956	-0.0789549	-0.335824	-0.287944
-4.15775	2.5042	-1.0251	0.696831	-0.101691	-0.400492	-0.261625	0.159338	-0.258298	-0.263908	-0.310856	-0.379226	-0.106691	-0.847075	0.0181892	-0.396769	-0.125715
-4.13828	2.35936	-1.02159	0.687137	-0.206758	-0.410074	-0.298147	0.060583	-0.268688	-0.368532	-0.322685	-0.461513	-0.163119	-0.854224	-0.0835723	-0.384037	-0.294009
-4.09596	2.28881	-0.962973	0.760067	-0.300598	-0.399584	-0.241811	0.0125948	-0.264309	-0.39045	-0.301601	-0.462523	-0.190064	-0.830359	-0.0561379	-0.379225	-0.276901
-4.10215	2.31981	-0.965969	0.878875	-0.411881	-0.325022	-0.232652	0.0504507	-0.331301	-0.305667	-0.327831	-0.444861	-0.185817	-0.817211	-0.00802884	-0.382057	-0.206743
-4.07159	2.23463	-0.901988	0.919296	-0.43302	-0.382439	-0.141867	0.00471383	-0.387097	-0.33154	-0.245209	-0.484583	-0.212084	-0.780382	0.0370591	-0.438464	-0.172178
-4.1538	2.26955	-0.90583	1.01563	-0.518506	-0.355049	-0.152462	-0.0266816	-0.4109	-0.396045	-0.197407	-0.463433	-0.321726	-0.655522	-0.0431381	-0.404898	-0.206438
-4.15066	2.20286	-0.676415	1.08114	-0.490772	-0.379679	0.00675772	-0.15106	-0.316146	-0.468494	-0.0195142	-0.504254	-0.255089	-0.576658	0.027174	-0.453352	-0.0489327
-4.31631	2.39003	-0.577944	1.26826	-0.468346	-0.287295	-0.00522241	-0.124009	-0.373551	-0.430306	0.126053	-0.498964	-0.184513	-0.430477	0.0347803	-0.429152	0.112013
-4.5277	2.39828	-0.313	1.26795	-0.416367	-0.208903	-0.0406066	-0.154487	-0.539323	-0.325475	0.105491	-0.414027	-0.284177	-0.16289	-0.146234	-0.319467	0.0907962
-4.71805	2.45027	-0.0580369	1.37906	-0.385663	-0.0846948	0.0563401	-0.265547	-0.548587	-0.305725	0.284218	-0.531488	-0.0534822	-0.124818	-0.0525424	-0.376363	0.231849
-5.05964	2.71065	0.0852279	1.26966	-0.179625	-0.157302	-0.0066258	-0.304525	-0.505509	-0.400997	0.274843	-0.510673	-0.0196238	-0.138495	-0.013319	-0.335324	0.132462
-5.22713	2.74971	0.612044	0.919477	0.195238	-0.149777	-0.308879	-0.0613038	-0.555356	-0.386872	0.272292	-0.440682	0.159439	0.0192256	-0.212677	-0.161886	0.130657
-5.37891	2.99858	0.534964	0.580396	0.3141	-0.0714292	-0.619163	-0.0724409	-0.492447	-0.49878	0.207538	-0.359444	0.0738929	-0.153397	-0.156226	-0.13895	-0.034882
-5.50656	3.24575	0.589491	0.543112	0.401804	-0.02733	-0.633969	0.0315243	-0.414602	-0.53376	0.295747	-0.388179	0.205769	-0.0788778	-0.183905	-0.0635292	0.0367313
-5.47973	3.16596	0.545414	0.532982	0.376368	-0.13348	-0.547465	-0.149228	-0.366145	-0.578843	0.23154	-0.379503	0.189005	-0.133537	-0.210545	-0.0591273	-0.0720176
-5.48856	3.20428	0.472039	0.648956	0.25883	-0.0316753	-0.694	0.0557431	-0.549469	-0.460565	0.19528	-0.372643	0.214599	-0.152199	-0.186363	-0.106191	-0.0297354
-5.50295	3.15434	0.585726	0.573133	0.320298	-0.0773304	-0.632232	-0.0168234	-0.493792	-0.529746	0.230332	-0.360775	0.210688	-0.126924	-0.169722	-0.13791	-0.0409946
-5.44745	3.13199	0.599083	0.64562	0.283472	-0.0816308	-0.585312	-0.0306835	-0.466624	-0.477141	0.262793	-0.350798	0.250557	-0.153279	-0.145417	-0.14755	0.036228
-5.40162	2.90862	0.491435	0.763997	0.00135568	-0.0823643	-0.531632	-0.20078	-0.537786	-0.580259	0.0667919	-0.291464	0.100573	-0.130338	-0.123165	-0.248203	-0.185075
-4.85413	2.44032	0.375778	1.3121	-0.246886	0.16679	-0.0524784	-0.308114	-0.788962	-0.244427	0.286786	-0.31209	0.107277	0.0245107	0.10899	-0.159717	-0.121692
-4.72213	2.65439	0.0765025	1.43091	-0.309666	-0.0164033	0.1358	-0.206443	-0.497395	-0.1867	0.189122	-0.452387	0.195598	-0.0255002	-0.0661191	-0.0850977	0.19443
-4.59035	2.57173	0.060965	1.2984	-0.402931	-0.0680288	0.107422	-0.242134	-0.353689	-0.278276	0.118879	-0.511795	0.169786	-0.238782	-0.0482497	0.0416902	0.133156
-4.28739	2.32036	-0.162918	1.25693	-0.431213	-0.267338	0.0833361	-0.168432	-0.438068	-0.441734	0.17208	-0.600443	-0.0980558	-0.189796	-0.0571467	-0.0722362	0.071301
-4.19647	2.35443	-0.27382	1.2585	-0.488488	-0.256436	0.052469	-0.150242	-0.36622	-0.464833	0.157272	-0.609254	-0.124583	-0.241364	-0.0635129	-0.0468959	0.098884
-4.08357	2.4058	-0.393716	1.22267	-0.469073	-0.245974	-0.0480595	-0.0641328	-0.319932	-0.479643	0.136624	-0.550927	-0.168242	-0.291826	0.014766	-0.0782365	0.110542
-3.85957	2.30595	-0.46855	1.19707	-0.464613	-0.205727	-0.0854102	-0.0632685	-0.175992	-0.532814	0.125742	-0.508375	-0.16456	-0.352767	0.0802686	-0.102446	0.152797
-3.73705	2.33025	-0.487707	1.13463	-0.412489	-0.169237	-0.00424713	-0.0350208	-0.0645604	-0.530681	0.112893	-0.49998	-0.063125	-0.434896	0.172287	-0.102785	0.246719
-3.68707	2.36375	-0.594746	1.0684	-0.389979	-0.16607	-0.0190678	-0.054472	0.0333061	-0.613754	0.0798071	-0.532102	0.0318289	-0.574823	0.225691	-0.167004	0.252243
-3.73056	2.44523	-0.853369	0.996863	-0.407976	-0.269963	-0.0360038	-0.155909	-9.97699e-05	-0.611287	-0.13284	-0.479101	-0.0874621	-0.620512	0.086366	-0.140953	0.0791307
-3.73969	2.45589	-1.01392	0.989453	-0.433441	-0.277221	-0.0791944	-0.234529	0.0535605	-0.642147	-0.226203	-0.516517	-0.111766	-0.637855	-0.0470705	-0.110617	-0.017109
-3.77515	2.50704	-1.02558	0.943785	-0.356854	-0.251225	-0.0710944	-0.242272	0.066029	-0.562898	-0.29913	-0.489456	-0.0780167	-0.676885	-0.0230147	-0.164444	0.0259052
-3.91973	2.49203	-0.941685	0.818739	-0.0590379	-0.401202	0.0300234	-0.385008	0.0770295	-0.503606	-0.33435	-0.538901	0.0216193	-0.762372	-0.0223391	-0.242517	0.0578665
-4.43577	2.58786	-0.533028	1.02178	0.211414	-0.32179	-0.331655	-0.397484	-0.168339	-0.401819	-0.276754	-0.376898	0.364583	-0.669071	-0.028643	-0.208538	-0.129578
-5.38504	2.66966	0.361115	0.983635	0.290764	-0.628961	-0.610924	-0.2345	-0.407875	-0.379974	-0.401344	-1.01993	0.370084	-0.170886	-0.0391382	-0.290107	-0.658136
-5.3997	3.16591	0.229915	0.639731	0.74288	-0.38557	-0.546434	-0.458504	-0.243526	-0.451722	-0.27055	-0.569887	0.466787	-0.124363	-0.113547	-0.111592	-0.480781
-5.38765	3.13444	0.0228481	0.699877	0.81	-0.471184	-0.671218	-0.370084	-0.473825	-0.470422	-0.26563	-0.455504	0.488288	-0.24523	-0.154868	-0.269597	-0.417564
-5.24436	3.14188	0.160039	0.948216	0.67225	-0.394359	-0.552575	-0.179664	-0.249691	-0.558763	-0.0853605	-0.353952	0.618485	-0.10006	-0.253868	-0.172405	-0.0963982
-5.23936	3.13158	0.0950984	0.91686	0.760796	-0.245436	-0.645563	-0.115583	-0.403124	-0.474896	-0.0989113	-0.487099	0.63701	-0.0101297	-0.117272	-0.148877	-0.237464
-5.28062	3.06296	0.075768	0.774852	0.574603	-0.453845	-0.739185	-0.232681	-0.485882	-0.379827	-0.184114	-0.48048	0.475028	-0.332409	-0.227878	-0.191672	-0.254579
-4.64512	3.1083	-0.269758	0.270157	0.568629	-0.20952	-0.380824	-0.245471	-0.0936334	-0.295962	-0.39336	-0.524446	0.384622	-0.405259	-0.0447848	-0.0535831	-0.0837281
-4.75264	2.99782	-0.718806	0.169158	0.542424	-0.54336	-0.787914	-0.477786	0.0419373	-0.371536	-0.362233	-0.93049	-0.0373945	-0.599106	-0.227451	0.0845836	-0.376802
-4.24994	3.24656	-1.25996	0.00964991	0.135185	-0.176992	-0.463837	-0.397662	0.0426638	-0.379508	-0.413962	-0.746733	0.0549039	-0.691077	-0.306657	-0.0622957	-0.399434
-4.29686	3.31379	-1.32574	-0.145471	0.124409	-0.0654407	-0.60275	-0.197819	-0.0511474	-0.292222	-0.476519	-0.712292	-0.0245097	-0.718263	-0.248675	-0.144504	-0.444204
-4.29155	3.15623	-1.15123	-0.290782	0.0957639	0.109863	-0.480446	-0.242492	0.0758759	-0.280099	-0.323401	-0.926832	0.117075	-0.857104	-0.201782	-0.203889	-0.35152
-4.19002	3.2263	-1.25727	-0.169962	0.086107	0.0683385	-0.399458	-0.332508	0.17567	-0.351374	-0.22304	-0.822361	0.120155	-0.823632	-0.0990263	-0.198811	-0.341508
-4.17853	3.06603	-1.06292	-0.317305	0.169739	0.0913942	-0.421218	-0.161019	0.0669554	-0.207188	-0.308273	-0.750117	0.0339919	-0.76854	-0.154103	-0.188343	-0.280072
-4.30303	3.32477	-1.17668	-0.258789	0.0545095	0.188784	-0.412674	-0.225866	0.0197234	-0.111927	-0.343324	-0.627333	-0.0658608	-0.599663	-0.28583	-0.0781943	-0.315877
-4.22987	3.16448	-1.0274	-0.378355	0.150993	0.167062	-0.354612	-0.227665	0.0774143	-0.176546	-0.245387	-0.684804	-0.023343	-0.693711	-0.178209	-0.152547	-0.223233
-4.28405	3.19217	-1.00173	-0.455881	0.142385	0.101562	-0.31563	-0.260649	-0.0372878	-0.119103	-0.25669	-0.732905	0.0331712	-0.75312	-0.186496	-0.137965	-0.350133
-4.366	3.3355	-1.00084	-0.446234	0.113329	0.149046	-0.229779	-0.317247	0.0265196	-0.143174	-0.205253	-0.692074	-0.0131957	-0.697394	-0.175355	-0.136599	-0.278947
-4.43828	3.39664	-0.959444	-0.568732	0.157436	0.0790437	-0.0966381	-0.382699	-0.0344586	-0.109278	-0.230987	-0.686613	-0.0222042	-0.710665	-0.227705	-0.160524	-0.259361
-4.51515	3.48314	-0.959469	-0.510046	0.054964	0.0796183	0.00126931	-0.474631	-0.00925082	-0.115542	-0.277796	-0.637872	-0.0313357	-0.63673	-0.323941	-0.183096	-0.199133
-4.59198	3.50321	-0.957138	-0.588576	-0.0892783	0.104278	0.00605532	-0.636416	0.05236	-0.297605	-0.198064	-0.784819	0.0429666	-0.718363	-0.439716	-0.141001	-0.378841
-4.60451	3.45788	-0.59088	-0.728404	-0.262317	0.426306	0.0360891	-0.657236	-0.107202	0.0821578	-0.307782	-0.865298	0.230335	-0.596533	-0.533095	-0.255098	-0.042281
-4.60079	3.49604	-0.843209	-0.530388	-0.27707	0.279542	-0.0574082	-0.470015	-0.126771	-0.159781	-0.275467	-0.669945	0.0786525	-0.746107	-0.400088	-0.204498	-0.230811
-4.53231	3.46163	-0.794409	-0.630939	-0.168426	0.223945	-0.086069	-0.400813	-0.200402	-0.119095	-0.310167	-0.554578	-0.023911	-0.646002	-0.435789	-0.130638	-0.265681
-4.53818	3.46242	-0.734414	-0.632751	-0.218632	0.30754	-0.0302898	-0.469535	-0.177608	-0.00807536	-0.344046	-0.597997	0.0608936	-0.634606	-0.448938	-0.183174	-0.121835
-4.59229	3.55917	-0.881329	-0.57514	-0.166452	0.252068	-0.077801	-0.420549	-0.114652	-0.143201	-0.293249	-0.529343	0.0293758	-0.722165	-0.36551	-0.178845	-0.162306
-4.59067	3.60385	-0.852151	-0.607404	-0.107434	0.200733	-0.0381368	-0.427941	-0.0993963	-0.163485	-0.208788	-0.560034	0.10347	-0.727828	-0.302525	-0.191944	-0.142789
-4.67494	3.69506	-0.981048	-0.613956	0.00873238	0.172331	-0.137404	-0.296252	-0.09023	-0.176922	-0.327	-0.353691	-0.10653	-0.767647	-0.236164	-0.181839	-0.140894
-4.62184	3.72341	-0.677118	-0.711731	0.087751	0.160728	0.062033	-0.355965	-0.056204	-0.0794472	-0.236075	-0.313474	0.0387734	-0.558891	-0.302816	-0.0644007	0.0101628
-4.45946	3.48235	-0.728787	-0.695336	0.0997139	0.200037	-0.112956	-0.233919	-0.0395233	-0.149084	-0.254938	-0.330812	0.00336656	-0.721167	-0.204676	-0.0659238	-0.0297831
-4.5457	3.66074	-0.898759	-0.620287	0.0834573	0.0481049	-0.049743	-0.248199	-0.0912468	-0.192348	-0.250518	-0.327264	0.0611173	-0.852198	-0.111328	-0.0814752	-0.170687
-4.42515	3.49146	-0.908738	-0.535217	-0.127557	0.267809	-0.240126	-0.163503	-0.137934	-0.218036	-0.182285	-0.395177	-0.0406303	-0.793978	-0.103963	-0.117439	-0.198986
-4.39608	3.50984	-0.851757	-0.614563	0.162735	-0.0470232	0.00477223	-0.253974	0.00298919	-0.248616	-0.225642	-0.240633	-0.0591203	-0.834572	-0.0109808	-0.0678223	-0.160285
-4.26339	3.45428	-1.0099	-0.346022	-0.132769	0.171631	-0.137983	-0.152695	0.0073833	-0.395554	-0.0630202	-0.338382	-0.0226215	-0.892092	0.105351	-0.125174	-0.173799
-4.3245	3.5141	-1.07204	-0.308868	-0.133923	0.0783634	-0.0842643	-0.147196	-0.0133425	-0.412416	-0.080196	-0.288298	-0.215691	-0.7777	0.0356006	-0.10101	-0.224751
-4.21459	3.39558	-1.05691	-0.295283	-0.174521	0.0036791	-0.0885787	-0.0743755	-0.1448	-0.382842	-0.0391511	-0.362075	-0.178175	-0.799987	0.0612532	-0.155698	-0.265681
-4.02351	3.1219	-0.926106	-0.260948	-0.24102	-0.0400002	0.0074824	-0.129876	-0.0994919	-0.445876	-0.0290317	-0.270896	-0.348072	-0.647613	-0.0206739	-0.111699	-0.275984
-4.06521	3.18601	-1.00655	-0.165597	-0.309928	-0.104754	0.0619772	-0.102651	-0.210146	-0.408707	-0.0148861	-0.320812	-0.366183	-0.673541	0.0189727	-0.174561	-0.284223
-4.05037	3.17423	-1.01803	-0.0758797	-0.405639	-0.0257397	0.0864643	-0.0841281	-0.225364	-0.394716	0.028742	-0.372269	-0.386914	-0.610072	0.00537156	-0.225012	-0.203747
-4.11283	3.2441	-1.07003	-0.0430226	-0.474722	-0.0801503	0.100156	-0.0624896	-0.319841	-0.406268	0.0292779	-0.405596	-0.405995	-0.572087	-0.0979898	-0.202771	-0.281223
-4.09367	3.18444	-0.917347	-0.0821736	-0.422906	-0.0775396	0.149022	-0.0517209	-0.265891	-0.38784	0.00868827	-0.352186	-0.429672	-0.497935	-0.118971	-0.21588	-0.14653
-4.07021	3.13381	-0.863469	0.0300581	-0.473796	-0.115479	0.309892	-0.129485	-0.206267	-0.351892	0.00862995	-0.417576	-0.320042	-0.471433	-0.163354	-0.200696	-0.0522142
-4.05749	3.10161	-0.837182	0.139168	-0.613075	-0.0918118	0.347478	-0.104008	-0.184534	-0.374026	-0.0361574	-0.399912	-0.28165	-0.441961	-0.20464	-0.23055	-0.00192772
-4.03469	2.97297	-0.626815	-0.0195311	-0.557975	-0.0931179	0.394555	-0.126234	-0.122907	-0.394408	-0.121981	-0.358276	-0.256822	-0.440077	-0.218855	-0.253448	0.0473782
-4.10284	2.97135	-0.618302	0.058389	-0.617165	-0.0825775	0.400003	-0.0734235	-0.179147	-0.357153	-0.148712	-0.416855	-0.141035	-0.536965	-0.206031	-0.266448	0.0627354
-4.15768	3.02844	-0.695416	0.0765486	-0.706802	-0.0101712	0.334639	-0.0259042	-0.248091	-0.311167	-0.267573	-0.374323	-0.191584	-0.495467	-0.284491	-0.252254	-0.00352381
-4.2105	2.94351	-0.599457	0.0839495	-0.757156	0.0458874	0.348526	-0.0635649	-0.154619	-0.381581	-0.285004	-0.333151	-0.213155	-0.52493	-0.344278	-0.199075	0.00724824
-4.45046	3.20977	-0.672954	-0.047847	-0.674271	-0.119897	0.330502	-0.100407	-0.173757	-0.467155	-0.239009	-0.513204	-0.114821	-0.608124	-0.290414	-0.298796	-0.15224
-4.40153	3.22097	-0.668504	0.107974	-0.628549	0.103675	0.377009	-0.00698085	-0.0697429	-0.421634	-0.171258	-0.406133	-0.0406949	-0.648356	-0.18495	-0.278975	0.211921
-4.50095	3.23837	-0.70625	0.0363619	-0.614	-0.173749	0.38845	-0.132654	-0.0963326	-0.470876	-0.233387	-0.527938	-0.0247976	-0.638734	-0.277497	-0.299675	-0.111711
-4.53112	3.2297	-0.700845	0.0168048	-0.670649	-0.0256343	0.446799	-0.275092	0.0236217	-0.624275	-0.115041	-0.510075	-0.100887	-0.634427	-0.304013	-0.246428	-0.0839754
-4.46424	3.06065	-0.509124	-0.00146355	-0.502631	-0.143498	0.39097	-0.0896479	-0.0279053	-0.49646	-0.10139	-0.565103	0.033024	-0.686733	-0.173451	-0.371792	0.0491996
-4.45001	3.05986	-0.65036	-0.0325741	-0.56842	-0.134646	0.358716	-0.239574	-0.0336257	-0.628091	-0.0767684	-0.55989	-0.0821315	-0.658171	-0.294961	-0.284413	-0.182553
-4.45964	3.10043	-0.673095	0.218872	-0.578028	0.132487	0.29485	-0.0731899	-0.0244609	-0.435872	0.0392029	-0.495779	-0.096145	-0.639817	-0.21295	-0.246732	0.127892
-4.40019	3.07799	-0.620809	0.148898	-0.475202	0.1006	0.186897	-0.0575979	-0.077941	-0.391897	0.0234341	-0.468352	-0.122466	-0.534961	-0.0960269	-0.349415	0.0964958
-4.46764	3.14616	-0.646637	0.0470344	-0.236577	-0.00362038	0.372778	-0.262442	0.0597875	-0.493572	0.211048	-0.495946	-0.167326	-0.555001	-0.126026	-0.211768	0.0701056
-4.51549	3.13362	-0.734	-0.0160292	-0.219142	-0.183018	0.335069	-0.299098	-0.0411586	-0.532404	0.0847251	-0.470324	-0.224999	-0.620835	-0.132657	-0.358705	-0.132517
-4.5823	3.34402	-0.753371	-0.030753	0.0435396	-0.187722	0.404479	-0.498206	0.111174	-0.478372	0.170477	-0.364447	-0.324684	-0.395318	-0.0508824	-0.175202	-0.100641
-4.71066	3.24689	-0.760411	-0.0739242	-0.0509108	-0.160294	0.1346	-0.386131	0.0699754	-0.474831	-0.12515	-0.32976	-0.235856	-0.745108	0.0161369	-0.343128	-0.359423
-4.64846	3.02338	-0.400239	-0.0500733	0.0180995	0.117419	0.0101654	-0.459727	0.00105774	-0.344273	-0.0578712	-0.304743	0.0254006	-0.655109	0.199105	-0.266337	-0.229316
-5.35034	3.15799	-0.0111416	0.194015	0.39764	0.108598	0.0826732	-0.273707	-0.513556	-0.27456	0.153402	-0.401278	0.20185	-0.492196	0.163627	-0.0114208	-0.497796
-5.34689	2.83023	0.161143	0.45398	0.58235	0.11523	-0.343947	-0.61664	-0.660121	-0.441933	0.103239	-0.3339	0.24413	-0.499609	-0.012114	-0.146894	-0.565702
-5.64443	2.87828	0.309082	0.477918	0.530348	-0.363995	-0.286952	-0.526291	-0.401637	-0.424539	-0.10881	-0.566848	0.213767	-0.477907	-0.0830578	-0.359797	-0.566601
-5.80826	2.83139	0.483529	0.617423	0.736252	-0.222803	-0.736951	-0.786155	-0.14534	-0.388331	-0.0518751	-0.604467	0.166027	-0.599096	0.0398926	-0.324339	-0.600386
-6.05924	3.13393	0.364783	0.378915	0.557148	-0.188601	-0.640441	-0.797214	-0.28536	-0.321273	-0.00231966	-0.637456	0.000321729	-0.609799	-0.08804	-0.24304	-0.686837
-6.18739	3.04212	0.653545	0.602866	0.759111	-0.191374	-0.706001	-0.584347	-0.0390193	-0.194813	-0.170787	-0.870865	0.265141	-0.565863	-0.14538	-0.131439	-0.537234
-5.9563	3.11409	0.635461	0.173758	0.689948	-0.221029	-0.677177	-0.722053	-0.401372	-0.273352	0.018401	-0.605336	0.102261	-0.530768	-0.0074351	-0.338253	-0.529268
-6.29442	2.92017	0.428541	0.723026	0.841489	-0.352568	-0.760628	-0.694515	-0.319618	-0.199685	-0.0910001	-0.684691	-0.18742	-0.722483	-0.228992	-0.445802	-0.479203
-6.00639	3.2196	0.355843	0.414574	0.815398	-0.46987	-0.545628	-0.804654	-0.534005	-0.379383	-0.07393	-0.651122	0.222386	-0.435371	-0.0205681	-0.523858	-0.674948
-5.81799	2.82666	0.450541	0.464341	0.719463	-0.312469	-0.538375	-0.587286	-0.482235	-0.447316	0.0451599	-0.956586	0.160053	-0.562883	-0.111664	-0.284645	-0.625528
-5.7428	3.1914	0.316258	0.504211	0.554215	-0.0496771	-0.598301	-0.594377	-0.511341	-0.361097	-0.0497728	-0.505147	0.0170598	-0.306204	-0.132641	-0.118964	-0.582518
-5.74531	3.04282	0.437431	0.181268	0.423054	-0.123712	-0.580639	-0.413612	-0.462313	-0.77253	-0.414638	-0.422056	0.066684	-0.365262	-0.213103	-0.346016	-0.678255
-5.80928	3.19635	0.453791	0.298545	0.551924	-0.0203726	-0.183402	-0.643025	-0.450755	-0.70136	-0.18456	-0.519524	0.226366	-0.442738	0.191332	-0.204894	-0.651865
-5.87056	3.51973	0.331125	0.0716084	0.723121	0.0437099	-0.154672	-0.511036	-0.469018	-0.898332	0.00956787	-0.363139	0.0684725	-0.312178	0.103728	-0.329386	-0.391622
-5.91291	3.54732	0.220153	0.0425322	0.694711	-0.000578436	-0.120855	-0.519402	-0.699083	-0.638354	-0.265697	-0.287162	0.0750811	-0.494526	0.151254	-0.381995	-0.463373
-5.88643	3.55092	0.111697	0.132499	0.636852	0.11019	-0.211405	-0.420583	-0.676977	-0.68427	-0.2453	-0.237094	-0.128231	-0.291504	-0.0201061	-0.318627	-0.41472
-5.78461	3.64554	-0.0614723	0.323982	0.748003	0.00331847	0.00408405	-0.388026	-0.613308	-0.572977	-0.200335	-0.239707	0.020272	-0.39552	0.08869	-0.280709	-0.213144
-5.71769	3.58657	-0.0944525	0.22519	0.789537	0.0496898	-0.0142934	-0.385773	-0.492256	-0.664034	-0.20878	-0.24667	-0.0167487	-0.469955	0.157483	-0.396871	-0.122574
-5.73023	3.59588	-0.201127	0.151205	0.83455	-0.0509208	-0.000843168	-0.384978	-0.481767	-0.80131	-0.0595526	-0.418231	-0.0512973	-0.420593	-0.068702	-0.259369	-0.228974
-5.6336	3.46133	-0.279077	0.159787	0.748693	-0.0245133	-0.0484467	-0.357062	-0.51648	-0.757042	-0.187201	-0.395002	-0.136665	-0.412891	-0.153791	-0.217721	-0.300119
-5.67308	3.56002	-0.451205	0.128707	0.841319	-0.119302	-0.0149652	-0.329988	-0.562354	-0.672428	-0.328265	-0.307459	-0.278861	-0.389458	-0.16882	-0.285014	-0.257632
-5.64386	3.48425	-0.441651	0.0384882	0.862353	-0.119543	-0.0549228	-0.283905	-0.576608	-0.670117	-0.35769	-0.329465	-0.357653	-0.361783	-0.219144	-0.266114	-0.289425
-5.67355	3.56417	-0.432064	-0.0302221	0.966342	-0.229205	0.033438	-0.308724	-0.536551	-0.583483	-0.436338	-0.302527	-0.35263	-0.32926	-0.225381	-0.267707	-0.246918
-5.48574	3.38194	-0.495958	0.13887	0.796317	-0.184399	0.00342791	-0.27724	-0.537071	-0.577088	-0.388371	-0.352447	-0.352324	-0.240392	-0.340084	-0.164035	-0.286213
-5.42615	3.43426	-0.561271	0.101711	0.844538	-0.193656	-0.0776154	-0.128837	-0.614361	-0.507407	-0.336039	-0.479634	-0.194051	-0.306948	-0.313776	-0.115306	-0.281941
-5.40983	3.44105	-0.62182	0.133254	0.753902	-0.290301	-0.0359509	-0.257929	-0.521391	-0.543487	-0.400039	-0.429473	-0.266207	-0.226848	-0.3701	-0.0755277	-0.390877
-4.64633	3.02159	-0.0664756	0.271603	0.449223	-0.0512202	-0.0690733	-0.0500161	-0.15999	-0.295269	-0.145693	-0.130123	-0.0984077	-0.109366	-0.165353	-0.126349	0.0631718
-4.7324	3.32315	-0.478424	-0.518953	-0.128386	-0.42514	0.066474	-0.118662	-0.0982915	-0.622468	-0.520554	-0.431489	-0.496889	-0.353652	-0.405512	-0.146948	-0.122581
-4.24999	3.32539	-0.835306	-0.117075	-0.0353893	-0.348229	0.591526	-0.155997	-0.167526	-0.366439	-0.834152	-0.0688693	-0.457931	-0.0707738	-0.295009	0.0910827	0.016914
-4.13952	3.2533	-0.830785	-0.182152	-0.106756	-0.288727	0.580942	-0.0249364	-0.288897	-0.323691	-0.901142	-0.0273252	-0.448549	-0.0589894	-0.266122	0.0924362	-0.0212701
-4.22526	3.21722	-0.857296	-0.345855	-0.114494	-0.303758	0.57967	-0.112302	-0.370817	-0.447544	-0.801397	-0.233785	-0.402463	-0.178453	-0.340746	0.0670236	-0.110712
-4.25678	3.10857	-0.767983	-0.587805	0.0146538	-0.301266	0.485118	-0.0952379	-0.526799	-0.46591	-0.837075	-0.218299	-0.416803	-0.257071	-0.376512	-0.00767347	-0.135771
-4.27374	3.17152	-0.716708	-0.656154	0.171209	-0.238778	0.545693	-0.100416	-0.479571	-0.47705	-0.790871	-0.140878	-0.440661	-0.177078	-0.375357	0.00131773	-0.0136381
-4.22355	3.3413	-0.802497	-0.401826	0.237404	-0.139726	0.716821	-0.0517338	-0.413769	-0.36362	-0.673302	-0.0905959	-0.22434	-0.190305	-0.219656	-0.0285319	0.25859
-4.35191	3.36595	-0.784252	-0.561469	0.210113	-0.105394	0.598351	-0.0533863	-0.520062	-0.416325	-0.700521	-0.103291	-0.334392	-0.182053	-0.333617	-0.00344216	0.124232
-4.40427	3.32597	-0.766516	-0.660225	0.235896	-0.0909705	0.452813	0.08791	-0.713638	-0.352195	-0.744725	-0.212206	-0.282126	-0.237102	-0.392942	0.0107305	0.049375
-4.32144	3.17297	-0.571052	-0.832076	0.446949	-0.173661	0.486162	0.125516	-0.695588	-0.399646	-0.627878	-0.26064	-0.2396	-0.236981	-0.389523	0.071229	0.0492547
-4.23726	3.03054	-0.623381	-0.770851	0.323391	-0.0755731	0.436349	-0.0193922	-0.518202	-0.548836	-0.610473	-0.248828	-0.357419	-0.121066	-0.548304	0.143014	-0.0222509
-4.38833	3.21181	-0.631141	-0.816967	0.371483	-0.136365	0.462328	0.0815791	-0.671222	-0.411005	-0.702728	-0.20535	-0.376379	-0.0922129	-0.591661	0.173007	-0.0273354
-4.32466	3.30764	-0.645828	-0.648876	0.426436	-0.0484444	0.558118	0.0435612	-0.41475	-0.466802	-0.577421	-0.11418	-0.32968	0.0126187	-0.5073	0.15442	0.17993
-4.42144	3.31385	-0.634953	-0.867419	0.573267	-0.253375	0.552601	0.0052002	-0.52746	-0.457958	-0.657228	-0.129795	-0.413156	-0.0439305	-0.535221	0.10366	0.0411919
-4.35308	3.21671	-0.611213	-0.757166	0.468355	-0.113769	0.517687	0.137272	-0.65007	-0.361023	-0.546139	-0.240701	-0.291	-0.170983	-0.393211	0.0277806	0.124641
-4.31136	3.23935	-0.719206	-0.592585	0.403478	0.0129704	0.549803	0.110639	-0.58996	-0.291847	-0.515379	-0.214241	-0.244453	-0.184249	-0.348877	0.0384478	0.195373
-4.2671	3.09665	-0.614206	-0.609967	0.335758	0.0832379	0.47425	0.0809851	-0.480993	-0.39178	-0.448783	-0.202642	-0.270459	-0.147311	-0.40661	0.0479995	0.16746
-4.34771	3.22791	-0.559492	-0.655788	0.430229	0.114412	0.453629	0.167825	-0.466149	-0.329878	-0.469317	-0.0895292	-0.310489	-0.0677086	-0.391003	0.0233025	0.263369
-4.23874	3.05179	-0.64777	-0.520684	0.27638	0.115553	0.500829	-0.015637	-0.354173	-0.43191	-0.455761	-0.0450716	-0.382452	-0.0669817	-0.437706	0.0254329	0.15749
-4.22741	2.94003	-0.506176	-0.634994	0.271931	0.210281	0.351978	0.109051	-0.462992	-0.356574	-0.431007	-0.0862967	-0.324369	-0.101974	-0.43489	0.0188219	0.124891
-4.22303	3.0079	-0.526521	-0.545093	0.337916	0.164954	0.446942	0.038038	-0.421626	-0.224527	-0.48952	0.129381	-0.323693	-0.0635534	-0.409023	0.0422216	0.195729
-4.24322	3.01205	-0.533399	-0.535774	0.389955	0.118466	0.484117	0.0166999	-0.413989	-0.226287	-0.42884	0.148764	-0.288611	-0.0462069	-0.426444	0.0780951	0.163066
-4.25403	3.01168	-0.457004	-0.551206	0.460054	0.0725593	0.560486	0.0195047	-0.351115	-0.176278	-0.44261	0.234008	-0.311265	0.0620466	-0.482546	0.133294	0.231808
-4.21305	2.87588	-0.45319	-0.613909	0.397145	0.0605025	0.557538	-0.0159962	-0.294184	-0.249098	-0.463079	0.130093	-0.240004	-0.0222612	-0.494244	0.0415899	0.16534
-4.24047	2.90846	-0.464596	-0.56564	0.400544	0.186549	0.443715	-0.0579608	-0.280245	-0.244448	-0.398551	0.178178	-0.206924	0.0152065	-0.402638	0.0986179	0.105891
-4.31786	3.06404	-0.403268	-0.842104	0.588131	0.208439	0.332887	0.183354	-0.381009	-0.220025	-0.328911	0.189737	-0.199321	0.150487	-0.445919	0.195931	0.0658765
-4.21014	2.9601	-0.500064	-0.569232	0.400907	0.277644	0.508171	0.025674	-0.222169	-0.234541	-0.279583	0.195784	-0.177508	0.230753	-0.404476	0.253721	0.12782
-4.26711	3.07152	-0.662013	-0.373433	0.373583	0.348993	0.480652	0.160417	-0.322544	-0.128678	-0.240515	0.249195	-0.202714	0.225533	-0.253761	0.276928	0.201954
-4.14976	2.92951	-0.846416	-0.268749	0.199038	0.405828	0.425151	0.167635	-0.313845	-0.116405	-0.321748	0.203319	-0.22015	0.204727	-0.337419	0.219669	0.10601
-4.36278	2.85174	-0.639624	-0.320658	0.554527	0.443202	0.61403	-0.0686891	-0.227551	-0.186641	-0.365799	0.299696	0.0562933	0.245201	-0.0818933	0.340139	0.133471
-4.04449	2.46228	-0.529884	-0.349255	0.443352	0.293717	0.442835	0.0188415	-0.290349	-0.175836	-0.162009	0.17817	-0.0675164	0.23032	-0.285776	0.411302	-0.0829653
-4.0707	2.40838	-0.899972	-0.285617	0.278674	0.347312	0.451441	0.11685	-0.298981	-0.203186	-0.232861	-0.0621628	-0.209503	0.0676647	-0.424593	0.32124	-0.195861
-4.28441	2.65251	-0.639683	-0.226055	0.411804	0.381278	0.417644	0.111394	-0.210748	-0.0781082	-0.121326	0.0390426	0.102333	0.124799	0.0570259	0.241011	-0.056044
-4.40707	2.71958	-0.750923	-0.169785	0.441856	0.220854	0.408123	0.0818403	-0.355984	-0.182147	-0.252418	-0.107438	-0.0142856	0.0522024	-0.210495	0.355993	-0.271748
-4.60926	2.11681	-0.868661	-0.354537	0.124814	0.259395	0.308661	0.0302141	-0.483501	-0.219037	-0.34366	-0.305386	-0.183039	-0.0507162	-0.268083	0.217123	-0.270239
-4.89873	1.97926	-0.843094	-0.252876	0.121967	0.296838	0.238723	0.0270291	-0.420325	-0.146082	-0.415432	-0.260527	-0.0823668	-0.0313827	-0.196891	0.139141	-0.210927
-4.78379	2.08358	-0.921687	-0.345331	0.0475801	0.251505	0.140275	-0.173378	-0.302697	-0.0835175	-0.478323	-0.434022	0.0614497	-0.263539	-0.194002	-0.0709616	-0.439895
-4.74401	2.14215	-0.788804	-0.178848	0.183599	0.182348	0.0572155	-0.0731457	-0.213354	-0.0480298	-0.425297	-0.533764	0.105464	-0.161057	-0.215989	-0.00621077	-0.332664
-4.80565	2.31865	-0.543465	-0.00816783	0.26557	0.162193	0.103499	0.0673086	-0.0261229	-0.219203	-0.325132	-0.49723	0.0826521	-0.11154	-0.0785142	0.0190306	-0.283964
-4.90377	2.47502	-0.551064	0.206836	0.104992	0.261381	0.156982	0.122892	0.0254071	-0.295736	-0.317684	-0.452522	0.0751433	-0.108637	-0.0501898	-0.0198137	-0.26202
-5.03037	2.53976	-0.391074	0.414145	0.105589	0.185937	0.0980466	0.0422734	0.158244	-0.241099	-0.383017	-0.461875	0.172984	-0.160936	0.0145048	-0.0232665	-0.0769108
-4.96866	2.41238	-0.36483	0.350614	0.199251	0.223747	0.055724	0.180106	-0.013663	-0.135094	-0.372127	-0.442298	0.276016	-0.244068	0.106101	0.0328101	-0.0376167
-4.94458	2.1676	-0.489525	0.516236	0.437849	0.200292	0.121804	0.33558	-0.145755	-0.264251	-0.372753	-0.55451	0.115797	-0.367669	0.151771	0.258079	0.205726
-4.93682	2.42031	-0.529742	0.314009	0.261126	-0.0710726	0.0105998	0.468073	0.0474702	-0.351687	-0.393894	-0.363594	0.0386735	-0.294166	0.1105	-0.0654038	0.093339
-5.10998	2.49278	-0.427093	0.551008	0.0225922	0.00887594	0.0288522	0.456564	0.183157	-0.412588	-0.318756	-0.248935	-0.0822349	-0.383144	0.15576	-0.0787194	0.090771
-5.29027	2.59116	-0.189294	0.7259	-0.14731	0.0571683	-0.0172675	0.372007	0.0642025	-0.326584	-0.283001	-0.297926	-0.0832641	-0.314267	0.167986	0.0132485	0.0314815
-5.36794	2.759	-0.198364	0.533337	0.0931552	0.0345635	-0.0651124	0.511088	-0.0294983	-0.353528	-0.15026	-0.415466	-0.0333509	-0.331335	0.116007	0.0231371	0.0884329
-5.42882	2.66492	0.0181564	0.637072	0.0413025	-0.0160041	-0.0608793	0.557442	-0.0309626	-0.325154	-0.128089	-0.383986	-0.0479843	-0.364391	0.152875	-0.0315348	0.165495
-5.51989	2.80971	-0.0255316	0.677413	0.0905591	-0.0660292	0.0348086	0.443833	-0.00370029	-0.294206	-0.188466	-0.313264	0.0495659	-0.478777	0.196071	0.101327	0.127707
-5.54715	2.73985	-0.015544	0.798225	0.00894921	-0.0420051	0.0604146	0.350016	0.121018	-0.38812	-0.11292	-0.333032	0.0185119	-0.407963	0.20452	0.0105957	0.163873
-5.74062	2.81055	0.107562	0.782373	-0.0597451	0.024342	0.0731452	0.321335	-0.0412863	-0.289031	-0.0815856	-0.388324	0.070703	-0.399397	0.103218	-0.00724124	0.137749
-5.72122	2.73084	0.10986	0.832105	0.00592142	0.0171339	0.00427956	0.388149	-0.13711	-0.319174	-0.0627084	-0.344683	0.0548506	-0.429174	0.24679	-0.0782516	0.132629
-5.87266	2.63571	0.252692	1.02279	0.00712767	0.0372281	0.0332123	0.30707	-0.185296	-0.351226	-0.0417374	-0.269337	0.121886	-0.500358	0.31208	-0.129655	-0.00845711
-6.0737	2.87725	0.226257	1.05872	0.0986065	0.0642467	-0.0292497	0.206696	-0.126287	-0.413741	-0.110855	-0.129747	0.12513	-0.45247	0.301426	-0.103174	-0.041406
-6.43502	2.98457	0.574913	1.00974	0.316523	-0.0293824	-0.102663	0.209949	-0.251741	-0.431283	-0.0820082	-0.191595	0.291681	-0.43371	0.260341	-0.0349635	-0.0370078
-6.91229	3.06475	1.03203	1.08076	0.522412	-0.169027	-0.370357	0.258895	-0.368762	-0.530587	0.0842855	-0.150354	0.464554	-0.378945	0.0772937	-0.0942337	-0.0223737
-6.96754	3.02322	1.23575	1.06091	0.495678	-0.269431	-0.354993	0.325156	-0.429273	-0.498842	0.112767	-0.0512185	0.422616	-0.513109	0.068957	-0.0195482	-0.0754673
-7.1972	2.9813	1.5138	1.06435	0.390848	-0.242478	-0.457139	0.359821	-0.31708	-0.452654	0.151508	-0.132397	0.293976	-0.400637	0.105734	-0.0422753	-0.122738
-7.08709	2.94867	1.23066	1.05154	0.46709	-0.130379	-0.45223	0.248444	-0.306822	-0.339659	0.174768	-0.258332	0.322393	-0.368997	0.0676968	-0.0460219	-0.0858618
-7.28043	2.83253	1.3346	1.35665	0.743113	-0.377893	-0.246915	0.233622	-0.442745	-0.460628	-0.128933	-0.237149	0.353822	-0.35613	0.197552	-0.1188	0.0333817
-7.30477	3.07266	1.43818	1.03449	0.741195	-0.363757	-0.396872	0.269591	-0.412285	-0.436316	-0.192071	-0.0932314	0.420496	-0.465969	0.0927401	0.0760396	-0.157001
-7.67157	3.04742	1.5744	1.02526	0.680687	-0.235475	-0.302946	0.305226	-0.39128	-0.515568	-0.161933	0.0440907	0.385207	-0.552385	0.104796	0.0937441	0.0180118
-7.58839	3.48443	1.38289	0.914508	0.56892	0.0117071	-0.185906	0.294095	-0.145872	-0.451707	-0.0361821	0.177833	0.211929	-0.402913	0.352515	-0.114704	0.13198
-7.99826	3.00451	1.48753	0.998486	0.752965	0.25928	-0.415072	0.148839	-0.0772704	-0.451939	-0.146954	-0.357484	0.0386536	-0.323198	0.157493	0.0786426	-0.0452613
-8.38097	2.83087	1.31386	0.981884	0.62698	0.175693	-0.477864	-0.000553584	-0.57638	-0.470762	-0.077703	-0.310467	0.168386	-0.45662	-0.0446623	-0.0889843	0.0196294
-9.13253	2.24837	1.26608	1.17245	0.573716	0.193827	-0.411837	-0.0402288	-0.241519	-0.560888	-0.460642	-0.468608	0.183954	-0.15292	0.058977	0.242735	0.0324876
-9.5598	2.15632	1.56091	1.03956	0.455568	-0.00834708	-0.0822546	-0.143484	-0.362902	-0.298808	-0.371697	-0.209328	-0.0933111	0.0983857	0.0596556	-0.0485578	0.0317893
-9.23968	2.1413	1.10157	0.778367	0.472032	0.255684	0.122829	0.0741037	-0.0800426	-0.113275	-0.0983009	-0.145829	-0.0490753	-0.0582606	0.0381151	0.0691218	0.0923309
-9.69516	1.83521	1.01689	0.795164	0.578678	0.353756	0.13446	0.035242	-0.0548854	-0.0515914	-0.0845322	-0.0769017	0.0471369	0.0272607	0.0851639	0.087758	0.0837356
-8.56005	1.70436	0.410321	0.741125	0.0803219	-0.140033	-0.0856965	0.208425	0.103805	-0.127888	0.152439	0.201925	0.0115726	-0.0724789	0.129582	0.0969049	0.100255
-7.20198	1.79299	0.0117265	0.855486	-0.17276	-0.186996	-0.144111	0.176166	0.165597	-0.136281	0.116716	0.236971	0.0206315	0.0604482	0.106188	0.0803412	-0.0161789
-6.54707	1.58572	-0.00371738	0.826346	-0.135926	-0.218952	-0.184024	0.110376	0.195011	-0.104899	-0.0209524	0.306171	0.0695216	0.110094	-0.012783	0.11504	0.024179
-6.48312	1.4531	0.139122	0.948522	-0.00123281	-0.0875227	-0.194756	0.13627	0.339404	-0.0165612	-0.010966	0.46265	0.167838	0.15973	0.00134229	0.10119	0.0127628
-6.82197	1.43428	0.290927	1.11057	0.110789	-0.0288377	-0.188025	0.0802547	0.348176	0.019504	0.070401	0.559763	0.17997	0.107771	-0.0347188	0.161214	-0.0101905
-7.29615	1.65831	0.249932	0.909022	0.034127	0.0116176	-0.100755	0.211966	0.448272	0.0451288	0.0211115	0.421859	0.20304	-0.0400327	-0.0215021	0.267581	0.0323106
-7.9817	1.88534	0.0772978	0.837577	-0.0164573	0.0049954	0.040164	0.23956	0.365481	0.0664474	-0.000377189	0.413685	0.196029	-0.112132	0.0382008	0.250145	-0.0143734
-8.59948	1.37379	0.181975	0.640463	0.188194	0.141432	0.270353	0.144156	0.325099	0.122486	-0.0558725	0.270808	0.0376912	-0.175673	0.0350422	0.173255	0.07023
-9.27971	1.44395	0.359783	0.566822	0.321375	0.240381	0.232555	0.236521	0.361682	0.181457	0.0425978	0.288682	0.247067	0.0552063	0.158272	0.235332	0.126777
-9.77703	1.45461	0.549467	0.468311	0.418849	0.358105	0.265268	0.29106	0.351559	0.31593	0.19223	0.197672	0.233147	0.199524	0.133777	0.22085	0.254876
-9.61085	1.38149	0.526483	0.457292	0.382579	0.339991	0.299373	0.291283	0.308348	0.309364	0.236239	0.204707	0.221032	0.209882	0.189101	0.167416	0.158634
-9.76793	1.3942	0.567756	0.439989	0.40793	0.30611	0.29399	0.281216	0.275454	0.249121	0.232129	0.227952	0.220118	0.19565	0.205363	0.17147	0.200895
-10.0353	1.30264	0.567814	0.493326	0.451292	0.293958	0.314034	0.289142	0.30026	0.257765	0.240816	0.222391	0.260362	0.259883	0.188995	0.210043	0.209585
-9.67115	1.42073	0.523895	0.429178	0.365737	0.295467	0.281172	0.275806	0.246753	0.202126	0.216527	0.22386	0.194928	0.192595	0.18613	0.195041	0.165589
-10.1784	1.22936	0.595777	0.482617	0.45393	0.366573	0.284465	0.313865	0.325051	0.248397	0.262513	0.294942	0.227205	0.285442	0.258497	0.162709	0.152389
-10.0998	1.29603	0.613958	0.465433	0.417149	0.356859	0.32767	0.281729	0.255017	0.232262	0.252072	0.27035	0.263586	0.284602	0.236204	0.138588	0.172021
-9.96814	1.35113	0.596745	0.429348	0.415579	0.324026	0.308328	0.27533	0.289632	0.274779	0.225448	0.214156	0.215374	0.218066	0.18	0.142954	0.107347
-10.3679	1.09335	0.574741	0.412233	0.442609	0.384769	0.356523	0.31139	0.36378	0.31219	0.208942	0.267137	0.275066	0.308617	0.257348	0.229789	0.192467
-9.92527	1.34335	0.583948	0.50376	0.421436	0.3542	0.314153	0.250873	0.28242	0.248721	0.188239	0.22778	0.184333	0.200496	0.18673	0.13119	0.162279
-10.2829	1.2302	0.705336	0.548169	0.52104	0.401885	0.313626	0.274605	0.286807	0.279144	0.206146	0.188333	0.163917	0.244433	0.246073	0.170976	0.136313
-10.1311	1.30047	0.65012	0.483219	0.481832	0.396322	0.270906	0.271783	0.290779	0.305039	0.274052	0.188137	0.158653	0.231491	0.221481	0.166839	0.128725
-10.0116	1.31947	0.634161	0.481291	0.438592	0.391013	0.323713	0.305832	0.303163	0.315195	0.245156	0.169559	0.173691	0.25074	0.227962	0.181043	0.163769
-10.161	1.2846	0.679783	0.524619	0.437026	0.379697	0.346146	0.316264	0.2979	0.314997	0.248851	0.175971	0.252285	0.240805	0.178202	0.180155	0.158473
-9.79221	1.42967	0.57336	0.484583	0.414752	0.352482	0.315002	0.278468	0.247119	0.257683	0.225172	0.193342	0.217268	0.195755	0.179101	0.163904	0.152961
-10.4048	1.15655	0.670571	0.666278	0.624123	0.516866	0.406978	0.335504	0.290776	0.281681	0.204235	0.143648	0.13853	0.176344	0.261556	0.20495	0.137535
-9.58909	1.43579	0.510544	0.4549	0.366495	0.330363	0.288068	0.292854	0.261834	0.263384	0.234102	0.218545	0.222408	0.192927	0.184893	0.169744	0.184876
-9.53367	1.48433	0.527443	0.461668	0.361154	0.318033	0.2791	0.275982	0.237695	0.251798	0.238428	0.22386	0.208939	0.20959	0.208834	0.188581	0.182713
-9.94921	1.43828	0.650117	0.514311	0.424175	0.375102	0.3332	0.320358	0.268671	0.300619	0.248392	0.24601	0.242006	0.206124	0.209296	0.187693	0.185852
-9.39279	1.43015	0.532696	0.441616	0.370724	0.333761	0.279582	0.257427	0.200891	0.218047	0.204996	0.207302	0.220336	0.186807	0.185123	0.168905	0.148458
-9.59501	1.44706	0.571613	0.468727	0.376905	0.334353	0.298089	0.295327	0.282451	0.270854	0.240434	0.219421	0.221008	0.207081	0.190285	0.180147	0.142794
-9.73159	1.43579	0.591723	0.446845	0.401543	0.348295	0.295103	0.266181	0.287237	0.259319	0.263666	0.218048	0.222728	0.23743	0.214745	0.185675	0.170146
-9.4173	1.45054	0.523294	0.428676	0.363825	0.32214	0.237032	0.233089	0.236956	0.229777	0.209385	0.164467	0.186528	0.205769	0.199365	0.170082	0.163324
-9.86654	1.36426	0.563858	0.498547	0.456384	0.364127	0.3049	0.28152	0.247826	0.299954	0.220293	0.177337	0.21885	0.247968	0.178823	0.142719	0.153721
-9.89101	1.39545	0.571741	0.479172	0.411416	0.353016	0.300467	0.283407	0.255715	0.312825	0.224247	0.20189	0.211847	0.240178	0.209128	0.133149	0.188896
-9.69451	1.33828	0.539458	0.460168	0.368253	0.31952	0.265252	0.229821	0.17667	0.259307	0.205547	0.237724	0.257022	0.239803	0.213984	0.176928	0.186091
-9.94916	1.35056	0.61427	0.42105	0.395586	0.370693	0.293346	0.273897	0.251961	0.265735	0.229693	0.234866	0.20934	0.179461	0.170794	0.190782	0.191691
-9.91461	1.38635	0.589799	0.449465	0.380545	0.333775	0.285142	0.264107	0.273287	0.239911	0.222616	0.251024	0.185258	0.198371	0.184637	0.179858	0.166309
-9.71477	1.39663	0.517348	0.398727	0.338836	0.305089	0.277235	0.223505	0.229101	0.219417	0.213608	0.196242	0.169476	0.186525	0.164466	0.224979	0.171519
-9.80149	1.38294	0.502262	0.369901	0.315704	0.25578	0.250097	0.215551	0.212562	0.204382	0.19668	0.188783	0.181438	0.201719	0.17432	0.185578	0.163665
-9.86654	1.39402	0.56403	0.43411	0.349299	0.30625	0.285257	0.282721	0.244912	0.224226	0.222273	0.210664	0.197683	0.200577	0.19536	0.164977	0.179724
-9.70145	1.37405	0.486103	0.424516	0.333318	0.30039	0.229251	0.242265	0.239044	0.2194	0.195835	0.201608	0.189669	0.203368	0.209702	0.196924	0.182079
-9.79889	1.39122	0.546535	0.422592	0.330047	0.305342	0.26226	0.264666	0.238697	0.223654	0.204862	0.232796	0.202907	0.210315	0.150711	0.191294	0.167978
-9.95488	1.33131	0.629867	0.467882	0.37327	0.309465	0.269161	0.270581	0.226467	0.221299	0.228089	0.256854	0.196172	0.172682	0.160616	0.185896	0.182435
-9.68813	1.41936	0.542423	0.430118	0.347306	0.298165	0.270585	0.249043	0.222464	0.233803	0.198371	0.202741	0.196255	0.169043	0.175451	0.168503	0.151285
-9.80256	1.35176	0.549892	0.441146	0.408723	0.337658	0.284389	0.285086	0.258315	0.226992	0.17343	0.203864	0.199549	0.160741	0.123107	0.138099	0.155918
-9.9292	1.35143	0.571409	0.436552	0.42923	0.321594	0.265627	0.270749	0.249039	0.192882	0.186371	0.217259	0.225518	0.14743	0.162751	0.168615	0.185125
-9.86329	1.38849	0.556771	0.411001	0.407472	0.332464	0.264327	0.28498	0.233864	0.218171	0.20556	0.225362	0.230833	0.148041	0.141952	0.173016	0.189566
-9.84631	1.32629	0.553898	0.428772	0.387574	0.307995	0.242764	0.263786	0.225767	0.222613	0.234069	0.217382	0.199391	0.166133	0.170521	0.18019	0.197543
-10.2381	1.20334	0.645015	0.4954	0.554448	0.449869	0.335831	0.334873	0.288939	0.277139	0.29758	0.289732	0.253662	0.216359	0.19134	0.198559	0.215777
-10.0582	1.33194	0.628424	0.458564	0.45908	0.384761	0.325182	0.309573	0.303186	0.281736	0.282368	0.271148	0.213505	0.220907	0.208406	0.154878	0.191237
-9.94809	1.38135	0.593477	0.441543	0.375377	0.324901	0.300293	0.293219	0.271128	0.213105	0.233688	0.197661	0.203823	0.214012	0.188599	0.16014	0.184547
-10.429	1.14756	0.638499	0.451354	0.451815	0.389309	0.318042	0.356036	0.294176	0.265246	0.222238	0.207843	0.211819	0.16526	0.168728	0.21919	0.288418
-10.1432	1.27284	0.568911	0.412998	0.382279	0.294326	0.255459	0.269812	0.231552	0.232567	0.182236	0.204481	0.176497	0.168331	0.167538	0.135787	0.161139
-10.3061	1.18796	0.596327	0.406527	0.354364	0.267002	0.250679	0.250383	0.197363	0.179877	0.0903698	0.0910743	0.0457432	0.133295	0.0938585	0.0792984	0.0663811
-10.5177	0.990645	0.663648	0.488276	0.489023	0.436188	0.292038	0.291402	0.208492	0.144162	0.0978071	0.111608	0.127958	0.187075	0.156764	0.149029	0.0879329
-10.263	1.18171	0.657134	0.416811	0.384804	0.367487	0.24889	0.271483	0.209874	0.185747	0.196235	0.173347	0.18834	0.128357	0.161657	0.144035	0.114895
-9.01652	1.50857	0.42289	0.387034	0.257746	0.244564	0.203531	0.15743	0.13258	0.116937	0.122661	0.0834495	0.0962594	0.0690888	0.069512	0.0835451	0.0773861
-8.28433	1.45176	0.357356	0.331128	0.196541	0.187091	0.14533	0.102781	0.0813696	0.0652551	0.0723793	0.0362466	0.0488665	0.0265838	0.0242703	0.0381441	0.0310665
