1.085819999999999936e+03
1.085819999999999936e+03
1.085819999999999936e+03
1.085819999999999936e+03
1.085819999999999936e+03
1.085819999999999936e+03
1.085819999999999936e+03
1.085819999999999936e+03
1.085819999999999936e+03
1.085819999999999936e+03
1.085819999999999936e+03
1.085819999999999936e+03
1.085819999999999936e+03
1.085819999999999936e+03
1.085819999999999936e+03
1.085819999999999936e+03
1.085819999999999936e+03
1.085819999999999936e+03
1.085819999999999936e+03
1.085819999999999936e+03
1.085819999999999936e+03
1.085819999999999936e+03
1.085819999999999936e+03
1.085819999999999936e+03
1.085819999999999936e+03
1.085819999999999936e+03
1.085819999999999936e+03
1.085819999999999936e+03
1.085819999999999936e+03
1.085819999999999936e+03
1.085819999999999936e+03
1.085819999999999936e+03
1.085819999999999936e+03
1.085819999999999936e+03
1.085819999999999936e+03
1.085819999999999936e+03
1.085819999999999936e+03
1.085819999999999936e+03
1.085819999999999936e+03
1.085819999999999936e+03
1.085819999999999936e+03
1.085819999999999936e+03
1.085819999999999936e+03
1.085819999999999936e+03
1.085819999999999936e+03
1.085819999999999936e+03
1.085819999999999936e+03
1.085819999999999936e+03
1.085819999999999936e+03
1.085819999999999936e+03
1.085819999999999936e+03
1.085819999999999936e+03
1.085819999999999936e+03
1.085819999999999936e+03
1.085819999999999936e+03
1.085819999999999936e+03
1.085819999999999936e+03
1.085819999999999936e+03
1.085819999999999936e+03
1.085819999999999936e+03
1.085819999999999936e+03
1.085819999999999936e+03
1.085819999999999936e+03
1.085819999999999936e+03
1.085819999999999936e+03
1.085819999999999936e+03
1.085819999999999936e+03
1.085819999999999936e+03
1.085819999999999936e+03
1.085819999999999936e+03
1.703119999999999891e+03
4.772140000000000327e+03
4.772140000000000327e+03
4.772140000000000327e+03
3.480730000000000018e+03
3.480730000000000018e+03
3.480730000000000018e+03
3.500000000000000000e+03
4.968750000000000000e+03
4.968750000000000000e+03
4.968750000000000000e+03
2.486769999999999982e+03
1.765619999999999891e+03
1.679440000000000055e+03
1.679440000000000055e+03
1.694140000000000100e+03
1.694140000000000100e+03
1.116990000000000009e+03
1.116990000000000009e+03
1.147605833333333294e+03
1.178221666666666806e+03
1.208837500000000091e+03
1.239453333333333376e+03
1.270069166666666661e+03
1.300684999999999945e+03
1.331300833333333458e+03
1.361916666666666742e+03
1.392532500000000027e+03
1.423148333333333539e+03
1.453764166666666824e+03
1.484380000000000109e+03
1.484380000000000109e+03
1.656250000000000000e+03
1.656250000000000000e+03
2.165719999999999800e+03
2.165719999999999800e+03
2.165719999999999800e+03
2.165719999999999800e+03
2.165719999999999800e+03
2.341289999999999964e+03
4.211369999999999891e+03
4.502920000000000073e+03
6.074920000000000073e+03
6.562500000000000000e+03
6.562500000000000000e+03
6.281710000000000036e+03
6.074920000000000073e+03
5.288390000000000327e+03
5.288390000000000327e+03
5.288390000000000327e+03
3.688000000000000000e+03
3.688000000000000000e+03
3.752610000000000127e+03
3.688000000000000000e+03
2.076179999999999836e+03
3.752610000000000127e+03
2.076179999999999836e+03
2.076179999999999836e+03
1.360250000000000000e+03
2.946050000000000182e+03
2.064639999999999873e+03
2.428019999999999982e+03
2.428019999999999982e+03
2.946050000000000182e+03
3.640619999999999891e+03
4.705039999999999964e+03
4.705039999999999964e+03
4.705039999999999964e+03
4.514979999999999563e+03
4.514979999999999563e+03
2.846170000000000073e+03
2.846170000000000073e+03
3.113769999999999982e+03
3.218750000000000000e+03
3.113769999999999982e+03
3.113769999999999982e+03
3.095289999999999964e+03
3.000000000000000000e+03
3.000000000000000000e+03
2.764989999999999782e+03
2.767380000000000109e+03
2.767380000000000109e+03
2.767380000000000109e+03
2.767380000000000109e+03
2.977119999999999891e+03
3.515619999999999891e+03
3.515619999999999891e+03
3.515619999999999891e+03
2.740690000000000055e+03
2.740690000000000055e+03
2.740690000000000055e+03
4.578119999999999891e+03
4.622369999999999891e+03
4.680140000000000327e+03
5.393680000000000291e+03
5.393680000000000291e+03
5.393680000000000291e+03
4.314810000000000400e+03
3.677260000000000218e+03
2.933869999999999891e+03
2.888690000000000055e+03
2.888690000000000055e+03
2.734989999999999782e+03
2.734989999999999782e+03
2.730769999999999982e+03
1.178359999999999900e+03
1.167627999999999929e+03
1.156895999999999958e+03
1.146163999999999987e+03
1.135432000000000016e+03
1.124699999999999818e+03
1.113967999999999847e+03
1.103235999999999876e+03
1.092503999999999905e+03
1.081771999999999935e+03
1.071039999999999964e+03
1.060307999999999993e+03
1.049576000000000022e+03
1.038844000000000051e+03
1.028112000000000080e+03
1.017379999999999995e+03
1.265500000000000000e+03
1.546150000000000091e+03
2.623710000000000036e+03
3.087510000000000218e+03
4.259760000000000218e+03
5.765779999999999745e+03
6.101670000000000073e+03
6.578119999999999891e+03
6.578119999999999891e+03
6.370220000000000255e+03
6.370220000000000255e+03
2.897170000000000073e+03
2.897170000000000073e+03
2.674280000000000200e+03
2.598550000000000182e+03
2.598550000000000182e+03
2.177869999999999891e+03
1.354160000000000082e+03
1.354160000000000082e+03
1.284859999999999900e+03
1.210640000000000100e+03
1.210640000000000100e+03
1.210640000000000100e+03
1.083160000000000082e+03
1.081944166666666661e+03
1.080728333333333467e+03
1.079512500000000045e+03
1.078296666666666624e+03
1.077080833333333430e+03
1.075865000000000009e+03
1.074649166666666588e+03
1.073433333333333394e+03
1.072217499999999973e+03
1.071001666666666551e+03
1.069785833333333358e+03
1.068569999999999936e+03
1.252809999999999945e+03
2.338599999999999909e+03
3.386989999999999782e+03
3.386989999999999782e+03
3.386989999999999782e+03
3.386989999999999782e+03
3.386989999999999782e+03
3.500000000000000000e+03
3.537130000000000109e+03
3.917400000000000091e+03
3.917400000000000091e+03
4.268239999999999782e+03
4.268239999999999782e+03
3.349039999999999964e+03
2.847110000000000127e+03
1.500109999999999900e+03
1.500109999999999900e+03
1.230630000000000109e+03
1.410240000000000009e+03
1.230630000000000109e+03
1.410240000000000009e+03
1.410240000000000009e+03
3.047000000000000000e+03
4.185310000000000400e+03
5.122989999999999782e+03
5.454340000000000146e+03
5.506229999999999563e+03
5.578119999999999891e+03
7.659760000000000218e+03
5.506229999999999563e+03
7.265619999999999891e+03
7.699439999999999600e+03
7.679939999999999600e+03
7.265619999999999891e+03
7.532760000000000218e+03
7.679939999999999600e+03
7.679939999999999600e+03
7.532760000000000218e+03
7.684149999999999636e+03
7.684149999999999636e+03
6.418899999999999636e+03
6.418899999999999636e+03
5.529909999999999854e+03
5.496880000000000109e+03
5.496880000000000109e+03
5.496880000000000109e+03
4.511329999999999927e+03
5.274000000000000000e+03
4.511329999999999927e+03
4.367979999999999563e+03
1.127359999999999900e+03
1.143869333333333316e+03
1.160378666666666504e+03
1.176887999999999920e+03
1.193397333333333336e+03
1.209906666666666524e+03
1.226415999999999940e+03
1.242925333333333356e+03
1.259434666666666544e+03
1.275943999999999960e+03
1.292453333333333376e+03
1.308962666666666564e+03
1.325471999999999980e+03
1.341981333333333396e+03
1.358490666666666584e+03
1.375000000000000000e+03
1.511849999999999909e+03
1.656250000000000000e+03
1.746170000000000073e+03
1.758930000000000064e+03
1.746170000000000073e+03
1.656250000000000000e+03
1.213180000000000064e+03
1.213180000000000064e+03
1.213180000000000064e+03
1.213180000000000064e+03
1.213180000000000064e+03
1.213180000000000064e+03
1.213180000000000064e+03
1.213180000000000064e+03
1.213180000000000064e+03
1.213180000000000064e+03
1.213180000000000064e+03
1.213180000000000064e+03
1.213180000000000064e+03
1.213180000000000064e+03
1.213180000000000064e+03
1.213180000000000064e+03
1.213180000000000064e+03
1.213180000000000064e+03
1.213180000000000064e+03
1.213180000000000064e+03
1.213180000000000064e+03
1.213180000000000064e+03
1.213180000000000064e+03
1.213180000000000064e+03
1.213180000000000064e+03
1.213180000000000064e+03
1.213180000000000064e+03
1.213180000000000064e+03
1.213180000000000064e+03
1.213180000000000064e+03
1.213180000000000064e+03
1.213180000000000064e+03
1.213180000000000064e+03
1.213180000000000064e+03
1.213180000000000064e+03
1.213180000000000064e+03
1.213180000000000064e+03
1.213180000000000064e+03
1.213180000000000064e+03
1.213180000000000064e+03
1.213180000000000064e+03
1.213180000000000064e+03
1.213180000000000064e+03
1.213180000000000064e+03
1.213180000000000064e+03
1.213180000000000064e+03
1.213180000000000064e+03
1.213180000000000064e+03
1.213180000000000064e+03
1.213180000000000064e+03
1.213180000000000064e+03
1.213180000000000064e+03
1.213180000000000064e+03
1.213180000000000064e+03
1.213180000000000064e+03
1.213180000000000064e+03
1.213180000000000064e+03
1.213180000000000064e+03
1.213180000000000064e+03
1.213180000000000064e+03
1.213180000000000064e+03
1.213180000000000064e+03
