0
0
0
0
0
0
0
0
0
0
0
0
0
0
0
0
0
0
0
0
0
0
0
0
0
0
0
0
0
0
0
0
0
0
0
0
0
0
0
1039.92
1287.81
3328.4
3328.4
4119.73
4250
5540.53
5540.53
7741.1
5540.53
5531.39
5531.39
7544.81
7544.81
7590.74
7895.77
7895.77
7895.77
7500
7357.82
7315.51
7315.51
7306.37
7306.37
7306.37
7315.92
7593.75
7593.75
7593.75
5114.67
3859.38
2992.23
2992.23
3859.38
3937.2
4794.06
4949.11
5734.38
4949.11
4949.11
4395.82
4395.82
4359.28
4211.67
4211.67
5481.18
5617.19
5617.19
5617.19
3367.43
2703.12
2226.56
1546.88
1242.19
1092.83
1058.03
1058.03
0
0
0
0
0
0
0
0
0
0
0
0
0
0
0
0
0
0
0
0
1100.24
1437.5
1437.5
1446.74
1446.74
3875
3875
3875
3609.38
2343.75
1863.77
1286.53
1181.56
0
0
0
0
0
0
0
0
0
0
0
0
0
0
0
0
0
1781.2
1781.2
3320.42
3381.52
4180.95
4274.3
5218.94
5218.94
7786.43
7786.43
7786.43
7788.28
7788.28
7788.28
7788.28
7697.29
7337.97
7697.29
6156.25
6156.25
7725.44
7725.44
7627.19
7627.19
2593.75
1673.64
1673.64
2121.74
1260.99
1260.99
1215.67
0
0
0
0
0
0
0
0
0
0
0
0
0
0
0
0
0
0
0
0
0
0
0
0
0
0
0
0
0
0
0
0
0
0
0
0
0
0
0
0
0
0
0
0
0
0
0
0
0
0
0
0
0
0
0
0
0
0
0
0
0
0
0
0
0
0
0
0
0
0
0
0
0
