-9.29922	1.45469	0.42349	0.400446	0.260777	0.202997	0.142782	0.201518	0.113177	0.0981031	0.0929737	0.0949612	0.128332	0.0196702	0.000415931	0.00441984	0.0679544
-9.74373	1.41188	0.572515	0.48268	0.349166	0.303313	0.212076	0.292322	0.164063	0.169285	0.207749	0.145454	0.204076	0.0773682	0.0212777	0.0473713	0.129838
-10.3577	1.02781	0.650081	0.499654	0.35381	0.393966	0.236405	0.333096	0.380313	0.384135	0.347676	0.210026	0.177331	0.150638	0.0981021	0.088742	0.157006
-10.3871	1.06015	0.686704	0.523588	0.368226	0.365671	0.266386	0.338165	0.325655	0.239258	0.246216	0.273748	0.185975	0.139856	0.155823	0.121489	0.169567
-10.3749	1.07689	0.685492	0.543221	0.425182	0.374357	0.311091	0.335441	0.31682	0.24058	0.279697	0.287926	0.188448	0.145841	0.192762	0.139069	0.150999
-10.4505	1.02253	0.660813	0.530662	0.433141	0.366407	0.33068	0.323989	0.281447	0.235507	0.264693	0.200395	0.199175	0.254688	0.321516	0.20995	0.126549
-10.2297	1.17818	0.606641	0.43909	0.363428	0.363443	0.287929	0.251973	0.266528	0.272483	0.244814	0.199531	0.234666	0.222382	0.241219	0.174234	0.138034
-10.4043	1.11143	0.627313	0.452199	0.422069	0.501978	0.362062	0.265317	0.319695	0.263812	0.207351	0.247693	0.220537	0.134565	0.148391	0.0753029	0.144566
-10.3511	1.12662	0.583279	0.467141	0.388958	0.353295	0.269728	0.237131	0.268336	0.267582	0.201076	0.255599	0.261933	0.209438	0.14807	0.0992075	0.171718
-10.3192	1.16255	0.628325	0.479816	0.3963	0.313905	0.277326	0.229857	0.18914	0.257638	0.197402	0.189913	0.181983	0.242888	0.151388	0.16536	0.141585
-10.5075	0.987499	0.623394	0.555094	0.51875	0.385315	0.293851	0.211025	0.233609	0.349618	0.293054	0.21546	0.170671	0.26351	0.129944	0.117033	0.109407
-10.3119	1.1387	0.562155	0.438539	0.457167	0.364064	0.257236	0.218231	0.231156	0.293619	0.1919	0.16791	0.154369	0.220265	0.151536	0.126366	0.186151
-10.4003	1.01143	0.555193	0.335025	0.415932	0.400224	0.255256	0.305178	0.234046	0.346717	0.159954	0.0640339	0.137811	0.216294	0.194095	0.0778067	0.100365
-10.325	0.940606	0.474468	0.227204	0.353481	0.351816	0.161863	0.214446	0.129253	0.259936	0.157643	0.0380014	0.133782	0.160392	0.153862	0.0377292	0.0971246
-10.4127	0.873318	0.516008	0.303594	0.36385	0.333559	0.245923	0.224469	0.177194	0.311587	0.232285	0.11744	0.104744	0.155374	0.183635	0.107787	0.187129
-10.4375	0.940472	0.571337	0.411197	0.470472	0.413617	0.284426	0.311512	0.293066	0.274811	0.194187	0.214042	0.0890584	0.0702562	0.119403	0.114422	0.119245
-10.3331	1.08918	0.586329	0.426311	0.430091	0.359109	0.225847	0.337153	0.335943	0.198596	0.130505	0.281315	0.175456	0.0533207	0.11285	0.152269	0.122979
-10.4031	1.04296	0.552052	0.383031	0.431131	0.378873	0.259286	0.316668	0.289809	0.256862	0.138802	0.268012	0.22191	0.126093	0.214766	0.211419	0.160976
-10.4074	1.03873	0.603731	0.372391	0.431827	0.421315	0.274467	0.186669	0.186892	0.321852	0.231222	0.257537	0.213337	0.152632	0.192407	0.129219	0.119957
-10.3505	1.08253	0.569636	0.356244	0.435452	0.379373	0.25237	0.135499	0.249879	0.307854	0.185384	0.200104	0.153982	0.179674	0.175103	0.125321	0.0619324
-10.4319	0.952634	0.494977	0.438787	0.528324	0.346909	0.1351	0.111401	0.272256	0.296499	0.160632	0.207685	0.119536	0.176465	0.152718	0.118267	0.0342054
-10.4149	0.959774	0.484955	0.41458	0.521419	0.330534	0.12487	0.126047	0.16923	0.208568	0.120738	0.165879	0.0645029	0.0883639	0.0488459	0.0804891	0.0345399
-10.4686	0.945427	0.44505	0.364336	0.431157	0.271821	0.151	0.213102	0.218595	0.24562	0.205384	0.208265	0.117695	0.173663	0.0901357	0.141718	0.146395
-10.4958	0.928618	0.46775	0.387381	0.42038	0.3435	0.288167	0.257475	0.132917	0.259287	0.246181	0.170676	0.103863	0.14398	0.0750493	0.123216	0.222332
-10.4255	0.968436	0.470541	0.371622	0.422969	0.314812	0.207532	0.208856	0.130258	0.258133	0.208252	0.151702	0.134039	0.182128	0.11944	0.0949223	0.182806
-10.4763	0.930565	0.430297	0.278188	0.288955	0.221831	0.139782	0.188325	0.177242	0.195283	0.174688	0.144569	0.146299	0.139178	0.116712	0.0848215	0.149439
-10.4444	0.973859	0.503598	0.339668	0.356058	0.297789	0.215131	0.202616	0.19741	0.195153	0.182144	0.169324	0.2056	0.137828	0.0646438	0.0473009	0.0422389
-10.3447	0.998271	0.526087	0.323418	0.312023	0.301321	0.275436	0.21584	0.149544	0.18072	0.183447	0.193751	0.208142	0.178555	0.176468	0.205434	0.0984109
-10.345	1.01935	0.556498	0.332724	0.330646	0.397894	0.303501	0.260001	0.20793	0.21641	0.170239	0.21261	0.172882	0.180886	0.235817	0.249467	0.135971
-10.3603	1.10368	0.662328	0.402393	0.302962	0.303393	0.176341	0.136197	0.179492	0.216591	0.152983	0.209302	0.237723	0.213573	0.222792	0.185799	0.153889
-10.2762	1.10593	0.571953	0.371134	0.276534	0.261622	0.192356	0.169214	0.180503	0.255906	0.221773	0.147716	0.218898	0.170718	0.153071	0.127644	0.116427
-10.3471	1.03149	0.477577	0.344214	0.300329	0.31227	0.262798	0.169016	0.130855	0.245766	0.227768	0.143979	0.233706	0.195381	0.0893346	0.111153	0.117874
-9.91085	1.44413	0.611225	0.421018	0.352316	0.270299	0.160481	0.147169	0.0577047	0.127347	0.121643	0.103034	0.138045	0.136109	0.167437	0.120055	0.135
-9.49666	1.57644	0.501976	0.518528	0.537673	0.278356	0.0821035	0.195809	0.0459928	0.00172913	0.0737635	0.120536	0.0487947	0.116936	0.249909	0.0824925	0.0830077
-9.35487	1.70335	0.349914	0.698645	0.886946	0.318269	-0.148411	0.0163269	-0.209101	-0.244076	-0.0295114	0.0709966	0.159548	0.279378	0.269526	0.0806598	0.165205
-8.85817	1.6382	0.227921	0.788111	0.879476	0.356292	-0.23295	0.10491	-0.259348	-0.269666	0.031323	0.0957439	0.207338	0.134648	0.238194	0.203812	0.241912
-8.35203	1.70643	0.250954	0.720539	0.942011	0.451657	-0.13278	0.166372	-0.300088	-0.279761	0.000955366	-0.0318432	0.0936593	-0.0895082	0.0275705	0.131958	0.150536
-7.02132	1.5238	0.468348	0.406273	0.305831	0.274315	0.180317	0.1053	0.00794138	-0.0334785	-0.0311835	-0.0614668	-0.0892001	-0.129096	-0.11954	-0.0939167	-0.0428581
-8.17993	2.301	0.594421	0.911984	0.997377	0.782234	0.261774	-0.0237942	-0.35018	-0.244959	0.233041	0.0355975	0.263519	-0.239849	0.211975	-0.162849	0.037807
-6.37477	3.23406	-0.0533765	0.923586	0.759952	0.388128	-0.0952722	0.305588	-0.188939	-0.115535	0.182525	-0.177617	0.255385	0.0468111	0.20116	-0.0211109	-0.249767
-5.75236	2.99498	-0.240787	0.50502	0.308071	0.29284	-0.473713	0.140722	-1.02495	-0.568535	-0.171487	-0.416493	-0.306942	-0.320552	-0.165055	-0.292776	-0.401188
-5.65345	2.71118	-0.0950042	0.848235	0.515527	0.239441	-0.64335	-0.0934743	-0.997427	-0.498118	-0.0986902	-0.1969	-0.00304443	-0.393484	-0.202904	-0.332478	-0.245583
-4.72392	3.23311	-0.149108	0.239836	0.161989	0.181392	-0.241374	0.110895	-0.45703	-0.175119	-0.0568186	-0.0814857	-0.339208	0.0407499	-0.348276	0.0257278	-0.106002
-4.06229	3.16224	-0.914024	0.0394133	-0.192624	0.0550333	0.0399556	0.116956	-0.467594	-0.0257405	-0.0792812	-0.382711	-0.333832	-0.42117	-0.114648	0.0577068	-0.0711342
-3.77908	2.82363	-0.986768	0.0970427	-0.223533	0.483236	0.0472523	0.310497	-0.470915	-0.0986575	-0.0814613	-0.406876	-0.149869	-0.249179	-0.184315	-0.117717	0.047245
-3.74261	2.97374	-0.932649	-0.337318	-0.0396308	0.394703	0.031219	0.177921	-0.434224	-0.115655	-0.297444	-0.312674	-0.361051	-0.246233	-0.190479	-0.116314	-0.0551076
-3.74948	3.06285	-0.778896	-0.239991	-0.0588877	0.625673	-0.0148523	0.0744951	-0.220636	-0.172406	-0.202839	-0.365835	-0.187928	-0.175024	-0.172235	-0.0653842	0.127781
-3.77823	2.93329	-0.714368	-0.228957	-0.118991	0.538451	0.199177	-0.0189771	-0.373609	0.0435725	-0.284741	-0.652591	-0.10834	-0.1313	-0.391863	-0.000944215	0.084801
-3.67297	2.88602	-0.906622	-0.00936704	-0.160724	0.320085	0.117691	0.0811517	-0.508936	-0.0874821	-0.268267	-0.558484	-0.226439	-0.152005	-0.253554	-0.0827441	-0.0962646
-3.39236	2.7181	-0.984704	0.0133179	-0.0749719	0.238535	0.118372	0.0817897	-0.531308	0.112616	-0.535661	-0.388561	-0.163657	-0.245473	-0.116701	-0.15433	-0.0702919
-3.45692	2.86292	-1.04453	-0.0100908	-0.172421	0.295663	-0.122371	0.0946641	-0.508762	0.0589686	-0.445232	-0.573785	-0.0578832	-0.254051	-0.233733	-0.0687589	-0.244719
-3.45858	2.90237	-0.95459	-0.0843089	-0.0893642	0.207458	-0.12165	-0.0619715	-0.297639	0.0271421	-0.509119	-0.40796	-0.208573	-0.119716	-0.33446	-0.0137239	-0.257947
-3.35129	2.67557	-0.788066	-0.114533	-0.169492	0.258386	-0.313744	0.0801401	-0.401427	0.128371	-0.536426	-0.344613	-0.252009	-0.25178	-0.170013	-0.216983	-0.197014
-3.2299	2.59346	-0.73905	-0.0117888	-0.231555	0.222267	-0.303635	0.0647661	-0.369304	0.26578	-0.56501	-0.259239	-0.168175	-0.289958	-0.1344	-0.204023	-0.183918
-3.2419	2.70177	-0.779758	0.0875589	-0.199802	0.148929	-0.351462	0.152392	-0.306265	0.254785	-0.433721	-0.291995	-0.0540337	-0.269624	-0.135768	-0.16401	-0.12409
-3.39711	2.93511	-0.912988	-0.00460129	-0.175653	0.00814628	-0.516228	0.24658	-0.467928	0.312717	-0.451117	-0.300195	-0.11058	-0.219433	-0.213889	-0.104296	-0.321266
-3.14967	2.7256	-0.599818	-0.179396	-0.187226	0.0851512	-0.536407	0.234839	-0.359293	0.264159	-0.215886	-0.350548	-0.0255366	-0.0993119	-0.250151	-0.113809	-0.163728
-3.19632	2.93887	-0.795814	-0.139156	-0.132556	-0.0319608	-0.414941	-0.0143492	-0.220188	0.211253	-0.101889	-0.330328	0.0539726	-0.154516	-0.199085	-0.168286	-0.153385
-3.27692	2.97773	-0.736447	-0.238171	-0.0124027	-0.241611	-0.324762	-0.0738694	-0.454122	0.565478	-0.352401	-0.111891	0.00759637	-0.193588	-0.210603	-0.195561	-0.184198
-3.22162	2.75265	-0.591242	-0.203512	-0.155372	-0.125674	-0.423557	-0.164087	-0.524394	0.58903	-0.234391	-0.156995	0.0421133	-0.263753	-0.170691	-0.209077	-0.269765
-3.5542	3.05579	-0.527776	-0.0971281	-0.310194	-0.0502777	-0.276601	-0.283423	-0.399959	0.458797	-0.102385	-0.159128	0.0545994	-0.246991	-0.0206192	-0.177609	-0.281246
-3.65528	3.06756	-0.0650688	-0.00354996	-0.0685583	0.350669	-0.0898579	-0.148488	-0.446148	0.496321	-0.0720828	0.228789	0.110175	0.028159	0.160885	0.0141736	0.0362849
-3.91865	2.96113	0.250956	0.276344	-0.138842	0.51152	0.0345695	-0.282351	-0.44491	0.25224	0.00525685	0.303506	0.061603	0.250185	0.0273582	0.10563	0.102497
-3.80978	2.88455	0.376703	0.403257	-0.409243	0.764491	0.0373323	-0.0270332	-0.431113	0.153289	0.112827	0.421392	0.178449	0.0946962	0.13423	0.0601557	0.323632
-4.03931	3.07039	0.500097	0.197489	-0.363161	0.697014	0.0748957	0.0179635	-0.486926	0.200958	-0.0356275	0.638127	0.00150506	0.171784	0.00658952	0.111798	0.252218
-3.86644	2.68722	0.38459	0.360509	-0.499693	0.731314	0.0013223	0.00711497	-0.416097	0.110274	-0.0806041	0.482847	0.0719744	0.134898	0.0106551	-0.00311196	0.144159
-3.9404	2.59009	0.351982	0.308066	-0.628307	0.680723	0.00646198	0.0122887	-0.498808	0.0815945	-0.279559	0.53676	-0.0612593	0.134831	-0.120722	-0.0236025	0.0712743
-4.04693	2.6238	0.454911	0.283986	-0.698517	0.67589	0.0460306	0.0107769	-0.466553	-0.0606272	-0.276625	0.517005	-0.00951312	0.0875092	-0.102944	-0.146388	0.156492
-4.16437	2.73128	0.486356	0.211984	-0.701876	0.584538	0.126077	-0.095564	-0.379921	-0.262361	-0.127061	0.326922	0.0657665	-0.0330209	-0.0448663	-0.212378	0.207596
-3.96302	2.6325	0.580267	0.281761	-0.579748	0.645334	0.145126	-0.0763039	-0.313165	-0.0742122	-0.142467	0.40853	-0.00687199	0.0494608	0.0400139	-0.164396	0.30454
-3.94163	2.66306	0.573738	0.314571	-0.65225	0.713902	0.0118625	-0.0502342	-0.303002	-0.0424598	-0.0879996	0.357359	-0.00663014	0.0713279	0.0378256	-0.174903	0.324461
-3.83994	2.60663	0.607869	0.238823	-0.614926	0.649247	0.0694083	-0.0910795	-0.233538	-0.122171	-0.030875	0.24692	0.0421475	0.0573292	0.0333603	-0.18162	0.37378
-3.78984	2.57014	0.570876	0.242486	-0.674577	0.664273	0.0197623	-0.071664	-0.330791	-0.0235515	-0.174516	0.331415	-0.00149203	0.0655105	-0.038369	-0.102716	0.373917
-3.65721	2.51723	0.476908	0.207935	-0.557862	0.438346	0.146418	-0.142459	-0.179035	-0.186848	-0.0299403	0.221951	0.0147161	0.0024666	0.0147371	-0.092632	0.394498
-3.57309	2.76066	0.384754	0.0953032	-0.638457	0.59704	0.147646	-0.186848	-0.159875	0.0449784	0.014772	0.0627163	0.163111	-0.0661165	-0.0340503	-0.0410346	0.496156
-2.93129	2.51239	-0.145938	0.225502	-0.662534	0.421577	0.0917496	-0.0744163	-0.0363941	0.145839	-0.0422185	0.134249	0.116076	-0.242977	0.156888	-0.21181	0.502597
-2.69725	2.41932	-0.511593	-0.0861614	-0.612626	0.348695	0.105086	-0.278343	0.00499947	0.313947	0.164994	0.0536249	0.0142637	-0.323491	0.0426092	-0.150222	0.145333
-2.5418	2.45779	-0.760468	-0.00254889	-0.633557	0.442169	0.14251	-0.0943596	0.0236998	0.43768	0.00201032	0.0513715	-0.0814111	-0.313616	0.0847337	-0.0964816	0.235338
-2.48778	2.40206	-0.788608	0.0271116	-0.567293	0.402947	0.175141	-0.120078	0.157822	0.40122	-0.0735698	0.00155426	-0.0897439	-0.183137	0.122501	-0.167313	0.242445
-2.41936	2.38299	-0.825427	0.00531529	-0.485753	0.390392	0.147966	-0.0264102	0.11387	0.480704	-0.205525	-0.0324403	-0.123147	-0.100569	0.148656	-0.168685	0.277486
-2.38599	2.41446	-0.963267	-0.00546188	-0.407839	0.369277	0.119071	0.0321872	0.169949	0.411443	-0.248203	-0.0746645	-0.0984509	-0.0140908	0.0830713	-0.135128	0.240925
-2.29183	2.34123	-0.952978	0.00299515	-0.300242	0.297074	0.193236	0.0519544	0.176114	0.425693	-0.34139	-0.14564	-0.0508733	-0.0406634	0.144599	-0.11823	0.373091
-2.24252	2.23282	-0.933523	0.0362532	-0.303366	0.264547	0.21198	0.080906	0.185573	0.360329	-0.327229	-0.222589	0.00726282	-0.0276626	0.138426	-0.0928116	0.324007
-2.22491	2.25089	-1.00409	0.126414	-0.285791	0.280788	0.216373	0.132752	0.194916	0.303597	-0.376317	-0.238552	-0.00591551	0.00822471	0.155044	-0.0515598	0.367947
-2.19752	2.30319	-1.09079	0.219598	-0.281482	0.402037	0.15209	0.26067	0.144188	0.217972	-0.430627	-0.251208	-0.0131565	0.0173544	0.200097	0.0635487	0.47978
-2.17506	2.27015	-1.00817	0.117969	-0.154329	0.307929	0.244212	0.200803	0.165957	0.15296	-0.455956	-0.306167	0.0426492	0.0804746	0.224167	0.071838	0.491875
-2.21204	2.38458	-1.09512	0.179328	-0.13624	0.297844	0.268407	0.156098	0.159125	0.0799312	-0.449081	-0.350018	0.137337	0.0931071	0.257819	0.0545516	0.507356
-2.23933	2.32196	-1.12864	0.136713	-0.13788	0.284211	0.144098	0.202331	0.0772271	0.132735	-0.471379	-0.149019	0.0931122	0.163261	0.00300241	0.0341643	0.266308
-2.16874	2.41378	-0.9414	0.157146	0.151002	0.235913	0.276528	0.107387	0.07989	-0.0857921	-0.574909	-0.265483	0.175338	0.287629	0.391364	0.114396	0.80258
-2.12033	2.28362	-1.02269	0.15907	-0.0110297	0.210573	0.168849	0.14869	0.00131305	0.0122619	-0.460965	-0.177935	0.229327	0.187176	0.159069	-0.007839	0.494791
-2.11866	2.20298	-1.00072	0.0639828	0.048383	0.153898	0.139484	0.180649	0.00612495	0.0421733	-0.461566	-0.0831045	0.196896	0.169948	-0.0201732	0.0186755	0.338461
-2.22148	2.46252	-1.07909	0.125345	0.119245	0.0979611	0.164625	0.120074	-0.10632	0.0725857	-0.478346	-0.0423217	0.234472	0.186076	0.0599215	-0.058014	0.527983
-2.17399	2.30387	-0.945565	0.0672353	0.0820548	0.131178	0.121599	0.10705	-0.0518154	0.031951	-0.432952	0.0131996	0.201247	0.160052	-0.030836	-0.0163448	0.427096
-2.32672	2.48923	-0.907944	0.0232544	0.126998	0.0884851	0.025792	0.171783	-0.154151	0.136962	-0.438805	0.0949066	0.094561	0.201033	-0.0666629	-0.00168421	0.363756
-2.50035	2.65937	-0.895654	0.0154926	0.0189009	0.141214	-0.0559904	0.206578	-0.155401	0.170859	-0.30549	-0.0472752	0.159891	0.138739	-0.149632	0.0466287	0.209559
-2.74647	2.89999	-0.716957	-0.270808	0.242644	0.0520834	-0.151316	0.30084	-0.164857	0.121519	-0.195854	-0.0881822	0.0781988	0.297997	-0.366155	0.179754	0.129702
-2.83157	2.91751	-0.70914	-0.0224928	-0.140526	0.318613	-0.2063	0.168312	-0.039023	0.19575	-0.412646	0.0961128	0.0379184	0.194842	-0.220713	0.0893041	0.120957
-3.00829	2.92635	-0.292184	-0.325155	-0.0353805	0.263345	0.00570488	-0.17211	0.227359	0.0461596	-0.394284	0.116692	0.0676071	0.150355	-0.172811	0.147574	0.0528204
-3.05433	2.88044	-0.338363	-0.157264	0.00147505	0.0624877	0.0325165	0.0470043	0.0115672	0.146121	-0.212103	-0.153602	0.123216	0.190249	-0.268756	0.0938905	0.0334469
-3.0932	2.70362	-0.111272	0.0632417	-0.196128	-0.0506643	0.187426	0.0360782	-0.160313	0.304207	-0.380551	0.138984	-0.0937552	0.221914	-0.237593	0.125334	0.0928745
-3.44377	2.83819	0.0437219	0.0454701	0.0579081	-0.209621	-0.115963	0.356593	-0.0351323	0.101891	-0.226402	-0.0474152	-0.0637141	0.274226	-0.347034	0.236379	-0.0381184
-3.40216	2.80203	-0.192431	0.1059	0.114474	-0.0322782	-0.273742	0.239681	-0.0401648	0.335119	-0.370441	-0.0561542	-0.0309543	0.230733	-0.228783	0.0906735	0.201038
-4.12933	2.87383	0.162252	0.203566	-0.310931	0.306161	0.267301	0.210427	0.157376	0.154421	-0.538511	-0.449102	0.14234	0.438076	-0.174767	-0.268126	-0.596873
-4.81391	2.36326	1.16908	0.646714	-0.445358	-0.276706	0.130453	0.492559	-0.113144	-0.163438	-0.238275	0.00757047	0.0800814	0.0465762	0.0544571	-0.115097	0.0946517
-4.8091	1.33039	0.909135	0.0711391	0.237851	0.592366	-0.179625	0.100824	0.237806	-0.167292	-0.292989	-0.244332	0.197927	0.0154745	-0.0942741	-0.0637526	-0.135651
-5.03735	0.929204	0.83715	0.103583	0.289235	0.155995	0.00133166	-0.21115	-0.023799	0.0501193	-0.0309822	-0.0430053	-0.018582	-0.00720958	-0.0803789	0.101952	0.254956
-5.16188	-0.00144792	0.718092	-0.00228355	0.348404	0.248105	-0.0812723	0.228309	0.0769846	0.0370906	-0.171863	0.00601681	0.100623	-0.0223615	-0.112039	-0.0467348	-0.0910542
-5.1543	-0.202094	0.614171	0.0091344	0.155767	0.394847	0.0550685	0.289517	-0.0223302	-0.111254	-0.236733	-0.0352371	0.145062	0.021462	-0.0698486	-0.0657587	-0.0848554
-5.35356	-0.269721	0.749818	0.0201396	0.251778	0.527103	0.0886949	0.345672	0.1222	0.00921503	-0.177453	-0.0664518	0.244361	0.139293	-0.038479	-0.0443882	0.0121419
-5.59385	-0.406469	0.889596	0.205366	0.430693	0.503489	-0.110598	0.250198	0.220466	0.217695	0.0279906	0.0523322	0.232354	0.192551	0.102565	0.0683761	-0.0125594
-5.57773	-0.50647	0.906391	0.0935654	0.520524	0.463405	-0.0760975	0.369615	0.153714	0.269813	0.0532946	0.167906	0.284388	0.134828	0.137018	-0.0432326	-0.0181
-5.56198	-0.610155	0.837454	-0.00562274	0.530949	0.334292	-0.0842949	0.377335	0.0899171	0.308559	0.00074798	0.216955	0.35448	0.0223944	0.145142	0.0035317	0.0360405
-5.60421	-0.797175	0.882541	-0.10142	0.437973	0.401346	-0.03616	0.281714	0.216079	0.152765	-0.131546	0.059619	0.199535	-0.0647432	0.0639949	0.0436048	-0.011109
-5.6772	-0.817281	0.962765	-0.110387	0.22528	0.266778	-0.0970116	0.329127	0.190329	0.070593	-0.193579	-0.0562919	0.0886402	-0.0821778	0.0446822	0.0684673	0.0641608
-5.75682	-0.820569	0.831357	-0.224372	0.0788568	0.21728	-0.0238729	0.365961	0.180972	0.0247944	-0.0384626	0.00786275	0.0916983	-0.0994248	0.0126493	0.0519609	0.211815
-5.8475	-0.892747	0.7665	-0.223297	0.183783	0.28894	0.0812908	0.351854	0.117313	0.065692	0.0388468	0.0526777	0.142449	0.104196	-0.0237698	-0.0248659	0.137114
-5.8972	-0.910967	0.862934	-0.22237	0.246017	0.265168	0.0605225	0.172563	0.0828537	0.113558	0.0144816	0.079148	0.049887	0.0836	0.00573212	-0.0149437	0.0778696
-5.82016	-0.880298	0.891608	-0.206856	0.316008	0.291395	-0.112228	0.0791823	0.0956619	0.167186	0.103783	0.003862	0.175317	0.142069	0.0247712	0.0643997	0.113605
-5.73374	-0.75424	0.883111	-0.00109168	0.488105	0.233236	-0.0864172	0.14872	0.137899	0.167571	0.0767088	-0.117917	0.190092	0.138529	0.0015494	0.0573137	0.0380336
-5.67932	-0.604581	0.972943	0.197307	0.661337	0.460344	0.0645946	0.253525	0.0601942	0.0910291	0.115651	0.0287758	0.198958	0.0898382	-0.0455322	0.0256601	0.0284366
-5.56125	-0.340519	1.02592	0.351501	0.774454	0.538353	0.116674	0.373664	-0.0207498	-0.0843848	0.065529	0.0961475	0.124866	0.0347446	0.0122491	0.0747426	0.193011
-5.71001	0.00629365	1.14401	0.355792	0.747282	0.456829	0.100245	0.34386	-0.0915613	-0.166196	0.0414015	0.0763687	0.100889	0.192486	0.0376093	0.110372	0.335332
-6.06636	0.371689	1.05119	0.363258	0.682256	0.39921	-0.0735098	0.214726	-0.12808	-0.159887	0.0771215	0.129211	0.224175	0.370286	0.0896389	0.0263499	0.203774
-6.24693	1.28554	0.797053	0.372454	0.392231	0.168184	-0.163518	0.0698856	-0.157276	-0.107593	-0.0907964	-0.103087	0.0462554	0.0736122	0.0420732	0.0465867	0.107961
-7.07273	2.60078	0.683202	0.393453	0.957896	0.211633	-0.358147	0.223764	-0.220806	-0.435071	0.175387	-0.0914207	0.149004	0.0613791	-0.123821	-0.0700492	-0.225741
-7.03073	2.47529	1.42402	1.42203	1.3726	0.0278453	-0.781665	-0.342484	-0.232333	-0.113658	0.242898	-0.0141278	0.153497	0.0226241	-0.145825	-0.0828517	-0.0814387
-5.20449	3.73635	1.00293	0.843644	0.612534	-0.0471008	-0.327747	-0.0090297	-0.139476	-0.139257	0.058135	-0.244774	0.275615	0.190835	-0.247135	0.0384744	0.262336
-5.19082	3.83873	1.13589	0.752216	0.733977	0.289323	-0.633972	0.156241	-0.180567	-0.725182	0.306851	0.0458165	0.233143	0.251511	-0.226661	-0.294579	0.144065
-4.87043	3.602	0.767947	1.02819	0.772174	-0.116893	-0.510357	0.142911	-0.432713	-0.120886	0.0251506	0.0367679	0.260285	0.0681081	-0.121471	-0.0273297	0.100486
-4.76274	3.30251	0.696374	1.06521	0.707292	-0.0398569	-0.560043	0.135507	-0.301768	-0.127138	0.120666	0.0072898	0.19514	-0.0329927	-0.186346	-0.0403031	-0.0224781
-4.77017	3.38118	0.819901	1.13352	0.452902	-0.0329741	-0.484356	0.350322	-0.341674	-0.273561	0.103164	0.117833	0.171325	-0.164473	-0.128465	0.0679322	0.27882
-4.68165	3.07888	0.913085	0.934367	0.526218	-0.289432	-0.387313	0.340241	-0.431114	-0.142768	0.0939494	0.138476	0.476662	-0.372637	-0.246843	-0.156885	0.0888096
-4.62952	3.12724	0.926605	0.977193	0.499405	-0.196404	-0.390907	0.351084	-0.332969	-0.232167	0.0565664	0.0591222	0.525806	-0.337308	-0.195677	-0.160523	0.199635
-4.59123	3.05827	0.729309	1.02405	0.465633	-0.200551	-0.515742	0.376037	-0.523198	0.00620331	0.00578946	0.18057	0.478254	-0.254762	-0.354351	-0.194186	-0.112649
-4.46707	2.98288	0.859254	1.03103	0.581023	-0.241448	-0.388447	0.335089	-0.426963	-0.0934986	0.05891	0.00787469	0.560975	-0.3786	-0.113862	-0.263046	0.236425
-4.43471	2.93434	0.953165	0.943262	0.636546	-0.292876	-0.366951	0.395837	-0.434056	-0.134346	0.0767026	-0.0603934	0.573973	-0.276651	-0.179741	-0.251103	0.243095
-3.7871	2.52201	0.295109	1.30713	0.668311	0.118669	0.165122	-0.0450962	-0.540698	-0.147033	-0.352579	0.218035	0.232234	-0.147794	0.212103	0.0228716	0.187185
-3.71847	2.42144	0.163893	1.42561	0.0102536	0.0916365	-0.25703	-0.177032	-0.111188	-0.255476	0.288382	0.13185	0.213953	-0.329192	0.0728601	-0.271531	-0.00368786
-3.3698	2.25801	0.167617	1.53238	0.0534553	0.193949	-0.0998992	-0.0750538	-0.0947637	-0.126149	0.0059728	0.0915876	0.0391307	-0.220448	0.144452	-0.129685	0.421156
-3.31673	2.2694	0.192742	1.46691	0.0960986	0.173152	-0.0936421	-0.0466967	-0.102131	-0.119525	-0.043135	0.0409838	0.0687816	-0.22336	0.192991	-0.0992943	0.504894
-3.33907	2.3236	0.256841	1.33557	0.163703	0.176295	-0.124184	0.00874672	-0.111615	-0.0919856	-0.0905566	0.00937424	0.0818689	-0.192868	0.163882	-0.0516236	0.478414
-3.4492	2.54036	0.20228	1.35136	0.232904	0.181941	-0.0170458	-0.0589466	-0.0213885	-0.147841	-0.132718	-0.0217689	-0.0190381	-0.0907935	0.206915	0.0315685	0.588133
-3.52136	2.56509	0.209162	1.29234	0.134455	0.245809	-0.158383	-0.0209887	-0.0964076	-0.0636435	-0.153118	0.0491365	-0.0301898	0.00686381	0.0575377	0.00189806	0.404426
-3.51564	2.54619	0.304091	1.20411	0.286011	0.189802	-0.0783059	-0.113249	-0.0252329	-0.144484	-0.0759881	-0.113017	0.0856403	-0.0391108	0.147748	0.00514154	0.495374
-3.56442	2.66695	0.367562	1.18581	0.409826	0.221099	-0.0189733	-0.146887	-0.0425417	-0.141309	-0.200693	-0.118737	0.0304411	0.0372282	0.274712	0.109259	0.699945
-3.68457	2.69179	0.293016	1.2371	0.332107	0.245785	-0.128872	-0.146438	-0.107424	-0.0192555	-0.127344	-0.141902	0.0728676	0.0292078	0.163057	0.0108015	0.466837
-3.78598	2.8403	0.272572	1.24573	0.409819	0.252576	-0.147555	-0.128694	-0.116462	-0.0213165	-0.16719	-0.168456	0.034092	0.101054	0.214907	0.0693977	0.501063
-3.92906	2.83287	0.34004	1.21544	0.424466	0.221802	-0.171042	-0.135697	-0.122517	0.0973038	-0.221557	-0.147859	0.0211066	0.100333	0.193528	-0.0277253	0.378864
-4.0799	3.02463	0.301445	1.29264	0.472037	0.172723	-0.114854	-0.117104	-0.0733557	0.0684593	-0.300641	-0.204564	0.0244241	0.110334	0.355629	-0.0274412	0.474277
-4.28807	3.13114	0.402132	1.1926	0.578828	0.204282	-0.104805	-0.110518	-0.0479131	0.00984407	-0.211989	-0.321279	0.0434039	0.144527	0.306052	0.060007	0.450198
-4.46108	3.28008	0.308427	1.24595	0.591904	0.295931	-0.148342	-0.124298	0.0295022	-0.107257	-0.185067	-0.244226	-0.0248242	0.152917	0.302195	-0.00253641	0.562261
-4.6764	3.21791	0.405139	1.13822	0.527506	0.368285	-0.191419	-0.139711	-0.0451839	-0.146355	0.0999554	-0.310963	0.0888709	0.00120481	0.189792	-0.163975	0.408951
-4.80286	3.1615	0.394074	0.99279	0.482345	0.334912	-0.142311	-0.290673	0.0631053	0.0503081	-0.209854	0.0448865	-0.00251364	0.00514068	0.0154258	-0.221962	0.0521015
-4.79829	3.03666	0.726124	0.865577	0.553062	0.471744	-0.098769	-0.0724525	-0.098591	-0.0970244	-0.279449	-0.0687431	-0.0175628	0.160762	0.154614	-0.15008	0.465277
-5.14482	2.83865	0.928886	1.03004	0.032364	0.261292	0.151307	-0.0643107	-0.121494	-0.138964	-0.260833	0.0946516	0.154522	0.300765	-0.143564	-0.558733	-0.0613578
-4.88976	2.50596	0.927251	1.38076	0.383968	0.387436	0.0695895	0.0770436	-0.0840684	-0.242051	-0.448068	-0.242083	0.0704683	0.0435728	0.44735	0.33067	0.190725
-4.53792	1.73695	1.19644	0.889844	0.301634	0.473229	0.00633565	-0.236307	-0.0213335	-0.0690792	-0.161359	-0.145047	-0.141843	0.108291	0.205317	0.268614	-0.271076
-4.50078	1.2649	1.00139	0.725405	0.528727	0.414568	-0.217136	0.0192449	-0.0859926	-0.571212	-0.00868224	0.302345	-0.202456	0.176647	0.0808357	-0.0699543	-0.481926
-4.54414	0.608052	1.09818	1.01946	0.696212	0.481288	-0.218254	-0.0799126	-0.00719298	-0.244186	-0.300832	-0.136114	-0.0113958	0.370498	0.118865	-0.151351	-0.238076
-4.75833	0.268811	0.936003	1.09159	0.747936	0.380514	-0.127059	-0.176864	0.0543619	-0.191146	-0.31531	0.0178973	0.163861	0.12037	-0.13807	-0.126102	-0.14422
-4.74564	0.0287716	1.11485	0.462725	0.598047	0.62918	-0.409775	-0.0799222	0.25911	-0.169309	-0.136982	0.225004	-0.178706	-0.197256	0.0700922	-0.0259613	0.0884102
-4.97447	-0.701907	0.453019	0.323898	0.301196	0.379603	-0.544224	-0.312694	0.334629	-0.211435	-0.125537	-0.00270044	-0.0900446	-0.0584897	-0.294905	-0.146909	-0.192813
-5.0712	-0.846023	0.331822	0.365454	0.398618	0.483267	-0.246826	-0.0483762	0.378156	-0.0744526	-0.000875554	-0.0249062	-0.0235538	-0.162763	-0.253581	-0.134906	-0.169151
-4.97586	-0.633079	0.377819	0.314313	0.340557	0.552911	-0.164815	-0.0942455	0.259967	-0.0853922	0.0401297	-0.00817755	0.0274388	-0.0509788	-0.0727865	0.0186682	-0.11779
-5.05398	-0.619402	0.558332	0.220608	0.299564	0.612421	-0.0921262	-0.169142	0.104817	-0.164048	-0.0222865	0.0502906	0.102277	0.0746599	0.00242052	0.0858629	-0.0386696
-5.20726	-0.65578	0.565069	0.129696	0.280237	0.483731	-0.0731447	-0.125162	0.08849	-0.0194972	0.0938972	0.214288	0.150925	0.171339	-0.0178879	0.122915	0.0645219
-4.99569	-0.100351	0.909835	0.313319	0.204284	0.334375	-0.134377	-0.153495	0.0810708	-0.137208	-0.0861968	0.28603	0.097143	0.133748	-0.128359	-0.00916342	-0.0535569
-4.76019	0.562488	1.17199	0.451401	-0.068909	0.125841	-0.105588	-0.113366	0.118032	-0.132702	-0.0979292	0.2186	0.078113	0.184922	-0.0904818	-0.0694229	0.0197905
-5.01237	1.04018	1.21761	0.418507	-0.19665	0.0505057	0.0791368	-0.0550984	-0.0927302	-0.107256	-0.0564002	0.291757	0.0845526	0.172422	-0.0788856	-0.0666719	0.122147
-5.87284	1.47021	1.1166	0.430054	-0.21351	0.0874462	0.173863	-0.0144395	-0.265861	0.0158161	0.0689526	0.281904	0.127261	0.199592	0.0624195	-0.0612371	0.167634
-6.80176	1.72319	0.837441	0.538789	-0.121804	0.180316	0.364209	-0.00968445	-0.206015	-0.0346957	0.0206051	0.19705	0.153663	0.161766	0.102026	0.144137	0.277386
-7.62516	1.75241	0.717119	0.635786	0.140617	0.337249	0.292414	0.0406927	-0.1568	-0.0853251	-0.108831	0.173349	0.191382	0.16043	0.112308	0.209155	0.282138
-7.97958	1.67562	0.604765	0.468594	0.30102	0.208017	0.0738449	0.00666798	-0.0825334	-0.0721651	-0.0478408	0.0263594	0.0362028	0.0768654	0.124685	0.188029	0.229841
-9.19763	1.76454	0.847069	0.576068	0.262058	0.244293	-0.0741003	-0.0613815	0.0427041	0.0872587	-0.0826577	0.0579326	0.141869	0.243773	0.217106	0.12251	0.284139
-9.679	1.6548	0.98796	0.639369	0.27893	0.286655	0.070032	-0.00752856	-0.00360463	0.0750328	-0.0464002	0.164724	0.161905	0.191765	0.166558	0.146095	0.338032
-9.79717	1.55088	0.833885	0.650348	0.418867	0.339049	0.178398	0.0155905	-0.0369674	0.0736219	0.0222688	0.0811768	0.125129	0.18405	0.187098	0.204398	0.275888
-9.99997	1.48634	0.85665	0.65359	0.522966	0.32558	0.113456	-0.0588045	0.0192837	0.147861	0.0582365	0.0390584	0.150705	0.231742	0.220422	0.215362	0.203201
-10.1118	1.33145	0.738613	0.510164	0.467536	0.404909	0.237955	0.0575852	0.11958	0.17857	0.0543839	0.0392519	0.161771	0.217792	0.254228	0.243908	0.175723
-10.0103	1.33266	0.650934	0.530573	0.41855	0.422239	0.315068	0.143203	0.121975	0.186028	0.161182	0.0766569	0.195624	0.133928	0.12517	0.166486	0.173174
-6.75515	1.49337	0.464933	0.369931	0.237851	0.197052	0.13486	-0.0159585	-0.186981	-0.150693	0.0927316	0.198326	0.133185	0.0946548	0.0652671	-0.0236229	-0.0639276
-6.53914	3.18055	0.111597	0.355445	0.370302	0.0382725	0.180841	0.208538	-0.0289986	0.0276191	0.0158846	-0.00456495	0.180236	0.0876703	-0.0632633	0.261182	0.000877089
-5.37417	2.45041	0.294704	0.432363	0.386081	0.0702851	0.145924	0.19714	0.0260291	-0.022001	0.00656768	0.0382976	0.14141	0.116085	0.0432978	0.189591	0.0579679
-5.28955	2.35619	0.094168	0.618652	0.621775	-0.210267	-0.106145	0.23814	-0.0197904	-0.00622051	-0.181139	-0.181986	0.0334959	0.168847	-0.129318	0.209495	-0.0338641
-5.81966	2.36292	0.407175	1.0202	0.373678	0.0697906	-0.022808	-0.176231	0.246416	0.37989	-0.513187	-0.368105	0.0283269	0.206107	-0.0427102	0.275882	-0.0255999
-4.61149	2.95233	0.469904	1.11303	-0.233524	0.0416697	-0.13056	-0.0689883	-0.0674951	-0.0160399	-0.0432045	-0.0142997	0.218016	-0.0519983	-0.328925	0.156365	0.0689352
-4.10618	3.10241	0.418388	0.715539	-0.101662	-0.187055	-0.210109	0.0569707	-0.187284	0.183205	-0.19842	0.16781	0.0360238	-0.0195258	-0.071964	0.0274847	-0.0409738
-3.77121	3.04038	-0.00287839	0.894587	-0.123509	-0.0616421	-0.425309	0.360458	-0.0323484	-0.0539248	-0.110141	0.170013	-0.243705	0.222249	-0.226415	0.215739	0.0564032
-3.72074	2.87743	0.0935819	0.846968	-0.22027	-0.178181	-0.327809	0.309422	-0.208764	0.174985	-0.155577	0.145588	-0.0138752	0.0278124	-0.207048	0.208225	-0.148885
-3.88466	3.13168	-0.219194	0.785263	-0.195161	-0.238445	-0.477208	0.296709	-0.16151	0.0652688	0.0677737	-0.0446449	0.201133	-0.14047	-0.0360925	0.0748018	-0.4824
-3.7567	2.8491	0.237266	0.562358	-0.1114	-0.0227064	-0.545338	0.356548	-0.150195	0.18491	-0.253175	0.327802	-0.261969	-0.0100137	0.157765	-0.116886	0.0812724
-3.77193	2.81365	0.252455	0.654516	-0.151039	-0.146619	-0.301422	0.183644	-0.0840293	0.120059	-0.0822923	0.104492	-0.0871446	0.0284392	-0.0403333	0.0705212	0.0780094
-3.67181	2.61703	0.0886237	0.957366	-0.425411	-0.023938	-0.345768	0.164222	-0.226627	0.254852	-0.154061	0.195621	-0.102585	0.0948997	-0.12738	0.0645866	-0.0378024
-3.33835	2.17137	-0.10866	1.08243	-0.361346	-0.305744	-0.177075	0.133547	-0.267974	0.180082	-0.102851	0.307137	-0.202506	0.109083	-0.0852466	-0.0352131	-0.141425
-3.26437	2.05401	-0.145846	1.14689	-0.336802	-0.244617	-0.2099	0.176294	-0.308016	0.115759	-0.0343262	0.200634	-0.118426	0.0795785	-0.0142679	-0.0659365	-0.0716644
-3.39119	2.09366	-0.183073	1.16229	-0.383266	-0.201684	-0.194018	0.132398	-0.307825	0.0593966	-0.0379042	0.150715	-0.0832029	0.0556414	0.0157946	-0.0749952	-0.0406716
-3.40112	1.96854	-0.111116	1.11056	-0.315924	-0.259864	-0.137276	0.131763	-0.397813	0.100224	-0.062332	0.139664	-0.111719	0.114453	-0.0204325	-0.0743779	-0.030653
-3.53418	2.03181	-0.185009	1.16734	-0.379153	-0.27061	-0.194402	0.112984	-0.444313	0.061137	-0.0800692	0.132879	-0.120884	0.100585	-0.0147762	-0.0759632	-0.0944537
-3.55132	1.88058	-0.0209874	1.08505	-0.328496	-0.308501	-0.15743	0.0905635	-0.438249	-0.0194697	-0.0131579	0.0621475	-0.0874647	0.0782442	0.0005619	-0.0905941	-0.0789151
-3.63702	1.95327	-0.0937041	1.22376	-0.442053	-0.154559	-0.241331	0.12137	-0.464233	-0.0336351	-0.0664752	0.0569048	-0.116535	0.129582	-0.0411252	-0.0818801	-0.0611145
-3.82084	2.07117	-0.226421	1.28215	-0.450109	-0.298768	-0.200901	0.0445734	-0.565747	-0.0438716	-0.209399	0.0559238	-0.194443	0.119127	-0.0947371	-0.0486415	-0.155196
-3.94729	2.19111	-0.264071	1.254	-0.397689	-0.340482	-0.197658	0.0279223	-0.651933	-0.0204101	-0.266287	0.0613813	-0.241214	0.122509	-0.102069	-0.125835	-0.142328
-4.08284	2.32026	-0.365772	1.37952	-0.443606	-0.300621	-0.233425	0.00610977	-0.603426	-0.192758	-0.167911	-0.0401715	-0.214414	0.0980271	-0.0801154	-0.15011	-0.179884
-4.19597	2.51319	-0.3106	1.3884	-0.281772	-0.263599	-0.139638	0.0695034	-0.585296	-0.120056	-0.163301	0.0086835	-0.179912	0.130396	-0.0533115	-0.114026	-0.122305
-4.3125	2.62021	-0.445081	1.40257	-0.176815	-0.363866	-0.206077	0.156144	-0.70916	-0.145399	-0.19505	0.0288466	-0.276852	0.175149	-0.142605	-0.0837725	-0.199228
-4.49932	2.8863	-0.419146	1.29342	0.0566675	-0.288047	-0.374159	0.189291	-0.488302	-0.274257	-0.151875	0.0529402	-0.117467	0.0615392	-0.0473439	-0.104513	-0.114465
-5.1649	3.32129	-0.427518	0.966077	0.101132	-0.0209389	-0.448728	-0.180151	-0.423602	-0.270562	-0.215028	-0.124932	-0.161819	0.129794	-0.00433821	-0.201221	-0.167039
-7.03876	3.45031	0.381938	1.17487	0.378467	-0.452459	-0.516026	-0.550452	-0.549299	-0.391959	-0.113049	-0.196036	-0.116294	-0.228516	-0.276162	-0.648976	0.0278766
-7.76166	3.20066	1.05048	1.31857	0.647988	-0.392621	-0.388784	-0.0115913	-0.141604	-0.150588	-0.20623	-0.0791255	0.00264954	0.0537585	-0.123357	-0.167997	0.0574911
-8.44984	3.15976	0.729942	1.40041	0.635235	-0.122666	-0.267428	0.00823686	0.110413	0.146924	-0.3936	0.246988	0.0336912	0.0892026	0.158543	0.0174773	0.031227
-8.22602	2.34631	0.945189	1.06219	0.410569	0.0546756	-0.0640127	-0.103113	-0.15442	-0.156743	-0.0829715	-0.0665395	0.0155539	0.00554292	-0.0648095	-0.104076	0.0477733
-8.36276	2.03862	0.832548	0.694086	0.275513	0.0800524	-0.00932274	-0.102544	-0.15438	-0.123386	-0.00806627	-0.00436768	0.0332502	0.152264	0.104274	0.0267977	0.186314
-9.03755	2.12564	0.947375	0.827318	0.391339	0.0809376	0.0408819	0.105427	-0.118546	-0.109763	0.0494812	0.0657973	0.0635506	0.115394	0.140786	0.0627501	0.151432
-9.54747	2.13355	1.12584	0.898934	0.559089	0.0777811	0.0106287	0.192441	0.0506653	-0.0410368	-0.0805848	-0.0802279	-0.0538803	0.0551426	0.123443	0.1366	0.0688296
-9.34917	1.94788	0.972492	0.745017	0.517802	0.330807	0.142152	0.0382493	-0.031092	-0.0358442	-0.0766574	-0.0328832	-0.0132993	0.0359522	0.0630548	0.041003	0.0396674
-9.21556	1.88791	0.824656	0.679426	0.473953	0.313122	0.143589	0.0427474	-0.0142637	-0.0355992	-0.0426514	-0.0415408	-0.013971	0.0351756	0.0754781	0.0774122	0.0763037
-9.36846	1.7896	0.801226	0.630839	0.476166	0.320909	0.194602	0.117613	0.0678204	0.0408373	0.0320685	0.030737	0.0227854	0.0474826	0.0560584	0.0606831	0.0871651
-9.27736	1.59692	0.694795	0.622968	0.488354	0.371681	0.267712	0.185282	0.146256	0.12148	0.101955	0.0880256	0.0910266	0.0880737	0.0656917	0.120965	0.165161
-9.37411	1.73031	0.766672	0.638227	0.510477	0.406288	0.327768	0.246095	0.167882	0.158198	0.110552	0.0746602	0.0614013	0.0903617	0.0913895	0.0845946	0.0973365
-9.7404	1.70813	0.875114	0.70929	0.614733	0.48234	0.34146	0.223504	0.206386	0.192824	0.116754	0.0530417	0.0720162	0.12143	0.128589	0.0612839	0.0767308
-9.28756	1.59159	0.691746	0.595435	0.474236	0.409575	0.324069	0.29792	0.279724	0.211297	0.183465	0.167829	0.135524	0.132369	0.100906	0.0766372	0.0770231
-9.49293	1.5818	0.685703	0.57601	0.482308	0.398819	0.317759	0.296139	0.223354	0.226818	0.166978	0.126729	0.0986585	0.125248	0.104726	0.106885	0.0884862
-7.09042	1.89974	0.209882	0.0525975	0.398746	0.728791	0.513667	-0.00148752	-0.297205	-0.174476	0.0736334	0.107138	-0.00964029	0.0306744	0.207911	0.19711	-0.0192739
-5.98727	2.52414	0.157191	-0.239459	0.337488	0.792688	0.385755	-0.238684	-0.334574	-0.0731841	0.0635372	0.0272397	0.0444787	0.120435	0.0792212	0.0181951	-0.00355517
-5.89722	3.37233	-0.185623	-0.13032	0.384751	0.849658	0.241644	-0.0840417	-0.504154	0.00347832	0.148918	0.0604252	0.0799057	0.14211	0.0860795	-0.0719861	-0.00918136
-5.48465	3.24537	0.144115	-0.103878	0.251682	0.564264	0.117854	-0.213639	-0.308828	-0.0473167	0.182586	0.0906096	0.0130876	-0.0114953	-0.0348244	-0.0757228	0.0186389
-5.60059	3.87795	0.506257	0.187778	0.00220942	0.435873	0.206042	0.25524	0.0736942	0.049245	0.176551	0.213462	0.227131	-0.102159	-0.0264903	0.0397711	0.126778
-4.96916	4.0859	-0.163445	-0.0185536	0.329101	0.453451	-0.277678	0.170152	-0.0874127	0.0632312	-0.0364233	0.312187	0.17459	-0.181035	0.21987	0.0364416	0.0339842
-4.71075	4.07444	-0.261066	-0.128667	0.191572	0.460849	-0.506623	0.122298	-0.149815	-0.00307975	-0.0295998	0.328393	0.162626	-0.059322	0.111909	-0.19822	0.0985161
-4.69054	4.23258	-0.229245	-0.246379	0.343869	0.497717	-0.591207	0.16199	-0.214486	0.0658328	0.001799	0.506196	0.107432	-0.169522	0.290505	-0.175656	0.127887
-4.52356	4.00099	-0.127638	-0.195568	0.405964	0.429735	-0.613526	0.147889	-0.229998	0.143887	0.00128965	0.487489	0.135831	-0.168802	0.30559	-0.157134	0.126665
-4.53427	3.89301	-0.331162	-0.164171	0.343709	0.369067	-0.826542	0.017346	-0.296677	0.148366	-0.102522	0.324026	0.041516	-0.134393	0.184243	-0.0687314	-0.168275
-4.41569	3.80369	-0.348541	-0.00963407	0.338325	0.441457	-0.823579	-0.0482749	-0.138023	0.126333	-0.0491609	0.304841	0.0413175	-0.031853	0.248913	-0.0389263	-0.119764
-4.55648	3.90002	-0.346429	-0.10129	0.56897	0.226542	-0.783437	-0.112177	-0.133009	0.16347	-0.142704	0.279973	0.0713933	-0.0242802	0.220895	-0.085115	-0.0976422
-4.54409	3.91937	-0.353927	0.135474	0.507014	0.333546	-0.809338	-0.0678694	-0.0221938	0.19027	-0.170566	0.305257	0.157994	0.0553544	0.19143	-0.024516	0.00457468
-4.44812	3.59559	-0.274313	-0.00233232	0.43902	0.366569	-0.975065	-0.170725	0.0488519	-0.10564	-0.104723	0.137347	0.115341	0.016231	0.122775	-0.107596	-0.144751
-4.38415	3.49217	-0.429083	0.284508	0.327647	0.27291	-0.846758	-0.257472	0.024526	-0.0422282	-0.18475	0.114345	0.137973	0.0196969	0.0843622	-0.0849997	-0.155284
-4.46632	3.62752	-0.482033	0.401913	0.336381	0.237521	-0.804265	-0.171261	0.0516305	-0.126325	-0.0213384	-0.0183151	0.207674	0.0978095	-0.00516472	-0.0100729	-0.0870468
-4.47467	3.52636	-0.528776	0.559199	0.122013	0.343129	-0.762411	-0.314717	0.0460179	-0.106792	-0.136588	0.00379733	0.167137	0.0363296	0.0370486	-0.160834	-0.0657773
-4.4694	3.39795	-0.600085	0.604387	0.116413	0.22898	-0.789577	-0.274517	-0.0395003	-0.151733	-0.24438	0.0741853	0.00820025	0.0971797	-0.130663	-0.0663963	-0.220404
-4.52364	3.26556	-0.392215	0.523934	0.269321	0.158232	-0.750741	-0.278398	-0.0019022	-0.156061	-0.313698	0.162354	-0.011594	0.039499	-0.0572179	-0.127993	-0.176937
-4.76892	3.33614	-0.171887	0.521054	0.359465	0.188491	-0.685683	-0.24028	0.0667929	-0.268988	-0.11834	0.101999	-0.000537977	0.144047	-0.0973541	-0.118513	-0.0434382
-4.91305	3.31456	-0.0590319	0.746747	0.375024	0.149966	-0.270794	-0.362192	0.0487517	-0.0895091	-0.192329	0.150381	0.091732	0.160412	0.0496509	-0.180763	0.150789
-4.89217	2.82309	0.31914	0.727866	0.238372	0.227654	-0.209188	-0.244017	-0.0563185	-0.116099	-0.200583	0.0987461	0.0536809	0.172525	0.0637301	-0.159313	0.0868748
-4.9128	2.40732	0.268237	1.1469	0.142339	0.374482	-0.345425	-0.0814688	0.0895358	-0.310315	-0.189434	0.0871673	0.0223709	0.196726	0.10996	-0.132414	0.0756266
-4.81125	1.54047	0.616223	1.12745	0.351058	0.329515	-0.13738	-0.267434	-0.099288	-0.340983	-0.0329188	0.0718174	-0.0286987	0.237754	-0.0749397	-0.0490041	-0.0154856
-4.93936	0.865803	0.849693	1.77974	0.559633	0.445688	-0.27943	-0.0953003	-0.0998666	0.155691	0.174408	-0.0801547	0.0916258	0.0765027	0.0688733	0.193076	0.224447
-5.15844	0.189983	1.00155	1.61172	0.772982	0.713029	0.136559	-0.307506	0.00426233	-0.213697	-0.106049	0.180444	0.22213	0.394286	0.201861	0.23461	0.00305286
-5.5116	-0.580095	0.712299	1.18401	0.312117	0.191459	-0.204826	-0.444159	-0.156163	-0.199348	-0.320857	-0.208992	-0.324795	-0.0429775	-0.183474	-0.0690716	-0.112091
-5.60576	-0.6795	0.709542	1.07627	0.351324	0.406742	-0.0777787	-0.115928	0.0869062	-0.131871	-0.27296	-0.108604	-0.197595	0.154251	-0.0930703	-0.0721751	0.0310909
-5.79146	-0.696789	0.526101	0.750318	0.260269	0.515565	0.119421	-0.0614141	0.138304	-0.059486	-0.142179	-0.159968	-0.161082	0.139657	-0.0901654	0.110644	0.23734
-6.01799	-0.864311	0.415066	0.572707	0.202111	0.507424	0.181263	-0.0951548	0.11804	0.0444372	-0.111102	-0.153451	-0.000718219	0.0695933	-0.0630511	0.160681	0.259848
-6.13304	-0.970581	0.592326	0.717452	0.195088	0.441265	0.162729	0.0285288	0.159835	-0.0323665	0.0225101	-0.251147	-0.0196438	0.0720299	-0.101257	0.121654	0.173671
-6.29963	-0.994645	0.750436	0.780892	0.29367	0.493616	0.164298	0.100626	0.159534	-0.140183	0.118063	-0.0484548	0.0150168	0.168587	-0.0373179	0.134453	0.0833601
-6.45118	-1.06654	0.539595	0.658185	0.268602	0.512282	0.221584	0.0486957	0.217312	0.0829283	0.205495	-0.00291417	0.165706	0.186199	0.114149	0.270758	0.00142137
-6.42525	-0.932628	0.58022	0.752356	0.247514	0.494091	0.175032	0.0696776	0.264504	0.137849	0.286526	0.0535148	0.141957	0.230049	0.147177	0.0763133	-0.0821325
-6.64638	-1.01433	0.447259	0.830714	0.296755	0.519227	0.0660377	0.138843	0.418274	0.25445	0.419356	0.0623267	0.151069	0.266621	0.0923971	0.0642795	-0.0445299
-6.94419	-0.822707	0.39972	0.906032	0.292118	0.503969	-0.0253312	0.209512	0.576591	0.262654	0.267968	0.03215	0.125965	0.227817	0.0616075	0.214904	0.0517296
-7.40259	-0.555819	0.356498	0.90385	0.170033	0.477281	-0.171654	0.282306	0.426279	0.136287	0.218525	0.0833358	0.0978208	0.250241	0.132892	0.184967	-0.0545004
-8.3056	-0.314759	0.19229	0.923778	0.161399	0.359865	-0.194866	0.191464	0.316578	0.214184	0.287244	-0.00960934	0.0784981	0.312213	0.145748	0.205689	-0.0660616
-9.61976	0.529637	0.24828	0.833298	0.349727	0.505157	-0.0322444	0.110797	0.350374	0.137528	0.345901	-0.00983476	0.121463	0.281322	0.0412107	0.158446	0.0325509
-10.3264	1.04352	0.5988	0.440051	0.401686	0.304452	0.192239	0.21441	0.245784	0.256253	0.178571	0.19971	0.253415	0.209031	0.173792	0.13552	0.129487
-10.0828	1.24485	0.586886	0.399692	0.388613	0.343934	0.282973	0.200903	0.215172	0.274932	0.219964	0.19833	0.218584	0.162235	0.165614	0.168944	0.138752
-10.1708	1.21069	0.582243	0.385348	0.416435	0.350834	0.316474	0.242523	0.237127	0.299677	0.269198	0.16918	0.228332	0.158161	0.187135	0.218364	0.138647
-10.1857	1.18101	0.585666	0.379327	0.352504	0.29589	0.218447	0.215173	0.214008	0.274458	0.233816	0.182273	0.227704	0.173124	0.168706	0.194597	0.131792
-10.0921	1.23048	0.622676	0.434498	0.417738	0.390702	0.237463	0.243228	0.278736	0.28043	0.241244	0.172901	0.196318	0.160572	0.159814	0.138755	0.115244
-10.385	1.0795	0.65145	0.47256	0.575239	0.53742	0.353314	0.292144	0.370995	0.332987	0.255952	0.172527	0.230355	0.136572	0.123878	0.143847	0.104882
-10.2244	1.2413	0.663724	0.482951	0.432801	0.417962	0.359049	0.280262	0.307908	0.308814	0.226632	0.118602	0.227579	0.115168	0.116548	0.0923468	0.0854097
-10.1797	1.25016	0.636819	0.456189	0.383209	0.367603	0.324023	0.256084	0.302265	0.348411	0.278564	0.159885	0.210655	0.128659	0.164876	0.0922146	0.0885112
-10.3338	1.15655	0.667614	0.447763	0.412091	0.332337	0.418164	0.344026	0.330288	0.382358	0.30798	0.135278	0.141299	0.166255	0.165706	0.10697	0.154388
-10.1698	1.24547	0.66426	0.463116	0.492216	0.3327	0.37767	0.246969	0.254994	0.263228	0.246869	0.19154	0.191573	0.198911	0.165053	0.132822	0.150734
-10.1727	1.34642	0.79931	0.515816	0.475102	0.347318	0.288169	0.1218	0.156543	0.18429	0.191081	0.192475	0.231387	0.223432	0.0937547	0.131646	0.220194
-10.0485	1.42276	0.7938	0.546898	0.463476	0.356658	0.212109	0.072445	0.0652615	0.0728529	0.164505	0.198417	0.207558	0.165354	0.0351226	0.171139	0.251417
-9.99755	1.38085	0.711968	0.471938	0.410639	0.334015	0.20622	0.0938982	0.103596	0.14484	0.197628	0.176236	0.188021	0.185667	0.142254	0.206533	0.234698
-10.2343	1.21955	0.646029	0.429867	0.442509	0.360884	0.225786	0.191722	0.202887	0.269496	0.243457	0.233315	0.243777	0.210727	0.123845	0.17021	0.181077
-10.2199	1.20858	0.589262	0.371559	0.379995	0.314144	0.285041	0.229532	0.223032	0.256006	0.242654	0.225236	0.176305	0.154743	0.153655	0.180199	0.159732
-10.1661	1.21883	0.601751	0.40962	0.350794	0.292768	0.260554	0.212322	0.202518	0.207675	0.20454	0.190012	0.143777	0.124175	0.143049	0.143607	0.120639
-10.4175	1.06854	0.661478	0.489342	0.396788	0.380902	0.301019	0.190132	0.124344	0.1756	0.243303	0.306978	0.168118	0.0592235	0.107666	0.15715	0.128186
-10.2818	1.138	0.579346	0.37157	0.301771	0.317232	0.237931	0.20816	0.173452	0.193348	0.126998	0.204354	0.207581	0.15152	0.180134	0.164404	0.171042
-10.0918	1.22841	0.546197	0.357007	0.31931	0.210374	0.155552	0.194855	0.175775	0.167012	0.0679638	0.177207	0.209504	0.192876	0.110853	0.0933656	0.089847
-10.2291	1.12404	0.591334	0.371581	0.368257	0.258067	0.231596	0.267881	0.26617	0.266461	0.133082	0.225481	0.191738	0.225099	0.0657721	0.125994	0.104964
-10.246	1.1159	0.603921	0.446407	0.442153	0.326175	0.231314	0.220232	0.273038	0.251061	0.171796	0.246518	0.253125	0.206545	0.154677	0.165547	0.110021
-10.0286	1.27669	0.572698	0.396121	0.34036	0.298896	0.248237	0.210543	0.250968	0.217596	0.225272	0.19255	0.212476	0.151796	0.199867	0.145981	0.145923
-10.0385	1.31266	0.582197	0.409483	0.379623	0.366884	0.303505	0.256317	0.267999	0.236792	0.225247	0.191197	0.204935	0.192422	0.217033	0.154163	0.127586
-10.0502	1.29398	0.578373	0.434142	0.394661	0.333563	0.276478	0.277992	0.281036	0.270078	0.217445	0.204376	0.182332	0.21524	0.192804	0.172307	0.14965
-9.94507	1.29776	0.538073	0.41379	0.332449	0.274205	0.247285	0.237914	0.216091	0.224228	0.203337	0.175494	0.170995	0.19155	0.145794	0.175899	0.190268
-10.2499	1.09348	0.518262	0.403795	0.369433	0.339832	0.279367	0.230611	0.296647	0.27938	0.215758	0.171631	0.237266	0.211391	0.133038	0.179014	0.227836
-10.3248	1.06771	0.515411	0.439054	0.436139	0.404017	0.289726	0.214167	0.330388	0.327692	0.184205	0.120092	0.169754	0.205603	0.2154	0.167107	0.228954
-10.2245	1.16082	0.541015	0.396606	0.377573	0.339285	0.258701	0.198066	0.284831	0.248361	0.175407	0.177448	0.179498	0.205006	0.233199	0.133526	0.171254
-10.3449	1.04301	0.47782	0.370721	0.372201	0.296149	0.204854	0.211734	0.245024	0.258632	0.211697	0.16796	0.210613	0.2792	0.301203	0.116786	0.023746
-10.2599	1.12528	0.483224	0.401625	0.367412	0.291892	0.212912	0.210709	0.197023	0.265709	0.253936	0.162656	0.207971	0.209569	0.230958	0.183548	0.0764404
-10.2819	1.18696	0.58501	0.494291	0.442195	0.351488	0.272776	0.255584	0.222398	0.291743	0.279149	0.201635	0.26306	0.245607	0.122815	0.134175	0.100699
-10.3015	1.17288	0.604352	0.492401	0.462512	0.407873	0.284335	0.284843	0.239408	0.207	0.258055	0.277224	0.322183	0.268902	0.0742476	0.0607778	0.0648599
-10.1113	1.22167	0.556251	0.387227	0.384135	0.363883	0.204023	0.205898	0.212985	0.217564	0.248827	0.212497	0.228805	0.216078	0.157282	0.156565	0.126517
-10.0565	1.31412	0.602392	0.394323	0.372229	0.362224	0.269259	0.253328	0.239952	0.247374	0.210627	0.166768	0.184098	0.188964	0.185519	0.153623	0.101988
-10.1089	1.27081	0.574293	0.430628	0.42739	0.379505	0.304549	0.24387	0.20635	0.225832	0.163787	0.123767	0.191001	0.214153	0.198095	0.140944	0.115619
-10.0169	1.3081	0.523013	0.379534	0.337098	0.282394	0.239519	0.219849	0.217404	0.212265	0.200209	0.16285	0.171525	0.187202	0.180643	0.166308	0.13268
-10.2589	1.13194	0.560551	0.394157	0.340395	0.321426	0.213934	0.219619	0.240842	0.231101	0.221574	0.172577	0.0940813	0.184551	0.198592	0.169441	0.220888
-10.1873	1.19187	0.530777	0.369738	0.343878	0.320874	0.24126	0.189447	0.228783	0.230894	0.206221	0.185368	0.142383	0.222005	0.187035	0.0978318	0.153262
-10.1023	1.20533	0.483123	0.36666	0.355469	0.286733	0.232644	0.219948	0.200042	0.194951	0.184734	0.161002	0.130291	0.239484	0.184753	0.0772284	0.110168
-10.1444	1.27625	0.548429	0.395039	0.380306	0.328763	0.219901	0.226244	0.203539	0.212499	0.229979	0.175979	0.131947	0.221584	0.166472	0.143693	0.188757
-10.3196	1.12015	0.56284	0.386269	0.407298	0.382112	0.244137	0.210529	0.249924	0.286904	0.257057	0.145214	0.169719	0.251656	0.220736	0.164675	0.136373
-10.365	1.04975	0.552095	0.394666	0.388002	0.295396	0.201914	0.170934	0.204273	0.284483	0.238856	0.175977	0.197077	0.247269	0.209389	0.172103	0.133827
-10.4468	1.0207	0.614527	0.427237	0.356532	0.272459	0.211047	0.235747	0.331476	0.346447	0.23027	0.179008	0.135736	0.268821	0.158052	0.147511	0.202482
-10.3304	1.114	0.649991	0.427703	0.307573	0.271751	0.205751	0.25758	0.273504	0.282788	0.222196	0.190339	0.16258	0.239973	0.133179	0.112958	0.174631
-10.326	1.03581	0.585439	0.37008	0.333141	0.272693	0.170668	0.251453	0.255909	0.295863	0.193584	0.194142	0.203144	0.199439	0.0466751	0.00963506	0.0430538
-9.99209	1.38624	0.541824	0.302683	0.233031	0.224389	0.163415	0.130132	0.0738859	0.112368	0.0630458	0.0813493	0.0246851	0.0933106	0.00397375	0.0432413	0.0565753
