1.343750000000000000e+03
1.343750000000000000e+03
1.343750000000000000e+03
1.343750000000000000e+03
1.343750000000000000e+03
1.343750000000000000e+03
1.343750000000000000e+03
1.343750000000000000e+03
1.343750000000000000e+03
1.343750000000000000e+03
1.343750000000000000e+03
1.343750000000000000e+03
1.343750000000000000e+03
1.343750000000000000e+03
1.343750000000000000e+03
1.343750000000000000e+03
1.343750000000000000e+03
1.343750000000000000e+03
1.343750000000000000e+03
1.343750000000000000e+03
1.343750000000000000e+03
1.343750000000000000e+03
1.343750000000000000e+03
1.343750000000000000e+03
1.343750000000000000e+03
1.343750000000000000e+03
1.343750000000000000e+03
1.343750000000000000e+03
1.343750000000000000e+03
1.343750000000000000e+03
1.343750000000000000e+03
1.343750000000000000e+03
1.343750000000000000e+03
1.343750000000000000e+03
1.343750000000000000e+03
1.343750000000000000e+03
1.343750000000000000e+03
1.343750000000000000e+03
1.343750000000000000e+03
1.343750000000000000e+03
1.343750000000000000e+03
1.343750000000000000e+03
1.343750000000000000e+03
1.343750000000000000e+03
1.343750000000000000e+03
1.343750000000000000e+03
1.343750000000000000e+03
1.343750000000000000e+03
1.343750000000000000e+03
1.343750000000000000e+03
1.343750000000000000e+03
1.343750000000000000e+03
1.343750000000000000e+03
1.343750000000000000e+03
1.343750000000000000e+03
1.343750000000000000e+03
1.343750000000000000e+03
1.343750000000000000e+03
1.343750000000000000e+03
1.343750000000000000e+03
1.343750000000000000e+03
1.343750000000000000e+03
1.343750000000000000e+03
1.343750000000000000e+03
1.343750000000000000e+03
1.343750000000000000e+03
4.628310000000000400e+03
4.628310000000000400e+03
5.671880000000000109e+03
5.671880000000000109e+03
5.228979999999999563e+03
5.794090000000000146e+03
5.794090000000000146e+03
7.656939999999999600e+03
7.671859999999999673e+03
7.671859999999999673e+03
7.656939999999999600e+03
7.591159999999999854e+03
7.591159999999999854e+03
7.591159999999999854e+03
7.707649999999999636e+03
7.707649999999999636e+03
7.741689999999999600e+03
7.707649999999999636e+03
7.626399999999999636e+03
5.251649999999999636e+03
5.251649999999999636e+03
5.251649999999999636e+03
5.251649999999999636e+03
7.600609999999999673e+03
7.600609999999999673e+03
6.262000000000000000e+03
4.428020000000000437e+03
6.262000000000000000e+03
5.932810000000000400e+03
5.875880000000000109e+03
5.875880000000000109e+03
5.875880000000000109e+03
5.739810000000000400e+03
2.890619999999999891e+03
1.351200000000000045e+03
1.133819999999999936e+03
1.133819999999999936e+03
1.748970000000000027e+03
1.133819999999999936e+03
1.133819999999999936e+03
1.133406666666666524e+03
1.132993333333333339e+03
1.132579999999999927e+03
1.132166666666666742e+03
1.131753333333333330e+03
1.131339999999999918e+03
1.130926666666666733e+03
1.130513333333333321e+03
1.130099999999999909e+03
1.129686666666666724e+03
1.129273333333333312e+03
1.128860000000000127e+03
1.128446666666666715e+03
1.128033333333333303e+03
1.127620000000000118e+03
1.127206666666666706e+03
1.126793333333333521e+03
1.126380000000000109e+03
4.234250000000000000e+03
5.984380000000000109e+03
5.640619999999999891e+03
5.640619999999999891e+03
6.326409999999999854e+03
5.640619999999999891e+03
5.640619999999999891e+03
5.482039999999999964e+03
5.371119999999999891e+03
4.252829999999999927e+03
4.252829999999999927e+03
4.252829999999999927e+03
4.252829999999999927e+03
4.252829999999999927e+03
5.229630000000000109e+03
5.229630000000000109e+03
5.229630000000000109e+03
7.593859999999999673e+03
7.756399999999999636e+03
7.756399999999999636e+03
7.756399999999999636e+03
7.755680000000000291e+03
7.538220000000000255e+03
6.337250000000000000e+03
5.392310000000000400e+03
5.392310000000000400e+03
5.903000000000000000e+03
6.020670000000000073e+03
5.903000000000000000e+03
5.903000000000000000e+03
5.477550000000000182e+03
4.167659999999999854e+03
4.167659999999999854e+03
3.166079999999999927e+03
3.166079999999999927e+03
3.166079999999999927e+03
3.166079999999999927e+03
1.693640000000000100e+03
1.226559999999999945e+03
1.114279999999999973e+03
1.114279999999999973e+03
1.114279999999999973e+03
1.114279999999999973e+03
1.112955833333333430e+03
1.111631666666666661e+03
1.110307499999999891e+03
1.108983333333333348e+03
1.107659166666666806e+03
1.106335000000000036e+03
1.105010833333333267e+03
1.103686666666666724e+03
1.102362500000000182e+03
1.101038333333333412e+03
1.099714166666666642e+03
1.098390000000000100e+03
1.341700000000000045e+03
1.806410000000000082e+03
3.026570000000000164e+03
4.180300000000000182e+03
4.180300000000000182e+03
4.180300000000000182e+03
7.721600000000000364e+03
7.065479999999999563e+03
7.065479999999999563e+03
7.065479999999999563e+03
2.953820000000000164e+03
2.953820000000000164e+03
1.980960000000000036e+03
1.980960000000000036e+03
3.197650000000000091e+03
3.197650000000000091e+03
3.197650000000000091e+03
3.197650000000000091e+03
2.128130000000000109e+03
2.128130000000000109e+03
2.321849999999999909e+03
1.995720000000000027e+03
1.995720000000000027e+03
1.085940000000000055e+03
1.085940000000000055e+03
1.055690000000000055e+03
1.056541249999999991e+03
1.057392499999999927e+03
1.058243750000000091e+03
1.059095000000000027e+03
1.059946249999999964e+03
1.060797500000000127e+03
1.061648750000000064e+03
1.062500000000000000e+03
1.200490000000000009e+03
2.125000000000000000e+03
2.125000000000000000e+03
2.375409999999999854e+03
2.423610000000000127e+03
3.125000000000000000e+03
3.125000000000000000e+03
2.423610000000000127e+03
2.875000000000000000e+03
2.011559999999999945e+03
1.603069999999999936e+03
1.070309999999999945e+03
1.070309999999999945e+03
1.055750000000000000e+03
1.027829999999999927e+03
1.027905333333333374e+03
1.027980666666666593e+03
1.028056000000000040e+03
1.028131333333333259e+03
1.028206666666666706e+03
1.028281999999999925e+03
1.028357333333333372e+03
1.028432666666666591e+03
1.028508000000000038e+03
1.028583333333333258e+03
1.028658666666666704e+03
1.028733999999999924e+03
1.028809333333333370e+03
1.028884666666666590e+03
1.028960000000000036e+03
1.096259999999999991e+03
2.078539999999999964e+03
3.950670000000000073e+03
5.930890000000000327e+03
7.612659999999999854e+03
7.784779999999999745e+03
7.784779999999999745e+03
7.612659999999999854e+03
7.447210000000000036e+03
7.296880000000000109e+03
5.912100000000000364e+03
3.218710000000000036e+03
2.781250000000000000e+03
2.255360000000000127e+03
2.090190000000000055e+03
1.670809999999999945e+03
1.213289999999999964e+03
1.320869999999999891e+03
1.213289999999999964e+03
1.157720000000000027e+03
1.095089999999999918e+03
1.105893571428571249e+03
1.116697142857142808e+03
1.127500714285714139e+03
1.138304285714285697e+03
1.149107857142857029e+03
1.159911428571428587e+03
1.170714999999999918e+03
1.181518571428571249e+03
1.192322142857142808e+03
1.203125714285714139e+03
1.213929285714285697e+03
1.224732857142857029e+03
1.235536428571428587e+03
1.246339999999999918e+03
1.761630000000000109e+03
1.828519999999999982e+03
3.087739999999999782e+03
3.214630000000000109e+03
3.885590000000000146e+03
5.178569999999999709e+03
7.803479999999999563e+03
7.809960000000000036e+03
7.819119999999999891e+03
7.819119999999999891e+03
7.819119999999999891e+03
7.805199999999999818e+03
7.805199999999999818e+03
7.687039999999999964e+03
7.684710000000000036e+03
4.392689999999999600e+03
1.445309999999999945e+03
1.132579999999999927e+03
1.066279999999999973e+03
1.216333529411764630e+03
1.366387058823529287e+03
1.516440588235293944e+03
1.666494117647058829e+03
1.816547647058823259e+03
1.966601176470588143e+03
2.116654705882352573e+03
2.266708235294117458e+03
2.416761764705882342e+03
2.566815294117646772e+03
2.716868823529411202e+03
2.866922352941176541e+03
3.016975882352940971e+03
3.167029411764705401e+03
3.317082941176469831e+03
3.467136470588235170e+03
3.617190000000000055e+03
7.580659999999999854e+03
7.580659999999999854e+03
7.580659999999999854e+03
4.798649999999999636e+03
4.798649999999999636e+03
4.527319999999999709e+03
4.393270000000000437e+03
4.527319999999999709e+03
5.231079999999999927e+03
4.758529999999999745e+03
5.877979999999999563e+03
5.917119999999999891e+03
5.917119999999999891e+03
5.903479999999999563e+03
5.917119999999999891e+03
5.948899999999999636e+03
6.987630000000000109e+03
7.031250000000000000e+03
7.234380000000000109e+03
7.463729999999999563e+03
7.463729999999999563e+03
7.463729999999999563e+03
6.662159999999999854e+03
6.471449999999999818e+03
6.219539999999999964e+03
6.471449999999999818e+03
6.471449999999999818e+03
6.809819999999999709e+03
6.864500000000000000e+03
7.479649999999999636e+03
7.479649999999999636e+03
7.613569999999999709e+03
7.714930000000000291e+03
7.796880000000000109e+03
7.853819999999999709e+03
7.853819999999999709e+03
7.895100000000000364e+03
7.853819999999999709e+03
7.786260000000000218e+03
6.738210000000000036e+03
6.249199999999999818e+03
6.249199999999999818e+03
6.214750000000000000e+03
5.725560000000000400e+03
5.064189999999999600e+03
5.064189999999999600e+03
5.064189999999999600e+03
6.398239999999999782e+03
6.437000000000000000e+03
6.437000000000000000e+03
7.537319999999999709e+03
7.537319999999999709e+03
6.849270000000000437e+03
4.921880000000000109e+03
5.992189999999999600e+03
5.992189999999999600e+03
5.992189999999999600e+03
7.484729999999999563e+03
7.484729999999999563e+03
7.484729999999999563e+03
7.442560000000000400e+03
6.934100000000000364e+03
5.976890000000000327e+03
5.976890000000000327e+03
5.976890000000000327e+03
4.848750000000000000e+03
6.481550000000000182e+03
6.481550000000000182e+03
4.848750000000000000e+03
3.990219999999999800e+03
2.782570000000000164e+03
1.385900000000000091e+03
1.210809999999999945e+03
1.178309999999999945e+03
1.036849999999999909e+03
1.006830000000000041e+03
1.006830000000000041e+03
1.006830000000000041e+03
1.006830000000000041e+03
1.006830000000000041e+03
1.006830000000000041e+03
1.006830000000000041e+03
1.006830000000000041e+03
1.006830000000000041e+03
1.006830000000000041e+03
1.006830000000000041e+03
1.006830000000000041e+03
1.006830000000000041e+03
1.006830000000000041e+03
1.006830000000000041e+03
1.006830000000000041e+03
1.006830000000000041e+03
1.006830000000000041e+03
1.006830000000000041e+03
1.006830000000000041e+03
1.006830000000000041e+03
1.006830000000000041e+03
1.006830000000000041e+03
1.006830000000000041e+03
1.006830000000000041e+03
1.006830000000000041e+03
1.006830000000000041e+03
1.006830000000000041e+03
1.006830000000000041e+03
1.006830000000000041e+03
1.006830000000000041e+03
1.006830000000000041e+03
1.006830000000000041e+03
1.006830000000000041e+03
1.006830000000000041e+03
1.006830000000000041e+03
1.006830000000000041e+03
1.006830000000000041e+03
1.006830000000000041e+03
1.006830000000000041e+03
1.006830000000000041e+03
1.006830000000000041e+03
1.006830000000000041e+03
1.006830000000000041e+03
1.006830000000000041e+03
1.006830000000000041e+03
1.006830000000000041e+03
1.006830000000000041e+03
1.006830000000000041e+03
1.006830000000000041e+03
1.006830000000000041e+03
1.006830000000000041e+03
1.006830000000000041e+03
1.006830000000000041e+03
1.006830000000000041e+03
1.006830000000000041e+03
1.006830000000000041e+03
1.006830000000000041e+03
1.006830000000000041e+03
1.006830000000000041e+03
1.006830000000000041e+03
1.006830000000000041e+03
1.006830000000000041e+03
1.006830000000000041e+03
1.006830000000000041e+03
1.006830000000000041e+03
1.006830000000000041e+03
1.006830000000000041e+03
1.006830000000000041e+03
1.006830000000000041e+03
1.006830000000000041e+03
1.006830000000000041e+03
1.006830000000000041e+03
1.006830000000000041e+03
1.006830000000000041e+03
1.006830000000000041e+03
1.006830000000000041e+03
