5.318010000000000126e+00
5.318010000000000126e+00
5.318010000000000126e+00
5.318010000000000126e+00
5.318010000000000126e+00
5.318010000000000126e+00
5.318010000000000126e+00
5.318010000000000126e+00
5.318010000000000126e+00
5.318010000000000126e+00
5.318010000000000126e+00
5.318010000000000126e+00
5.318010000000000126e+00
5.318010000000000126e+00
5.318010000000000126e+00
5.318010000000000126e+00
5.318010000000000126e+00
5.318010000000000126e+00
5.318010000000000126e+00
5.318010000000000126e+00
5.318010000000000126e+00
5.318010000000000126e+00
5.318010000000000126e+00
5.318010000000000126e+00
5.318010000000000126e+00
5.318010000000000126e+00
5.318010000000000126e+00
5.318010000000000126e+00
5.318010000000000126e+00
5.318010000000000126e+00
5.318010000000000126e+00
5.318010000000000126e+00
5.318010000000000126e+00
5.318010000000000126e+00
5.318010000000000126e+00
5.318010000000000126e+00
5.318010000000000126e+00
5.318010000000000126e+00
5.318010000000000126e+00
5.318010000000000126e+00
5.318010000000000126e+00
5.318010000000000126e+00
5.318010000000000126e+00
5.318010000000000126e+00
5.323979999999999713e+00
5.364600000000000257e+00
5.370919999999999916e+00
5.364779999999999660e+00
5.358209999999999695e+00
5.354829999999999757e+00
5.357149999999999856e+00
5.364390000000000214e+00
5.374530000000000030e+00
5.383969999999999700e+00
5.391779999999999795e+00
5.399390000000000356e+00
5.404729999999999812e+00
5.404749999999999943e+00
5.401760000000000339e+00
5.399070000000000036e+00
5.397450000000000081e+00
5.396320000000000228e+00
5.395050000000000345e+00
5.393810000000000215e+00
5.394050000000000011e+00
5.399329999999999963e+00
5.408479999999999954e+00
5.410960000000000214e+00
5.409139999999999837e+00
5.408389999999999809e+00
5.409390000000000143e+00
5.411459999999999937e+00
5.414329999999999643e+00
5.417550000000000310e+00
5.420810000000000350e+00
5.424380000000000202e+00
5.429590000000000138e+00
5.435369999999999813e+00
5.437409999999999854e+00
5.437960000000000349e+00
5.439510000000000289e+00
5.441900000000000404e+00
5.444510000000000183e+00
5.447289999999999743e+00
5.450440000000000396e+00
5.454259999999999664e+00
5.457690000000000374e+00
5.459859999999999935e+00
5.460659999999999847e+00
5.460300000000000153e+00
5.459089999999999776e+00
5.457279999999999909e+00
5.454930000000000057e+00
5.452040000000000219e+00
5.448979999999999713e+00
5.445319999999999716e+00
5.440190000000000303e+00
5.433530000000000193e+00
5.426750000000000185e+00
5.419870000000000410e+00
5.413789999999999658e+00
5.407449999999999868e+00
5.402180000000000426e+00
5.397840000000000416e+00
5.394090000000000273e+00
5.391899999999999693e+00
5.392669999999999852e+00
5.398390000000000022e+00
5.404919999999999725e+00
5.406010000000000204e+00
5.403830000000000133e+00
5.401760000000000339e+00
5.400369999999999671e+00
5.399630000000000152e+00
5.399569999999999759e+00
5.400100000000000122e+00
5.400850000000000151e+00
5.401270000000000238e+00
5.401080000000000325e+00
5.400599999999999845e+00
5.400489999999999569e+00
5.401040000000000063e+00
5.402050000000000018e+00
5.403310000000000279e+00
5.404919999999999725e+00
5.407060000000000421e+00
5.409790000000000099e+00
5.412810000000000343e+00
5.416129999999999889e+00
5.419710000000000250e+00
5.420659999999999812e+00
5.419959999999999667e+00
5.420569999999999666e+00
5.422920000000000407e+00
5.427159999999999762e+00
5.432890000000000441e+00
5.440279999999999561e+00
5.448010000000000019e+00
5.455709999999999837e+00
5.462340000000000195e+00
5.468530000000000335e+00
5.475019999999999776e+00
5.482669999999999710e+00
5.491130000000000067e+00
5.499590000000000423e+00
5.507279999999999731e+00
5.515360000000000262e+00
5.522730000000000139e+00
5.529690000000000438e+00
5.534489999999999910e+00
5.536369999999999791e+00
5.534760000000000346e+00
5.528389999999999915e+00
5.511190000000000033e+00
5.495689999999999742e+00
5.496590000000000309e+00
5.533500000000000085e+00
5.549959999999999560e+00
5.582489999999999952e+00
5.596440000000000303e+00
5.607820000000000249e+00
5.614250000000000185e+00
5.714050000000000296e+00
5.718189999999999884e+00
5.726359999999999673e+00
5.752390000000000114e+00
5.753009999999999735e+00
5.740109999999999602e+00
5.730380000000000251e+00
5.722529999999999895e+00
5.716079999999999828e+00
5.711310000000000109e+00
5.707620000000000360e+00
5.704469999999999708e+00
5.701319999999999943e+00
5.697790000000000354e+00
5.693480000000000096e+00
5.687999999999999723e+00
5.681199999999999584e+00
5.673799999999999955e+00
5.666050000000000253e+00
5.657860000000000333e+00
5.649989999999999846e+00
5.642360000000000042e+00
5.635360000000000369e+00
5.628759999999999764e+00
5.623190000000000133e+00
5.622458333333333336e+00
5.621726666666666539e+00
5.620995000000000630e+00
5.620263333333333833e+00
5.619531666666667036e+00
5.618800000000000239e+00
5.618068333333333442e+00
5.617336666666666645e+00
5.616604999999999848e+00
5.615873333333333939e+00
5.615141666666667142e+00
5.614410000000000345e+00
5.609639999999999738e+00
5.593329999999999913e+00
5.570549999999999891e+00
5.546160000000000423e+00
5.522269999999999790e+00
5.495379999999999932e+00
5.469899999999999984e+00
5.452239999999999753e+00
5.439560000000000173e+00
5.425709999999999589e+00
5.409729999999999706e+00
5.396219999999999573e+00
5.384520000000000195e+00
5.372399999999999842e+00
5.359239999999999782e+00
5.345369999999999955e+00
5.331310000000000215e+00
5.317929999999999602e+00
5.305990000000000428e+00
5.293750000000000178e+00
5.279899999999999594e+00
5.268810000000000215e+00
5.271819999999999951e+00
5.289850000000000385e+00
5.298289999999999722e+00
5.304352580645161019e+00
5.310415161290322317e+00
5.316477741935483614e+00
5.322540322580644911e+00
5.328602903225806209e+00
5.334665483870967506e+00
5.340728064516128804e+00
5.346790645161290101e+00
5.352853225806451398e+00
5.358915806451612696e+00
5.364978387096773993e+00
5.371040967741935290e+00
5.377103548387096588e+00
5.383166129032257885e+00
5.389228709677419182e+00
5.395291290322580480e+00
5.401353870967741777e+00
5.407416451612903074e+00
5.413479032258064372e+00
5.419541612903225669e+00
5.425604193548386966e+00
5.431666774193548264e+00
5.437729354838709561e+00
5.443791935483870859e+00
5.449854516129032156e+00
5.455917096774193453e+00
5.461979677419354751e+00
5.468042258064516048e+00
5.474104838709677345e+00
5.480167419354838643e+00
5.486229999999999940e+00
5.490560000000000329e+00
5.497650000000000148e+00
5.505799999999999805e+00
5.512929999999999886e+00
5.517979999999999663e+00
5.521180000000000199e+00
5.523080000000000211e+00
5.523920000000000385e+00
5.523819999999999730e+00
5.555289999999999395e+00
5.586759999999999948e+00
5.618229999999999613e+00
5.649700000000000166e+00
5.681169999999999831e+00
5.712639999999999496e+00
5.744110000000000049e+00
5.775579999999999714e+00
5.807050000000000267e+00
5.838519999999999932e+00
5.869989999999999597e+00
5.901460000000000150e+00
5.932929999999999815e+00
5.964400000000000368e+00
5.995870000000000033e+00
5.966490000000000293e+00
5.949349999999999916e+00
5.932959999999999567e+00
5.919039999999999857e+00
5.908479999999999954e+00
5.898749999999999716e+00
5.886669999999999625e+00
5.866259999999999586e+00
5.830029999999999824e+00
5.794900000000000162e+00
5.772619999999999862e+00
5.759979999999999656e+00
5.751360000000000028e+00
5.742289999999999672e+00
5.731060000000000265e+00
5.717939999999999579e+00
5.703470000000000262e+00
5.687579999999999636e+00
5.670020000000000060e+00
5.650739999999999874e+00
5.630250000000000199e+00
5.609799999999999898e+00
5.590919999999999668e+00
5.573850000000000193e+00
5.556939999999999991e+00
5.537499999999999645e+00
5.512719999999999843e+00
5.480139999999999567e+00
5.440439999999999721e+00
5.421459999999999724e+00
5.455110000000000348e+00
5.454349999999999810e+00
5.441329999999999778e+00
5.428390000000000271e+00
5.413599999999999746e+00
5.397529999999999717e+00
5.382600000000000051e+00
5.368070000000000341e+00
5.351600000000000357e+00
5.327350000000000030e+00
5.280759999999999899e+00
5.230830000000000091e+00
5.203520000000000145e+00
5.183320000000000149e+00
5.166179999999999772e+00
5.149779999999999802e+00
5.131380000000000052e+00
5.112350000000000172e+00
5.096470000000000056e+00
5.084660000000000402e+00
5.077950000000000408e+00
5.071780000000000399e+00
5.038780000000000037e+00
5.035709999999999908e+00
5.038929999999999687e+00
5.040869999999999962e+00
5.038439999999999586e+00
5.034939999999999749e+00
5.035549999999999748e+00
5.038630000000000386e+00
5.041739999999999888e+00
5.044889999999999652e+00
5.049520000000000231e+00
5.055030000000000356e+00
5.059580000000000410e+00
5.063699999999999868e+00
5.068220000000000169e+00
5.073109999999999786e+00
5.079449999999999577e+00
5.089529999999999887e+00
5.098180000000000156e+00
5.101230000000000153e+00
5.100699999999999790e+00
5.099370000000000402e+00
5.103449999999999598e+00
5.114729999999999777e+00
5.124850000000000350e+00
5.133610000000000007e+00
5.145039999999999836e+00
5.160750000000000171e+00
5.176590000000000025e+00
5.188699999999999868e+00
5.199250000000000149e+00
5.212790000000000035e+00
5.212790000000000035e+00
5.212790000000000035e+00
5.212790000000000035e+00
5.212790000000000035e+00
5.212790000000000035e+00
5.212790000000000035e+00
5.212790000000000035e+00
5.212790000000000035e+00
5.212790000000000035e+00
5.212790000000000035e+00
5.212790000000000035e+00
5.212790000000000035e+00
5.212790000000000035e+00
5.212790000000000035e+00
5.212790000000000035e+00
5.212790000000000035e+00
5.212790000000000035e+00
5.212790000000000035e+00
5.212790000000000035e+00
5.212790000000000035e+00
5.212790000000000035e+00
5.212790000000000035e+00
5.212790000000000035e+00
5.212790000000000035e+00
5.212790000000000035e+00
5.212790000000000035e+00
5.212790000000000035e+00
5.212790000000000035e+00
5.212790000000000035e+00
5.212790000000000035e+00
5.212790000000000035e+00
5.212790000000000035e+00
5.212790000000000035e+00
5.212790000000000035e+00
5.212790000000000035e+00
5.212790000000000035e+00
5.212790000000000035e+00
5.212790000000000035e+00
5.212790000000000035e+00
