-9.2949	1.59503	0.30604	0.428171	0.161682	0.27999	0.0892125	0.137047	0.135362	0.152081	0.11386	0.0886945	0.050871	0.0866311	0.00585867	0.0848479	0.0249383
-9.48955	1.55897	0.382759	0.414435	0.221528	0.275767	0.141532	0.143499	0.176269	0.168535	0.14825	0.11159	0.0766491	0.108157	0.0297414	0.105342	0.0492177
-10.3354	1.12982	0.645778	0.435043	0.330112	0.302001	0.242318	0.217029	0.223955	0.223555	0.187085	0.175646	0.132346	0.238577	0.18505	0.155134	0.0594374
-10.4176	1.02331	0.657977	0.466555	0.376388	0.311354	0.216045	0.218569	0.238009	0.266268	0.250398	0.180781	0.115283	0.216359	0.190032	0.136161	0.0709614
-10.4695	1.02235	0.65481	0.412088	0.388185	0.301742	0.184695	0.201259	0.30764	0.296323	0.28714	0.179893	0.145711	0.217249	0.193038	0.121363	0.0753922
-10.38	1.14743	0.647913	0.383907	0.378727	0.268223	0.193597	0.19969	0.267634	0.209525	0.239572	0.174516	0.149509	0.219295	0.185679	0.106577	0.0970669
-10.1971	1.22096	0.590146	0.413353	0.343369	0.298585	0.230804	0.223746	0.221399	0.190136	0.1911	0.202349	0.136943	0.139302	0.129481	0.106252	0.128472
-10.1355	1.25736	0.567044	0.37111	0.304306	0.299961	0.240501	0.188524	0.238977	0.190548	0.16454	0.212846	0.179374	0.179755	0.158832	0.135538	0.145255
-10.2903	1.2331	0.660103	0.422566	0.35111	0.341417	0.311918	0.23779	0.269861	0.199201	0.201712	0.251291	0.217624	0.210556	0.151022	0.121872	0.160722
-10.1087	1.27267	0.617761	0.450261	0.420224	0.374918	0.312126	0.283526	0.27051	0.262676	0.245682	0.240589	0.192987	0.184763	0.181239	0.126357	0.155812
-10.0198	1.36417	0.615548	0.454445	0.396761	0.378262	0.338662	0.265955	0.233128	0.25131	0.211897	0.223348	0.180238	0.133674	0.177938	0.14164	0.148683
-10.1939	1.22598	0.646532	0.453784	0.340644	0.391121	0.361401	0.261334	0.245185	0.259891	0.195554	0.20651	0.186537	0.12346	0.2109	0.185936	0.194171
-9.96109	1.36672	0.610313	0.448884	0.348503	0.338512	0.262501	0.244363	0.219602	0.231326	0.207547	0.189687	0.217877	0.170549	0.168609	0.160048	0.0986065
-10.1046	1.29414	0.628788	0.453311	0.423992	0.386318	0.271041	0.304282	0.257785	0.197509	0.180356	0.186372	0.2206	0.172035	0.140897	0.161217	0.138713
-10.3347	1.17562	0.661862	0.485057	0.444791	0.388996	0.271389	0.334713	0.297119	0.2396	0.163957	0.211436	0.251044	0.167086	0.141142	0.193916	0.179815
-10.1998	1.25617	0.621201	0.454258	0.383158	0.339646	0.278542	0.250589	0.238242	0.248328	0.198456	0.232664	0.204683	0.15753	0.177125	0.181661	0.155947
-10.3001	1.17645	0.603833	0.409933	0.330704	0.272249	0.284956	0.200011	0.216598	0.235988	0.198179	0.237854	0.169682	0.2076	0.194487	0.188921	0.11805
-10.4713	1.02998	0.653622	0.496038	0.379175	0.313505	0.341006	0.239251	0.229582	0.169989	0.182309	0.212234	0.168437	0.231108	0.155667	0.133614	0.100797
-10.3839	1.0446	0.601506	0.459324	0.358179	0.332287	0.314027	0.218158	0.243693	0.151743	0.171488	0.178871	0.179	0.21222	0.168797	0.123189	0.134121
-10.4662	0.949686	0.536427	0.367317	0.372207	0.257971	0.180913	0.182572	0.25551	0.188802	0.188641	0.213028	0.246438	0.231443	0.164017	0.0848993	0.152866
-10.5616	0.840698	0.531092	0.372108	0.410626	0.248195	0.111149	0.194513	0.248467	0.205649	0.124825	0.230082	0.305361	0.186276	0.162426	0.157361	0.213013
-10.5341	0.90554	0.600348	0.3869	0.398588	0.303909	0.157522	0.216304	0.202218	0.212698	0.08144	0.185047	0.235982	0.104135	0.13108	0.101074	0.218986
-10.6161	0.864415	0.574485	0.462143	0.456929	0.338954	0.157656	0.124081	0.1542	0.224847	0.105153	0.181882	0.194732	0.156241	0.164122	0.156989	0.196081
-10.4793	1.01794	0.577522	0.431681	0.355932	0.276116	0.170964	0.150445	0.189342	0.227949	0.119349	0.0760013	0.0663182	0.128501	0.115067	0.131775	0.149751
-10.4023	1.07205	0.568827	0.348681	0.261774	0.255886	0.199371	0.175514	0.220078	0.282549	0.196168	0.128172	0.105778	0.142359	0.113133	0.0783951	0.0145009
-10.498	0.974629	0.59175	0.398322	0.352477	0.347046	0.284027	0.253374	0.332831	0.371504	0.27028	0.173045	0.0767596	0.150698	0.205856	0.120058	0.0784766
-10.5462	0.93762	0.618545	0.421434	0.372405	0.360442	0.304393	0.221494	0.290325	0.33124	0.267376	0.177349	0.0932634	0.115824	0.166731	0.140878	0.204566
-10.3372	1.13225	0.612784	0.426822	0.375798	0.311339	0.264229	0.240674	0.238086	0.229618	0.174594	0.19042	0.176012	0.162715	0.166544	0.144205	0.158421
-10.3501	1.09818	0.607603	0.400337	0.311169	0.321462	0.268302	0.320144	0.295517	0.287617	0.195765	0.236753	0.208369	0.184301	0.198947	0.18733	0.200377
-10.3956	1.03912	0.586288	0.426827	0.367243	0.370759	0.292043	0.347158	0.282505	0.283817	0.172688	0.18278	0.204419	0.206673	0.21809	0.160847	0.135997
-10.3594	1.10407	0.590283	0.461483	0.416605	0.366859	0.304492	0.3125	0.232741	0.295758	0.206542	0.159891	0.22375	0.2139	0.173153	0.158592	0.128598
-10.3885	1.12143	0.722865	0.633766	0.462053	0.242943	0.185045	0.237095	0.174352	0.175319	0.122996	0.151914	0.138344	0.207272	0.237367	0.28592	0.164785
-9.87298	1.43519	0.649361	0.788256	0.453209	-0.0304888	-0.0575194	0.0250925	-0.0668159	0.13279	0.154999	-0.0410771	0.0425754	0.282323	0.191039	0.214712	0.164907
-9.34905	1.57212	0.425297	0.984403	0.75007	-0.0776937	-0.32658	0.0213854	-0.163688	0.0901451	0.190098	-0.247333	0.106853	0.260079	0.0565014	0.0423758	0.0115809
-8.82651	1.81365	0.418948	1.01797	0.732798	-0.14158	-0.435827	0.0779971	-0.23848	0.0597587	0.15561	-0.402292	0.159764	0.149275	-0.0278541	-0.0368312	-0.000587491
-8.58026	2.04608	0.382325	0.887246	0.64061	-0.0297175	-0.494686	-0.064028	-0.39804	0.0858773	0.269185	-0.39218	0.196662	0.131463	0.00654606	0.066099	0.0720333
-8.02468	2.10101	0.0513799	0.634743	0.574629	0.189158	-0.384314	-0.303476	-0.50676	-0.0049385	0.0831067	-0.239374	0.200404	0.117513	0.121909	0.0301762	0.100807
-7.53782	1.94784	-0.00648131	0.40021	0.538677	0.160532	-0.33774	-0.367383	-0.371958	0.119247	0.0597182	-0.141096	0.113625	0.102071	0.0411995	-0.0678797	0.0101313
-7.49613	2.12429	0.152417	0.693674	0.662027	0.244331	-0.270301	-0.319436	-0.449573	0.0614721	0.00871006	-0.303591	-0.0199981	0.00161267	-0.0913109	-0.250801	-0.149259
-7.32478	2.57602	0.384317	1.17964	0.581561	0.0751912	-0.42822	-0.430339	-0.529113	-0.00671846	-0.085781	-0.350655	0.0106324	-0.0417958	-0.175551	-0.118301	-0.0786669
-7.17507	2.58354	0.427385	1.39965	0.532038	-0.0694718	-0.452742	-0.537056	-0.489035	-0.0559806	-0.104716	-0.398857	0.038617	-0.0560454	-0.17061	-0.0868229	-0.0153921
-7.1407	2.4424	0.439767	1.19878	0.403923	0.0761695	-0.46392	-0.410335	-0.331849	-0.121007	-0.0728244	-0.485727	0.141931	0.000581873	-0.0923785	-0.0213404	-0.0179424
-7.01616	1.82125	0.27894	0.65074	0.303046	0.0690982	-0.434475	-0.0604487	-0.0934488	-0.136789	-0.0553	-0.354718	0.145705	0.014616	-0.0790267	0.0405672	0.0366383
-7.00827	2.06427	0.304519	0.690813	0.0926602	-0.0545188	-0.52021	0.139823	-0.125323	-0.144161	0.00671488	-0.238658	0.149318	-0.149838	-0.236937	-0.0655228	0.0210052
-6.60701	2.49127	0.372788	0.672337	0.131517	-0.117891	-0.476179	0.0357968	-0.153421	-0.0984879	-0.0596558	-0.0418586	0.217077	-0.273898	-0.333621	0.0178358	-0.0110041
-6.25323	2.48023	0.205554	0.76895	0.15736	-0.172002	-0.570229	0.25402	-0.201263	0.0626629	-0.0552374	-0.0498922	0.191521	-0.204368	-0.162999	0.0219501	0.00352494
-5.92428	2.45447	0.0668077	0.596468	0.224771	-0.207207	-0.564275	0.28767	-0.164982	0.136724	-0.0740554	0.00586167	0.184165	-0.165034	-0.167367	-0.00912577	-0.134932
-5.91636	2.27021	0.205276	0.508321	0.263395	-0.249881	-0.581192	0.168077	-0.119974	0.0733118	-0.0769491	0.0226547	0.242803	-0.269196	-0.209208	-0.034867	-0.158929
-6.00213	2.00626	0.316707	0.708206	0.122262	-0.27822	-0.438297	0.153844	-0.22981	0.0353768	-0.0654489	-0.118899	0.338499	-0.258117	-0.229456	0.0662975	-0.117376
-5.44937	2.38565	0.20897	0.850302	-0.0306551	-0.345434	-0.42539	0.122229	-0.332815	-0.0421603	0.0298221	-0.0816114	0.274527	-0.107422	-0.189218	-0.0173379	-0.200141
-5.20212	2.20485	0.344987	0.841314	-0.0342841	-0.375122	-0.401637	0.0647393	-0.294153	-0.0446988	0.108421	0.0156517	0.281346	-0.110009	-0.187313	-0.0326504	-0.185976
-5.21675	2.34026	0.556903	1.03317	-0.562897	-0.145019	-0.0705589	0.299029	-0.414828	0.00919587	0.155229	0.0794852	0.221473	-0.0583174	-0.0375591	0.0378596	-0.200722
-5.05753	2.56637	0.277508	0.780486	-0.190439	0.0423835	-0.353916	0.285212	-0.338743	0.0740791	0.120854	0.0488711	0.183922	-0.058628	-0.0176771	0.0436457	-0.118091
-4.72977	2.36154	0.0805822	0.933599	-0.207911	0.0228338	-0.257436	0.179976	-0.328683	0.164285	0.0179851	0.14608	0.237246	-0.040916	-0.0840251	0.135534	-0.180596
-4.84665	2.46355	-0.182569	1.19486	-0.160048	0.0829491	-0.348336	0.214101	-0.359303	0.0604927	0.00563698	0.0858588	0.272792	-0.0428856	-0.145526	0.0544092	-0.225965
-4.88269	2.39877	0.19705	0.727858	0.239137	0.205991	-0.402101	0.11393	0.20165	-0.340166	0.123572	0.169815	0.0266789	-0.0100649	-0.0476851	-0.00344784	0.114465
-5.25989	1.62098	0.672738	0.894313	0.368881	0.269745	-0.221079	0.121654	-0.0832128	-0.303318	0.0700818	0.0468433	0.194259	-0.110036	-0.271341	0.0441197	-0.095088
-6.01447	1.71458	1.18411	0.844166	0.414414	0.198637	-0.42949	0.310089	0.0417951	-0.406586	-0.267533	0.0903163	0.114887	-0.0169678	-0.423654	-0.026775	-0.133747
-6.74216	1.8182	1.12227	1.48116	0.772048	0.098974	-0.130806	0.159132	0.249273	-0.1014	-0.11775	-0.247169	-0.219947	-0.277646	-0.241318	0.208419	0.227079
-7.07113	1.54183	1.5542	1.33635	0.190232	0.148801	-0.207439	0.191681	-0.029027	-0.135262	-0.302256	-0.34656	-0.157135	-0.310655	-0.202956	-0.0962436	-0.203853
-7.52352	1.28091	1.28734	1.28948	0.650759	0.0790857	-0.139612	-0.00574578	-0.0999007	-0.422117	-0.22856	-0.336812	-0.0627348	-0.121509	-0.213252	-0.298945	-0.131971
-6.37245	0.447557	1.21855	0.589847	0.324852	0.355508	0.00247791	0.0776142	-0.00739774	-0.193954	-0.105956	-0.234669	-0.130487	-0.193533	-0.117791	-0.0697645	-0.0373261
-5.7789	0.340582	0.984111	-0.112902	-0.162623	0.155734	-0.0242732	-0.0284665	0.0287903	-0.137145	-0.0165349	-0.0563833	0.150367	0.0496094	-0.0668418	0.0240608	-0.0171773
-5.35409	0.356363	1.09627	-0.127412	-0.286048	0.171489	0.0688565	0.0212042	0.0373666	-0.179413	0.0491355	0.0907961	0.153185	0.0228278	-0.0680106	0.0540912	0.0303481
-5.29736	0.0939195	1.19064	-0.0233749	-0.165845	0.126135	0.0879434	0.162942	0.0151016	-0.186532	0.0583027	0.219352	0.143748	0.0230465	-0.0367649	0.0670943	0.118816
-5.58423	-0.630681	1.29034	0.306587	0.063107	0.117908	0.13595	0.167111	-0.015046	-0.137884	0.013966	0.149354	0.162529	-0.0189201	-0.0520496	0.072519	0.125185
-5.6665	-1.2026	1.05035	0.347631	0.189977	0.121378	0.0455179	0.159226	0.0586632	-0.159511	-0.0514831	-0.0354786	0.242397	0.107212	0.256177	0.26716	0.163139
-5.31828	-0.865089	1.18617	0.103764	0.166478	0.06362	-0.0537572	0.0270133	-0.0475107	-0.0867275	0.164032	0.0885954	0.192692	0.0362553	0.0246933	0.153276	0.0195006
-4.87233	-0.385106	1.27345	-0.115598	0.0133911	0.0147814	-0.0952422	0.0134937	-0.133557	-0.202252	0.191139	0.03284	0.0846008	-0.0615273	-0.0781448	0.150189	0.0459744
-4.73953	-0.264727	1.3083	-0.0685246	0.0518292	0.107948	-0.0847556	0.037198	-0.0521777	-0.115553	0.13465	0.132176	0.13222	-0.0187372	-0.0766342	0.141334	0.0756998
-4.93233	-0.626443	1.27323	0.0616043	0.175018	0.188394	-0.0864606	0.0635082	0.0153444	-0.029163	0.183311	0.138345	0.242302	-0.0103825	-0.0306187	0.134695	0.0833607
-5.11944	-1.08644	1.18854	-0.0773082	0.11555	0.262247	-0.0930353	0.121558	0.0844301	0.0894368	0.127078	0.0772646	0.264122	0.0071565	-0.0752203	0.162744	0.241321
-5.18856	-1.17337	1.04803	-0.0506763	-0.0209705	0.231834	-0.118224	0.0588733	-0.00457893	0.0254713	0.113691	-0.020521	0.16486	0.0416734	-0.147622	-0.033112	0.15798
-5.03719	-0.779631	1.22032	0.264561	0.182762	0.312571	-0.0351404	0.0113109	-0.078255	-0.252906	-0.181486	-0.100552	0.00160735	-0.044197	-0.0883924	0.0262914	0.0946468
-4.80873	-0.45082	1.39558	0.448519	0.409968	0.342941	-0.173156	-0.178129	0.0206992	-0.160114	-0.080351	-0.109457	-0.0479957	-0.00579614	0.11641	0.093686	-0.0264395
-4.75506	-0.377866	1.37523	0.394467	0.405955	0.346438	-0.172522	-0.080651	-0.0132037	-0.201756	0.0169863	-0.199114	0.0566128	0.0222833	0.0880371	-0.0100495	-0.0907348
-5.40573	-0.450821	1.51186	0.673548	0.549176	0.759223	0.0308135	-0.239183	-0.0787189	-0.0683535	0.160421	-0.0957867	-0.0525838	-0.0398704	-0.206658	-0.345334	0.0528845
-3.71184	0.825945	0.545499	0.464534	0.647455	0.295329	-0.318085	0.0651206	-0.236183	-0.0485839	0.0900759	0.0973936	0.0515164	0.226118	0.0223788	-0.0465146	0.0168917
-4.60883	1.04629	0.951724	0.283912	0.404877	0.352893	0.135886	-0.296935	-0.406426	-0.414833	-0.252935	-0.509281	-0.26534	0.115755	-0.0937024	-0.245877	-0.306037
-4.59068	2.34622	1.14506	0.914012	0.464793	0.665846	-0.296918	-0.111106	0.0936515	-0.00769672	0.142298	-0.083621	0.263607	0.224338	0.187418	0.0868795	0.229411
-4.63996	2.67209	0.827741	0.34286	0.898265	0.155312	-0.510127	-0.00178752	-0.297062	-0.0477123	0.0997919	-0.389201	0.241567	0.142408	-0.0301911	0.0337559	-0.00577564
-4.54286	2.94301	0.302985	0.875095	0.795236	0.0885813	-0.514597	0.215276	-0.536803	0.0997464	0.12389	-0.303904	0.189864	0.165889	-0.0788049	0.0333952	0.0605958
-4.42579	3.05297	-0.101429	1.06594	0.445514	0.174354	-0.411931	0.0470303	-0.522384	0.0870145	-0.0898924	-0.316715	0.19247	0.0504716	0.148896	-0.239364	0.0616239
-4.08001	2.78904	-0.0550539	1.05815	0.457353	0.199639	-0.492611	0.179017	-0.610986	0.246116	-0.0666624	-0.301035	0.21218	0.0222036	0.28255	-0.399159	0.138308
-3.82977	2.62155	-0.216136	1.00858	0.393203	0.230448	-0.621751	0.180965	-0.610658	0.215074	-0.0881801	-0.320919	0.2077	0.00632798	0.177774	-0.271949	-0.0248698
-3.6059	2.50153	-0.335142	1.1303	0.299785	0.357263	-0.467376	0.277071	-0.586446	0.219194	-0.106679	-0.283891	0.266905	-0.0508018	0.214377	-0.272195	0.14884
-3.52026	2.37408	-0.426001	0.995567	0.309987	0.380815	-0.307285	0.168033	-0.594876	0.191237	-0.246489	-0.255341	0.171432	0.0894514	0.0885713	-0.0622432	0.0029964
-3.10374	2.29493	-0.520911	0.85985	0.00889749	0.325079	-0.288129	0.0488674	-0.262052	0.278511	0.0152738	-0.184387	0.208821	-0.137313	0.0844369	-0.225171	0.101999
-2.79916	2.42467	-0.766723	0.580972	-0.291176	0.235742	-0.304987	0.0488444	0.0197391	0.394645	-0.00234835	-0.159366	0.0705754	-0.103904	0.00574706	-0.209199	0.0679985
-2.62086	2.6737	-1.30694	0.491699	-0.398617	0.328842	-0.205224	0.0248682	0.143694	0.283546	0.131277	-0.4312	0.250319	-0.314672	0.185644	-0.189153	-0.00283799
-2.41425	2.46339	-1.18017	0.305089	-0.242698	0.421033	0.00776194	0.150275	0.0971817	0.278668	0.0721516	-0.415025	0.240496	-0.329607	0.224793	-0.106261	0.109079
-2.47268	2.59171	-1.39979	0.364097	-0.527798	0.555654	-0.211277	0.382411	-0.142908	0.3173	-0.022688	-0.34663	0.130143	-0.221045	0.192883	0.00829549	-0.214474
-2.43737	2.54907	-1.30279	0.210887	-0.402927	0.485192	-0.0927922	0.416168	-0.136257	0.233093	0.0640239	-0.422331	0.119541	-0.241531	0.251395	-0.00682103	-0.145182
-2.43449	2.5252	-1.29833	0.149961	-0.29675	0.391453	-0.0343317	0.425007	-0.159646	0.15756	0.0735282	-0.443871	0.132433	-0.21821	0.241688	-0.00347734	-0.123665
-2.36692	2.4699	-1.43984	0.147307	-0.302374	0.401312	0.0205302	0.447781	-0.256273	0.141202	0.083661	-0.40722	0.116737	-0.193042	0.141873	0.0725042	-0.203526
-2.43091	2.58993	-1.52779	0.152318	-0.32905	0.427566	0.0442751	0.495637	-0.35199	0.144906	0.0747838	-0.316017	0.0895117	-0.183424	0.0591547	0.109285	-0.251551
-2.41699	2.61404	-1.58795	0.205512	-0.335258	0.551094	0.0162974	0.43748	-0.390606	0.148403	0.0253405	-0.265962	0.119014	-0.218144	0.192863	-0.0410872	-0.0957307
-2.50501	2.71163	-1.61138	0.142879	-0.244274	0.46602	0.0779937	0.354157	-0.365546	0.0937016	0.0815784	-0.196666	0.0830776	-0.189892	0.120695	-0.0566687	-0.108778
-2.46352	2.61889	-1.67629	0.0770084	-0.259839	0.494558	0.143009	0.432098	-0.367515	0.0942309	0.137603	-0.323762	0.145707	-0.284158	0.151168	-0.103117	-0.187349
-2.43022	2.58591	-1.63958	0.0956797	-0.264557	0.520417	0.0946685	0.488708	-0.459097	0.20108	0.00315142	-0.181701	0.0327379	-0.1707	0.0545477	-0.0407265	-0.204621
-2.4823	2.67923	-1.80254	0.186661	-0.372361	0.627519	0.0745844	0.507842	-0.445963	0.231396	0.0230809	-0.199667	0.0151525	-0.154562	0.0198829	-0.0596922	-0.268919
-2.44989	2.64438	-1.84817	0.239079	-0.435684	0.749485	0.0643889	0.608121	-0.422826	0.299385	-0.00846986	-0.215151	-0.0427345	-0.156274	-0.0299603	-0.0241675	-0.243756
-2.44406	2.65771	-1.86602	0.323768	-0.535503	0.836127	0.0610853	0.679489	-0.421921	0.331103	-0.0358739	-0.269627	-0.0541196	-0.197337	0.0202395	0.00819899	-0.218336
-2.4168	2.57006	-1.7331	0.203555	-0.43852	0.68637	0.232431	0.599281	-0.328467	0.258557	0.0386145	-0.368795	-0.00884283	-0.264958	0.0867575	0.0199455	-0.267627
-2.38371	2.4919	-1.7551	0.204419	-0.488413	0.608429	0.258625	0.523396	-0.269789	0.248151	0.0653294	-0.352464	0.0173377	-0.274034	0.0663239	-0.0535752	-0.383193
-2.30498	2.48286	-1.70674	0.292596	-0.468105	0.672476	0.259254	0.531338	-0.23693	0.237694	0.0103927	-0.510561	0.0576211	-0.293877	0.288965	-0.0275176	-0.043367
-2.26706	2.36885	-1.6776	0.297559	-0.527379	0.658918	0.203674	0.544931	-0.28946	0.270386	-0.00815467	-0.448478	0.0355863	-0.266265	0.265066	-0.0187762	-0.091391
-2.3531	2.42238	-1.76992	0.370338	-0.552691	0.623794	0.139933	0.519489	-0.275679	0.381249	-0.0993199	-0.401178	0.0181399	-0.213633	0.214188	-0.065263	-0.0401947
-2.29677	2.23485	-1.70658	0.294767	-0.509225	0.417586	0.145639	0.362151	-0.196362	0.358544	0.0284437	-0.373331	0.0813958	-0.249855	0.143187	-0.187557	-0.135799
-2.62469	2.31715	-1.73442	0.318138	-0.535031	0.368639	0.116696	0.239872	-0.0259919	0.333152	0.157964	-0.459618	0.15506	-0.225134	-0.0338943	-0.235742	-0.23928
-2.72465	2.39374	-1.76772	0.353811	-0.469983	0.033867	0.081385	-0.0210923	-0.0272504	0.305365	0.279714	-0.316449	0.203189	-0.187441	-0.119527	-0.259983	-0.518751
-3.06699	2.62756	-1.61925	0.214103	-0.142666	-0.36635	0.131072	-0.177252	-0.164839	0.332926	0.375081	-0.191573	0.147627	-0.117675	-0.118306	-0.288328	-0.513475
-3.90511	3.10155	-1.44191	0.0573387	0.310474	-0.542239	0.0953024	0.00967122	-0.42182	0.383705	0.265421	-0.0727825	0.196848	-0.244055	-0.0323208	-0.148422	-0.427172
-5.11753	2.83087	-0.369698	-0.0189067	0.588656	0.359661	0.221766	-0.0197156	-0.00185099	0.168479	-0.178267	-0.113235	0.0517099	-0.120756	-0.06967	-0.102006	0.193301
-6.20737	1.9114	0.224197	0.203305	0.177746	-0.0418428	-0.348572	-0.154328	0.0638903	0.187311	-0.242591	-0.142144	0.403265	0.0279944	-0.0829319	-0.104798	-0.259126
-5.98597	1.65603	0.301284	0.425591	0.396167	0.183591	0.153612	-0.0373834	-0.122106	0.0830712	-0.0087818	-0.240789	-0.0432234	-0.268166	-0.378793	-0.192859	-0.136264
-6.23066	1.52698	0.409002	0.525006	0.322428	0.12939	0.0692361	-0.0496023	-0.0665237	0.174543	-0.00132011	-0.26759	-0.133343	-0.297722	-0.485314	-0.223498	-0.028991
-6.51037	1.29099	0.311089	0.466552	0.227412	0.0916116	0.00166667	-0.0557239	-0.184748	-0.00391834	-0.0377536	-0.177606	-0.0894509	-0.232069	-0.20427	-0.115053	-0.0864194
-6.81078	0.914142	0.00467614	0.333594	0.125156	0.0865124	-0.0143827	0.0164165	-0.157154	-0.119667	0.015723	-0.117628	-0.0721402	-0.0311712	0.0220391	0.0799934	-0.018512
-7.1119	0.854664	-0.0872896	0.277495	0.26123	0.14882	0.0239537	0.0657224	-0.0811656	-0.200654	0.0185611	-0.0336878	-0.0333904	0.189555	0.0703178	0.0944754	0.0690199
-7.29134	1.14002	0.200127	0.388836	0.252999	0.234027	0.144784	0.202162	0.0581943	-0.111898	0.0345986	0.0158846	0.14911	0.195363	0.0155299	0.0341607	0.0104639
-6.43467	1.26766	-0.00846529	0.313896	0.157384	0.320879	0.155837	-0.0913295	0.162333	-0.33332	-0.250564	-0.0353328	0.214771	0.106764	0.08929	0.024563	-0.171584
-5.78969	0.933189	-0.0126563	0.267213	0.185268	0.369161	0.0633446	-0.0074234	0.247179	-0.28651	-0.237297	0.0517403	0.197297	0.0788021	0.101596	-0.00911817	-0.122054
-5.54524	0.415199	-0.251839	0.304161	0.197041	0.360563	0.133385	0.050546	0.180003	-0.106719	-0.0944283	0.0041958	0.104629	0.12669	0.145985	0.0227863	0.000416761
-5.47493	0.19585	-0.466153	0.309574	0.0820449	0.287306	0.049721	-0.000642985	0.0183859	-0.0171724	0.137238	0.120888	0.0940433	-0.00345677	0.127966	0.166303	0.0661385
-5.34123	0.244404	-0.524236	0.19386	0.0475784	0.171761	0.0693799	0.0387991	0.0236204	-0.012087	0.163218	0.0554129	0.140215	0.0120924	0.0660443	0.174097	0.0644905
-5.29303	0.347662	-0.340251	0.083648	-0.0558172	0.13265	0.148499	0.0496386	-0.0181733	-0.083263	0.109484	0.04761	0.164751	0.101739	0.0338948	0.0980977	0.176974
-5.40652	0.173646	-0.300524	0.119271	0.0304887	0.264661	0.0538468	-0.106078	0.070829	-0.0846624	0.0586942	-0.0152742	0.190303	0.0356893	0.0623251	-0.02317	0.130535
-5.49752	-0.0809091	-0.244768	0.276699	0.0100525	0.0796816	-0.00141209	-0.10378	0.0742248	-0.0743569	-0.00837234	-0.0308275	0.0901799	0.0781896	0.0708127	-0.101271	0.036979
-5.44739	-0.0283707	-0.281151	0.295651	0.0784582	0.00757035	0.00344032	-0.0176396	0.171789	0.00337263	0.136388	-0.049091	0.0172939	0.154854	-0.0177802	-0.0247567	0.101643
-5.56141	0.0107671	-0.429636	0.144122	0.181726	-0.0312625	0.042313	0.00739324	0.159843	-0.0169657	0.128819	-0.00629948	0.0662218	0.096941	-0.0910312	0.0915262	0.104691
-5.74131	-0.0998616	-0.399965	0.119381	0.228815	0.0317059	0.0952423	0.141926	0.0152507	-0.0947771	0.0235828	-0.039386	0.0514997	0.0637795	0.0792826	0.175351	0.070554
-5.69679	-0.139167	-0.331513	0.273292	0.249745	0.253461	0.244358	0.297726	0.0173858	-0.162316	-0.0488575	-0.0737965	0.0412586	-0.0607316	0.0387919	0.146382	0.0583876
-5.60724	-0.18174	-0.15576	0.328085	0.314735	0.348923	0.138164	0.14361	0.0419355	-0.0871918	0.00694383	-0.00360177	0.106553	0.00665683	0.130314	0.0523013	0.0424329
-5.64232	-0.281496	-0.0265896	0.41139	0.263296	0.277021	0.108427	0.0838218	0.0640545	0.0115308	0.0972043	-0.0729013	-0.0262191	0.121645	0.15437	0.0885663	0.224445
-5.3859	-0.0697901	-0.212843	0.232481	0.181812	0.302376	0.149136	-0.0785236	-0.0186387	0.0893042	0.253002	0.0342717	0.0481639	0.0949332	0.0146212	0.0843024	0.192207
-5.1769	-0.0109366	-0.329945	0.212015	0.103345	0.282658	0.130366	-0.0174172	0.0263357	0.0850875	0.225513	0.272351	0.0416201	0.0673964	-0.0208078	0.0146067	0.132544
-4.93447	0.184158	-0.314486	0.193863	0.0869077	0.183983	0.111872	0.213089	0.117036	0.130289	0.256811	0.344095	0.0161842	-0.120439	0.070363	0.134459	0.0677009
-4.68387	0.601037	-0.170822	0.333403	0.189432	0.0692111	0.126306	0.0908915	-0.00591854	0.111001	0.166931	0.177139	-0.059121	-0.148883	0.0650534	0.176623	0.00400591
-5.15771	0.60378	-0.288573	0.308549	0.25533	-0.0556896	0.267144	0.0173777	-0.15135	-0.0217305	0.0960974	-0.140829	0.0406786	-0.0797406	-0.132404	-0.00641536	0.0617234
-4.48318	2.24263	0.253373	0.260355	0.0283052	0.213004	0.134229	-0.190767	-0.0840184	0.065209	0.0907771	-0.031934	-0.0795974	-0.0208498	-0.00752033	-0.00208212	0.00102025
-4.1708	3.7441	-0.195812	-0.190821	0.301391	0.21047	-0.0963834	-0.0730728	-0.256825	0.132644	0.0258532	-0.0463927	-0.0479644	-0.0452058	-0.0487071	0.0235889	0.0736947
-4.46448	4.53014	-0.412987	-0.412172	0.0432378	0.669697	-0.340931	-0.277174	0.152124	0.147283	-0.0485343	0.00695755	0.31257	-0.336594	-0.0835827	-0.0387967	0.279482
-4.31671	4.65875	-0.874596	-0.405212	0.401924	0.0119147	-0.0554667	-0.145938	-0.158479	0.177461	0.10634	-0.0830018	0.121071	-0.0176874	-0.243638	0.0411592	0.146943
-4.25416	4.64773	-0.962123	-0.487273	0.40184	0.0120393	-0.103833	-0.018885	-0.367955	0.388808	-0.00635216	-0.134729	0.316168	-0.201888	-0.0802177	-0.0251072	0.0165746
-4.09258	4.5157	-1.08038	-0.451155	0.304121	0.0589986	-0.0767209	-0.141178	-0.283319	0.291007	0.095136	-0.201075	0.409506	-0.314954	0.0191211	-0.0755481	-0.00911156
-3.96833	4.41438	-1.14222	-0.398098	0.26515	0.142781	-0.158042	-0.0185559	-0.439356	0.435798	-0.0265066	-0.0999855	0.374203	-0.330735	0.0502515	-0.105429	0.0395473
-3.92743	4.32319	-1.07687	-0.468358	0.315765	0.144697	-0.146289	-0.0230205	-0.451936	0.447201	0.00156314	-0.123299	0.414533	-0.355493	0.00278184	-0.0465685	0.0175109
-3.88091	4.18204	-0.984953	-0.545559	0.30571	0.142758	-0.166291	-0.0534373	-0.449962	0.430632	0.0113808	-0.120964	0.380946	-0.270045	-0.1217	0.0224803	-0.0516716
-3.89197	4.16212	-0.974473	-0.55465	0.289832	0.143923	-0.12896	-0.138857	-0.380832	0.379347	0.0260764	-0.135867	0.423125	-0.348309	-0.0416677	-0.0497852	-0.0241934
-3.88778	4.17766	-1.02719	-0.517904	0.253071	0.192862	-0.166998	-0.110562	-0.413223	0.405831	-0.0114919	-0.0647979	0.350525	-0.312415	-0.071186	-0.0365391	-0.0125384
-4.00748	4.34007	-1.0752	-0.59794	0.385285	0.0921276	-0.125285	-0.115008	-0.516006	0.589334	-0.225526	0.109833	0.261852	-0.324496	-0.0463935	-0.103595	0.0618094
-4.0361	4.31442	-1.10628	-0.563273	0.295324	0.104453	-0.117265	-0.220658	-0.398405	0.429371	-0.0938093	0.0332659	0.287135	-0.334814	-0.0911539	-0.0704663	-0.02506
-4.01395	4.26222	-1.00052	-0.660748	0.371819	0.137884	-0.167893	-0.163724	-0.409129	0.447611	-0.06123	0.0301265	0.320323	-0.373103	-0.0962005	-0.0725411	0.0298143
-3.94193	4.19662	-0.960891	-0.673777	0.451425	0.0549804	-0.0670266	-0.199454	-0.362684	0.413199	0.0114806	0.00217251	0.417838	-0.523737	0.0240432	-0.197276	0.153515
-3.96443	4.17987	-1.14587	-0.583207	0.287066	0.0655282	-0.18755	-0.220112	-0.391895	0.335343	-0.0354867	0.117946	0.240641	-0.369828	-0.167826	-0.00867083	-0.142855
-3.93422	4.25265	-1.09685	-0.537828	0.484776	-0.0227262	-0.085453	-0.159802	-0.393128	0.499406	-0.0212359	0.113188	0.352694	-0.471425	-0.0774973	-0.1013	0.100622
-3.88542	4.26449	-1.23557	-0.243413	0.336058	0.129424	-0.247138	-0.0408868	-0.362332	0.576382	-0.0643805	0.190073	0.356303	-0.4624	0.0161261	-0.199526	0.145174
-3.79751	4.04378	-1.11849	-0.366956	0.464848	-0.0533563	-0.243847	-0.128602	-0.25556	0.505562	-0.0392398	0.073211	0.461006	-0.479411	0.0758203	-0.207907	-0.0430033
-3.67218	3.96858	-1.13569	-0.269744	0.453481	0.0101241	-0.292199	-0.099853	-0.116273	0.454251	0.083103	0.0241931	0.485311	-0.379386	0.0246466	-0.11685	-0.105979
-3.50732	3.85682	-1.15389	-0.281199	0.538617	0.0145914	-0.376565	0.0462846	-0.164586	0.538955	0.0694373	0.0304171	0.535163	-0.458886	0.188626	-0.191581	-0.0980555
-3.42629	3.87038	-1.31204	-0.219558	0.561183	-0.13964	-0.246236	0.033389	-0.147349	0.623649	-0.0878887	0.231442	0.303112	-0.370628	0.212216	-0.176299	-0.133037
-3.2817	3.63786	-1.45593	-0.121709	0.393911	-0.218809	-0.257075	-0.044353	-0.0221032	0.411133	-0.0142154	0.0757873	0.253553	-0.353275	0.154063	-0.105	-0.293408
-3.18168	3.58755	-1.47396	0.000205276	0.326925	-0.12251	-0.288366	0.060252	0.0842332	0.340122	0.0538917	0.0243242	0.326815	-0.401368	0.223495	-0.174645	-0.151985
-3.16192	3.48942	-1.46093	0.00608689	0.288562	-0.163103	-0.275028	0.0625118	0.0667779	0.309342	0.0723048	-0.0719444	0.331143	-0.406241	0.190388	-0.118805	-0.204463
-3.157	3.34799	-1.62475	0.0198956	0.175201	-0.350748	-0.243324	-0.0870587	0.0413621	0.138372	0.0559932	-0.200963	0.146959	-0.347491	0.0840058	-0.0786597	-0.348285
-3.21866	3.28983	-1.83173	0.0968363	-0.0344147	-0.401089	-0.348674	-0.109361	-0.112909	0.108755	-0.0758068	-0.275501	0.00224633	-0.354985	-0.0411674	-0.0362921	-0.48482
-3.16853	3.16965	-1.89259	0.255922	-0.25146	-0.304645	-0.4227	-0.0814578	-0.0899925	0.00344688	0.0141167	-0.427575	0.0429825	-0.419546	-0.0750421	-0.0465322	-0.456948
-2.95894	2.97526	-1.5525	0.351759	-0.195152	-0.109765	-0.377355	0.184849	-0.0745709	0.198038	0.108715	-0.360558	0.198372	-0.444688	0.0731073	-0.15475	-0.106876
-2.96623	2.91476	-1.64345	0.341727	-0.244284	-0.164199	-0.421771	0.215976	-0.216857	0.272471	-0.0132922	-0.348229	0.0742034	-0.414836	-0.0339044	-0.144835	-0.151197
-2.82994	2.82027	-1.56424	0.443165	-0.316354	-0.0199641	-0.378357	0.2771	-0.124336	0.245553	0.156593	-0.420545	0.236665	-0.474732	0.0681441	-0.205392	-0.00404049
-2.87984	2.79853	-1.70262	0.37886	-0.435139	-0.0159368	-0.492436	0.272022	-0.247919	0.228264	0.0283713	-0.430875	0.0967791	-0.438408	-0.074612	-0.162035	-0.159171
-2.82973	2.74424	-1.65372	0.324038	-0.395521	-0.00375212	-0.471552	0.28458	-0.241684	0.220468	0.0709938	-0.427184	0.0815237	-0.389597	-0.0948456	-0.128016	-0.174041
-2.82341	2.67311	-1.60977	0.225062	-0.346196	-0.0905939	-0.394288	0.212864	-0.234666	0.18043	0.0735472	-0.462227	0.0797555	-0.407601	-0.0816852	-0.145219	-0.22252
-2.89843	2.72033	-1.67241	0.23142	-0.386305	-0.0672121	-0.436804	0.235022	-0.32335	0.203887	0.0401347	-0.498355	0.0717524	-0.415348	-0.0815284	-0.159324	-0.26896
-2.9347	2.76335	-1.63926	0.231486	-0.327804	-0.0581601	-0.388962	0.21501	-0.288624	0.197184	0.0904945	-0.474621	0.0705878	-0.372133	-0.0552525	-0.150019	-0.240045
-3.02797	2.90063	-1.66991	0.300479	-0.348068	0.022123	-0.4407	0.249069	-0.298195	0.201954	0.121642	-0.430621	0.0484729	-0.321344	-0.0526141	-0.124701	-0.214006
-3.33484	3.13374	-1.79519	0.184379	-0.305703	-0.148439	-0.438629	0.104664	-0.290019	0.0274936	0.149466	-0.605443	0.0780517	-0.476233	-0.0537811	-0.176012	-0.366416
-3.34695	3.08623	-1.582	0.17885	-0.146632	-0.182383	-0.313819	0.0814804	-0.188662	-0.00303484	0.268005	-0.536624	0.143913	-0.486476	0.0314816	-0.15124	-0.242386
-3.43605	3.00552	-1.44085	0.085934	-0.102405	-0.0891316	-0.410045	0.0712311	-0.228737	-0.0234532	0.238027	-0.416833	0.0287195	-0.439639	-0.0770268	-0.0456918	-0.341391
-3.59712	3.12331	-1.28497	0.0817209	-0.0513246	0.0979314	-0.488164	0.180316	-0.294549	0.0588504	0.350831	-0.370177	0.12109	-0.409524	-0.104758	0.0725096	-0.268257
-3.80786	3.17394	-1.1484	0.0974856	0.0289179	0.110012	-0.409888	0.118366	-0.256768	0.0220622	0.347342	-0.221584	0.158507	-0.386488	-0.0375831	0.0420483	-0.251094
-4.75401	3.25098	-0.883097	0.141408	0.0612902	0.19227	-0.234315	0.0905831	-0.208347	-0.0274101	0.111386	-0.119659	0.0303353	-0.514827	-0.159361	-0.0230738	-0.292957
-5.54516	2.87904	-0.0846781	0.231891	0.515355	0.155843	-0.0529816	-0.0565194	0.0837746	0.191143	-0.0990441	-0.0342967	-0.202824	-0.369022	0.0685397	0.0717291	-0.0630501
-5.83414	2.67078	0.224867	0.284088	0.472695	0.532185	0.151149	-0.146483	-0.11794	-0.118276	-0.0339411	0.291911	-0.0908894	-0.384008	-0.0689661	-0.0184182	0.164871
-5.97286	1.98647	0.67997	0.422455	0.481311	0.655773	-0.0345425	-0.327461	-0.0064731	-0.142155	0.0234897	0.15671	0.0179581	-0.351556	-0.0198163	-0.167625	-0.200291
-5.64302	2.10241	0.172183	0.550087	0.304076	0.359834	0.299499	-0.0578452	-0.116464	-0.150583	-0.197027	0.25041	-0.0380531	-0.37739	-0.119282	-0.104667	0.162043
-6.27703	0.831926	0.386043	0.469659	0.151378	-0.0313025	-0.121555	0.138588	0.0377923	-0.449224	-0.199103	-0.201608	-0.35355	0.092961	-0.106789	-0.288025	0.0356666
-5.95804	0.942627	0.514345	0.761266	0.336084	0.226213	0.291634	0.0279453	-0.0549232	-0.178252	-0.0312378	0.0357284	-0.155462	-0.0851578	-0.15214	-0.103013	-0.0393864
-5.79153	1.34163	0.371293	0.467266	0.214331	0.252243	0.300783	-0.0467482	-0.0769857	-0.182601	-0.0958871	-0.0828985	-0.171874	-0.0764282	-0.169987	-0.0677153	-0.0124831
-5.69169	1.61641	0.167923	0.439041	0.299569	0.455284	0.261943	0.00475274	-0.0793339	-0.291427	-0.26605	-0.0284283	-0.220018	-0.124955	0.00991014	-0.0439707	0.0485382
-5.8993	1.77377	0.226631	0.481075	0.288323	0.404172	0.252343	-0.0158653	-0.0539721	-0.24129	-0.262506	0.128561	-0.123916	-0.151461	-0.0428116	-0.00956228	0.0566147
-5.89194	2.00994	0.21464	0.437829	0.225423	0.293804	0.0841812	0.0712164	-0.185504	-0.216483	-0.185776	0.116392	0.0418244	-0.285051	-0.0886451	-0.0499333	-0.0759843
-5.97656	2.25076	0.191933	0.323907	0.230998	0.245925	0.0573885	0.00740363	-0.146588	-0.217104	-0.171679	0.0255714	0.0789382	-0.175703	-0.214796	-0.0923546	0.0226353
-6.11232	2.33532	0.176133	0.379575	0.368695	0.288964	0.0358678	-0.0578825	-0.0667163	-0.1123	-0.246058	0.11233	0.0545422	-0.172232	-0.175783	-0.150431	0.0324896
-6.11857	2.68313	0.174329	0.164719	0.302204	0.49056	-0.0977831	-0.155646	0.0490254	0.113528	-0.244456	0.225865	0.21798	-0.161082	-0.186829	-0.00598943	0.0862379
-6.08564	2.98822	0.0229699	0.0442039	0.219498	0.147225	-0.198943	-0.0213591	0.0101227	-0.0623886	-0.30075	0.275134	0.148558	-0.0843607	-0.331493	-0.0785613	0.13028
-6.13581	3.32061	-0.249914	-0.23213	0.0365125	0.201631	-0.107974	-0.191856	-0.0933902	-0.0695279	-0.0613616	0.142762	0.0449026	-0.277244	-0.229747	-0.114611	0.054637
-6.1047	3.65018	-0.406722	-0.325287	0.00743219	0.237895	-0.339144	-0.242565	-0.0493499	-0.00908859	-0.0685796	-0.0850514	0.188639	-0.311513	-0.123193	-0.00236633	-0.114865
-5.80615	3.76197	-0.648749	-0.31716	0.12562	0.281217	-0.445688	-0.23696	-0.230514	0.108789	0.0452799	-0.0997627	0.171225	-0.26674	-0.255303	0.146968	-0.286437
-5.67857	3.69137	-0.849498	-0.260501	0.1697	0.129192	-0.427751	-0.246774	-0.35041	0.0947332	0.0395611	-0.0400731	0.119288	-0.31864	-0.220937	0.0853475	-0.324545
-5.68849	3.72665	-0.963257	-0.300795	0.233639	0.121937	-0.526091	-0.264692	-0.284776	0.100724	-0.0603994	0.00262979	0.0770814	-0.297924	-0.240241	0.0338814	-0.366508
-5.69087	3.73723	-0.89585	-0.281879	0.341491	0.199527	-0.507684	-0.212774	-0.212896	0.0472289	0.00446925	-0.0085338	0.171743	-0.188132	-0.349877	0.0357819	-0.174104
-5.7239	3.73178	-0.95395	-0.102038	0.361588	0.102145	-0.419151	-0.162873	-0.168943	0.0172066	-0.0116777	-0.0467344	0.336514	-0.181593	-0.437503	0.061149	-0.234065
-5.76416	3.64203	-0.888264	-0.0735064	0.374577	0.117361	-0.403886	-0.215628	-0.2027	0.0787499	0.0130652	-0.0885182	0.30586	-0.152955	-0.420908	0.116751	-0.330378
-5.65065	3.57676	-0.901275	-0.110456	0.351829	0.120087	-0.57483	-0.0663259	-0.0845239	0.0760401	-0.0240208	-0.150291	0.0895803	-0.208094	-0.32819	0.174553	-0.362861
-5.72654	3.54211	-0.755938	-0.141123	0.428664	0.0434133	-0.646919	-0.00294258	-0.00575693	0.00104504	0.0115754	-0.187685	0.143049	-0.301414	-0.310913	0.165032	-0.343265
-5.93079	3.75951	-0.667789	-0.225843	0.405767	0.118937	-0.574054	-0.0652969	0.0981146	0.0776553	-0.0772423	-0.0892997	0.156212	-0.305415	-0.237984	0.122472	-0.289084
-5.94809	3.61766	-0.760837	-0.250727	0.287745	0.164015	-0.623018	-0.0931004	0.103436	0.0113155	-0.0381876	-0.157365	0.200181	-0.358236	-0.235989	0.108419	-0.309677
-5.90796	3.31595	-0.644062	-0.242504	0.27126	0.188158	-0.556773	-0.159407	0.177968	0.0623727	-0.000610469	-0.0866957	0.205895	-0.296795	-0.288784	0.121746	-0.325744
-6.21866	3.19355	-0.637861	-0.185852	0.25538	0.302333	-0.30403	-0.0929984	0.178769	0.298867	0.0924593	-0.0938194	0.300082	-0.132482	-0.23822	0.185352	-0.35208
-6.07191	2.94095	-0.5288	-0.317354	0.281265	0.19917	-0.261193	-0.16777	0.102985	0.289361	0.102853	-0.109534	0.224503	-0.112606	-0.23056	0.0380041	-0.295467
-6.16975	3.63031	-0.732688	-0.272983	0.5284	0.0416584	-0.304944	-0.0890114	0.204829	0.143571	-0.0128534	-0.0760184	0.104615	-0.0907751	-0.35023	0.176568	-0.325338
-6.06039	3.57556	-0.689388	-0.249686	0.511246	0.150015	-0.4586	-0.0407874	0.17421	0.164628	-0.0480514	-0.122652	0.233453	-0.214097	-0.336954	0.186277	-0.30584
-6.28059	3.59774	-0.537384	-0.12754	0.566574	0.0366421	-0.413897	0.0792677	0.0150515	0.33596	0.00282935	-0.173979	0.18541	-0.242228	-0.404503	0.233628	-0.390558
-6.57367	3.62894	-0.261596	-0.0556905	0.498278	-0.140144	-0.363388	0.101299	-0.056085	0.301091	0.0496571	-0.183903	0.0653811	-0.198372	-0.271977	0.0405073	-0.296539
-6.52339	3.61069	-0.249469	-0.0643421	0.43589	-0.0417514	-0.540586	0.000651479	-0.00705859	0.275054	-0.0272172	-0.32926	0.150904	-0.0762966	-0.303226	-0.000789382	-0.297188
-6.49348	3.66209	-0.34825	0.0138788	0.462486	-0.02999	-0.544041	0.0117322	0.05686	0.433653	-0.284862	-0.220018	0.318443	-0.21921	-0.320335	0.0394763	-0.199477
-6.90221	3.31285	-0.312633	0.0298205	0.619855	-0.00241003	-0.565372	0.0801363	0.102351	0.383835	-0.0952357	-0.0381187	0.169484	-0.362709	-0.392876	0.121963	-0.264339
-6.95697	2.61482	-0.105996	0.116852	0.533472	0.211636	-0.359549	-0.136469	0.0846458	0.17339	0.00278732	0.0949037	0.14504	-0.222422	-0.209606	-0.0052902	-0.212291
-7.02969	2.70002	-0.22371	0.0641886	0.50686	0.263943	-0.379765	-0.137666	0.101388	0.279713	0.0211183	-0.132658	0.0173756	-0.237396	-0.256153	-0.127426	-0.330631
-6.8611	2.66371	-0.0715126	0.0370087	0.44692	0.13836	-0.343496	-0.134362	0.149526	0.426492	0.0561507	-0.214362	-0.00931906	-0.228172	-0.383438	-0.288619	-0.242748
-6.90729	2.81295	-0.147914	0.0892871	0.478124	0.0781328	-0.362361	-0.131004	0.101387	0.455024	-0.0628936	-0.156345	0.212573	-0.257051	-0.350359	-0.203755	-0.210263
-6.79757	2.97184	-0.251215	0.201833	0.681481	0.155034	-0.363959	-0.203319	0.0969435	0.406936	-0.201658	-0.128455	0.188772	-0.347542	-0.273276	-0.0728606	-0.262604
-6.87953	2.92725	-0.315479	0.212689	0.644359	0.20015	-0.341989	-0.100764	0.103802	0.321309	-0.150128	-0.0935917	0.22769	-0.344154	-0.266447	-0.0576427	-0.259233
-7.08044	2.69696	-0.366129	0.211666	0.562405	0.259907	-0.331131	0.0259145	0.207529	0.238389	-0.141662	-0.216041	0.188586	-0.25577	-0.289405	-0.111501	-0.233612
-7.18395	2.45034	-0.301773	0.227223	0.5704	0.28824	-0.337867	-0.102322	0.275055	0.362843	-0.143677	-0.31103	0.205404	-0.098834	-0.307728	-0.139181	-0.203842
-7.26607	2.54637	-0.423243	0.319238	0.579365	0.307873	-0.389517	-0.0724204	0.257857	0.392259	-0.0380082	-0.354753	0.109736	-0.147305	-0.230649	-0.101846	-0.272034
-7.25637	2.31508	-0.501245	0.456493	0.478721	0.31794	-0.3373	0.0949553	0.394131	0.30871	-0.0526293	-0.323664	-0.0271475	-0.272472	-0.161711	-0.0587152	-0.281167
-7.24184	2.10759	-0.5739	0.466581	0.409019	0.404082	-0.328263	0.211018	0.365546	0.126032	-0.186051	-0.482639	-0.0647836	-0.373999	-0.234832	-0.0858536	-0.187557
-7.30424	2.22692	-0.668083	0.497959	0.199284	0.530093	-0.257055	0.194193	0.210675	0.0352041	-0.245391	-0.518295	0.00918772	-0.456517	-0.286696	-0.0756209	-0.114783
-7.32727	2.23237	-0.480165	0.529367	0.245851	0.528678	-0.311843	-0.0609544	0.0965297	0.101341	-0.313984	-0.502719	0.0946952	-0.492566	-0.279462	0.0522076	-0.0227887
-7.38211	2.24202	-0.331474	0.573275	0.197848	0.514079	-0.390044	-0.227461	0.0709739	0.187484	-0.241593	-0.467214	0.0820339	-0.376001	-0.181774	0.0215642	0.0560975
-7.43463	2.0725	-0.352762	0.374577	0.173874	0.471224	-0.35579	-0.233102	0.0332691	0.143829	-0.122472	-0.437965	0.118579	-0.181106	-0.0809608	-0.058412	-0.0582108
-7.4352	1.98978	-0.362306	0.321498	0.333741	0.622226	-0.231297	-0.18931	0.0314771	0.112308	-0.121439	-0.485355	0.0636908	-0.0705115	0.0473673	-0.0796696	-0.12146
-7.71074	2.00608	-0.588475	0.404162	0.263354	0.682589	-0.0647292	-0.146731	-0.0059478	0.181644	-0.0856824	-0.436116	0.0686372	-0.169258	0.0191814	-0.0238974	0.0422986
-7.82469	1.81928	-0.506619	0.383327	0.197576	0.707326	0.0318116	-0.160801	-0.0258484	0.275604	0.052966	-0.38436	-0.0795577	-0.18216	-0.00197989	0.0611912	0.132701
-7.95421	1.96014	-0.486158	0.3464	0.283964	0.819773	-0.0386069	-0.177464	-0.102894	0.205083	0.0353931	-0.38824	-0.0858914	-0.143346	-0.0135736	0.0177742	0.119652
-8.11073	1.93478	-0.415649	0.257235	0.277555	0.763681	-0.123643	-0.176188	-0.00458696	0.200999	0.0880929	-0.270264	-0.0479165	-0.153024	0.0101317	0.00426362	0.254622
-8.26114	2.05572	-0.158234	0.175317	0.107061	0.715935	-0.00411809	-0.0858278	0.0123991	0.112876	-0.0607301	-0.29344	-0.0131421	-0.127909	0.12908	0.07213	0.433263
-8.46268	2.05444	-0.118984	0.106789	0.00437472	0.555242	0.135348	-0.0524506	-0.010419	0.0152955	-0.10627	-0.24033	0.0219373	-0.0710551	0.124451	-0.0337938	0.490312
-8.69592	1.90495	-0.0531608	0.105104	-0.0230971	0.448564	0.202448	0.0158227	0.0317368	-0.0412875	-0.115392	-0.217507	-0.0203058	-0.00130144	0.0848488	-0.0424294	0.438234
-9.12864	1.77335	0.1421	0.201666	0.0748143	0.442972	0.286183	0.0745641	-0.106644	-0.0442006	-0.0471304	-0.204086	-0.109401	-0.0948355	0.0152989	-0.0497959	0.376895
-9.49769	1.69263	0.381001	0.366859	0.261047	0.377954	0.319774	0.11713	-0.284826	-0.235082	-0.0985715	-0.105718	-0.0301717	-0.032388	0.0654139	-0.091873	0.197875
-9.8521	1.56523	0.501961	0.400865	0.340851	0.386151	0.379025	0.235985	-0.0948962	-0.187235	-0.119833	-0.0718312	-0.00742882	0.0921713	0.230964	0.0538802	0.113581
-10.0367	1.46348	0.635631	0.42039	0.3699	0.281161	0.200634	0.183652	-0.00769031	-0.0333384	0.00364112	0.0199261	0.0961803	0.23673	0.276651	0.174221	0.0987543
-9.97289	1.46583	0.721458	0.498933	0.425414	0.295295	0.17206	0.115687	0.0575393	0.0490737	0.0675078	0.0679665	0.0902954	0.156089	0.180191	0.184805	0.227765
-10.1132	1.36659	0.731234	0.486177	0.484428	0.404498	0.214839	0.118206	0.155844	0.0721712	0.0759047	0.0804319	0.130135	0.158366	0.192976	0.163186	0.160361
-10.133	1.26226	0.631092	0.387154	0.357481	0.319203	0.233478	0.188345	0.234623	0.166828	0.175101	0.163165	0.156231	0.168032	0.17639	0.164799	0.172452
-10.1401	1.30805	0.681928	0.441612	0.375908	0.363887	0.285157	0.240377	0.240495	0.212606	0.213702	0.224283	0.18638	0.190019	0.15454	0.119606	0.159352
-10.3399	1.1688	0.64799	0.419345	0.396291	0.38015	0.324433	0.314141	0.305872	0.269418	0.225572	0.248892	0.221752	0.194357	0.129842	0.112956	0.130511
-10.2088	1.19049	0.576878	0.395709	0.333316	0.313788	0.275053	0.256187	0.281266	0.281538	0.188346	0.223413	0.204055	0.182722	0.173996	0.130333	0.15744
-10.2446	1.17596	0.61418	0.428631	0.343616	0.325232	0.26106	0.225781	0.22309	0.218259	0.126845	0.150178	0.196788	0.16944	0.196494	0.107685	0.174111
-10.168	1.19715	0.572974	0.381769	0.325137	0.29446	0.219932	0.218887	0.212845	0.186121	0.16882	0.177526	0.226285	0.156783	0.198385	0.103401	0.147846
-10.1546	1.29386	0.675793	0.476904	0.416793	0.365637	0.29795	0.294207	0.280577	0.22213	0.254077	0.219615	0.222015	0.186364	0.178354	0.127677	0.184167
-10.2997	1.22427	0.695201	0.507303	0.465047	0.37286	0.334264	0.31789	0.343688	0.253433	0.257899	0.230227	0.227331	0.210384	0.201867	0.188732	0.16716
-9.65171	1.41805	0.502385	0.392885	0.337206	0.268156	0.253202	0.223073	0.21519	0.201124	0.201374	0.199071	0.18395	0.180797	0.170228	0.184288	0.149108
-9.6259	1.43876	0.520359	0.4112	0.342436	0.284099	0.25929	0.242776	0.221754	0.229021	0.198495	0.210201	0.179611	0.204966	0.184582	0.184517	0.168867
-9.8515	1.38416	0.58609	0.446549	0.369354	0.330164	0.291676	0.27646	0.25378	0.238279	0.23062	0.227134	0.203638	0.227678	0.174343	0.195403	0.175426
-9.58727	1.37888	0.51382	0.429372	0.330511	0.31345	0.281418	0.27888	0.24191	0.20156	0.190955	0.218786	0.207324	0.185047	0.178569	0.194304	0.182486
-9.84845	1.38127	0.5594	0.480985	0.382081	0.355618	0.311447	0.288698	0.276995	0.276948	0.256742	0.217673	0.223578	0.216875	0.230597	0.179399	0.166273
-10.0369	1.36898	0.609526	0.474555	0.458562	0.393522	0.313041	0.286631	0.288701	0.31174	0.253853	0.19558	0.244661	0.196297	0.232685	0.178589	0.154841
-9.71261	1.43489	0.558735	0.465145	0.396908	0.339017	0.288472	0.300826	0.254862	0.224987	0.203271	0.199981	0.220646	0.162634	0.184435	0.165901	0.150417
-10.2985	1.21296	0.654836	0.604532	0.515889	0.374024	0.296758	0.377224	0.287634	0.261155	0.233133	0.221057	0.255751	0.163681	0.186025	0.174088	0.131907
-9.89462	1.39302	0.587323	0.487803	0.389173	0.344941	0.290438	0.312628	0.273194	0.256827	0.258303	0.194333	0.221688	0.179266	0.175532	0.172033	0.140159
-9.8678	1.38851	0.578175	0.470447	0.38528	0.332126	0.291735	0.293969	0.264579	0.253852	0.244456	0.195341	0.237385	0.183427	0.180898	0.188378	0.176276
-10.1566	1.27423	0.630622	0.498622	0.425994	0.347296	0.334645	0.290885	0.255598	0.255838	0.246062	0.268137	0.246133	0.19173	0.173887	0.205442	0.23055
-9.5841	1.5061	0.612059	0.478448	0.373761	0.344831	0.269545	0.201908	0.17179	0.174088	0.175394	0.185491	0.147179	0.165678	0.126236	0.0976274	0.136908
-9.55036	1.63441	0.716511	0.563405	0.437415	0.35668	0.257096	0.219942	0.176586	0.14642	0.109899	0.119734	0.0793448	0.100237	0.0816622	0.10025	0.115577
-9.62978	1.61428	0.772238	0.58175	0.434411	0.387514	0.304581	0.232975	0.210443	0.11373	0.113062	0.0927105	0.056564	0.0988401	0.0793627	0.0900013	0.0878422
-9.46561	1.57635	0.612893	0.520088	0.392107	0.343853	0.276778	0.230643	0.18814	0.146802	0.127954	0.111154	0.0994563	0.101727	0.0917554	0.114473	0.126096
-9.83827	1.47473	0.636646	0.470389	0.375359	0.357547	0.28245	0.24248	0.165776	0.091123	0.12121	0.134241	0.105148	0.114255	0.0884279	0.153446	0.170445
-10.0453	1.30388	0.545938	0.408887	0.373108	0.324217	0.306392	0.257998	0.163927	0.150619	0.215706	0.181408	0.145219	0.154944	0.0999411	0.0881047	0.183437
-9.90608	1.33131	0.544769	0.345108	0.337067	0.291458	0.277341	0.219139	0.18409	0.158954	0.188659	0.184928	0.176299	0.200571	0.168656	0.141995	0.179412
-10.0099	1.26684	0.537739	0.342915	0.31033	0.215905	0.200754	0.185987	0.174795	0.190345	0.16845	0.153356	0.136723	0.156743	0.139193	0.144495	0.133642
-10.3636	1.08479	0.584738	0.344931	0.333769	0.262159	0.182271	0.144332	0.142442	0.217045	0.145645	0.120996	0.131654	0.111117	0.104054	0.140455	0.169279
-10.565	0.904378	0.622286	0.442331	0.385174	0.324339	0.273473	0.24405	0.221353	0.297109	0.21621	0.116251	0.105156	0.062068	0.11502	0.11092	0.194421
-10.5646	0.877968	0.582887	0.530467	0.474971	0.411057	0.314765	0.311829	0.265827	0.263246	0.223052	0.125125	0.10197	0.132953	0.101985	0.0884935	0.183916
-10.3662	1.16579	0.687903	0.542183	0.407552	0.411042	0.305837	0.300935	0.222913	0.132319	0.143432	0.0495098	0.0264877	0.117731	0.0206558	0.0572675	0.121151
-10.2526	1.29126	0.667548	0.47817	0.349237	0.341305	0.213536	0.213249	0.165714	0.0220558	-0.0128719	-0.0956635	-0.0842392	-0.025768	-0.0680044	0.00428644	0.0405162
-10.1714	1.3685	0.709414	0.576721	0.437517	0.384262	0.280893	0.241013	0.221542	0.119699	0.13029	0.0486536	-0.0236412	0.0494013	0.061367	0.0501631	0.0493406
-10.2736	1.17838	0.592784	0.479662	0.474223	0.414765	0.339771	0.221396	0.170231	0.11442	0.232233	0.231449	0.122219	0.128234	0.162007	0.104938	0.0773344
-10.3239	1.11902	0.601948	0.379537	0.387706	0.320129	0.269928	0.198166	0.182337	0.233309	0.27501	0.274246	0.17808	0.115566	0.124213	0.100043	0.120995
-10.2513	1.15058	0.604674	0.431625	0.361321	0.309331	0.282076	0.211319	0.189143	0.253044	0.226251	0.207709	0.166864	0.178886	0.150827	0.116346	0.0895312
-10.241	1.17768	0.556926	0.455425	0.394399	0.351517	0.347483	0.228209	0.19025	0.25383	0.200609	0.174659	0.160208	0.172489	0.127161	0.140449	0.0680148
-10.128	1.25793	0.570156	0.422992	0.379299	0.305385	0.307504	0.215855	0.190027	0.224747	0.161913	0.163088	0.107358	0.182223	0.116246	0.16538	0.140788
-10.183	1.16695	0.493406	0.347814	0.329788	0.215479	0.232324	0.188519	0.161003	0.212457	0.135503	0.112723	0.118976	0.208599	0.0973263	0.100763	0.13635
-10.3286	1.11311	0.590176	0.414426	0.386005	0.265438	0.258405	0.261984	0.187259	0.251738	0.139606	0.126344	0.168144	0.168969	0.0631883	0.109056	0.138709
-10.3651	1.09613	0.569739	0.397221	0.355756	0.304493	0.232978	0.212919	0.171411	0.274128	0.223963	0.127104	0.134618	0.140709	0.0918052	0.119508	0.0995001
-10.1056	1.25061	0.516434	0.358539	0.297788	0.277875	0.216455	0.202498	0.167843	0.190817	0.192005	0.144246	0.1449	0.177375	0.152941	0.126372	0.118551
-10.0908	1.27013	0.567247	0.381514	0.369268	0.343085	0.314616	0.254587	0.207892	0.25679	0.243669	0.184805	0.184238	0.206532	0.168668	0.122884	0.103307
-9.40105	1.4532	0.506464	0.430602	0.323543	0.250487	0.250456	0.220735	0.198749	0.179527	0.128267	0.147176	0.153434	0.130313	0.114403	0.134474	0.110498
-8.54657	1.45034	0.447876	0.396187	0.278962	0.217381	0.217205	0.168487	0.166542	0.133209	0.0999165	0.0994264	0.115432	0.0880483	0.0756872	0.0944628	0.0631973
