5.409830000000000361e+00
5.409830000000000361e+00
5.409830000000000361e+00
5.409830000000000361e+00
5.409830000000000361e+00
5.409830000000000361e+00
5.409830000000000361e+00
5.409830000000000361e+00
5.409830000000000361e+00
5.409830000000000361e+00
5.409830000000000361e+00
5.409830000000000361e+00
5.409830000000000361e+00
5.409830000000000361e+00
5.409830000000000361e+00
5.409830000000000361e+00
5.409830000000000361e+00
5.409830000000000361e+00
5.409830000000000361e+00
5.409830000000000361e+00
5.409830000000000361e+00
5.409830000000000361e+00
5.409830000000000361e+00
5.409830000000000361e+00
5.409830000000000361e+00
5.409830000000000361e+00
5.409830000000000361e+00
5.409830000000000361e+00
5.409830000000000361e+00
5.409830000000000361e+00
5.409830000000000361e+00
5.409830000000000361e+00
5.409830000000000361e+00
5.409830000000000361e+00
5.409830000000000361e+00
5.409830000000000361e+00
5.409830000000000361e+00
5.409830000000000361e+00
5.409830000000000361e+00
5.409830000000000361e+00
5.409830000000000361e+00
5.409830000000000361e+00
5.409830000000000361e+00
5.409830000000000361e+00
5.409830000000000361e+00
5.409830000000000361e+00
5.409830000000000361e+00
5.409830000000000361e+00
5.409830000000000361e+00
5.409830000000000361e+00
5.409830000000000361e+00
5.409830000000000361e+00
5.409830000000000361e+00
5.409830000000000361e+00
5.415740000000000443e+00
5.421780000000000044e+00
5.427039999999999864e+00
5.430150000000000254e+00
5.429240000000000066e+00
5.419769999999999754e+00
5.402790000000000425e+00
5.392890000000000406e+00
5.396250000000000213e+00
5.418890000000000207e+00
5.477409999999999890e+00
5.551309999999999967e+00
5.585329999999999906e+00
5.601549999999999585e+00
5.609619999999999607e+00
5.613590000000000302e+00
5.615109999999999602e+00
5.615520000000000067e+00
5.616030000000000300e+00
5.617639999999999745e+00
5.620720000000000383e+00
5.624880000000000102e+00
5.629340000000000011e+00
5.633390000000000342e+00
5.637489999999999668e+00
5.642680000000000362e+00
5.649630000000000152e+00
5.658030000000000115e+00
5.667570000000000441e+00
5.676919999999999966e+00
5.685279999999999667e+00
5.691950000000000287e+00
5.696699999999999875e+00
5.698870000000000324e+00
5.697070000000000078e+00
5.688119999999999621e+00
5.664729999999999599e+00
5.629430000000000156e+00
5.625510000000000232e+00
5.644389999999999574e+00
5.663590000000000124e+00
5.684490000000000265e+00
5.792760000000000353e+00
5.937470000000000248e+00
5.930509999999999948e+00
5.912390000000000256e+00
5.897079999999999878e+00
5.884599999999999831e+00
5.874060000000000059e+00
5.864340000000000330e+00
5.855019999999999669e+00
5.845819999999999794e+00
5.834780000000000300e+00
5.817820000000000213e+00
5.781410000000000160e+00
5.702069999999999972e+00
5.638849999999999696e+00
5.612440000000000317e+00
5.592240000000000322e+00
5.574639999999999596e+00
5.560640000000000249e+00
5.546789999999999665e+00
5.533150000000000013e+00
5.521880000000000344e+00
5.514509999999999579e+00
5.511479999999999713e+00
5.511930000000000440e+00
5.515369999999999884e+00
5.522859999999999658e+00
5.542069999999999830e+00
5.561280000000000001e+00
5.580490000000000173e+00
5.599699999999999456e+00
5.618909999999999627e+00
5.638119999999999798e+00
5.657329999999999970e+00
5.619069999999999787e+00
5.586269999999999847e+00
5.563270000000000159e+00
5.544270000000000032e+00
5.526909999999999989e+00
5.510329999999999728e+00
5.493719999999999715e+00
5.476449999999999818e+00
5.458330000000000126e+00
5.439790000000000347e+00
5.422819999999999752e+00
5.406380000000000408e+00
5.390530000000000044e+00
5.377469999999999750e+00
5.365850000000000009e+00
5.355150000000000077e+00
5.346119999999999983e+00
5.337869999999999671e+00
5.330630000000000202e+00
5.323380000000000223e+00
5.317680000000000184e+00
5.312839999999999563e+00
5.309730000000000061e+00
5.307520000000000238e+00
5.305310000000000414e+00
5.302039999999999864e+00
5.298000000000000043e+00
5.293689999999999785e+00
5.289419999999999789e+00
5.286059999999999981e+00
5.283389999999999809e+00
5.281439999999999912e+00
5.280109999999999637e+00
5.278660000000000352e+00
5.276209999999999845e+00
5.272079999999999878e+00
5.265869999999999607e+00
5.257780000000000342e+00
5.248009999999999842e+00
5.238069999999999560e+00
5.230260000000000353e+00
5.225179999999999936e+00
5.221639999999999837e+00
5.215410000000000323e+00
5.202300000000000146e+00
5.217369230769230981e+00
5.232438461538461816e+00
5.247507692307692651e+00
5.262576923076923485e+00
5.277646153846154320e+00
5.292715384615385155e+00
5.307784615384615101e+00
5.322853846153845936e+00
5.337923076923076771e+00
5.352992307692307605e+00
5.368061538461538440e+00
5.383130769230769275e+00
5.398200000000000109e+00
5.388150000000000439e+00
5.379319999999999879e+00
5.370289999999999786e+00
5.361320000000000086e+00
5.355369999999999742e+00
5.354589999999999961e+00
5.358929999999999971e+00
5.367270000000000429e+00
5.375639999999999752e+00
5.378709999999999880e+00
5.376590000000000202e+00
5.371260000000000367e+00
5.364309999999999690e+00
5.357969999999999899e+00
5.350150000000000183e+00
5.340200000000000280e+00
5.288109999999999644e+00
5.276119999999999699e+00
5.271469999999999878e+00
5.267559999999999576e+00
5.260959999999999859e+00
5.261359999999999815e+00
5.265480000000000160e+00
5.269680000000000142e+00
5.276139999999999830e+00
5.285919999999999952e+00
5.298600000000000421e+00
5.313449999999999562e+00
5.330400000000000027e+00
5.344940000000000246e+00
5.350010000000000154e+00
5.345110000000000028e+00
5.338359999999999772e+00
5.334629999999999761e+00
5.333540000000000170e+00
5.333560000000000301e+00
5.333099999999999952e+00
5.331479999999999997e+00
5.328920000000000101e+00
5.326120000000000410e+00
5.323210000000000441e+00
5.320219999999999949e+00
5.316860000000000142e+00
5.313150000000000261e+00
5.308720000000000105e+00
5.303420000000000023e+00
5.298540000000000028e+00
5.294929999999999914e+00
5.292989999999999640e+00
5.292869999999999742e+00
5.293420000000000236e+00
5.292620000000000324e+00
5.289500000000000313e+00
5.284690000000000332e+00
5.279180000000000206e+00
5.275140000000000384e+00
5.275019999999999598e+00
5.279465588235293438e+00
5.283911176470588167e+00
5.288356764705882007e+00
5.292802352941175847e+00
5.297247941176470576e+00
5.301693529411764416e+00
5.306139117647058256e+00
5.310584705882352985e+00
5.315030294117646825e+00
5.319475882352940665e+00
5.323921470588235394e+00
5.328367058823529234e+00
5.332812647058823075e+00
5.337258235294117803e+00
5.341703823529411643e+00
5.346149411764705484e+00
5.350595000000000212e+00
5.355040588235294052e+00
5.359486176470587893e+00
5.363931764705881733e+00
5.368377352941176461e+00
5.372822941176470302e+00
5.377268529411764142e+00
5.381714117647058870e+00
5.386159705882352711e+00
5.390605294117646551e+00
5.395050882352941279e+00
5.399496470588235120e+00
5.403942058823528960e+00
5.408387647058823688e+00
5.412833235294117529e+00
5.417278823529411369e+00
5.421724411764706097e+00
5.426169999999999938e+00
5.428819999999999979e+00
5.436340000000000394e+00
5.447560000000000180e+00
5.460099999999999731e+00
5.470130000000000159e+00
5.476899999999999658e+00
5.481729999999999769e+00
5.484619999999999607e+00
5.485179999999999723e+00
5.483590000000000408e+00
5.480100000000000193e+00
5.475530000000000008e+00
5.474770000000000358e+00
5.517149999999999999e+00
5.537679999999999936e+00
5.543339999999999712e+00
5.548650000000000304e+00
5.553670000000000329e+00
5.557610000000000383e+00
5.560019999999999740e+00
5.561189999999999856e+00
5.561890000000000001e+00
5.562739999999999796e+00
5.563880000000000159e+00
5.565039999999999765e+00
5.565859999999999808e+00
5.565979999999999706e+00
5.564960000000000129e+00
5.562319999999999709e+00
5.557739999999999903e+00
5.551230000000000331e+00
5.543160000000000309e+00
5.535580000000000389e+00
5.531240000000000379e+00
5.531209999999999738e+00
5.533760000000000012e+00
5.536699999999999733e+00
5.538990000000000080e+00
5.540309999999999846e+00
5.540639999999999787e+00
5.540060000000000429e+00
5.538619999999999877e+00
5.536279999999999646e+00
5.533199999999999896e+00
5.530059999999999754e+00
5.528430000000000177e+00
5.530619999999999870e+00
5.536500000000000199e+00
5.542119999999999713e+00
5.544889999999999652e+00
5.545219999999999594e+00
5.544050000000000367e+00
5.541949999999999932e+00
5.539279999999999760e+00
5.536229999999999762e+00
5.532589999999999897e+00
5.527650000000000396e+00
5.521060000000000301e+00
5.513040000000000163e+00
5.504109999999999836e+00
5.494699999999999918e+00
5.485039999999999694e+00
5.475329999999999586e+00
5.466289999999999871e+00
5.458630000000000315e+00
5.452259999999999884e+00
5.446270000000000167e+00
5.439370000000000260e+00
5.430519999999999570e+00
5.419780000000000264e+00
5.407460000000000377e+00
5.393469999999999764e+00
5.378750000000000142e+00
5.367420000000000080e+00
5.362599999999999589e+00
5.338509615384614548e+00
5.314419230769230396e+00
5.290328846153846243e+00
5.266238461538461202e+00
5.242148076923076161e+00
5.218057692307692008e+00
5.193967307692307855e+00
5.169876923076922814e+00
5.145786538461537774e+00
5.121696153846153621e+00
5.097605769230769468e+00
5.073515384615384427e+00
5.049424999999999386e+00
5.025334615384615233e+00
5.001244230769231081e+00
4.977153846153846040e+00
4.953063461538460999e+00
4.928973076923076846e+00
4.904882692307692693e+00
4.880792307692307652e+00
4.856701923076922611e+00
4.832611538461538458e+00
4.808521153846154306e+00
4.784430769230769265e+00
4.760340384615384224e+00
4.736250000000000071e+00
4.724470000000000169e+00
4.714660000000000295e+00
4.691980000000000040e+00
4.681989999999999874e+00
4.654530000000000278e+00
4.646740000000000315e+00
5.313920000000000421e+00
5.303899999999999615e+00
5.289990000000000414e+00
5.278080000000000105e+00
5.265979999999999883e+00
5.254620000000000068e+00
5.245669999999999611e+00
5.236780000000000435e+00
5.226549999999999585e+00
5.214010000000000034e+00
5.202600000000000335e+00
5.194560000000000066e+00
5.188030000000000364e+00
5.180229999999999890e+00
5.171710000000000029e+00
5.164520000000000444e+00
5.160009999999999764e+00
5.158249999999999780e+00
5.158850000000000158e+00
5.160379999999999967e+00
5.162499999999999645e+00
5.165339999999999598e+00
5.169609999999999594e+00
5.175150000000000361e+00
5.181219999999999715e+00
5.186779999999999724e+00
5.190369999999999706e+00
5.192149999999999821e+00
5.192650000000000432e+00
5.192650000000000432e+00
5.192650000000000432e+00
5.192650000000000432e+00
5.192650000000000432e+00
5.192650000000000432e+00
5.192650000000000432e+00
5.192650000000000432e+00
5.192650000000000432e+00
5.192650000000000432e+00
5.192650000000000432e+00
5.192650000000000432e+00
5.192650000000000432e+00
5.192650000000000432e+00
5.192650000000000432e+00
5.192650000000000432e+00
5.192650000000000432e+00
5.192650000000000432e+00
5.192650000000000432e+00
5.192650000000000432e+00
5.192650000000000432e+00
5.192650000000000432e+00
5.192650000000000432e+00
5.192650000000000432e+00
5.192650000000000432e+00
5.192650000000000432e+00
5.192650000000000432e+00
5.192650000000000432e+00
5.192650000000000432e+00
5.192650000000000432e+00
5.192650000000000432e+00
5.192650000000000432e+00
5.192650000000000432e+00
5.192650000000000432e+00
5.192650000000000432e+00
5.192650000000000432e+00
5.192650000000000432e+00
5.192650000000000432e+00
5.192650000000000432e+00
5.192650000000000432e+00
5.192650000000000432e+00
5.192650000000000432e+00
5.192650000000000432e+00
5.192650000000000432e+00
5.192650000000000432e+00
5.192650000000000432e+00
5.192650000000000432e+00
5.192650000000000432e+00
5.192650000000000432e+00
5.192650000000000432e+00
5.192650000000000432e+00
5.192650000000000432e+00
5.192650000000000432e+00
5.192650000000000432e+00
5.192650000000000432e+00
5.192650000000000432e+00
