-10.1865	1.38814	0.617397	0.368073	0.317087	0.315396	0.317039	0.213585	0.136498	0.161325	0.128153	0.0910419	0.093202	0.0530691	-0.00326896	-0.0179901	0.0266457
-9.93739	1.42675	0.556173	0.39706	0.307443	0.293252	0.28207	0.219475	0.167295	0.171525	0.142931	0.130373	0.115888	0.1072	0.0396818	0.0344263	0.0464588
-10.3444	1.1533	0.636981	0.421689	0.419108	0.357148	0.224805	0.188924	0.263715	0.270006	0.207789	0.16778	0.130379	0.204337	0.105271	0.0633231	0.0809996
-10.3703	1.18284	0.623967	0.378488	0.367578	0.336723	0.137191	0.139117	0.216768	0.266571	0.301136	0.201398	0.132637	0.218458	0.158047	0.179437	0.172408
-10.169	1.22767	0.544119	0.395288	0.370233	0.32005	0.220538	0.226321	0.184592	0.199476	0.236354	0.14329	0.103439	0.196969	0.135611	0.145034	0.150638
-10.0532	1.26946	0.551249	0.398087	0.311603	0.246604	0.248362	0.23166	0.183407	0.208415	0.195983	0.170641	0.142889	0.208351	0.175661	0.136436	0.11979
-10.2569	1.21117	0.601982	0.409856	0.336458	0.347911	0.36613	0.303614	0.254017	0.199043	0.157655	0.213505	0.207314	0.234338	0.177573	0.0969358	0.13382
-10.0775	1.34091	0.628548	0.45275	0.387025	0.371376	0.344156	0.278147	0.246398	0.233804	0.191399	0.214679	0.195609	0.197284	0.180409	0.117975	0.108922
-9.95849	1.40209	0.60808	0.448273	0.381618	0.391925	0.345837	0.268571	0.255781	0.232096	0.219379	0.211178	0.172829	0.164292	0.160713	0.151755	0.121447
-10.1585	1.27916	0.564903	0.383275	0.386174	0.391195	0.379909	0.288509	0.3049	0.300892	0.252146	0.203478	0.207103	0.177267	0.197811	0.163207	0.113369
-9.951	1.38897	0.597921	0.430443	0.387176	0.30271	0.294345	0.258719	0.228731	0.247874	0.201368	0.200995	0.20307	0.148233	0.156661	0.15022	0.13445
-10.0475	1.33057	0.630926	0.435606	0.425874	0.323041	0.264069	0.300538	0.26748	0.246116	0.135881	0.144497	0.206599	0.204411	0.19188	0.134241	0.152151
-10.3253	1.20036	0.715438	0.496956	0.439064	0.346596	0.281626	0.323369	0.286972	0.215429	0.110289	0.159439	0.218777	0.222365	0.252441	0.13396	0.128952
-10.1876	1.26793	0.636497	0.456713	0.388945	0.356548	0.250248	0.273827	0.240393	0.237821	0.211386	0.200165	0.173371	0.181385	0.215148	0.162604	0.136336
-10.1757	1.19353	0.572013	0.39488	0.332603	0.299389	0.204294	0.197903	0.196373	0.205872	0.172364	0.229696	0.175434	0.226453	0.248551	0.202419	0.182148
-10.438	1.00272	0.672727	0.500018	0.441215	0.379072	0.263138	0.260693	0.221868	0.157652	0.0739662	0.226227	0.225681	0.200361	0.188674	0.148327	0.114568
-10.3434	1.09308	0.610796	0.454431	0.385517	0.371382	0.264325	0.270109	0.21724	0.22907	0.179096	0.181341	0.203239	0.189022	0.117914	0.0800877	0.0976218
-10.4252	0.973868	0.496323	0.420756	0.418168	0.389648	0.238928	0.242677	0.167074	0.249155	0.220329	0.15484	0.146195	0.229207	0.162805	0.0256137	0.0988245
-10.5685	0.847594	0.453953	0.36844	0.386285	0.330607	0.19999	0.229293	0.172665	0.274868	0.264585	0.219988	0.204913	0.230849	0.231564	0.109659	0.152764
-10.5115	0.952512	0.547938	0.418988	0.371487	0.250154	0.20559	0.263311	0.102075	0.120405	0.20357	0.224086	0.19727	0.122372	0.145524	0.117045	0.162225
-10.5425	0.934448	0.577745	0.444059	0.383409	0.238952	0.184007	0.206476	0.159803	0.160683	0.197738	0.18237	0.155011	0.125616	0.0880925	0.100777	0.177503
-10.4879	1.00452	0.671047	0.478259	0.350317	0.228582	0.123605	0.102572	0.218619	0.210104	0.157364	0.0819462	0.0764849	0.163844	0.0877298	0.0993885	0.132152
-10.3925	1.04728	0.515604	0.331967	0.294015	0.227054	0.122682	0.150127	0.274737	0.245101	0.157917	0.0754622	0.0608798	0.170313	0.103277	0.0771665	0.0739715
-10.4317	1.10091	0.596331	0.397468	0.367548	0.258033	0.195085	0.255667	0.349878	0.363672	0.284593	0.153534	0.0573475	0.175815	0.167506	0.129387	0.0860178
-10.5138	0.965553	0.575529	0.412691	0.428202	0.339027	0.271379	0.246657	0.356451	0.368125	0.288647	0.196514	0.127359	0.179349	0.187914	0.085011	0.120332
-10.2966	1.11451	0.622809	0.383893	0.369462	0.338268	0.312308	0.19582	0.208345	0.19964	0.229858	0.213921	0.150467	0.155901	0.213702	0.0925936	0.183898
-10.2865	1.14533	0.670295	0.412681	0.372023	0.330726	0.310967	0.250719	0.229695	0.22178	0.209918	0.247281	0.17378	0.163322	0.210755	0.0941072	0.183888
-10.3705	1.05093	0.61559	0.40699	0.419201	0.359352	0.36975	0.298248	0.213138	0.240894	0.203896	0.260093	0.230605	0.178431	0.148662	0.123822	0.207796
-10.2972	1.0956	0.649568	0.457147	0.404102	0.285253	0.323854	0.294905	0.261862	0.253158	0.233939	0.16466	0.240071	0.182611	0.178052	0.180373	0.172051
-10.3729	1.06182	0.654476	0.493018	0.514155	0.375225	0.307449	0.299151	0.246639	0.16182	0.219334	0.189865	0.261582	0.136084	0.197974	0.21216	0.136106
-10.3744	1.08635	0.610948	0.430541	0.409798	0.263698	0.258799	0.301127	0.292803	0.23263	0.284459	0.186426	0.222846	0.211128	0.305654	0.263556	0.172104
-10.3198	1.05054	0.517578	0.375115	0.37375	0.271832	0.215682	0.212804	0.285112	0.274497	0.265816	0.181411	0.170228	0.177207	0.182424	0.201848	0.147275
-10.5363	0.84264	0.563919	0.499162	0.460187	0.317263	0.276303	0.27084	0.297221	0.318831	0.286193	0.226256	0.158289	0.15544	0.17322	0.224111	0.133745
-10.4567	0.955277	0.616184	0.493646	0.372307	0.327289	0.33924	0.336628	0.2591	0.284042	0.232323	0.17848	0.1835	0.176109	0.224693	0.211485	0.165218
-10.4881	0.950578	0.624854	0.495127	0.354819	0.393919	0.360319	0.29979	0.291064	0.289724	0.230435	0.145174	0.160678	0.17392	0.236702	0.201444	0.151878
-10.4731	0.996374	0.569888	0.492156	0.391123	0.403346	0.306846	0.260463	0.291286	0.25842	0.19236	0.134294	0.12656	0.169203	0.206531	0.232452	0.168623
-10.3552	1.06431	0.502867	0.396372	0.349579	0.303054	0.20349	0.192783	0.196128	0.196624	0.191158	0.195129	0.147799	0.188035	0.0964783	0.161447	0.129692
-10.4961	0.919051	0.518721	0.330551	0.250786	0.236463	0.192027	0.216346	0.139369	0.129861	0.136025	0.0762233	0.0393376	0.104471	-0.00304875	0.00528022	-0.0156824
-10.4574	0.947962	0.507991	0.341738	0.325093	0.341619	0.232091	0.224738	0.155257	0.115864	0.147526	0.104073	0.0629888	0.126598	0.0316266	0.0589652	0.0423065
-10.3221	1.09499	0.548082	0.328551	0.337221	0.329557	0.267439	0.23778	0.23916	0.237433	0.263751	0.231432	0.142415	0.162923	0.0747963	0.135771	0.102035
-10.4141	1.03179	0.559061	0.400096	0.391708	0.308829	0.291756	0.279541	0.342709	0.361188	0.274312	0.216345	0.166004	0.13755	0.113525	0.105617	0.108531
-10.4053	1.06184	0.57372	0.376496	0.336232	0.315745	0.356433	0.279499	0.255402	0.356209	0.230301	0.167902	0.203231	0.180351	0.217064	0.088544	0.175255
-10.2904	1.11154	0.557611	0.407565	0.390414	0.315198	0.290506	0.253753	0.208907	0.259021	0.173673	0.18697	0.246509	0.20535	0.220209	0.14022	0.206029
-10.406	1.06818	0.607486	0.411773	0.440855	0.333885	0.287172	0.348942	0.296834	0.306687	0.226655	0.202238	0.212111	0.154528	0.0928136	0.0884714	0.155651
-10.3494	1.11648	0.597184	0.380502	0.450331	0.376174	0.315982	0.311347	0.278873	0.256552	0.197684	0.208749	0.176892	0.201182	0.146701	0.129031	0.199063
-10.216	1.20711	0.600957	0.381996	0.39859	0.307145	0.30245	0.276818	0.190842	0.18998	0.168598	0.20529	0.205301	0.235431	0.169661	0.145859	0.208677
-10.4351	1.06785	0.706472	0.417994	0.407445	0.367616	0.32383	0.358752	0.190267	0.234268	0.238354	0.256284	0.312022	0.283961	0.15202	0.166022	0.136671
-10.1749	1.22937	0.630462	0.40747	0.38623	0.39054	0.268449	0.311491	0.206308	0.229851	0.201671	0.176374	0.230661	0.207234	0.167457	0.160722	0.17807
-10.1433	1.26749	0.613164	0.427092	0.352011	0.331279	0.209098	0.266243	0.241195	0.235523	0.262824	0.185111	0.221516	0.204005	0.18548	0.164719	0.217518
-10.3489	1.17504	0.687209	0.484548	0.464894	0.464635	0.319753	0.272298	0.178795	0.16862	0.309569	0.254243	0.216981	0.192335	0.13196	0.0942733	0.198626
-10.0733	1.27202	0.561717	0.372767	0.376973	0.369696	0.322149	0.25022	0.218615	0.227469	0.247973	0.234735	0.222189	0.205786	0.158346	0.135531	0.190351
-10.1631	1.20511	0.596586	0.378193	0.367105	0.305072	0.318618	0.256959	0.273171	0.274513	0.24381	0.212736	0.231745	0.217273	0.145212	0.117451	0.209243
-10.1939	1.19501	0.655362	0.41251	0.370962	0.334482	0.239942	0.251249	0.225146	0.187203	0.209246	0.190709	0.209123	0.224935	0.175942	0.152002	0.157438
-9.93712	1.19326	0.594665	0.433179	0.287836	0.38374	0.178867	0.265378	0.207728	0.178524	0.2362	0.0780842	0.206493	0.171846	0.144953	0.125058	0.102762
-9.6485	0.487121	0.706202	0.744987	0.198273	0.347088	0.250129	0.282803	0.0487162	0.20086	0.269375	-0.174877	0.328597	0.0758349	0.259033	0.0252436	0.116611
-9.03433	0.184928	0.770938	0.958855	0.153923	0.21735	0.278557	0.265421	-0.0500542	0.081735	0.341309	-0.203697	0.331853	0.0129512	0.297979	-0.0300241	0.141313
-6.76962	1.37504	0.553571	0.476049	0.0396259	0.181635	0.00339821	0.00820004	-0.134377	-0.0512572	0.00978619	-0.172307	0.113441	-0.000334039	0.0439457	0.0698436	0.0282311
-5.84182	1.42415	0.421169	1.31537	-0.0370082	-0.0734438	-0.0214851	0.0167831	-0.35654	-0.31188	0.119007	-0.386778	-0.00710775	-0.14314	-0.0208112	-0.204688	-0.00629435
-4.88665	1.44232	0.195587	1.571	-0.185344	-0.053652	-0.119895	-0.120855	-0.497676	-0.47558	0.255815	-0.442706	0.124375	-0.235474	0.0232815	-0.216809	0.036328
-4.60557	1.47046	0.215488	1.66899	-0.162434	-0.00959061	-0.0959727	-0.108388	-0.525314	-0.505558	0.288764	-0.447852	0.18958	-0.206485	0.0832648	-0.233498	0.0635731
-4.73835	1.50223	0.332177	1.73931	-0.185899	0.00286545	-0.0551805	-0.109716	-0.434726	-0.484222	0.241489	-0.455545	0.0637555	-0.165279	0.0520902	-0.182064	0.0561059
-4.289	1.40436	0.151247	1.72155	-0.338397	-0.00996456	-0.117276	-0.156584	-0.437263	-0.516333	0.2293	-0.436311	0.107151	-0.191387	0.0292181	-0.148121	-0.0279697
-4.24489	1.30114	0.0497936	1.59469	-0.489105	-0.216625	-0.247893	-0.280987	-0.545975	-0.594316	0.0770017	-0.514723	0.0759756	-0.289865	-0.0727807	-0.280135	-0.107036
-4.35137	1.38831	0.0566978	1.44901	-0.53511	-0.333948	-0.0870695	-0.407663	-0.664708	-0.63981	0.0586294	-0.575798	-0.0151227	-0.253502	-0.0925127	-0.249647	-0.17543
-4.53686	1.58763	-0.0367867	1.29832	-0.554932	-0.40238	-0.187535	-0.71782	-0.619848	-0.639333	-0.0612658	-0.518094	0.0150561	-0.21359	-0.259762	-0.251098	-0.0889293
-4.41522	1.60863	0.0587996	1.12484	-0.474592	-0.464483	-0.132994	-0.530017	-0.743411	-0.586092	-0.0223499	-0.424947	-0.209805	-0.0774113	-0.179906	-0.187311	-0.301246
-4.55782	1.34684	-0.0337489	1.20858	-0.521602	-0.627902	-0.260532	-0.581416	-0.902825	-0.736119	0.0386121	-0.382012	-0.198321	-0.191948	-0.220932	-0.196473	-0.487402
-3.56372	1.77667	0.1106	1.51997	-0.121494	-0.228587	-0.105532	-0.210995	-0.386927	-0.273966	0.377048	0.0535483	0.33972	0.0621013	-0.271203	-0.260445	-0.587224
-3.48567	1.73875	0.202291	1.39594	-0.0652446	-0.351105	-0.131139	-0.163989	-0.334128	-0.266004	0.289061	0.200452	0.277321	0.0593634	-0.278694	-0.330724	-0.625315
-3.48799	1.93963	0.0811798	1.42337	-0.0748101	-0.423842	-0.0516955	-0.270001	-0.132368	-0.34438	0.331411	0.188566	0.248254	-0.00820663	-0.267633	-0.221473	-0.624863
-3.3029	1.74809	0.33762	1.48717	-0.0996927	-0.286675	-0.0563965	-0.185723	-0.175288	-0.347231	0.34973	0.0446978	0.274399	-0.173482	-0.100415	-0.00521772	-0.276613
-3.44249	1.92195	0.237336	1.49709	-0.047944	-0.30675	-0.0772895	-0.102468	-0.163139	-0.325801	0.197241	0.211452	0.236359	-0.168479	-0.178789	0.0708594	-0.358861
-3.64617	1.76783	0.371031	1.40755	0.20739	-0.121133	-0.142083	-0.201284	-0.0885476	-0.389689	0.227612	0.182102	0.309467	-0.245908	-0.219296	0.129977	-0.230417
-4.36466	1.962	0.517838	0.904536	0.137897	0.0861673	-0.266478	-0.0439813	0.0474611	-0.319577	0.278569	0.123969	0.293481	-0.25562	-0.285803	-0.146438	-0.332839
-4.56637	1.93709	0.47165	1.03149	0.539085	0.162501	-0.183529	0.13039	-0.162849	0.156555	-0.0658678	0.0437302	0.191529	-0.182291	-0.223393	-0.0504959	-0.096963
-4.69653	1.88443	0.834483	1.014	0.6755	0.704716	-0.396205	-0.0497045	0.0333283	0.203585	-0.0199651	0.154599	0.39134	-0.407565	-0.292268	0.0840703	0.268139
-4.95124	1.98436	0.675173	0.835469	0.598416	0.435821	-0.103243	-0.0306454	-0.139182	0.0820953	-0.0209369	0.0471684	0.340929	-0.137467	-0.417255	0.0411179	0.00387829
-4.91141	1.98867	0.796118	0.913158	0.514838	0.279779	-0.0629305	0.170561	-0.066892	-0.0311147	0.00537463	0.12782	0.129567	-0.306764	-0.146874	0.126169	0.120917
-4.43702	1.60351	0.677144	0.856189	0.224625	0.157184	0.0732112	-0.0755773	-0.369587	-0.0412559	0.378158	-0.0850853	0.189786	-0.185316	-0.0538476	-0.29494	-0.169073
-3.94027	1.87419	0.130778	1.29723	0.361867	0.24963	-0.0275254	-0.181899	-0.0526822	-0.370995	-0.153577	-0.0950373	0.182603	0.0974024	-0.0216859	0.332929	-0.212969
-3.6097	1.79174	0.0635437	1.37437	0.531522	0.221219	0.211942	-0.344267	-0.0159832	-0.628951	-0.160032	-0.231113	0.336409	0.154719	0.0146734	0.481561	-0.0968449
-3.14173	1.83934	0.0925814	1.21654	0.318393	-0.0690147	0.182036	-0.520476	0.178787	-0.52131	-0.0412922	-0.0513138	0.202575	0.150598	-0.114071	0.400952	-0.0552731
-2.81406	1.7379	-0.0131907	1.0988	0.0472726	-0.206056	-0.00867987	-0.615906	0.215329	-0.495633	0.112272	0.0371403	0.252619	0.0643596	-0.171283	0.316568	-0.332412
-2.53963	1.61752	-0.051877	0.931998	0.152726	-0.30107	-0.0486707	-0.571634	0.205007	-0.45861	0.110778	0.0856466	0.308699	-0.0912027	-0.114887	0.257428	-0.161924
-2.47409	1.68129	-0.223283	0.9001	0.0734561	-0.316312	-0.106652	-0.499316	0.189498	-0.430477	0.117738	0.0483912	0.371355	-0.11587	-0.159494	0.254636	-0.202949
-2.47763	1.77089	-0.374289	0.874324	0.0521479	-0.388406	-0.100756	-0.46286	0.18778	-0.399837	0.0884105	0.0510478	0.325517	-0.0748221	-0.230865	0.270049	-0.24474
-2.56744	1.88467	-0.488293	0.806876	0.00876795	-0.446767	-0.124538	-0.437788	0.181066	-0.391959	0.110303	0.00265254	0.293629	-0.0921377	-0.207027	0.242826	-0.258842
-2.73531	2.06931	-0.695548	0.797924	-0.0183002	-0.477687	-0.1232	-0.511776	0.288757	-0.528794	0.23939	-0.16296	0.360427	-0.142026	-0.221496	0.231973	-0.329499
-2.82904	2.15791	-0.759933	0.774353	-0.0724211	-0.383622	-0.229379	-0.417017	0.230156	-0.44225	0.179011	-0.159739	0.310187	-0.139674	-0.219855	0.169891	-0.258181
-2.87647	2.16783	-0.794018	0.710862	-0.0711917	-0.38001	-0.242111	-0.421121	0.207286	-0.405222	0.150836	-0.162573	0.27969	-0.121373	-0.231348	0.124188	-0.26369
-2.8578	2.14744	-0.749311	0.70371	-0.0697043	-0.317021	-0.244303	-0.381599	0.204343	-0.332778	0.144259	-0.155273	0.310606	-0.167476	-0.189319	0.0432898	-0.138426
-2.89514	2.17195	-0.671948	0.64817	-0.0167657	-0.306521	-0.218261	-0.351085	0.178899	-0.223551	0.0915876	-0.104174	0.28904	-0.134204	-0.237953	0.0611027	-0.0897985
-2.94563	2.16593	-0.58965	0.571003	0.0359355	-0.33708	-0.178724	-0.423791	0.212805	-0.195924	0.0356386	-0.096103	0.285591	-0.115073	-0.262529	0.0422478	-0.084585
-3.01426	2.1785	-0.582871	0.54532	0.0170302	-0.364366	-0.161054	-0.512924	0.229822	-0.211667	-0.0169796	-0.109993	0.259012	-0.104305	-0.265557	0.0147948	-0.129279
-3.045	2.10771	-0.436754	0.450661	0.0223345	-0.314191	-0.176924	-0.564682	0.206245	-0.173678	-0.0643347	-0.145027	0.271704	-0.10145	-0.256882	-0.0235469	-0.125567
-3.19647	2.16022	-0.375808	0.369201	0.00625793	-0.261705	-0.243896	-0.595448	0.0971573	-0.141783	-0.125146	-0.184855	0.238233	-0.0842992	-0.295479	0.0154221	-0.207648
-3.23286	2.11753	-0.206247	0.395777	0.0306588	-0.145261	-0.195538	-0.608335	0.156933	-0.203579	0.0101507	-0.283645	0.335043	-0.0762863	-0.243412	-0.0212611	-0.125525
-3.48772	2.30521	-0.199857	0.49886	0.15244	-0.0727876	-0.0503397	-0.644293	0.233878	-0.210961	0.0512732	-0.288888	0.386841	-0.0321411	-0.186904	-0.0249684	-0.0628793
-4.25741	2.55925	0.0478322	0.698274	0.492056	0.187261	0.212152	-0.422877	0.312872	-0.05663	0.0549691	-0.167132	0.30612	0.0350388	-0.0304365	-0.043723	0.175872
-5.15766	2.60699	0.610446	0.872829	0.804073	0.484988	0.216918	-0.543167	0.108947	0.140745	0.191743	-0.0864914	0.384628	0.303106	-0.242077	0.121432	0.183938
-5.86258	3.07395	0.69774	0.616997	0.465358	0.217037	0.117473	-0.394699	0.0931089	0.0147349	0.157027	-0.272546	0.112175	0.0159021	0.0218767	-0.0093847	0.00933256
-6.43979	3.07528	0.691526	0.733207	0.674651	0.292904	0.0358089	-0.465648	0.0539895	-0.111041	-0.0551851	-0.311593	0.181112	0.182373	-0.288922	-0.0449734	0.0850559
-6.72119	2.74575	0.669341	0.762211	0.226253	0.188337	-0.11058	-0.558419	-0.176413	-0.0211337	-0.258873	-0.51078	-0.0615548	-0.238759	-0.25306	-0.271684	0.0205998
-6.77054	2.5801	0.779755	0.75811	0.355387	0.28738	-0.0264171	-0.450119	-0.218018	-0.098484	-0.150361	-0.454005	-0.152964	-0.0486947	-0.365069	0.0262331	0.0585913
-6.74614	2.29133	0.861923	0.451058	0.55688	0.266283	-0.218904	-0.303837	-0.226317	-0.121252	-0.307806	-0.377728	-0.277953	-0.14059	-0.43524	-0.0126298	0.0527024
-6.59309	2.10433	1.02157	0.319019	0.604166	0.369337	0.122386	-0.349855	-0.231817	0.0481944	-0.411387	-0.340779	-0.163477	-0.0782444	-0.438096	0.103	0.0348568
-6.4355	1.76424	1.13784	0.366817	0.678997	0.161945	0.196378	-0.311861	-0.32384	-0.108853	-0.387233	-0.141939	-0.360603	-0.0920478	-0.308716	0.0512207	0.0455622
-6.03722	2.12816	1.11543	0.264291	0.924133	0.285603	0.390438	-0.341767	-0.218341	0.109016	-0.0519997	-0.140289	0.12213	0.143972	0.0894207	0.00782107	0.17311
-4.95157	2.00624	0.681821	0.829005	0.661916	0.518839	0.290076	0.0977302	0.254083	0.077038	0.00851206	0.0651504	0.322335	0.129773	0.145529	0.162408	0.258887
-3.9778	2.49006	0.374355	0.391948	0.357384	0.124775	0.00179222	-0.258232	0.0225761	0.172016	0.249673	0.054832	0.00700083	0.29262	-0.183952	-0.0113023	0.233608
-3.4	2.4949	-0.166812	0.398644	-0.110232	0.0432839	-0.0124371	-0.436248	-0.0276613	0.0940792	0.198595	-0.153392	0.166047	-0.000904296	-0.026992	-0.0210094	-0.0322155
-3.3217	2.50492	-0.204829	0.306214	-0.0220174	-0.0352066	0.0357461	-0.541364	-0.0815797	0.0720502	0.363878	-0.102045	0.209312	0.0563078	0.0234024	-0.0831536	-0.125192
-3.50808	2.80182	-0.280407	0.325144	-0.104438	-0.0321718	0.1094	-0.446374	-0.221003	0.0340906	0.43028	0.011701	0.0768563	0.115079	0.0118116	-0.0849094	-0.115723
-3.69564	3.0089	-0.184751	0.230287	-0.112915	-0.0538234	0.223747	-0.317987	-0.319877	-0.0651536	0.423826	0.156253	0.125108	0.00893044	0.0426888	-0.197898	0.0323555
-4.02888	3.2496	-0.154689	0.220631	-0.323853	-0.167554	0.293001	-0.282905	-0.34874	-0.281874	0.35014	0.207327	0.0435701	-0.0774783	0.0139499	-0.184926	-0.0637622
-4.1637	3.21876	0.0582988	-0.053792	-0.411177	-0.166403	0.140665	-0.174816	-0.248088	-0.432179	0.0965442	0.0872726	0.0825488	-0.0584922	0.0577613	-0.298998	-0.154892
-4.46509	3.3204	0.0247886	0.0202912	-0.56842	-0.413084	0.176684	-0.196094	-0.353882	-0.471893	-0.0417583	-0.14774	0.0018224	0.0551156	-0.168639	-0.239115	-0.315238
-4.63739	3.29753	0.355142	0.169529	-0.461479	-0.456416	0.19607	-0.0814166	-0.152914	-0.470929	-0.0446776	-0.124975	0.0612855	0.0632103	-0.0640417	-0.257489	-0.0559849
-5.21927	3.67905	0.462516	0.522557	-0.413574	-0.556905	-0.0243948	0.0388962	0.0339001	-0.0778839	-0.205437	-0.370837	-0.000403372	0.127653	0.0845622	-0.143628	-0.0120119
-5.50011	3.94649	0.438342	0.107806	-0.246569	-0.288568	0.0940144	-0.170657	-0.249172	0.0385356	0.0190714	-0.412061	-0.0497442	-0.0498847	-0.0591405	-0.0688161	0.0529445
-5.56217	4.03937	0.0191128	0.232501	-0.170299	-0.219297	0.000141483	-0.187195	-0.315423	0.00142027	-0.184801	-0.0629468	-0.147767	-0.100248	-0.0746927	-0.235743	0.0168986
-5.55341	4.02023	0.234314	-0.0178016	0.172631	-0.0948382	-0.0899686	-0.0220742	-0.218431	-0.0698542	0.013001	0.0347961	-0.122125	0.0165354	-0.0906079	-0.142954	0.114497
-5.51165	3.97089	0.274327	0.0647227	0.216403	0.0932532	-0.176866	0.215848	-0.307456	0.0656005	0.04426	0.0646111	-0.00570702	0.0507532	-0.116484	0.0207595	0.137551
-5.72051	4.09293	0.254253	0.0962416	0.254655	0.0984902	-0.0709319	0.0504231	-0.168588	-0.0487614	0.0627447	0.0180302	0.126225	-0.164033	0.101947	-0.058715	0.122485
-6.10886	4.4532	0.100892	0.299982	0.0575969	0.259653	-0.131916	-0.0383861	-0.0965933	-0.17051	0.0407293	0.0209235	0.0839946	-0.123103	0.0235201	0.0393797	0.0255549
-6.28123	4.39393	0.633982	-0.038188	0.298915	0.200217	-0.0472387	-0.0639353	-0.0980442	-0.168475	0.100462	-0.0650784	0.27199	-0.0716102	-0.119386	0.227083	0.0453884
-6.31528	4.3568	0.754806	0.400026	0.139877	0.148068	0.192422	-0.11638	-0.0955265	-0.0678494	0.108089	0.201929	0.155179	0.0858059	-0.019134	0.0819287	0.323253
-6.6492	4.73643	0.644291	0.50049	0.0726964	0.130832	0.0263919	-0.0267885	-0.385508	0.0570001	0.32287	0.0779812	0.0366022	0.13344	-0.0602205	0.0702587	0.240256
-6.45854	4.5593	0.855812	0.409389	0.122382	0.0940778	0.00615387	-0.0777096	-0.241119	0.155137	0.372038	-0.0904468	0.144605	0.184762	-0.0576737	0.112523	0.218396
-5.97812	4.46551	0.509375	0.494276	-0.0924457	0.220132	-0.0526568	-0.100464	-0.0976537	0.16637	0.283525	0.0466923	0.10922	0.143986	0.0495366	-0.00842682	0.214507
-5.81621	4.44771	0.41976	0.374315	-0.100191	0.00811274	0.00701498	-0.159764	-0.128651	0.046823	0.317709	0.234866	-0.0257773	0.0266926	-0.0336653	0.0366503	0.0984035
-6.15336	4.25708	0.869702	0.461	-0.253664	0.00235796	-0.0723517	-0.572343	-0.225143	0.00151631	0.389627	0.172601	-0.000252764	0.107969	-0.237021	-0.297337	0.196645
-5.79252	4.31917	0.92327	0.406016	-0.454723	-0.402266	0.0189034	-0.308708	0.410868	-0.146017	0.314583	-0.1789	0.070664	0.107029	-0.0684048	-0.0603966	0.0971071
-5.36237	4.38025	0.554327	0.592733	-0.80208	-0.384175	0.152833	-0.070653	0.314428	-0.122197	0.241806	0.0269628	0.015028	0.0202112	-0.159378	0.100152	0.147071
-4.77887	4.03193	0.0016569	0.489823	-0.839586	-0.434783	0.225541	-0.339419	0.100355	-0.103622	0.192026	-0.0240912	-0.0779713	-0.116836	-0.217196	-0.0630148	0.0941497
-4.33722	3.98798	0.246768	0.192447	-0.71161	-0.191647	0.464318	-0.130824	0.287817	-0.0562908	0.224825	0.0610728	0.237182	0.119689	0.0964792	0.0433418	-0.0357552
-3.95986	4.00741	-0.0887219	0.555746	-0.707753	0.0749841	0.469984	-0.0468614	0.395169	0.0841469	0.316993	0.25871	0.306803	0.350884	0.132245	0.166418	-0.0246579
-3.82378	3.66698	-0.600285	0.0866362	-0.885607	-0.0455351	0.426556	-0.430204	-0.00237291	-0.217392	0.188116	0.240522	0.123169	0.049425	-0.29913	-0.0263093	-0.280235
-3.61653	3.27452	-0.652938	-0.232993	-0.829091	-0.174623	0.274212	-0.332688	-0.176636	-0.139549	0.0245553	0.0969937	0.0829795	-0.0973504	-0.397127	-0.238735	-0.244985
-3.23194	3.23703	-0.732355	0.147698	-0.694573	0.280136	0.39527	-0.251561	-0.0657705	0.189306	0.334428	0.258815	0.102975	-0.0175438	-0.270597	0.0232613	0.0663222
-3.09952	3.08682	-0.569207	0.196886	-0.483111	0.265841	0.429458	-0.244879	0.15485	0.273077	0.481775	0.14351	0.223893	-0.0898468	-0.0723114	0.0557835	0.216377
-3.00728	2.86582	-0.676479	0.210139	-0.59715	0.276024	0.274508	-0.264158	0.139133	0.215683	0.409279	0.0920587	0.117269	-0.122758	-0.145891	0.0552143	0.129824
-2.87159	2.7249	-0.602015	0.175285	-0.415001	0.221256	0.345737	-0.347193	0.334683	0.304607	0.388303	0.0785752	0.0907337	-0.0517473	0.0133339	-0.0457854	0.243197
-2.84131	2.62157	-0.731857	0.149096	-0.551211	0.306707	0.130096	-0.263637	0.222761	0.276621	0.364147	-0.0849768	0.115489	-0.174304	-0.027486	0.00296322	0.106801
-2.80769	2.47593	-0.831072	0.00487788	-0.586576	0.215225	0.111646	-0.343244	0.154808	0.230046	0.255602	-0.165315	-0.00448901	-0.189533	-0.122907	0.0594416	-0.0833932
-2.78554	2.52006	-0.89011	0.0366514	-0.59203	0.281378	0.143591	-0.312877	0.197841	0.209772	0.309951	-0.174588	0.0141622	-0.171163	-0.0987113	0.0784321	-0.0591695
-2.72271	2.50671	-0.859567	0.0514171	-0.591197	0.387558	0.176392	-0.237726	0.199006	0.2658	0.310342	-0.178905	0.07488	-0.160366	-0.0190968	0.0801703	0.0111163
-2.77732	2.48796	-0.854848	-0.0845262	-0.547599	0.301314	0.201926	-0.278219	0.136083	0.248264	0.230636	-0.165208	-0.00959302	-0.137878	-0.109833	0.140405	-0.104771
-2.82356	2.59502	-0.867803	-0.0153143	-0.586324	0.37463	0.222763	-0.242531	0.168693	0.209329	0.310176	-0.1782	0.0697858	-0.169086	-0.0413194	0.108366	-0.031258
-2.91336	2.67968	-0.834955	-0.0920404	-0.518686	0.252057	0.343692	-0.364849	0.263391	0.0782995	0.401197	-0.254009	0.145795	-0.266332	-0.00461989	0.0798112	-0.0317522
-2.93609	2.70602	-0.87011	-0.019566	-0.644631	0.36278	0.26977	-0.315426	0.225064	0.0883602	0.345586	-0.220342	0.127775	-0.297165	0.0465559	0.0417778	-0.0235885
-3.02273	2.81138	-0.755002	-0.11313	-0.543597	0.248747	0.385729	-0.313845	0.203754	0.0932122	0.3217	-0.0494702	0.0620148	-0.185046	-0.144632	0.140492	0.00197564
-3.19726	3.09488	-0.669282	-0.10638	-0.426683	0.16074	0.586523	-0.333074	0.237804	0.156512	0.339499	0.111534	0.101983	-0.216684	-0.0720395	0.0967308	0.162528
-3.18775	2.89723	-0.482317	-0.235663	-0.53686	0.213847	0.423634	-0.249653	0.0583558	0.156114	0.265183	0.133973	0.0845811	-0.320923	-0.117312	0.0530995	0.11134
-3.30482	2.81907	-0.409226	-0.318267	-0.68936	0.144638	0.37118	-0.338133	-0.0236451	0.024181	0.211652	0.123842	-0.00589484	-0.349852	-0.278672	0.0677718	-0.0352759
-3.32655	2.88287	-0.125053	-0.328412	-0.572637	0.255016	0.318192	-0.158612	0.0545674	0.0190617	0.380096	0.181967	0.0910585	-0.21074	-0.215621	0.0307342	0.143664
-3.42422	2.84809	-0.124543	-0.337501	-0.59156	0.047437	0.444475	-0.375324	0.0569196	0.0364375	0.172411	0.196876	0.085648	-0.331144	-0.126355	-0.0989074	0.0749071
-3.63453	2.95884	-0.188867	-0.298767	-0.715245	-0.0780042	0.453944	-0.531637	0.150632	-0.13836	0.0881292	0.124624	0.0712554	-0.237984	-0.168263	-0.216256	-0.0739809
-3.75826	3.0047	-0.0901556	-0.264072	-0.788799	-0.0929109	0.444347	-0.502274	0.152768	-0.19446	0.0105498	0.150961	0.0681392	-0.141197	-0.180891	-0.207423	-0.143205
-3.99911	3.09156	0.00263372	-0.358528	-0.827091	-0.256853	0.371566	-0.415935	0.0100651	-0.198315	-0.234221	0.105462	0.104745	-0.159717	-0.0857441	-0.352027	-0.302642
-4.20577	3.23104	0.154365	-0.0903736	-0.943401	-0.231828	0.389672	-0.399486	0.174852	-0.28169	-0.240493	0.135336	0.103239	0.0895107	-0.126329	-0.271112	-0.26877
-4.51357	3.64277	0.138667	0.0729391	-0.855532	-0.228088	0.463781	-0.434126	0.174963	-0.196233	-0.235671	0.198446	0.0907486	0.171826	-0.0615208	-0.0270855	-0.309048
-4.70076	3.59734	0.518508	0.336536	-0.792534	-0.284299	0.41448	-0.495302	0.398107	-0.164217	-0.103474	0.213566	0.0679725	0.130664	0.0683589	0.0978948	-0.14992
-5.22694	3.60683	1.02126	0.751175	-0.875312	-0.372356	0.268768	-0.423804	0.344975	0.0643972	0.00199946	0.1202	0.000467301	0.108535	0.239233	0.136249	-0.0936977
-5.7643	3.8806	1.13551	0.790348	-0.999376	-0.337194	0.232675	-0.411185	0.309773	-0.244456	-0.0274142	0.508946	0.00101033	-0.156701	-0.0762268	0.184883	0.014792
-5.71049	3.84161	0.766816	0.56089	-0.704805	-0.377005	0.132093	-0.624816	0.208128	0.0281152	-0.0924648	0.101963	-0.120128	-0.0705594	0.0627309	-0.0654422	-0.0789909
-5.76716	3.93946	0.860065	0.466037	-0.543146	-0.118188	0.132515	-0.670996	0.405702	0.108914	0.00422732	0.145205	-0.132548	0.00620048	0.062422	0.118258	0.060979
-5.84069	4.00456	0.755116	0.519752	-0.553081	-0.120918	0.17746	-0.480785	0.366904	0.0929443	-0.131425	0.128515	0.0124577	-0.0182264	0.184717	-0.136989	0.20807
-5.98299	3.8972	0.68684	0.277039	-0.638191	-0.334865	0.110995	-0.374175	0.181814	-0.149211	-0.199162	-0.152133	-0.0398136	0.0861487	-0.249829	0.0299065	-0.157398
-5.79464	3.83619	0.715521	0.415787	-0.645615	-0.142465	0.252943	-0.244086	0.288379	-0.157854	-0.141207	0.0775435	-0.0235103	0.0912504	-0.0945745	0.0785397	0.0741355
-5.71454	3.7599	0.719697	0.266213	-0.607894	-0.0281544	0.146734	-0.237756	0.267197	-0.150664	-0.161696	0.033259	-0.068982	0.0623356	-0.0172337	0.125169	-0.0763048
-5.50774	3.68285	0.979675	0.456234	-0.630346	-0.00661945	0.422467	-0.101211	0.176984	0.144579	-0.0163832	-0.017274	0.0324841	0.188226	0.329046	0.19852	-0.00776741
-5.22107	3.64778	0.718302	0.260054	-0.477737	0.0397579	0.415854	-0.209031	0.182812	-0.0441674	-0.0100693	0.0201637	0.172716	0.155529	0.125727	0.193887	-0.00300375
-5.04148	3.63916	0.995768	0.292014	-0.301227	0.0922247	0.619328	-0.0136523	0.0761363	-0.0684452	0.190363	0.280698	0.38131	0.127486	0.267784	0.200366	0.306579
-4.97207	3.47479	0.782824	0.216918	-0.450924	0.0475385	0.411959	-0.288729	-0.088083	-0.0616841	-0.0752462	0.0613605	0.440454	0.0694819	0.180382	-0.121863	0.0578617
-4.79605	3.47724	0.536738	0.0521114	-0.313311	0.0255786	0.315519	-0.21812	-0.460295	-0.0149276	-0.137067	0.104369	0.455657	-0.0872237	0.147671	-0.151138	-0.0568515
-4.65701	3.50784	0.688989	0.0658151	-0.195513	0.242176	0.452925	-0.413043	-0.35085	0.194763	0.0356076	0.169016	0.519177	-0.010852	0.164225	-0.0966866	0.305716
-4.28517	3.32313	0.560687	-0.0358126	-0.0336303	0.431994	0.461374	-0.5874	-0.287226	0.277503	0.142652	0.285317	0.383283	-0.13318	0.278002	0.0771539	0.331352
-4.67621	3.50322	0.559613	-0.0932439	-0.0845589	0.586941	-0.0438151	-0.492279	-0.195179	-0.0111937	0.23886	0.114276	0.0248439	-0.0179222	0.198685	0.154439	0.00603281
-4.69527	3.32481	0.840641	-0.0616808	-0.400805	0.842279	0.0968797	-0.68798	-0.106777	0.189288	-0.0104549	0.0672536	0.0754719	0.00468867	0.18691	0.00398033	0.177949
-4.90549	3.37967	0.846929	-0.254337	-0.0685059	0.561155	0.058192	-0.666103	-0.159924	0.205265	-0.0886296	-0.183862	0.125154	0.0230501	0.0354819	-0.0400164	0.0388897
-4.87464	3.18045	0.841269	0.4483	-0.285802	0.597766	0.336046	-0.696441	-0.0217511	0.414239	-0.26414	-0.0600687	0.137199	0.17394	0.188556	-0.153618	0.419377
-4.84813	2.62401	0.772588	0.820141	0.00545383	0.391035	-0.167494	-0.179852	0.118682	-0.199581	-0.179859	-0.0475544	0.120647	0.0508899	0.260901	-0.0356912	0.0991645
-4.8622	1.82249	1.11563	0.998095	-0.148068	0.50968	-0.433291	-0.295538	-0.073213	-0.0819497	-0.0584362	-0.0499389	-0.161543	-0.112608	0.129432	0.113465	-0.259864
-4.67653	1.17325	1.30196	0.688128	0.227194	0.501588	-0.398089	-0.266038	-0.0826413	-0.235917	-0.126116	0.00874646	0.032951	-0.134923	0.0583169	0.00759534	-0.294154
-4.65948	0.965051	1.50984	0.659063	0.205887	0.574133	-0.348322	-0.0290787	0.184543	-0.207726	-0.168197	0.0264591	0.0620851	0.0788992	0.00281614	-0.0248155	0.00745203
-4.85808	0.480859	1.74472	0.625274	0.390477	0.471207	-0.343033	0.0543038	0.112158	-0.140944	-0.185777	-0.13082	0.0327931	0.0794103	-0.0341428	-0.0078083	-0.161938
-5.14694	0.264398	1.61867	0.903284	0.263119	0.506714	-0.158993	0.276701	0.257167	-0.327015	-0.457466	-0.194799	0.220872	0.200116	-0.0749625	0.0508937	-0.233549
-5.14803	0.0258512	1.43594	0.628392	0.33193	0.731845	-0.0915439	0.0755953	0.177406	0.114231	-0.11171	-0.24694	-0.0659607	0.114944	-0.118872	-0.244433	0.0885701
-5.44148	-0.0717414	1.67537	0.782866	0.161104	0.687547	-0.280383	0.20339	0.394683	-0.0196003	-0.304433	-0.0574766	-0.0790583	0.0512805	-0.261367	0.00949909	0.0503371
-5.54115	-0.317175	1.22844	0.638308	0.683628	0.709887	-0.347638	-0.0436043	0.183008	-0.0366235	0.00426762	-0.249643	-0.437635	-0.34487	-0.422507	0.0238197	0.15887
-5.60416	-0.140642	0.953135	0.436407	0.351534	0.51766	0.178754	0.221093	0.0395452	-0.156573	-0.592211	-0.329	-0.406264	-0.230461	-0.167277	-0.328437	0.0161416
-5.2184	-0.118341	1.19634	0.854695	0.536649	0.846614	0.174774	0.0777569	0.301409	0.120118	-0.115522	-0.0218141	0.310907	-0.0050369	-0.0853935	-0.021685	0.0319789
-5.15193	0.26056	1.30883	1.02471	0.550409	0.963201	0.128892	0.347966	0.742276	0.29181	0.059446	0.135331	0.248167	0.078265	-0.0423506	0.355286	0.133415
-5.3427	0.475218	1.32346	0.95769	0.525302	0.747172	0.249948	0.0873439	0.379548	-0.197796	0.12431	0.431971	0.321983	-0.209634	-0.302762	0.086613	0.389871
-5.27921	0.420188	1.03716	1.11104	0.453572	0.648197	0.373151	0.341144	0.352161	-0.0547641	-0.0410445	0.0562917	-0.0984474	4.33832e-06	0.0231723	0.0164939	0.196111
-5.40977	0.101102	0.965444	1.2392	0.483935	0.466547	0.172777	0.147574	0.128198	0.0318374	-0.260604	-0.0592662	-0.0181121	-0.372775	-0.322891	-0.0160585	0.375115
-5.44135	0.408507	0.686146	1.24278	0.562097	0.503288	0.0588036	-0.107324	0.128879	0.0289986	0.0501589	-0.0705032	0.0588118	-0.146955	-0.131782	-0.0198579	0.128224
-5.71359	0.926158	0.921241	1.45414	0.619599	0.427303	0.545977	0.199866	0.338611	0.164545	-0.0819477	0.272392	0.388031	0.472464	0.100139	-0.0482513	0.201975
-6.1908	0.382466	0.339853	0.777409	0.278755	0.304372	0.0516522	0.041342	0.0303582	-0.085834	-0.134168	-0.0848444	-0.0720896	-0.0482177	-0.266153	-0.0305928	0.0114813
-6.49005	0.399742	0.287378	0.671519	0.447583	0.360565	0.13242	0.225297	0.117833	0.0115517	-0.0687654	-0.148958	0.0038012	-0.0813782	-0.217812	-0.19686	-0.0408974
-6.64518	0.39375	0.439365	0.589643	0.537391	0.387012	0.0741088	0.231315	0.0150584	-0.0852436	-0.0788097	-0.129207	0.00491799	0.0651372	-0.170337	-0.310838	-0.0934769
-6.5564	0.3821	0.260089	0.592323	0.449867	0.303628	-0.0502044	0.0221434	-0.145476	-0.145643	-0.112892	-0.163671	-0.150032	-0.0323746	-0.141387	-0.143092	-0.0207818
-6.17601	0.462931	0.165443	0.553338	0.368865	0.169824	0.158151	0.153806	-0.0227946	-0.13991	-0.0259273	-0.0765172	-0.109125	-0.108371	-0.101845	-0.0714369	-0.179986
-5.94999	0.481627	0.0891202	0.521015	0.372907	0.108031	0.19439	0.153726	-0.00885805	-0.131335	-0.00866432	-0.0610443	-0.0405213	-0.0384025	-0.0570303	-0.102035	-0.166297
-5.98706	0.490518	0.219154	0.549146	0.263772	0.0963836	0.0349779	0.161015	-0.0156432	-0.0745897	0.033849	-0.0431257	-0.00135678	0.0302497	-0.102078	-0.127355	-0.0356743
-5.59223	1.17298	0.533896	0.794491	0.213154	-0.0203917	-0.20225	0.0916611	0.0754295	-0.0249635	-0.0138159	-0.108961	0.102024	-0.0782198	-0.185328	-0.0506593	0.180821
-5.31937	1.83257	0.695355	1.27781	0.485822	0.349009	0.157982	0.493292	0.252404	0.11952	0.117953	0.243609	0.303191	0.00962983	0.00428724	0.42878	0.39771
-5.25165	3.17148	0.204707	0.663797	0.0719326	-0.0969028	-0.180508	0.191743	0.0051186	-0.0693231	0.0589423	0.117321	0.227345	-0.247123	-0.0156311	-0.0829276	-0.0849717
-4.90904	3.55816	-0.368312	1.10247	0.0863243	-0.249966	-0.0926374	0.14547	-0.198285	0.0640372	0.0770041	0.0202728	0.198319	-0.0981531	0.276719	-0.266431	0.13901
-4.5795	3.26575	-0.352894	1.2416	0.0316529	-0.268875	-0.207057	0.25481	-0.171298	-0.085524	0.380559	-0.163962	0.314156	-0.179953	0.320308	-0.160092	0.168609
-4.76831	3.25345	-0.0272724	1.16948	-0.0413405	-0.134015	-0.296468	0.375708	-0.263693	-0.182107	0.55454	-0.0708715	0.183992	-0.115109	0.273558	-0.185804	0.307613
-4.72065	3.21789	-0.194772	1.33587	-0.122779	-0.0570561	-0.260177	0.351941	-0.309773	-0.0484779	0.257472	0.129009	0.22956	-0.205323	0.292399	-0.144477	0.327204
-4.75919	3.21394	-0.124871	1.16801	-0.0763543	-0.0809973	-0.183559	0.175738	-0.222113	-0.0314131	0.115049	0.298897	0.147868	-0.313348	0.52278	-0.362866	0.332757
-4.81047	3.16673	-0.121291	1.21681	-0.242447	0.0164193	-0.397892	0.30893	-0.335	-0.0182215	0.133577	0.17126	0.126715	-0.246188	0.307686	-0.194026	0.12478
-4.6881	3.01698	-0.108949	0.946077	-0.117221	-0.0285418	-0.46555	0.290908	-0.381257	-0.0136762	0.10289	0.111826	0.102273	-0.314053	0.306764	-0.288061	0.0519696
-4.64001	3.0538	-0.372945	1.09556	-0.245175	-0.0231732	-0.550018	0.371094	-0.464225	0.0188702	0.052357	0.0874682	0.0971555	-0.433603	0.34642	-0.246709	-0.0847271
-4.65032	3.13874	-0.49722	0.909393	-0.112198	-0.182398	-0.400964	0.238212	-0.473527	-0.00109394	0.107117	-0.011604	-0.0544333	-0.227768	0.216327	-0.338695	-0.106798
-4.61221	3.27134	-0.677739	0.889052	0.166504	-0.360555	-0.375088	0.272276	-0.327275	0.00646288	0.00380126	0.151323	-0.0512543	-0.244775	0.194358	-0.270444	-0.0204537
-4.58107	3.30338	-0.746885	0.740299	0.13876	-0.26838	-0.494646	0.196059	-0.155498	-0.0900432	0.0109556	0.0630197	-0.0150064	-0.276372	0.0507717	-0.181956	-0.119537
-4.6851	3.47368	-0.670816	0.50654	0.291719	-0.215852	-0.574661	0.273817	-0.177081	-0.049563	0.0635742	0.014359	0.0675321	-0.298007	-0.0299256	-0.0316704	-0.137411
-4.5851	3.2591	-0.3971	0.254866	0.468804	-0.312705	-0.533812	0.262769	-0.140198	-0.00575691	-0.100749	0.276405	-0.124618	-0.226765	0.0497407	-0.131144	-0.0776039
-4.40135	3.0788	-0.518111	0.395901	0.46859	-0.435648	-0.461061	0.305179	-0.202584	-0.00725164	-0.00761821	0.0795041	0.105868	-0.362117	0.0693452	-0.144232	-0.0793781
-4.37041	3.11271	-0.538544	0.447282	0.448554	-0.424623	-0.29958	0.0420846	0.106583	-0.0514953	-0.0894778	0.231002	0.0074958	-0.278433	0.17259	-0.269221	0.0808316
-4.54314	3.30261	-0.576865	0.453076	0.427476	-0.339881	-0.44752	0.249605	-0.0461909	0.0288016	-0.128696	0.204885	0.0843465	-0.350915	0.252667	-0.262483	0.0683355
-4.65177	3.47102	-0.809153	0.485102	0.534775	-0.319958	-0.626916	0.430073	-0.179344	-0.011294	-0.0405067	0.121775	0.122244	-0.349322	0.209643	-0.280927	0.0387597
-4.80865	3.49404	-0.508196	0.333476	0.525308	-0.0519652	-0.822297	0.451169	-0.0523228	-0.111789	0.0308242	0.205603	0.00557033	-0.23611	0.223011	-0.304067	0.145229
-4.97228	3.61137	-0.435241	0.525418	0.468748	-0.0498159	-0.600104	0.366701	0.0115348	-0.112717	0.0392095	0.266278	0.118963	-0.180199	0.16228	-0.161075	0.271082
-4.84663	3.30739	-0.393427	0.649293	0.320495	-0.0690404	-0.629794	0.455783	-0.187796	-0.0433256	0.0147075	0.187107	0.0706763	-0.160275	0.153236	-0.143027	0.139048
-4.90145	3.24442	-0.342892	0.643713	0.493695	-0.237167	-0.546651	0.408641	-0.194458	-0.11842	0.00339223	0.213781	0.086554	-0.256858	0.294794	-0.179025	0.113127
-5.09408	3.43611	-0.337216	0.659783	0.486225	-0.168179	-0.607725	0.518884	-0.30077	-0.154158	0.00817729	0.30788	-0.00257924	-0.241016	0.405073	-0.181284	0.0984953
-5.15341	3.38799	-0.215946	0.565376	0.507883	-0.109446	-0.561246	0.361059	-0.148897	-0.342966	-0.0419601	0.367405	-0.0129954	-0.245529	0.484904	-0.164143	0.0139282
-5.03915	3.21944	-0.298926	1.02916	0.364317	-0.074049	-0.49339	0.471609	-0.342076	-0.147793	-0.0518997	0.353893	-0.0347634	-0.0716112	0.537204	-0.245927	0.247286
-4.91649	2.93314	-0.218297	1.01599	0.39896	-0.2766	-0.246275	0.420106	-0.535076	-0.111877	-0.037725	0.252352	-0.0876281	0.0557908	0.441237	-0.274619	0.19873
-5.10078	3.02914	-0.0743741	1.09579	0.342098	-0.0995916	-0.358484	0.553611	-0.533381	-0.185928	0.137552	0.151066	-0.0916418	0.255121	0.39093	-0.369972	0.419963
-5.0101	2.72318	-0.0995699	1.42848	-0.0457203	-0.0731329	-0.212796	0.447968	-0.641388	-0.175136	0.0860451	-0.0205147	0.114089	0.0349471	0.355406	-0.229685	0.191585
-5.25324	2.79043	0.0800035	1.29365	0.121916	-0.327941	0.0566576	0.353875	-0.820794	0.00635081	-0.097084	0.102981	-0.0494834	0.151372	0.219791	-0.290323	0.254624
-5.28263	2.68435	0.151095	1.19266	0.149304	-0.247548	-0.0280693	0.231191	-0.75385	-0.0136335	-0.098692	-0.0410491	-0.0626709	0.0948257	0.124733	-0.180944	0.0961245
-5.29272	2.70356	0.275622	1.30228	0.0502501	0.0825637	-0.11423	0.331172	-0.597533	-0.0600199	-0.0105474	-0.0269364	-0.0983714	0.25026	0.106498	-0.163431	0.385084
-5.2859	2.60421	0.370852	1.44877	-0.110745	0.231535	-0.0873352	0.286175	-0.408569	-0.166995	0.0632961	-0.026998	-0.191022	0.392987	0.0224589	-0.194697	0.589704
-5.36978	2.43286	0.44269	1.56328	-0.353068	0.295259	-0.00790405	0.0787528	-0.32153	-0.206079	-0.162208	0.0154856	-0.155931	0.199246	-0.0716305	0.0363899	0.280689
-5.60706	2.63056	0.5884	1.39307	-0.169088	0.256987	0.175046	-0.0915755	-0.243248	-0.169299	-0.166957	-0.090921	0.00879651	0.0720646	0.0103195	0.106561	0.276274
-5.62528	2.3358	0.758588	1.43447	-0.43884	0.453579	-0.100746	-0.0539768	-0.226224	-0.288685	-0.151692	-0.161334	-0.135547	0.113937	-0.164331	0.114268	0.112115
-5.76635	2.45392	0.602449	1.46304	-0.345529	0.365719	-0.00734363	0.00348615	-0.300876	-0.282282	-0.145321	-0.248452	-0.0970934	0.0284256	-0.167168	0.12564	0.1008
-5.85148	2.53385	0.536974	1.5399	-0.382461	0.480632	0.0627389	-0.0751833	-0.209423	-0.166315	-0.239817	-0.151506	-0.208169	0.139273	-0.126899	-0.0346961	0.310558
-6.29789	2.72062	0.753006	1.38882	-0.347589	0.343576	0.257434	-0.108874	-0.454094	0.104835	-0.287841	-0.320981	-0.0721965	0.12085	-0.277018	0.098625	0.223896
-6.72824	2.78514	0.834759	1.6389	-0.42953	-0.0226272	0.508874	-0.311235	-0.265495	-0.0744718	-0.165445	-0.000152989	-0.273375	0.0853519	-0.254579	-0.0162669	0.25366
-7.25164	3.20094	0.839751	1.60795	-0.184814	0.224125	0.415533	-0.101525	0.0908852	-0.017215	0.0143623	-0.159867	-0.166659	0.170564	-0.142724	-0.0499414	0.432497
-8.12013	3.4179	1.03497	1.23968	-0.109822	0.00941974	0.239359	0.0690722	0.0404888	-0.134119	-0.197902	-0.201487	-0.438955	-0.134895	-0.115844	-0.38077	-0.018027
-8.41982	3.34528	1.29166	1.27176	-0.112817	-0.245393	0.297577	0.101231	-0.0690295	-0.158138	-0.295047	-0.298204	-0.374472	-0.0128223	-0.132331	-0.443171	-0.173699
-8.54992	2.86556	1.78589	1.296	-0.295977	-0.0160023	0.155253	0.310299	-0.264578	-0.163956	0.00992759	-0.362403	-0.467671	-0.249664	-0.11891	-0.236187	-0.220408
-8.78408	3.32065	1.68962	1.15112	-0.0309977	0.0274539	0.255783	0.155203	-0.196694	-0.071569	-0.04825	-0.279777	-0.256886	-0.226086	-0.3631	-0.00216985	-0.00493459
-8.95509	3.41927	1.84797	1.19312	0.0151877	-0.174286	0.322686	0.172773	-0.116232	-0.100612	0.0280995	-0.14491	-0.325794	-0.0511622	-0.279506	-0.268694	0.154898
-9.02863	3.12324	1.63719	1.1457	0.182195	-0.195711	0.0964966	-0.0560399	-0.311699	0.0978938	-0.051201	-0.308365	-0.440796	-0.439597	-0.261556	-0.172537	-0.154199
-9.27317	2.79488	1.66121	1.31694	0.428749	-0.284864	-0.169872	-0.22941	-0.21983	0.0183984	-0.111737	-0.39866	-0.385442	-0.354627	-0.277053	-0.263114	-0.170717
-9.07374	2.54433	1.2847	0.93346	0.471224	0.129851	0.192152	0.0201237	-0.0940847	-0.0183204	-0.0304574	-0.216247	-0.277725	-0.180067	-0.139865	-0.12493	-0.128615
-8.37459	1.90713	0.803401	0.635374	0.416115	0.277587	0.133386	0.0190891	-0.0570909	-0.134574	-0.178604	-0.186449	-0.180835	-0.145614	-0.0881331	-0.0367663	0.00572307
-8.85752	1.80484	0.734014	0.583532	0.38349	0.235518	0.107143	0.00773168	-0.0716059	-0.110566	-0.123813	-0.142049	-0.11185	-0.0739935	-0.0382987	0.0134983	0.0632732
-9.98158	1.66304	1.1038	0.765082	0.531985	0.473662	0.184085	0.046439	-0.0112443	-0.0253987	-0.0772186	-0.103766	-0.148257	-0.159329	0.0153522	-0.0232296	0.0113786
-9.98993	1.4817	0.929833	0.67062	0.486815	0.415381	0.190898	0.0134491	-0.0724194	-0.0575902	-0.115292	-0.0673231	-0.114646	-0.0419604	0.0272343	0.026756	0.0320921
-9.96317	1.23723	0.827576	0.646304	0.507217	0.426633	0.16895	0.0567453	-0.142556	0.0383315	-0.0145128	-0.0486763	-0.0890229	-0.00932758	0.0373991	0.0593768	0.0364817
-7.45151	1.02268	0.639574	0.862675	0.236133	0.0631327	-0.105812	0.0287998	-0.180647	0.259924	0.10248	0.0382532	0.0654986	-0.0379795	0.0857284	0.0363688	0.0384714
-6.02944	0.868621	0.678573	0.818072	0.193963	0.0610864	-0.154424	0.00639933	-0.261458	0.174958	0.20087	-0.0613031	0.0703472	-0.0663093	0.0147191	-0.0321151	-0.0689372
-5.36454	0.723147	0.734258	0.770105	0.0309887	0.105724	-0.108183	0.189886	-0.136244	0.135412	0.25583	-0.135957	0.0614793	-0.0591864	0.042046	0.0335496	0.0686136
-5.15257	0.558776	0.858125	0.810395	-0.132386	0.0750376	-0.117011	0.233758	-0.0434459	0.105253	0.137467	-0.120885	0.0972643	-0.0181781	-0.0178749	0.0738491	0.138339
-5.2345	0.53853	0.816408	0.824293	-0.0791399	0.100659	0.0101294	0.258154	-0.138214	0.127034	0.193926	-0.178867	0.00762354	0.0893759	0.00682234	0.00437492	0.0790416
-5.56965	0.785682	0.626526	0.684236	-0.102728	-0.189258	0.0635308	-0.024632	-0.284649	0.0700729	0.081213	-0.617893	-0.204447	-0.0684726	-0.161417	-0.0506325	-0.19046
-5.23707	1.32109	1.03142	1.04947	0.26978	0.17575	-0.0811098	0.0626631	-0.0874714	0.167488	-0.0854737	-0.204633	-0.132128	-0.110311	-0.0858178	0.0954004	-0.0399909
-5.40087	1.41813	0.905106	1.1766	-0.121594	0.116515	0.175802	0.157631	-0.687216	-0.444453	-0.404481	-0.570387	-0.348677	-0.257048	-0.181668	0.0725853	-0.0881695
-5.24015	1.88023	0.869007	1.13604	-0.0120456	0.170694	-0.0528675	-0.265667	-0.477545	-0.211883	-0.287457	-0.342809	-0.152646	-0.0756169	-0.239604	-0.121	0.0716892
-5.31885	2.05416	1.18248	1.29364	-0.0750752	0.100418	0.220658	-0.00963892	-0.407411	-0.364493	-0.206965	-0.142104	-0.0757101	-0.132551	0.0522001	0.0751108	0.0695825
-5.30612	2.30454	1.17519	1.63656	-0.254418	0.247719	0.533301	-0.0507029	-0.363643	-0.156754	-0.0155414	-0.0708435	-0.039682	0.00610925	0.0307047	0.205612	0.268642
-5.29534	2.20093	1.21959	1.42653	-0.178295	0.398279	0.174701	-0.0355849	-0.513808	0.00199404	-0.15907	-0.0625148	-0.061492	0.081814	-0.116413	0.174839	0.148832
-5.33327	2.07043	1.14625	1.29884	-0.092311	0.211299	0.239985	-0.0608764	-0.582666	-0.126942	-0.179077	-0.198162	-0.0199437	-0.108669	-0.171765	0.0893923	0.115105
-5.26501	2.28288	1.03729	1.44403	-0.0394415	0.266013	0.373656	-0.0126496	-0.300516	-0.101621	-0.133104	-0.0195689	0.00437405	0.0458269	-0.0689428	0.0455705	0.250821
-5.25354	2.49635	1.11234	1.41375	0.0947125	0.490115	0.450399	0.0155358	-0.217451	0.185994	-0.0905098	-0.0623883	0.205135	0.189934	-0.100739	0.150024	0.341795
-5.15729	2.28803	1.24083	1.40946	-0.151574	0.656405	0.363921	-0.117826	-0.0839625	0.162918	-0.129025	-0.058232	0.250269	0.108302	-0.20802	0.282942	0.219623
-5.07035	2.18	1.20386	1.44037	-0.0431772	0.467195	0.542802	-0.226952	-0.0175009	0.0365195	-0.0444281	-0.0632257	0.172716	0.157213	-0.210619	0.273129	0.225147
-4.99184	2.29187	1.13351	1.34562	0.0394875	0.536488	0.397885	-0.0616028	-0.00405989	0.0311285	0.0893976	-0.0971908	0.241082	0.0949819	-0.0343647	0.118028	0.287631
-5.09832	2.22089	0.9194	1.29955	-0.223957	0.603808	0.046597	0.00322893	-0.186327	-0.0831579	-0.110713	-0.0969246	0.0191076	0.160805	-0.301041	0.245391	-0.00880451
-4.92539	2.01808	0.83247	1.2302	-0.162852	0.313266	0.281089	-0.211761	-0.249196	0.00700503	-0.210068	-0.195628	0.13962	-0.0642534	-0.110215	0.0921047	-0.0392066
-5.01916	2.31661	0.591907	1.49609	-0.185501	0.339684	0.24349	-0.139339	-0.0814785	-0.100598	-0.0911459	-0.144548	0.0529188	0.0867654	-0.171723	0.118661	0.0454719
-4.7715	2.08926	0.651933	1.53827	-0.197905	0.265051	0.308076	-0.0138877	-0.228358	0.096488	-0.149348	-0.0743366	0.0949592	0.0468646	-0.0989152	0.0327956	0.12989
-4.83741	2.3185	0.36767	1.8085	-0.332345	0.309061	0.270484	0.097141	-0.282178	0.179947	-0.177889	-0.074394	0.184503	0.0363861	-0.148718	0.125642	0.0860104
-4.79916	2.13233	0.383626	1.66683	-0.259326	0.0627378	0.39756	-0.0358913	-0.226697	0.00783651	-0.106195	-0.192294	0.145526	0.0770459	-0.250377	0.158272	-0.0192496
-4.71377	2.02829	0.453451	1.64984	-0.238037	0.0874998	0.409815	-0.0185393	-0.260534	0.13067	-0.205822	-0.0183225	-0.0276875	0.270767	-0.336404	0.213333	-0.010413
-4.6122	2.01006	0.464539	1.77908	-0.237561	0.282397	0.458414	-0.10438	-0.0764908	0.0847371	-0.0488825	0.00492571	0.0658948	0.295715	-0.251384	0.213585	0.105665
-4.66803	2.08177	0.434153	1.90634	-0.213323	0.303166	0.531658	-0.0868118	-0.0269003	0.0831328	0.0587388	-0.00870057	0.118175	0.320407	-0.196614	0.191286	0.19664
-4.86181	2.22127	0.405077	1.83998	-0.181965	0.304586	0.421152	-0.0942824	-0.0838625	0.0243061	0.0291675	0.0394807	0.103902	0.296556	-0.159287	0.270463	0.0812182
-5.03129	2.43564	0.241617	1.91055	0.0208794	0.214321	0.440005	-0.0944666	0.062101	-0.136634	0.175668	0.0590362	0.0618053	0.402846	-0.212497	0.3333	0.0907229
-5.20079	2.54299	0.212071	1.75476	0.258002	0.100732	0.387159	-0.093273	0.0484878	-0.165291	0.0590583	0.190739	-0.00487349	0.351776	-0.0941211	0.235662	0.104487
-5.52628	2.82562	0.154634	1.60085	0.354373	0.181068	0.318383	-0.251733	0.217796	-0.196656	-0.0414213	0.250849	-0.0296943	0.354999	-0.182111	0.183845	0.235139
-5.87188	3.42996	0.0822839	1.25104	0.398418	0.60946	0.347817	-0.141588	0.268397	0.052806	0.284052	0.0794472	0.0933793	0.345791	-0.0908433	0.0947362	0.352449
-7.84169	3.24716	0.81644	1.21265	0.335079	0.322057	0.261041	-0.371744	-0.166225	-0.348935	0.232591	0.254827	0.225713	0.413273	-0.0185935	0.29948	0.0799287
-8.32547	3.48959	1.45505	1.57466	0.542253	0.43448	0.253392	-0.0378386	-0.027027	0.187586	-0.0738044	-0.0439157	0.628079	0.171341	-0.123391	-0.0666591	-0.0374895
-7.79655	3.88352	1.30768	1.23192	0.287446	0.0488534	0.461417	0.270389	0.00898617	0.146582	0.125617	-0.101983	0.0883009	0.1755	-0.106732	0.0792486	0.257475
-8.84137	3.20899	1.34589	0.916869	0.617887	0.320233	0.674497	0.338805	-0.0273262	-0.0513503	-0.130852	-0.15852	-0.0351631	0.058117	0.191738	0.12565	0.173109
-9.37705	2.77553	1.53538	1.09638	0.310138	-0.0158488	0.301185	0.292504	-0.218854	0.0163364	-0.347722	-0.107173	0.0470731	0.219987	-0.15303	-0.143235	0.131863
-9.08153	2.00795	0.938009	0.72975	0.495918	0.315485	0.244007	0.121085	0.0135437	-0.0490467	-0.117546	-0.153163	-0.0951953	-0.02489	-0.0398155	-0.0115464	-0.00747677
-9.56552	1.88484	1.00186	0.773224	0.546091	0.375593	0.303767	0.204588	0.189977	0.122084	0.0162328	-0.0192756	-0.0038739	-0.0115968	-0.070728	0.0179677	-0.00290933
-9.59283	1.81932	1.04763	0.84904	0.560607	0.419744	0.312344	0.178323	0.161929	0.0603079	-0.0537667	-0.0283613	-0.110047	-0.0922121	-0.086208	-0.0127345	-0.0102947
-9.35399	1.87499	0.942844	0.775229	0.584639	0.433696	0.32754	0.193943	0.0986406	0.0470141	-0.0511093	-0.0438246	-0.0909123	-0.065339	-0.0509978	-0.0148217	-0.000919079
-9.63665	1.7606	0.993421	0.77849	0.565098	0.443722	0.322008	0.171303	0.140286	0.0901574	-0.0476373	-0.0440811	-0.0533951	-0.0632262	-0.0157651	-0.00974082	-0.0187206
-9.22414	1.67419	0.705848	0.61638	0.462854	0.405825	0.318959	0.241251	0.20575	0.155235	0.0863471	0.0755418	0.0227169	0.0117022	0.0228299	-0.0111554	-0.00102657
-9.3948	1.57743	0.722398	0.758826	0.485038	0.484302	0.410078	0.272413	0.19016	0.187647	0.096496	0.0908188	0.0759395	-0.000956898	-0.0552744	-0.072069	0.028078
-9.60926	1.46305	0.716089	0.877032	0.470204	0.478112	0.426405	0.258408	0.0869198	0.143456	0.20449	0.134374	0.115826	-0.0536245	-0.102871	-0.0669348	0.11875
-9.59071	1.55313	0.657028	0.613679	0.457039	0.39137	0.35198	0.253364	0.133041	0.188515	0.110037	0.0619702	0.0509806	0.000366237	0.00317126	-0.00708724	0.00252158
-9.89126	1.50381	0.688089	0.545755	0.429741	0.343819	0.292833	0.221842	0.155752	0.220364	0.103443	0.034277	-0.0111816	0.00172298	-0.0609389	-0.101888	-0.0502195
-10.0641	1.46712	0.679476	0.471192	0.38602	0.332124	0.31333	0.202587	0.191217	0.191334	0.0616592	-0.0512275	-0.067962	-0.044382	-0.132103	-0.120514	-0.0507015
-8.19628	2.56917	0.352479	0.0889608	0.535982	0.983395	0.345188	-0.257605	-0.182343	-0.00226941	0.0949427	-0.00773441	-0.0526418	0.114173	0.203751	0.21257	0.0846274
-7.27518	2.62057	0.340142	0.128176	0.458296	1.02786	0.342696	-0.351914	-0.189415	-0.00642413	0.129947	0.0316307	-0.0687322	0.0862227	0.249815	0.236662	0.0643131
-7.08766	2.61206	0.295881	0.345557	0.295075	1.11139	0.341448	-0.367943	-0.186558	0.0339757	0.249105	0.10737	-0.0667769	0.147847	0.287452	0.328078	0.0206227
-7.28677	2.40298	0.407238	0.468168	0.209687	1.04938	0.438548	-0.175248	-0.317297	0.0556651	0.337981	0.103667	-0.0899879	0.132078	0.268624	0.250991	-0.042248
-7.7386	2.26166	0.367734	0.438364	0.141147	0.741615	0.410846	0.051314	-0.213688	0.189747	0.36222	0.112332	0.0630685	0.0980034	0.0848475	0.20247	0.175459
-8.15812	2.33546	0.236107	0.110938	0.0671645	0.502452	0.396832	-0.0388203	-0.215859	0.149975	0.287983	0.0673634	0.146862	0.138822	0.0488057	0.208454	0.327269
-8.32789	1.96156	0.428097	0.16707	0.163704	0.38233	0.362543	0.0486419	-0.0858683	0.11412	0.258698	0.200334	0.145602	0.0698152	0.0353979	0.112601	0.105126
-8.88904	1.76415	0.372755	0.227427	0.257394	0.409484	0.334926	0.0696387	-0.0264987	0.124342	0.268745	0.282221	0.229989	0.141177	0.073187	0.055383	-0.0321828
-9.8614	1.59975	0.524026	0.251034	0.275895	0.340707	0.27313	0.193173	0.127025	0.317356	0.37087	0.289096	0.19048	0.160151	0.195158	0.0815064	0.0152195
-10.2058	1.25864	0.647044	0.399761	0.381166	0.391558	0.238408	0.24334	0.253779	0.221881	0.250459	0.125254	0.0493689	0.0506303	0.116174	0.135611	0.169699
-10.2068	1.19731	0.660939	0.405444	0.33998	0.306365	0.192553	0.192216	0.220713	0.191032	0.225372	0.181153	0.1409	0.125222	0.145399	0.16238	0.11678
-10.424	1.03787	0.656547	0.464421	0.359709	0.287082	0.209319	0.210054	0.236548	0.238124	0.22965	0.223651	0.154599	0.164576	0.120699	0.104443	0.065126
-10.2761	1.11527	0.543684	0.420526	0.400089	0.362934	0.245299	0.217944	0.18074	0.213434	0.231163	0.18997	0.134275	0.234715	0.127575	0.0981831	0.0810468
-10.1605	1.18272	0.497466	0.403975	0.351088	0.337923	0.234052	0.237995	0.181233	0.216872	0.229484	0.17781	0.143147	0.229675	0.132879	0.161415	0.158127
-10.356	1.05691	0.523952	0.422202	0.386384	0.351907	0.198319	0.179416	0.169118	0.270837	0.251855	0.202897	0.220136	0.310388	0.252712	0.239785	0.200006
-10.2623	1.11946	0.547602	0.434701	0.428758	0.370434	0.260735	0.26865	0.185771	0.26352	0.204537	0.157701	0.17677	0.265677	0.233218	0.170588	0.19843
-10.3308	1.08909	0.602351	0.48329	0.450538	0.363192	0.323302	0.372173	0.249307	0.33616	0.243066	0.181638	0.173653	0.242764	0.193878	0.144918	0.187933
-10.504	0.939531	0.596003	0.552304	0.508397	0.420253	0.369211	0.383347	0.268938	0.35168	0.231274	0.154232	0.246097	0.306475	0.186119	0.121607	0.12177
-10.3187	1.11602	0.618689	0.470108	0.426332	0.384335	0.257715	0.269185	0.281767	0.322505	0.226146	0.203924	0.285898	0.268015	0.13701	0.0838382	0.084978
-10.2958	1.11326	0.618288	0.393455	0.373085	0.324675	0.231468	0.257385	0.263577	0.294876	0.20676	0.193379	0.19852	0.204629	0.118908	0.0888174	0.0753508
-10.4425	1.01375	0.677659	0.428123	0.411294	0.394447	0.209178	0.246024	0.226597	0.319295	0.285344	0.283144	0.178549	0.243778	0.194954	0.166939	0.218416
-10.5308	0.976158	0.668044	0.422826	0.38929	0.3751	0.207917	0.294194	0.288052	0.300381	0.254505	0.228543	0.137444	0.195126	0.188791	0.235135	0.258626
-10.253	1.19555	0.624353	0.381129	0.306929	0.329317	0.242804	0.290451	0.27965	0.26001	0.200991	0.199136	0.178444	0.120465	0.0987778	0.186094	0.147288
-10.3099	1.13528	0.632472	0.386716	0.342968	0.40758	0.317448	0.315866	0.296781	0.259815	0.252886	0.275335	0.221799	0.181355	0.124088	0.149111	0.114639
-10.3802	1.05014	0.576194	0.396392	0.44148	0.427486	0.321731	0.324844	0.306517	0.268024	0.218867	0.241862	0.174338	0.234899	0.173776	0.147259	0.136689
-10.2936	1.11354	0.579226	0.380918	0.384024	0.320095	0.219093	0.229899	0.268132	0.308547	0.188177	0.185234	0.17291	0.210322	0.191635	0.192774	0.14243
-10.4058	1.06386	0.62827	0.431774	0.400624	0.3546	0.260222	0.228783	0.254474	0.221971	0.160135	0.144734	0.10516	0.0707523	0.104263	0.166162	0.16482
-10.4745	1.056	0.677278	0.483967	0.369962	0.363015	0.253878	0.193689	0.246755	0.174232	0.139979	0.134157	0.0873796	0.0655177	0.040409	0.115862	0.242567
-10.3201	1.14902	0.637572	0.466946	0.341087	0.342296	0.235725	0.139748	0.201005	0.220684	0.168411	0.221174	0.200174	0.177643	0.125167	0.117717	0.167879
-10.4044	1.08631	0.623606	0.450643	0.374137	0.400134	0.324971	0.232759	0.217202	0.243316	0.20239	0.204906	0.141611	0.112474	0.17486	0.156372	0.153347
-10.2983	1.15493	0.610251	0.434424	0.357503	0.416158	0.312762	0.27879	0.254841	0.204237	0.194726	0.160699	0.114529	0.123037	0.166457	0.163322	0.160612
-9.91994	1.31208	0.523148	0.389	0.291501	0.276007	0.249407	0.247795	0.25571	0.203517	0.21274	0.190133	0.195199	0.193187	0.17567	0.161806	0.176755
-10.1419	1.22815	0.581594	0.413602	0.370463	0.271496	0.302927	0.21914	0.252765	0.26349	0.258813	0.178447	0.239111	0.242094	0.193747	0.168867	0.20325
-10.0245	1.32018	0.593699	0.443374	0.373735	0.291302	0.318762	0.248296	0.276023	0.266034	0.275199	0.212189	0.236397	0.242315	0.183672	0.174801	0.177402
-9.77233	1.38193	0.558982	0.455195	0.376601	0.327259	0.291803	0.256219	0.23066	0.242263	0.230877	0.248105	0.21159	0.199114	0.165356	0.151833	0.162335
-10.1035	1.30615	0.631502	0.484257	0.422917	0.347933	0.282134	0.338926	0.295363	0.224493	0.253741	0.238576	0.194047	0.205005	0.203207	0.166818	0.18133
-9.91884	1.35485	0.532718	0.40499	0.326286	0.290889	0.254171	0.248098	0.233031	0.212467	0.234479	0.204097	0.215636	0.195365	0.214813	0.183296	0.196938
-9.78436	1.36849	0.575674	0.431826	0.362022	0.298277	0.277896	0.23105	0.218278	0.19597	0.221148	0.174641	0.186174	0.182084	0.169427	0.147785	0.156141
-9.06272	1.2678	0.548562	0.368638	0.303107	0.209354	0.213083	0.212717	0.189635	0.156736	0.136429	0.0831289	0.125327	0.0879413	0.0775421	0.0890668	0.0840263
