-1e+10
-1e+10
-1e+10
-1e+10
-1e+10
-1e+10
-1e+10
-1e+10
-1e+10
-1e+10
-1e+10
-1e+10
-1e+10
-1e+10
-1e+10
-1e+10
-1e+10
-1e+10
-1e+10
-1e+10
-1e+10
-1e+10
-1e+10
-1e+10
-1e+10
-1e+10
-1e+10
-1e+10
5.35439
5.35488
5.35277
5.3486
5.34148
5.3274
5.30512
5.29675
5.29622
5.29534
5.28971
5.28258
5.27616
5.26973
5.26602
5.27106
5.28864
5.31435
5.34236
5.41229
5.50867
5.51876
5.51787
5.51814
5.52086
5.52566
5.53162
5.53681
5.53981
5.54062
5.53994
5.53828
5.53586
5.53343
5.53217
5.5323
5.53265
5.53149
5.52797
5.52406
5.52334
5.52777
5.5365
5.54672
5.55553
5.56211
5.56691
5.5703
5.57153
5.57049
5.56989
5.57185
5.57345
5.57115
5.56506
5.55778
5.55135
5.54479
5.53654
5.52584
5.51168
5.49203
5.46443
5.4292
5.39256
5.36372
5.34602
5.33411
5.32145
5.30763
5.29791
5.29398
-1e+10
-1e+10
-1e+10
-1e+10
-1e+10
-1e+10
-1e+10
-1e+10
-1e+10
5.44728
5.44814
5.44306
5.43404
5.42825
5.42742
5.43269
5.44335
5.45539
5.46568
5.4742
5.48107
5.4858
5.48758
5.48643
5.48234
5.47713
5.47313
5.47035
5.46783
5.46503
5.46151
5.36118
5.35543
5.3356
5.31328
5.30166
5.29637
-1e+10
-1e+10
-1e+10
-1e+10
-1e+10
-1e+10
-1e+10
-1e+10
-1e+10
-1e+10
-1e+10
-1e+10
-1e+10
-1e+10
-1e+10
5.35874
5.3533
5.34935
5.3839
5.39907
5.42179
5.44595
5.45494
5.45642
5.45744
5.46105
5.46688
5.47346
5.47907
5.48431
5.48831
5.49043
5.4905
5.48796
5.48207
5.47504
5.46916
5.46431
5.46007
5.45627
5.45352
5.45229
5.45223
5.4529
5.45399
5.45529
5.45673
5.45809
5.459
5.45915
5.45845
5.45722
5.45603
5.45512
5.45411
5.45255
5.45062
5.44885
5.44737
5.44557
5.442
5.43555
5.42899
5.42314
5.41796
5.41341
5.40937
5.40574
5.40231
5.39853
5.39376
5.38845
5.38443
5.38304
5.38268
5.38125
5.37705
5.36763
5.34523
5.3131
5.28674
5.27357
5.27341
5.2799
-1e+10
-1e+10
-1e+10
-1e+10
-1e+10
-1e+10
-1e+10
-1e+10
-1e+10
-1e+10
-1e+10
5.43826
5.42859
5.42112
5.41446
5.40745
5.39957
5.38907
5.37098
5.32127
5.29333
5.2785
5.26539
5.25689
5.25292
5.25364
5.25935
5.26954
5.28254
-1e+10
-1e+10
-1e+10
-1e+10
-1e+10
-1e+10
5.40168
5.39079
5.38868
5.38887
5.38954
5.39042
5.39219
5.39557
5.4004
5.40584
5.41128
5.4153
5.41662
5.41555
5.41357
5.41184
5.41007
5.40729
5.40256
5.395
5.38524
5.37416
5.36332
5.35317
5.34215
5.32663
5.30871
5.29971
5.30132
5.31417
5.33508
5.35196
5.36495
5.37669
5.38757
5.39656
5.40289
5.40583
5.40506
5.39981
5.38883
5.37237
5.34924
5.32894
-1e+10
-1e+10
-1e+10
-1e+10
-1e+10
-1e+10
-1e+10
-1e+10
-1e+10
-1e+10
-1e+10
-1e+10
-1e+10
-1e+10
-1e+10
-1e+10
-1e+10
-1e+10
-1e+10
-1e+10
-1e+10
-1e+10
-1e+10
-1e+10
-1e+10
-1e+10
-1e+10
-1e+10
-1e+10
-1e+10
-1e+10
-1e+10
-1e+10
-1e+10
-1e+10
-1e+10
-1e+10
-1e+10
-1e+10
-1e+10
-1e+10
-1e+10
-1e+10
-1e+10
-1e+10
-1e+10
-1e+10
-1e+10
-1e+10
-1e+10
-1e+10
-1e+10
-1e+10
-1e+10
-1e+10
-1e+10
-1e+10
-1e+10
-1e+10
