-10.0727	1.16209	0.619482	0.357923	0.394149	0.220062	0.253425	0.196753	0.213293	0.144629	0.0892311	-0.00371351	0.0313078	0.0567043	0.0557864	0.121642	0.184303
-9.91277	1.22196	0.551549	0.341528	0.336518	0.216279	0.214125	0.182363	0.198292	0.118437	0.093856	0.0348858	0.0824078	0.0987701	0.0763614	0.162319	0.162505
-10.4033	1.05841	0.548301	0.410748	0.421912	0.350506	0.236103	0.211639	0.203698	0.0915143	0.134253	0.189379	0.169084	0.0918725	0.0575053	0.226699	0.158587
-10.4962	1.02466	0.596506	0.454073	0.417616	0.35666	0.237158	0.238034	0.212413	0.142724	0.135002	0.18295	0.153441	0.113725	0.153782	0.277977	0.233261
-10.523	0.984806	0.534392	0.360225	0.412669	0.416356	0.282999	0.265098	0.246733	0.254118	0.151712	0.112432	0.202048	0.229223	0.21464	0.20646	0.220001
-10.4632	1.03341	0.65702	0.40507	0.370906	0.454332	0.277381	0.253086	0.234977	0.324709	0.198806	0.132364	0.232871	0.202264	0.146033	0.0615683	0.0133891
-10.2361	1.12952	0.640484	0.429392	0.337371	0.38789	0.261711	0.251856	0.218647	0.261423	0.141608	0.151196	0.138295	0.139959	0.107016	0.0796789	0.0486356
-10.05	1.27851	0.632235	0.449974	0.333953	0.348303	0.278115	0.272855	0.234436	0.252604	0.18625	0.237245	0.147283	0.175813	0.168257	0.116568	0.158048
-10.4513	0.989479	0.611702	0.484033	0.383448	0.408391	0.370878	0.413141	0.361071	0.330993	0.221335	0.300726	0.241231	0.250701	0.225878	0.163544	0.256067
-9.91376	1.32298	0.570785	0.445078	0.339961	0.34333	0.243866	0.265652	0.26382	0.264918	0.180569	0.214276	0.21011	0.200293	0.187452	0.133794	0.185615
-9.82501	1.38518	0.559279	0.430117	0.329567	0.325926	0.251376	0.257091	0.227878	0.243977	0.191559	0.219217	0.2011	0.19042	0.200967	0.157427	0.180956
-10.1866	1.20824	0.614644	0.494515	0.395462	0.379626	0.324082	0.311089	0.249063	0.283195	0.23407	0.282995	0.242236	0.176206	0.230327	0.217136	0.203419
-9.78906	1.3641	0.520718	0.427629	0.352945	0.31144	0.260265	0.253596	0.219713	0.228497	0.205472	0.208315	0.223161	0.210885	0.212766	0.183304	0.183297
-10.0427	1.31624	0.566845	0.408216	0.425915	0.345664	0.278	0.321345	0.317544	0.280207	0.195726	0.201582	0.240986	0.196883	0.180106	0.135605	0.198167
-10.2474	1.20998	0.591682	0.483165	0.554906	0.401632	0.265266	0.342677	0.326019	0.32175	0.254742	0.228202	0.229993	0.189181	0.134012	0.153348	0.213489
-9.90225	1.35365	0.580123	0.444463	0.406993	0.325057	0.235956	0.292827	0.267677	0.240647	0.201351	0.187109	0.204764	0.205771	0.148226	0.175767	0.141389
-10.2648	1.09062	0.635988	0.464144	0.452039	0.395175	0.246359	0.337255	0.294341	0.228484	0.204967	0.188997	0.182059	0.177917	0.0912654	0.172016	0.20923
-10.3072	1.10358	0.683832	0.431761	0.380155	0.38065	0.30023	0.324064	0.31941	0.265778	0.224742	0.164853	0.098962	0.182633	0.150241	0.14922	0.200619
-10.2232	1.10933	0.562207	0.365427	0.329865	0.303441	0.299918	0.288287	0.321483	0.27159	0.193963	0.147785	0.178926	0.204894	0.194348	0.165469	0.203906
-10.3327	1.05645	0.665719	0.435805	0.445526	0.336457	0.292691	0.218922	0.330587	0.315099	0.200789	0.099257	0.128673	0.122106	0.151669	0.0757589	0.155051
-10.314	1.09819	0.644795	0.451179	0.466921	0.33888	0.267476	0.200681	0.282759	0.25857	0.173741	0.115635	0.173898	0.188852	0.146611	0.0669852	0.145618
-10.2506	1.13599	0.569506	0.422711	0.407764	0.333808	0.293985	0.242402	0.21715	0.201655	0.176995	0.138959	0.186979	0.190176	0.125338	0.137667	0.124217
-10.3435	1.03406	0.536782	0.405087	0.403848	0.395244	0.326395	0.298345	0.230022	0.263064	0.246893	0.155375	0.186465	0.262765	0.158945	0.179019	0.126319
-10.0493	0.706443	0.60484	0.641904	0.10114	0.648959	0.267649	0.292195	0.211917	0.197212	0.298306	0.187776	0.193009	0.163062	0.105465	0.112822	0.139986
-9.3784	0.54198	0.683126	0.885901	-0.250057	0.686114	-0.00660932	0.0957572	0.0713278	0.166072	0.240039	0.180091	0.080546	0.11315	0.303443	0.0528407	0.108127
-8.74059	0.281979	0.826832	0.828192	-0.467152	0.726208	0.137732	0.030649	-0.089916	0.160454	0.203368	0.3143	0.116215	0.198125	0.2101	-0.0231499	0.059261
-8.23466	-2.61124e-05	0.811666	0.795714	-0.535209	0.787973	0.173311	0.0503533	-0.0923022	-0.035945	0.130013	0.320792	0.090763	0.245877	0.13362	-0.0193846	0.0792238
-7.73947	-0.0736372	0.88617	0.728583	-0.539068	0.553529	-0.00927708	0.125212	-0.00574388	0.12026	0.143569	0.253842	0.0351999	0.157935	0.0258657	-0.0249711	0.18124
-7.44258	-0.117447	1.04424	0.830093	-0.400875	0.536162	-0.120325	0.195969	-0.00368796	0.174093	0.0780247	0.161515	-0.00808925	0.0599845	0.0148167	-0.0162783	0.164755
-7.22363	-0.167958	1.1529	0.833276	-0.399132	0.596543	-0.0474636	0.312254	0.00463797	0.0292571	-0.0387622	0.150746	0.0457014	0.035623	0.0336665	-0.0300787	0.0860374
-7.07472	-0.228275	1.15507	0.818776	-0.350373	0.62099	-0.108844	0.1823	-0.0817458	0.037683	-0.00733798	0.201498	0.119206	-0.00741082	0.123798	0.0267374	0.0392753
-6.95015	-0.0726485	1.11782	0.832222	-0.318248	0.508298	-0.159413	0.153755	-0.0877931	0.00723093	0.0385326	0.337109	0.116447	0.050128	0.0842955	0.00775304	0.0719875
-6.91842	-0.0485868	1.01626	0.786387	-0.350398	0.498352	-0.0776646	0.249017	0.00611986	-0.0634651	0.0625716	0.327327	0.209083	0.20167	0.0686787	-0.112852	0.0575
-6.91627	-0.105109	0.883971	0.739907	-0.365625	0.496122	-0.000730186	0.0992932	-0.0214316	0.0568711	0.0619941	0.197357	0.163134	0.275021	0.0700806	-0.160796	0.0561624
-7.03438	-0.219273	0.846149	0.712933	-0.389008	0.406311	-0.132477	0.00185269	-0.159403	0.0550079	0.200532	0.148458	-0.0130608	0.177681	0.0516154	-0.0739665	0.0765342
-6.93875	-0.0844352	0.812057	0.701771	-0.268721	0.416739	-0.0677584	0.0490316	-0.178297	-0.131209	0.00120539	0.172036	-0.00337732	0.0793108	0.0466259	-0.0485862	0.197589
-6.88042	0.123448	0.928204	0.858905	-0.276233	0.388159	0.0276625	0.189768	-0.175213	-0.0943052	0.0581994	0.247141	0.177203	0.104862	-0.00163319	-0.168227	0.133907
-6.86729	0.397545	1.15002	0.847081	-0.408555	0.386371	0.0944166	0.106165	-0.220993	0.030899	0.100403	0.155348	0.114199	0.0374455	-0.0545373	-0.225551	0.190984
-6.91712	0.309061	1.17186	0.942047	-0.29339	0.392775	0.0975856	0.119187	-0.178598	0.0809539	0.0805477	0.124573	-0.0165588	-0.0765402	-0.0648744	-0.278826	0.226635
-7.02275	0.469513	1.48678	1.05655	0.218459	0.747989	-0.187185	0.175196	-0.0890543	-0.0644247	-0.0245302	-0.00242863	-0.216616	-0.0927634	0.0745828	-0.0831783	0.111117
-7.07394	0.355073	1.5533	1.37948	-0.261057	0.383456	0.560485	0.431495	0.201445	0.141631	-0.232689	-0.0434423	0.0956327	-0.179253	-0.21029	-0.867776	-0.229411
-6.59938	1.30837	1.52631	1.77855	0.201612	0.490056	0.153428	-0.339143	-0.202814	-0.000160107	-0.120672	0.00746419	0.152803	-0.21973	0.103924	-0.257005	0.00171897
-4.79315	1.35273	0.904412	1.88918	0.195212	0.238967	0.328191	0.0198167	-0.170697	-0.467598	-0.280262	-0.247372	-0.149303	0.231616	0.298203	-0.0788673	0.0209732
-4.33296	1.66201	0.292953	1.6466	0.114073	0.0334212	0.396471	-0.129513	-0.10267	-0.316636	-0.053639	-0.047098	-0.105997	0.00955874	0.0246514	-0.174551	-0.147585
-4.25717	1.6246	0.321682	1.71824	-0.0320809	-0.132549	0.353763	-0.125084	-0.0850934	-0.394459	0.103911	-0.122605	-0.0940268	0.0557587	-0.0368986	-0.145159	-0.148965
-4.28626	1.67018	0.355494	1.76036	-0.0113967	-0.0892732	0.402256	-0.0892574	-0.0317261	-0.291892	0.111331	-0.169088	-0.0286625	0.000429014	-0.0218542	-0.129152	-0.0621894
-4.24131	1.6749	0.247796	1.77386	0.00936303	-0.167581	0.437737	-0.109368	-0.0226764	-0.399683	0.183398	-0.286055	0.0323005	-0.0330552	-0.00871721	-0.0903827	-0.0880046
-4.24151	1.70916	0.2724	1.72373	0.146668	-0.23272	0.453289	-0.0127171	-0.119166	-0.309125	0.147931	-0.22492	-0.0180268	0.00401852	-0.0371636	-0.134289	0.0439572
-4.19813	1.82452	0.39048	1.8073	0.180167	-0.237672	0.350043	0.0715543	-0.358382	-0.246998	0.143533	-0.128264	-0.0895753	0.0443365	0.00618078	-0.0783835	0.172765
-4.1508	1.89855	0.154709	1.77474	0.1895	-0.190226	0.328188	-0.110025	-0.37803	-0.548296	0.142307	-0.374333	-0.0531585	0.176035	0.0367837	0.00481065	0.0718109
-4.10805	1.95295	0.025472	1.6696	0.27083	-0.216623	0.268409	-0.133243	-0.358283	-0.719724	0.183098	-0.379072	-0.040995	0.192326	0.0688486	0.00946627	-0.100041
-3.97925	1.9861	0.0394708	1.58177	0.413167	-0.198316	0.0065985	0.064373	-0.319117	-0.687275	0.0907663	-0.24857	-0.013775	0.198454	0.229391	-0.097976	-0.154317
-3.94184	2.18782	0.100418	1.5295	0.426192	-0.275147	-0.0954045	0.0507582	-0.179109	-0.552994	0.0705379	-0.133304	0.0979179	0.28261	0.12636	-0.205124	-0.121956
-3.86457	2.32637	-0.022415	1.35134	0.451854	-0.138879	-0.256898	-0.013858	-0.136397	-0.525144	0.0833303	-0.160366	0.239079	0.167052	-0.0665532	-0.146587	-0.0441526
-3.8491	2.43326	0.00402801	1.15596	0.401342	-0.0179702	-0.315732	-0.0343728	-0.266051	-0.324328	0.0565633	-0.157627	0.220958	0.199969	-0.100135	-0.175423	-0.0789003
-3.89407	2.57853	-0.0107935	0.980955	0.394835	-0.0385366	-0.239736	-0.152545	-0.286923	-0.254185	0.113182	-0.225477	0.233878	0.167216	-0.0385914	-0.210129	-0.147234
-4.0404	2.73999	-0.0573052	0.810389	0.20274	0.0771896	-0.296548	-0.091194	-0.482831	-0.31479	0.142127	-0.127746	0.0886996	0.16568	-0.0950139	-0.0987727	-0.375876
-4.22007	2.95585	0.0278419	0.792241	0.0366235	0.0547522	-0.196329	0.143184	-0.67818	-0.369197	0.115298	-0.00457	0.123925	-0.0235421	-0.238648	0.021339	-0.160341
-4.24798	2.99534	0.123222	0.75208	0.081138	0.0589862	-0.178069	0.236253	-0.611401	-0.39589	0.124092	-0.065727	0.246495	-0.0226256	-0.186569	-0.0790488	-0.0752719
-4.41122	2.90741	0.361235	0.781449	-0.0233593	-0.283955	-0.143345	0.484672	-0.564314	-0.547899	-0.123566	-0.0832505	0.382586	-0.000135891	-0.291538	-0.127552	-0.0565391
-4.41127	3.01455	0.251439	0.805764	0.0585837	-0.0135742	-0.238979	0.562769	-0.725284	-0.289993	-0.0620929	-0.125576	0.183737	0.135253	-0.189643	-0.0809105	-0.0808282
-4.55983	3.08865	0.205472	0.770936	0.282783	-0.033631	-0.174282	0.427019	-0.620957	-0.331239	0.00253184	-0.312163	0.141375	0.0189486	-0.0973673	-0.132004	0.0746841
-4.62222	3.06957	0.11001	0.891071	0.397791	-0.103889	-0.251258	0.395591	-0.654322	-0.215654	-0.0119779	-0.401858	0.08916	0.0431017	-0.111219	0.00219777	-0.0808536
-4.59366	2.96071	0.190379	0.928466	0.37881	-0.120945	-0.289279	0.401156	-0.61769	-0.131283	-0.0603276	-0.337569	0.0699821	0.0953671	-0.0763343	-0.0544384	-0.108784
-4.63481	2.93671	0.269426	0.883771	0.40985	-0.128898	-0.317948	0.379026	-0.593145	-0.171069	-0.0299269	-0.262787	0.0500461	0.221589	-0.11445	-0.126931	-0.0970409
-4.78987	3.05065	0.265141	0.781907	0.547668	-0.150738	-0.230428	0.226929	-0.390842	-0.47029	0.122222	-0.290172	0.0508986	0.305061	-0.104405	-0.176878	-0.131061
-4.76016	3.05313	0.300247	0.925846	0.524947	-0.0785113	-0.161894	0.24628	-0.478336	-0.320894	0.103594	-0.156145	0.106688	0.417234	-0.0245912	-0.250315	-0.0256899
-4.9552	2.94698	0.247338	0.849692	0.45119	-0.174523	-0.323464	0.0683053	-0.600713	-0.525223	0.0937545	-0.222387	-0.00435885	0.317895	-0.155335	-0.239066	-0.25847
-5.17265	2.95531	0.248881	0.870564	0.337433	-0.340662	-0.366831	-0.0661273	-0.58222	-0.608921	0.0434096	-0.276325	-0.00569662	0.183795	-0.261416	-0.321139	-0.327428
-5.35678	3.14125	0.210309	0.915448	0.429302	-0.450451	-0.324188	-0.198888	-0.444666	-0.687939	0.021357	-0.114373	-0.0496168	0.316403	-0.422373	-0.381473	-0.20841
-5.05228	3.12492	-0.0753828	0.939846	0.375776	0.0381309	-0.20755	-0.209555	-0.670267	-0.422663	0.133244	-0.00152195	0.000893453	-0.0775375	-0.0132412	-0.00509445	-0.235107
-5.05461	2.8772	-0.49065	0.792959	0.00326548	-0.0297409	-0.490566	-0.412056	-0.717537	-0.629523	-0.125611	-0.354382	-0.246265	-0.273209	-0.232272	-0.279797	-0.573855
-4.74935	2.54981	-0.547505	0.923109	-0.180921	-0.351389	-0.525762	-0.4963	-0.269218	-0.579711	-0.290577	-0.669276	-0.173877	-0.426687	-0.240733	-0.359649	-0.397014
-4.58391	2.83549	-0.708942	1.03855	-0.0598539	-0.285122	-0.36489	-0.424551	-0.0681403	-0.572687	-0.0951122	-0.563717	0.144981	-0.455712	-0.35423	-0.171655	-0.0769111
-4.70538	2.60999	-0.0764083	1.1232	-0.300398	-0.283334	-0.285878	-0.308099	0.0159818	-0.721208	0.0774303	-0.35861	0.300248	-0.537768	-0.335291	-0.118131	-0.059024
-4.5651	2.52757	-0.682266	1.14451	-0.103184	-0.376224	-0.17798	-0.347037	-0.0630277	-0.551741	-0.0679623	-0.450547	0.117011	-0.607145	-0.350307	-0.197168	-0.410303
-4.36267	2.3287	-0.307894	1.1727	-0.123129	-0.285984	-0.205528	-0.277289	-0.0350442	-0.546948	0.00367778	-0.245973	0.115673	-0.48018	-0.173962	-0.134741	-0.228069
-4.47134	2.4053	-0.489697	1.23059	-0.176006	-0.271626	-0.258716	-0.295598	0.00447252	-0.66242	0.121567	-0.47827	0.18859	-0.579844	-0.178281	-0.151461	-0.405467
-4.43621	2.38634	-0.276334	1.12757	0.0213794	-0.265486	-0.259002	-0.277409	0.0124223	-0.670193	0.182773	-0.427553	0.269262	-0.526815	-0.134475	-0.124695	-0.278639
-4.6231	2.50385	-0.249329	1.01528	0.146954	-0.359039	-0.198232	-0.364837	-0.0111397	-0.684111	0.0407382	-0.358056	0.0935175	-0.324068	-0.429964	0.0474754	-0.449778
-4.77593	2.57588	-0.163184	1.03297	0.239303	-0.276705	-0.228857	-0.398273	-0.0199911	-0.669182	-0.00461385	-0.401035	0.206413	-0.379176	-0.340923	0.00651573	-0.411071
-4.81907	2.54479	0.0441649	1.00621	0.358204	-0.194272	-0.283608	-0.304949	-0.058824	-0.604703	-0.00317003	-0.393508	0.262802	-0.370225	-0.219902	0.021681	-0.275924
-5.25178	2.70858	0.469539	0.82727	0.452366	0.124257	-0.352563	-0.207607	-0.0270859	-0.54973	-0.272966	-0.390802	0.283086	-0.270227	-0.122917	0.124663	-0.253501
-5.43831	2.99985	0.584929	0.842522	0.765127	0.213776	-0.359969	-0.0374521	-0.203506	-0.378007	-0.146395	-0.367327	0.363881	-0.0486252	-0.148292	0.251366	-0.00706068
-5.59583	2.9707	0.750215	1.13056	0.59304	0.00291844	-0.278694	0.144272	-0.279346	-0.526148	-0.0992017	-0.378827	0.498666	-0.087565	-0.0693727	0.0819744	-0.0604393
-5.53472	3.17568	0.670405	0.868326	0.732794	-0.0890668	-0.494313	0.0306123	-0.340177	-0.163295	-0.133039	-0.447328	0.501021	-0.101818	0.00255186	-0.0196895	-0.194104
-5.4727	3.1639	0.697182	1.0516	0.862132	-0.145135	-0.561367	0.0518645	-0.18193	-0.172129	-0.00554408	-0.272996	0.34668	0.0867811	0.170917	-0.0951435	-0.0780556
-5.49541	3.10726	0.655149	1.02137	0.721906	-0.0796387	-0.573775	0.0376918	-0.419836	-0.18122	-0.00803737	-0.239691	0.345593	0.0497424	-0.037878	0.0173658	-0.236376
-5.80547	3.33015	0.834112	0.857247	0.957672	-0.111986	-0.481756	0.032708	-0.353931	-0.334428	0.186631	-0.375051	0.514921	0.0594597	-0.0332135	0.13812	-0.197501
-5.66864	2.71822	1.23553	1.35788	0.767023	0.370469	-0.24089	0.086034	-0.346968	-0.260479	-0.0425847	0.0366252	0.497987	0.241235	0.297811	0.0971875	0.233245
-6.35582	2.89218	1.2552	0.954924	0.80533	-0.00678499	-0.594898	0.0337981	-0.292554	-0.411191	-0.162318	-0.195493	0.231463	0.166519	-0.101459	-0.0845134	-0.0327073
-6.95869	2.74156	1.5447	0.914297	0.758823	-0.157441	-0.625974	-0.0086255	-0.302113	-0.276967	-0.422129	-0.154452	0.190155	0.1095	-0.236723	-0.0637214	-0.0978919
-7.39577	2.75083	1.44514	0.843567	0.800702	0.190016	-0.400811	-0.0607222	-0.171475	-0.0667276	-0.371169	-0.210915	-0.021542	0.145552	-0.247077	0.0849075	0.267568
-7.67199	1.80204	1.73597	0.652607	0.845171	0.295038	-0.170192	-0.0760452	-0.4046	-0.0304125	-0.172294	-0.208629	-0.152426	0.0697377	-0.318713	0.0287085	0.0520616
-7.37801	1.33262	0.924264	0.224379	0.116624	0.242494	-0.101487	-0.113078	-0.166137	-0.0185738	-0.15374	-0.26857	0.0432946	-0.0286876	-0.0273787	0.116542	0.16792
-6.16323	1.11283	0.628527	-0.245988	0.219288	0.229927	-0.0741787	0.0886481	-0.0663459	0.161514	0.154091	0.0202124	-0.0728928	-0.295326	-0.138909	0.15298	-0.0451016
-5.40993	0.594276	0.547543	-0.193749	0.177146	0.0224497	0.028143	0.148547	-0.179411	-0.113908	-0.0382414	0.108813	0.0254088	-0.00964322	-0.0172376	0.155514	-0.065761
-5.42856	0.336325	0.550024	-0.138964	0.160423	-0.0505053	-0.00098506	0.181939	-0.132932	0.00664441	0.0674268	0.315781	0.147976	-0.0468794	0.0165952	0.173975	0.0412317
-5.81544	-0.0625746	0.725961	-0.123362	0.173646	0.152309	0.00431896	0.265335	0.0177452	0.110748	0.0708663	0.428659	0.23251	0.0260016	-0.103113	0.194851	0.0299544
-6.06142	-0.493556	0.821521	-0.00560937	0.253607	0.241477	0.0610255	0.208661	0.153017	0.146395	-0.0566542	0.281174	0.186189	0.158072	-0.0570451	0.17496	0.0952117
-6.0358	-0.569828	0.74601	-0.0522544	0.198648	0.152163	-0.0254408	0.0788445	0.136546	0.192676	-0.112848	0.303851	0.0630926	0.103739	0.0870601	0.232491	0.251919
-6.02553	-0.551351	0.794138	-0.209947	0.151367	0.16338	-0.116568	0.208001	0.104481	0.247861	-0.170698	0.289723	0.0261831	0.0935194	0.16347	0.139574	0.245635
-6.00452	-0.68955	0.820045	-0.11835	0.0397982	0.171258	-0.2048	0.3387	0.130398	0.247639	-0.172761	0.174771	0.0689154	0.118075	-0.00675658	0.0536194	0.142183
-5.96701	-0.463387	0.704255	0.00504741	0.0956297	0.210945	-0.309045	0.343813	0.0939289	0.0208825	-0.147964	0.211957	0.152066	0.164026	-0.20639	0.0522292	0.127544
-5.72696	0.381966	1.0251	0.392744	0.120006	0.249783	-0.463546	0.177022	-0.166942	-0.229475	-0.182523	0.0102074	0.00354308	-0.0187863	-0.130221	0.0320925	-0.0177621
-5.30543	1.20809	0.703213	0.740855	0.0690484	-0.22862	-0.551147	0.0613663	-0.291128	-0.17368	-0.23865	-0.0522781	0.0365917	-0.210325	-0.102641	-0.0854604	-0.143221
-4.84453	1.95793	0.141787	1.09188	-0.00727329	-0.304796	-0.478826	0.0253304	-0.339692	-0.138066	-0.309599	0.0108164	0.123949	-0.216026	0.0150262	-0.0626843	-0.0903749
-4.88982	2.18076	0.0118557	1.26776	-0.0170449	-0.288043	-0.420356	-0.00272512	-0.272776	-0.18811	-0.245288	0.0432176	0.244969	-0.217839	0.150541	-0.0824053	0.0240286
-5.11538	2.05666	0.0399301	1.50725	-0.0186376	-0.342815	-0.17905	0.0369807	-0.251556	-0.328173	-0.0763061	-0.0422989	0.155632	-0.109597	0.235156	-0.161893	0.0915885
-4.76153	1.81532	0.134324	1.3525	-0.00145226	-0.371668	-0.116598	-0.0275936	-0.347748	-0.280927	-0.173153	-0.0602995	0.0235001	0.0233663	0.111867	-0.21756	0.0331236
-5.0477	2.06768	-0.0135989	1.55439	-0.11439	-0.404959	-0.102494	-0.0450017	-0.346476	-0.380391	-0.0407882	-0.257405	0.138165	-0.12761	0.183451	-0.279186	0.114117
-5.00334	1.91434	-0.0352764	1.56802	-0.103478	-0.367016	0.0370893	-0.118364	-0.532478	-0.363476	0.023508	-0.40245	0.107757	-0.0507957	0.0609575	-0.269337	0.162025
-5.03936	1.84814	0.0351811	1.57336	-0.0380768	-0.343527	0.0849705	-0.0959705	-0.552629	-0.327556	-0.00846558	-0.364482	0.121674	-0.0113901	0.03471	-0.244677	0.204763
-5.65721	1.92683	0.36127	1.59739	0.0708081	-0.294234	0.148545	0.0570331	-0.554735	-0.195555	0.0394088	-0.345627	0.0788932	-0.0334101	-0.021483	-0.237175	0.229645
-5.72896	1.71397	0.745569	1.07254	0.180461	-0.0969384	0.238182	-0.038004	-0.424725	-0.0520639	-0.0253846	-0.273019	0.0383482	0.0320147	-0.223537	-0.0751308	0.127087
-6.31112	2.16191	0.733785	1.33104	0.300165	-0.138656	0.153342	-0.0833122	-0.495922	-0.0397207	-0.0293367	-0.23924	0.11348	0.0833129	-0.190859	-0.15336	0.159778
-7.23068	3.35547	1.2358	1.04075	0.522	0.11698	-0.152489	0.124163	-0.253685	0.0869662	0.103239	-0.145999	0.446915	0.0497684	-0.0487396	-0.28766	0.107311
-6.54388	3.29622	1.27533	1.19863	0.268999	0.0329578	0.0401408	0.0525587	-0.63006	0.209357	0.009709	-0.284274	0.249769	-0.0584158	0.128626	0.144796	0.106374
-6.32311	3.26293	0.921507	1.13696	0.216702	-0.0714205	-0.435988	0.0750278	-0.89928	-0.0152055	0.0905979	-0.3804	0.355612	-0.140548	-0.107223	-0.0176695	0.0274396
-6.49499	3.5021	1.23579	0.96651	0.419206	-0.129607	-0.177618	0.0332653	-0.607824	-0.134734	0.372407	-0.222472	0.19781	-0.178822	-0.0284337	0.0872688	-0.0153073
-6.31318	3.54307	0.868073	0.84635	0.325106	-0.332966	-0.279513	-0.0466037	-0.603156	0.0377353	-0.0431529	-0.402227	0.306313	0.177795	-0.230107	-0.166769	-0.00521085
-6.08186	3.15528	0.693593	0.986012	0.439372	-0.166452	-0.459871	-0.098768	-0.846151	-0.143114	0.0404344	-0.353444	0.320956	-0.11375	-0.241026	-0.381922	-0.151629
-6.0769	3.28021	0.659743	1.05935	0.712681	-0.0211224	-0.128296	0.0345596	-0.790515	-0.26955	-0.108037	-0.311616	0.322743	0.0317938	0.10564	-0.0837154	0.000582723
-6.26142	3.21935	0.919191	1.06574	0.262871	-0.0232968	-0.237007	0.125972	-0.791212	-0.211535	-0.030983	-0.20804	0.0326578	-0.0873292	-0.134459	-0.191299	0.0964911
-6.73632	3.09761	1.25309	1.00647	-0.138739	-0.232403	-0.15512	-0.0787265	-0.882023	-0.380192	-0.101569	-0.336051	-0.124072	-0.194782	-0.176045	-0.453868	-0.256569
-6.63239	3.01738	1.15996	0.901836	0.15239	-0.0915787	-0.424373	-0.156111	-0.794023	-0.0858753	0.0445388	-0.410942	-0.0521791	-0.184399	-0.424738	-0.0265541	-0.180488
-6.94352	2.67848	1.28718	0.963177	0.432419	-0.0760559	-0.519896	0.0465222	-0.839023	-0.338715	0.11304	-0.105453	-0.160877	-0.37399	-0.00505763	-0.125039	-0.165419
-7.1919	2.05864	0.853749	0.776219	0.348171	0.0940156	-0.325886	-0.208723	-0.621418	-0.290643	-0.264927	-0.587377	0.000982598	-0.1991	-0.187389	0.0300309	-0.293086
-7.15147	1.48868	0.109405	0.760196	0.38842	0.108194	-0.475972	-0.185657	-0.609783	-0.262037	-0.297803	-0.374897	0.113136	0.0352086	-0.0465966	-0.187492	-0.159079
-7.11748	1.48575	0.33303	0.49631	0.374414	0.111065	-0.127037	0.00207117	-0.148051	0.0184726	-0.134169	-0.257306	-0.0057232	0.0607846	0.0817616	0.0156024	0.117127
-8.06766	1.31196	0.506043	0.685038	0.618739	0.34441	-0.109941	-0.00316166	-0.365887	0.00413094	-0.179651	-0.273128	-0.0645588	0.0806748	0.124513	0.0945285	0.115974
-8.73194	1.45216	0.623587	0.567967	0.763419	0.594312	-0.0227483	-0.061969	-0.402846	-0.0593992	-0.110842	-0.121243	-0.115779	0.0158613	0.250483	0.231166	0.271516
-7.36693	1.93341	-0.0144783	-0.191794	0.198298	0.608031	0.311608	0.0983585	-0.238775	0.140699	-0.0362048	0.139789	0.0472152	-0.0902347	0.161854	-0.00633512	0.194652
-6.51648	2.28993	0.0320659	-0.664914	0.212538	0.714446	0.49488	-0.00677629	-0.325218	0.310931	-0.168407	0.114755	0.2776	-0.174466	-0.0204834	0.0359513	0.0741843
-5.95638	2.3442	0.0246384	-0.745227	0.26094	0.81516	0.612646	-0.00406529	-0.225115	0.262726	-0.151691	0.126001	0.261109	-0.208816	-0.0938978	0.0527498	-0.00204837
-5.97911	2.23165	0.0874733	-0.71864	0.175034	0.910634	0.694246	-0.0189955	-0.119437	0.231403	-0.0499975	0.138929	0.269575	-0.223963	-0.127248	0.0143419	0.0440389
-6.23524	1.83996	0.102151	-0.38689	0.081922	0.599373	0.581071	0.124031	-0.249249	0.0762577	0.241565	0.265138	0.266655	-0.10481	-0.00162266	-0.0246979	0.225959
-5.97255	1.81772	0.139889	-0.360653	-0.145514	0.206481	0.349496	0.142046	-0.232829	0.136382	0.27694	0.264074	0.281835	-0.117467	0.0119036	-0.0445226	0.138629
-5.87754	1.85388	0.116376	-0.409663	-0.122041	0.137209	0.206511	0.115919	-0.223433	0.187889	0.273181	0.239318	0.227057	-0.145641	-0.0841614	-0.0753214	0.0214312
-5.99552	1.82609	-0.0261898	-0.396055	-0.116561	0.203307	0.1656	0.146968	-0.181856	0.0824995	0.183249	0.290843	0.217724	-0.230491	-0.0781418	-0.142837	0.0515895
-6.19059	1.59168	-0.249806	-0.431839	-0.189249	0.167405	0.202824	0.21596	-0.206535	0.00397022	0.0944577	0.220261	0.471954	-0.122919	0.0640996	0.00219209	0.222164
-6.25999	1.59986	-0.147432	-0.321271	-0.184938	0.189565	0.305618	0.267976	-0.226077	0.07109	0.0586044	0.269835	0.459526	-0.0587026	0.139078	-0.0261012	0.270142
-6.34454	1.57032	-0.0940436	-0.0985514	-0.0611505	0.188868	0.250565	0.142869	-0.235886	0.0622564	-0.0102454	0.233812	0.328658	-0.087336	0.0335991	-0.138598	0.207901
-6.36322	1.77426	-0.0021572	-0.125205	-0.0960985	0.077723	0.123763	0.0747208	-0.18413	-0.0262275	-0.0501281	0.164296	0.316863	-0.0667337	-0.0174255	-0.132594	0.0178457
-6.38896	1.98643	0.0964644	-0.22465	-0.215684	0.127076	0.153474	0.00312605	-0.279166	-0.014752	-0.0491374	0.218362	0.44566	-0.10964	0.0132513	-0.17012	-0.0390454
-6.45289	2.09178	0.210645	-0.0652125	-0.0221066	0.28021	0.137165	-0.117661	-0.414754	-0.00354238	-0.0210155	0.252495	0.332239	-0.120069	0.0491766	-0.0628984	-0.0548013
-6.50871	1.85975	0.302931	0.33712	0.455107	0.421798	0.1339	-0.055975	-0.253827	0.100981	-0.159132	-0.131459	-0.052171	-0.198795	0.257968	0.0757341	0.0910589
-6.72742	1.98066	0.254849	0.191039	0.537245	0.383421	0.486909	0.0949401	-0.206239	0.0363557	-0.195415	-0.193483	0.200806	-0.137824	0.12206	-0.0999963	-0.0236868
-6.23214	2.06058	0.863047	0.350162	0.455869	0.556646	0.561262	0.0702112	0.14597	0.32422	0.0228296	0.0819449	0.282827	-0.22812	-0.193816	-0.056949	0.0606165
-5.83116	3.17756	1.05464	0.119362	0.226733	0.154119	0.228789	-0.0176456	-0.144107	-0.0872382	-0.137637	-0.0506451	0.126332	-0.0464668	0.111387	-0.0143528	-0.133159
-4.51736	3.20588	0.599598	0.226307	0.194478	0.403857	0.409191	-0.194394	-0.406118	0.228014	0.129202	0.320227	0.258751	-0.0792913	0.215737	-0.0621474	0.164203
-4.18674	3.03993	0.304522	0.343066	0.236085	0.100091	0.375196	-0.32629	-0.253961	0.29404	0.0622646	0.114055	0.249413	-0.00701137	0.137595	-0.0408814	0.0880779
-3.94798	2.87657	0.184397	0.458415	0.130099	0.295907	0.0934801	-0.178054	-0.32333	0.40409	0.0618564	0.0218761	0.289293	-0.098377	0.328399	-0.116385	0.0754881
-3.83779	2.56832	0.296912	0.503986	0.0953499	0.229071	0.0536607	-0.193652	-0.249368	0.282129	0.0177583	-0.0395225	0.327392	-0.114982	0.248376	-0.103792	0.0516277
-3.96489	2.64366	0.132118	0.608497	0.0483368	0.169075	-0.0282248	-0.217501	-0.27087	0.19377	-0.0333789	-0.104769	0.326338	-0.180703	0.241634	-0.161686	0.00487766
-3.97402	2.40976	0.129366	0.591363	-0.0123254	0.0923616	-0.113401	-0.247712	-0.31741	0.0342955	-0.0597338	-0.241969	0.299783	-0.254865	0.155286	-0.114677	-0.175684
-4.05313	2.33057	0.0410675	0.683696	-0.147793	0.111231	-0.214274	-0.273246	-0.380232	-0.0512181	-0.103827	-0.321525	0.260538	-0.275154	0.0825243	-0.103924	-0.284796
-4.05984	2.33972	0.238343	0.716406	0.0610398	0.0948665	-0.0113666	-0.272935	-0.21022	-0.0591618	0.0560613	-0.346722	0.43886	-0.29894	0.227858	-0.149217	-0.10598
-4.30752	2.43209	0.164641	0.704462	0.0476059	0.134217	-0.069868	-0.321521	-0.181401	-0.20543	0.0584282	-0.450108	0.372653	-0.259094	0.119041	-0.123934	-0.190966
-4.39962	2.47595	0.239105	0.709823	0.169821	0.155851	-0.002685	-0.331411	-0.138445	-0.134854	0.0725584	-0.412264	0.421354	-0.250679	0.149398	-0.147431	-0.100798
-4.53003	2.58805	0.252941	0.814626	0.246271	0.245751	0.0510517	-0.310936	-0.0664719	-0.136247	0.136374	-0.387212	0.449259	-0.20971	0.165803	-0.138965	0.00479883
-4.73095	2.69167	0.0173493	0.887556	0.144264	0.271374	0.0259929	-0.345181	-0.163304	-0.135025	0.00394314	-0.406467	0.303336	-0.179857	0.08238	-0.161658	-0.0751467
-4.84443	2.87615	0.149222	0.916664	0.409399	0.18858	0.153531	-0.299542	-0.0144485	-0.119482	0.187578	-0.354834	0.49043	-0.219961	0.160109	-0.167316	0.108928
-4.97297	2.93798	0.137597	0.942601	0.252629	0.288689	0.0930655	-0.37053	0.0267167	-0.130728	0.105722	-0.36426	0.443645	-0.259736	0.148087	-0.188331	0.0974607
-4.84452	2.81392	0.146158	0.913276	0.300288	0.331015	0.0920061	-0.350494	-0.0222929	-0.0294399	0.0695306	-0.351688	0.359443	-0.242302	0.161347	-0.159791	0.118497
-4.78001	2.85189	-0.0124066	0.911608	0.303689	0.203674	0.0866252	-0.370718	0.0186044	-0.0937309	-0.00560772	-0.301726	0.272867	-0.199639	0.111433	-0.16544	0.0795803
-4.75936	3.01501	-0.0748328	0.95235	0.309674	0.197102	0.0824548	-0.326173	0.0302381	-0.0655876	0.0354298	-0.264709	0.31193	-0.129809	0.140917	-0.222189	0.14819
-4.77523	2.96644	-0.0779475	0.984637	0.132517	0.185664	0.021393	-0.345021	-0.015509	-0.104228	-0.00381941	-0.300804	0.275139	-0.148141	0.0353076	-0.15553	0.0751533
-4.71547	3.13005	-0.430571	1.10591	0.0564389	0.149869	-0.0190121	-0.383899	-0.0148438	-0.149513	-0.0507252	-0.244298	0.282674	-0.118531	0.0916957	-0.229984	0.0145941
-4.79927	3.23754	-0.375262	1.23059	0.134819	0.0542468	0.0706889	-0.305509	0.0765386	-0.107086	-0.04391	-0.160505	0.296304	-0.0488303	0.119943	-0.304689	0.19369
-4.88061	3.31383	-0.734799	1.2592	0.194799	-0.209603	-0.0609998	-0.359036	-0.0902613	-0.134814	-0.230989	-0.0738417	0.166632	-0.00687289	-0.0215521	-0.168169	-0.0438779
-5.54413	3.44845	-0.42385	1.00866	0.501275	-0.329259	-0.0363118	-0.465373	-0.327736	-0.0641886	-0.336255	-0.0259431	0.116076	-0.117153	-0.0716565	-0.237762	-0.129572
-5.50722	3.0257	-0.373529	1.41632	0.797768	0.303594	-0.136126	-0.0567275	-0.145539	-0.219394	-0.29886	0.155666	0.293357	0.256528	0.156104	0.152372	0.000408512
-7.55052	2.94413	0.541991	0.93165	0.611525	-0.60705	-0.684547	-0.309088	-0.400988	-0.141885	-0.36273	-0.298098	0.0294328	-0.0989284	-0.0951862	-0.0355486	-0.152372
-8.06123	3.55466	0.479028	1.04039	0.72565	-0.20061	0.0522732	-0.195786	0.0877437	-0.134551	-0.54263	-0.494889	-0.194159	-0.074713	-0.25716	-0.00381272	0.0441961
-7.50554	3.39519	0.280728	1.37401	0.320222	0.127414	0.19197	-0.306051	0.0154175	0.0146607	-0.362443	-0.157026	-0.00774409	0.192075	-0.191378	-0.208324	0.211522
-8.95568	2.93972	0.643112	1.05418	0.455283	-0.477677	-0.596672	-0.13704	-0.26004	-0.294215	-0.125116	-0.193378	0.144021	0.0659362	-0.548992	-0.0800146	0.344886
-7.9158	1.95074	0.824214	0.653329	0.408943	0.220431	0.0575171	-0.0400405	-0.0920629	-0.122988	-0.14619	-0.145606	-0.113108	-0.0749336	-0.0392045	0.0186759	0.0804495
-8.58391	1.91928	0.744457	0.602521	0.399889	0.207917	0.0300098	-0.0165695	-0.0234085	-0.0938953	-0.145445	-0.097879	-0.0394701	-0.039523	-0.0524244	0.0030955	0.0705152
-8.0722	2.29324	-0.0567885	1.03609	0.286288	-0.109708	-0.219158	-0.0382349	0.360958	-0.168653	-0.0785443	0.263632	-0.122453	-0.164099	0.1366	0.0462921	0.023484
-7.05267	2.40366	-0.282509	1.11956	0.140754	-0.147437	-0.250451	-0.0848735	0.358205	-0.293963	-0.0670972	0.258501	-0.0660654	-0.189722	0.191198	0.144172	0.0462347
-6.82647	2.43177	-0.296759	1.15341	0.153526	-0.148983	-0.237832	-0.0819929	0.362337	-0.343415	-0.0820538	0.271347	-0.0308414	-0.22055	0.211322	0.178279	0.0873443
-7.21932	2.27551	-0.205894	1.13283	0.225354	-0.136171	-0.293327	-0.0786002	0.374595	-0.340018	-0.155511	0.298206	0.0382925	-0.155256	0.147734	0.266993	0.151909
-8.00521	1.79067	0.136641	1.44816	0.328345	-0.0863476	-0.233753	-0.128442	0.350152	-0.139258	-0.147759	0.341191	0.298355	0.00492654	-0.0044832	0.422129	0.187134
-8.02808	1.50013	-0.047449	1.26651	0.196626	0.0460773	-0.0396176	-0.092589	0.163068	-0.12009	0.0163858	0.440829	0.267296	0.123202	0.207128	0.258433	0.089049
-8.03105	1.36217	-0.157998	1.21004	0.182198	0.0317499	0.061156	-0.0491832	0.283619	-0.138198	-0.0774519	0.454834	0.242207	-9.99557e-05	0.176251	0.307608	0.0890694
-8.05127	1.28834	-0.196041	1.21465	0.15895	0.0604516	0.129224	-0.0201211	0.4079	-0.166004	-0.0124908	0.332267	0.118385	-0.0204663	0.0481317	0.111626	0.0574969
-7.45566	1.41858	0.295325	1.07168	0.0975473	0.0147825	0.117118	-0.0806761	0.106359	-0.148867	-0.0804629	0.116637	-0.0261877	0.0662593	0.0282537	0.0357752	0.0321049
-6.701	2.30216	0.168235	1.30537	-0.156352	-0.430237	-0.213153	-0.0792672	0.194368	-0.229107	-0.123229	0.23129	0.100908	-0.0836317	-0.140263	-0.0330259	-0.00833731
-6.03153	2.59952	-0.0301917	1.23845	-0.259177	-0.46042	-0.412661	-0.0163775	0.144527	-0.35306	-0.143537	0.287047	0.184666	-0.201349	-0.100227	0.00619266	-0.0177742
-5.90433	2.46343	0.0518249	1.10402	-0.199926	-0.535594	-0.466567	-0.0461017	0.114998	-0.355193	-0.170662	0.354374	0.215447	-0.225481	-0.0944249	0.040205	-0.0973664
-6.2653	2.46017	0.161313	1.08544	-0.0283607	-0.467816	-0.415382	-0.154078	0.0688394	-0.218774	-0.145476	0.337208	0.270288	-0.185881	-0.0563306	0.0842714	-0.115908
-5.91475	2.55875	-0.206681	1.01206	-0.00730655	-0.41263	-0.311189	-0.332293	0.0664472	-0.252395	-0.193477	0.172533	0.0513753	-0.0839785	-0.115051	-0.056279	-0.0509932
-5.63616	2.71263	-0.360924	1.13365	-0.0196872	-0.41002	-0.255419	-0.353246	0.160831	-0.263692	-0.173243	0.24876	0.0805598	-0.051059	-0.126116	-0.0132817	-0.0186583
-5.8798	2.72134	-0.193307	1.26674	0.0235425	-0.313729	-0.250135	-0.327372	0.244801	-0.259143	-0.118115	0.336425	0.157132	-0.00852587	-0.132815	0.0590149	-0.036756
-5.69564	2.3824	0.100585	0.99273	0.136885	-0.235346	-0.197562	-0.344996	0.0661601	-0.20121	-0.258871	0.248983	0.211817	-0.0747327	-0.200192	0.00668099	-0.0215976
-5.51834	2.36961	0.0129391	0.978	0.0548364	-0.233802	-0.161185	-0.368901	-0.0650778	-0.262113	-0.289822	0.100401	0.150289	-0.0462023	-0.128507	0.0414131	-0.0564984
-5.81001	2.54916	-0.287993	1.14415	-0.072228	-0.206648	-0.172394	-0.52828	-0.0541788	-0.293728	-0.299522	0.066155	0.0797239	-0.069979	-0.217458	-0.0559196	-0.118052
-5.44791	2.62939	-0.580014	1.22565	-0.0851289	-0.110368	-0.121056	-0.367747	0.0310622	-0.24208	-0.225603	0.0975902	0.142565	-0.0279896	-0.149305	0.0128655	0.0111444
-5.47159	2.61789	-0.553686	1.26248	-0.0613563	-0.0965859	-0.126661	-0.36381	0.0585789	-0.242133	-0.232995	0.141317	0.203611	0.00176858	-0.127968	0.0696135	0.053904
-5.9847	1.96934	0.0166778	0.993724	0.203801	-0.131142	-0.108755	-0.296859	0.0116252	-0.206011	-0.285026	0.237236	0.339902	0.0557826	-0.0249801	0.201148	0.110783
-6.79533	1.68461	0.117483	0.663562	0.114816	-0.0154566	0.00572589	-0.303305	0.228703	0.10079	-0.24575	0.312773	0.276867	0.0711844	0.20841	0.181278	0.242988
-7.82268	1.96629	0.0760352	1.52657	0.133704	0.204853	-0.0161605	-0.40397	0.0743817	-0.0742182	-0.397879	0.220616	0.432114	0.0255294	0.134432	0.113287	0.0910656
-8.29916	1.83992	0.177964	1.2085	0.143442	0.209707	-0.0735358	-0.363592	0.0824006	-0.0746232	-0.403327	0.0881971	0.308361	-0.155775	-0.0486166	0.0805949	0.164776
-8.83999	1.77881	0.55113	0.885952	0.10325	0.173112	-0.0636136	-0.371854	0.131698	0.0229286	-0.347731	0.0447244	0.150755	-0.203832	-0.161494	0.0262852	0.0730528
-9.48543	1.77082	0.859593	0.822247	0.283017	0.209632	0.113451	-0.169786	0.0297148	0.0378348	-0.198976	-0.0207647	0.00846551	-0.149077	-0.0819454	0.0248612	-0.0248811
-9.74336	1.87495	1.03778	0.756018	0.386682	0.242657	0.066405	-0.146476	0.0609521	0.130821	-0.0244526	0.0222796	0.0371658	-0.085815	0.0264188	0.0781837	0.0142756
-9.77756	1.71808	0.907119	0.64927	0.418212	0.286591	0.0883499	-0.00423489	0.105002	0.112785	0.085712	0.0451925	0.0619411	0.0133513	0.0488903	0.0389611	0.0528612
-9.86317	1.56342	0.83209	0.651123	0.445848	0.35818	0.171153	0.133327	0.14607	0.150268	0.106682	0.0801019	0.143988	0.167183	0.0748339	0.0552608	0.077806
-9.98503	1.40627	0.783364	0.608705	0.49124	0.392531	0.253995	0.257839	0.190218	0.132194	0.0763852	0.0933278	0.117333	0.168237	0.0542173	0.0795814	0.0987045
-9.94063	1.31534	0.666326	0.484694	0.394769	0.368139	0.253081	0.233944	0.164132	0.100241	0.0548369	0.103546	0.0960209	0.137329	0.0500001	0.111071	0.131327
-9.90307	1.33395	0.648802	0.493406	0.364085	0.321512	0.203991	0.209907	0.198662	0.161051	0.163094	0.196291	0.112959	0.180193	0.11096	0.154002	0.158245
-9.95297	1.26017	0.618348	0.455678	0.339082	0.350372	0.240647	0.264486	0.250125	0.197629	0.238284	0.167005	0.130761	0.216143	0.171715	0.182851	0.141298
-9.92222	1.32527	0.652184	0.43478	0.310422	0.345604	0.205594	0.215039	0.200203	0.174508	0.204401	0.136401	0.200992	0.197083	0.178987	0.197263	0.129745
-8.6671	1.58696	0.492646	0.715393	0.0926779	0.200411	-0.112748	0.00803463	0.0309331	0.080512	0.0331809	0.0840555	0.0958385	0.0934811	0.052746	-0.00327133	0.146943
-7.43432	1.26876	0.488525	1.16238	-0.235891	0.000480055	-0.261408	0.17245	0.00667381	-0.0635646	-0.0910525	0.121615	0.108723	-0.028359	-0.0505083	0.101272	-0.0202414
-6.73712	1.2391	0.556354	1.40401	-0.265979	-0.0882297	-0.389578	0.083792	0.0416239	-0.129114	-0.0183547	0.21262	0.195573	0.0342269	-0.0816419	0.144164	-0.00328367
-6.72938	1.28632	0.581164	1.48648	-0.295484	-0.118961	-0.467768	0.0622915	0.111588	-0.101468	-0.00435742	0.148883	0.163421	0.094612	0.0180227	0.196865	-0.0550034
-7.18153	1.4195	0.468763	1.39326	-0.13815	0.166638	-0.288144	-0.122704	0.0318585	-0.0577977	0.114652	0.212925	0.214087	0.0537173	-0.0966332	0.226981	-0.0134476
-7.52857	1.64203	0.179088	1.30562	-0.0287635	0.259669	0.041019	-0.127891	0.197559	-0.152304	-0.0273609	0.143625	0.288419	0.03879	-0.178146	0.273963	-0.016307
-7.49153	1.80875	-0.12107	1.32386	-0.16518	0.110326	-0.0610323	-0.243269	0.45064	-0.128114	-0.101376	0.23635	0.17152	0.0531921	-0.091235	0.338495	-0.00464331
-7.28076	1.8053	-0.128001	1.25537	-0.139936	0.000729678	-0.0898565	-0.271961	0.432686	-0.170606	-0.234425	0.235702	0.149734	-0.0112496	-0.11684	0.238937	0.106391
-7.37526	1.8819	-0.263513	1.4063	-0.0568109	0.00595281	-0.222994	-0.2418	0.393123	-0.129155	-0.159291	0.231828	0.125888	0.0213611	-0.135884	0.166558	0.115181
-7.45835	1.8855	-0.188104	1.41293	-0.113987	-0.195823	-0.332529	-0.223447	0.210972	-0.0811458	-0.106197	0.249229	0.290519	-0.0110228	-0.0464944	0.166167	0.0881095
-7.39268	2.01609	-0.205652	1.18919	-0.0538367	-0.230288	-0.402196	-0.155547	0.159961	0.0628054	-0.218059	0.0613371	0.351964	0.02449	0.0439484	0.15803	-0.0573469
-7.49065	1.99864	-0.291991	0.999751	-0.160215	-0.093383	-0.318151	-0.156728	0.209484	0.183836	-0.125034	0.123358	0.265042	-0.0677079	-0.0556568	0.193969	0.0789512
-7.67721	1.95497	-0.312347	0.851064	-0.145755	0.111954	-0.126699	-0.0415828	0.336011	-0.0174964	-0.0921772	0.10092	0.154852	-0.00303961	0.0142282	0.140149	0.103072
-7.95253	1.94046	-0.229526	0.687544	-0.217273	0.0315545	-0.0883427	0.0500537	0.435396	-0.0496601	-0.113204	0.235717	0.251603	-0.0129128	-0.0258493	0.203016	0.21801
-8.06328	2.03387	-0.108028	0.58958	-0.234184	0.00956101	-0.188273	0.131081	0.403605	-0.00804157	-0.17433	0.256495	0.418029	-0.00468064	-0.068561	0.134808	0.206037
-8.09979	2.09631	-0.0816673	0.49386	-0.095502	0.129209	-0.293895	0.218002	0.330651	0.0329776	-0.154681	0.180189	0.455864	-0.0763687	0.00862603	-0.0276364	0.0269461
-8.29428	2.09886	0.0374043	0.455753	-0.0936118	0.135554	-0.338986	0.230604	0.356962	0.0519523	-0.156404	0.0999468	0.355294	-0.0364912	0.139995	0.0927293	0.0254947
-8.74708	1.95999	0.180896	0.531857	0.0605057	0.121419	-0.166786	0.295908	0.527938	0.0772231	-0.132724	0.0182916	0.2338	0.0671493	0.00770804	0.0755575	0.239814
-9.17595	1.90656	0.467578	0.665013	0.256919	0.117754	-0.0949141	0.176542	0.436471	0.061063	-0.244418	-0.0816454	0.218953	0.101164	-0.149306	0.236364	0.41567
-9.4549	1.80481	0.464168	0.457831	0.203901	0.0953977	-0.0308887	0.0780134	0.309774	0.0553061	-0.358929	-0.0244023	0.284961	0.0326109	-0.0129028	0.305045	0.318346
-9.71515	1.63749	0.496058	0.368401	0.189615	0.0899985	0.1273	0.14827	0.149993	-0.0505932	-0.290629	0.0125203	0.224825	0.0337509	0.0348406	0.22045	0.14148
-10.0042	1.4975	0.554137	0.355115	0.31706	0.259315	0.240605	0.184906	0.184173	0.0165138	-0.187158	-0.0396423	0.131755	0.0815021	0.138365	0.195818	0.11209
-10.1471	1.33862	0.578569	0.454141	0.441541	0.376672	0.240111	0.126372	0.19543	0.149234	-0.00748483	0.0483016	0.131633	0.141744	0.193571	0.258789	0.189307
-10.2498	1.18782	0.554581	0.531739	0.473806	0.414367	0.280188	0.179223	0.202515	0.181971	0.0233297	0.0137073	0.0843487	0.0819942	0.0856782	0.15944	0.154894
-10.1889	1.22187	0.538049	0.401801	0.375219	0.350678	0.235777	0.252662	0.215458	0.188679	0.168141	0.0626479	0.129536	0.210965	0.167847	0.137222	0.0796453
-10.2377	1.16446	0.564187	0.405642	0.35871	0.330986	0.196653	0.223508	0.256941	0.212595	0.241274	0.156759	0.188974	0.237538	0.159432	0.128795	0.128273
-10.4294	1.08901	0.684038	0.549726	0.48684	0.4736	0.281083	0.239044	0.278204	0.220864	0.214456	0.200944	0.188595	0.205557	0.183819	0.138105	0.0719555
-10.172	1.2521	0.614415	0.467709	0.421649	0.419344	0.27697	0.293873	0.291381	0.260623	0.231807	0.171944	0.177036	0.171542	0.219269	0.171283	0.0812966
-10.2487	1.20134	0.642952	0.450529	0.452182	0.394006	0.243774	0.306709	0.257452	0.272728	0.249321	0.180129	0.233401	0.182089	0.211031	0.13388	0.111727
-10.3298	1.08671	0.610392	0.451436	0.523142	0.40011	0.29116	0.338753	0.272505	0.262657	0.266023	0.181917	0.232582	0.20859	0.230532	0.138553	0.189347
-10.1095	1.26189	0.585824	0.412742	0.405859	0.296706	0.280629	0.25792	0.238372	0.214159	0.230782	0.169003	0.170339	0.183341	0.152554	0.118449	0.182718
-10.3744	1.08933	0.550702	0.445599	0.446489	0.293659	0.232973	0.201083	0.225137	0.266816	0.246654	0.183702	0.205598	0.232706	0.124741	0.0902552	0.132141
-10.5183	0.881353	0.513744	0.479198	0.531723	0.393361	0.231607	0.203499	0.23324	0.283882	0.271923	0.230092	0.232785	0.213735	0.114719	0.133966	0.0926001
-10.4034	0.98046	0.462262	0.360538	0.380983	0.30416	0.21319	0.23906	0.165492	0.166603	0.176948	0.214924	0.173086	0.0347195	0.0138119	0.185749	0.12529
-10.0014	1.33448	0.45277	0.355978	0.290863	0.233829	0.179175	0.148467	0.123926	0.0713578	0.0249416	0.0847325	0.0786029	0.0836611	0.0189719	0.0806075	0.0167174
-9.77669	1.45122	0.349069	0.339792	0.25664	0.199914	0.134056	0.11015	0.119895	0.0423775	-0.0128121	0.0673006	0.0453247	0.0573274	0.0181765	0.0459887	0.00446999
