-1e+10
-1e+10
-1e+10
-1e+10
-1e+10
-1e+10
-1e+10
-1e+10
-1e+10
-1e+10
-1e+10
-1e+10
-1e+10
-1e+10
-1e+10
-1e+10
-1e+10
-1e+10
-1e+10
-1e+10
-1e+10
-1e+10
-1e+10
-1e+10
-1e+10
-1e+10
-1e+10
-1e+10
-1e+10
-1e+10
-1e+10
-1e+10
-1e+10
-1e+10
-1e+10
-1e+10
-1e+10
-1e+10
-1e+10
-1e+10
-1e+10
-1e+10
-1e+10
-1e+10
-1e+10
-1e+10
-1e+10
-1e+10
-1e+10
-1e+10
-1e+10
-1e+10
-1e+10
-1e+10
-1e+10
-1e+10
-1e+10
-1e+10
-1e+10
-1e+10
-1e+10
-1e+10
-1e+10
-1e+10
-1e+10
5.49846
5.4386
5.40857
5.39959
5.3942
5.3894
5.38265
5.37314
5.35926
5.33564
5.30852
5.28615
5.26502
5.2502
5.23676
5.22623
5.22288
-1e+10
-1e+10
-1e+10
-1e+10
-1e+10
-1e+10
-1e+10
-1e+10
-1e+10
-1e+10
-1e+10
-1e+10
-1e+10
-1e+10
5.36578
5.37004
5.3697
5.36445
5.35453
5.34772
5.34639
-1e+10
-1e+10
-1e+10
-1e+10
-1e+10
4.60465
4.61007
4.61806
4.62226
4.50906
4.51045
4.5078
-1e+10
-1e+10
-1e+10
-1e+10
-1e+10
-1e+10
-1e+10
-1e+10
-1e+10
5.23796
5.23399
5.22753
5.21736
5.20487
5.19446
5.18715
5.18077
5.1733
5.16406
5.15501
5.14819
5.14379
5.14129
5.1405
5.14138
5.14369
5.14635
5.14835
5.15053
5.15466
5.1619
5.17207
5.18494
5.1993
5.20637
5.20547
5.20303
5.20123
5.19841
5.19137
5.17852
5.16582
5.15558
5.14665
5.14188
5.1418
5.14284
5.14013
5.13091
5.1237
5.12324
5.12644
5.12975
5.1316
5.1331
5.13552
5.13946
5.14415
5.14758
5.15126
5.15784
5.16582
4.47571
4.47237
4.46702
4.4607
4.45508
4.45298
4.45445
4.45917
4.46584
4.47506
4.48842
4.49521
4.49745
4.49892
4.50198
4.50509
4.50855
4.51643
4.53891
4.55941
-1e+10
-1e+10
-1e+10
-1e+10
-1e+10
-1e+10
-1e+10
-1e+10
-1e+10
-1e+10
-1e+10
-1e+10
-1e+10
-1e+10
-1e+10
-1e+10
-1e+10
-1e+10
-1e+10
-1e+10
-1e+10
-1e+10
-1e+10
-1e+10
-1e+10
-1e+10
-1e+10
-1e+10
-1e+10
-1e+10
-1e+10
-1e+10
-1e+10
-1e+10
-1e+10
-1e+10
-1e+10
-1e+10
-1e+10
-1e+10
-1e+10
-1e+10
-1e+10
-1e+10
-1e+10
-1e+10
-1e+10
-1e+10
-1e+10
-1e+10
-1e+10
-1e+10
-1e+10
-1e+10
-1e+10
-1e+10
-1e+10
-1e+10
-1e+10
-1e+10
