1.268329999999999927e+03
1.268329999999999927e+03
1.268329999999999927e+03
1.268329999999999927e+03
1.268329999999999927e+03
1.268329999999999927e+03
1.268329999999999927e+03
1.268329999999999927e+03
1.268329999999999927e+03
1.268329999999999927e+03
1.268329999999999927e+03
1.268329999999999927e+03
1.268329999999999927e+03
1.268329999999999927e+03
1.268329999999999927e+03
1.268329999999999927e+03
1.268329999999999927e+03
1.268329999999999927e+03
1.268329999999999927e+03
1.268329999999999927e+03
1.268329999999999927e+03
1.268329999999999927e+03
1.268329999999999927e+03
1.268329999999999927e+03
1.268329999999999927e+03
1.268329999999999927e+03
1.268329999999999927e+03
1.268329999999999927e+03
1.268329999999999927e+03
1.268329999999999927e+03
1.268329999999999927e+03
1.268329999999999927e+03
1.268329999999999927e+03
1.268329999999999927e+03
1.268329999999999927e+03
1.268329999999999927e+03
1.268329999999999927e+03
1.268329999999999927e+03
1.268329999999999927e+03
1.268329999999999927e+03
1.268329999999999927e+03
1.268329999999999927e+03
1.268329999999999927e+03
1.268329999999999927e+03
3.271280000000000200e+03
6.429409999999999854e+03
6.429409999999999854e+03
6.429409999999999854e+03
7.002119999999999891e+03
6.163539999999999964e+03
6.140619999999999891e+03
6.140619999999999891e+03
6.116810000000000400e+03
6.116810000000000400e+03
6.093750000000000000e+03
6.093750000000000000e+03
6.048810000000000400e+03
5.946319999999999709e+03
5.493199999999999818e+03
5.493199999999999818e+03
5.917189999999999600e+03
5.917189999999999600e+03
5.493199999999999818e+03
4.198060000000000400e+03
3.263179999999999836e+03
3.263179999999999836e+03
3.263179999999999836e+03
5.156250000000000000e+03
5.156250000000000000e+03
5.156250000000000000e+03
5.593750000000000000e+03
5.118989999999999782e+03
5.118989999999999782e+03
6.302619999999999891e+03
6.302619999999999891e+03
6.302619999999999891e+03
6.302619999999999891e+03
5.317520000000000437e+03
4.296699999999999818e+03
4.296699999999999818e+03
4.296699999999999818e+03
5.706060000000000400e+03
6.452340000000000146e+03
6.539479999999999563e+03
6.539479999999999563e+03
6.539479999999999563e+03
7.212979999999999563e+03
6.539479999999999563e+03
7.212979999999999563e+03
7.246930000000000291e+03
7.212979999999999563e+03
6.459210000000000036e+03
7.246930000000000291e+03
6.459210000000000036e+03
6.448979999999999563e+03
6.459210000000000036e+03
6.448979999999999563e+03
6.448979999999999563e+03
6.645640000000000327e+03
6.921880000000000109e+03
6.921880000000000109e+03
6.921880000000000109e+03
6.921880000000000109e+03
6.289500000000000000e+03
6.217500000000000000e+03
6.217500000000000000e+03
7.484380000000000109e+03
7.556119999999999891e+03
7.557109999999999673e+03
7.680939999999999600e+03
7.557109999999999673e+03
7.556119999999999891e+03
7.777640000000000327e+03
7.790279999999999745e+03
7.310420000000000073e+03
7.100600000000000364e+03
7.100600000000000364e+03
6.219399999999999636e+03
6.177199999999999818e+03
6.219399999999999636e+03
6.219399999999999636e+03
6.234750000000000000e+03
7.004300000000000182e+03
7.728560000000000400e+03
7.728560000000000400e+03
7.728560000000000400e+03
7.604399999999999636e+03
7.228520000000000437e+03
7.003829999999999927e+03
5.338930000000000291e+03
4.949760000000000218e+03
5.653470000000000255e+03
5.647779999999999745e+03
5.647779999999999745e+03
5.653470000000000255e+03
5.653470000000000255e+03
5.647779999999999745e+03
4.292909999999999854e+03
4.292909999999999854e+03
4.292909999999999854e+03
6.913100000000000364e+03
6.913100000000000364e+03
6.984560000000000400e+03
6.913100000000000364e+03
6.783119999999999891e+03
6.783119999999999891e+03
6.783119999999999891e+03
6.656250000000000000e+03
3.289579999999999927e+03
3.289579999999999927e+03
2.270099999999999909e+03
2.266710000000000036e+03
2.270099999999999909e+03
3.617010000000000218e+03
1.484380000000000109e+03
1.484380000000000109e+03
1.095420000000000073e+03
1.095420000000000073e+03
1.095420000000000073e+03
1.295839999999999918e+03
1.295839999999999918e+03
1.343750000000000000e+03
1.394740000000000009e+03
1.394740000000000009e+03
3.468750000000000000e+03
3.468750000000000000e+03
3.468750000000000000e+03
3.468750000000000000e+03
4.890619999999999891e+03
7.559479999999999563e+03
7.559479999999999563e+03
7.500000000000000000e+03
7.500000000000000000e+03
7.500000000000000000e+03
6.280949999999999818e+03
4.748529999999999745e+03
4.748529999999999745e+03
3.969010000000000218e+03
3.969010000000000218e+03
4.046880000000000109e+03
4.046880000000000109e+03
3.969010000000000218e+03
4.046880000000000109e+03
1.697930000000000064e+03
1.697930000000000064e+03
1.227180000000000064e+03
1.227180000000000064e+03
1.216060833333333449e+03
1.204941666666666606e+03
1.193822499999999991e+03
1.182703333333333376e+03
1.171584166666666761e+03
1.160465000000000146e+03
1.149345833333333303e+03
1.138226666666666688e+03
1.127107500000000073e+03
1.115988333333333230e+03
1.104869166666666615e+03
1.093750000000000000e+03
1.093750000000000000e+03
1.337430000000000064e+03
1.337430000000000064e+03
4.666310000000000400e+03
4.666310000000000400e+03
5.522789999999999964e+03
4.666310000000000400e+03
4.591989999999999782e+03
4.591989999999999782e+03
4.602630000000000109e+03
4.602630000000000109e+03
7.062500000000000000e+03
7.062500000000000000e+03
7.062500000000000000e+03
6.489350000000000364e+03
6.203119999999999891e+03
6.203119999999999891e+03
6.219149999999999636e+03
6.203119999999999891e+03
6.109710000000000036e+03
6.219149999999999636e+03
1.343490000000000009e+03
1.187500000000000000e+03
1.047589999999999918e+03
1.253630625000000009e+03
1.459671249999999873e+03
1.665711874999999964e+03
1.871752500000000055e+03
2.077793125000000146e+03
2.283833749999999782e+03
2.489874374999999873e+03
2.695914999999999964e+03
2.901955625000000055e+03
3.107996250000000146e+03
3.314036874999999782e+03
3.520077500000000327e+03
3.726118124999999964e+03
3.932158749999999600e+03
4.138199375000000146e+03
4.344239999999999782e+03
4.550280625000000327e+03
4.756321249999999964e+03
4.962361874999999600e+03
5.168402500000000146e+03
5.374443125000000691e+03
5.580483750000000327e+03
5.786524374999999964e+03
5.992565000000000509e+03
6.198605625000000146e+03
6.404646250000000691e+03
6.610686875000000327e+03
6.816727499999999964e+03
7.022768125000000509e+03
7.228808750000000146e+03
7.434849375000000691e+03
7.640890000000000327e+03
7.640890000000000327e+03
7.640890000000000327e+03
7.651359999999999673e+03
6.687500000000000000e+03
6.052789999999999964e+03
6.052789999999999964e+03
1.209630000000000109e+03
1.058039999999999964e+03
1.015679999999999950e+03
1.014653999999999996e+03
1.013627999999999929e+03
1.012601999999999975e+03
1.011575999999999908e+03
1.010549999999999955e+03
1.009524000000000001e+03
1.008497999999999934e+03
1.007471999999999980e+03
1.006445999999999913e+03
1.005419999999999959e+03
1.004394000000000005e+03
1.003367999999999938e+03
1.002341999999999985e+03
1.001315999999999917e+03
1.000289999999999964e+03
1.228700000000000045e+03
1.299549999999999955e+03
1.299549999999999955e+03
4.843750000000000000e+03
5.604409999999999854e+03
7.062500000000000000e+03
7.062500000000000000e+03
7.062500000000000000e+03
2.063119999999999891e+03
2.063119999999999891e+03
2.063119999999999891e+03
3.283050000000000182e+03
6.296880000000000109e+03
7.342090000000000146e+03
7.342090000000000146e+03
7.342090000000000146e+03
6.375000000000000000e+03
5.592630000000000109e+03
5.592630000000000109e+03
5.592630000000000109e+03
6.375000000000000000e+03
5.528500000000000000e+03
4.342739999999999782e+03
3.961329999999999927e+03
3.218750000000000000e+03
2.206179999999999836e+03
2.176920000000000073e+03
2.176920000000000073e+03
2.176920000000000073e+03
1.219640000000000100e+03
1.219640000000000100e+03
1.219640000000000100e+03
2.470420000000000073e+03
3.812500000000000000e+03
4.089510000000000218e+03
4.089510000000000218e+03
4.089510000000000218e+03
4.089510000000000218e+03
4.089510000000000218e+03
3.500000000000000000e+03
3.500000000000000000e+03
5.103800000000000182e+03
5.103800000000000182e+03
2.174429999999999836e+03
5.249369999999999891e+03
5.249369999999999891e+03
5.249369999999999891e+03
5.588770000000000437e+03
5.937500000000000000e+03
5.937500000000000000e+03
5.588770000000000437e+03
5.937500000000000000e+03
4.320310000000000400e+03
4.320310000000000400e+03
5.542720000000000255e+03
6.808300000000000182e+03
6.808300000000000182e+03
6.808300000000000182e+03
6.343750000000000000e+03
7.333859999999999673e+03
7.333859999999999673e+03
6.343750000000000000e+03
6.343750000000000000e+03
4.078119999999999891e+03
3.558260000000000218e+03
2.679690000000000055e+03
1.994910000000000082e+03
1.555349999999999909e+03
1.555349999999999909e+03
1.542500000000000000e+03
1.542500000000000000e+03
1.542500000000000000e+03
1.542500000000000000e+03
1.542500000000000000e+03
1.992369999999999891e+03
1.146819999999999936e+03
1.104960000000000036e+03
1.104960000000000036e+03
1.078869999999999891e+03
1.075259999999999991e+03
1.022500000000000000e+03
1.022500000000000000e+03
1.022500000000000000e+03
1.021850000000000023e+03
1.021850000000000023e+03
1.021850000000000023e+03
1.021850000000000023e+03
1.021850000000000023e+03
1.021850000000000023e+03
1.021850000000000023e+03
1.021850000000000023e+03
1.021850000000000023e+03
1.021850000000000023e+03
1.021850000000000023e+03
1.021850000000000023e+03
1.021850000000000023e+03
1.021850000000000023e+03
1.021850000000000023e+03
1.021850000000000023e+03
1.021850000000000023e+03
1.021850000000000023e+03
1.021850000000000023e+03
1.021850000000000023e+03
1.021850000000000023e+03
1.021850000000000023e+03
1.021850000000000023e+03
1.021850000000000023e+03
1.021850000000000023e+03
1.021850000000000023e+03
1.021850000000000023e+03
1.021850000000000023e+03
1.021850000000000023e+03
1.021850000000000023e+03
1.021850000000000023e+03
1.021850000000000023e+03
1.021850000000000023e+03
1.021850000000000023e+03
1.021850000000000023e+03
1.021850000000000023e+03
1.021850000000000023e+03
1.021850000000000023e+03
1.021850000000000023e+03
1.021850000000000023e+03
