0
0
0
0
0
0
0
0
0
0
0
0
0
0
0
0
0
0
0
0
0
0
0
0
0
1039.45
1079.18
1164.88
5522.58
6548.22
7286.28
7286.28
7286.28
7521.41
7286.28
7078.12
7590.12
7078.12
7078.12
7078.12
7554.95
6555.51
3727.41
3109.38
1765.37
1132.4
1090.25
1090.25
1074.05
1069.12
0
0
0
0
0
0
0
0
0
0
0
0
0
0
1281.25
1281.25
1419.68
1609.38
2153.96
2661.79
2661.79
4968.75
5861.05
5984.38
6038.51
6038.51
5861.05
2916.71
2916.71
2916.71
3773.28
3773.28
3773.28
3386.59
3386.59
2783.74
1859.38
1313.69
1102.41
1102.41
1015.62
1010.57
0
0
0
0
0
0
0
0
0
0
0
0
0
0
1262.31
1262.31
1262.31
1262.31
1262.31
1351.63
1351.63
1351.63
0
0
0
1001.35
1261.77
1734.38
3147.2
3446.86
5093.96
6078.96
5093.96
5093.96
6078.96
4899.81
4899.81
4807.47
4581.7
1484.38
1484.38
1484.38
1909.19
2305.06
2305.06
2305.06
1909.84
1654.13
1562.93
1222.55
1153.76
0
0
0
0
0
0
0
0
1171.88
1215.2
1252.74
5451.69
7030.3
7074.11
7030.3
7030.3
5549.29
4755.97
4201.79
3069.22
3069.22
2972.25
2972.25
2302.49
2302.49
1908.39
1908.39
0
0
0
0
0
0
0
0
0
0
0
0
0
0
0
0
0
0
0
0
0
0
0
0
0
0
0
1052.61
1272.23
1972.38
5126.3
3062.08
5126.3
5126.3
5126.3
5413.72
6135.02
6614.58
6614.58
6614.58
7362.53
5762.19
5762.19
7671.88
7671.88
7671.88
7671.88
7435.12
6888.44
6569.66
6100.93
6100.93
4570.23
3054.79
1487.38
1487.38
1277.96
1262.83
1487.38
1262.83
1262.83
1262.83
1640.62
2001.6
2152.01
2152.01
2187.5
4015.76
2187.5
4015.76
4015.76
2623.74
2359.38
2359.38
2157.65
2157.65
2157.65
1218.75
0
0
0
0
0
0
0
0
0
0
0
0
0
0
0
0
0
0
0
0
0
0
0
0
0
0
0
0
0
0
0
0
0
0
0
0
0
0
0
0
0
0
0
0
0
0
0
0
0
0
0
0
0
0
0
0
1220.18
1232.64
1232.64
1232.64
1189.75
1189.75
1091.17
1070.84
1008.26
0
0
0
0
0
0
0
0
0
0
0
0
0
0
0
0
0
0
0
0
0
0
0
0
0
0
0
0
0
0
0
0
0
0
0
0
0
0
0
0
0
0
0
0
0
0
0
