-9.78411	1.41686	0.599483	0.497295	0.333218	0.304041	0.342617	0.215933	0.211153	0.121406	0.139272	0.0696105	0.118655	0.0832427	0.0780023	0.114488	0.146682
-9.84335	1.6253	1.03361	0.396784	0.2573	0.197036	0.235119	0.182669	0.14719	0.0732732	0.141069	0.0797705	0.11196	0.0499791	0.0607078	0.0610345	0.0348686
-9.59257	2.33886	1.12617	0.205491	0.0695977	0.181364	0.260125	0.16277	0.0635006	0.0220083	0.0980625	0.0530228	0.0843605	0.036397	-0.0133754	-0.00673519	-0.00639715
-9.46817	2.34426	1.07221	0.248799	0.0633029	0.204946	0.230735	0.173655	0.08739	0.0489485	0.040135	0.103902	0.088784	0.04173	-0.0118479	-0.00803165	0.00710431
-9.74431	1.98525	1.01909	0.41123	0.196553	0.228286	0.227006	0.242316	0.160846	0.143617	0.0700761	0.134472	0.157821	0.104869	0.0589352	0.0224837	0.0521069
-10.3709	1.21145	0.783069	0.518308	0.398881	0.227346	0.159501	0.251282	0.261795	0.30087	0.193831	0.177857	0.273597	0.206014	0.158217	0.117121	0.180639
-10.209	1.17173	0.572216	0.434541	0.417483	0.320958	0.297733	0.235787	0.218686	0.215334	0.248966	0.222821	0.214977	0.20857	0.21094	0.177471	0.205681
-10.4098	1.08271	0.573568	0.46977	0.496676	0.399991	0.309612	0.188113	0.229245	0.251559	0.266554	0.194415	0.168155	0.191959	0.218503	0.219132	0.193979
-10.3195	1.15141	0.583083	0.465105	0.495146	0.363808	0.311836	0.257098	0.205578	0.219979	0.222179	0.161633	0.147543	0.147671	0.160134	0.190401	0.206544
-10.1022	1.28019	0.590718	0.41927	0.394733	0.317337	0.316962	0.291712	0.220435	0.226467	0.215526	0.190447	0.213165	0.169062	0.157031	0.143349	0.181236
-10.446	1.10373	0.695359	0.509848	0.551776	0.458047	0.416934	0.350989	0.256954	0.292356	0.290049	0.2345	0.169414	0.122209	0.0644364	0.0464135	0.150705
-10.0596	1.27638	0.614245	0.428258	0.347023	0.305691	0.266847	0.268327	0.277651	0.288751	0.242867	0.222355	0.184829	0.181575	0.165912	0.17303	0.132265
-10.1897	1.20659	0.578656	0.484972	0.392574	0.348029	0.269074	0.269177	0.341887	0.330518	0.241185	0.205002	0.225364	0.208934	0.185056	0.175008	0.129911
-10.2949	1.13415	0.596588	0.525976	0.438762	0.385667	0.310571	0.306156	0.375171	0.313134	0.202094	0.184618	0.22209	0.207356	0.263904	0.191068	0.135605
-9.98486	1.30102	0.585152	0.463363	0.366481	0.338583	0.256423	0.252689	0.294827	0.266584	0.205232	0.209672	0.256269	0.238155	0.237711	0.164131	0.191548
-10.4379	1.08656	0.596038	0.461495	0.503294	0.491175	0.341723	0.385977	0.409566	0.313914	0.286007	0.309229	0.286064	0.262872	0.26128	0.176293	0.161882
-9.83985	1.38482	0.552452	0.445038	0.412148	0.380952	0.272561	0.290146	0.274008	0.263862	0.233033	0.187838	0.199054	0.207858	0.193435	0.187224	0.18827
-10.0297	1.35816	0.563782	0.440336	0.453854	0.429922	0.278899	0.245308	0.252922	0.299991	0.310965	0.253864	0.240628	0.24216	0.206925	0.185768	0.170962
-10.2091	1.29162	0.602868	0.452135	0.467418	0.42079	0.28935	0.266998	0.326716	0.328765	0.259693	0.189365	0.209613	0.267415	0.27935	0.226732	0.1469
-9.79489	1.37809	0.559669	0.441209	0.369781	0.333683	0.293645	0.25308	0.271641	0.239281	0.226592	0.201725	0.184606	0.198557	0.184097	0.176576	0.131826
-10.1028	1.31442	0.597663	0.421641	0.406136	0.381856	0.30149	0.253725	0.3046	0.289613	0.238741	0.205887	0.201116	0.241437	0.20582	0.198091	0.160721
-9.89726	1.3272	0.506585	0.380955	0.344742	0.313131	0.260493	0.230128	0.242141	0.216101	0.16263	0.172463	0.182593	0.186342	0.170452	0.160039	0.142672
-9.91496	1.32464	0.535346	0.389305	0.289184	0.284239	0.218826	0.21669	0.197177	0.184358	0.159881	0.166285	0.155585	0.146528	0.130179	0.109708	0.133194
-10.095	1.2278	0.547539	0.400428	0.340209	0.322931	0.223613	0.216979	0.219457	0.230965	0.177953	0.156871	0.196739	0.164509	0.168594	0.122492	0.152313
-10.0736	1.25327	0.575906	0.438195	0.361354	0.332749	0.241368	0.223635	0.237752	0.268558	0.215989	0.179282	0.204926	0.200633	0.235538	0.150702	0.134094
-10.2845	1.17608	0.641948	0.452254	0.411276	0.377933	0.285571	0.252099	0.268282	0.256704	0.249355	0.211379	0.163152	0.197936	0.236081	0.183974	0.136196
-10.0345	1.27148	0.561139	0.419557	0.384185	0.330943	0.279403	0.238514	0.219299	0.203485	0.193409	0.162325	0.180709	0.175604	0.193848	0.181976	0.196286
-10.142	1.28289	0.607915	0.457507	0.393692	0.31985	0.257437	0.317585	0.252912	0.211232	0.245337	0.234562	0.233915	0.145393	0.204384	0.192484	0.178668
-10.2823	1.25105	0.667309	0.490568	0.441086	0.404677	0.306792	0.347026	0.251287	0.217661	0.25493	0.265849	0.254375	0.133892	0.170914	0.1708	0.189559
-9.80405	1.37654	0.567098	0.444404	0.378234	0.323959	0.306599	0.240416	0.190316	0.188734	0.215434	0.211429	0.219513	0.186943	0.161254	0.160788	0.157852
-9.88731	1.39116	0.576047	0.432542	0.376845	0.309183	0.288707	0.266061	0.245525	0.242642	0.227332	0.227894	0.18457	0.214556	0.166065	0.165369	0.157415
-9.96586	1.37111	0.596006	0.462924	0.419386	0.353229	0.309321	0.295305	0.265501	0.250077	0.221974	0.258192	0.224313	0.195999	0.139651	0.18302	0.179326
-7.82181	2.19171	0.827193	0.384989	0.208044	0.103824	0.231545	0.0398467	-0.0689258	0.117649	0.0222116	0.217783	0.156294	0.0557027	0.21876	0.114668	0.0197821
-6.71691	2.45357	0.708877	0.333416	0.154241	0.22874	-0.012625	0.0249881	0.128421	-0.00291963	-0.0785125	0.0122159	0.246284	0.306992	0.131417	-0.020791	-0.0475538
-6.11532	2.58403	0.320201	0.394063	0.0766757	0.560438	-0.075311	-0.0660687	0.11873	0.194923	-0.00953506	0.0303661	0.180677	0.262553	0.242056	0.125834	-0.100162
-5.58473	2.36055	0.0197497	0.23868	0.0880575	0.446058	0.114115	0.0842839	0.245666	0.195469	-0.0752865	-0.0936776	0.192712	0.198258	0.0604417	0.120042	-0.11118
-5.47039	2.04872	-0.444622	-0.203296	-0.0288558	-0.0102358	0.090723	0.0684151	0.126491	0.151262	-0.21513	-0.274719	0.260319	0.0342931	-0.161114	0.0158286	-0.160818
-5.06635	2.22345	0.00222117	0.234075	0.114115	0.195811	0.411292	0.096762	0.118165	-0.00987275	-0.264507	-0.248827	-0.0129843	-0.0386361	0.0528381	0.014935	-0.0609913
-4.46832	2.56766	0.00700751	0.53539	-0.145881	0.359716	0.177477	-0.315831	0.348443	0.0167453	-0.215369	-0.27274	0.122947	-0.0368169	-0.0243919	0.188427	-0.0757595
-4.64943	2.34015	0.284068	0.951295	0.387629	0.183914	0.124927	-0.349929	0.0140401	-0.342076	-0.124287	-0.0362785	0.450822	0.0607325	-0.243387	0.0872576	-0.0886827
-4.77375	2.52782	0.281797	0.857161	0.357112	-0.00533863	-0.0300777	-0.379148	0.594234	-0.341065	-0.0193718	-0.176827	0.0552946	-0.0855975	0.151825	0.0385334	-0.119014
-5.16945	1.64493	0.396998	1.37608	0.380799	0.267327	-0.198482	-0.218921	-0.110722	-0.0751122	0.15547	-0.0721592	0.0664422	-0.220479	-0.0664501	-0.10466	0.472506
-5.46139	0.797068	0.487065	0.850851	0.119615	0.0699671	0.287862	0.279096	0.196986	-0.216085	-0.345329	-0.171087	0.0576277	-0.00168828	-0.0566219	-0.105963	0.001875
-6.74232	0.822615	0.288124	1.29379	0.510319	-0.0352247	0.0472709	-0.126909	-0.230117	-0.0432814	0.0952963	-0.258663	0.0438134	0.273956	-0.0871429	-0.098961	-0.00246606
-5.56091	1.08569	-0.0101061	0.507537	-0.067129	0.178847	-0.022456	0.213237	-0.0750226	-0.0537744	0.276227	0.0938677	0.156958	0.212966	-0.155961	-0.126835	0.150758
-5.00951	0.832125	0.156513	0.54343	-0.0879494	0.276901	0.107791	0.278528	-0.062915	0.0350161	0.352229	0.0699073	0.188051	0.257173	-0.00305817	0.0361446	0.0711005
-4.89473	0.581853	0.316262	0.64022	-0.131806	0.244655	0.176182	0.307821	-0.0917752	0.0954711	0.42291	0.0821371	0.18783	0.205629	-0.0974157	0.0429313	-0.0320743
-5.12167	0.495457	0.134895	0.282952	-0.282043	0.0135401	-0.359022	-0.18289	-0.434318	0.476851	0.202531	-0.127668	0.445906	-0.179735	-0.392755	0.4108	0.36652
-5.28625	0.338778	0.218249	0.894214	-0.266643	-0.0628066	0.07357	0.254832	-0.356302	-0.0141428	0.194104	-0.136727	-0.0326319	-0.0321214	-0.0217563	0.141249	-0.0629231
-5.57556	1.12862	0.950312	1.57886	-0.0190195	-0.233775	0.0882143	0.436431	-0.107431	-0.0613098	-0.318807	-0.284293	0.0946111	0.152051	0.0409638	-0.281411	-0.100979
-5.15233	2.10448	1.14213	1.27208	-0.296001	0.209181	0.287052	0.356732	-0.422985	-0.165689	-0.0868544	-0.31562	0.209862	0.192409	-0.151617	-0.378649	-0.171441
-4.3849	2.34807	0.602676	1.25301	-0.0208019	0.289027	0.0971719	0.235957	-0.0611805	-0.332302	0.0879483	-0.328055	-0.0911759	0.157621	-0.0711394	-0.0682013	-0.443451
-4.04478	2.44807	0.574115	1.28406	-0.407708	0.255148	0.0633305	-0.0299479	-0.0418411	-0.29499	0.274627	-0.314597	0.141288	0.0634912	-0.30044	0.117989	-0.0576915
-4.18335	2.60156	0.397043	1.22377	-0.36635	0.126682	0.212555	-0.0463667	-0.11174	-0.168757	0.219274	-0.242168	0.0184114	0.152331	-0.402496	0.122175	-0.264327
-4.04919	2.32426	0.55551	1.10692	-0.177292	0.0690877	0.163178	-0.0395195	-0.0592824	-0.203401	0.203792	-0.283502	0.184109	-0.0314172	-0.258564	0.0660057	-0.23321
-3.97581	2.07326	0.640268	1.30309	-0.383864	0.174011	0.120253	-0.0147605	-0.157976	-0.0727287	0.0809757	-0.148507	0.0844086	0.0757907	-0.349495	0.0388309	-0.167529
-4.06281	2.10826	0.507326	1.32758	-0.239391	-0.017807	0.370947	-0.212935	-0.12571	-0.0124132	0.00485352	-0.0498187	0.0240528	0.0744315	-0.314582	-0.00579457	-0.247876
-4.13842	1.98976	0.581339	1.30497	-0.337238	0.167198	0.184512	-0.127985	-0.0434595	-0.176253	0.246329	-0.249998	0.187402	-0.0738183	-0.284091	-0.0633173	-0.333617
-4.35488	2.16392	0.71264	1.29901	-0.245267	0.20219	0.235449	-0.169213	-0.0595683	-0.162899	0.158144	-0.410385	0.33943	-0.00140965	-0.26671	0.134768	-0.170591
-4.28093	1.94823	0.706117	1.35313	-0.198929	0.173733	0.22719	-0.1109	-0.110543	-0.155091	0.100652	-0.286089	0.26463	0.0136804	-0.222999	0.00185483	-0.174065
-4.46513	1.96687	0.685783	1.21512	-0.299616	0.25925	0.0630522	-0.149132	-0.026385	-0.178604	0.305808	-0.217282	0.248687	-0.0685083	-0.36264	-0.266508	-0.431577
-4.75413	2.09773	0.95386	1.13889	-0.296428	0.11588	0.221785	-0.327959	0.0604772	-0.189213	0.147922	-0.0783666	0.267688	0.0669081	-0.568196	-0.195518	-0.385754
-4.721	2.05613	0.837164	1.40075	-0.281875	0.151323	0.210039	-0.342756	-0.0898778	-0.1811	-0.00340839	-0.00357621	0.39415	0.0953034	-0.579641	-0.0998429	-0.348363
-5.07018	2.26451	1.34911	1.29152	-0.441031	0.326952	0.279557	-0.268101	-0.341073	-0.028477	-0.0215967	-0.226436	0.388139	0.0321535	-0.211487	-0.0265928	-0.0359696
-4.92699	2.16003	1.03666	1.51936	-0.0668706	0.249866	0.106937	-0.180633	-0.315716	-0.0508833	-0.0698931	-0.164326	0.307577	-0.00171782	-0.121422	0.172106	-0.0270104
-5.12516	2.00403	0.971902	1.55839	0.0950974	0.0523301	0.0848521	-0.115286	-0.50969	-0.24421	0.151387	0.114837	0.0469713	0.136771	-0.095477	-0.0717979	-0.269196
-5.02829	1.94978	0.869085	1.59697	0.135947	-0.0216137	0.251113	0.0625609	-0.378446	-0.184953	-0.180325	-0.347592	0.272538	0.180582	-0.0304685	0.142323	0.151599
-5.2104	1.00972	0.968657	1.80924	0.580865	-0.0581992	-0.494589	0.0223875	-0.283653	-0.211732	0.0487662	0.116866	0.381382	-0.0371807	-0.197843	-0.350419	-0.208928
-4.96804	0.737911	0.88874	1.59644	0.440362	0.129157	0.0155404	0.484525	-0.252458	-0.401761	-0.183364	-0.0229748	-0.0944341	-0.0437034	0.0210135	0.270684	0.217126
-4.77206	0.202016	0.541378	1.06059	0.44088	0.36794	0.225483	0.122432	-0.190296	-0.0404724	-0.040821	-0.243541	0.0989192	0.00661438	-0.0837022	0.0560504	-0.00539797
-4.9867	-0.157932	0.209241	0.650782	0.57275	0.112832	0.0324966	0.795943	-0.113976	-0.245416	0.0291669	0.0402126	-0.00921575	-0.344121	0.198197	0.0979228	-0.389054
-4.98487	-0.499982	0.10321	0.579974	0.429968	0.302622	-0.12894	0.60591	-0.192692	-0.310395	-0.0968123	0.0774802	0.138953	-0.0102627	-0.130388	0.0199784	-0.323847
-4.9537	-0.724219	0.203485	0.45013	0.0873112	0.0692869	0.0122269	0.577961	-0.0976381	-0.0564268	0.112913	-0.0143434	0.131522	0.0638526	-0.0547071	-0.159009	-0.0214669
-4.97846	-0.686488	0.190667	0.326935	0.235893	-0.0845317	-0.10981	0.553733	-0.0855996	-0.130249	0.303561	0.164664	0.0190434	-0.0329853	-0.0268832	-0.132075	-0.0802822
-5.00903	-0.74474	0.198289	0.207795	0.297458	0.0176735	-0.157964	0.445882	-0.0386789	-0.104768	0.218476	0.192181	-0.038362	-0.106847	0.019891	-0.180361	-0.149554
-5.08329	-0.912443	0.208486	0.109226	0.120279	-0.0187261	-0.128186	0.478778	-0.00243745	-0.0109583	0.206151	0.24758	0.0137642	-0.0867001	0.0500813	-0.0149497	-0.0892218
-5.17297	-0.817445	0.301843	0.120167	0.0854178	-0.133902	-0.133405	0.426482	0.00641335	-0.0197548	0.220685	0.24163	-0.00334405	-0.17594	0.101025	0.117407	-0.0498049
-5.19364	-0.636111	0.320821	0.128908	0.18915	-0.168818	-0.100598	0.463622	-0.0634881	0.0365119	0.274848	0.306923	0.164466	-0.0558008	0.15301	0.166363	-0.0815244
-5.23684	-0.630427	0.46372	0.165115	0.103287	-0.13568	-0.16623	0.426463	-0.0471856	0.00819147	0.209718	0.297925	0.244129	0.0311595	0.201599	0.0283901	-0.135905
-5.30443	-0.601438	0.713198	0.250496	0.17582	0.0488941	-0.0196897	0.348949	-0.0561569	0.014576	0.177694	0.319467	0.280949	-0.0223386	0.0342194	-0.0631471	-0.0924475
-5.34097	-0.505014	0.738901	0.212373	0.260703	0.135178	0.132596	0.458194	-0.0265512	0.040184	0.0975538	0.39589	0.160454	-0.114057	-0.00657473	0.06722	0.00889539
-5.44246	-0.548135	0.812916	0.258979	0.136735	0.0533087	0.160671	0.523665	-0.0177004	-0.00742991	0.0552296	0.300488	0.105928	-0.0533672	0.0572077	0.195436	0.122942
-5.51137	-0.792451	0.63491	0.122528	0.0722002	-0.0539185	0.0926686	0.428787	-0.0548242	0.101952	-0.0251449	0.261833	0.186585	-0.0823578	0.0312187	0.245333	0.0132585
-5.56993	-0.849663	0.548612	0.128612	0.140911	-0.00176143	0.0757163	0.332259	-0.0765913	0.236125	0.0800164	0.407391	0.256926	-0.135445	-0.0490677	0.11166	0.0178338
-5.66404	-0.939935	0.519521	0.135848	0.170976	-0.0594735	-0.103888	0.24379	-0.0741207	0.109819	0.130231	0.480183	0.160071	-0.0064701	-0.0254539	0.023791	-0.00339887
-5.68233	-0.699342	0.701674	0.100842	0.185707	0.045306	-0.0425305	0.182773	-0.168737	0.0875767	0.155815	0.36679	0.111602	0.0373833	0.0102176	-0.0295299	-0.00310571
-5.90806	-0.602625	0.867279	0.0913576	0.281489	0.0969248	0.0882638	0.154985	-0.174522	0.11104	0.163659	0.311424	0.128393	0.0374415	0.0184011	0.0781176	-0.0367702
-6.25775	-0.861967	0.835997	0.200871	0.409003	0.224546	0.203555	0.237504	-0.00632839	0.10311	0.258267	0.350932	0.0546059	0.0332162	0.117362	0.185099	0.111113
-6.67876	-1.03251	1.04106	0.364535	0.476079	0.286042	0.197491	0.288969	-0.106181	0.013926	0.245658	0.360847	0.119984	0.0318305	0.047911	0.110297	0.249003
-7.07546	-1.05496	1.17576	0.362705	0.514485	0.521908	0.331981	0.209309	0.0415736	0.112752	0.126557	0.256961	0.0982525	-0.0191363	0.0915656	0.204203	0.331197
-7.57056	-0.828235	1.16778	0.419123	0.375744	0.388365	0.261215	0.26615	0.0499994	0.0520636	0.138921	0.380051	0.131114	0.00147249	0.0736393	0.0820002	0.204531
-8.3049	-0.0963944	1.17296	0.510242	0.39054	0.370513	0.237228	0.341187	-0.00205058	0.247856	0.128059	0.152415	0.114998	0.116062	0.166569	0.0335623	0.0908714
-9.14534	0.588384	1.0391	0.36607	0.419619	0.409874	0.212665	0.325937	0.133452	0.255607	0.170322	0.21196	0.068562	0.177118	0.114093	0.126012	0.176588
-9.13713	0.456774	0.961775	0.42752	0.224777	0.527417	0.101731	0.353955	0.178751	0.175978	0.138796	0.34994	0.10814	0.0631707	0.257422	0.0808891	0.268822
-8.12435	0.444984	0.566299	0.609125	0.17567	0.160654	0.189408	0.290051	0.0979462	0.286333	0.249524	0.0993793	-0.184215	0.143473	0.315418	0.0180285	0.22409
-6.25614	0.657966	0.0905311	0.56395	0.419339	0.309694	0.056913	0.00965812	-0.139896	-0.0108104	0.125411	0.0870482	0.106461	0.296048	0.0452019	-0.10102	0.149018
-5.35857	0.605672	0.133958	0.553051	0.432325	0.276531	0.0233147	0.0213234	-0.137596	0.0418799	0.0525404	0.0629107	0.0871795	0.290384	0.162877	-0.0248418	0.148434
-5.12952	0.566536	0.276197	0.533931	0.406937	0.296341	0.0380834	0.0381032	-0.116192	0.158234	-0.0120612	-0.0230954	-0.0814372	0.0885739	0.144783	0.0426724	0.17284
-5.23568	0.472201	0.542869	0.586024	0.357908	0.287519	0.0153558	0.118475	-0.131152	0.187589	0.00491969	-0.0357875	-0.00337158	-0.176965	0.10029	0.184813	0.0154231
-5.10239	0.768431	0.897666	0.688618	0.210612	0.0943618	-0.178432	-0.0271101	-0.300182	-0.120509	-0.26192	0.0525886	0.169576	-0.202063	0.059827	0.0424011	-0.193887
-5.05628	1.56888	1.44314	0.944304	0.384722	0.144932	-0.0740492	0.383243	-0.0749309	0.0787123	0.121541	0.324615	0.213118	-0.183216	0.304182	0.0138767	0.0334972
-4.24415	2.05829	0.505133	0.704037	0.237111	-0.223404	-0.101194	0.0497907	-0.221418	-0.129439	-0.0226027	0.213252	0.206242	-0.282963	0.272158	0.0183944	-0.125848
-4.10334	2.6326	-0.0524932	1.14726	0.30392	0.0696817	-0.0585485	0.126375	0.10515	0.0100601	0.090966	0.280835	0.29697	0.122825	-0.0900022	0.152927	0.0769335
-3.66108	2.17152	-0.102377	1.10401	0.0384309	0.00348781	-0.123665	-0.0410363	0.176597	-0.0890798	0.0647857	0.295168	0.252321	-0.0575402	0.0248137	0.114797	-0.0867519
-3.76477	2.48698	-0.194394	1.08819	0.028801	0.114047	-0.135236	-0.0240858	0.272457	-0.0277414	0.102261	0.234033	0.41322	-0.105378	0.0414443	0.0635173	-0.00373949
-3.78102	2.52786	-0.220145	1.04207	-0.0284765	0.176185	-0.213759	-0.0700485	0.285524	0.0597191	0.03597	0.283715	0.372008	-0.00594346	-0.091549	0.0886734	-0.0594181
-3.86111	2.58	-0.104275	0.804719	-0.0524933	0.269807	-0.246946	-0.240272	0.338487	0.120134	-0.0173614	0.222547	0.443168	0.00530598	-0.170161	0.0348882	-0.0642052
-3.89416	2.54259	-0.160243	0.6587	-0.0743304	0.210106	-0.363143	-0.234571	0.137559	0.180323	-0.0672742	0.173719	0.387169	0.0248941	-0.206515	-0.0179289	-0.222432
-4.01539	2.83102	-0.22759	0.608836	-0.0978897	0.341998	-0.326695	-0.319489	0.29599	0.0566804	0.118297	0.172933	0.347425	0.0866745	-0.134206	-0.194641	-0.100972
-4.12933	2.82769	-0.133877	0.188954	-0.185711	0.277163	-0.269513	-0.603565	0.29114	-0.0302715	0.132594	0.0170995	0.216534	0.0438576	-0.0647854	-0.228038	-0.334885
-4.07703	2.82081	0.00556469	-0.093676	-0.044398	0.308725	-0.26909	-0.499852	0.162463	0.0893076	0.172626	0.0859411	0.069952	0.158193	-0.0778558	-0.165346	-0.365073
-4.14057	2.93404	0.0286795	-0.0884798	-0.0876328	0.273358	-0.203914	-0.363947	0.11727	0.0487291	0.251343	0.111386	0.0855217	0.0998122	-0.0164818	-0.255447	-0.240795
-4.12602	3.04742	0.0211105	-0.0900422	-0.0790038	0.380019	-0.0850744	-0.335534	0.058601	0.148687	0.387647	0.129745	0.0566926	0.177919	-0.0587206	-0.176546	-0.18613
-4.15487	3.0311	0.101122	-0.112844	-0.153995	0.422068	-0.0071349	-0.322011	-0.0588956	0.251753	0.351406	0.15762	0.123334	0.13363	-0.136701	-0.0655826	-0.218501
-4.20876	2.90909	0.0678993	-0.0688523	-0.415096	0.335404	-0.013844	-0.272602	-0.186309	0.0851795	0.239978	0.221593	0.15321	-0.0122531	-0.297594	-0.0547705	-0.214452
-4.31094	2.96772	0.0488981	-0.095903	-0.535613	0.277966	0.141171	-0.422839	-0.151879	0.00520235	0.230252	0.197526	0.203387	-0.134098	-0.272514	-0.0767309	-0.219535
-4.31893	2.98877	0.135886	-0.0535057	-0.62882	0.441026	0.103639	-0.294957	-0.168073	0.00735909	0.224667	0.340534	0.0922778	-0.120693	-0.238732	-0.118519	-0.0479855
-4.42645	3.09201	0.125425	0.0123186	-0.758747	0.517363	-0.0136682	-0.17632	-0.221112	0.105221	0.0690726	0.362768	0.0391301	0.0171587	-0.296139	-0.0520946	-0.143882
-4.53444	3.02647	0.320347	-0.0343915	-0.816057	0.337367	0.123619	-0.311535	-0.0193075	-0.0709892	-0.0293908	0.362578	0.0613536	0.121323	-0.305549	-0.0911984	-0.270626
-4.70431	3.19147	0.494118	-0.186176	-0.751685	0.248824	0.0969738	-0.110354	-0.115358	-0.090574	-0.197644	0.393214	0.141154	0.0622448	-0.151806	-0.232806	-0.237215
-4.67639	3.12365	0.650116	-0.282899	-0.764568	0.329924	-0.044258	0.0827824	-0.173054	-0.237551	-0.0430156	0.296694	0.11386	0.227764	-0.312017	-0.177889	-0.241394
-4.70895	3.21872	0.627824	-0.269931	-0.670717	0.164753	0.234149	-0.0630699	-0.183395	-0.133663	-0.239704	0.451518	0.0360673	0.0607113	-0.165039	-0.244441	-0.0622012
-4.72526	3.22984	0.793802	-0.291199	-0.729922	0.287971	0.181011	0.0180965	-0.129519	-0.294425	-0.10644	0.322081	0.0353662	0.0675907	-0.283642	-0.0125447	-0.0089777
-4.76639	3.27676	0.77654	-0.123653	-1.00805	0.507823	0.0873087	0.0135406	-0.0905651	-0.285566	-0.166361	0.28897	0.0139777	0.0847699	-0.25334	0.0178306	-0.0513599
-4.74627	3.41836	0.713839	-0.0428237	-0.877289	0.468754	0.26895	-0.154047	0.20298	-0.410701	-0.0306428	0.191771	-0.0103807	0.0955411	-0.0933354	-0.0375979	0.0506948
-4.7883	3.27562	0.87984	-0.413474	-0.736842	0.358359	0.0753006	-0.0445885	0.0724776	-0.441691	-0.0581928	0.137201	-0.0297588	0.293355	-0.262349	0.0205902	-0.362337
-4.96154	3.42325	0.991872	-0.271252	-0.752132	0.374693	0.172953	-0.0021294	0.108992	-0.31608	-0.143247	0.112308	0.137208	0.16166	-0.213271	-0.215174	0.00220316
-5.09131	3.21103	1.16114	-0.404963	-0.507065	0.221426	0.307347	-0.0238263	0.0144427	-0.347589	-0.170778	0.468313	-0.082197	-0.0324567	-0.11179	-0.178742	-0.161115
-5.37926	2.99316	1.49995	-0.289202	-0.641305	0.641761	-0.00603626	-0.209854	0.113636	-0.0919705	-0.035449	0.234211	-0.15558	0.0202824	-0.296876	-0.19041	0.0551755
-5.25813	2.89141	1.16795	0.00498923	-0.228328	0.518085	-0.0441404	0.157413	0.163871	-0.0380832	0.168161	0.0645432	-0.10855	0.0448678	-0.23367	-0.0868527	0.2507
-5.58602	2.21198	1.20514	0.224066	-0.0703134	0.584678	-0.195951	0.166313	-0.0959022	-0.335327	-0.244425	0.204461	0.00242393	0.00465555	-0.255446	-0.224265	0.153324
-5.63022	1.84827	1.0664	0.244695	0.156638	1.0146	-0.0613689	0.123802	-0.114261	-0.356648	-0.277045	-0.0442261	-0.0435813	-0.127958	-0.0240203	-0.0783233	0.193882
-5.21224	1.66479	0.805814	0.204531	0.36403	0.726071	-0.279253	0.0739416	0.0591167	-0.282737	0.0926241	-0.0436419	-0.335999	0.0300488	-0.0318246	-0.241859	0.178352
-5.52331	1.59815	0.849406	0.00186786	0.126605	0.806043	-0.00612887	-0.0952881	-0.520182	-0.0683131	0.0984633	-0.184902	-0.338115	-0.0727903	-0.307351	-0.34297	0.0617534
-5.15593	1.96296	0.660305	0.171364	0.0382578	1.23174	0.602522	0.292964	0.0188873	-0.143843	0.116968	-0.0835135	-0.337048	0.200582	-0.0239456	0.0969545	0.314078
-5.40722	2.11267	0.74025	0.257837	0.305255	1.36035	0.582129	0.351807	-0.164541	-0.222363	0.12536	0.252437	-0.343855	0.124574	0.0818271	0.326133	0.123437
-5.28217	2.22705	0.550019	0.531829	0.140645	0.919831	0.619553	-0.0679864	-0.204438	-0.120654	-0.12525	0.406853	-0.0638689	0.277951	-0.311778	-0.0880853	0.314298
-5.20055	2.28408	0.79174	0.451315	0.286861	1.00372	0.62905	0.0551275	-0.101549	-0.0252392	0.0230057	0.00382757	-0.0160061	0.447726	0.0219149	0.0450846	0.206595
-5.23415	2.30366	0.911529	0.54719	0.123687	0.992451	0.692753	0.140434	-0.299037	0.00802843	-0.00481207	0.322122	-0.248402	0.117917	0.0980265	0.325397	0.109966
-5.17938	2.54797	0.585048	0.440968	0.140831	0.836685	0.615496	0.0187808	-0.0891956	-0.38992	-0.307506	0.383357	-0.122869	0.0985875	-0.0861931	0.221504	0.102141
-5.27314	2.13617	0.837059	0.500829	-0.0944218	0.670267	0.541825	0.342674	-0.151142	-0.590008	-0.57231	0.0147276	-0.35732	-0.034048	0.0969516	0.18414	0.044955
-4.97932	2.4552	0.557198	0.0373762	-0.0763578	0.406005	0.157242	-0.229201	-0.192055	-0.159275	-0.734149	0.102458	-0.386607	-0.000398023	-0.113432	0.120557	-0.311899
-4.74404	2.85363	0.337457	0.0367254	-0.172606	0.451353	0.445075	-0.221442	-0.168158	-0.329905	-0.35059	0.00608018	-0.479416	0.178769	-0.125739	0.207374	-0.180217
-4.66613	2.84957	0.710078	-0.0174015	-0.501633	0.196239	0.424554	0.0259876	-0.370358	-0.217006	-0.549279	0.0454493	-0.349875	0.0723656	0.0481702	-0.045041	-0.157199
-4.10686	2.99673	0.124093	-0.344869	-0.152495	0.319735	0.302022	-0.10052	-0.241604	-0.308069	-0.403455	0.0482436	-0.345943	0.0619868	-0.109766	0.163049	-0.203117
-3.67637	2.98002	-0.156029	-0.0556328	0.0185675	0.105597	0.508887	0.0598262	-0.160649	-0.200002	-0.442955	0.00464784	-0.0733363	0.0136347	0.0948118	0.0290825	0.0448632
-3.38694	2.96633	-0.372049	0.0155342	-0.0276118	0.205645	0.595747	0.0753497	-0.164614	-0.209896	-0.397701	0.11008	-0.148958	0.0242698	0.0561773	0.236093	0.0979532
-3.25158	3.0958	-0.529214	-0.00879365	-0.0827048	0.265422	0.52701	0.140222	-0.265543	-0.0658758	-0.41105	0.180075	-0.112892	-0.00352898	0.0870324	0.159603	0.203348
-3.12188	2.97674	-0.598361	-0.111542	-0.0627905	0.166055	0.488444	0.117493	-0.332418	-0.0726352	-0.45106	0.185876	-0.132503	0.0249937	0.0357765	0.109182	0.16358
-3.23962	3.1281	-0.647934	-0.160815	0.00213897	0.0586639	0.517539	0.101718	-0.320707	-0.100859	-0.465335	0.206369	-0.106146	0.0612251	0.0178247	0.0615193	0.163274
-3.54078	3.21466	-0.742842	-0.353998	-0.0296034	-0.243172	0.421751	0.0679569	-0.536281	-0.226282	-0.590414	0.0573479	-0.0871703	0.0353557	-0.153458	0.0302462	-0.0871486
-3.84097	3.65101	-0.465614	-0.417158	0.225391	-0.185896	0.566113	0.275181	-0.54184	-0.0768213	-0.454421	0.142033	0.179433	0.0137836	0.057271	-0.171411	0.21776
-3.97639	3.49665	-0.319871	-0.626186	0.132533	-0.131086	0.407403	0.0654122	-0.405696	-0.266727	-0.56117	0.199192	0.101932	-0.0284002	-0.0246145	-0.054852	-0.0716043
-3.76171	3.187	-0.342674	-0.217793	-0.23819	0.1558	0.341732	0.026223	-0.267317	-0.220809	-0.539708	0.330778	-0.0735573	0.159269	-0.126151	0.0258758	-0.105514
-3.88362	3.19042	-0.248521	-0.296062	-0.0997579	-0.000932066	0.45272	-0.0549611	-0.118077	-0.292715	-0.530966	0.364378	-0.0566718	0.143435	-0.172074	0.0441462	-0.145661
-3.96012	3.23128	-0.203169	-0.05561	-0.0980152	-0.0458852	0.642167	-0.0698101	-0.0369929	-0.142521	-0.594506	0.502839	-0.08597	0.158188	-0.162632	0.0127423	-0.010485
-4.12926	3.2203	-0.17971	0.00441059	-0.262745	0.0316959	0.522199	-0.156122	0.0937723	-0.385438	-0.408256	0.322867	-0.0153755	0.0602571	-0.227481	0.103435	-0.152862
-4.28171	3.29338	-0.0207224	-0.0240081	-0.036511	0.0272578	0.458683	-0.119189	0.131336	-0.333036	-0.315453	0.300625	-0.0566269	0.0861808	-0.177928	0.0751686	-0.0656271
-4.51741	3.29277	0.04117	-0.01857	-0.0894595	0.166569	0.291853	-0.311562	0.178801	-0.402815	-0.414131	0.397427	-0.154049	-0.0293712	-0.0288018	-0.0672586	-0.104576
-4.68051	3.28892	0.0606977	0.167354	0.169838	-0.0779881	0.226873	-0.0821851	-0.115047	-0.304115	-0.260141	0.144298	-0.05148	0.0131635	0.0952832	-0.236524	-0.0718281
-4.86949	3.2947	0.293132	0.165094	0.330336	-0.223228	0.119345	0.0104806	-0.175587	-0.408451	-0.036561	0.0437003	0.0117695	0.00033298	-0.00251693	-0.245848	-0.0286326
-4.97107	3.305	0.259877	0.461607	0.203867	-0.174871	-0.163126	-0.169082	-0.0223172	-0.293744	0.0556666	-0.0697488	0.116417	-0.175346	-0.00137806	0.00736433	-0.338353
-4.97267	3.32033	0.228173	0.461025	0.154334	-0.279023	-0.103173	-0.088069	-0.0985055	-0.34011	0.0487004	-0.0773271	0.192804	-0.100845	-0.0164793	-0.0647061	-0.431873
-5.0036	3.31246	0.292047	0.38249	0.260161	-0.397854	-0.0208809	-0.114496	-0.157658	-0.246754	0.00236506	-0.110412	0.319265	-0.300655	0.171381	-0.206973	-0.372946
-4.98496	3.22588	0.318025	0.453178	0.0749605	-0.16886	-0.239074	0.00208067	-0.186735	-0.2426	-0.0221559	-0.0433595	0.16513	-0.132167	0.101439	-0.203878	-0.403211
-5.11442	3.46789	0.185953	0.498491	0.204029	-0.411161	0.0771739	-0.239564	-0.0760448	-0.210007	-0.157672	0.181866	0.0104278	-0.10303	0.0777232	-0.210209	-0.306609
-5.14709	3.51136	0.213323	0.480844	0.200543	-0.405731	0.0462194	-0.125114	-0.146704	-0.121226	-0.222964	0.212999	0.0167808	-0.146695	0.135343	-0.26806	-0.245359
-5.16949	3.68218	0.12892	0.608287	0.227765	-0.343436	0.0881104	-0.0963893	-0.0758261	-0.158917	-0.0486738	0.0757657	0.167774	-0.271938	0.259554	-0.363004	-0.0483153
-5.06641	3.45982	0.193416	0.485413	0.164302	-0.292158	-0.041135	-0.0597414	-0.12213	-0.174936	-0.0354023	0.0500219	0.103316	-0.162777	0.188488	-0.27471	-0.311003
-5.0454	3.48111	0.142069	0.524371	0.095521	-0.150988	-0.227931	0.175239	-0.261028	-0.130548	0.0587395	-0.09329	0.250193	-0.216934	0.212414	-0.257818	-0.391164
-4.96495	3.51563	0.165852	0.516128	0.152272	-0.0879614	-0.137476	0.150074	-0.150645	-0.158842	0.112366	-0.0905997	0.179561	-0.0715915	0.0780663	-0.150576	-0.287551
-4.49263	2.78522	0.488534	0.326244	-0.0308738	0.261486	-0.155124	0.179341	-0.158954	-0.392419	-0.005974	0.209978	-0.0217604	0.1228	-0.127976	-0.124964	-0.22966
-4.38499	3.21349	-0.103037	0.188982	-0.312151	0.541387	-0.0749418	-0.0401303	-0.0541258	-0.391438	0.246419	0.038858	-0.0914566	0.13787	-0.0994621	-0.0869506	-0.431834
-4.18861	3.20766	-0.0697922	0.0844288	-0.328687	0.563807	0.0245214	-0.0152262	0.00774902	-0.237477	0.105453	0.148428	-0.214392	-0.00552332	-0.0149506	-0.0767997	-0.184451
-4.03681	3.18019	-0.195242	0.132619	-0.47385	0.596881	0.0488664	0.0371981	0.0266862	-0.152876	0.0398043	0.160674	-0.181538	-0.00915795	-0.0839264	-0.0677601	-0.175008
-4.01845	3.37847	-0.242573	0.00318264	-0.268407	0.478163	0.231229	0.0969432	0.00270181	-0.0308989	0.0203993	0.104719	-0.267277	0.0166254	-0.164091	0.0857804	0.0463708
-3.8087	3.1733	-0.349737	0.0981783	-0.447376	0.539831	0.200969	0.125977	0.0504275	-0.0289755	0.00889602	0.0788819	-0.140025	-0.0980775	-0.135546	-0.00145207	-0.0260448
-3.66799	3.0445	-0.309271	0.016612	-0.389069	0.480867	0.237675	0.230484	-0.00632054	0.0665488	0.00982536	-0.0220802	-0.0355816	-0.161717	-0.19726	0.0364696	0.0211888
-3.97626	3.44671	-0.614235	0.0126746	-0.4298	0.306476	0.302992	0.154864	-0.048476	0.224943	-0.171274	0.225043	-0.0549458	-0.149149	-0.289218	-0.0915807	-0.272881
-4.02959	3.37541	-0.37939	0.0998114	-0.414345	0.218223	0.371639	0.0642898	0.100378	0.0492937	-0.0476984	0.170499	0.00766868	-0.185362	-0.223312	-0.212526	-0.0154188
-4.83601	3.79641	-0.0513649	0.294754	-0.0970114	0.231671	0.436766	-0.0780196	-0.108756	-0.111941	-0.0254282	0.0311079	0.0231933	-0.0850791	-0.0299925	-0.00483657	0.252437
-5.74477	4.03178	0.624943	0.417972	0.629383	0.264436	0.0636418	0.155762	-0.316013	-0.231735	0.0519626	-0.0902206	0.133869	-0.0435306	0.0523699	-0.216305	0.237911
-6.3749	3.92411	0.664439	0.63044	0.521886	0.731763	0.19307	-0.0637305	-0.239606	-0.408148	0.148397	-0.138734	0.355965	-0.110552	-0.0317535	-0.284587	0.326524
-6.72944	3.85073	0.808298	0.662344	0.441861	0.423822	0.154469	0.150364	-0.196816	-0.231993	0.0626259	-0.0722487	0.0265857	-0.359697	-0.000247407	0.0983417	0.337758
-7.00579	4.07445	0.296066	0.389834	0.719869	0.472978	-0.00864923	0.289319	-0.053028	-0.108151	0.216053	-0.096533	-0.189408	-0.246911	0.00492213	-0.10629	0.000964056
-7.55555	4.16288	0.564945	0.632981	0.520192	0.348623	0.227633	0.260633	-0.178224	-0.0833086	0.170942	-0.218996	-0.160685	-0.0382294	-0.222387	-0.0153379	0.0523905
-8.10445	4.21282	1.02551	0.52473	0.582921	0.76374	0.363606	0.332966	0.0417001	-0.00943851	-0.0831266	-0.0660182	-0.153106	-0.0656887	-0.264293	0.178505	0.101191
-8.25757	3.76597	1.44747	0.809825	0.461344	0.684491	0.716067	0.448905	-0.163237	-0.20237	-0.189445	-0.111882	-0.0811248	-0.106289	-0.171801	0.17698	0.281204
-8.4864	3.84951	1.47698	0.737621	0.350046	0.666376	0.67927	0.181886	-0.164913	-0.064217	-0.0425097	-0.206845	0.00401199	-0.283681	-0.310421	0.0159958	0.373946
-8.65207	3.73042	1.45727	1.0654	0.99434	0.493162	0.076769	-0.100522	-0.0615304	0.176574	0.275439	-0.111901	-0.119378	-0.183541	-0.149589	0.028246	0.0170031
-8.60876	3.51188	1.42374	0.86448	0.786627	0.429114	0.236471	-0.0522148	-0.139344	0.111082	0.028666	-0.0321615	-0.199954	-0.18048	-0.324054	0.0652582	-0.0756663
-8.88693	3.57331	1.48816	1.02506	0.554542	0.587303	0.388709	0.167237	-0.0762839	0.00213981	0.0115657	0.00217519	-0.154633	-0.0761084	-0.0951687	-0.391856	0.0826094
-8.91866	3.49449	1.54112	1.10272	0.891684	0.694537	0.320194	0.00267178	0.048301	-0.156162	0.0190987	-0.243505	-0.0186312	-0.158949	-0.129462	0.0896173	0.0964124
-8.79292	3.09475	1.86874	1.30705	0.883813	0.469969	0.32304	0.149442	-0.423218	-0.36772	-0.17456	-0.0483546	-0.0288029	0.0725793	0.0167311	0.045793	0.155154
-5.31152	3.1539	-0.262634	0.239257	-0.0358146	0.514773	-0.419349	0.174709	0.178326	-0.134831	0.0995752	-0.182755	0.111543	0.0135929	-0.161641	0.202816	0.0659557
-4.59914	3.21698	0.257182	0.202591	0.0955744	0.371443	-0.19137	-0.258421	-0.0970394	0.36908	0.136972	-0.209998	0.15493	-0.0651104	-0.0960805	0.0642164	0.164705
-3.75567	3.12815	-0.0281922	0.149722	-0.106505	0.0750587	-0.0107998	-0.360057	-0.0388853	0.40842	0.195628	-0.0878183	0.0674776	0.0831445	-0.115036	-0.330104	0.400079
-3.59926	3.27916	-0.53972	0.00138508	0.200799	0.0159815	-0.249912	-0.0257371	-0.044246	0.430036	0.141557	-0.00800853	0.24814	0.0572299	-0.26886	-0.310661	0.344662
-3.5478	3.21318	-0.500558	-0.362371	0.236932	0.0812159	-0.359614	0.260323	0.230836	0.227749	0.194304	-0.0511833	0.213727	-0.0902838	-0.126681	-0.316373	0.292605
-3.67705	2.44578	-0.762642	-0.60903	-0.0777819	-0.149746	-0.271177	-0.0108327	0.0619569	0.205432	-0.159142	-0.229498	0.0186298	-0.15762	-0.362332	-0.194249	0.0400648
-3.68403	2.4568	-0.968857	-0.504642	-0.178335	-0.314549	-0.240707	-0.0136313	-0.0461272	0.214064	-0.241534	-0.276024	0.0187591	-0.126732	-0.33268	-0.152744	0.0934865
-3.57364	2.49855	-1.07188	-0.387423	-0.219295	-0.288537	-0.153341	-0.0366659	-0.0523105	0.141697	-0.240534	-0.276515	0.00326936	-0.113882	-0.304175	-0.0750272	0.136373
-3.75324	2.43154	-0.988555	-0.514758	-0.230527	-0.334768	-0.168403	0.0146267	-0.12637	0.0861459	-0.328157	-0.40073	-0.0178209	-0.176213	-0.385563	-0.165426	0.0441619
-3.99009	2.57461	-0.841728	-0.503521	-0.104797	-0.334047	-0.0551241	0.0670697	-0.193245	0.113256	-0.216312	-0.411006	-0.00249946	-0.115435	-0.293211	-0.166772	0.123363
-4.04271	3.12868	-0.623225	-0.430311	0.150245	-0.187838	0.207582	0.245109	-0.188867	0.176974	-0.13186	-0.322315	0.181643	-0.016284	-0.157596	-0.0684045	0.0537605
-4.17736	3.18303	-0.545858	-0.628713	0.156075	0.0129012	-0.0330726	0.304002	-0.0917231	-0.0161343	-0.0238056	-0.318902	0.0222751	0.0480238	-0.0198682	-0.141197	-0.11963
-4.31125	3.15936	-0.493368	-0.611618	0.122403	0.208805	-0.0303056	0.230126	0.0887741	-0.0101131	-0.024799	-0.320085	0.0867004	-0.0193976	0.0510949	-0.168688	-0.0586194
-4.09106	2.91944	-0.619315	-0.389842	0.118443	0.068181	0.164404	0.22423	0.071131	0.0246062	0.0444755	-0.258624	-0.0308139	-0.0190028	0.0698469	-0.110801	-0.0567605
-4.51315	3.41579	-0.512192	-0.936995	0.304291	-0.0981101	0.304688	0.0662039	-0.0363799	-0.0530365	0.0864611	-0.26127	-0.206522	0.0582557	0.0220741	-0.128892	-0.274017
-4.30067	3.25636	-0.798618	-0.731878	0.390954	-0.182832	0.450487	-0.0474625	0.0145201	-0.0423238	0.118413	-0.279627	-0.144506	0.0520384	-0.121217	-0.0241983	-0.233911
-4.18858	3.27099	-0.690221	-0.712701	0.299827	0.013286	0.322317	0.0264111	0.112124	-0.0719549	0.160795	-0.17799	-0.148991	0.0472438	0.0138585	-0.0589465	-0.0373493
-4.28856	3.40435	-0.690182	-0.892772	0.342355	0.143435	0.0703473	0.190202	0.010478	-0.116204	0.188265	-0.224378	-0.173575	0.0285615	0.0127658	-0.0646808	-0.147253
-4.46733	3.61746	-0.842893	-1.01208	0.456448	-0.00380814	0.0235154	0.218575	-0.175938	-0.072129	0.122177	-0.286511	-0.187647	-0.0311793	-0.0863863	0.0251739	-0.425924
-4.35607	3.60941	-0.759183	-0.942314	0.441524	-0.0244909	0.200073	0.149653	-0.0322811	-0.14011	0.213819	-0.0678026	-0.394897	0.132414	0.00862592	-0.101456	-0.104949
-4.15471	3.35438	-0.744961	-0.662704	0.150577	0.102127	0.145687	0.256008	-0.166855	-0.0174	0.145922	-0.156285	-0.167478	0.0401117	-0.0231372	0.00110171	-0.0819729
-4.19472	3.41333	-0.74551	-0.762722	0.200075	0.0977074	0.0991422	0.363993	-0.349382	0.045571	0.184024	-0.237095	-0.18056	0.0707248	-0.092646	0.0521729	-0.152767
-4.19248	3.32717	-0.655502	-0.756067	0.125729	0.0847758	0.254854	0.176599	-0.197339	-0.0373206	0.247794	-0.279139	-0.119306	-0.0436578	-0.0481036	0.0681267	-0.146947
-4.38612	3.51939	-0.607701	-0.71984	-0.000854694	0.227031	0.242898	0.119876	-0.0687817	-0.0708611	0.162814	-0.0314178	-0.301791	0.0722304	-0.0629865	0.0339676	-0.015501
-4.27269	3.2536	-0.469818	-0.828175	0.114192	0.108955	0.211506	0.276446	-0.262297	0.00120171	0.215886	-0.222496	-0.0918577	-0.0441399	-0.162329	0.179217	-0.126145
-4.21002	3.12609	-0.71103	-0.602008	-0.0195659	-0.0589173	0.399344	0.123913	-0.311415	0.0569082	0.0858552	-0.183708	-0.1147	-0.179891	-0.0828215	0.0339814	-0.232126
-4.1337	2.90739	-0.58067	-0.7009	0.00706446	-0.119837	0.470138	0.0669298	-0.260848	0.0207286	0.0688942	-0.132689	-0.101326	-0.228397	-0.0849135	-0.007711	-0.221787
-4.14424	2.79871	-0.65132	-0.505107	-0.183451	0.0323135	0.440414	0.0875307	-0.259421	-0.0136351	0.106847	-0.10507	-0.145874	-0.146062	-0.162842	0.0302167	-0.230325
-4.40313	2.8936	-0.650408	-0.424776	-0.207335	0.107925	0.479189	0.137748	-0.266504	0.0245974	0.140867	-0.112588	-0.123985	-0.143105	-0.126654	0.0366961	-0.109207
-4.68981	2.80803	-0.0863903	-0.579578	-0.372053	0.0851573	0.5546	0.274283	-0.400553	0.0807247	0.0978083	-0.0422967	-0.083126	-0.0737216	-0.152642	-0.0189752	-0.0603584
-4.64	2.76045	-0.408525	-0.587009	-0.130917	-0.013014	0.531947	0.208989	-0.341808	0.0991255	0.0406687	-0.0739519	-0.0336939	-0.118782	-0.122081	-0.0389859	-0.170189
-5.26389	3.02131	-0.274156	-0.55607	-0.00423483	-0.0322362	0.658396	0.112688	-0.213274	0.178069	0.0619393	-0.0396278	0.0287526	-0.145806	0.0414205	-0.190089	-0.125886
-5.45871	2.43364	-0.140785	-0.593393	-0.314876	0.0576904	0.368456	0.13561	-0.239828	-0.0480544	0.0322061	-0.15445	-0.136364	-0.119064	-0.22344	-0.0840656	0.0631914
-5.8832	2.98649	-0.266444	-0.566099	-0.115461	0.13803	0.538265	-0.0148391	-0.517627	0.180027	-0.0473962	-0.138639	-0.0538592	-0.196965	-0.128056	-0.0402991	-0.00320861
-5.86273	3.05997	-0.495019	-0.583826	-0.203265	0.111424	0.542246	-0.0125984	-0.583024	0.29765	-0.112365	0.0170788	-0.161196	-0.176359	-0.241343	-0.0819023	0.0346727
-6.24489	2.73632	-0.405661	-0.654463	-0.223937	0.148271	0.52746	-0.00311024	-0.402918	0.0599422	0.115745	-0.0414389	-0.115355	-0.211978	-0.286323	-0.0194972	0.131149
-7.33312	2.2641	-0.139448	-0.479518	-0.121319	0.128975	0.668214	0.147797	-0.356079	0.17896	0.239575	0.0962898	0.0613661	-0.300259	-0.223049	0.0682498	0.220536
-7.64198	1.81893	0.112903	-0.225474	-0.121351	0.00387007	0.505718	-0.0490922	-0.266989	0.163169	-0.0198291	-0.0226209	-0.0753224	-0.305118	-0.0841565	0.0420121	0.00964087
-7.90192	1.83996	0.154112	-0.228961	-0.117169	0.0454417	0.567325	-0.0797673	-0.283119	0.216062	0.0381346	0.0233847	-0.0485656	-0.318763	-0.0862333	0.0337498	0.0546628
-8.78152	1.82729	0.157471	-0.269003	-0.210908	0.110084	0.528478	0.0113626	-0.0885748	0.233212	0.0239526	0.0760189	-0.0217357	-0.326572	-0.245512	0.00370164	0.150607
-9.45198	1.78642	0.357409	0.0142463	-0.080437	0.175528	0.530571	0.285387	0.134795	0.41602	0.202144	0.0616089	-0.0222312	-0.234829	-0.232396	0.0957262	0.114617
-9.88712	1.51961	0.430709	0.173044	0.174668	0.365844	0.483007	0.31638	0.211377	0.316012	0.192747	0.0863287	0.0469467	-0.0245324	0.00211412	0.237805	0.283992
-10.3173	1.19439	0.544281	0.332183	0.299387	0.379272	0.431862	0.377694	0.345328	0.317051	0.258597	0.283632	0.249514	0.161008	0.0941059	0.196625	0.296714
-10.1009	1.30184	0.606842	0.446794	0.403408	0.33433	0.280461	0.266169	0.24714	0.228014	0.224789	0.214194	0.169513	0.204125	0.181203	0.185536	0.176223
-10.0842	1.33108	0.567926	0.363968	0.412712	0.35637	0.259598	0.242739	0.232712	0.269061	0.240447	0.213445	0.206011	0.213952	0.168119	0.188845	0.178803
-10.2307	1.2494	0.633472	0.401998	0.48654	0.402817	0.284358	0.260961	0.228762	0.320319	0.254523	0.197502	0.21945	0.200754	0.161184	0.211246	0.164041
-9.99728	1.32342	0.586784	0.406113	0.408025	0.354214	0.304749	0.259506	0.184108	0.264499	0.226858	0.201148	0.184229	0.20659	0.170297	0.227197	0.182168
-10.3245	1.17183	0.638681	0.411539	0.407715	0.39421	0.31897	0.29105	0.252025	0.284179	0.277229	0.239219	0.181601	0.216825	0.143301	0.233241	0.211948
-10.3547	1.13725	0.675455	0.473715	0.434646	0.370292	0.224771	0.231032	0.253866	0.236841	0.268988	0.232523	0.192451	0.218345	0.111509	0.206721	0.247633
-10.1902	1.19354	0.562388	0.421469	0.341705	0.264829	0.207309	0.190846	0.237134	0.17383	0.185935	0.211744	0.177036	0.209581	0.163219	0.193197	0.205727
-10.5497	0.94186	0.607066	0.514576	0.403112	0.26623	0.152456	0.138924	0.272484	0.236206	0.212643	0.24372	0.234406	0.233271	0.186396	0.183165	0.247218
-10.461	1.02058	0.578232	0.382983	0.382178	0.394267	0.20859	0.124171	0.193363	0.265326	0.284025	0.214454	0.153648	0.11506	0.157234	0.157605	0.238573
-10.5314	1.02303	0.597639	0.366609	0.420286	0.452656	0.225938	0.144794	0.195894	0.271273	0.276433	0.180092	0.084069	0.0687961	0.222096	0.248405	0.284795
-10.52	1.04116	0.656568	0.401241	0.418175	0.380885	0.244997	0.264638	0.296257	0.25932	0.1957	0.185307	0.0775485	0.0861415	0.214948	0.226653	0.204337
-10.557	0.941704	0.602539	0.424293	0.430576	0.362052	0.232936	0.290994	0.325935	0.241167	0.152873	0.185773	0.0663783	0.0765916	0.102867	0.131262	0.126641
-10.3834	1.1369	0.616805	0.425855	0.357761	0.303836	0.238816	0.243737	0.210839	0.208199	0.167856	0.192703	0.135467	0.149097	0.126912	0.125797	0.137329
-10.3521	1.19068	0.654674	0.441939	0.402105	0.354536	0.325483	0.226583	0.202151	0.23576	0.202589	0.182619	0.170048	0.169671	0.178076	0.174966	0.154979
-10.4879	1.04292	0.637318	0.445437	0.440029	0.370622	0.399283	0.271059	0.28296	0.294348	0.28253	0.256534	0.171595	0.169611	0.154362	0.201186	0.199394
-10.1124	1.14366	0.610839	0.38563	0.380275	0.301827	0.320231	0.258996	0.300177	0.253935	0.226285	0.242603	0.201592	0.186009	0.189801	0.165464	0.16469
-9.42032	0.900732	0.593239	0.318388	0.287488	0.218089	0.247818	0.196724	0.197986	0.153613	0.173535	0.183005	0.17024	0.15229	0.156689	0.134397	0.0935454
