-1e+10
-1e+10
-1e+10
-1e+10
-1e+10
-1e+10
-1e+10
-1e+10
-1e+10
-1e+10
-1e+10
-1e+10
-1e+10
-1e+10
-1e+10
-1e+10
-1e+10
-1e+10
-1e+10
-1e+10
-1e+10
-1e+10
-1e+10
-1e+10
-1e+10
-1e+10
-1e+10
-1e+10
-1e+10
-1e+10
-1e+10
-1e+10
-1e+10
-1e+10
-1e+10
-1e+10
-1e+10
-1e+10
-1e+10
-1e+10
-1e+10
-1e+10
-1e+10
-1e+10
-1e+10
-1e+10
-1e+10
5.29826
5.29599
5.28889
5.26832
5.23148
5.22277
5.16177
5.16118
5.16508
5.16863
5.17235
5.18591
5.19779
5.26061
5.26399
5.31666
5.36906
5.40457
5.42412
5.44009
5.44827
5.45163
5.4541
5.45796
5.46416
5.4718
5.47785
5.48498
5.49149
5.49681
5.50095
5.50303
5.50396
5.50431
5.50415
5.50317
5.50141
5.49921
5.49713
5.49575
5.49523
5.49563
5.49633
5.49683
5.49692
5.49644
5.4946
5.49112
5.48688
5.48365
5.48317
5.48523
5.48804
5.49082
5.49288
5.49312
5.49056
5.48453
5.47527
5.46534
5.45676
5.44784
5.4363
5.4144
5.37408
5.33689
5.30844
5.28532
5.26843
5.26009
5.26164
5.26938
-1e+10
-1e+10
-1e+10
-1e+10
-1e+10
-1e+10
-1e+10
-1e+10
-1e+10
-1e+10
-1e+10
-1e+10
-1e+10
-1e+10
-1e+10
-1e+10
-1e+10
-1e+10
-1e+10
-1e+10
-1e+10
-1e+10
-1e+10
-1e+10
-1e+10
-1e+10
-1e+10
-1e+10
-1e+10
-1e+10
-1e+10
-1e+10
-1e+10
5.40318
5.38174
5.3775
5.37298
5.36314
5.35198
5.34379
5.3367
5.33023
5.32515
5.3231
5.32484
5.32844
5.32502
5.31521
5.30587
5.28498
5.25884
5.2369
5.21848
5.19923
5.17524
5.15481
5.12869
5.11378
5.09754
5.07913
5.0616
5.04883
5.04359
5.04403
5.04799
5.05233
5.05565
5.05885
5.06313
5.06873
5.07408
5.07664
5.07566
5.07193
5.06804
5.06739
5.07124
5.08021
-1e+10
-1e+10
-1e+10
-1e+10
-1e+10
-1e+10
-1e+10
-1e+10
-1e+10
-1e+10
-1e+10
-1e+10
-1e+10
-1e+10
-1e+10
-1e+10
-1e+10
-1e+10
-1e+10
-1e+10
-1e+10
-1e+10
-1e+10
-1e+10
-1e+10
-1e+10
-1e+10
-1e+10
-1e+10
-1e+10
-1e+10
-1e+10
-1e+10
-1e+10
-1e+10
-1e+10
-1e+10
-1e+10
-1e+10
-1e+10
-1e+10
-1e+10
-1e+10
-1e+10
-1e+10
-1e+10
-1e+10
-1e+10
-1e+10
-1e+10
-1e+10
-1e+10
-1e+10
-1e+10
-1e+10
-1e+10
-1e+10
-1e+10
-1e+10
-1e+10
-1e+10
-1e+10
-1e+10
-1e+10
-1e+10
-1e+10
-1e+10
-1e+10
-1e+10
-1e+10
-1e+10
-1e+10
-1e+10
-1e+10
-1e+10
-1e+10
-1e+10
-1e+10
-1e+10
-1e+10
-1e+10
-1e+10
-1e+10
-1e+10
-1e+10
