-1e+10
-1e+10
-1e+10
-1e+10
-1e+10
-1e+10
-1e+10
-1e+10
-1e+10
-1e+10
-1e+10
-1e+10
-1e+10
-1e+10
-1e+10
-1e+10
-1e+10
-1e+10
-1e+10
-1e+10
-1e+10
-1e+10
-1e+10
-1e+10
-1e+10
-1e+10
-1e+10
-1e+10
-1e+10
-1e+10
-1e+10
-1e+10
-1e+10
-1e+10
-1e+10
-1e+10
-1e+10
-1e+10
-1e+10
-1e+10
-1e+10
-1e+10
-1e+10
-1e+10
-1e+10
-1e+10
-1e+10
-1e+10
-1e+10
-1e+10
-1e+10
5.05397
5.05764
5.0611
5.06608
5.075
5.08486
5.09157
5.099
5.11042
5.12187
-1e+10
-1e+10
-1e+10
-1e+10
-1e+10
-1e+10
-1e+10
-1e+10
-1e+10
-1e+10
-1e+10
-1e+10
-1e+10
-1e+10
-1e+10
5.38337
5.3591
5.35652
5.36534
5.38097
5.39952
5.41697
5.4311
5.44199
5.45108
5.4626
5.47702
5.4859
5.48936
5.49056
5.49116
5.49204
5.49346
5.49467
5.49566
5.4977
5.50211
5.50881
5.51809
5.52976
5.5438
5.55782
5.56934
5.57689
5.58035
5.57995
5.5762
5.56943
5.55733
5.53985
5.52592
5.51687
5.50769
5.49757
-1e+10
-1e+10
-1e+10
-1e+10
-1e+10
-1e+10
-1e+10
-1e+10
-1e+10
-1e+10
-1e+10
-1e+10
-1e+10
-1e+10
-1e+10
-1e+10
-1e+10
-1e+10
-1e+10
-1e+10
-1e+10
-1e+10
-1e+10
-1e+10
5.50267
5.49588
5.49752
5.5015
5.50537
5.50777
5.50796
5.5061
5.50278
5.4982
5.49264
5.48642
5.47947
5.47274
5.46627
5.46078
5.45576
5.45007
5.44324
5.43532
5.42889
5.42337
5.41785
5.41149
5.40454
5.39717
5.38926
5.38079
5.37223
5.36308
5.35405
5.34563
5.337
5.32811
5.31825
5.30616
5.29307
5.28013
5.26409
5.24211
5.22109
5.20024
5.17945
5.1631
5.14894
5.13088
5.11318
5.12898
5.18616
-1e+10
-1e+10
-1e+10
4.14411
4.1455
4.13575
4.10256
4.47521
4.47049
4.46472
4.4365
4.4323
4.43264
4.43417
4.43629
4.43863
4.44166
4.46507
4.47166
4.47701
4.48046
-1e+10
-1e+10
-1e+10
4.5496
4.55459
4.562
4.5714
4.58487
4.59002
4.59096
-1e+10
-1e+10
-1e+10
-1e+10
-1e+10
-1e+10
-1e+10
-1e+10
-1e+10
-1e+10
-1e+10
-1e+10
-1e+10
-1e+10
-1e+10
-1e+10
-1e+10
-1e+10
-1e+10
-1e+10
-1e+10
-1e+10
-1e+10
-1e+10
-1e+10
-1e+10
-1e+10
-1e+10
-1e+10
-1e+10
-1e+10
-1e+10
-1e+10
-1e+10
-1e+10
-1e+10
-1e+10
-1e+10
-1e+10
-1e+10
-1e+10
-1e+10
-1e+10
-1e+10
-1e+10
-1e+10
-1e+10
-1e+10
-1e+10
-1e+10
-1e+10
-1e+10
-1e+10
-1e+10
-1e+10
-1e+10
-1e+10
-1e+10
-1e+10
-1e+10
-1e+10
-1e+10
-1e+10
-1e+10
-1e+10
-1e+10
-1e+10
-1e+10
-1e+10
-1e+10
-1e+10
-1e+10
-1e+10
-1e+10
