1.484380000000000109e+03
1.484380000000000109e+03
1.484380000000000109e+03
1.484380000000000109e+03
1.484380000000000109e+03
1.484380000000000109e+03
1.484380000000000109e+03
1.484380000000000109e+03
1.484380000000000109e+03
1.484380000000000109e+03
1.484380000000000109e+03
1.484380000000000109e+03
1.484380000000000109e+03
1.484380000000000109e+03
1.484380000000000109e+03
1.484380000000000109e+03
1.484380000000000109e+03
1.484380000000000109e+03
1.484380000000000109e+03
1.484380000000000109e+03
1.484380000000000109e+03
1.484380000000000109e+03
1.484380000000000109e+03
1.484380000000000109e+03
1.484380000000000109e+03
1.484380000000000109e+03
1.484380000000000109e+03
1.484380000000000109e+03
1.484380000000000109e+03
4.007940000000000055e+03
4.715439999999999600e+03
4.007940000000000055e+03
4.007940000000000055e+03
3.721639999999999873e+03
1.640619999999999891e+03
1.640619999999999891e+03
2.909139999999999873e+03
3.404960000000000036e+03
3.386960000000000036e+03
3.386960000000000036e+03
3.386960000000000036e+03
3.386960000000000036e+03
2.525150000000000091e+03
2.403219999999999800e+03
1.317109999999999900e+03
1.317109999999999900e+03
1.256150000000000091e+03
1.015620000000000005e+03
1.053259999999999991e+03
1.256150000000000091e+03
1.256150000000000091e+03
5.456329999999999927e+03
6.294399999999999636e+03
7.206109999999999673e+03
7.574609999999999673e+03
7.206109999999999673e+03
7.206109999999999673e+03
6.320399999999999636e+03
6.320399999999999636e+03
6.248600000000000364e+03
6.320399999999999636e+03
6.343199999999999818e+03
6.343199999999999818e+03
6.248600000000000364e+03
6.062500000000000000e+03
6.046880000000000109e+03
6.046880000000000109e+03
6.046880000000000109e+03
5.271260000000000218e+03
5.271260000000000218e+03
7.240659999999999854e+03
7.663020000000000437e+03
7.831039999999999964e+03
7.831039999999999964e+03
7.831039999999999964e+03
7.620210000000000036e+03
7.316659999999999854e+03
7.316659999999999854e+03
7.198510000000000218e+03
7.316659999999999854e+03
7.622069999999999709e+03
7.622069999999999709e+03
6.677020000000000437e+03
7.622069999999999709e+03
6.677020000000000437e+03
6.677020000000000437e+03
3.795099999999999909e+03
5.165640000000000327e+03
3.795099999999999909e+03
3.691710000000000036e+03
1.752769999999999982e+03
1.752769999999999982e+03
1.752769999999999982e+03
1.752769999999999982e+03
1.531250000000000000e+03
1.921880000000000109e+03
1.267619999999999891e+03
1.203119999999999891e+03
1.203119999999999891e+03
1.096720000000000027e+03
1.126110000000000127e+03
1.155500000000000000e+03
1.184889999999999873e+03
1.214279999999999973e+03
1.243670000000000073e+03
1.273059999999999945e+03
1.302449999999999818e+03
1.331839999999999918e+03
1.361230000000000018e+03
1.390619999999999891e+03
1.390619999999999891e+03
1.459660000000000082e+03
1.625000000000000000e+03
2.046880000000000109e+03
2.746929999999999836e+03
2.872929999999999836e+03
3.703119999999999891e+03
5.000000000000000000e+03
5.671880000000000109e+03
5.671880000000000109e+03
5.671880000000000109e+03
7.614909999999999854e+03
7.614909999999999854e+03
7.646170000000000073e+03
7.646170000000000073e+03
6.869220000000000255e+03
6.535880000000000109e+03
5.449359999999999673e+03
5.421590000000000146e+03
5.203119999999999891e+03
1.160369999999999891e+03
1.160369999999999891e+03
1.160369999999999891e+03
1.105670000000000073e+03
1.105670000000000073e+03
1.105670000000000073e+03
1.037269999999999982e+03
1.038846874999999955e+03
1.040423749999999927e+03
1.042000624999999900e+03
1.043577499999999873e+03
1.045154375000000073e+03
1.046731250000000045e+03
1.048308125000000018e+03
1.049884999999999991e+03
1.051461874999999964e+03
1.053038749999999936e+03
1.054615624999999909e+03
1.056192500000000109e+03
1.057769375000000082e+03
1.059346250000000055e+03
1.060923125000000027e+03
1.062500000000000000e+03
1.079910000000000082e+03
1.472400000000000091e+03
1.109779999999999973e+03
1.472400000000000091e+03
2.166780000000000200e+03
2.812500000000000000e+03
2.812500000000000000e+03
3.046880000000000109e+03
4.751699999999999818e+03
5.891159999999999854e+03
5.891159999999999854e+03
5.891159999999999854e+03
6.273270000000000437e+03
6.273270000000000437e+03
5.731859999999999673e+03
5.731859999999999673e+03
5.627880000000000109e+03
5.627880000000000109e+03
5.731859999999999673e+03
5.627880000000000109e+03
4.573050000000000182e+03
4.440569999999999709e+03
4.440569999999999709e+03
4.440569999999999709e+03
5.125000000000000000e+03
5.140619999999999891e+03
5.140619999999999891e+03
5.125000000000000000e+03
5.125000000000000000e+03
5.140619999999999891e+03
6.812500000000000000e+03
6.812500000000000000e+03
7.175960000000000036e+03
6.812500000000000000e+03
7.061130000000000109e+03
6.555229999999999563e+03
7.015619999999999891e+03
7.015619999999999891e+03
7.061130000000000109e+03
7.291170000000000073e+03
7.291170000000000073e+03
7.291170000000000073e+03
6.968750000000000000e+03
5.821590000000000146e+03
5.821590000000000146e+03
5.821590000000000146e+03
5.806850000000000364e+03
6.714180000000000291e+03
6.714180000000000291e+03
6.694979999999999563e+03
6.694979999999999563e+03
6.694979999999999563e+03
6.667039999999999964e+03
6.187020000000000437e+03
5.312500000000000000e+03
4.577989999999999782e+03
4.577989999999999782e+03
4.577989999999999782e+03
5.440500000000000000e+03
5.440500000000000000e+03
5.440500000000000000e+03
3.437880000000000109e+03
1.869009999999999991e+03
1.421779999999999973e+03
1.406450000000000045e+03
1.284210000000000036e+03
1.284210000000000036e+03
1.144539999999999964e+03
1.153291666666666515e+03
1.162043333333333294e+03
1.170795000000000073e+03
1.179546666666666624e+03
1.188298333333333176e+03
1.197049999999999955e+03
1.205801666666666733e+03
1.214553333333333285e+03
1.223304999999999836e+03
1.232056666666666615e+03
1.240808333333333394e+03
1.249559999999999945e+03
3.634559999999999945e+03
4.519989999999999782e+03
4.519989999999999782e+03
3.634559999999999945e+03
2.082630000000000109e+03
1.640619999999999891e+03
1.640619999999999891e+03
1.640619999999999891e+03
4.375000000000000000e+03
4.375000000000000000e+03
4.375000000000000000e+03
2.072449999999999818e+03
1.689170000000000073e+03
1.379640000000000100e+03
1.296049999999999955e+03
1.171690000000000055e+03
1.150299999999999955e+03
1.143201428571428551e+03
1.136102857142857147e+03
1.129004285714285743e+03
1.121905714285714112e+03
1.114807142857142708e+03
1.107708571428571304e+03
1.100609999999999900e+03
1.265789999999999964e+03
1.495519999999999982e+03
3.507420000000000073e+03
5.037479999999999563e+03
5.861039999999999964e+03
6.080670000000000073e+03
6.015619999999999891e+03
6.015619999999999891e+03
6.015619999999999891e+03
5.748880000000000109e+03
4.281250000000000000e+03
4.281250000000000000e+03
4.281250000000000000e+03
4.454170000000000073e+03
5.133300000000000182e+03
5.526989999999999782e+03
5.822050000000000182e+03
6.538579999999999927e+03
7.433430000000000291e+03
7.484380000000000109e+03
7.572800000000000182e+03
7.636890000000000327e+03
7.636890000000000327e+03
7.636890000000000327e+03
7.694189999999999600e+03
7.694189999999999600e+03
7.673630000000000109e+03
7.762140000000000327e+03
7.762140000000000327e+03
7.673630000000000109e+03
7.788789999999999964e+03
7.788789999999999964e+03
7.740010000000000218e+03
7.661869999999999891e+03
7.415130000000000109e+03
7.388250000000000000e+03
6.029899999999999636e+03
1.738740000000000009e+03
1.692829999999999927e+03
1.078119999999999891e+03
1.078119999999999891e+03
1.032490000000000009e+03
1.032490000000000009e+03
1.032490000000000009e+03
1.032490000000000009e+03
1.032490000000000009e+03
1.032490000000000009e+03
1.032490000000000009e+03
1.032490000000000009e+03
1.032490000000000009e+03
1.032490000000000009e+03
1.032490000000000009e+03
1.032490000000000009e+03
1.032490000000000009e+03
1.032490000000000009e+03
1.032490000000000009e+03
1.032490000000000009e+03
1.032490000000000009e+03
1.032490000000000009e+03
1.032490000000000009e+03
1.032490000000000009e+03
1.032490000000000009e+03
1.032490000000000009e+03
1.032490000000000009e+03
1.032490000000000009e+03
1.032490000000000009e+03
1.032490000000000009e+03
1.032490000000000009e+03
1.032490000000000009e+03
1.032490000000000009e+03
1.032490000000000009e+03
1.032490000000000009e+03
1.032490000000000009e+03
1.032490000000000009e+03
1.032490000000000009e+03
1.032490000000000009e+03
1.032490000000000009e+03
1.032490000000000009e+03
1.032490000000000009e+03
1.032490000000000009e+03
1.032490000000000009e+03
1.032490000000000009e+03
1.032490000000000009e+03
1.032490000000000009e+03
1.032490000000000009e+03
1.032490000000000009e+03
1.032490000000000009e+03
1.032490000000000009e+03
1.032490000000000009e+03
1.032490000000000009e+03
1.032490000000000009e+03
1.032490000000000009e+03
1.032490000000000009e+03
1.032490000000000009e+03
1.032490000000000009e+03
1.032490000000000009e+03
1.032490000000000009e+03
1.032490000000000009e+03
1.032490000000000009e+03
1.032490000000000009e+03
1.032490000000000009e+03
1.032490000000000009e+03
