5.551849999999999952e+00
5.551849999999999952e+00
5.551849999999999952e+00
5.551849999999999952e+00
5.551849999999999952e+00
5.551849999999999952e+00
5.551849999999999952e+00
5.551849999999999952e+00
5.551849999999999952e+00
5.551849999999999952e+00
5.551849999999999952e+00
5.551849999999999952e+00
5.551849999999999952e+00
5.551849999999999952e+00
5.551849999999999952e+00
5.551849999999999952e+00
5.551849999999999952e+00
5.551849999999999952e+00
5.551849999999999952e+00
5.551849999999999952e+00
5.551849999999999952e+00
5.551849999999999952e+00
5.551849999999999952e+00
5.551849999999999952e+00
5.551849999999999952e+00
5.551849999999999952e+00
5.495390000000000441e+00
5.483050000000000423e+00
5.481650000000000134e+00
5.482440000000000424e+00
5.484289999999999665e+00
5.486559999999999881e+00
5.489399999999999835e+00
5.493420000000000414e+00
5.498450000000000060e+00
5.501140000000000363e+00
5.499900000000000233e+00
5.496559999999999668e+00
5.492569999999999730e+00
5.487569999999999837e+00
5.480229999999999713e+00
5.469359999999999999e+00
5.453330000000000233e+00
5.431259999999999977e+00
5.404819999999999958e+00
5.377159999999999940e+00
5.352079999999999949e+00
5.337360000000000326e+00
5.341249999999999609e+00
5.347459999999999880e+00
5.360965999999999454e+00
5.374471999999999916e+00
5.387977999999999490e+00
5.401483999999999952e+00
5.414989999999999526e+00
5.428495999999999988e+00
5.442001999999999562e+00
5.455508000000000024e+00
5.469013999999999598e+00
5.482520000000000060e+00
5.496025999999999634e+00
5.509532000000000096e+00
5.523037999999999670e+00
5.536544000000000132e+00
5.550049999999999706e+00
5.570579999999999643e+00
5.587100000000000399e+00
5.583370000000000388e+00
5.577219999999999622e+00
5.571299999999999919e+00
5.566139999999999866e+00
5.561819999999999986e+00
5.558530000000000193e+00
5.556199999999999584e+00
5.554059999999999775e+00
5.550370000000000026e+00
5.543020000000000280e+00
5.531500000000000306e+00
5.518430000000000391e+00
5.506999999999999673e+00
5.495260000000000034e+00
5.481239999999999668e+00
5.464500000000000135e+00
5.445219999999999949e+00
5.423420000000000130e+00
5.400350000000000428e+00
5.377550000000000274e+00
5.355000000000000426e+00
5.331990000000000229e+00
5.308740000000000236e+00
5.288009999999999877e+00
5.278190000000000381e+00
5.283760666666666772e+00
5.289331333333334051e+00
5.294902000000000442e+00
5.300472666666666832e+00
5.306043333333333223e+00
5.311614000000000502e+00
5.317184666666666892e+00
5.322755333333333283e+00
5.328325999999999674e+00
5.333896666666666952e+00
5.339467333333333343e+00
5.345037999999999734e+00
5.350608666666666124e+00
5.356179333333333403e+00
5.361749999999999794e+00
5.362390000000000434e+00
5.364510000000000112e+00
5.365549999999999820e+00
5.365240000000000009e+00
5.365969999999999906e+00
5.371599999999999930e+00
5.376890000000000391e+00
5.420807500000000445e+00
5.464724999999999611e+00
5.508642499999999664e+00
5.552559999999999718e+00
5.513329999999999842e+00
5.487350000000000172e+00
5.470439999999999969e+00
5.456330000000000346e+00
5.445999999999999730e+00
5.438310000000000421e+00
5.430139999999999745e+00
5.419669999999999987e+00
5.409869999999999735e+00
5.402180000000000426e+00
5.395819999999999617e+00
5.388300000000000090e+00
5.376900000000000013e+00
5.353049999999999642e+00
5.321279999999999788e+00
5.294550000000000090e+00
5.272840000000000416e+00
5.260259999999999714e+00
5.250519999999999854e+00
5.244729999999999670e+00
5.246080000000000076e+00
5.253980000000000317e+00
5.266499999999999737e+00
5.280920000000000059e+00
5.293090000000000295e+00
5.338157777777778001e+00
5.383225555555555708e+00
5.428293333333333415e+00
5.473361111111111121e+00
5.518428888888888828e+00
5.563496666666666535e+00
5.608564444444444241e+00
5.653632222222221948e+00
5.698699999999999655e+00
5.683519999999999683e+00
5.674540000000000362e+00
5.670180000000000220e+00
5.669349999999999667e+00
5.671759999999999913e+00
5.676969999999999850e+00
5.684800000000000075e+00
5.693699999999999761e+00
5.702670000000000350e+00
5.709819999999999673e+00
5.713840000000000252e+00
5.714500000000000135e+00
5.712290000000000312e+00
5.708660000000000068e+00
5.705169999999999852e+00
5.702480000000000437e+00
5.701030000000000264e+00
5.704049999999999621e+00
5.707736785714285332e+00
5.711423571428571044e+00
5.715110357142856756e+00
5.718797142857142468e+00
5.722483928571428180e+00
5.726170714285713892e+00
5.729857499999999604e+00
5.733544285714285316e+00
5.737231071428571028e+00
5.740917857142856739e+00
5.744604642857142451e+00
5.748291428571428163e+00
5.751978214285713875e+00
5.755665000000000475e+00
5.759351785714286187e+00
5.763038571428571899e+00
5.766725357142857611e+00
5.770412142857143323e+00
5.774098928571429035e+00
5.777785714285714747e+00
5.781472500000000458e+00
5.785159285714286170e+00
5.788846071428571882e+00
5.792532857142857594e+00
5.796219642857143306e+00
5.799906428571429018e+00
5.803593214285714730e+00
5.807280000000000442e+00
5.789830000000000254e+00
5.772789999999999644e+00
5.755790000000000184e+00
5.739309999999999690e+00
5.722769999999999690e+00
5.706550000000000011e+00
5.695299999999999585e+00
5.690750000000000419e+00
5.689739999999999576e+00
5.690549999999999997e+00
5.692859999999999587e+00
5.696819999999999773e+00
5.702679999999999971e+00
5.709520000000000373e+00
5.716330000000000133e+00
5.722199999999999953e+00
5.726049999999999862e+00
5.728360000000000340e+00
5.729899999999999771e+00
5.731300000000000061e+00
5.732730000000000103e+00
5.733760000000000190e+00
5.733950000000000102e+00
5.733240000000000336e+00
5.731919999999999682e+00
5.730190000000000339e+00
5.727909999999999613e+00
5.724370000000000402e+00
5.716859999999999609e+00
5.698559999999999626e+00
5.701389999999999958e+00
5.753599999999999604e+00
5.796999999999999709e+00
5.759179999999999744e+00
5.731329999999999814e+00
5.713350000000000151e+00
5.698129999999999917e+00
5.678829999999999600e+00
5.648749999999999716e+00
5.613209999999999589e+00
5.574309999999999654e+00
5.534650000000000070e+00
5.507170000000000343e+00
5.481320000000000192e+00
5.452340000000000408e+00
5.415199999999999569e+00
5.369030000000000413e+00
5.334929999999999950e+00
5.317219999999999835e+00
5.368669999999999831e+00
5.371212631578947239e+00
5.373755263157894646e+00
5.376297894736842053e+00
5.378840526315789461e+00
5.381383157894736868e+00
5.383925789473684276e+00
5.386468421052631683e+00
5.389011052631579091e+00
5.391553684210526498e+00
5.394096315789473906e+00
5.396638947368421313e+00
5.399181578947368720e+00
5.401724210526316128e+00
5.404266842105263535e+00
5.406809473684210055e+00
5.409352105263157462e+00
5.411894736842104869e+00
5.414437368421052277e+00
5.416979999999999684e+00
5.419522631578947092e+00
5.422065263157894499e+00
5.424607894736841907e+00
5.427150526315789314e+00
5.429693157894736721e+00
5.432235789473684129e+00
5.434778421052631536e+00
5.437321052631578944e+00
5.439863684210526351e+00
5.442406315789473759e+00
5.444948947368421166e+00
5.447491578947368573e+00
5.450034210526315981e+00
5.452576842105263388e+00
5.455119473684210796e+00
5.457662105263158203e+00
5.460204736842105611e+00
5.462747368421053018e+00
5.465290000000000425e+00
5.467832631578947833e+00
5.470375263157895240e+00
5.472917894736842648e+00
5.475460526315790055e+00
5.478003157894736574e+00
5.480545789473683982e+00
5.483088421052631389e+00
5.485631052631578797e+00
5.488173684210526204e+00
5.490716315789473612e+00
5.493258947368421019e+00
5.495801578947368426e+00
5.498344210526315834e+00
5.500886842105263241e+00
5.503429473684210649e+00
5.505972105263158056e+00
5.508514736842105464e+00
5.511057368421052871e+00
5.513600000000000279e+00
5.513080000000000425e+00
5.508460000000000356e+00
5.492399999999999949e+00
5.460029999999999717e+00
5.436149999999999594e+00
5.427599999999999980e+00
5.421140000000000292e+00
5.412449999999999761e+00
5.412449999999999761e+00
5.412449999999999761e+00
5.412449999999999761e+00
5.412449999999999761e+00
5.412449999999999761e+00
5.412449999999999761e+00
5.412449999999999761e+00
5.412449999999999761e+00
5.412449999999999761e+00
5.412449999999999761e+00
5.412449999999999761e+00
5.412449999999999761e+00
5.412449999999999761e+00
5.412449999999999761e+00
5.412449999999999761e+00
5.412449999999999761e+00
5.412449999999999761e+00
5.412449999999999761e+00
5.412449999999999761e+00
5.412449999999999761e+00
5.412449999999999761e+00
5.412449999999999761e+00
5.412449999999999761e+00
5.412449999999999761e+00
5.412449999999999761e+00
5.412449999999999761e+00
5.412449999999999761e+00
5.412449999999999761e+00
5.412449999999999761e+00
5.412449999999999761e+00
5.412449999999999761e+00
5.412449999999999761e+00
5.412449999999999761e+00
5.412449999999999761e+00
5.412449999999999761e+00
5.412449999999999761e+00
5.412449999999999761e+00
5.412449999999999761e+00
5.412449999999999761e+00
5.412449999999999761e+00
5.412449999999999761e+00
5.412449999999999761e+00
5.412449999999999761e+00
5.412449999999999761e+00
5.412449999999999761e+00
5.412449999999999761e+00
5.412449999999999761e+00
