-9.52523	1.42268	0.574657	0.392035	0.366788	0.285282	0.258795	0.191433	0.181755	0.137237	0.111492	0.0727299	0.0877905	0.0946822	0.116608	0.0605825	0.119265
-9.86976	1.36527	0.640081	0.428028	0.396439	0.329093	0.297709	0.233275	0.206852	0.184785	0.128408	0.0959052	0.127102	0.116679	0.14959	0.11577	0.143133
-10.2777	1.16351	0.599196	0.43963	0.46114	0.394799	0.286149	0.211585	0.188916	0.254233	0.205018	0.100662	0.110049	0.0927454	0.149839	0.095885	0.14094
-10.2258	1.14712	0.520795	0.330893	0.359605	0.323585	0.247019	0.21081	0.149046	0.165223	0.168212	0.16945	0.11227	0.122677	0.147566	0.0757156	0.174663
-10.2372	1.1289	0.510087	0.33043	0.335093	0.285195	0.240858	0.250367	0.194843	0.180756	0.186037	0.159706	0.154697	0.156007	0.15373	0.0967615	0.145056
-10.3232	1.09719	0.521637	0.329855	0.362061	0.335249	0.258334	0.293597	0.204247	0.208141	0.21689	0.176018	0.220826	0.153295	0.185349	0.201358	0.145146
-10.1754	1.17833	0.517819	0.37151	0.381274	0.289145	0.253306	0.209695	0.177954	0.216146	0.174397	0.169285	0.2132	0.169898	0.150461	0.162174	0.162354
-10.2938	1.08574	0.511288	0.411865	0.432985	0.368522	0.34855	0.262976	0.221454	0.29028	0.206443	0.241139	0.224123	0.216554	0.220459	0.176541	0.151964
-10.2099	1.2065	0.520344	0.403291	0.421219	0.400767	0.314517	0.262711	0.262378	0.281968	0.150721	0.176654	0.162503	0.210917	0.230878	0.158113	0.127025
-10.2206	1.20671	0.539498	0.423862	0.386135	0.333894	0.26319	0.237094	0.227537	0.227554	0.173684	0.194346	0.197716	0.226316	0.215666	0.196844	0.154656
-10.4432	0.982848	0.517592	0.394625	0.448069	0.434011	0.34663	0.297151	0.272887	0.261486	0.243265	0.292131	0.271425	0.250347	0.165794	0.206025	0.255141
-10.2199	1.14586	0.575109	0.386398	0.363746	0.374899	0.346858	0.272606	0.208282	0.229477	0.213488	0.263565	0.2898	0.212502	0.0983963	0.134869	0.206734
-10.2129	1.12836	0.524953	0.360891	0.362002	0.347057	0.303484	0.234112	0.197218	0.283491	0.244152	0.233151	0.238106	0.133309	0.116366	0.122453	0.171833
-10.4714	0.968558	0.555164	0.387306	0.464996	0.441612	0.363325	0.343401	0.280398	0.290648	0.220926	0.244734	0.174924	0.0759189	0.0631075	0.149057	0.204047
-10.2993	1.11143	0.586032	0.419583	0.426768	0.358248	0.235622	0.251604	0.232853	0.224389	0.146447	0.20374	0.208592	0.12629	0.13413	0.171901	0.221154
-10.3273	1.08928	0.541981	0.459652	0.495274	0.488173	0.260585	0.197079	0.221364	0.252717	0.170357	0.15158	0.205759	0.177119	0.169249	0.179571	0.192106
-10.4562	0.963983	0.589776	0.522886	0.512627	0.490796	0.271133	0.185466	0.221348	0.295981	0.168112	0.116624	0.197093	0.240162	0.190721	0.216823	0.183383
-10.3636	1.05692	0.552342	0.421966	0.44163	0.405234	0.260306	0.153814	0.232137	0.301517	0.191226	0.146106	0.161647	0.234271	0.151814	0.178364	0.137939
-10.4391	1.00964	0.457123	0.392006	0.394251	0.392448	0.289062	0.176543	0.287756	0.288727	0.201749	0.185133	0.146461	0.175068	0.156854	0.174392	0.14303
-10.2847	1.20758	0.585031	0.465611	0.402522	0.323493	0.224232	0.166778	0.312035	0.291536	0.174527	0.101744	0.0772272	0.0765947	0.0783851	0.0149749	0.05837
-10.0547	1.42018	0.76775	0.551763	0.399505	0.324976	0.213853	0.242844	0.270916	0.208082	0.254679	0.104981	0.0454602	0.0686774	0.0728355	0.0572318	0.0650475
-10.1697	1.33601	0.837447	0.645112	0.42646	0.294693	0.22379	0.267068	0.224697	0.225598	0.314241	0.133799	0.0143516	0.0770119	0.12362	0.128776	0.0424023
-10.0505	1.54698	0.937144	0.518353	0.276215	0.203292	0.207185	0.187928	0.208021	0.234913	0.176125	0.107371	0.0944712	0.163912	0.22362	0.121154	0.0401365
-10.0174	1.63669	0.967986	0.483609	0.186593	0.198224	0.211334	0.210371	0.173014	0.177768	0.0869251	0.150948	0.121184	0.0990933	0.172144	0.0805238	0.0476813
-10.2378	1.35438	0.812404	0.457267	0.320786	0.265502	0.199675	0.197097	0.185882	0.159124	0.0530987	0.194811	0.20366	0.174222	0.063465	0.04988	0.0786789
-10.1282	1.32361	0.719775	0.458725	0.395127	0.312725	0.235366	0.181411	0.163317	0.125726	0.0150424	0.0723279	0.0825604	0.0826205	-0.00748257	0.020331	0.0606048
-10.0789	1.34944	0.744267	0.511433	0.432023	0.326549	0.230913	0.186614	0.145669	0.141235	-0.0108426	-0.0241601	0.0245455	-0.019378	-0.0399753	0.0402629	0.0590514
-9.85486	1.22037	0.456338	0.504303	0.604125	0.380174	0.279264	0.293005	0.159617	0.045493	0.145433	0.181453	0.037081	0.0552546	0.138137	0.139577	0.103494
-9.07943	0.65231	-0.0798133	0.453345	0.689023	0.42186	0.366681	0.124393	0.266689	0.241324	0.163501	0.221332	0.0880798	-0.00127437	0.13824	0.210052	0.181963
-8.22453	0.464211	-0.245378	0.278651	0.476242	0.264203	0.44381	0.0954242	0.271083	0.33751	0.114574	0.211537	0.0771013	0.164836	0.188453	0.211227	0.18307
-7.64491	0.305648	-0.374557	0.0690103	0.320251	0.19087	0.245407	-0.042332	0.239471	0.355221	0.22999	0.402667	0.193178	0.281734	0.206331	0.147933	0.279845
-7.19962	0.254065	-0.374476	0.0698537	0.338609	0.301228	0.103565	-0.0333939	0.251914	0.294652	0.310535	0.457832	0.299648	0.187075	0.0740535	0.163627	0.272738
-6.77795	0.259447	-0.345416	0.195534	0.288066	0.165778	0.0725239	0.00625753	0.0702442	0.160964	0.33324	0.354422	0.243823	0.191434	0.10256	0.139971	0.197004
-6.62776	0.272477	-0.327359	0.174681	0.260696	0.0962108	0.138946	0.0114774	0.0264646	0.0827191	0.139283	0.0738617	0.141996	0.201661	0.14119	0.207374	0.18216
-6.34794	0.689532	-0.372909	-0.0452683	0.262802	0.12334	0.212167	0.0768535	-0.0160094	-0.102819	0.102332	0.0834225	0.0530303	0.0324224	0.129445	0.150445	0.067732
-5.99661	0.909501	-0.462767	-0.000759287	0.192869	0.0933749	0.159664	0.13735	-0.111581	-0.0698532	0.149758	0.139883	0.0885515	0.0518088	0.143729	0.235163	-0.00515586
-5.71374	1.00698	-0.323222	0.26473	0.23293	0.119566	0.0288732	-0.0122188	-0.151918	0.0556212	0.307133	0.157461	0.0839168	0.145493	0.11648	0.254017	-0.0753389
-5.61012	0.986362	-0.331158	0.241048	0.345446	0.236394	0.0147957	0.00463887	-0.125626	0.148037	0.365432	0.199105	0.0794429	0.0721962	0.0968636	0.251589	0.00133757
-5.52454	1.29277	-0.0139355	0.184509	0.200276	0.170535	0.104914	-0.00892853	-0.0774444	0.0290722	0.11637	0.0353816	-0.0545206	-0.105148	-0.0794056	0.0970244	0.0649057
-5.10156	2.88711	-0.196033	-0.345916	0.0348932	0.103149	-0.208589	-0.201751	-0.182754	-0.033891	-0.0987659	0.0867506	0.109535	-0.0803613	-0.234291	-0.0400914	0.0331034
-4.44222	3.13205	-0.305793	-0.497641	0.0993165	0.0889808	-0.259858	-0.272476	-0.13358	-0.132962	-0.0838714	0.154495	0.164347	-0.156798	-0.241711	-0.127963	0.00788397
-4.65853	3.61459	-0.607138	-0.314975	0.039758	0.187183	-0.284296	-0.192987	-0.172327	-0.0790262	-0.00235052	0.169246	0.377982	-0.273355	-0.184504	-0.127407	-0.00207545
-4.62282	3.69091	-0.592881	-0.582699	0.292979	0.229405	-0.512102	-0.310346	-0.0432463	-0.00490029	-0.0320516	0.185512	0.199976	-0.338892	-0.0847014	-0.0622346	-0.0704081
-4.25558	3.08718	-0.402954	-0.630248	0.284093	0.24209	-0.446585	-0.455775	-0.0570008	0.0498371	0.0212273	0.185198	0.110775	-0.206091	-0.216077	-0.094921	-0.0740033
-4.5925	3.87305	-0.894832	-0.527877	0.519802	0.0973783	-0.606968	-0.227753	-0.241778	0.137341	-0.0525739	0.0428164	0.144787	-0.372577	0.0226426	-0.178231	-0.113426
-4.34566	3.29125	-0.552376	-0.44363	0.44492	0.198214	-0.537512	-0.390915	-0.0171566	0.0470247	-0.0168229	0.11771	0.0653915	-0.248779	-0.135176	-0.0688602	-0.118662
-4.36151	3.39362	-0.615363	-0.281121	0.485813	0.122462	-0.702067	-0.245049	-0.136732	0.145795	-0.122028	-0.0337702	0.161664	-0.381127	0.0354577	-0.160949	-0.314773
-4.04094	3.24308	-0.447063	0.0834592	0.647608	0.0744709	-0.684102	-0.18801	0.0242989	0.089035	0.0259809	-0.00491709	0.515612	-0.36781	0.307749	-0.193967	-0.108848
-4.73676	3.49931	0.0511489	0.276318	0.873397	0.201056	-0.773407	0.325433	-0.159652	-0.114989	0.162447	0.374916	0.251359	0.0191237	0.241593	-0.117853	-0.0882077
-4.77226	3.07478	0.294345	0.578289	0.672271	0.0868691	-0.600583	0.503652	0.036472	-0.0237739	-0.116648	-0.0434537	0.617528	-0.0503479	0.269608	-0.133466	-0.0979565
-4.64902	2.38307	0.165725	0.845173	0.332298	0.298998	-0.573555	0.382323	0.0943765	-0.15078	-0.269565	0.0947217	0.0920626	0.0242189	0.12469	-0.20947	-0.121124
-5.10783	2.12334	-0.0210225	0.917718	0.220286	-0.210318	-0.627757	0.203871	-0.0364165	-0.571401	-0.184532	0.267531	-0.154179	-0.467288	-0.119112	-0.292829	-0.715207
-5.14187	1.77805	-0.13501	1.354	0.589966	0.251703	-0.109762	0.912799	-0.0884457	-0.282243	0.153701	0.16675	0.347785	0.0720105	-0.12774	-0.00674306	-0.325711
-5.46829	1.52946	0.25369	1.3654	0.385864	0.32799	0.186786	1.00341	0.240975	-0.203094	-0.104977	0.263055	-0.11799	0.125811	0.216484	-0.0862675	0.197121
-5.04904	1.46405	0.274526	1.26802	-0.0802369	-0.113659	-0.00319081	0.539314	0.157522	0.113831	0.223057	-0.0868292	-0.0988835	0.308991	0.0871401	-0.0547943	-0.135257
-5.19263	1.24024	0.345484	1.01235	0.0300765	-0.133127	0.0697432	0.450628	-0.080816	-0.00903108	0.207692	-0.0478548	-0.0465223	0.172476	0.0419526	-0.215447	-0.0879499
-5.26237	0.927052	0.452812	1.49236	-0.14079	-0.00786544	0.132648	0.674818	-0.0233922	-0.0580563	0.249587	0.00264311	0.209514	0.156804	-0.307941	0.0603118	0.145189
-5.2501	0.760967	0.397912	1.39718	0.2262	0.538846	0.368912	0.552413	0.14755	0.415315	0.481454	0.393898	0.270986	0.306186	0.119161	0.345392	0.028497
-5.30345	0.335627	0.431894	1.31812	-0.192403	0.297372	0.45013	0.202646	0.0312107	0.221905	0.0829023	-0.0556528	0.0408662	-0.0748863	-0.122417	0.0432068	-0.0149256
-5.21551	0.611071	0.403447	1.24701	-0.0669471	0.208468	0.485986	0.334802	0.0580802	0.263007	0.181907	0.221213	0.0203158	0.12532	-0.061583	0.113827	0.0194577
-5.28959	0.464114	0.383693	0.833801	-0.344295	0.162543	0.108699	0.0635045	-0.0722402	-0.192285	-0.000345156	0.0576508	-0.18951	-0.148774	-0.190479	-0.140312	-0.247228
-5.4834	0.636714	0.617055	1.08933	0.0575253	0.470968	0.0626378	-0.0081898	0.256624	0.17188	0.327889	0.304578	0.0952651	-0.0294135	-0.148373	-0.0387405	-0.24196
-5.35635	0.611897	0.652679	1.65245	0.226168	0.792518	0.524315	0.351249	0.350777	0.331764	0.30501	0.259932	0.148538	0.217863	0.180111	0.220623	-0.0303588
-5.25775	0.900119	0.976754	1.51787	-0.113269	0.22283	0.0900443	0.265557	0.355513	0.444468	0.000538354	0.0168666	0.0519474	0.0345824	0.147238	-0.00484288	-0.188554
-5.05149	1.12181	0.886895	1.59952	-0.25089	-0.0231575	0.151951	-0.0990627	-0.230328	-0.104458	0.0539284	-0.0483465	0.26337	-0.0253281	-0.0773133	-0.356449	-0.0113588
-5.12159	1.5848	1.1187	1.69551	-0.134011	0.371591	-0.149162	-0.217836	0.0154591	-0.179718	-0.0071292	-0.0238872	0.404038	-0.0239079	-0.25685	0.0798296	-0.219733
-4.8545	1.78294	1.15144	1.35711	-0.286188	0.232762	0.0250563	-0.0798594	-0.250769	-0.248788	-0.0314916	0.0422561	-0.107096	-0.0517546	0.232801	-0.176839	-0.177406
-4.51482	1.87377	0.910867	1.48731	-0.10161	0.440398	0.104226	0.0641046	-0.115407	-0.460017	0.00455027	-0.186737	0.219035	-0.108213	0.100363	0.0637079	0.049262
-4.19651	1.78557	0.485826	1.70636	-0.156761	0.30304	0.0909141	0.0209697	-0.328569	-0.135367	-0.20901	-0.135383	0.038396	-0.0178494	0.272165	-0.270365	0.118072
-3.8098	1.57812	0.427116	1.81974	-0.137999	0.374395	0.145692	0.0305249	-0.310465	-0.235245	0.0281464	-0.217327	0.097629	-0.0843863	0.186132	-0.118972	0.251596
-3.93035	1.87274	0.248768	1.95856	-0.373008	0.345884	0.09038	0.0122808	-0.274327	-0.24446	0.0871769	-0.228826	0.109783	-0.0549249	0.0839031	-0.221022	0.33751
-3.97311	2.0717	0.188008	1.96581	-0.356343	0.298485	0.115734	0.00204006	-0.261319	-0.105032	0.126227	-0.17224	0.0928609	-0.0398002	0.0957666	-0.211818	0.311219
-3.68581	1.80738	0.0836016	2.06319	-0.44908	0.300992	0.153769	-0.00384456	-0.15303	-0.152106	0.0928943	-0.09593	0.0667515	-0.0269562	0.0710599	-0.20589	0.255094
-3.54325	1.54956	0.21973	2.00139	-0.425361	0.345744	0.265369	-0.0969082	-0.0460126	-0.311814	0.219598	-0.266538	0.185486	-0.0706537	0.0870827	-0.19958	0.291183
-3.54238	1.4892	0.25601	1.90822	-0.313127	0.259427	0.326405	-0.147337	-0.0632372	-0.303931	0.151853	-0.237616	0.153652	-0.0446703	0.121331	-0.206647	0.205454
-3.62832	1.56896	0.254873	1.96144	-0.375905	0.324635	0.282882	-0.110489	-0.111925	-0.341078	0.171899	-0.271414	0.141935	0.0171039	0.120153	-0.178059	0.140604
-3.63852	1.53154	0.371776	1.88008	-0.293681	0.270082	0.362468	-0.174507	-0.0727175	-0.370791	0.187991	-0.285042	0.137997	0.0313424	0.124622	-0.163666	0.146911
-3.78666	1.74086	0.202962	1.96697	-0.307086	0.267607	0.398533	-0.20643	-0.0862285	-0.409077	0.152902	-0.25028	0.0831705	0.13007	0.0584687	-0.100389	0.0441287
-3.71384	1.64179	0.233473	1.92372	-0.207546	0.21855	0.440651	-0.176469	-0.160296	-0.399415	0.120102	-0.263734	0.099913	0.116968	0.0898635	-0.10568	0.0772872
-3.86014	1.83393	0.133917	1.97333	-0.220815	0.250379	0.443664	-0.14475	-0.240026	-0.330987	0.0334223	-0.196682	0.00764527	0.224832	-0.00204824	-0.00749528	0.0476309
-3.79132	1.78655	0.196778	2.01331	-0.187439	0.291864	0.485792	-0.119086	-0.203951	-0.382195	0.112205	-0.33443	0.107031	0.105846	0.124511	-0.0723553	0.275839
-3.8226	1.76594	0.261169	1.90225	-0.0950492	0.190743	0.485643	-0.085444	-0.252884	-0.389186	0.120549	-0.324979	0.0776697	0.181282	0.0408961	-0.0118896	0.195569
-3.95003	2.03321	0.114109	2.01919	-0.19497	0.257706	0.413512	0.00097006	-0.285256	-0.336871	0.120413	-0.298	0.0244089	0.194218	0.0302441	-0.0243845	0.287685
-3.97263	2.09744	-0.0230163	2.05645	-0.176122	0.179476	0.410638	-0.014011	-0.259205	-0.420323	0.219682	-0.40457	0.0858384	0.189251	0.0128702	-0.00733162	0.22028
-3.98674	2.13393	0.0172245	1.92005	-0.0266734	0.151474	0.34239	0.14265	-0.348056	-0.350269	0.139565	-0.313953	-0.0269225	0.252572	0.00517204	-0.0165276	0.32252
-4.03635	2.29284	-0.148458	1.86579	0.134271	0.0591771	0.240138	0.212039	-0.242082	-0.485501	0.223922	-0.27028	-0.0659355	0.202512	0.0604949	-0.0610419	0.339182
-4.20136	2.59602	-0.209672	1.63774	0.340767	0.00972084	0.165301	0.115608	-0.0754966	-0.466962	0.114586	-0.157162	-0.113438	0.215303	-0.0286494	0.0151085	0.3326
-4.13463	2.51952	-0.101373	1.38544	0.463914	0.207569	-0.105447	0.217503	-0.145956	-0.298124	-0.050539	-0.204138	0.0511373	0.0789437	-0.0219522	0.0316525	0.451182
-4.28231	2.81587	-0.149142	1.10704	0.478771	0.415181	-0.10565	-0.027759	-0.0824822	-0.21253	0.0708546	-0.404766	0.0693029	0.170006	0.138909	-0.20426	0.426
-4.53646	3.1407	0.0128379	0.815326	0.339398	0.45456	0.17324	-0.134966	-0.27965	-0.240293	0.225651	-0.369927	0.0102644	0.0245443	0.224082	-0.134695	0.392186
-4.6097	3.02014	0.432888	0.585199	0.17492	0.331881	0.221552	0.0487943	-0.537251	-0.175763	0.14011	-0.208133	-0.157463	0.0637066	0.0442476	0.135503	0.262382
-5.05135	3.48838	0.574695	0.836769	-0.16677	0.113885	0.464451	0.32862	-0.47438	-0.426594	-0.0432453	-0.0600143	0.0976118	-0.139414	0.122877	-0.0890225	0.622903
-4.83615	3.47076	0.394226	0.579659	0.0945641	0.278718	0.156196	0.328586	-0.358306	-0.347501	0.0603746	-0.294337	0.0892727	0.121208	0.0920432	-0.0482037	0.434842
-4.8037	3.35725	0.358772	0.596473	0.0062231	0.135893	0.0797264	0.287736	-0.305354	-0.250495	-0.121115	-0.212688	0.0267357	0.0359957	0.136906	0.024285	0.238937
-4.6233	3.25487	0.368848	0.511821	0.0214326	0.125475	0.132244	0.38031	-0.29616	-0.376269	0.0675376	-0.407711	0.247768	0.0138213	0.052127	0.0699485	0.281466
-4.52036	2.95571	0.612405	0.349378	-0.145975	0.15985	0.282655	0.246484	-0.417307	-0.122733	-0.315743	-0.131564	0.160368	0.0676186	0.0314177	0.0903348	0.128394
-4.43902	2.98074	0.462374	0.303577	-0.131786	0.236225	0.230242	0.174361	-0.359239	-0.162477	-0.220716	-0.270969	0.0832186	0.198028	0.0937207	-0.00406262	0.150868
-4.59254	3.17978	0.186766	0.67842	-0.354121	0.225223	0.279851	0.0733043	-0.206133	-0.442355	-0.126669	-0.379959	0.317838	0.105769	0.101664	0.0914818	0.0102363
-4.36397	3.12414	0.354743	0.544684	-0.280242	0.224276	0.363523	0.228718	-0.376278	-0.363272	-0.0846574	-0.256161	0.3222	-0.00495875	0.26993	-0.110752	0.35873
-4.17697	3.08013	0.306083	0.426177	-0.471981	0.310691	0.309649	0.13244	-0.521789	-0.338405	-0.0565963	-0.104627	0.317156	0.0307468	-0.0260408	0.0684619	0.224841
-3.74407	2.87791	0.133426	0.2964	-0.383087	0.273615	0.291814	-0.0314765	-0.529616	-0.322787	0.0765132	-0.128224	0.376582	-0.0757567	0.100877	-0.105746	0.254576
-3.56993	2.85108	0.10015	0.320869	-0.340418	0.266086	0.282735	-0.165279	-0.483755	-0.184611	0.161414	-0.206438	0.34823	-0.17207	0.202516	-0.139399	0.439396
-3.38457	2.76193	0.0982778	0.390936	-0.239895	0.20201	0.19196	-0.185584	-0.421255	-0.0944943	0.299318	-0.232872	0.169141	-0.355747	0.254063	0.0537546	0.595194
-3.18808	2.74759	-0.0620016	0.387202	-0.0825176	0.277646	0.0801822	-0.28649	-0.309083	0.0680236	0.368342	-0.359313	0.199139	-0.389369	0.369073	-0.0593166	0.702354
-3.19667	2.72557	-0.23463	0.518846	-0.118293	0.298602	-0.206899	-0.176501	-0.351138	0.280379	0.165804	-0.299263	0.182318	-0.226633	0.32286	-0.12859	0.425671
-3.19776	2.65476	-0.255308	0.519728	0.0387241	0.0859776	-0.163179	-0.176788	-0.339445	0.330523	0.0199251	-0.17748	0.167411	-0.14498	0.252167	-0.172677	0.311059
-3.21628	2.64784	-0.31447	0.79056	-0.107725	0.225914	-0.259079	-0.0762233	-0.229519	0.171188	0.0945779	-0.216203	0.32462	-0.187708	0.210435	-0.196327	0.333111
-3.20343	2.44318	-0.271588	0.808725	0.0558373	0.0519109	-0.234431	-0.092177	-0.20396	0.0510029	0.0299534	-0.166022	0.33266	-0.0650729	0.0245124	-0.112605	0.19332
-3.47196	2.52409	-0.23397	0.832753	0.257327	0.0430046	-0.196108	-0.163569	-0.154427	-0.0621357	0.0534163	-0.1955	0.444062	-0.0438066	-0.046733	-0.144122	0.185949
-3.87493	2.40079	0.207679	0.549395	0.7101	0.18096	-0.31833	0.0687862	-0.2613	-0.0324671	0.108264	-0.226308	0.527972	0.129899	-0.334518	0.0619035	0.0727519
-4.33598	2.0263	0.764078	0.314068	0.277118	0.454178	-0.434733	-0.188532	-0.131805	0.142437	-0.168743	-0.177743	0.341347	-0.0372675	-0.280855	0.124075	-0.230664
-4.50896	2.01456	0.971636	0.432899	0.362271	0.387574	-0.289007	-0.0373803	-0.00862987	-0.0163711	0.100139	-0.209906	0.325313	-0.0650785	-0.151416	0.0275428	-0.0161605
-4.62328	1.42741	1.61961	0.450091	0.421513	0.577579	-0.234669	0.154239	-0.0703678	-0.141462	-0.170249	0.32705	0.272615	0.0622511	-0.09121	-0.0595033	-0.0521494
-4.69107	1.13604	1.59891	0.545877	0.585027	0.39357	-0.125591	0.0789254	-0.0489654	-0.0544962	-0.123225	0.0101675	0.412181	-0.0295791	-0.0339133	-0.0921502	-0.0514314
-4.92469	0.760993	1.72754	0.844184	0.800675	-0.0134205	-0.441214	0.126765	-0.218361	0.267677	-0.100777	-0.0764902	-0.0538558	-0.118767	-0.083691	0.0530757	0.0592455
-4.92592	0.443252	1.23763	0.229309	0.430335	0.130325	-0.132278	0.205741	-0.33355	-0.0979878	-0.654823	-0.529991	-0.194573	-0.202519	-0.236422	-0.164963	0.0164091
-5.55952	-0.122127	1.1977	0.300276	0.895333	-0.12305	-0.416921	-0.542863	-0.532629	-0.394697	-0.431829	-0.249959	-0.278724	-0.144023	-0.505169	-0.461053	-0.299246
-5.14906	-0.202224	0.953621	-0.0257408	0.490136	0.0569086	-0.106004	0.13365	-0.0570034	-0.198778	-0.656948	-0.361136	-0.070556	-0.171523	-0.344617	-0.00228052	0.112401
-5.43923	-0.664021	0.687719	0.0183972	0.687448	-0.211692	-0.4463	0.0147152	-0.00198111	0.177531	-0.405246	-0.192671	-0.159133	0.109054	-0.0535091	0.124671	0.256657
-5.2676	-0.71668	0.793024	0.109881	0.506103	-0.186593	-0.277776	0.20212	-0.0772076	0.0417834	0.0128433	0.0913232	0.00134797	0.168181	-0.158542	-0.149305	0.0547506
-5.11948	-0.66478	0.673734	0.167203	0.520173	-0.163387	-0.395769	0.185656	-0.0602449	0.0534857	0.0653283	-0.00965535	-0.0395134	0.205864	-0.131163	-0.0751331	0.0476029
-5.03741	-0.536637	0.701592	0.31137	0.717913	0.063967	-0.279907	0.255537	0.118708	-0.0496504	0.127962	0.117666	0.105629	0.275178	-0.102465	0.0184128	0.0787597
-5.24517	-0.370681	0.617806	0.326302	0.829173	0.19871	-0.288002	0.348946	0.217526	-0.0235125	0.195087	0.131303	0.12352	0.329205	0.0428124	0.0865435	0.124044
-5.94279	-0.0409425	0.502251	0.173918	0.903567	0.434704	-0.211078	0.374543	0.325061	0.121521	0.202991	0.240338	0.252626	0.294353	0.084748	0.035604	-0.00603779
-7.12599	0.609271	0.576731	0.185068	1.06635	0.572994	0.0718479	0.281796	0.194975	0.249047	0.0199121	0.256216	0.177366	0.169702	0.0110761	0.0948055	0.0170108
-8.28498	1.00403	0.811359	0.476426	0.753446	0.420174	0.116074	0.288072	0.14877	0.175208	0.1344	0.131786	0.0988889	0.172594	0.190377	0.144994	0.0759708
-8.27826	1.29187	0.629011	0.358978	0.351869	0.294646	0.187591	0.283116	0.0937778	0.222847	0.072153	0.14796	0.101971	0.0767006	0.0649841	0.0593055	0.15347
-8.81727	0.911595	0.616516	0.747642	0.334145	0.220097	0.302108	0.350379	-0.030917	0.334812	0.149092	0.0370051	0.157097	0.145428	0.0463769	0.0813254	0.10949
-8.7532	1.12669	0.55877	0.619141	0.26446	0.225306	0.339001	0.318433	-0.0366953	0.35015	0.143906	0.0276165	0.179643	0.136968	0.0130581	0.0878992	0.144264
-8.98892	1.39648	0.621835	0.621826	0.397127	0.277982	0.358614	0.315781	0.138293	0.231047	0.158722	0.0705877	0.154112	0.124723	0.0154776	0.097365	0.130184
-9.06387	1.53734	0.588327	0.535183	0.407507	0.324906	0.320521	0.253708	0.198419	0.205304	0.170035	0.121313	0.105935	0.0988297	0.0725898	0.0725013	0.0643105
-9.16296	1.49691	0.541671	0.520322	0.329673	0.305378	0.293168	0.212603	0.185996	0.197933	0.104058	0.121436	0.109862	0.0426702	0.0830467	0.0791446	0.0336883
-9.65491	1.34001	0.608011	0.592184	0.274485	0.315309	0.315042	0.155952	0.149398	0.198604	0.0104489	0.0877706	0.0680662	-0.0649429	0.0663938	-0.0256336	-0.0493673
-9.92813	0.50169	0.663227	1.03926	0.218478	0.479668	0.397176	0.14815	0.019821	0.216762	-0.0292208	0.0411609	0.14034	-0.027572	-0.0275883	-0.137218	-0.131478
-9.48292	0.13866	0.674311	1.2099	0.103423	0.419137	0.41524	0.234279	0.00125619	0.258919	0.0103711	0.119318	0.150867	-0.076817	-0.0853552	-0.0863705	-0.038152
-9.4224	0.214265	0.628735	1.0847	-0.0254143	0.355399	0.423257	0.24354	0.0119558	0.295438	0.045991	0.149476	0.179065	-0.0301297	0.0138612	0.011555	0.00978801
-9.63463	0.76868	0.578443	0.836812	0.113309	0.33214	0.395209	0.208714	0.124615	0.298264	0.0584961	0.167059	0.206607	-0.020253	0.109799	0.104678	-0.0261207
-9.82501	1.13026	0.56528	0.530336	0.27464	0.291688	0.314644	0.203926	0.163035	0.204595	0.0705168	0.132166	0.107299	0.00221115	0.0954911	0.083616	0.0255657
-9.30044	0.999071	0.602252	0.54362	0.151898	0.338075	0.311622	0.194653	0.0496526	0.347892	-0.0368343	0.142077	0.174438	-0.0671181	0.214291	0.0520463	0.0243894
-9.03781	0.711002	0.552055	0.6648	0.202154	0.439375	0.343288	0.175806	0.0291968	0.520343	0.0156024	0.221853	0.2321	-0.0372974	0.175816	0.0684927	0.0408345
-6.57071	0.798477	0.0690296	0.385426	-0.141067	0.24516	0.192901	0.495786	-0.101547	0.226323	0.244777	0.218216	-0.00699261	-0.143679	0.106819	0.282058	-0.0391937
-5.35142	0.704126	0.0646628	0.287168	-0.161886	0.148879	-0.0438046	0.273173	-0.0423977	0.158091	0.214722	0.169219	0.17042	-0.128969	0.0589365	0.183069	-0.106547
-4.76619	0.683479	0.11584	0.33983	-0.217031	0.0811631	-0.0724255	0.283324	0.0362974	0.100446	0.115768	0.170591	0.27578	-0.0749375	0.0876227	0.0637139	-0.139702
-4.61994	0.368512	0.242457	0.394399	-0.268535	0.0703168	0.0789254	0.230135	-0.0140424	0.0758835	0.0623013	0.221755	0.331459	0.0427878	-0.00341401	0.0341852	-0.0320289
-4.69746	0.0603153	0.535046	0.525967	-0.296627	0.154997	0.132502	0.0153451	-0.107337	0.148641	0.107739	0.219585	0.185787	-0.0540905	-0.0819329	0.00273653	-0.00796556
-4.42651	0.0926666	0.387076	0.346208	-0.459938	0.113279	0.0718761	-0.145986	-0.0629282	0.180708	0.100348	0.241055	0.291766	-0.0289187	-0.129299	-0.111007	-0.0848304
-4.3971	0.0485018	0.249043	0.430205	-0.430571	0.0227271	0.0483842	0.0253327	0.111084	0.349976	0.193022	0.301888	0.419869	0.136251	0.0505469	-0.0681413	-0.0396372
-4.58578	-0.0270216	0.270129	0.648019	-0.383472	-0.0351263	0.0863424	0.169032	0.0900538	0.336666	0.19578	0.250696	0.385113	0.126076	0.055898	-0.0243419	0.0803556
-4.71208	-0.0400718	0.230761	0.756162	-0.330389	0.0762353	0.130627	0.114298	0.0384372	0.32634	0.163839	0.0468439	0.268873	0.0383276	-0.0555279	0.0318216	0.126543
-4.82585	0.0376227	0.238918	0.667164	-0.338342	0.0609977	-0.0152936	0.0596215	-0.155874	0.229927	0.226246	0.146535	0.268824	0.233938	0.053612	-0.0372777	0.0873339
-4.95752	0.0871995	0.346314	0.783275	-0.497611	-0.0212942	0.171983	-0.0071549	-0.113649	0.250551	0.148919	0.109076	0.24921	0.106537	-0.0169657	0.0615091	0.0262144
-4.98463	0.198531	0.224484	0.811662	-0.64794	0.0715859	0.190616	0.0118776	0.0641068	0.376132	0.132449	0.026058	0.198026	0.03129	-0.118216	0.0947059	0.0201426
-5.03511	0.241676	0.181986	0.835384	-0.708493	0.0223978	0.397112	0.0434281	-0.219298	0.106718	0.421728	-0.00448469	0.19416	-0.080001	0.0375235	0.0060639	0.0950619
-5.14976	0.55594	0.385576	0.999076	-0.846726	-0.0170872	0.488384	0.167193	-0.252464	-0.0869551	0.333611	-0.0255484	0.258112	-0.0525342	-0.134441	0.075089	-0.139139
-4.95189	0.917514	0.521557	1.46657	-0.662698	0.133522	0.408242	0.158505	0.00576963	-0.00602167	0.0584974	-0.384388	0.116883	0.0245417	-0.218651	-0.203969	0.00598228
-4.79867	1.51307	1.11723	1.61912	-0.408433	0.397827	-0.121803	-0.103236	-0.0422571	0.0655832	0.079866	-0.149157	0.119811	-0.0911707	0.0187153	0.112666	-0.26207
-4.69952	1.65148	1.19946	1.62603	-0.000381876	0.160294	0.14904	0.136722	-0.210243	0.0274735	0.421311	0.102308	0.0308388	0.133189	-0.0917667	-0.2085	0.0424761
-4.47773	2.02988	1.21191	1.89336	-0.260219	0.233888	0.279617	0.26795	-0.0205067	0.483491	0.138751	-0.134793	0.103173	0.295179	0.25749	0.047603	0.0523059
-4.46455	2.13708	1.25482	1.51283	-0.562867	0.274658	0.0874549	-0.135036	-0.556253	0.245449	0.221578	-0.0929351	0.0349604	0.150344	0.0414223	-0.145435	0.125356
-4.50991	2.31181	1.03288	0.985437	-0.585023	-0.0190789	0.103951	-0.341947	-0.653901	-0.0340028	-0.0814986	-0.397783	0.101671	0.190415	-0.0942838	-0.321075	-0.0694765
-4.05147	2.55048	0.696792	1.10423	-0.323105	0.204654	0.158528	-0.131761	-0.436243	0.21789	-0.146211	-0.0628967	0.27775	-0.0830467	0.138263	-0.0579544	0.294559
-4.04731	2.18199	0.586629	0.83685	-0.410657	0.104387	-0.3291	-0.0399192	-0.697023	-0.0470131	-0.240533	-0.104168	-0.181297	-0.134904	-0.0288227	-0.108404	0.0475908
-4.02205	2.21205	0.44366	0.883712	-0.199301	-0.206067	0.00560959	-0.271086	-0.527928	-0.0186124	-0.0381493	-0.375654	0.0230074	-0.281761	-0.0563376	0.0816375	0.116999
-3.86303	2.16145	0.105042	0.997555	-0.254346	-0.389679	0.176494	-0.351284	-0.459464	-0.0877934	-0.236215	-0.274364	-0.0330645	-0.166136	-0.133128	0.0390166	0.043269
-3.66876	1.63698	0.397099	1.06689	-0.590507	0.00899673	-0.157718	0.00527466	-0.755329	-0.0601795	-0.30581	-0.249209	0.0405443	-0.111594	-0.0248254	-0.113149	-0.0724659
-3.64669	1.66957	0.36634	1.21192	-0.672919	0.119588	-0.119844	0.00876927	-0.644786	-0.0209055	-0.182641	-0.266044	0.143363	-0.165522	0.0586614	-0.072721	-0.0256717
-3.63629	1.4966	0.330001	1.00252	-0.656446	0.0127713	-0.0736791	-0.0616616	-0.724465	0.0741414	-0.339092	-0.422414	-0.0266911	-0.221873	-0.157205	0.00260146	0.0874038
-3.75047	1.45099	0.38273	0.978321	-0.707327	-0.0196112	-0.204962	-0.108441	-0.78802	0.0493795	-0.344471	-0.436552	-0.0776307	-0.294145	-0.174932	-0.0015597	0.0201647
-4.14384	1.78532	0.218853	0.955135	-0.714171	-0.106211	-0.228871	-0.324193	-0.652065	-0.0490668	-0.331472	-0.464683	-0.13624	-0.418577	-0.229936	0.0052447	-0.0566698
-4.32617	1.76561	0.215009	0.661879	-0.727152	-0.160222	-0.386959	-0.39994	-0.790523	-0.169291	-0.336511	-0.529168	-0.273283	-0.400668	-0.391839	-0.109039	-0.330845
-4.57819	2.08412	0.107429	0.76245	-0.721494	-0.297597	-0.124563	-0.467567	-0.753302	-0.0897947	-0.344891	-0.44506	-0.243768	-0.417852	-0.338084	-0.0588573	-0.375324
-4.67804	2.03482	0.339348	0.654044	-0.659023	-0.284558	-0.143683	-0.301892	-0.862623	-0.00556569	-0.283855	-0.535874	-0.1053	-0.40753	-0.355294	-0.0537768	-0.426818
-4.81224	2.14286	0.316467	0.783362	-0.534972	-0.295819	-0.0915307	-0.132298	-0.868697	0.0444953	-0.176475	-0.527741	-0.0664183	-0.264201	-0.429723	0.0181662	-0.408666
-4.75717	1.94443	0.349191	1.03165	-0.551108	-0.133596	0.0780821	-0.192807	-0.757568	0.213399	-0.322732	-0.38336	0.0578854	-0.286929	-0.166986	-0.209658	-0.232674
-4.95159	2.07009	0.416687	1.17011	-0.415216	0.0236242	0.220127	-0.212318	-0.704548	0.288442	-0.239278	-0.393522	0.143556	-0.0989715	-0.122188	-0.0855418	-0.051578
-5.53097	2.20242	0.866837	1.28082	-0.456283	0.182016	0.396828	-0.231489	-0.60854	0.410427	-0.269201	-0.385108	0.0808598	-0.112332	0.126061	-0.0464184	0.121376
-5.73987	2.24627	0.869528	1.25358	-0.577884	0.168	0.260055	-0.071235	-0.824587	0.33395	0.0304238	-0.577742	0.0797101	0.0303655	-0.142707	-0.0331909	-0.120493
-5.78893	2.11584	1.06817	1.29558	-0.583518	0.244287	0.374088	0.103606	-0.58805	0.106016	-0.198515	-0.3777	0.447064	-0.263284	-0.181584	0.0870767	0.13155
-5.85925	2.2843	0.912717	1.34341	-0.528277	0.394496	0.360652	0.0654992	-0.731549	0.143514	-0.0501547	-0.244229	0.332971	-0.0949886	-0.134782	0.310631	-0.0340563
-5.86082	2.27216	0.712823	1.26679	-0.491437	0.382625	0.120241	-0.0363824	-0.591255	-0.00522258	0.0260324	-0.481564	0.452785	-0.313222	0.0459356	-0.0220582	-0.22762
-6.09438	2.49998	0.895705	0.867028	-0.179271	0.576893	-0.276946	0.0580813	-0.401804	-0.0128631	-0.13712	-0.182297	0.271284	-0.27684	0.129359	-0.256178	-0.0198671
-6.19496	2.56311	0.863733	0.84343	-0.131353	0.419283	-0.466913	0.166179	-0.455174	-0.0694332	-0.129942	-0.157946	0.286977	-0.290342	0.00622435	-0.253252	-0.264181
-6.48437	2.75104	0.97068	0.852315	-0.0319975	0.229737	-0.268207	0.154424	-0.65853	0.00730067	0.0349551	-0.152691	0.315024	-0.463619	0.0523862	-0.148798	-0.30398
-6.6687	2.90352	0.956529	0.562368	0.304418	0.10916	-0.481774	0.304038	-0.756521	-0.00782329	0.049999	-0.315013	0.382968	-0.4629	-0.0843708	-0.172492	-0.441544
-6.82862	2.98274	0.988662	0.58597	0.304702	0.329095	-0.682444	0.212544	-0.657876	-0.0884903	-0.119576	-0.0932629	0.322128	-0.422928	-0.103924	-0.223052	-0.420732
-6.49499	2.76878	0.843606	0.498017	0.595984	0.0359918	-0.694209	0.379788	-0.738688	0.0882931	-0.088789	-0.0852433	0.12607	-0.258303	-0.119789	-0.296365	-0.324155
-6.49983	2.91994	0.575168	0.67623	0.541968	-0.0183626	-0.625611	0.383785	-0.778427	0.177402	-0.205478	-0.21107	0.256626	-0.298856	-0.0307862	-0.291162	-0.416237
-6.49808	3.06255	0.418253	0.836755	0.473341	0.0831859	-0.565619	0.43048	-0.837763	0.214913	-0.138236	-0.333206	0.404981	-0.387662	0.0700952	-0.227545	-0.265737
-6.25796	2.58238	0.659488	0.751691	0.482643	0.114673	-0.488081	0.291499	-0.867493	0.208729	-0.210787	-0.250094	0.370125	-0.374823	-0.0306345	-0.140531	-0.392169
-6.37574	2.7081	0.581126	0.86798	0.225238	0.146381	-0.441751	0.175624	-0.836269	0.160741	-0.0450384	-0.398827	0.399691	-0.407027	-0.130368	-0.128614	-0.503296
-6.19539	2.49142	0.76163	0.639052	0.350626	0.075271	-0.464011	0.238875	-0.83672	0.212209	-0.294077	-0.18712	0.239677	-0.329303	-0.0561701	-0.209075	-0.498981
-6.31292	2.62376	0.876189	0.481486	0.314449	0.116205	-0.526726	0.263136	-0.809575	0.201134	-0.317323	-0.19599	0.234758	-0.371734	-0.0727642	-0.255549	-0.433552
-6.48523	2.84954	0.820542	0.443132	0.602388	0.000516429	-0.488027	0.275713	-0.897989	0.216794	-0.25168	-0.157439	0.315749	-0.445036	0.0725806	-0.213666	-0.404992
-6.62632	3.03534	0.616152	0.712624	0.37322	-0.000161271	-0.497564	0.193477	-0.695328	-0.00412284	-0.0596384	-0.263239	0.317169	-0.485746	0.0193985	-0.191028	-0.441655
-6.73213	3.05599	0.95627	0.558933	0.247736	0.219632	-0.404662	-0.0790456	-0.452817	0.182253	-0.29211	-0.0666446	0.237234	-0.447275	-0.0797332	-0.0790907	-0.209126
-6.896	3.09197	0.947696	0.51178	0.485839	-0.0596552	-0.534347	0.0895371	-0.659905	0.209684	-0.106869	-0.352827	0.236325	-0.454889	-0.0665553	-0.0592435	-0.432058
-6.52868	2.90034	0.672056	0.571391	0.502516	-0.0115735	-0.279802	0.227322	-0.764088	0.0934204	-0.227039	-0.212563	0.16865	-0.299344	-0.117711	-0.0636147	-0.346373
-6.51933	2.69399	0.668575	0.550198	0.46263	-0.0630241	-0.380869	0.00617102	-0.718187	0.0261719	-0.202158	-0.18789	0.195497	-0.30854	-0.102278	-0.272555	-0.275308
-6.73214	2.33734	1.00506	0.7185	0.334603	0.136761	-0.232995	-0.0342757	-0.422555	0.0102721	-0.113997	-0.158167	0.0996914	-0.247832	0.00214064	-0.257428	-0.0837433
-6.54224	2.13932	0.882093	0.600744	0.220126	0.172406	-0.107341	0.0204527	-0.394087	0.0175379	-0.0979616	-0.100017	0.140562	-0.244789	0.0271118	-0.225744	-0.0627631
-6.54067	2.53444	0.655351	0.680999	0.342445	0.148549	-0.277723	0.179855	-0.738994	0.138872	-0.131246	-0.180256	0.31955	-0.419662	0.0243159	-0.225428	-0.165599
-6.83951	2.41062	0.79949	0.664018	0.362684	0.0850957	-0.246511	0.123599	-0.619176	0.0906297	-0.111604	-0.127096	0.272876	-0.384891	0.0596243	-0.190792	-0.11571
-7.64689	1.95361	0.987697	0.817025	0.325163	0.121972	-0.206498	0.232878	-0.432177	0.0357134	-0.108723	-0.147023	0.147319	-0.391027	0.0393193	-0.17894	0.0672766
-7.83829	1.68982	0.693413	0.807026	0.393313	0.200813	-0.190274	0.241373	-0.38242	0.0152255	-0.10512	-0.230468	0.111252	-0.193909	0.200272	-0.160094	0.0406806
-8.26661	1.77992	0.619144	0.982892	0.553582	0.177964	-0.296983	0.225917	-0.403205	0.215607	0.0412626	-0.0735983	0.288613	-0.11554	0.25512	-0.179121	-0.0179568
-8.65089	1.81616	0.607094	0.913818	0.568555	0.245449	-0.212634	0.21204	-0.397535	0.207783	0.056687	0.026141	0.315526	-0.146013	0.312723	-0.0410976	0.0478864
-8.98368	1.68509	0.808084	0.78626	0.429598	0.296239	-0.0972033	0.172338	-0.212349	0.0993253	-0.0210676	-0.00558928	0.215378	-0.0711006	0.37124	0.134245	0.203507
-9.62646	1.56237	0.895733	0.617339	0.328839	0.320529	0.0405991	0.206837	-0.0244826	0.103726	0.051272	0.12167	0.303055	0.0796636	0.322917	0.180886	0.338306
-10.1126	1.35575	0.68818	0.541303	0.468569	0.371196	0.211976	0.25825	0.264262	0.283103	0.194851	0.270309	0.240524	0.151615	0.225489	0.157207	0.200966
-9.88287	1.37867	0.603443	0.501534	0.412412	0.380376	0.304956	0.273458	0.303209	0.252737	0.190021	0.221251	0.204594	0.182207	0.185028	0.15283	0.21228
-10.3354	1.15717	0.676404	0.532898	0.587901	0.545116	0.404305	0.280052	0.343655	0.320771	0.266018	0.217417	0.199427	0.159003	0.203007	0.138064	0.156338
-9.66893	1.42965	0.571572	0.464907	0.388744	0.327439	0.306503	0.261064	0.254338	0.254392	0.23047	0.198314	0.218059	0.199597	0.17871	0.174054	0.155195
-9.8008	1.40947	0.588172	0.472952	0.386343	0.346065	0.321422	0.281569	0.252574	0.281529	0.247597	0.183948	0.236293	0.182322	0.213175	0.189274	0.172059
-9.89244	1.39155	0.604414	0.498219	0.382024	0.364666	0.332222	0.28818	0.244751	0.285031	0.279047	0.188014	0.243161	0.184921	0.211058	0.154005	0.188527
-9.57283	1.3987	0.532798	0.407791	0.32519	0.285918	0.263095	0.250197	0.244057	0.235113	0.222868	0.204944	0.229573	0.182156	0.204115	0.162305	0.196551
-10.0267	1.27987	0.610142	0.444366	0.443915	0.333423	0.302556	0.268707	0.293188	0.298	0.259193	0.204443	0.199617	0.191916	0.228167	0.134298	0.185725
-9.95418	1.36713	0.587957	0.414641	0.403332	0.322025	0.289814	0.238809	0.288955	0.279082	0.220281	0.189835	0.190168	0.215884	0.215027	0.184285	0.16927
-9.81248	1.42648	0.566275	0.418063	0.381308	0.326318	0.274865	0.230008	0.260879	0.222039	0.213207	0.190419	0.195526	0.181372	0.179733	0.142315	0.136498
-10.2708	1.13051	0.626249	0.36411	0.401973	0.419341	0.287817	0.303335	0.28878	0.28946	0.228438	0.123159	0.209539	0.209865	0.218476	0.144448	0.127221
-10.1636	1.15268	0.601706	0.379315	0.379355	0.297653	0.201428	0.214361	0.184287	0.254107	0.214359	0.14719	0.20921	0.219868	0.19854	0.150861	0.199658
-10.2533	1.19034	0.611383	0.374345	0.371185	0.322526	0.244842	0.222129	0.148397	0.248951	0.175613	0.173981	0.219523	0.182739	0.161245	0.135248	0.184934
-10.2358	1.26158	0.679535	0.474254	0.410011	0.401868	0.340438	0.286668	0.21426	0.254327	0.221724	0.21081	0.212714	0.181424	0.0877522	0.0710829	0.141403
-9.67128	1.40646	0.509068	0.407624	0.303981	0.284027	0.241533	0.232614	0.198944	0.203687	0.184294	0.183678	0.165044	0.174707	0.145658	0.153083	0.158967
-9.53197	1.42736	0.472342	0.400339	0.304681	0.27258	0.218435	0.2254	0.207295	0.208945	0.190621	0.179971	0.183792	0.175287	0.167711	0.169346	0.153085
-9.76187	1.43418	0.561363	0.442292	0.359076	0.32914	0.265844	0.280056	0.266663	0.253664	0.214678	0.20486	0.212055	0.201586	0.17371	0.182225	0.139147
-9.53674	1.43687	0.51533	0.418709	0.380484	0.338604	0.232729	0.278998	0.254252	0.235442	0.204098	0.198732	0.219228	0.186631	0.182891	0.182043	0.147058
-9.44862	1.45245	0.489403	0.428046	0.328676	0.297863	0.249368	0.258873	0.217693	0.224137	0.197693	0.207762	0.201769	0.185581	0.19115	0.183263	0.176329
-9.86267	1.3516	0.573575	0.535893	0.427983	0.396126	0.325899	0.286589	0.232902	0.281113	0.221252	0.245777	0.27109	0.222956	0.226848	0.212479	0.175648
-9.44437	1.46177	0.509096	0.447153	0.363233	0.289618	0.270357	0.250079	0.253783	0.249178	0.21948	0.211921	0.190333	0.197232	0.195245	0.181504	0.16739
-9.69783	1.37595	0.51109	0.451304	0.378806	0.337614	0.285764	0.287995	0.263552	0.254939	0.223373	0.193458	0.177461	0.196783	0.16245	0.165287	0.196833
-10.199	1.27444	0.666593	0.484733	0.496715	0.389298	0.357004	0.402934	0.331594	0.309039	0.249906	0.220315	0.23477	0.235293	0.210552	0.18037	0.22436
-9.5942	1.39172	0.543412	0.452384	0.387099	0.304459	0.289221	0.282873	0.232312	0.207641	0.217829	0.237815	0.223252	0.214453	0.187307	0.143434	0.181364
-10.0545	1.29832	0.650243	0.45508	0.426761	0.3421	0.339994	0.355005	0.320307	0.276607	0.216692	0.222145	0.251777	0.198416	0.211381	0.19095	0.22112
-9.87715	1.35059	0.608242	0.397931	0.375713	0.312798	0.31009	0.350599	0.319539	0.278635	0.246382	0.229981	0.238001	0.187097	0.174578	0.198574	0.226459
-9.46025	1.43639	0.53312	0.408853	0.321161	0.254097	0.240005	0.240512	0.285055	0.269355	0.230866	0.191682	0.19583	0.208299	0.196675	0.226093	0.17937
-10.0491	1.32718	0.687153	0.477076	0.443989	0.399723	0.355618	0.328113	0.360722	0.328832	0.264866	0.204931	0.215228	0.232421	0.184138	0.2421	0.174209
-9.51761	1.43602	0.55336	0.438207	0.374673	0.332388	0.289532	0.252157	0.275424	0.258013	0.227114	0.210697	0.182145	0.193885	0.199712	0.197631	0.16571
-9.49168	1.40767	0.507633	0.426957	0.37206	0.338693	0.322106	0.279769	0.251712	0.234866	0.224874	0.197039	0.183044	0.161208	0.157771	0.185188	0.200608
-9.99866	1.28394	0.584863	0.441107	0.426868	0.431194	0.349592	0.263905	0.250465	0.303979	0.271152	0.230129	0.219592	0.232338	0.256037	0.174349	0.253381
-9.44801	1.4467	0.512228	0.423054	0.350206	0.294552	0.267732	0.24554	0.22096	0.23075	0.213991	0.199599	0.187559	0.184619	0.191718	0.179775	0.168357
-9.7073	1.36717	0.552332	0.444852	0.410029	0.342261	0.279364	0.247018	0.244607	0.252427	0.217901	0.196707	0.210071	0.194243	0.169378	0.148523	0.179155
-10.1712	1.21595	0.686821	0.605001	0.517013	0.364285	0.312262	0.300322	0.313616	0.277671	0.234214	0.237417	0.229777	0.171251	0.194572	0.155528	0.191961
-9.7191	1.41881	0.551529	0.436042	0.361119	0.303445	0.276004	0.260862	0.249166	0.23706	0.201244	0.217863	0.196461	0.198508	0.187508	0.164614	0.169129
-10.0511	1.27567	0.59754	0.409886	0.357905	0.306015	0.30028	0.236917	0.235355	0.254556	0.198624	0.229847	0.204681	0.206316	0.171972	0.176648	0.170302
-10.4885	0.982226	0.634825	0.558929	0.518103	0.449418	0.417698	0.209679	0.20462	0.29259	0.241305	0.258676	0.234192	0.191422	0.158211	0.226704	0.135364
-10.3437	1.11741	0.58895	0.453525	0.360519	0.324695	0.278602	0.209713	0.245123	0.2597	0.175036	0.201314	0.192181	0.211725	0.184397	0.169289	0.103785
-10.3163	1.13541	0.610624	0.431064	0.363327	0.324734	0.256208	0.225514	0.263664	0.227834	0.196551	0.192502	0.194092	0.199097	0.189341	0.141608	0.138937
-9.90086	1.35152	0.556649	0.397931	0.352505	0.284576	0.253797	0.222635	0.232684	0.219954	0.176983	0.185222	0.198133	0.171037	0.17723	0.133861	0.154513
-10.1695	1.22859	0.624263	0.457797	0.427941	0.322609	0.284849	0.272441	0.318238	0.297663	0.204386	0.215042	0.196317	0.161678	0.208711	0.174462	0.187142
-9.94794	1.31153	0.576988	0.459367	0.382521	0.337597	0.319555	0.269728	0.276646	0.277091	0.184693	0.187413	0.17241	0.187581	0.21442	0.150506	0.194251
-9.57264	1.41874	0.507676	0.413201	0.335111	0.291051	0.255516	0.243394	0.226223	0.234517	0.169938	0.205461	0.186179	0.185662	0.190782	0.162379	0.163538
-10.065	1.36481	0.642426	0.490471	0.453326	0.410578	0.346639	0.276668	0.286569	0.270899	0.172141	0.256999	0.262764	0.205456	0.203075	0.148097	0.147045
-9.73855	1.44757	0.59096	0.500451	0.386245	0.341697	0.311335	0.281067	0.253958	0.259158	0.221315	0.22173	0.227676	0.204455	0.189817	0.182519	0.166989
-9.74874	1.40201	0.599976	0.487618	0.41169	0.388617	0.343667	0.292159	0.256843	0.231401	0.228919	0.238446	0.202333	0.16835	0.166558	0.172694	0.180514
-10.3325	1.06973	0.706319	0.647807	0.597506	0.315093	0.290638	0.335641	0.27812	0.288725	0.307705	0.379289	0.34486	0.248387	0.21468	0.151254	0.220299
-9.79365	1.37025	0.584699	0.458954	0.422997	0.307397	0.293852	0.294464	0.220398	0.266475	0.210444	0.200222	0.18339	0.209689	0.181388	0.14057	0.172809
-10.1147	1.26793	0.560438	0.408452	0.450824	0.351248	0.273438	0.261414	0.222983	0.299443	0.22642	0.220407	0.168685	0.225035	0.231631	0.211062	0.181381
-10.1982	1.19123	0.568842	0.411944	0.4549	0.412744	0.300787	0.291245	0.252111	0.272331	0.261839	0.220602	0.217512	0.193924	0.191964	0.178533	0.152535
-9.7107	1.37421	0.505083	0.398024	0.325598	0.293117	0.233801	0.231903	0.20045	0.206235	0.193007	0.160626	0.159336	0.183161	0.194707	0.169035	0.170492
-9.8505	1.34923	0.519731	0.421857	0.361218	0.301145	0.246047	0.265228	0.229331	0.236151	0.216788	0.188899	0.198889	0.198717	0.191861	0.164913	0.191172
-9.82254	1.40009	0.540044	0.432693	0.370719	0.303423	0.255565	0.274162	0.235834	0.237512	0.198752	0.219936	0.213699	0.190838	0.192231	0.177315	0.188269
-9.63069	1.35209	0.488657	0.428764	0.35539	0.294514	0.234892	0.272962	0.239185	0.241716	0.212275	0.222967	0.203152	0.195125	0.188899	0.161089	0.141061
-9.52296	1.46069	0.488274	0.433309	0.325084	0.283657	0.253649	0.251075	0.216379	0.203607	0.212729	0.19744	0.184466	0.188992	0.185204	0.172073	0.163505
-9.62302	1.41279	0.513703	0.466727	0.360423	0.269464	0.254078	0.258847	0.223422	0.20949	0.214148	0.2116	0.200253	0.196946	0.173946	0.140015	0.125763
-9.47585	1.44396	0.475673	0.405269	0.309768	0.264239	0.239218	0.221169	0.211947	0.195472	0.189657	0.197442	0.177766	0.177362	0.159085	0.154337	0.157095
-9.87843	1.28739	0.557757	0.416762	0.319044	0.276994	0.21063	0.254325	0.264774	0.217781	0.187389	0.23707	0.229454	0.22293	0.201609	0.219511	0.200988
-9.97754	1.31425	0.59208	0.44791	0.384104	0.358082	0.253733	0.258938	0.286198	0.233261	0.192555	0.25927	0.193752	0.218472	0.173491	0.161315	0.163426
-9.79867	1.38346	0.544	0.434812	0.343586	0.317093	0.255881	0.235444	0.250565	0.227561	0.186828	0.21432	0.175268	0.1802	0.14085	0.11476	0.152547
-9.87537	1.32614	0.520302	0.381207	0.311381	0.263314	0.228513	0.197948	0.208938	0.195042	0.154485	0.186544	0.150891	0.168561	0.138437	0.140944	0.132995
-10.3578	1.06184	0.558305	0.431113	0.393063	0.304292	0.173204	0.147152	0.175916	0.203872	0.0990857	0.125243	0.156573	0.174978	0.188386	0.227725	0.183485
-10.532	0.990521	0.595264	0.442216	0.429848	0.339955	0.124742	0.148859	0.205854	0.211964	0.10767	0.0908853	0.160383	0.113133	0.133842	0.227364	0.258955
-10.5231	0.996492	0.675319	0.483893	0.477181	0.407582	0.183949	0.164124	0.186691	0.0807632	0.125845	0.169258	0.163227	0.022574	0.0729227	0.187996	0.234559
-10.2745	1.13674	0.614343	0.391924	0.395683	0.33797	0.205032	0.165942	0.205706	0.160317	0.18143	0.210003	0.127352	0.0690518	0.115209	0.147453	0.0882637
-10.0088	1.28595	0.576609	0.388526	0.388397	0.315064	0.240516	0.240442	0.224419	0.218733	0.188364	0.202893	0.16355	0.16779	0.14551	0.176299	0.129411
-10.1588	1.22434	0.59436	0.412177	0.392286	0.347341	0.209656	0.278632	0.270094	0.260214	0.219631	0.244612	0.252904	0.233269	0.1833	0.202551	0.180737
-10.1538	1.20676	0.583871	0.431527	0.372601	0.36434	0.185497	0.290138	0.259064	0.240206	0.179547	0.157896	0.173171	0.188311	0.200113	0.242981	0.169614
-10.0699	1.2389	0.580554	0.44834	0.388928	0.384052	0.243567	0.312798	0.296331	0.257289	0.230595	0.205837	0.222035	0.200288	0.137137	0.215214	0.136265
-10.4123	1.06952	0.671802	0.588069	0.522524	0.44133	0.259479	0.32716	0.264558	0.162524	0.181191	0.274014	0.250548	0.174475	0.170201	0.253851	0.121235
-10.1956	1.18766	0.605132	0.482565	0.435972	0.343115	0.244143	0.306085	0.27694	0.207418	0.239579	0.238341	0.215433	0.198868	0.172017	0.175561	0.101892
-10.1827	1.23339	0.58044	0.436452	0.396319	0.285255	0.245323	0.265253	0.250063	0.238056	0.224158	0.177251	0.140007	0.192985	0.123787	0.106507	0.0992301
-10.1478	1.39022	0.674522	0.496405	0.459293	0.346629	0.236764	0.268186	0.230163	0.228018	0.244784	0.178494	0.0849956	0.10511	0.0690242	0.113304	0.0740638
-10.1292	1.48965	0.757666	0.514129	0.466101	0.382767	0.189367	0.208951	0.193369	0.203038	0.220955	0.144962	0.0606462	0.0126609	0.00787913	0.117294	0.0503291
