5.544240000000000279e+00
5.544240000000000279e+00
5.544240000000000279e+00
5.544240000000000279e+00
5.544240000000000279e+00
5.544240000000000279e+00
5.544240000000000279e+00
5.544240000000000279e+00
5.544240000000000279e+00
5.544240000000000279e+00
5.544240000000000279e+00
5.544240000000000279e+00
5.544240000000000279e+00
5.544240000000000279e+00
5.544240000000000279e+00
5.544240000000000279e+00
5.544240000000000279e+00
5.544240000000000279e+00
5.544240000000000279e+00
5.544240000000000279e+00
5.544240000000000279e+00
5.544240000000000279e+00
5.544240000000000279e+00
5.544240000000000279e+00
5.544240000000000279e+00
5.544240000000000279e+00
5.544240000000000279e+00
5.544240000000000279e+00
5.544240000000000279e+00
5.544240000000000279e+00
5.544240000000000279e+00
5.544240000000000279e+00
5.544240000000000279e+00
5.544240000000000279e+00
5.544240000000000279e+00
5.544240000000000279e+00
5.542229999999999990e+00
5.542939999999999756e+00
5.544369999999999798e+00
5.545329999999999870e+00
5.545029999999999681e+00
5.543099999999999916e+00
5.539699999999999847e+00
5.535689999999999777e+00
5.534639999999999560e+00
5.538920000000000066e+00
5.543680000000000163e+00
5.545679999999999943e+00
5.545259999999999856e+00
5.543580000000000396e+00
5.541970000000000063e+00
5.541310000000000180e+00
5.541489999999999583e+00
5.541909999999999670e+00
5.542320000000000135e+00
5.542779999999999596e+00
5.543199999999999683e+00
5.543420000000000236e+00
5.543800000000000061e+00
5.545200000000000351e+00
5.548079999999999679e+00
5.551849999999999952e+00
5.555900000000000283e+00
5.560480000000000089e+00
5.566089999999999982e+00
5.572490000000000165e+00
5.578920000000000101e+00
5.585350000000000037e+00
5.593539999999999957e+00
5.602890000000000370e+00
5.615319999999999645e+00
5.629780000000000229e+00
5.643069999999999808e+00
5.654759999999999565e+00
5.665399999999999991e+00
5.673949999999999605e+00
5.682080000000000020e+00
5.689009999999999678e+00
5.695129999999999804e+00
5.702040000000000219e+00
5.708689999999999820e+00
5.715250000000000163e+00
5.722400000000000375e+00
5.728509999999999991e+00
5.734119999999999884e+00
5.739799999999999791e+00
5.744150000000000311e+00
5.746610000000000440e+00
5.747550000000000381e+00
5.747239999999999682e+00
5.745899999999999785e+00
5.743560000000000443e+00
5.739670000000000272e+00
5.733030000000000292e+00
5.721300000000000274e+00
5.693159999999999776e+00
5.650039999999999729e+00
5.602020000000000444e+00
5.553869999999999862e+00
5.522660000000000124e+00
5.500740000000000407e+00
5.480439999999999756e+00
5.459419999999999717e+00
5.437640000000000029e+00
5.415569999999999773e+00
5.394210000000000171e+00
5.375799999999999912e+00
5.362820000000000142e+00
5.354759999999999742e+00
5.349980000000000402e+00
5.348290000000000433e+00
5.355730000000000324e+00
5.379620000000000068e+00
5.415639999999999787e+00
5.413870000000000182e+00
5.406871290322580847e+00
5.399872580645161513e+00
5.392873870967742178e+00
5.385875161290322843e+00
5.378876451612903509e+00
5.371877741935484174e+00
5.364879032258064839e+00
5.357880322580645505e+00
5.350881612903226170e+00
5.343882903225806835e+00
5.336884193548387501e+00
5.329885483870968166e+00
5.322886774193548831e+00
5.315888064516129496e+00
5.308889354838710162e+00
5.301890645161289939e+00
5.294891935483870604e+00
5.287893225806451269e+00
5.280894516129031935e+00
5.273895806451612600e+00
5.266897096774193265e+00
5.259898387096773931e+00
5.252899677419354596e+00
5.245900967741935261e+00
5.238902258064515927e+00
5.231903548387096592e+00
5.224904838709677257e+00
5.217906129032257923e+00
5.210907419354838588e+00
5.203908709677419253e+00
5.196909999999999918e+00
5.199970000000000425e+00
5.203899999999999970e+00
5.206019999999999648e+00
5.206339999999999968e+00
5.205860000000000376e+00
5.205180000000000362e+00
5.203490000000000393e+00
5.199390000000000178e+00
5.192280000000000229e+00
5.183159999999999989e+00
5.173429999999999751e+00
5.164390000000000036e+00
5.157460000000000377e+00
5.153609999999999580e+00
5.152129999999999654e+00
5.151469999999999771e+00
5.150260000000000282e+00
5.148069999999999702e+00
5.145419999999999661e+00
5.142759999999999998e+00
4.482109999999999594e+00
4.485689999999999955e+00
4.480299999999999727e+00
4.476340000000000430e+00
4.475500000000000256e+00
4.471779999999999866e+00
4.460539999999999949e+00
4.447079999999999700e+00
4.440240000000000187e+00
4.438719999999999999e+00
4.431259999999999977e+00
4.419030000000000236e+00
4.413599999999999746e+00
4.410709999999999908e+00
4.408780000000000143e+00
4.442829999999999835e+00
4.443730000000000402e+00
4.444399999999999906e+00
4.445700000000000429e+00
5.154860000000000220e+00
5.179330000000000211e+00
5.188670000000000115e+00
5.199130000000000251e+00
5.211439999999999628e+00
5.220519999999999605e+00
5.227289999999999992e+00
5.233710000000000306e+00
5.239209999999999923e+00
5.244950000000000223e+00
5.255320000000000213e+00
5.275730000000000253e+00
5.294480000000000075e+00
5.314269999999999605e+00
5.334279999999999688e+00
5.349949999999999761e+00
5.363489999999999647e+00
5.374139999999999695e+00
5.382100000000000328e+00
5.389289999999999914e+00
5.396670000000000300e+00
5.405409999999999826e+00
5.415849999999999831e+00
5.428530000000000300e+00
5.445859999999999701e+00
5.471930000000000405e+00
5.503160000000000274e+00
5.520179999999999865e+00
5.525260000000000282e+00
5.523690000000000211e+00
5.523690000000000211e+00
5.523690000000000211e+00
5.523690000000000211e+00
5.523690000000000211e+00
5.523690000000000211e+00
5.523690000000000211e+00
5.523690000000000211e+00
5.523690000000000211e+00
5.523690000000000211e+00
5.523690000000000211e+00
5.523690000000000211e+00
5.523690000000000211e+00
5.523690000000000211e+00
5.523690000000000211e+00
5.523690000000000211e+00
5.523690000000000211e+00
5.523690000000000211e+00
5.523690000000000211e+00
5.523690000000000211e+00
5.523690000000000211e+00
5.523690000000000211e+00
5.523690000000000211e+00
5.523690000000000211e+00
5.523690000000000211e+00
5.523690000000000211e+00
5.523690000000000211e+00
5.523690000000000211e+00
5.523690000000000211e+00
5.523690000000000211e+00
5.523690000000000211e+00
5.523690000000000211e+00
5.523690000000000211e+00
5.523690000000000211e+00
