1.125880000000000109e+03
1.125880000000000109e+03
1.125880000000000109e+03
1.125880000000000109e+03
1.125880000000000109e+03
1.125880000000000109e+03
1.125880000000000109e+03
1.125880000000000109e+03
1.125880000000000109e+03
1.125880000000000109e+03
1.125880000000000109e+03
1.125880000000000109e+03
1.125880000000000109e+03
1.125880000000000109e+03
1.125880000000000109e+03
1.125880000000000109e+03
1.125880000000000109e+03
1.125880000000000109e+03
1.125880000000000109e+03
1.125880000000000109e+03
1.125880000000000109e+03
1.125880000000000109e+03
1.125880000000000109e+03
1.125880000000000109e+03
1.125880000000000109e+03
1.125880000000000109e+03
1.125880000000000109e+03
1.125880000000000109e+03
1.125880000000000109e+03
1.125880000000000109e+03
1.125880000000000109e+03
1.125880000000000109e+03
1.125880000000000109e+03
1.125880000000000109e+03
1.125880000000000109e+03
1.125880000000000109e+03
1.125880000000000109e+03
1.125880000000000109e+03
1.125880000000000109e+03
1.125880000000000109e+03
1.125880000000000109e+03
1.125880000000000109e+03
1.125880000000000109e+03
1.125880000000000109e+03
1.125880000000000109e+03
1.125880000000000109e+03
1.125880000000000109e+03
1.125880000000000109e+03
1.125880000000000109e+03
1.125880000000000109e+03
1.125880000000000109e+03
1.125880000000000109e+03
1.125880000000000109e+03
1.125880000000000109e+03
1.125880000000000109e+03
1.125880000000000109e+03
1.125880000000000109e+03
1.125880000000000109e+03
1.515619999999999891e+03
5.081720000000000255e+03
5.792439999999999600e+03
5.792439999999999600e+03
5.515619999999999891e+03
5.515619999999999891e+03
5.250000000000000000e+03
2.999940000000000055e+03
2.999940000000000055e+03
2.250000000000000000e+03
2.000000000000000000e+03
1.827450000000000045e+03
1.569109999999999900e+03
1.166759999999999991e+03
1.114430000000000064e+03
1.019240000000000009e+03
1.031364375000000109e+03
1.043488749999999982e+03
1.055613125000000082e+03
1.067737499999999955e+03
1.079861875000000055e+03
1.091986249999999927e+03
1.104110625000000027e+03
1.116235000000000127e+03
1.128359375000000000e+03
1.140483750000000100e+03
1.152608124999999973e+03
1.164732500000000073e+03
1.176856874999999945e+03
1.188981250000000045e+03
1.201105625000000146e+03
1.213230000000000018e+03
1.920490000000000009e+03
3.223590000000000146e+03
3.425090000000000146e+03
4.843750000000000000e+03
4.843750000000000000e+03
4.843750000000000000e+03
5.508569999999999709e+03
1.390829999999999927e+03
1.390829999999999927e+03
4.308579999999999927e+03
4.648630000000000109e+03
4.308579999999999927e+03
4.308579999999999927e+03
3.625000000000000000e+03
3.625000000000000000e+03
2.421880000000000109e+03
2.274679999999999836e+03
3.625000000000000000e+03
2.274679999999999836e+03
2.274679999999999836e+03
2.274679999999999836e+03
4.077250000000000000e+03
4.077250000000000000e+03
5.179840000000000146e+03
5.179840000000000146e+03
5.179840000000000146e+03
5.625000000000000000e+03
5.625000000000000000e+03
5.625000000000000000e+03
5.625000000000000000e+03
6.062500000000000000e+03
6.062500000000000000e+03
6.062500000000000000e+03
6.062500000000000000e+03
6.062500000000000000e+03
2.444730000000000018e+03
2.444730000000000018e+03
2.031250000000000000e+03
1.703119999999999891e+03
1.682528799999999819e+03
1.661937599999999975e+03
1.641346399999999903e+03
1.620755199999999832e+03
1.600163999999999987e+03
1.579572799999999916e+03
1.558981599999999844e+03
1.538390399999999772e+03
1.517799199999999928e+03
1.497207999999999856e+03
1.476616799999999785e+03
1.456025599999999940e+03
1.435434399999999869e+03
1.414843199999999797e+03
1.394251999999999953e+03
1.373660799999999881e+03
1.353069599999999809e+03
1.332478399999999965e+03
1.311887199999999893e+03
1.291295999999999822e+03
1.270704799999999977e+03
1.250113599999999906e+03
1.229522399999999834e+03
1.208931199999999990e+03
1.188339999999999918e+03
3.296880000000000109e+03
3.500000000000000000e+03
3.687500000000000000e+03
3.687500000000000000e+03
3.687500000000000000e+03
4.734380000000000109e+03
5.842050000000000182e+03
5.842050000000000182e+03
4.258619999999999891e+03
4.258619999999999891e+03
3.562170000000000073e+03
3.276900000000000091e+03
2.488809999999999945e+03
1.504329999999999927e+03
1.483890000000000100e+03
1.153369999999999891e+03
1.024009999999999991e+03
1.036896874999999909e+03
1.049783750000000055e+03
1.062670624999999973e+03
1.075557499999999891e+03
1.088444375000000036e+03
1.101331249999999955e+03
1.114218125000000100e+03
1.127105000000000018e+03
1.139991874999999936e+03
1.152878750000000082e+03
1.165765625000000000e+03
1.178652500000000146e+03
1.191539375000000064e+03
1.204426249999999982e+03
1.217313125000000127e+03
1.230200000000000045e+03
1.411680000000000064e+03
1.481789999999999964e+03
2.324929999999999836e+03
3.407010000000000218e+03
3.407010000000000218e+03
4.045000000000000000e+03
6.098800000000000182e+03
6.114060000000000400e+03
6.265619999999999891e+03
6.265619999999999891e+03
6.265619999999999891e+03
4.495800000000000182e+03
4.331090000000000146e+03
1.110740000000000009e+03
1.092839999999999918e+03
1.092839999999999918e+03
1.092839999999999918e+03
1.092839999999999918e+03
1.158970000000000027e+03
1.997079999999999927e+03
3.482059999999999945e+03
4.242189999999999600e+03
5.919130000000000109e+03
5.919130000000000109e+03
5.919130000000000109e+03
5.511970000000000255e+03
5.355500000000000000e+03
3.558510000000000218e+03
2.575889999999999873e+03
2.573210000000000036e+03
2.573210000000000036e+03
2.575889999999999873e+03
4.641489999999999782e+03
4.641489999999999782e+03
4.641489999999999782e+03
3.212880000000000109e+03
3.200469999999999800e+03
3.200469999999999800e+03
3.200469999999999800e+03
3.200469999999999800e+03
3.656250000000000000e+03
3.679980000000000018e+03
3.679980000000000018e+03
7.774479999999999563e+03
7.774479999999999563e+03
7.774479999999999563e+03
7.755789999999999964e+03
7.536949999999999818e+03
7.536949999999999818e+03
7.468060000000000400e+03
7.468060000000000400e+03
6.859380000000000109e+03
6.859380000000000109e+03
6.621800000000000182e+03
6.177000000000000000e+03
4.292720000000000255e+03
2.736400000000000091e+03
2.736400000000000091e+03
2.736400000000000091e+03
5.271810000000000400e+03
5.664319999999999709e+03
5.664319999999999709e+03
5.303689999999999600e+03
5.271810000000000400e+03
4.843750000000000000e+03
4.843750000000000000e+03
4.843750000000000000e+03
5.757649999999999636e+03
6.325569999999999709e+03
6.325569999999999709e+03
6.578119999999999891e+03
6.578119999999999891e+03
6.578119999999999891e+03
6.681819999999999709e+03
6.681819999999999709e+03
6.681819999999999709e+03
5.709119999999999891e+03
3.794170000000000073e+03
3.379670000000000073e+03
2.989480000000000018e+03
2.989480000000000018e+03
3.304090000000000146e+03
3.359380000000000109e+03
3.304090000000000146e+03
3.304090000000000146e+03
3.359380000000000109e+03
3.359380000000000109e+03
5.421880000000000109e+03
5.421880000000000109e+03
5.820310000000000400e+03
5.421880000000000109e+03
5.421880000000000109e+03
6.036630000000000109e+03
6.088810000000000400e+03
6.036630000000000109e+03
7.827050000000000182e+03
7.827050000000000182e+03
5.867189999999999600e+03
5.254170000000000073e+03
5.254170000000000073e+03
5.254170000000000073e+03
5.613170000000000073e+03
5.959550000000000182e+03
6.259029999999999745e+03
6.259029999999999745e+03
5.959550000000000182e+03
4.222960000000000036e+03
4.222960000000000036e+03
3.833980000000000018e+03
3.822320000000000164e+03
3.822320000000000164e+03
3.833980000000000018e+03
3.833980000000000018e+03
6.382810000000000400e+03
6.382810000000000400e+03
6.382810000000000400e+03
6.382810000000000400e+03
6.346810000000000400e+03
6.346810000000000400e+03
6.346810000000000400e+03
6.346810000000000400e+03
6.206579999999999927e+03
6.206579999999999927e+03
5.812960000000000036e+03
5.812960000000000036e+03
5.812960000000000036e+03
7.039060000000000400e+03
5.742189999999999600e+03
5.789939999999999600e+03
6.409760000000000218e+03
5.890500000000000000e+03
5.789939999999999600e+03
5.789939999999999600e+03
5.839029999999999745e+03
5.625000000000000000e+03
5.449039999999999964e+03
5.449039999999999964e+03
2.882900000000000091e+03
2.882900000000000091e+03
2.625000000000000000e+03
2.882900000000000091e+03
3.044500000000000000e+03
3.846320000000000164e+03
3.846320000000000164e+03
3.846320000000000164e+03
3.846320000000000164e+03
3.266579999999999927e+03
3.076630000000000109e+03
3.076630000000000109e+03
3.266579999999999927e+03
3.010210000000000036e+03
5.834369999999999891e+03
5.834369999999999891e+03
3.021969999999999800e+03
3.021969999999999800e+03
3.021969999999999800e+03
3.021969999999999800e+03
3.626349999999999909e+03
3.810260000000000218e+03
3.810260000000000218e+03
4.625000000000000000e+03
3.810260000000000218e+03
3.810260000000000218e+03
3.474590000000000146e+03
3.474590000000000146e+03
3.474590000000000146e+03
5.311220000000000255e+03
7.468750000000000000e+03
7.468750000000000000e+03
6.142029999999999745e+03
5.311220000000000255e+03
5.109380000000000109e+03
5.052649999999999636e+03
5.052649999999999636e+03
5.052649999999999636e+03
5.401609999999999673e+03
5.401609999999999673e+03
5.401609999999999673e+03
5.401609999999999673e+03
5.401609999999999673e+03
4.263970000000000255e+03
5.632810000000000400e+03
6.058010000000000218e+03
6.058010000000000218e+03
5.632810000000000400e+03
7.377819999999999709e+03
7.541750000000000000e+03
7.377819999999999709e+03
3.664650000000000091e+03
6.182560000000000400e+03
6.182560000000000400e+03
6.182560000000000400e+03
6.182560000000000400e+03
6.234380000000000109e+03
6.234380000000000109e+03
6.234380000000000109e+03
6.158569999999999709e+03
6.158569999999999709e+03
5.796880000000000109e+03
1.146109999999999900e+03
1.049220000000000027e+03
1.045759999999999991e+03
1.049220000000000027e+03
1.049220000000000027e+03
1.045759999999999991e+03
1.120170000000000073e+03
1.121309999999999945e+03
1.290259999999999991e+03
1.290259999999999991e+03
1.290259999999999991e+03
1.290259999999999991e+03
1.290259999999999991e+03
1.375720000000000027e+03
1.707730000000000018e+03
2.242190000000000055e+03
2.560739999999999782e+03
2.560739999999999782e+03
2.078730000000000018e+03
2.078730000000000018e+03
1.591160000000000082e+03
1.591160000000000082e+03
1.074220000000000027e+03
1.591160000000000082e+03
1.591160000000000082e+03
1.610089999999999918e+03
1.610089999999999918e+03
1.610089999999999918e+03
1.292940000000000055e+03
1.155950000000000045e+03
1.155950000000000045e+03
1.141549999999999955e+03
1.032079999999999927e+03
1.032079999999999927e+03
1.032079999999999927e+03
1.032079999999999927e+03
1.032079999999999927e+03
1.032079999999999927e+03
1.032079999999999927e+03
1.032079999999999927e+03
1.032079999999999927e+03
1.032079999999999927e+03
1.032079999999999927e+03
1.032079999999999927e+03
1.032079999999999927e+03
1.032079999999999927e+03
1.032079999999999927e+03
1.032079999999999927e+03
1.032079999999999927e+03
1.032079999999999927e+03
1.032079999999999927e+03
1.032079999999999927e+03
1.032079999999999927e+03
1.032079999999999927e+03
1.032079999999999927e+03
1.032079999999999927e+03
1.032079999999999927e+03
1.032079999999999927e+03
1.032079999999999927e+03
1.032079999999999927e+03
1.032079999999999927e+03
1.032079999999999927e+03
1.032079999999999927e+03
1.032079999999999927e+03
1.032079999999999927e+03
1.032079999999999927e+03
1.032079999999999927e+03
1.032079999999999927e+03
1.032079999999999927e+03
1.032079999999999927e+03
1.032079999999999927e+03
1.032079999999999927e+03
1.032079999999999927e+03
1.032079999999999927e+03
1.032079999999999927e+03
1.032079999999999927e+03
1.032079999999999927e+03
1.032079999999999927e+03
1.032079999999999927e+03
1.032079999999999927e+03
1.032079999999999927e+03
1.032079999999999927e+03
1.032079999999999927e+03
1.032079999999999927e+03
1.032079999999999927e+03
1.032079999999999927e+03
1.032079999999999927e+03
1.032079999999999927e+03
1.032079999999999927e+03
1.032079999999999927e+03
1.032079999999999927e+03
1.032079999999999927e+03
1.032079999999999927e+03
