0
0
0
0
0
0
0
0
0
0
0
0
0
0
0
0
0
0
0
0
0
0
0
0
0
0
0
0
0
0
0
0
0
0
0
0
0
0
0
0
0
0
0
0
0
0
0
0
0
0
0
0
0
0
0
0
0
0
0
0
0
0
1520.05
1612.28
1612.28
1612.28
1976.42
5179.68
5453.12
5717.95
7540.23
5717.95
5717.95
2953.12
2953.12
2953.12
3741.06
3741.06
5508.37
6304.32
6500
7683.36
7777.5
7777.5
7690.71
7777.5
7690.71
6124.9
7648.88
7648.88
7648.88
7675.43
7693.28
7693.28
7675.43
6718.75
6615
4852.64
1891.79
1868.77
1868.77
1868.77
1879.88
2008.33
2453.12
2453.12
2008.33
1778.74
1778.74
1778.74
5218.75
6066.77
6066.77
6066.77
4823.36
4823.36
3986.13
2846.08
3099.42
3099.42
3099.42
3894.74
5483.45
5483.45
3894.74
3507.43
2300.9
2300.9
2300.9
2300.9
2101.37
2101.37
2063.41
2063.41
2101.37
4421.2
4421.2
4464.24
4464.24
6468.08
6468.08
6468.08
6363.15
6363.15
6363.15
6835.35
6835.35
7364.61
7364.61
6835.35
7484.38
7484.38
6519.59
4697.76
6519.59
5496.41
5359.38
5359.38
5359.38
4361.46
4315.85
4162.35
3545.52
3545.52
4162.35
4162.35
4323.55
4323.55
4875
4797.94
5199.21
4797.94
4797.94
4597.42
4428.54
2601.56
2601.56
2381.93
2381.93
2381.93
2381.93
2271.7
1762.95
1762.95
1375
1375
1375
1375
1343.44
1343.44
1234.36
1265.12
1088.57
1265.12
1215.1
1265.12
1232.59
1232.59
1215.1
0
0
0
0
0
0
0
0
1111.8
1703.12
2129.94
6065.52
6352.13
6352.13
6578.12
6578.12
6174.16
5460.94
4911.81
4911.81
4896.84
4850.59
4850.59
3975.45
3538.66
3357.38
2960.94
2960.94
2960.94
4048.82
4048.82
6216.49
4062.5
4062.5
3494.9
3203.71
3203.71
3203.71
3253.5
3253.5
3253.5
3253.5
3033.43
3024.25
3024.25
3024.25
1929.89
1319.3
1319.3
1319.3
1344.96
1383.16
1585.94
1585.94
1585.94
1019.58
0
0
0
0
0
0
0
0
0
0
0
1296.88
1671.88
1673.52
1828.12
2494.93
2494.93
2555.09
3473.39
3172.53
3172.53
3473.39
4750
4750
5082.89
5082.89
5082.89
4270.09
4270.09
4270.09
4270.09
4758.66
5416.73
7390.62
7390.62
5416.73
2381.89
1875.89
1306.12
1306.12
1306.12
1306.12
1109.38
0
0
0
0
0
0
0
0
0
0
0
0
0
0
0
0
0
0
0
0
0
0
0
0
0
0
0
0
0
0
0
0
0
0
0
0
0
0
0
0
0
0
0
0
0
0
0
0
0
0
