-1e+10
-1e+10
-1e+10
-1e+10
-1e+10
-1e+10
-1e+10
-1e+10
-1e+10
-1e+10
-1e+10
-1e+10
-1e+10
-1e+10
-1e+10
-1e+10
-1e+10
-1e+10
-1e+10
-1e+10
-1e+10
-1e+10
-1e+10
-1e+10
-1e+10
-1e+10
-1e+10
-1e+10
-1e+10
-1e+10
-1e+10
-1e+10
-1e+10
-1e+10
-1e+10
-1e+10
-1e+10
-1e+10
-1e+10
-1e+10
-1e+10
-1e+10
-1e+10
-1e+10
-1e+10
-1e+10
-1e+10
-1e+10
-1e+10
-1e+10
-1e+10
-1e+10
-1e+10
-1e+10
-1e+10
-1e+10
-1e+10
5.38192
5.37333
5.37024
5.36855
5.36656
5.3629
5.3565
5.3469
5.33395
5.31755
5.29916
5.28107
5.26631
5.25605
5.25012
5.25017
5.25064
-1e+10
-1e+10
-1e+10
-1e+10
-1e+10
-1e+10
-1e+10
-1e+10
-1e+10
-1e+10
-1e+10
-1e+10
-1e+10
-1e+10
-1e+10
5.7333
5.75684
5.75422
5.74266
5.71276
5.71724
5.725
5.73459
5.7526
5.79776
5.81668
5.82069
5.82295
5.83053
5.84853
5.87276
5.894
5.91102
5.93066
5.95953
5.98943
6.00694
6.01129
6.00704
5.99846
5.9887
5.97811
5.96514
5.94827
5.92814
5.90591
5.88152
5.8533
5.8191
5.7797
5.7416
5.71083
5.68747
5.6684
5.65053
-1e+10
-1e+10
-1e+10
-1e+10
-1e+10
-1e+10
-1e+10
-1e+10
-1e+10
-1e+10
-1e+10
-1e+10
-1e+10
-1e+10
-1e+10
-1e+10
-1e+10
-1e+10
-1e+10
-1e+10
-1e+10
-1e+10
-1e+10
-1e+10
5.40726
5.3991
5.39295
5.38675
5.37928
5.37068
5.36185
5.35348
5.34492
5.3357
5.32521
5.31243
5.29674
5.27871
5.2601
5.24293
5.22926
5.22301
-1e+10
-1e+10
-1e+10
-1e+10
-1e+10
-1e+10
-1e+10
-1e+10
-1e+10
-1e+10
-1e+10
-1e+10
-1e+10
-1e+10
-1e+10
5.33537
5.3157
5.30866
5.30753
5.30763
5.30656
5.30298
5.29689
5.28803
5.27726
5.26593
5.25594
5.24712
5.23884
5.23096
5.22078
5.20229
5.19559
5.23432
5.17391
5.17567
5.17772
5.17495
5.16844
5.16101
5.15596
5.15184
5.14908
5.14763
4.45073
4.44751
4.4442
4.44115
4.43836
4.43633
4.4357
4.43682
4.4391
4.4424
4.44734
4.4538
4.45972
5.1604
5.16591
5.17271
5.18117
5.18817
5.19315
5.19813
5.20302
5.20805
5.21266
5.2174
5.2228
5.22671
5.22979
5.23357
5.24071
5.25264
5.26368
5.27171
5.27765
5.28252
5.28747
5.29355
5.29965
5.30372
5.30607
5.30772
5.30897
5.30923
5.30747
5.30261
5.29513
5.28619
5.27718
5.26776
5.25778
5.24918
5.2469
5.25835
5.28295
5.29254
5.29212
5.28808
5.28478
5.28218
5.27638
5.21402
5.2039
5.19629
5.19013
5.18509
5.18142
5.17881
5.1773
5.17756
5.1801
5.18357
5.18639
5.18834
5.18989
5.19126
5.19224
5.19275
5.19342
5.19476
5.1967
5.19869
5.20039
5.20182
5.20284
5.20337
5.2038
5.20464
5.20556
5.20601
5.20591
5.20585
5.20627
5.20689
5.207
5.2062
5.2048
5.20337
5.20204
5.20056
5.19852
5.19604
5.19321
5.18966
5.1848
5.17969
5.17572
5.1726
5.16919
5.16456
5.15878
5.15258
5.15065
5.15691
5.16278
5.16466
5.16337
5.16308
5.16757
5.17747
5.18983
5.20198
5.21219
5.22022
5.22655
5.23157
5.23592
5.23962
5.24296
5.24601
5.24858
5.25058
5.25236
5.25458
5.25774
5.26241
5.26965
5.27726
5.28032
5.28073
5.28096
5.28144
5.28192
5.2821
5.28192
5.28154
5.28089
5.2797
5.27795
5.27597
5.27379
5.27064
5.26543
5.25885
5.25229
5.24687
5.24149
5.23527
5.22714
5.21732
5.20731
5.19868
5.18981
5.17516
5.14671
5.13112
5.12667
5.12712
5.13037
5.1297
5.1207
5.11362
5.10994
-1e+10
4.48103
4.47978
4.47496
4.46538
4.45632
4.42868
4.38077
4.37572
4.41225
4.4329
4.43328
4.42657
4.41948
4.41045
4.40207
4.39295
4.38336
4.37534
4.37058
4.3723
4.38873
4.42383
4.45518
4.49328
4.51324
4.5122
4.49845
5.20006
5.20116
5.20991
5.21468
5.21583
-1e+10
-1e+10
-1e+10
-1e+10
-1e+10
-1e+10
-1e+10
-1e+10
-1e+10
-1e+10
-1e+10
-1e+10
-1e+10
-1e+10
-1e+10
-1e+10
-1e+10
-1e+10
-1e+10
-1e+10
-1e+10
-1e+10
-1e+10
-1e+10
-1e+10
-1e+10
-1e+10
-1e+10
-1e+10
-1e+10
-1e+10
-1e+10
-1e+10
-1e+10
-1e+10
-1e+10
-1e+10
-1e+10
-1e+10
-1e+10
-1e+10
-1e+10
-1e+10
-1e+10
-1e+10
-1e+10
-1e+10
-1e+10
-1e+10
-1e+10
-1e+10
-1e+10
-1e+10
-1e+10
-1e+10
-1e+10
-1e+10
-1e+10
-1e+10
-1e+10
