1.520049999999999955e+03
1.520049999999999955e+03
1.520049999999999955e+03
1.520049999999999955e+03
1.520049999999999955e+03
1.520049999999999955e+03
1.520049999999999955e+03
1.520049999999999955e+03
1.520049999999999955e+03
1.520049999999999955e+03
1.520049999999999955e+03
1.520049999999999955e+03
1.520049999999999955e+03
1.520049999999999955e+03
1.520049999999999955e+03
1.520049999999999955e+03
1.520049999999999955e+03
1.520049999999999955e+03
1.520049999999999955e+03
1.520049999999999955e+03
1.520049999999999955e+03
1.520049999999999955e+03
1.520049999999999955e+03
1.520049999999999955e+03
1.520049999999999955e+03
1.520049999999999955e+03
1.520049999999999955e+03
1.520049999999999955e+03
1.520049999999999955e+03
1.520049999999999955e+03
1.520049999999999955e+03
1.520049999999999955e+03
1.520049999999999955e+03
1.520049999999999955e+03
1.520049999999999955e+03
1.520049999999999955e+03
1.520049999999999955e+03
1.520049999999999955e+03
1.520049999999999955e+03
1.520049999999999955e+03
1.520049999999999955e+03
1.520049999999999955e+03
1.520049999999999955e+03
1.520049999999999955e+03
1.520049999999999955e+03
1.520049999999999955e+03
1.520049999999999955e+03
1.520049999999999955e+03
1.520049999999999955e+03
1.520049999999999955e+03
1.520049999999999955e+03
1.520049999999999955e+03
1.520049999999999955e+03
1.520049999999999955e+03
1.520049999999999955e+03
1.520049999999999955e+03
1.520049999999999955e+03
1.520049999999999955e+03
1.520049999999999955e+03
1.520049999999999955e+03
1.520049999999999955e+03
1.520049999999999955e+03
1.520049999999999955e+03
1.612279999999999973e+03
1.612279999999999973e+03
1.612279999999999973e+03
1.976420000000000073e+03
5.179680000000000291e+03
5.453119999999999891e+03
5.717949999999999818e+03
7.540229999999999563e+03
5.717949999999999818e+03
5.717949999999999818e+03
2.953119999999999891e+03
2.953119999999999891e+03
2.953119999999999891e+03
3.741059999999999945e+03
3.741059999999999945e+03
5.508369999999999891e+03
6.304319999999999709e+03
6.500000000000000000e+03
7.683359999999999673e+03
7.777500000000000000e+03
7.777500000000000000e+03
7.690710000000000036e+03
7.777500000000000000e+03
7.690710000000000036e+03
6.124899999999999636e+03
7.648880000000000109e+03
7.648880000000000109e+03
7.648880000000000109e+03
7.675430000000000291e+03
7.693279999999999745e+03
7.693279999999999745e+03
7.675430000000000291e+03
6.718750000000000000e+03
6.615000000000000000e+03
4.852640000000000327e+03
1.891789999999999964e+03
1.868769999999999982e+03
1.868769999999999982e+03
1.868769999999999982e+03
1.879880000000000109e+03
2.008329999999999927e+03
2.453119999999999891e+03
2.453119999999999891e+03
2.008329999999999927e+03
1.778740000000000009e+03
1.778740000000000009e+03
1.778740000000000009e+03
5.218750000000000000e+03
6.066770000000000437e+03
6.066770000000000437e+03
6.066770000000000437e+03
4.823359999999999673e+03
4.823359999999999673e+03
3.986130000000000109e+03
2.846079999999999927e+03
3.099420000000000073e+03
3.099420000000000073e+03
3.099420000000000073e+03
3.894739999999999782e+03
5.483449999999999818e+03
5.483449999999999818e+03
3.894739999999999782e+03
3.507429999999999836e+03
2.300900000000000091e+03
2.300900000000000091e+03
2.300900000000000091e+03
2.300900000000000091e+03
2.101369999999999891e+03
2.101369999999999891e+03
2.063409999999999854e+03
2.063409999999999854e+03
2.101369999999999891e+03
4.421199999999999818e+03
4.421199999999999818e+03
4.464239999999999782e+03
4.464239999999999782e+03
6.468079999999999927e+03
6.468079999999999927e+03
6.468079999999999927e+03
6.363149999999999636e+03
6.363149999999999636e+03
6.363149999999999636e+03
6.835350000000000364e+03
6.835350000000000364e+03
7.364609999999999673e+03
7.364609999999999673e+03
6.835350000000000364e+03
7.484380000000000109e+03
7.484380000000000109e+03
6.519590000000000146e+03
4.697760000000000218e+03
6.519590000000000146e+03
5.496409999999999854e+03
5.359380000000000109e+03
5.359380000000000109e+03
5.359380000000000109e+03
4.361460000000000036e+03
4.315850000000000364e+03
4.162350000000000364e+03
3.545519999999999982e+03
3.545519999999999982e+03
4.162350000000000364e+03
4.162350000000000364e+03
4.323550000000000182e+03
4.323550000000000182e+03
4.875000000000000000e+03
4.797939999999999600e+03
5.199210000000000036e+03
4.797939999999999600e+03
4.797939999999999600e+03
4.597420000000000073e+03
4.428539999999999964e+03
2.601559999999999945e+03
2.601559999999999945e+03
2.381929999999999836e+03
2.381929999999999836e+03
2.381929999999999836e+03
2.381929999999999836e+03
2.271699999999999818e+03
1.762950000000000045e+03
1.762950000000000045e+03
1.375000000000000000e+03
1.375000000000000000e+03
1.375000000000000000e+03
1.375000000000000000e+03
1.343440000000000055e+03
1.343440000000000055e+03
1.234359999999999900e+03
1.265119999999999891e+03
1.088569999999999936e+03
1.265119999999999891e+03
1.215099999999999909e+03
1.265119999999999891e+03
1.232589999999999918e+03
1.232589999999999918e+03
1.215099999999999909e+03
1.203622222222222035e+03
1.192144444444444389e+03
1.180666666666666515e+03
1.169188888888888869e+03
1.157711111111110995e+03
1.146233333333333348e+03
1.134755555555555475e+03
1.123277777777777828e+03
1.111799999999999955e+03
1.703119999999999891e+03
2.129940000000000055e+03
6.065520000000000437e+03
6.352130000000000109e+03
6.352130000000000109e+03
6.578119999999999891e+03
6.578119999999999891e+03
6.174159999999999854e+03
5.460939999999999600e+03
4.911810000000000400e+03
4.911810000000000400e+03
4.896840000000000146e+03
4.850590000000000146e+03
4.850590000000000146e+03
3.975449999999999818e+03
3.538659999999999854e+03
3.357380000000000109e+03
2.960940000000000055e+03
2.960940000000000055e+03
2.960940000000000055e+03
4.048820000000000164e+03
4.048820000000000164e+03
6.216489999999999782e+03
4.062500000000000000e+03
4.062500000000000000e+03
3.494900000000000091e+03
3.203710000000000036e+03
3.203710000000000036e+03
3.203710000000000036e+03
3.253500000000000000e+03
3.253500000000000000e+03
3.253500000000000000e+03
3.253500000000000000e+03
3.033429999999999836e+03
3.024250000000000000e+03
3.024250000000000000e+03
3.024250000000000000e+03
1.929890000000000100e+03
1.319299999999999955e+03
1.319299999999999955e+03
1.319299999999999955e+03
1.344960000000000036e+03
1.383160000000000082e+03
1.585940000000000055e+03
1.585940000000000055e+03
1.585940000000000055e+03
1.019580000000000041e+03
1.042688333333333276e+03
1.065796666666666624e+03
1.088904999999999973e+03
1.112013333333333321e+03
1.135121666666666670e+03
1.158230000000000018e+03
1.181338333333333367e+03
1.204446666666666715e+03
1.227555000000000064e+03
1.250663333333333412e+03
1.273771666666666761e+03
1.296880000000000109e+03
1.671880000000000109e+03
1.673519999999999982e+03
1.828119999999999891e+03
2.494929999999999836e+03
2.494929999999999836e+03
2.555090000000000146e+03
3.473389999999999873e+03
3.172530000000000200e+03
3.172530000000000200e+03
3.473389999999999873e+03
4.750000000000000000e+03
4.750000000000000000e+03
5.082890000000000327e+03
5.082890000000000327e+03
5.082890000000000327e+03
4.270090000000000146e+03
4.270090000000000146e+03
4.270090000000000146e+03
4.270090000000000146e+03
4.758659999999999854e+03
5.416729999999999563e+03
7.390619999999999891e+03
7.390619999999999891e+03
5.416729999999999563e+03
2.381889999999999873e+03
1.875890000000000100e+03
1.306119999999999891e+03
1.306119999999999891e+03
1.306119999999999891e+03
1.306119999999999891e+03
1.109380000000000109e+03
1.109380000000000109e+03
1.109380000000000109e+03
1.109380000000000109e+03
1.109380000000000109e+03
1.109380000000000109e+03
1.109380000000000109e+03
1.109380000000000109e+03
1.109380000000000109e+03
1.109380000000000109e+03
1.109380000000000109e+03
1.109380000000000109e+03
1.109380000000000109e+03
1.109380000000000109e+03
1.109380000000000109e+03
1.109380000000000109e+03
1.109380000000000109e+03
1.109380000000000109e+03
1.109380000000000109e+03
1.109380000000000109e+03
1.109380000000000109e+03
1.109380000000000109e+03
1.109380000000000109e+03
1.109380000000000109e+03
1.109380000000000109e+03
1.109380000000000109e+03
1.109380000000000109e+03
1.109380000000000109e+03
1.109380000000000109e+03
1.109380000000000109e+03
1.109380000000000109e+03
1.109380000000000109e+03
1.109380000000000109e+03
1.109380000000000109e+03
1.109380000000000109e+03
1.109380000000000109e+03
1.109380000000000109e+03
1.109380000000000109e+03
1.109380000000000109e+03
1.109380000000000109e+03
1.109380000000000109e+03
1.109380000000000109e+03
1.109380000000000109e+03
1.109380000000000109e+03
1.109380000000000109e+03
1.109380000000000109e+03
1.109380000000000109e+03
1.109380000000000109e+03
1.109380000000000109e+03
1.109380000000000109e+03
1.109380000000000109e+03
