1.075410000000000082e+03
1.075410000000000082e+03
1.075410000000000082e+03
1.075410000000000082e+03
1.075410000000000082e+03
1.075410000000000082e+03
1.075410000000000082e+03
1.075410000000000082e+03
1.075410000000000082e+03
1.075410000000000082e+03
1.075410000000000082e+03
1.075410000000000082e+03
1.075410000000000082e+03
1.075410000000000082e+03
1.075410000000000082e+03
1.075410000000000082e+03
1.075410000000000082e+03
1.075410000000000082e+03
1.075410000000000082e+03
1.075410000000000082e+03
1.075410000000000082e+03
1.075410000000000082e+03
1.075410000000000082e+03
1.075410000000000082e+03
1.075410000000000082e+03
1.075410000000000082e+03
1.075410000000000082e+03
1.075410000000000082e+03
1.075410000000000082e+03
1.075410000000000082e+03
1.075410000000000082e+03
1.075410000000000082e+03
1.075410000000000082e+03
1.075410000000000082e+03
1.075410000000000082e+03
1.075410000000000082e+03
1.075410000000000082e+03
1.075410000000000082e+03
1.075410000000000082e+03
1.075410000000000082e+03
1.075410000000000082e+03
1.075410000000000082e+03
1.113569999999999936e+03
1.113569999999999936e+03
1.113289999999999964e+03
1.075410000000000082e+03
1.156591666666666697e+03
1.237773333333333312e+03
1.318954999999999927e+03
1.400136666666666770e+03
1.481318333333333385e+03
1.562500000000000000e+03
1.619890000000000100e+03
3.203119999999999891e+03
3.203119999999999891e+03
3.181960000000000036e+03
3.181960000000000036e+03
2.743119999999999891e+03
2.743119999999999891e+03
3.181960000000000036e+03
4.500000000000000000e+03
4.500000000000000000e+03
4.500000000000000000e+03
1.137190000000000055e+03
1.137190000000000055e+03
1.137190000000000055e+03
1.142519999999999982e+03
1.142519999999999982e+03
1.142519999999999982e+03
1.142519999999999982e+03
1.142519999999999982e+03
1.784559999999999945e+03
4.243079999999999927e+03
4.243079999999999927e+03
4.243079999999999927e+03
4.147000000000000000e+03
4.147000000000000000e+03
4.147000000000000000e+03
6.500000000000000000e+03
3.583760000000000218e+03
2.127159999999999854e+03
1.292630000000000109e+03
1.170519999999999982e+03
1.158914166666666688e+03
1.147308333333333394e+03
1.135702499999999873e+03
1.124096666666666579e+03
1.112490833333333285e+03
1.100884999999999991e+03
1.089279166666666697e+03
1.077673333333333403e+03
1.066067500000000109e+03
1.054461666666666588e+03
1.042855833333333294e+03
1.031250000000000000e+03
1.078119999999999891e+03
1.340049999999999955e+03
1.759019999999999982e+03
2.058250000000000000e+03
3.129750000000000000e+03
3.129750000000000000e+03
3.129750000000000000e+03
3.107929999999999836e+03
3.107929999999999836e+03
2.960440000000000055e+03
2.960440000000000055e+03
1.387180000000000064e+03
1.339480000000000018e+03
1.297180000000000064e+03
1.250000000000000000e+03
1.250000000000000000e+03
1.250000000000000000e+03
1.198059999999999945e+03
1.198059999999999945e+03
1.140619999999999891e+03
1.137299999999999955e+03
1.115380000000000109e+03
1.118880000000000109e+03
1.122380000000000109e+03
1.125880000000000109e+03
1.129380000000000109e+03
1.132880000000000109e+03
1.136380000000000109e+03
1.139880000000000109e+03
1.143380000000000109e+03
1.146880000000000109e+03
1.150380000000000109e+03
1.153880000000000109e+03
1.157380000000000109e+03
1.160880000000000109e+03
1.164380000000000109e+03
1.167880000000000109e+03
1.171380000000000109e+03
1.174880000000000109e+03
1.178380000000000109e+03
1.181880000000000109e+03
1.185380000000000109e+03
1.188880000000000109e+03
1.192380000000000109e+03
1.195880000000000109e+03
1.199380000000000109e+03
1.202880000000000109e+03
1.206380000000000109e+03
1.209880000000000109e+03
1.213380000000000109e+03
2.801150000000000091e+03
2.801150000000000091e+03
2.801150000000000091e+03
2.801150000000000091e+03
5.726989999999999782e+03
5.782739999999999782e+03
7.066229999999999563e+03
7.066229999999999563e+03
7.066229999999999563e+03
6.546880000000000109e+03
6.546880000000000109e+03
6.546880000000000109e+03
6.546880000000000109e+03
6.546880000000000109e+03
6.147890000000000327e+03
6.147890000000000327e+03
6.147890000000000327e+03
6.598189999999999600e+03
6.602640000000000327e+03
6.937500000000000000e+03
6.937500000000000000e+03
6.937500000000000000e+03
6.937500000000000000e+03
6.937500000000000000e+03
7.015619999999999891e+03
7.142909999999999854e+03
7.142909999999999854e+03
7.015619999999999891e+03
6.812659999999999854e+03
6.812659999999999854e+03
6.812659999999999854e+03
6.812659999999999854e+03
6.813869999999999891e+03
6.903479999999999563e+03
7.229569999999999709e+03
7.309420000000000073e+03
7.378170000000000073e+03
7.452789999999999964e+03
7.452789999999999964e+03
7.452789999999999964e+03
7.323149999999999636e+03
5.399590000000000146e+03
4.924729999999999563e+03
3.667989999999999782e+03
3.557880000000000109e+03
2.568519999999999982e+03
1.009639999999999986e+03
1.021085714285714289e+03
1.032531428571428478e+03
1.043977142857142780e+03
1.055422857142857083e+03
1.066868571428571386e+03
1.078314285714285688e+03
1.089759999999999991e+03
1.101205714285714294e+03
1.112651428571428596e+03
1.124097142857142899e+03
1.135542857142857201e+03
1.146988571428571504e+03
1.158434285714285807e+03
1.169880000000000109e+03
1.181325714285714184e+03
1.192771428571428487e+03
1.204217142857142790e+03
1.215662857142857092e+03
1.227108571428571395e+03
1.238554285714285697e+03
1.250000000000000000e+03
1.435549999999999955e+03
4.625000000000000000e+03
4.654210000000000036e+03
6.880859999999999673e+03
6.880859999999999673e+03
6.811270000000000437e+03
6.811270000000000437e+03
6.880859999999999673e+03
7.212560000000000400e+03
7.399590000000000146e+03
7.519239999999999782e+03
7.519239999999999782e+03
7.212560000000000400e+03
7.636229999999999563e+03
7.140619999999999891e+03
7.140619999999999891e+03
7.372729999999999563e+03
7.456590000000000146e+03
7.456590000000000146e+03
7.651170000000000073e+03
7.651170000000000073e+03
7.651170000000000073e+03
7.651170000000000073e+03
7.595779999999999745e+03
7.321899999999999636e+03
7.263220000000000255e+03
7.140619999999999891e+03
6.907250000000000000e+03
5.723250000000000000e+03
3.848440000000000055e+03
3.848440000000000055e+03
3.331840000000000146e+03
3.309489999999999782e+03
3.203119999999999891e+03
3.331840000000000146e+03
2.891679999999999836e+03
2.859500000000000000e+03
2.156250000000000000e+03
1.912140000000000100e+03
1.912140000000000100e+03
2.156250000000000000e+03
2.156250000000000000e+03
1.993150000000000091e+03
3.578630000000000109e+03
2.627340000000000146e+03
1.993150000000000091e+03
2.562500000000000000e+03
2.627340000000000146e+03
2.562500000000000000e+03
2.307429999999999836e+03
2.515619999999999891e+03
2.515619999999999891e+03
2.515619999999999891e+03
4.833170000000000073e+03
7.569039999999999964e+03
7.569039999999999964e+03
7.569039999999999964e+03
7.312500000000000000e+03
7.312500000000000000e+03
7.312500000000000000e+03
7.440359999999999673e+03
7.440359999999999673e+03
7.440359999999999673e+03
7.146979999999999563e+03
7.146979999999999563e+03
5.075550000000000182e+03
4.732979999999999563e+03
3.892639999999999873e+03
3.594380000000000109e+03
3.594380000000000109e+03
3.892639999999999873e+03
4.055019999999999982e+03
5.591029999999999745e+03
6.964000000000000000e+03
5.591029999999999745e+03
5.591029999999999745e+03
4.091929999999999836e+03
3.740539999999999964e+03
3.740539999999999964e+03
4.091929999999999836e+03
5.642399999999999636e+03
5.740520000000000437e+03
6.026640000000000327e+03
7.032569999999999709e+03
7.032569999999999709e+03
7.199250000000000000e+03
6.284100000000000364e+03
6.284100000000000364e+03
6.284100000000000364e+03
6.284100000000000364e+03
6.268210000000000036e+03
6.268210000000000036e+03
6.312220000000000255e+03
6.268909999999999854e+03
6.312220000000000255e+03
6.992609999999999673e+03
6.992609999999999673e+03
6.992609999999999673e+03
7.467359999999999673e+03
7.580409999999999854e+03
7.467359999999999673e+03
6.945609999999999673e+03
7.467359999999999673e+03
7.388020000000000437e+03
7.388020000000000437e+03
7.388020000000000437e+03
7.388020000000000437e+03
7.388020000000000437e+03
7.546880000000000109e+03
7.546880000000000109e+03
7.765529999999999745e+03
7.789479999999999563e+03
7.789479999999999563e+03
7.789479999999999563e+03
7.282550000000000182e+03
6.793310000000000400e+03
6.239460000000000036e+03
4.564289999999999964e+03
3.811530000000000200e+03
3.811530000000000200e+03
2.450340000000000146e+03
2.450340000000000146e+03
2.450340000000000146e+03
1.828119999999999891e+03
1.823920000000000073e+03
1.828119999999999891e+03
1.802619999999999891e+03
1.802619999999999891e+03
3.197150000000000091e+03
3.990300000000000182e+03
3.990300000000000182e+03
3.990300000000000182e+03
3.487969999999999800e+03
1.714589999999999918e+03
1.049200000000000045e+03
1.049200000000000045e+03
1.063492999999999938e+03
1.077786000000000058e+03
1.092079000000000178e+03
1.106372000000000071e+03
1.120664999999999964e+03
1.134958000000000084e+03
1.149251000000000204e+03
1.163544000000000096e+03
1.177836999999999989e+03
1.192130000000000109e+03
1.199849999999999909e+03
1.355559999999999945e+03
2.566440000000000055e+03
6.475000000000000000e+03
6.710069999999999709e+03
6.710069999999999709e+03
6.710069999999999709e+03
5.993479999999999563e+03
5.838970000000000255e+03
4.744850000000000364e+03
5.838970000000000255e+03
5.993479999999999563e+03
6.613979999999999563e+03
6.613979999999999563e+03
7.578119999999999891e+03
6.613979999999999563e+03
7.578119999999999891e+03
5.687500000000000000e+03
5.687500000000000000e+03
5.527729999999999563e+03
5.265619999999999891e+03
2.890619999999999891e+03
5.265619999999999891e+03
4.375000000000000000e+03
2.890619999999999891e+03
4.115600000000000364e+03
4.115600000000000364e+03
4.115600000000000364e+03
4.115600000000000364e+03
4.401739999999999782e+03
6.734020000000000437e+03
6.734020000000000437e+03
5.580310000000000400e+03
4.687500000000000000e+03
4.687500000000000000e+03
3.658409999999999854e+03
3.658409999999999854e+03
3.658409999999999854e+03
4.015619999999999891e+03
4.015619999999999891e+03
4.015619999999999891e+03
4.015619999999999891e+03
3.827989999999999782e+03
3.827989999999999782e+03
3.725469999999999800e+03
3.647510000000000218e+03
3.647510000000000218e+03
6.375250000000000000e+03
6.477159999999999854e+03
6.562500000000000000e+03
6.562500000000000000e+03
6.562500000000000000e+03
2.730349999999999909e+03
2.103920000000000073e+03
1.864009999999999991e+03
1.357740000000000009e+03
1.327319999999999936e+03
1.326718333333333248e+03
1.326116666666666561e+03
1.325514999999999873e+03
1.324913333333333412e+03
1.324311666666666724e+03
1.323710000000000036e+03
1.323710000000000036e+03
1.323710000000000036e+03
1.088400000000000091e+03
1.035369999999999891e+03
1.027109999999999900e+03
1.027109999999999900e+03
1.019929999999999950e+03
1.019929999999999950e+03
1.019929999999999950e+03
1.019929999999999950e+03
1.004450000000000045e+03
1.001740000000000009e+03
1.001740000000000009e+03
1.001740000000000009e+03
1.001740000000000009e+03
1.001740000000000009e+03
1.001740000000000009e+03
1.001740000000000009e+03
1.001740000000000009e+03
1.001740000000000009e+03
1.001740000000000009e+03
1.001740000000000009e+03
1.001740000000000009e+03
1.001740000000000009e+03
1.001740000000000009e+03
1.001740000000000009e+03
1.001740000000000009e+03
1.001740000000000009e+03
1.001740000000000009e+03
1.001740000000000009e+03
1.001740000000000009e+03
1.001740000000000009e+03
1.001740000000000009e+03
1.001740000000000009e+03
1.001740000000000009e+03
1.001740000000000009e+03
1.001740000000000009e+03
1.001740000000000009e+03
1.001740000000000009e+03
1.001740000000000009e+03
1.001740000000000009e+03
1.001740000000000009e+03
1.001740000000000009e+03
1.001740000000000009e+03
1.001740000000000009e+03
1.001740000000000009e+03
