0
0
0
0
0
0
0
0
0
0
0
0
0
0
0
0
0
0
0
0
0
0
0
0
0
0
0
0
0
0
0
0
0
0
0
0
0
0
0
0
0
0
0
0
0
0
0
0
0
0
0
0
0
0
0
0
0
0
0
0
0
0
0
0
1343.75
1343.75
4628.31
4628.31
5671.88
5671.88
5228.98
5794.09
5794.09
7656.94
7671.86
7671.86
7656.94
7591.16
7591.16
7591.16
7707.65
7707.65
7741.69
7707.65
7626.4
5251.65
5251.65
5251.65
5251.65
7600.61
7600.61
6262
4428.02
6262
5932.81
5875.88
5875.88
5875.88
5739.81
2890.62
1351.2
1133.82
1133.82
1748.97
1133.82
1133.82
0
0
0
0
0
0
0
0
0
0
0
0
0
0
0
0
0
1126.38
4234.25
5984.38
5640.62
5640.62
6326.41
5640.62
5640.62
5482.04
5371.12
4252.83
4252.83
4252.83
4252.83
4252.83
5229.63
5229.63
5229.63
7593.86
7756.4
7756.4
7756.4
7755.68
7538.22
6337.25
5392.31
5392.31
5903
6020.67
5903
5903
5477.55
4167.66
4167.66
3166.08
3166.08
3166.08
3166.08
1693.64
1226.56
1114.28
1114.28
1114.28
1114.28
0
0
0
0
0
0
0
0
0
0
0
1098.39
1341.7
1806.41
3026.57
4180.3
4180.3
4180.3
7721.6
7065.48
7065.48
7065.48
2953.82
2953.82
1980.96
1980.96
3197.65
3197.65
3197.65
3197.65
2128.13
2128.13
2321.85
1995.72
1995.72
1085.94
1085.94
1055.69
0
0
0
0
0
0
0
1062.5
1200.49
2125
2125
2375.41
2423.61
3125
3125
2423.61
2875
2011.56
1603.07
1070.31
1070.31
1055.75
1027.83
0
0
0
0
0
0
0
0
0
0
0
0
0
0
1028.96
1096.26
2078.54
3950.67
5930.89
7612.66
7784.78
7784.78
7612.66
7447.21
7296.88
5912.1
3218.71
2781.25
2255.36
2090.19
1670.81
1213.29
1320.87
1213.29
1157.72
1095.09
0
0
0
0
0
0
0
0
0
0
0
0
0
1246.34
1761.63
1828.52
3087.74
3214.63
3885.59
5178.57
7803.48
7809.96
7819.12
7819.12
7819.12
7805.2
7805.2
7687.04
7684.71
4392.69
1445.31
1132.58
1066.28
0
0
0
0
0
0
0
0
0
0
0
0
0
0
0
0
3617.19
7580.66
7580.66
7580.66
4798.65
4798.65
4527.32
4393.27
4527.32
5231.08
4758.53
5877.98
5917.12
5917.12
5903.48
5917.12
5948.9
6987.63
7031.25
7234.38
7463.73
7463.73
7463.73
6662.16
6471.45
6219.54
6471.45
6471.45
6809.82
6864.5
7479.65
7479.65
7613.57
7714.93
7796.88
7853.82
7853.82
7895.1
7853.82
7786.26
6738.21
6249.2
6249.2
6214.75
5725.56
5064.19
5064.19
5064.19
6398.24
6437
6437
7537.32
7537.32
6849.27
4921.88
5992.19
5992.19
5992.19
7484.73
7484.73
7484.73
7442.56
6934.1
5976.89
5976.89
5976.89
4848.75
6481.55
6481.55
4848.75
3990.22
2782.57
1385.9
1210.81
1178.31
1036.85
1006.83
0
0
0
0
0
0
0
0
0
0
0
0
0
0
0
0
0
0
0
0
0
0
0
0
0
0
0
0
0
0
0
0
0
0
0
0
0
0
0
0
0
0
0
0
0
0
0
0
0
0
0
0
0
0
0
0
0
0
0
0
0
0
0
0
0
0
0
0
0
0
0
0
0
0
0
0
