5.364259999999999806e+00
5.364259999999999806e+00
5.364259999999999806e+00
5.364259999999999806e+00
5.364259999999999806e+00
5.364259999999999806e+00
5.364259999999999806e+00
5.364259999999999806e+00
5.364259999999999806e+00
5.364259999999999806e+00
5.364259999999999806e+00
5.364259999999999806e+00
5.364259999999999806e+00
5.364259999999999806e+00
5.364259999999999806e+00
5.364259999999999806e+00
5.364259999999999806e+00
5.364259999999999806e+00
5.364259999999999806e+00
5.364259999999999806e+00
5.364259999999999806e+00
5.364259999999999806e+00
5.364259999999999806e+00
5.364259999999999806e+00
5.364259999999999806e+00
5.364259999999999806e+00
5.364259999999999806e+00
5.364259999999999806e+00
5.364259999999999806e+00
5.364259999999999806e+00
5.364259999999999806e+00
5.364259999999999806e+00
5.364259999999999806e+00
5.364259999999999806e+00
5.364259999999999806e+00
5.364259999999999806e+00
5.364259999999999806e+00
5.364259999999999806e+00
5.364259999999999806e+00
5.364259999999999806e+00
5.364259999999999806e+00
5.364259999999999806e+00
5.364259999999999806e+00
5.364259999999999806e+00
5.364259999999999806e+00
5.364259999999999806e+00
5.364259999999999806e+00
5.364259999999999806e+00
5.364259999999999806e+00
5.364259999999999806e+00
5.364259999999999806e+00
5.364259999999999806e+00
5.364259999999999806e+00
5.364259999999999806e+00
5.364259999999999806e+00
5.364259999999999806e+00
5.364259999999999806e+00
5.364259999999999806e+00
5.364259999999999806e+00
5.364259999999999806e+00
5.364259999999999806e+00
5.364259999999999806e+00
5.364259999999999806e+00
5.364259999999999806e+00
5.364259999999999806e+00
5.364259999999999806e+00
5.364259999999999806e+00
5.364259999999999806e+00
5.364259999999999806e+00
5.364259999999999806e+00
5.362370000000000303e+00
5.356220000000000425e+00
5.346669999999999590e+00
5.337790000000000035e+00
5.332589999999999719e+00
5.328380000000000116e+00
5.325400000000000134e+00
5.326349999999999696e+00
5.329069999999999752e+00
5.331030000000000157e+00
5.331339999999999968e+00
5.329629999999999868e+00
5.324709999999999610e+00
5.313620000000000232e+00
5.276440000000000019e+00
5.219109999999999694e+00
5.196419999999999817e+00
5.188839999999999897e+00
5.188600000000000101e+00
5.204613333333333536e+00
5.220626666666666971e+00
5.236640000000000406e+00
5.252653333333333840e+00
5.268666666666667275e+00
5.284679999999999822e+00
5.300693333333333257e+00
5.316706666666666692e+00
5.332720000000000127e+00
5.348733333333333562e+00
5.364746666666666997e+00
5.380760000000000431e+00
5.359390000000000320e+00
5.332370000000000054e+00
5.322219999999999729e+00
5.311370000000000147e+00
5.296269999999999811e+00
5.284500000000000419e+00
5.277479999999999727e+00
5.271560000000000024e+00
5.263939999999999841e+00
5.253519999999999968e+00
5.242700000000000138e+00
5.235970000000000013e+00
5.233439999999999870e+00
5.234429999999999694e+00
5.238069999999999560e+00
5.243879999999999875e+00
5.251070000000000348e+00
5.259360000000000035e+00
5.266510000000000247e+00
5.271419999999999995e+00
5.273699999999999832e+00
5.273340000000000138e+00
5.268510000000000026e+00
5.253879999999999661e+00
5.254129999999999967e+00
5.290670000000000428e+00
5.344179999999999708e+00
5.393209999999999837e+00
5.423869999999999969e+00
5.428729999999999833e+00
5.422519999999999563e+00
5.420770000000000088e+00
5.423070000000000057e+00
5.426009999999999778e+00
5.428029999999999688e+00
5.428939999999999877e+00
5.428469999999999906e+00
5.427450000000000330e+00
5.430760000000000254e+00
5.445839999999999570e+00
5.465069999999999872e+00
5.480150000000000077e+00
5.492759999999999643e+00
5.503860000000000419e+00
5.514210000000000278e+00
5.524009999999999643e+00
5.532759999999999678e+00
5.539530000000000065e+00
5.543739999999999668e+00
5.545300000000000118e+00
5.544730000000000381e+00
5.542600000000000193e+00
5.539159999999999862e+00
5.534080000000000332e+00
5.526609999999999800e+00
5.516359999999999708e+00
5.502110000000000056e+00
5.480979999999999741e+00
5.448979999999999713e+00
5.410070000000000157e+00
5.384050000000000225e+00
5.355389999999999873e+00
5.334929999999999950e+00
5.316980000000000040e+00
5.300959999999999894e+00
5.287060000000000315e+00
5.276980000000000004e+00
5.271309999999999718e+00
5.267800000000000260e+00
5.263419999999999987e+00
5.254719999999999835e+00
5.237320000000000420e+00
5.222480000000000011e+00
5.217950000000000088e+00
5.221110000000000362e+00
5.228661333333334049e+00
5.236212666666666848e+00
5.243764000000000536e+00
5.251315333333333335e+00
5.258866666666667022e+00
5.266418000000000710e+00
5.273969333333333509e+00
5.281520666666667196e+00
5.289071999999999996e+00
5.296623333333333683e+00
5.304174666666667370e+00
5.311726000000000170e+00
5.319277333333333857e+00
5.326828666666666656e+00
5.334380000000000344e+00
5.301599999999999646e+00
5.292769999999999975e+00
5.293929999999999580e+00
5.301560000000000272e+00
5.314770000000000216e+00
5.333070000000000199e+00
5.350249999999999950e+00
5.358139999999999681e+00
5.357569999999999943e+00
5.352570000000000050e+00
5.345100000000000406e+00
5.335259999999999891e+00
5.324440000000000062e+00
5.313939999999999664e+00
5.303709999999999702e+00
5.292320000000000135e+00
5.278439999999999799e+00
5.262019999999999698e+00
5.244239999999999569e+00
5.226239999999999775e+00
5.208980000000000388e+00
5.194049999999999834e+00
5.184840000000000337e+00
5.185529999999999973e+00
5.214868333333333439e+00
5.244206666666666905e+00
5.273545000000000371e+00
5.302883333333332949e+00
5.332221666666666415e+00
5.361559999999999881e+00
5.390898333333333348e+00
5.420236666666666814e+00
5.449574999999999392e+00
5.478913333333332858e+00
5.508251666666666324e+00
5.537589999999999790e+00
5.508700000000000152e+00
5.482980000000000409e+00
5.443999999999999950e+00
5.423339999999999606e+00
5.407619999999999649e+00
5.386689999999999756e+00
5.351869999999999905e+00
5.333009999999999806e+00
5.325990000000000002e+00
5.320199999999999818e+00
5.311880000000000379e+00
5.302430000000000199e+00
5.292550000000000310e+00
5.281250000000000000e+00
5.267970000000000041e+00
5.254269999999999996e+00
5.245000000000000107e+00
5.256730000000000125e+00
5.352129999999999832e+00
5.438579999999999970e+00
5.455440000000000289e+00
5.456159999999999677e+00
5.453990000000000116e+00
5.451900000000000190e+00
5.450239999999999974e+00
5.448450000000000237e+00
5.446080000000000254e+00
5.443209999999999660e+00
5.440409999999999968e+00
5.437870000000000203e+00
5.435030000000000250e+00
5.431040000000000312e+00
5.425760000000000360e+00
5.419909999999999783e+00
5.414150000000000240e+00
5.406480000000000175e+00
5.397590000000000110e+00
5.386140000000000150e+00
5.372650000000000148e+00
5.358880000000000088e+00
5.343560000000000088e+00
5.325440000000000396e+00
5.307559999999999611e+00
5.284839999999999982e+00
5.260030000000000427e+00
5.240750000000000242e+00
5.222139999999999560e+00
5.207119999999999749e+00
5.196939999999999671e+00
5.190949999999999953e+00
5.188010000000000232e+00
5.204766000000000226e+00
5.221522000000000219e+00
5.238278000000000212e+00
5.255034000000000205e+00
5.271790000000000198e+00
5.288546000000000191e+00
5.305302000000000184e+00
5.322058000000000177e+00
5.338814000000000171e+00
5.355570000000000164e+00
5.372326000000000157e+00
5.389082000000000150e+00
5.405838000000000143e+00
5.422594000000000136e+00
5.439350000000000129e+00
5.402969999999999828e+00
5.381490000000000329e+00
5.358489999999999753e+00
5.336739999999999817e+00
5.319600000000000328e+00
5.308019999999999960e+00
5.299809999999999910e+00
5.299809999999999910e+00
5.299809999999999910e+00
5.299809999999999910e+00
5.299809999999999910e+00
5.299809999999999910e+00
5.299809999999999910e+00
5.299809999999999910e+00
5.299809999999999910e+00
5.299809999999999910e+00
5.299809999999999910e+00
5.299809999999999910e+00
5.299809999999999910e+00
5.299809999999999910e+00
5.299809999999999910e+00
5.299809999999999910e+00
5.299809999999999910e+00
5.299809999999999910e+00
5.299809999999999910e+00
5.299809999999999910e+00
5.299809999999999910e+00
5.299809999999999910e+00
5.299809999999999910e+00
5.299809999999999910e+00
5.299809999999999910e+00
5.299809999999999910e+00
5.299809999999999910e+00
5.299809999999999910e+00
5.299809999999999910e+00
5.299809999999999910e+00
5.299809999999999910e+00
5.299809999999999910e+00
5.299809999999999910e+00
5.299809999999999910e+00
5.299809999999999910e+00
5.299809999999999910e+00
5.299809999999999910e+00
5.299809999999999910e+00
5.299809999999999910e+00
5.299809999999999910e+00
5.299809999999999910e+00
5.299809999999999910e+00
5.299809999999999910e+00
5.299809999999999910e+00
5.299809999999999910e+00
5.299809999999999910e+00
5.299809999999999910e+00
5.299809999999999910e+00
5.299809999999999910e+00
5.299809999999999910e+00
5.299809999999999910e+00
5.299809999999999910e+00
5.299809999999999910e+00
5.299809999999999910e+00
5.299809999999999910e+00
5.299809999999999910e+00
5.299809999999999910e+00
5.299809999999999910e+00
5.299809999999999910e+00
5.299809999999999910e+00
5.299809999999999910e+00
5.299809999999999910e+00
