0
0
0
0
0
0
0
0
0
0
0
0
0
0
0
0
0
0
0
0
0
0
0
0
0
0
0
0
0
0
0
0
0
0
0
0
0
0
0
0
0
0
0
1268.33
3271.28
6429.41
6429.41
6429.41
7002.12
6163.54
6140.62
6140.62
6116.81
6116.81
6093.75
6093.75
6048.81
5946.32
5493.2
5493.2
5917.19
5917.19
5493.2
4198.06
3263.18
3263.18
3263.18
5156.25
5156.25
5156.25
5593.75
5118.99
5118.99
6302.62
6302.62
6302.62
6302.62
5317.52
4296.7
4296.7
4296.7
5706.06
6452.34
6539.48
6539.48
6539.48
7212.98
6539.48
7212.98
7246.93
7212.98
6459.21
7246.93
6459.21
6448.98
6459.21
6448.98
6448.98
6645.64
6921.88
6921.88
6921.88
6921.88
6289.5
6217.5
6217.5
7484.38
7556.12
7557.11
7680.94
7557.11
7556.12
7777.64
7790.28
7310.42
7100.6
7100.6
6219.4
6177.2
6219.4
6219.4
6234.75
7004.3
7728.56
7728.56
7728.56
7604.4
7228.52
7003.83
5338.93
4949.76
5653.47
5647.78
5647.78
5653.47
5653.47
5647.78
4292.91
4292.91
4292.91
6913.1
6913.1
6984.56
6913.1
6783.12
6783.12
6783.12
6656.25
3289.58
3289.58
2270.1
2266.71
2270.1
3617.01
1484.38
1484.38
1095.42
1095.42
1095.42
1295.84
1295.84
1343.75
1394.74
1394.74
3468.75
3468.75
3468.75
3468.75
4890.62
7559.48
7559.48
7500
7500
7500
6280.95
4748.53
4748.53
3969.01
3969.01
4046.88
4046.88
3969.01
4046.88
1697.93
1697.93
1227.18
1227.18
0
0
0
0
0
0
0
0
0
0
0
1093.75
1093.75
1337.43
1337.43
4666.31
4666.31
5522.79
4666.31
4591.99
4591.99
4602.63
4602.63
7062.5
7062.5
7062.5
6489.35
6203.12
6203.12
6219.15
6203.12
6109.71
6219.15
1343.49
1187.5
1047.59
1000
0
0
0
0
0
0
0
0
0
0
0
0
0
0
0
0
0
0
0
0
0
0
0
0
0
0
0
0
0
0
7640.89
7640.89
7640.89
7651.36
6687.5
6052.79
6052.79
1209.63
1058.04
1015.68
0
0
0
0
0
0
0
0
0
0
0
0
0
0
1000.29
1228.7
1299.55
1299.55
4843.75
5604.41
7062.5
7062.5
7062.5
2063.12
2063.12
2063.12
3283.05
6296.88
7342.09
7342.09
7342.09
6375
5592.63
5592.63
5592.63
6375
5528.5
4342.74
3961.33
3218.75
2206.18
2176.92
2176.92
2176.92
1219.64
1219.64
1219.64
2470.42
3812.5
4089.51
4089.51
4089.51
4089.51
4089.51
3500
3500
5103.8
5103.8
2174.43
5249.37
5249.37
5249.37
5588.77
5937.5
5937.5
5588.77
5937.5
4320.31
4320.31
5542.72
6808.3
6808.3
6808.3
6343.75
7333.86
7333.86
6343.75
6343.75
4078.12
3558.26
2679.69
1994.91
1555.35
1555.35
1542.5
1542.5
1542.5
1542.5
1542.5
1992.37
1146.82
1104.96
1104.96
1078.87
1075.26
1022.5
1022.5
1022.5
1021.85
0
0
0
0
0
0
0
0
0
0
0
0
0
0
0
0
0
0
0
0
0
0
0
0
0
0
0
0
0
0
0
0
0
0
0
0
0
0
0
