1.115670000000000073e+03
1.115670000000000073e+03
1.115670000000000073e+03
1.115670000000000073e+03
1.115670000000000073e+03
1.115670000000000073e+03
1.115670000000000073e+03
1.115670000000000073e+03
1.115670000000000073e+03
1.115670000000000073e+03
1.115670000000000073e+03
1.115670000000000073e+03
1.115670000000000073e+03
1.115670000000000073e+03
1.115670000000000073e+03
1.115670000000000073e+03
1.115670000000000073e+03
1.115670000000000073e+03
1.115670000000000073e+03
1.115670000000000073e+03
1.115670000000000073e+03
1.115670000000000073e+03
1.115670000000000073e+03
1.115670000000000073e+03
1.115670000000000073e+03
1.115670000000000073e+03
1.115670000000000073e+03
1.115670000000000073e+03
1.115670000000000073e+03
1.115670000000000073e+03
1.115670000000000073e+03
1.115670000000000073e+03
1.115670000000000073e+03
1.115670000000000073e+03
1.115670000000000073e+03
1.115670000000000073e+03
1.115670000000000073e+03
1.115670000000000073e+03
1.115670000000000073e+03
1.115670000000000073e+03
1.115670000000000073e+03
1.115670000000000073e+03
1.115670000000000073e+03
1.115670000000000073e+03
1.115670000000000073e+03
1.115670000000000073e+03
1.115670000000000073e+03
1.115670000000000073e+03
1.115670000000000073e+03
1.115670000000000073e+03
1.115670000000000073e+03
1.115670000000000073e+03
1.115670000000000073e+03
1.115670000000000073e+03
1.115670000000000073e+03
1.115670000000000073e+03
1.115670000000000073e+03
1.115670000000000073e+03
1.115670000000000073e+03
1.115670000000000073e+03
1.115670000000000073e+03
1.115670000000000073e+03
1.115670000000000073e+03
1.115670000000000073e+03
1.115670000000000073e+03
1.115670000000000073e+03
1.115670000000000073e+03
1.115670000000000073e+03
1.115670000000000073e+03
1.115670000000000073e+03
1.115670000000000073e+03
1.115670000000000073e+03
1.115670000000000073e+03
1.115670000000000073e+03
1.115670000000000073e+03
1.115670000000000073e+03
1.115670000000000073e+03
1.306170000000000073e+03
1.653630000000000109e+03
4.831010000000000218e+03
7.403319999999999709e+03
7.403319999999999709e+03
7.403319999999999709e+03
7.403319999999999709e+03
7.403319999999999709e+03
7.729149999999999636e+03
7.734329999999999927e+03
7.734329999999999927e+03
7.729149999999999636e+03
7.639399999999999636e+03
7.497029999999999745e+03
7.086880000000000109e+03
6.940220000000000255e+03
5.734260000000000218e+03
2.704199999999999818e+03
1.062470000000000027e+03
1.065616956521739212e+03
1.068763913043478169e+03
1.071910869565217354e+03
1.075057826086956538e+03
1.078204782608695723e+03
1.081351739130434680e+03
1.084498695652173865e+03
1.087645652173913049e+03
1.090792608695652234e+03
1.093939565217391191e+03
1.097086521739130376e+03
1.100233478260869560e+03
1.103380434782608745e+03
1.106527391304347702e+03
1.109674347826086887e+03
1.112821304347826072e+03
1.115968260869565256e+03
1.119115217391304213e+03
1.122262173913043398e+03
1.125409130434782583e+03
1.128556086956521540e+03
1.131703043478260724e+03
1.134849999999999909e+03
1.234380000000000109e+03
1.457150000000000091e+03
1.684119999999999891e+03
3.453119999999999891e+03
4.533890000000000327e+03
5.476560000000000400e+03
5.476560000000000400e+03
4.533890000000000327e+03
3.537969999999999800e+03
3.537969999999999800e+03
3.529190000000000055e+03
3.537969999999999800e+03
3.537969999999999800e+03
5.811869999999999891e+03
5.626909999999999854e+03
5.626909999999999854e+03
3.500000000000000000e+03
3.502019999999999982e+03
3.502019999999999982e+03
3.502019999999999982e+03
3.502019999999999982e+03
3.508230000000000018e+03
3.599469999999999800e+03
3.599469999999999800e+03
3.118280000000000200e+03
3.118280000000000200e+03
2.480139999999999873e+03
2.480139999999999873e+03
2.480139999999999873e+03
5.570789999999999964e+03
6.531250000000000000e+03
6.531250000000000000e+03
5.570789999999999964e+03
5.467369999999999891e+03
3.269159999999999854e+03
3.269159999999999854e+03
3.269159999999999854e+03
3.362719999999999800e+03
3.771329999999999927e+03
4.094000000000000000e+03
4.094000000000000000e+03
3.771329999999999927e+03
3.067619999999999891e+03
3.022510000000000218e+03
3.022510000000000218e+03
3.027559999999999945e+03
3.067619999999999891e+03
6.218750000000000000e+03
6.362319999999999709e+03
7.449270000000000437e+03
6.362319999999999709e+03
6.362319999999999709e+03
7.449270000000000437e+03
7.722359999999999673e+03
7.722359999999999673e+03
7.722359999999999673e+03
7.722359999999999673e+03
6.046750000000000000e+03
6.046750000000000000e+03
5.374310000000000400e+03
6.046750000000000000e+03
7.333670000000000073e+03
7.333670000000000073e+03
6.965779999999999745e+03
7.333670000000000073e+03
7.423949999999999818e+03
7.414060000000000400e+03
7.414060000000000400e+03
7.414060000000000400e+03
7.279470000000000255e+03
7.279470000000000255e+03
7.279470000000000255e+03
7.290460000000000036e+03
7.348260000000000218e+03
7.394090000000000146e+03
7.348260000000000218e+03
7.394090000000000146e+03
7.394090000000000146e+03
7.115229999999999563e+03
4.753729999999999563e+03
4.753729999999999563e+03
4.753729999999999563e+03
4.554329999999999927e+03
4.539869999999999891e+03
4.554329999999999927e+03
6.350479999999999563e+03
4.539869999999999891e+03
7.267880000000000109e+03
7.267880000000000109e+03
7.083180000000000291e+03
7.083180000000000291e+03
7.083180000000000291e+03
7.071989999999999782e+03
5.536569999999999709e+03
5.149899999999999636e+03
1.526829999999999927e+03
1.526829999999999927e+03
1.167170000000000073e+03
1.068420000000000073e+03
1.007809999999999945e+03
1.049593214285714112e+03
1.091376428571428505e+03
1.133159642857142899e+03
1.174942857142857065e+03
1.216726071428571231e+03
1.258509285714285625e+03
1.300292500000000018e+03
1.342075714285714184e+03
1.383858928571428351e+03
1.425642142857142744e+03
1.467425357142857138e+03
1.509208571428571304e+03
1.550991785714285470e+03
1.592774999999999864e+03
1.634558214285714257e+03
1.676341428571428423e+03
1.718124642857142589e+03
1.759907857142856983e+03
1.801691071428571377e+03
1.843474285714285543e+03
1.885257499999999709e+03
1.927040714285714103e+03
1.968823928571428496e+03
2.010607142857142662e+03
2.052390357142856828e+03
2.094173571428571449e+03
2.135956785714285616e+03
2.177739999999999782e+03
3.780530000000000200e+03
4.210850000000000364e+03
4.210850000000000364e+03
4.210850000000000364e+03
4.218560000000000400e+03
6.227710000000000036e+03
6.524340000000000146e+03
7.333180000000000291e+03
7.629170000000000073e+03
7.629170000000000073e+03
7.629170000000000073e+03
7.459850000000000364e+03
6.234380000000000109e+03
4.176420000000000073e+03
4.176420000000000073e+03
2.867469999999999800e+03
2.496110000000000127e+03
2.496110000000000127e+03
2.496110000000000127e+03
2.496110000000000127e+03
2.496110000000000127e+03
2.496110000000000127e+03
2.496110000000000127e+03
2.496110000000000127e+03
2.496110000000000127e+03
2.496110000000000127e+03
2.496110000000000127e+03
2.496110000000000127e+03
2.496110000000000127e+03
2.496110000000000127e+03
2.496110000000000127e+03
2.496110000000000127e+03
2.496110000000000127e+03
2.496110000000000127e+03
2.496110000000000127e+03
2.496110000000000127e+03
2.496110000000000127e+03
2.496110000000000127e+03
2.496110000000000127e+03
2.496110000000000127e+03
2.496110000000000127e+03
2.496110000000000127e+03
2.496110000000000127e+03
2.496110000000000127e+03
2.496110000000000127e+03
2.496110000000000127e+03
2.496110000000000127e+03
2.496110000000000127e+03
2.496110000000000127e+03
2.496110000000000127e+03
2.496110000000000127e+03
2.496110000000000127e+03
2.496110000000000127e+03
2.496110000000000127e+03
2.496110000000000127e+03
2.496110000000000127e+03
2.496110000000000127e+03
2.496110000000000127e+03
2.496110000000000127e+03
2.496110000000000127e+03
2.496110000000000127e+03
2.496110000000000127e+03
2.496110000000000127e+03
2.496110000000000127e+03
2.496110000000000127e+03
2.496110000000000127e+03
2.496110000000000127e+03
2.496110000000000127e+03
2.496110000000000127e+03
2.496110000000000127e+03
2.496110000000000127e+03
2.496110000000000127e+03
2.496110000000000127e+03
2.496110000000000127e+03
2.496110000000000127e+03
2.496110000000000127e+03
2.496110000000000127e+03
2.496110000000000127e+03
2.496110000000000127e+03
2.496110000000000127e+03
2.496110000000000127e+03
2.496110000000000127e+03
2.496110000000000127e+03
2.496110000000000127e+03
2.496110000000000127e+03
2.496110000000000127e+03
2.496110000000000127e+03
2.496110000000000127e+03
2.496110000000000127e+03
2.496110000000000127e+03
2.496110000000000127e+03
2.496110000000000127e+03
2.496110000000000127e+03
2.496110000000000127e+03
2.496110000000000127e+03
2.496110000000000127e+03
2.496110000000000127e+03
2.496110000000000127e+03
2.496110000000000127e+03
2.496110000000000127e+03
2.496110000000000127e+03
2.496110000000000127e+03
2.496110000000000127e+03
2.496110000000000127e+03
2.496110000000000127e+03
2.496110000000000127e+03
2.496110000000000127e+03
2.496110000000000127e+03
2.496110000000000127e+03
2.496110000000000127e+03
2.496110000000000127e+03
2.496110000000000127e+03
2.496110000000000127e+03
2.496110000000000127e+03
2.496110000000000127e+03
2.496110000000000127e+03
2.496110000000000127e+03
2.496110000000000127e+03
2.496110000000000127e+03
2.496110000000000127e+03
2.496110000000000127e+03
