-8.48614	1.63797	0.279655	0.424785	0.197791	0.233717	0.116759	0.141536	0.0890346	0.115667	0.0858267	0.0857654	0.0771494	0.0599635	0.0656743	0.0403822	0.0401693
-8.77747	1.67618	0.292809	0.461419	0.212559	0.267362	0.133952	0.171488	0.107185	0.144594	0.105905	0.114557	0.0968707	0.0879277	0.0835477	0.0658627	0.0557545
-9.89941	1.48163	0.489309	0.402079	0.329855	0.279495	0.204919	0.188414	0.186506	0.193217	0.159559	0.158774	0.160394	0.138951	0.149585	0.0893103	0.109915
-10.2936	1.19037	0.591627	0.40891	0.352273	0.291673	0.242444	0.238452	0.211974	0.241348	0.188489	0.187176	0.167143	0.159492	0.196488	0.110434	0.144049
-10.4326	1.07011	0.636405	0.405312	0.349701	0.296622	0.285221	0.283576	0.207423	0.261225	0.275537	0.183413	0.16991	0.189152	0.161789	0.0798547	0.177682
-10.676	0.761086	0.499947	0.38953	0.437924	0.436887	0.398233	0.321558	0.193806	0.287351	0.372443	0.218682	0.205019	0.158098	0.144186	0.0479183	0.15175
-10.5678	0.890976	0.5273	0.458855	0.524226	0.501893	0.396	0.322157	0.212399	0.22287	0.286246	0.185241	0.238612	0.193165	0.13831	0.0388336	0.114628
-10.5817	0.926421	0.523957	0.451435	0.487147	0.471364	0.345851	0.263564	0.198342	0.157853	0.206377	0.169473	0.197287	0.171658	0.115516	0.0499583	0.0948895
-10.6651	0.860625	0.573252	0.471702	0.499891	0.487324	0.394002	0.294668	0.249653	0.198042	0.156587	0.167768	0.181773	0.117118	0.144902	0.122156	0.112601
-10.583	0.895809	0.60623	0.400522	0.380896	0.400712	0.342608	0.222172	0.168709	0.193057	0.220984	0.219835	0.18225	0.100035	0.183013	0.139285	0.104034
-10.5096	0.90217	0.545801	0.379356	0.286427	0.302445	0.242903	0.185084	0.163529	0.169453	0.179195	0.173477	0.152906	0.167292	0.166149	0.0970487	0.0988397
-10.3614	1.05541	0.526119	0.421187	0.350212	0.312136	0.298215	0.232512	0.198349	0.245892	0.246214	0.19195	0.132383	0.211213	0.177432	0.149433	0.157073
-10.5406	0.987687	0.581511	0.404308	0.34816	0.340121	0.325276	0.247005	0.213727	0.250734	0.231192	0.248889	0.202772	0.286705	0.363627	0.301791	0.21294
-10.2075	1.24664	0.614548	0.408761	0.339401	0.304994	0.270181	0.224685	0.234715	0.229541	0.189527	0.220673	0.170292	0.180047	0.184162	0.168953	0.128328
-10.0172	1.33396	0.582644	0.403408	0.357273	0.314925	0.265603	0.246257	0.237184	0.241236	0.19841	0.211127	0.178337	0.194482	0.205641	0.154344	0.172094
-10.3997	1.1137	0.61418	0.451981	0.474266	0.40742	0.293615	0.273741	0.274016	0.337663	0.273955	0.251827	0.248563	0.277316	0.302072	0.163706	0.166632
-10.0206	1.32547	0.56207	0.459069	0.394697	0.318806	0.2802	0.250475	0.236429	0.277114	0.241508	0.222908	0.217968	0.219675	0.249751	0.199336	0.168902
-9.98678	1.3606	0.587659	0.455724	0.404246	0.368188	0.356177	0.289464	0.265777	0.269688	0.200942	0.215777	0.200894	0.164013	0.200469	0.17915	0.159028
-10.2474	1.26447	0.683238	0.503303	0.467572	0.405119	0.406228	0.327879	0.285413	0.301279	0.25128	0.273145	0.202151	0.127369	0.251085	0.20876	0.105936
-9.89557	1.3576	0.573823	0.428323	0.364185	0.29647	0.274672	0.269102	0.25031	0.254982	0.191238	0.212009	0.201668	0.171249	0.1639	0.151371	0.1348
-10.0951	1.2459	0.615446	0.400713	0.36375	0.321395	0.307627	0.297676	0.240887	0.232975	0.210252	0.204081	0.197194	0.193681	0.180109	0.138923	0.153985
-10.3218	1.13501	0.663973	0.434364	0.430395	0.366085	0.318943	0.306885	0.301917	0.265688	0.274132	0.245916	0.237535	0.256133	0.20164	0.088867	0.0845494
-9.98712	1.18046	0.51523	0.484637	0.39475	0.278871	0.238163	0.284465	0.305001	0.163153	0.184076	0.287756	0.196342	0.131674	0.19079	0.215824	0.169599
-8.78361	1.33764	0.244137	0.902299	0.375963	0.0973703	0.348198	0.332906	0.136504	-0.074733	0.0367754	0.111904	-0.0373856	-0.146793	-0.216103	0.196519	0.080716
-7.33369	1.55941	0.165937	0.829056	0.268408	0.0103241	0.194317	0.251124	0.157278	-0.191191	0.00170633	0.0795034	-0.0420458	0.0815832	-0.192871	0.171531	-0.00365513
-7.01002	1.3782	0.0456717	0.885083	0.373279	-0.131961	0.0424208	0.0649449	0.0531887	-0.0886352	0.210381	0.189624	0.03932	-0.0777442	-0.666838	-0.216891	-0.303242
-5.82987	1.78541	0.418714	0.901986	0.305425	-0.0478431	0.0493809	-0.0333079	0.286546	-0.428892	-0.0914454	0.17186	-0.171925	0.155129	-0.0447588	0.0976974	-0.178887
-4.16785	2.70581	-0.452387	0.171351	0.242795	-0.0519092	0.163747	0.178719	0.186704	-0.142428	-0.147904	0.0359015	-0.112697	0.0808242	-0.195836	0.1153	-0.253646
-3.28	2.1072	-0.541928	0.503733	-0.0680618	0.0728391	0.0511347	0.31709	0.224124	-0.0366996	-0.201626	0.0715025	-0.0882564	-0.0696913	-0.153325	0.177932	-0.123993
-3.47129	2.36161	-0.552975	0.661064	-0.22929	0.217802	-0.174759	0.296352	0.272625	-0.195735	-0.097862	-0.0114798	-0.0494695	-0.0122983	-0.186316	0.284685	-0.222018
-3.28522	2.27887	-0.656384	0.745641	-0.173602	0.162937	-0.0466739	0.184555	0.349594	-0.106383	-0.189927	0.0923284	-0.113239	0.069529	-0.25726	0.199159	-0.1548
-3.34949	2.30284	-0.553842	0.841063	-0.178977	0.185426	-0.228647	0.361544	0.0858407	-0.0158693	-0.200976	0.127257	-0.0394975	0.0371469	-0.270597	0.21591	-0.189899
-3.38944	2.20816	-0.517046	0.793966	-0.125288	0.158907	-0.202824	0.148684	0.0675946	-0.0205946	-0.175202	0.0891994	-0.0172109	0.0681666	-0.250835	0.122677	-0.318802
-3.83863	2.32913	-0.26169	0.913557	0.119941	0.290735	-0.297767	0.132232	-0.150356	-0.0765568	-0.255685	0.0115943	0.0602872	0.202886	-0.182862	0.0672681	-0.297405
-4.36345	2.49622	0.208794	0.872301	0.559738	0.242021	-0.439267	-0.0746057	-0.14047	-0.173796	-0.128269	-0.112599	0.217959	0.262231	-0.180479	-0.0614021	-0.390766
-4.42431	2.4813	0.25833	0.999828	0.477052	0.109698	-0.691799	-0.0405601	-0.101658	-0.202681	-0.0241448	-0.0233897	0.374374	0.188056	-0.244219	-0.175127	-0.526768
-4.60939	2.64552	0.299169	1.07921	0.417585	0.103429	-0.813613	0.120794	-0.226807	-0.08865	-0.0717747	-0.0306434	0.441095	0.251663	-0.320957	-0.198755	-0.564771
-4.53086	2.48091	0.558891	0.846144	0.592885	-0.0629254	-0.671475	0.0483769	-0.185974	-0.114245	-0.0858345	-0.0285629	0.426212	0.248732	-0.310556	-0.174108	-0.546481
-4.65906	2.63841	0.507203	0.818005	0.640372	-0.113379	-0.603557	0.0274334	-0.205122	-0.126998	-0.0982129	-0.0569445	0.40841	0.258274	-0.298909	-0.121746	-0.571768
-4.82197	2.82546	0.51677	0.78461	0.716824	-0.0771359	-0.577775	0.0187813	-0.207702	-0.106732	-0.107181	-0.0907013	0.430418	0.236883	-0.262501	-0.118618	-0.498788
-5.02605	2.9938	0.420848	0.845423	0.650293	0.00311943	-0.653024	0.0884347	-0.324665	-0.0800769	-0.183356	-0.0628286	0.405326	0.184671	-0.201849	-0.0889096	-0.527686
-5.23641	2.94676	0.532612	0.765207	0.773417	0.0760889	-0.567602	0.0852959	-0.377802	-0.129145	-0.149814	-0.130244	0.37385	0.0927178	-0.157742	-0.0300685	-0.436684
-5.57265	2.93742	0.923217	0.509352	0.889924	0.229239	-0.376721	0.095225	-0.300272	-0.195178	-0.194829	-0.161524	0.324142	-0.0178623	-0.169392	0.190612	-0.236306
-6.07818	2.86925	0.986782	0.583867	0.793759	0.0847995	-0.232557	-0.128273	-0.184592	-0.559305	-0.256324	-0.365454	0.345194	-0.209746	-0.0655027	0.258608	-0.218594
-6.49709	3.18779	0.815816	0.629025	0.557013	0.209618	-0.55716	0.134245	-0.424738	-0.255525	-0.342138	-0.00236	0.179467	-0.179193	-0.112671	0.0115229	0.0399472
-7.20347	3.0723	1.05357	0.583504	0.337471	-0.124352	-0.412722	0.25709	-0.586988	-0.588961	-0.352296	-0.225869	0.287446	-0.27199	-0.164171	-0.251402	0.0824495
-8.09213	3.21256	1.45878	1.10946	0.342347	0.285338	0.0278518	0.247319	-0.805101	-0.229211	-0.0306925	0.12967	0.0737394	-0.212971	0.0783963	0.0233642	0.0787849
-8.50544	2.26985	1.25144	0.103517	0.816535	0.0776567	-0.350069	0.130083	-0.745084	-0.354562	-0.567905	-0.134193	-0.252449	-0.447206	-0.132533	-0.347089	-0.469132
-6.1168	1.38964	0.912879	-0.175119	0.481719	0.245907	-0.00727956	0.420835	-0.00986164	0.215574	-0.396314	-0.270277	0.158776	0.156499	-0.228695	-0.069143	0.170554
-5.31957	0.978456	0.781028	-0.349565	0.437242	0.552199	0.146923	0.10282	0.217315	-0.0263608	-0.260306	0.0124177	0.369539	-0.350759	-0.0402539	0.285585	0.0605151
-5.31204	0.244991	0.848822	-0.0535942	0.418298	0.131121	0.124148	0.157523	0.00324558	-0.00349182	0.054143	0.0868067	0.0256975	-0.0042071	0.0273764	0.0733983	-0.00264103
-5.52171	-0.159954	1.01026	-0.0545689	0.391337	0.0387282	0.073764	0.199899	0.0321198	0.0734168	0.105239	0.139083	0.0561663	-0.106492	0.0244798	0.179518	0.0351736
-5.5741	-0.328478	0.950171	-0.0755439	0.473956	0.0559345	0.0153452	0.220087	0.072491	0.0756715	0.056283	0.0569354	0.00837879	-0.173431	-0.0465013	0.139477	0.0702266
-5.61452	-0.536052	0.840067	-0.0548313	0.334571	0.00421334	0.0302395	0.113561	-0.0214281	-0.0558336	0.170621	0.218684	0.114035	-0.194353	-0.192632	-0.0508392	-0.023193
-5.61304	-0.538408	0.768637	-0.146508	0.165613	-0.00789937	0.0814431	0.160959	-0.0137652	-0.0486615	0.176087	0.253409	0.159307	-0.241953	-0.236302	-0.126734	-0.0323053
-5.72946	-0.62705	0.84516	-0.155428	0.125388	-0.0192121	0.0350454	0.171413	0.0672515	0.0534317	0.0570495	0.273152	0.255522	-0.19729	-0.0665213	0.0444456	0.0545056
-5.72979	-0.765933	0.808041	0.00972478	0.149473	-0.00799763	0.0318901	0.246282	0.0558034	-0.00102193	0.0335313	0.0835485	0.115953	-0.0529034	0.0705266	0.1503	0.0653548
-5.80733	-0.785792	0.80008	0.107781	0.221278	0.0651557	-0.0384982	0.23071	0.15238	0.0666515	0.0589729	0.154523	0.13832	-0.0542784	0.0431424	0.138987	0.033069
-5.78882	-0.85337	0.71491	0.14477	0.297162	-0.0196797	-0.0244387	0.243489	0.115741	0.0837674	0.0496789	0.0880362	0.0461471	-0.116977	-0.099097	0.0374494	-0.0199375
-5.7555	-0.868744	0.644458	0.00264873	0.168361	-0.116376	-0.0172073	0.184535	-0.0250351	0.233448	-0.0398623	-0.0626046	-0.138367	-0.104127	-0.0241005	0.15072	0.0582088
-5.6836	-0.876075	0.558569	-0.047036	0.000332498	-0.0451565	-0.0986799	0.314005	0.168034	0.130509	-0.0641477	0.0901995	-0.152654	-0.113803	0.0462561	0.247946	0.0132966
-5.59624	-0.87663	0.619317	0.126021	0.113124	0.00251292	-0.242644	0.357238	0.326405	0.132604	0.247812	0.332038	-0.0479014	-0.0818226	0.0920867	0.147005	-0.0823344
-5.45956	-0.701748	0.70649	0.401234	0.178533	-0.0703204	-0.133257	0.408069	0.134316	0.0448734	0.214932	0.196685	-0.1154	-0.147108	0.0524022	0.0472963	-0.113129
-5.24494	-0.431087	0.797089	0.509257	0.180494	-0.0970466	-0.204779	0.320576	-0.0614605	0.0541484	0.0937242	0.0659751	-0.094559	0.0337472	0.170535	-0.111727	-0.125655
-5.25836	0.267464	0.582121	0.770274	-0.0375934	-0.561692	0.0497316	0.354875	-0.290767	0.183992	-0.230274	0.112857	-0.148149	-0.0037814	0.311356	-0.157635	0.0944848
-5.22292	0.0432087	0.0154393	0.891099	0.345378	-0.172367	-0.377758	0.430579	-0.233462	0.245682	-0.0699698	4.19211e-05	0.0305699	-0.121079	0.0576705	-0.300095	-0.142639
-5.5043	0.627767	0.449461	1.04788	0.400322	0.182171	-0.0362437	0.26625	-0.39043	0.217626	0.126187	-0.129684	-0.0103658	-0.191334	-0.0626868	-0.354459	-0.21087
-5.28095	1.80978	1.23983	0.975702	-0.0995081	-0.177127	0.25345	0.286129	-0.550104	-0.161651	0.202879	0.140943	0.080117	-0.0207067	-0.241454	-0.454706	-0.173903
-4.55433	2.10518	0.771615	1.29407	0.170148	-0.0633537	0.12076	0.0990152	-0.3502	-0.119891	0.153866	-0.367205	0.207591	0.149232	-0.0886002	0.136244	-0.157905
-4.55489	2.30364	0.390031	1.46873	0.0589378	6.42242e-05	0.128102	-0.103081	-0.367957	-0.00597748	0.0840672	-0.189596	0.154948	0.0238114	-0.0303852	0.0623259	-0.0545025
-4.7103	2.20761	0.464523	1.65539	-0.0313441	0.139755	-0.02448	-0.127725	-0.393093	-0.127275	0.243125	-0.176261	0.297346	-0.024385	-0.254201	0.05602	-0.0236244
-4.72396	1.98348	0.443877	1.56158	0.0232633	0.286854	-0.128375	-0.363502	-0.399821	-0.014192	0.252449	-0.0622299	0.272451	0.0711808	-0.339523	-0.148777	-0.354295
-5.0711	2.43461	0.505457	1.5667	0.114411	0.0627489	0.121394	-0.250981	-0.260732	-0.36541	0.254146	-0.229372	0.476772	0.0383141	-0.19701	-0.157937	-0.351684
-4.79377	2.41468	0.463312	1.95229	-0.177725	0.123563	0.28744	-0.227423	-0.229174	-0.277912	0.22203	-0.368467	0.312254	0.0744665	-0.100803	0.0533937	0.0383715
-4.558	2.50223	0.164074	1.87531	-0.0828268	0.0620262	0.232012	-0.30541	-0.152679	-0.279438	0.262294	-0.296418	0.280999	0.109316	-0.21863	0.0435916	0.0245909
-4.51812	2.57591	0.150174	1.75617	-0.0641496	-0.0441335	0.291224	-0.30357	-0.13696	-0.3459	0.261071	-0.246439	0.384197	0.0606507	-0.232281	-0.119879	0.132138
-4.54141	2.88546	0.0387923	1.69974	0.0216114	0.141956	0.140883	-0.108244	-0.175499	-0.256932	0.0727625	-0.130312	0.196493	0.158045	-0.231814	-0.0325384	0.394323
-4.85519	3.30334	0.211406	1.11641	0.38041	0.282564	0.103584	-0.178322	-0.260101	-0.0825861	0.0781312	-0.208196	0.243236	0.0301035	-0.0954166	-0.130295	0.542878
-5.37149	3.58744	0.485383	0.790841	0.467664	0.245604	-0.162609	-0.00783635	-0.545536	-0.230119	0.244729	-0.0320917	0.2328	0.0408581	-0.0240713	-0.364893	0.197566
-5.57898	3.69602	0.61705	0.80648	0.590016	0.10769	-0.288139	0.304233	-0.510836	-0.282924	0.255697	-0.244121	0.277215	-0.00603805	0.0728088	-0.374855	0.099487
-5.59026	3.76388	0.782248	0.649367	0.701878	0.00747162	-0.236743	0.355123	-0.409719	-0.235592	0.214936	-0.249951	0.281461	0.0298224	-0.0650819	-0.187845	0.166196
-5.55306	3.61993	0.85701	0.639084	0.592589	-0.0265439	-0.300478	0.40216	-0.414614	-0.118997	0.0273869	-0.263664	0.348034	-0.030682	-0.000651348	-0.132535	-0.0175245
-5.60955	3.50918	0.925079	0.704551	0.527379	0.0148439	-0.515436	0.561114	-0.437456	-0.130356	-0.0584153	-0.188486	0.188555	-0.0183966	0.283934	-0.271775	-0.153136
-5.77785	3.42413	1.09089	0.724844	0.606203	-0.0110552	-0.456825	0.450484	-0.312032	-0.163633	-0.132128	-0.186241	0.213957	0.0979551	0.251204	-0.234497	-0.216617
-5.98982	3.2366	1.13445	0.862316	0.647023	0.0732444	-0.469883	0.386224	-0.712108	-0.0816975	-0.146596	-0.469734	0.600189	0.140334	0.00539556	-0.186116	-0.268104
-6.03622	3.46749	1.08793	0.84059	0.524733	0.20739	-0.136211	0.353475	-0.564418	-0.281778	0.102	-0.322741	0.167277	0.0878185	0.220512	-0.159998	0.058106
-6.12155	3.3604	1.08366	0.906882	0.453325	0.0701013	-0.167695	0.181342	-0.55607	-0.21838	-0.0659797	-0.120818	0.217102	0.0755971	-0.0304357	-0.170417	0.160564
-6.49832	2.9933	1.04024	0.541197	0.33261	0.16515	-0.66751	-0.24536	-0.609548	-0.287803	-0.127379	-0.342318	-0.145788	-0.276936	0.0207158	-0.135287	-0.14758
-5.24417	2.64859	-0.0261894	0.353292	0.200159	0.495759	0.357943	0.0245734	-0.306076	-0.353041	-0.26661	0.0722593	-0.0846443	-0.0139644	0.134504	0.0389332	0.158318
-6.47744	2.31664	0.191387	0.993891	0.484802	0.676926	0.305499	-0.250988	-0.716604	-0.131089	-0.0268473	-0.336723	0.205238	0.416257	0.340435	-0.145896	-0.112946
-8.22294	1.93824	0.307099	0.765207	0.316033	-0.262611	-0.652261	-0.290639	-0.908792	-0.8268	-0.490768	-0.653384	-0.426701	-0.563104	-0.378345	-0.50954	-0.436889
-8.29406	2.84782	0.476553	0.882072	0.784547	0.432778	-0.130288	-0.0201649	-0.283892	-0.174819	-0.366263	-0.223097	0.319184	0.046992	0.19985	0.0293612	-0.0906047
-7.96311	1.8668	0.667449	0.575457	0.426941	0.27441	0.0873182	1.73199e-05	-0.0535093	-0.0931256	-0.0769268	-0.0958977	-0.0828121	-0.00737387	0.0420897	0.0544165	0.0936381
-8.80549	2.00098	0.772587	0.581485	0.438252	0.288831	0.180544	0.0999458	-0.0472276	-0.116528	-0.054045	-0.0386712	0.0348911	0.0822729	0.0751352	0.0169542	0.0548427
-7.79483	1.17911	0.648619	0.506584	0.303718	0.129853	0.211969	0.13031	0.0341537	0.00318006	0.0138169	0.00959516	0.000922482	-0.000793046	0.0220639	0.0526211	0.0643119
-6.23632	0.907598	0.440186	0.877981	-0.228941	0.146065	-0.180123	0.290388	-0.178853	0.0208375	0.260989	-0.0170315	0.0441147	0.0763874	0.0789399	0.0115696	-0.0436429
-5.24947	0.721131	0.582202	0.762008	-0.178689	0.159139	-0.0917042	0.188659	-0.196094	-0.0340846	0.316438	0.0492256	-0.0589146	0.0592385	0.0184777	0.000500841	-0.00611977
-4.89984	0.478612	0.849184	0.690678	-0.110341	0.300964	0.0929746	0.173981	-0.201908	-0.0261843	0.314251	0.160992	-0.0558383	-0.0663935	0.0193725	-0.02021	0.0105619
-4.88915	0.154104	0.84704	0.572341	0.0377062	0.477649	0.0677508	0.236833	-0.0770149	-0.0150066	0.161623	0.252475	0.0533275	0.0145102	0.19441	0.0301532	-0.13327
-4.94745	-0.0402357	0.58796	0.568692	0.0617572	0.427352	-0.094409	0.266911	0.0342766	0.140942	0.197524	0.17351	0.18302	0.106084	0.278123	0.175564	-0.147582
-5.16491	-0.0272891	0.404566	0.538055	-0.098349	0.261041	-0.21083	0.315135	0.0610415	0.231792	0.244398	0.107989	0.224309	0.136814	0.192369	0.0867906	-0.129334
-5.19305	0.107544	0.269513	0.413482	-0.197368	0.2194	-0.158059	0.23954	-0.0292149	0.0762389	0.172592	0.0825929	0.190499	0.111953	0.046268	0.0414172	-0.096422
-5.29224	0.243123	0.15951	0.415657	-0.255422	0.0256899	-0.220219	0.182863	-0.0677216	-0.0352448	0.163644	0.0221353	0.0664267	0.0460645	0.105317	0.196558	-0.0711329
-5.35408	0.547185	0.318487	0.633221	-0.134662	0.129331	-0.124784	0.135689	0.0557444	-0.091962	0.133239	0.0101427	0.0146326	0.00650461	0.0747366	0.193412	-0.167089
-5.3192	0.85204	0.437871	1.0847	0.0862993	0.238181	-0.103859	0.0515935	-0.0722908	-0.20431	0.0972148	0.0499343	-0.0153667	0.00627947	0.0360336	0.100095	-0.138372
-5.3532	1.17466	0.566683	1.38038	0.136767	0.191843	0.0122333	-0.00409351	-0.250283	-0.307399	-0.0442938	0.0149774	-0.0160751	-0.127675	-0.0290596	0.22931	0.0610512
-6.07427	1.56146	0.749557	1.30782	0.336726	0.0491292	-0.17542	-0.0917065	-0.453278	-0.399489	-0.322915	-0.125384	0.0545354	-0.0168872	0.158397	0.167905	-0.299509
-6.71763	3.59759	0.850992	1.00758	0.342944	0.543692	0.239813	0.134576	0.269348	0.117821	0.320771	0.295635	0.38117	0.118094	-0.188225	0.314132	-0.0769177
-7.38455	3.50867	0.782386	1.16352	0.587291	0.620231	-0.0328526	-0.229704	0.0966166	-0.150424	0.156277	0.126047	0.154838	0.0370283	-0.0765058	0.0348346	-0.0566393
-8.25313	3.18076	1.17367	1.05365	0.41049	0.397553	0.229276	0.252234	-0.0817007	-0.222232	-0.0738572	0.0196809	0.0271196	-0.0798925	-0.162821	-0.169548	-0.0266147
-9.17972	2.98217	1.82204	0.995256	0.309089	0.385153	-0.207223	-0.071287	0.0294115	-0.415566	-0.342019	-0.195495	-0.161469	0.0679391	-0.437482	-0.310759	0.0372694
-9.4049	2.84916	2.04296	1.56537	0.586298	0.809759	0.447969	-0.0519293	0.145878	0.139098	0.280649	0.200536	0.188528	-0.0605774	-0.336704	0.173258	-0.102961
-9.74251	2.48787	1.83551	1.52589	0.714401	0.367458	0.224161	0.0160322	-0.0429656	0.195307	0.0305774	-0.1605	0.127559	-0.203505	-0.40783	-0.120116	-0.119525
-9.83122	2.7247	1.65764	1.20958	0.882325	0.827946	0.526847	0.271165	0.114394	0.0686046	-0.1401	0.0878411	-0.0394498	0.0632052	-0.174992	-0.0971475	0.0178274
-9.4162	2.05055	1.05997	0.825402	0.631926	0.502907	0.318115	0.23907	0.104077	0.0451675	0.0163053	-0.0395575	-0.0840804	-0.0740829	-0.12235	-0.0561218	-0.0923281
-9.36594	1.883	0.940016	0.752996	0.59826	0.46736	0.346122	0.245281	0.120111	0.064026	0.0472739	-0.0384408	-0.144249	-0.147707	-0.157334	-0.0885613	-0.0724611
-7.69174	1.83005	-0.458309	0.973722	0.612854	0.374801	0.0919799	0.289102	0.058267	0.230019	-0.172691	-0.0579875	0.0845864	0.00711032	-0.164036	-0.359038	0.101342
-9.80658	1.98855	1.5797	1.03484	0.41171	0.278723	0.311339	0.22825	-0.156104	-0.313742	-0.0157037	0.0894118	-0.165071	-0.300607	0.062091	0.247166	0.207589
-5.72331	1.65013	-0.781004	1.09116	0.498482	0.457538	-0.11133	0.484735	0.0481292	0.165876	-0.212141	-0.0350314	0.0782617	-0.00566197	-0.247944	-0.526426	0.0337757
-5.80709	2.23953	0.325472	1.42327	0.398485	-0.00160859	0.0324963	0.193583	-0.106701	-0.0402783	0.147793	-0.227582	0.0015027	-0.347048	0.0599674	0.235001	0.0305631
-5.32475	2.43793	0.105501	1.68731	0.403208	-0.0213404	0.305937	0.287821	-0.21394	-0.313063	0.324247	-0.0396626	-0.19645	0.104622	-0.213566	0.0453608	0.148678
-5.26148	2.45959	-0.014488	1.75604	0.0590564	0.0621473	0.200378	0.124066	-0.23234	-0.262953	0.112458	-0.0912937	-0.179482	0.177539	-0.221697	0.143851	-0.011222
-5.40483	2.57854	0.136685	1.963	-0.140505	0.0329696	0.596019	-0.106146	-0.143917	-0.0159892	0.137825	-0.14108	-0.250896	0.359863	-0.421154	0.0932899	0.163497
-5.3141	2.49525	0.185382	1.96243	-0.153377	0.0759946	0.671146	-0.158361	-0.100558	0.0972855	0.0335632	-0.0271429	-0.173381	0.312398	-0.430122	0.115452	0.155679
-5.30554	2.34542	0.339481	1.89834	-0.190115	0.0367373	0.69834	-0.253626	-0.068056	0.0268541	0.122041	-0.124964	-0.147507	0.283217	-0.405119	0.121273	0.141181
-5.48333	2.39896	0.176638	1.9838	-0.443562	0.0992968	0.51131	-0.345697	0.0348967	-0.250871	0.12857	-0.279894	0.00313674	0.109885	-0.382744	0.15656	-0.0589642
-5.35879	2.10395	0.465111	1.84228	-0.311265	0.0580092	0.479656	-0.24852	0.000328569	-0.134679	0.0384653	-0.218984	-0.0450079	0.151268	-0.306449	-0.0249127	0.0977007
-5.38487	2.12168	0.473467	1.93449	-0.304617	0.0657327	0.54629	-0.269291	0.0722237	-0.135839	-0.0104776	-0.0763821	-0.0934992	0.208237	-0.353347	0.027835	0.0927148
-5.47093	2.23129	0.502196	1.91232	-0.304141	0.213127	0.475634	-0.235816	0.0596403	-0.141548	0.113815	-0.141686	0.0176969	0.100289	-0.246237	-0.0342582	0.133176
-5.49352	2.19482	0.360417	1.91815	-0.303087	0.114293	0.554883	-0.396712	0.0545183	-0.184754	0.12073	-0.166449	-0.112997	0.168408	-0.32834	0.0307646	-0.0152604
-5.67583	2.28982	0.363986	1.92997	-0.356703	0.164524	0.448324	-0.279331	-0.0355361	-0.0755365	0.00380819	-0.186614	-0.0214619	0.051495	-0.244024	-0.0646356	0.00647186
-5.88403	2.01049	0.859713	1.62522	-0.303984	0.171865	0.619676	-0.334664	-0.0994569	-0.165509	0.0144832	-0.214375	-0.00919262	-0.00245511	-0.241584	-0.0281937	-0.0221472
-6.42752	1.68692	1.14779	1.52653	-0.247535	0.114832	0.273161	-0.228095	-0.434542	-0.037826	-0.107596	-0.418565	0.0813774	0.049092	-0.570932	-0.434603	0.127419
-7.3319	2.81842	1.08285	1.39891	-0.116412	-0.131475	0.12402	0.190243	-0.106497	-0.390169	-0.0365732	-0.324436	0.204465	-0.293675	-0.486909	0.0566264	-0.202798
-7.83502	3.09442	1.37028	1.01523	-0.160538	-0.00868787	0.190677	0.0393877	-0.0960043	-0.174307	-0.13608	-0.440099	-0.152037	-0.0486711	-0.20916	-0.417294	-0.1047
-8.30296	3.45499	1.23787	1.01627	-0.156639	-0.192261	0.0366219	-0.0202695	0.0035165	-0.235724	-0.39242	-0.432072	-0.164209	0.100517	-0.544179	-0.272171	-0.264482
-8.2318	3.3964	1.13764	1.06945	0.194973	-0.317173	0.0763805	0.127282	-0.129896	-0.123791	-0.222582	-0.446826	-0.20829	-0.013829	-0.262751	-0.22653	-0.178605
-8.26775	3.30548	1.41951	1.09183	0.165716	-0.255436	0.184398	0.234862	-0.172707	-0.098051	-0.158415	-0.40054	-0.0758532	-0.0582339	-0.132622	-0.292883	0.0202082
-8.68036	3.46085	1.44725	1.16725	0.290056	-0.331342	0.0257568	0.312035	-0.147792	-0.178444	-0.134653	-0.313512	-0.280105	-0.121556	-0.0379168	-0.161441	-0.139827
-8.95708	3.37329	1.50225	1.22355	0.558019	-0.0863897	0.0530804	0.161451	-0.035122	-0.0138894	-0.246878	-0.490989	-0.139491	-0.129644	0.00896025	0.112239	-0.187064
-9.07309	2.77558	1.9218	0.923825	0.33983	0.214622	0.108715	0.285315	-0.294151	-0.101824	-0.276584	-0.317943	-0.412375	-0.510927	-0.181231	0.102812	0.0940368
-9.69067	2.51029	1.85183	1.21761	0.368164	0.153223	-0.258189	-0.379033	-0.544176	-0.432435	-0.537403	-0.322109	-0.105518	-0.349878	-0.43044	-0.498923	0.0215265
-9.84252	2.925	1.88811	1.31202	0.729082	0.191544	0.0725297	-0.281417	-0.123506	-0.093328	0.0158151	-0.200289	-0.0883674	-0.0207428	0.111166	0.264098	0.03973
-9.45853	2.23693	1.17457	0.808578	0.551443	0.302409	0.152857	-0.00310858	-0.110982	-0.180177	-0.17322	-0.172286	-0.186678	-0.15033	-0.0641273	0.0330776	0.0181812
-9.67941	1.88052	0.98606	0.699168	0.538582	0.308519	0.118323	0.0528672	-0.0655714	-0.0841185	-0.135092	-0.104314	-0.0875911	-0.0744421	-0.0259699	0.0287568	0.0769227
-9.89033	1.66383	0.961828	0.748574	0.596327	0.347941	0.17252	0.153707	-0.00976234	-0.0486945	-0.166379	-0.108661	-0.107459	-0.0326141	0.0285751	0.0529058	0.110518
-10.1375	1.5142	0.925703	0.718571	0.590062	0.350954	0.20312	0.229954	0.0776143	0.0555062	-0.0312072	-0.0694386	-0.141963	0.0034649	0.0527011	0.0356208	0.0539796
-9.81104	1.54239	0.705438	0.668827	0.512473	0.322887	0.230698	0.213226	0.097097	0.0501158	0.0327948	-0.0538931	-0.0933797	-0.0510946	-0.00959106	0.0483327	0.0561969
-7.19664	0.945781	0.0691166	0.790522	-0.464607	0.255692	0.134509	0.197387	0.0535759	0.194616	0.194435	0.216272	0.301688	0.0908031	-0.225192	-0.245464	0.0685043
-5.6646	0.622007	0.102737	0.709287	-0.373413	0.133572	0.151947	-0.0154931	-0.125733	0.187839	0.489626	0.333584	0.236308	0.190865	0.0962311	-0.246354	-0.287029
-4.84804	0.71948	0.409567	0.853104	-0.0590911	0.100676	0.148829	-0.0175109	-0.236759	0.0755466	0.430973	0.357274	0.158504	0.210026	0.0561324	-0.363028	-0.352361
-4.68222	0.726281	0.639628	0.668173	0.0430606	0.0107891	0.212001	0.192594	-0.202741	-0.0965738	-0.136063	0.00578014	-0.133829	0.086674	0.304558	-0.170931	-0.383496
-5.43944	0.335086	1.4346	1.29668	-0.179235	-0.0798813	0.218972	0.470086	0.0564173	-0.195888	-0.128684	-0.324387	-0.0638196	-0.000963863	0.121022	-0.128399	-0.315896
-4.56673	1.55356	0.692161	1.15374	0.282021	0.176125	-0.201173	0.174961	-0.146081	0.000799563	-0.0923034	-0.0749931	-0.0377244	-0.106484	0.0921409	-0.0478691	0.182306
-4.04987	2.24414	0.193196	1.29704	0.0458918	-0.0555355	-0.0717897	0.0548671	-0.141123	-0.0368928	-0.170247	0.166411	-0.0774451	-0.00879718	0.0601224	0.164262	-0.190318
-3.99035	2.20053	0.3464	1.07195	-0.215975	0.0382448	-0.0631856	-0.0871922	-0.0484009	-0.129992	-0.0202071	0.0503703	0.0965244	-0.0121083	0.000395029	0.0856252	-0.318705
-3.83469	2.13087	0.185312	1.22999	-0.246584	-0.0730609	-0.0131361	-0.0514465	-0.148772	-0.105538	-0.0417563	0.170585	-0.0124926	0.0454798	0.05611	0.0285244	-0.405834
-3.61567	1.95323	0.165007	1.1299	-0.111948	-0.14531	-0.0701681	0.00790909	-0.204167	0.00402045	-0.194681	0.325473	-0.107698	0.110566	0.00999141	0.0752161	-0.481592
-3.4988	1.83934	0.244712	1.03071	-0.13711	-0.0949436	-0.157121	0.0269766	-0.0877712	-0.134029	-0.040336	0.214304	-0.0620643	0.0546495	0.0690163	0.0230048	-0.48866
-3.45724	1.90986	0.185493	1.06218	-0.0920471	-0.113005	-0.180616	-0.025472	-0.0435324	-0.193903	-0.0435946	0.213929	0.0540552	-0.00308665	0.105321	0.00728603	-0.338842
-3.49805	1.97418	0.254617	0.894433	-0.0430825	-0.141991	-0.143134	0.0418978	-0.0248334	-0.124248	-0.0962574	0.225984	-0.0860122	0.0765495	0.0217307	0.0309825	-0.512728
-3.44538	2.00019	0.187413	1.0098	-0.0981032	-0.118799	-0.160901	-0.0374224	0.0456838	-0.0731797	-0.113966	0.206355	-0.0642818	0.0453518	-0.0786409	0.101505	-0.402268
-3.78866	2.46993	0.112508	0.883016	0.195108	-0.300406	-0.145409	-0.0101266	0.0630302	-0.0399144	-0.132826	0.113237	0.051711	-0.0897061	0.0213878	0.0522903	-0.335809
-4.18431	2.75913	0.394967	0.591707	0.338295	-0.104894	-0.543268	0.365598	-0.0846395	-0.182481	0.158438	-0.141681	-0.00349879	0.258976	-0.248939	0.099479	-0.254203
-4.33306	2.49521	0.718966	0.835859	0.0708599	0.0293442	-0.311531	-0.0139181	0.0212831	-0.28104	-0.153404	0.344906	0.198207	-0.15841	-0.136065	0.142046	-0.132599
-4.6127	2.10155	1.05781	1.02976	0.186872	0.211568	-0.455804	-0.219903	-0.398487	0.0595916	-0.0848258	0.265502	0.337877	-0.00801203	-0.332045	0.0106911	0.0609923
-4.57082	1.12486	1.57321	0.918418	0.343538	-0.0632696	-0.546954	0.0971023	-0.126833	-0.10673	-0.164631	0.299266	0.0823679	0.0176598	-0.157274	0.0142074	-0.184978
-4.82767	0.560461	1.65867	0.639984	0.229371	0.105132	-0.393345	-0.112183	-0.151122	0.00389474	-0.0471192	0.194876	0.231035	-0.238303	-0.357114	0.197264	0.439893
-5.36555	-0.17276	1.63295	0.114675	0.288417	0.440368	-0.320188	0.312287	0.178793	-0.631081	-0.0647551	0.523998	-0.285248	-0.270423	0.0225539	-0.168008	0.193706
-5.54015	-0.408807	1.32905	0.151409	0.349591	0.0341953	-0.0502684	0.0729712	-0.150686	-0.280953	-0.148677	0.159436	0.430769	-0.0987108	-0.383179	0.0607874	0.619694
-5.64805	-0.873777	0.988787	0.0289365	0.294826	-0.0239149	-0.0184172	0.0747906	-0.0619305	-0.23231	-0.252581	0.0761645	0.0826621	-0.178883	-0.0268579	0.0206354	0.00747244
-5.67891	-0.865663	0.929277	-0.0464331	0.364474	0.0404365	-0.0211678	0.165822	-0.000449692	-0.0880309	-0.0931647	0.112917	0.02912	-0.103523	-0.0327153	-0.000161999	0.0247258
-5.81478	-0.941385	0.963707	0.08876	0.526335	0.0626647	-0.00400972	0.167426	-0.0258861	0.0661096	-0.0392186	0.108362	0.0456197	-0.225649	-0.424527	-0.148243	0.119899
-5.85905	-1.01327	0.784624	0.0500112	0.524344	-0.0378692	0.0823665	0.266397	0.0210818	0.000310926	-0.167746	0.204713	0.046116	-0.154474	-0.353584	-0.0541946	0.0139254
-5.88996	-1.04893	0.700147	0.000543254	0.513629	-0.0914697	-0.0395927	0.267708	0.133086	-0.0346215	-0.09757	0.305234	0.0362936	0.08825	-0.151937	0.0519158	0.13437
-5.93902	-1.01767	0.643927	-0.26648	0.342532	-0.095719	-0.0516433	0.186136	0.160908	0.0947443	0.0710183	0.27153	-0.0730489	0.019548	-0.146527	0.112893	0.243611
-5.84787	-0.987541	0.679971	-0.256252	0.349696	-0.133232	0.0461371	0.262742	0.11462	0.192665	0.0510569	0.185604	0.13359	0.0894983	-0.0808126	0.176254	0.300233
-5.83573	-1.09425	0.652772	-0.0553322	0.493525	-0.157605	0.025006	0.302109	-0.00550527	0.134843	0.155914	0.244154	0.108653	-0.00986458	0.00172315	0.200418	0.194053
-5.93031	-1.04124	0.626856	-0.0916399	0.473872	-0.061178	0.0916177	0.495969	0.210034	0.104038	0.11712	0.240869	0.0492892	-0.102412	0.0212602	0.17486	0.118417
-5.86425	-0.83081	0.614908	-0.133868	0.398515	0.0756608	0.207545	0.544006	0.217725	-0.0205735	-0.0248815	0.11596	0.0900871	0.0959614	0.0236617	0.126569	0.0644697
-5.71173	-0.725382	0.778241	-0.0966919	0.35642	0.0970483	0.213782	0.45714	0.204236	-0.0137413	0.0118118	0.160491	0.0587297	0.0923441	-0.0329062	0.207144	0.15158
-5.74001	-0.69221	0.769227	-0.158746	0.298151	-0.0120316	0.0922333	0.258094	0.110683	0.0727393	0.161129	0.302108	0.111879	0.0548099	0.0771974	0.260465	0.188745
-5.83955	-0.758107	0.755916	-0.0753959	0.472846	-0.0871961	0.0417356	0.151327	0.108755	0.101492	0.19047	0.208839	0.203379	0.0915991	0.0923506	0.307082	0.209453
-5.92452	-0.715028	0.685183	-0.0616235	0.531331	-0.137677	0.124041	0.207627	0.0359673	0.0523709	0.0638765	0.201497	0.234112	0.125108	0.153563	0.275201	0.189103
-6.01844	-0.773544	0.711445	0.031048	0.404001	-0.0564298	0.097965	0.266291	0.129881	0.0938402	0.151956	0.267905	0.0842541	0.0708132	0.0518365	0.237768	0.277808
-6.02413	-0.742618	0.675493	0.014379	0.294906	0.15016	0.236058	0.287492	0.139248	-0.0315001	0.0981467	0.274881	0.0216918	0.104796	0.0598947	0.144497	0.145019
-5.93308	-0.641631	0.537325	-0.141256	0.313823	0.143423	0.162893	0.246193	0.164373	-0.0223371	0.130222	0.169491	-0.0102642	0.0320055	0.0224321	0.25873	0.0972912
-5.8949	-0.673768	0.522127	-0.117005	0.407133	0.147373	0.303455	0.234264	0.2002	0.0576452	0.0901428	0.274	-0.00369722	-0.0684589	0.0518831	0.195797	-0.0028348
-6.02125	-0.839793	0.566442	-0.0242079	0.587602	0.220713	0.411186	0.323756	0.236012	0.142197	0.282451	0.241079	0.00470895	0.011416	-0.0268217	0.129511	0.0652913
-6.0487	-0.832047	0.686998	-0.072154	0.538405	0.143662	0.371258	0.334212	0.262069	0.101471	0.26776	0.213783	0.0365727	0.115202	-0.135929	0.0190886	0.126308
-5.98935	-0.833312	0.66787	0.00342118	0.372306	-0.133825	0.322108	0.353923	0.233249	-0.0147942	0.1535	0.146991	0.00641121	0.0483488	-0.112517	0.0913729	0.10133
-5.79162	-0.725974	0.526721	-0.211219	0.285534	-0.0923513	0.337127	0.298122	0.181141	0.00501911	0.128195	0.188525	0.0998004	-0.0666715	-0.0586183	0.0814447	0.00767717
-5.71096	-0.662747	0.572658	-0.357166	0.25741	-0.0448054	0.305691	0.33701	0.0264399	-0.025178	0.138441	0.343473	0.204351	-0.0210541	-0.035279	0.0469925	-0.0884055
-5.60825	-0.595076	0.782668	-0.217624	0.240157	-0.0809778	0.222754	0.30405	-0.0218162	0.000893418	0.129715	0.392899	0.28753	0.0648501	-0.0252064	0.0715395	-0.0522501
-5.62885	-0.581291	0.779421	-0.113508	0.30224	-0.0251658	0.234725	0.214155	0.179832	0.210218	0.0724938	0.301012	0.372513	0.137898	-0.018113	0.142166	-0.00573331
-5.63666	-0.595449	0.669754	-0.0866201	0.206328	0.00346212	0.300538	0.286637	0.201242	0.137777	0.0219957	0.231339	0.23051	-0.00747531	-0.0823906	0.207389	0.0300625
-5.7636	-0.523395	0.516558	-0.03173	0.102724	-0.0329278	0.0860403	0.166895	0.172121	0.214799	0.105136	0.345085	0.189365	0.0790919	0.0402725	0.28289	0.0568587
-6.14354	0.00171374	0.521241	0.122735	-0.196528	-0.678368	-0.0228852	0.387422	-0.000343205	0.116075	-0.180139	-0.0571704	0.299126	-0.235071	0.198654	-0.169158	0.108577
-5.67562	0.967535	0.211608	0.416263	0.0704454	-0.110099	-0.376484	0.0718994	0.0211229	-0.0786735	-0.265309	0.458054	0.201924	-0.0463064	-0.309469	-0.00306832	-0.223085
-5.17537	2.38817	0.556672	0.660519	0.303097	-0.445911	0.137251	-0.0985765	0.199222	-0.340523	-0.0513649	0.257962	-0.148039	0.0384886	-0.216043	0.432212	-0.462443
-3.60977	2.61678	0.0645545	0.399583	0.1587	0.0451215	-0.100069	-0.213035	-0.0114485	-0.0653487	-0.143536	0.321291	-0.0777855	0.164045	-0.0513766	-0.172063	-0.238979
-3.19784	2.61468	-0.365366	0.480023	-0.131268	-0.132707	-0.168311	-0.0874298	0.344556	-0.183416	-0.211553	0.270442	0.0172254	0.101068	-0.306997	0.249471	-0.264709
-3.29374	2.48136	-0.284244	0.255765	-0.0437325	-0.103076	-0.270101	0.0601947	0.377249	-0.173993	-0.17564	0.179339	-0.0185153	0.00943491	-0.24621	0.252227	-0.167113
-3.31339	2.46486	-0.31356	0.330595	-0.0285293	-0.270719	-0.115366	-0.129129	0.521828	-0.0746425	-0.110142	0.0458093	-0.153045	0.0783766	-0.208359	0.207422	-0.0959753
-3.24467	2.43853	-0.204813	0.199181	-0.0695914	-0.160662	-0.168291	0.0451533	0.288666	-0.103567	-0.0266463	0.0306547	-0.148783	0.100757	-0.0998447	0.22186	0.097853
-3.31744	2.63229	-0.406533	-0.114273	0.288533	-0.464175	0.120787	0.0107468	0.247008	0.0364241	-0.202011	0.0887356	-0.0793619	-0.0453659	-0.0604047	0.0990921	0.0572372
-3.28907	2.65142	-0.500405	-0.140022	0.0751343	0.0350998	-0.252202	0.187129	0.150569	-0.0789753	-0.123948	0.119915	-0.127022	0.162732	-0.227308	0.14193	0.215545
-3.23872	2.50406	-0.570803	-0.244985	0.283691	-0.116879	0.00909544	0.21205	0.00495252	0.0696305	-0.269511	0.0734735	0.00241828	0.0245921	-0.125112	0.0722086	0.0200568
-3.25878	2.54483	-0.686019	-0.0688763	0.160834	0.074984	-0.0577859	0.0884428	0.127307	-0.14495	-0.148357	0.0507648	0.061727	0.110673	-0.252586	0.122885	0.181044
-3.29588	2.53967	-0.600377	-0.192959	0.281195	0.0530393	-0.0254658	0.0612444	0.0795452	-0.142202	-0.192308	0.0947149	0.100395	0.14351	-0.314166	0.152694	0.266855
-3.44802	2.71223	-0.651286	-0.223349	0.371394	-0.062944	0.0844711	-0.00121894	0.0109535	-0.0949647	-0.195637	0.0959859	0.15181	0.123659	-0.322597	0.15006	0.298464
-3.49961	2.67264	-0.573843	-0.215754	0.287576	-0.0106755	0.132835	-0.0698715	0.142581	-0.160178	-0.199454	0.116694	0.0639619	0.238688	-0.519857	0.30358	0.165236
-3.49839	2.6983	-0.584345	-0.180185	0.299998	-0.0326466	0.02946	0.00172071	-0.0399067	0.0291543	-0.389105	0.427745	-0.128357	0.241853	-0.386461	0.12106	0.471344
-3.57053	2.77177	-0.581377	-0.240827	0.378552	-0.0762026	0.149538	-0.142491	0.160732	-0.123194	-0.291211	0.343749	-0.13931	0.239186	-0.37209	0.165742	0.295788
-3.62943	2.79244	-0.423525	-0.445628	0.430186	0.0545817	-0.0202746	0.146681	-0.151964	0.107902	-0.326193	0.112317	0.125883	0.0622383	-0.242803	0.123379	0.188377
-3.62421	2.82029	-0.481963	-0.394217	0.360914	0.136525	0.0231535	0.0203589	-0.0209433	-0.0105509	-0.258453	0.130258	0.0374515	0.162645	-0.322855	0.137379	0.153547
-3.75091	2.92378	-0.340733	-0.506203	0.241326	0.48569	-0.147749	0.107376	0.0594556	0.0360338	-0.567096	0.219884	0.114245	0.0436515	-0.117996	0.141374	-0.224463
-3.65151	2.91128	-0.690712	-0.0944334	0.0972341	0.289344	0.0244911	0.0824907	-0.0391663	0.0633097	-0.287904	-0.117303	0.311845	-0.0784983	-0.0721759	-0.0290516	-0.0587875
-3.75418	2.98049	-0.492736	-0.125722	-0.0113352	0.369731	-0.174269	0.0903046	-0.135719	0.116826	-0.183642	-0.0733122	0.243692	0.0346857	-0.216428	0.0517677	0.286312
-3.76792	3.10432	-0.592068	-0.149103	-0.0588266	0.531194	-0.268862	-0.073927	0.315142	-0.247523	-0.0614202	-0.0597678	0.153644	0.0664567	-0.192119	0.034101	0.188246
-3.89983	3.29091	-0.509788	-0.250591	0.0777595	0.328973	-0.249343	-0.0914997	0.0995383	-0.104063	0.0726236	-0.173708	0.246912	0.166439	-0.465527	0.323515	0.392178
-4.10437	3.46081	-0.525416	-0.228137	-0.132957	0.481256	-0.113512	-0.295648	0.408822	0.0189595	-0.286099	0.0240185	-0.0334865	0.312654	-0.517817	0.163248	0.126177
-4.13108	3.39898	-0.358152	-0.247309	-0.0302173	0.279368	-0.154998	-0.188364	0.294992	0.0435652	-0.166361	-0.0315582	-0.0785181	0.357389	-0.442508	0.0654269	0.265513
-4.42459	3.67095	-0.531128	0.0599716	-0.102196	0.269717	-0.185227	-0.128594	0.502838	-0.107598	-0.189529	-0.127364	-0.107236	0.43995	-0.330192	0.011406	-0.0773918
-5.02637	3.16998	-0.0932055	0.466787	0.432458	-0.294838	-0.115435	-0.225036	0.15214	0.183927	-0.223272	0.0777008	-0.052877	0.000381423	-0.0121864	-0.0626235	0.247239
-5.80365	1.99946	0.552602	0.69753	0.273707	0.197433	0.273014	0.284821	0.196509	-0.238875	-0.335403	-0.1872	-0.18348	0.00825435	0.127843	-0.0918709	-0.15687
-6.41841	2.10778	0.790864	0.802361	-0.260525	-0.114015	0.00424848	0.536484	0.219899	0.0448245	-0.429053	-0.316755	-0.107876	0.182872	0.115985	-0.26106	-0.182557
-7.26789	1.68752	0.346891	0.891276	-0.355222	-0.213455	0.082679	0.425791	0.397537	0.104708	-0.379748	-0.594252	-0.0980132	0.48883	0.0707996	-0.325635	-0.169478
-7.41947	1.87212	-0.176156	0.982376	0.405652	-0.288593	0.0317278	0.240453	-0.0933504	-0.0597846	-0.189203	0.244127	-0.271161	-0.0857528	0.0927292	-0.0410339	0.0673164
-6.71614	1.93391	-1.05202	0.896565	-0.0262139	0.250695	-0.113297	-0.085114	-0.08967	0.0683981	-0.121845	0.236347	-0.177152	-0.10578	0.0972008	-0.0353223	0.433935
-5.79647	1.51753	-0.798822	0.621198	-0.290803	0.40609	-0.290102	0.122099	0.173627	0.0278184	-0.38845	-0.0407971	0.142075	0.233821	-0.0566708	-0.526324	0.0377584
-6.345	1.33741	-0.289829	0.992567	0.39375	0.343625	-0.411125	-0.169779	0.0844602	0.0219889	-0.207671	0.0453615	-0.018694	0.156155	-0.0301812	-0.185983	-0.0997801
-6.7889	2.36266	0.073825	0.999318	0.0996384	0.190501	0.167098	-0.264065	0.393335	-0.126799	-0.571133	0.0648672	0.141707	0.035937	0.0109196	-0.168412	-0.285779
-6.04483	2.65441	0.395491	1.49696	0.119144	0.0697184	-0.0928527	-0.484354	0.224929	-0.311778	0.0557612	-0.046696	0.218433	0.00873446	0.0348192	-0.100053	0.0548814
-4.56841	3.67235	-0.349335	0.487733	-0.122143	0.383333	-0.422088	-0.479295	0.808777	-0.380413	-0.0773366	0.0885478	0.0370573	-0.05519	0.057512	0.0655761	-0.182487
-4.29161	3.27117	-0.237946	0.647071	-0.345958	0.546974	-0.46131	-0.525667	0.526664	-0.0976509	-0.190586	0.104488	0.193501	-0.0252973	-0.154303	0.127043	-0.0857639
-4.4386	3.20582	-0.322365	0.59465	0.0019081	0.0699097	-0.196104	-0.359779	0.41783	-0.126859	-0.0948292	0.110433	0.108811	-0.119072	-0.173369	0.177426	-0.19277
-4.46818	3.21937	-0.289379	0.654491	-0.21655	0.163443	-0.181975	-0.599566	0.716915	-0.19511	-0.0773723	0.0499186	0.272755	-0.179186	-0.292392	0.0708276	-0.191285
-4.50724	3.17287	-0.119679	0.771003	-0.156031	0.345569	-0.320127	-0.246788	0.398537	-0.269184	-0.0764144	0.0256151	0.135661	-0.0793874	-0.0322422	0.0950709	0.2019
-4.6443	3.21903	-0.204003	0.695072	-0.03155	0.242824	-0.209966	-0.312464	0.32102	-0.135206	-0.185185	0.101293	0.184854	-0.0939626	-0.145604	0.106949	-0.0648331
-4.91163	3.32338	0.119501	0.611059	-0.0262824	0.502074	-0.350486	-0.216249	0.433901	-0.153818	-0.0852903	-0.147153	0.250712	-0.0697784	-0.26643	0.339312	0.0111268
-5.32364	3.1579	0.820407	0.917218	-0.252851	0.149898	0.121662	-0.195917	0.32091	0.181268	0.148754	-0.239617	0.232892	-0.261531	-0.140025	0.512785	-0.116528
-5.63284	2.50831	0.74318	1.20327	-0.174971	-0.0657734	-0.447297	-0.102675	0.470401	0.0275886	-0.281708	-0.21199	0.534885	-0.225834	-0.565018	0.113175	-0.072043
-5.11376	1.30038	0.907354	1.04639	0.363838	0.72657	-0.678486	-0.0869777	-0.0287684	0.112238	0.0892871	0.262594	0.572328	0.111713	-0.26241	-0.210335	-0.515069
-4.96478	0.573575	1.08941	1.15655	0.470577	0.752465	-0.0971171	0.0769353	0.211637	0.0854535	0.00577679	0.226131	0.635953	0.235662	-0.0985547	-0.0760333	-0.111983
-5.3096	-0.20838	1.00235	0.638748	0.164251	0.631976	-0.425059	0.013381	-0.00442675	-0.245669	-0.365249	-0.0668337	0.0589591	-0.177582	-0.0309896	-0.179298	-0.327889
-5.36456	-0.392519	1.35145	0.835671	0.559791	0.850717	-0.109265	0.490271	0.0652191	-0.293126	-0.0524781	-0.0604969	0.204887	0.198093	0.126656	0.0459231	0.170066
-5.6128	-0.411104	1.10929	0.685346	0.36951	0.847191	-0.0894154	0.339712	0.516792	0.348951	-0.132298	-0.21925	0.13064	0.219093	0.092943	0.157733	-0.0536522
-5.657	-0.796563	0.83178	0.498338	0.17912	0.395988	-0.291741	0.160232	0.223248	0.0968407	-0.0521148	-0.0378943	0.255	0.120347	-0.112363	0.0121935	-0.169533
-5.81825	-0.934964	0.715935	0.300681	0.0636197	0.353937	-0.253778	0.284301	0.283945	0.0563728	-0.0664589	0.0636407	0.281696	0.0413101	-0.0928566	-0.0297142	-0.128237
-5.83568	-0.803956	0.748862	0.248491	0.150995	0.368167	-0.17926	0.230892	0.242243	0.0248382	-0.0636152	0.0644556	0.252026	0.0941862	-0.0271002	-0.0201036	-0.0803944
-5.82709	-0.762393	0.794069	0.246132	0.148932	0.275524	-0.199961	0.333611	0.311146	0.13673	-0.0490495	0.01339	0.110428	-0.084393	-0.0936417	0.102436	-0.0703458
-5.92812	-0.809203	0.752792	0.179087	0.091203	0.328266	-0.0329452	0.373319	0.333574	0.131815	0.0806882	0.102092	0.0634486	-0.0761163	-0.0191377	0.168834	0.0100909
-6.03383	-0.948759	0.679679	0.278599	0.318692	0.538204	-0.123371	0.27691	0.360257	0.138601	-0.0268659	0.149031	0.207979	0.0600472	0.00659371	0.151146	-0.0234265
-6.01988	-1.05893	0.534348	0.136905	0.196386	0.604398	-0.050429	0.294374	0.255911	0.199978	-0.0150033	0.277497	0.41282	-0.0117674	-0.110178	0.0508305	-0.148471
-5.85062	-0.774001	0.53938	0.0525159	0.0671275	0.632652	-0.0116911	0.244926	0.174673	0.0967051	-0.032192	0.163181	0.299183	0.0440786	-0.0191371	0.168918	0.0617052
-5.79334	-0.415934	0.402776	0.106443	0.0782991	0.570182	-0.030521	0.167872	0.245192	0.116748	0.0675645	0.155008	0.376439	0.0102889	-0.0944516	0.169676	0.135768
-5.69797	-0.267489	0.282328	0.356973	0.158253	0.606191	0.0353152	0.00593757	0.268826	0.144645	0.0544052	0.0195966	0.328855	-0.0277553	-0.107363	0.10955	0.186407
-5.61009	-0.347173	0.211756	0.414726	0.0703408	0.479847	-0.0109796	0.00704585	0.378534	0.157351	0.0324538	0.0755328	0.243875	0.137115	-0.056667	-0.00730418	0.0683717
-5.82681	-0.380921	0.185472	0.413621	0.0611734	0.41708	-0.0203539	-0.0354586	0.405679	0.180214	-0.00673489	0.191156	0.180392	0.0551199	0.0231787	-0.034252	-0.0260573
-6.18671	-0.277824	0.0954945	0.39958	0.145941	0.507664	0.0779149	-0.0916037	0.286035	0.16979	-0.0660382	0.195774	0.154254	-0.0361261	0.197456	0.0941072	-0.0830134
-6.43712	-0.018898	-0.0440155	0.415566	0.176805	0.421397	0.166776	0.0505031	0.433877	0.18765	-0.0367763	0.111405	0.102274	0.0897801	0.283163	0.106767	0.0494673
-6.64734	0.204523	-0.323054	0.254193	0.0746672	0.374747	0.264523	0.0920746	0.400602	0.219512	0.0523187	0.341741	0.252729	0.131079	0.199838	0.0468238	0.0537938
-6.91058	0.360453	-0.38839	0.148722	0.141829	0.392517	0.263175	0.0202503	0.251938	0.142657	0.0379113	0.190843	0.332252	0.197993	0.149863	0.0987957	0.116102
-7.15689	0.430066	-0.260781	0.245675	0.266079	0.459559	0.292267	0.138643	0.263205	0.156624	0.0828661	0.0541129	0.176275	0.109962	0.23115	0.133042	0.0160628
-7.18958	0.66964	-0.179624	0.339437	0.276421	0.424927	0.186342	0.0743143	0.225398	0.119387	0.130098	0.189927	0.176469	0.109584	0.134854	0.127046	0.0209821
-7.3093	0.733245	-0.0383521	0.386376	0.283589	0.372698	0.132565	0.00880804	0.121424	-0.0977239	0.135525	0.263254	0.172605	0.0359695	0.071479	-0.01668	0.0615128
-7.43225	0.604798	-0.00798277	0.351521	0.35658	0.344731	0.140081	0.0324666	0.167781	0.0407832	0.155753	0.0916454	0.0235776	-0.0596389	-0.171276	-0.108654	0.045743
-7.53939	0.565609	-0.168272	0.241396	0.383194	0.398444	0.235094	0.127021	0.188857	0.0672837	0.121814	0.124772	0.0513315	-0.151195	-0.0793491	0.0324429	0.118527
-7.65197	0.751955	-0.031136	0.365426	0.384261	0.418616	0.224494	0.0665455	0.152528	0.14756	0.18989	0.250472	0.142657	-0.082753	0.0700096	0.177918	0.0830738
-7.65225	1.26867	0.15924	0.406515	0.295348	0.309889	0.261743	0.022071	-0.0439386	0.176583	0.153525	0.0795758	-0.018431	-0.124563	0.0351313	0.106306	0.133676
-6.61761	2.54247	0.105578	-0.0208464	-0.212609	-0.124564	0.0895464	-0.156413	-0.155501	0.1564	0.082151	-0.05406	-0.113308	-0.0942052	-0.0698388	-0.0416653	0.049634
-6.01089	3.30567	-0.370613	0.0692991	-0.394207	-0.0162204	0.11802	-0.278161	-0.22231	0.196639	0.0173453	0.0110257	-0.216618	-0.188959	-0.124469	-0.189162	0.14102
-5.64635	3.38795	-0.429833	0.011868	-0.44589	0.125734	0.170286	-0.275447	-0.176209	0.227818	0.0510178	0.141238	-0.221673	-0.232623	-0.30349	-0.249217	0.166745
-5.63454	3.30411	-0.362731	-0.0304998	-0.365285	0.0765371	0.284906	-0.302226	-0.161167	0.261326	0.178491	0.145575	-0.119222	-0.213764	-0.326429	-0.199146	0.183798
-5.85483	3.08742	-0.373846	-0.160596	-0.0315104	0.0680962	0.251825	-0.330022	-0.167861	0.35019	0.220966	0.106391	-0.105478	-0.189425	-0.197681	-0.178314	0.00194999
-5.4162	2.88885	-0.444889	-0.338447	0.06333	0.115236	0.326174	-0.262123	-0.262293	0.268878	0.183502	-0.00107754	-0.153987	-0.236163	-0.213074	-0.17868	0.0460574
-5.37644	3.01049	-0.567149	-0.337731	-0.0108102	-0.0040301	0.349849	-0.114668	-0.377565	0.2149	-0.0168886	-0.0583556	-0.112475	-0.301958	-0.0829994	-0.128213	0.050275
-5.34746	2.93731	-0.917795	-0.239137	0.110391	-0.0713151	0.424376	-0.127237	-0.371102	0.233333	-0.0874403	-0.0164664	-0.142934	-0.324639	0.0285631	-0.150522	0.0247091
-5.47034	2.77829	-0.912046	-0.223484	0.115567	0.0418867	0.477167	-0.116108	-0.293337	0.246306	0.101627	0.0256888	-0.0911194	-0.317599	-0.050798	-0.106939	0.0579616
-5.77175	2.66764	-0.524029	-0.188135	0.142696	0.193933	0.354555	-0.140345	-0.331549	0.253292	0.0183688	-0.0642517	-0.176466	-0.265737	-0.00999586	-0.136294	0.0518422
-5.54733	2.50717	-0.528536	-0.236238	0.077112	0.199149	0.280253	-0.118111	-0.312428	0.242367	0.0435279	-0.104641	-0.158612	-0.286873	-0.0451328	-0.164823	0.00408337
-5.74813	2.72754	-0.58049	-0.318733	0.0605098	0.153104	0.346494	-0.0487628	-0.374232	0.206812	-0.13105	-0.16702	-0.16078	-0.289237	0.0626138	-0.144471	-0.0281452
-5.80492	2.52049	-0.766167	-0.321069	0.101466	0.192719	0.211564	-0.0184355	-0.332007	0.215605	-0.174824	-0.155732	-0.132452	-0.359888	0.0741432	-0.163458	-0.0648118
-6.04194	2.34431	-0.637557	-0.340014	0.221821	0.238473	0.335482	-0.0778344	-0.360843	0.27049	-0.105029	-0.124303	-0.0164293	-0.285493	0.0788306	-0.066479	-0.0126422
-6.38099	2.4261	-0.336754	-0.137688	0.33027	0.03915	0.33764	-0.11833	-0.279256	0.431266	-0.136336	-0.195548	-0.15137	-0.274309	0.246005	-0.0413321	-0.0786094
-6.43775	2.37757	-0.626677	-0.00424892	0.279096	0.0662738	0.301424	-0.185294	-0.1999	0.415438	-0.136133	-0.210278	-0.107098	-0.358206	0.262903	-0.06369	-0.172917
-6.82613	2.16105	-0.612784	0.0750909	0.431853	0.179168	0.305528	-0.223817	-0.304659	0.495721	-0.0794863	-0.10515	-0.104825	-0.340365	0.24251	-0.0171235	-0.179376
-7.14187	1.97475	-0.186774	0.0701404	0.313676	0.306851	0.321746	-0.168353	-0.198794	0.457856	0.0450623	-0.127888	-0.0777999	-0.0749218	0.203927	-0.0348272	-0.159604
-6.97485	1.88464	-0.0191797	0.230292	0.200414	0.397381	0.118843	-0.194379	0.0256172	0.315882	-0.0487297	-0.234485	-0.0101163	0.0827752	-0.114001	-0.151881	-0.085847
-7.0345	1.80602	-0.0938698	0.354876	0.175378	0.376969	-0.0675997	-0.235289	0.148291	0.247665	-0.142776	-0.192334	-0.0394712	-0.014349	-0.192436	-0.041734	0.013496
-7.33369	1.8184	-0.155886	0.330537	0.185313	0.316622	-0.00850174	-0.209319	0.122037	0.327556	-0.152291	-0.245823	-0.0366387	-0.0832348	-0.137632	-0.00290789	0.0381616
-8.18903	1.92466	-0.0242117	0.227943	0.2808	0.136224	0.148255	-0.133519	0.0671072	0.633452	-0.0580311	-0.13275	0.0906118	0.0962066	0.00818225	0.136944	0.183051
-8.19331	2.16159	-0.237564	0.163022	0.338567	-0.0916942	0.351778	0.313926	0.11432	0.30316	-0.153496	-0.0455485	0.0527771	0.181611	0.0495499	-0.0489836	0.122889
-7.43625	2.38594	-0.431667	0.335767	0.217176	-0.17844	0.449672	0.453265	0.165547	0.183775	-0.269913	-0.084203	0.0675441	0.0880365	-0.134062	-0.162499	0.177439
-7.19222	2.60477	-0.430727	0.374412	0.21856	-0.197106	0.324729	0.362937	0.117047	0.228332	-0.312916	-0.112294	0.0900266	0.117005	-0.104438	-0.24807	0.160473
-6.96938	3.05731	-0.378811	0.349615	0.365558	-0.53976	-0.185004	0.190434	0.105203	0.200627	-0.246483	-0.0458105	-0.0077292	-0.05453	-0.148043	-0.237293	0.109197
-6.80087	3.2523	-0.497929	0.326607	0.448501	-0.630229	-0.213857	0.214938	0.154959	0.218057	-0.22576	-0.0257388	-0.0499389	0.00995503	-0.225278	-0.220416	0.121344
-7.17874	3.14891	-0.463741	0.300157	0.437557	-0.621283	-0.236757	0.266675	0.21517	0.239686	-0.205461	-0.00537605	-0.020918	0.0151834	-0.264231	-0.225443	0.150652
-8.12761	2.40135	-0.0821551	0.258181	0.245003	-0.456313	-0.270581	0.287109	0.423241	0.274469	-0.144522	0.00337784	0.0307178	-0.00169252	-0.281782	-0.187531	0.283271
-8.13151	2.12739	-0.149956	0.441965	0.202634	-0.143847	0.0687606	0.160515	0.330982	0.0868041	-0.174916	0.319911	-0.12475	-0.0961451	-0.0112616	-0.030179	-0.029505
-7.69728	2.37675	-0.27202	0.604456	0.156615	-0.128507	0.244476	0.174977	0.337942	0.076641	-0.115105	0.515889	-0.194348	-0.149955	-0.0116662	-0.0930631	-0.134701
-7.66141	2.22531	-0.212398	0.685296	0.153387	-0.117716	0.234536	0.208037	0.374152	0.0519387	0.00284327	0.415693	-0.0876265	-0.176678	-0.0632493	-0.128548	-0.156699
-7.94918	1.873	-0.0588938	1.03626	0.152522	-0.237931	0.097289	0.0798655	0.262073	-0.144756	-0.0507411	0.377145	-0.0783291	-0.192819	-0.104575	-0.159538	-0.151117
-8.049	2.46811	0.173555	1.35742	0.447395	-0.166173	0.220926	-0.00499858	0.472633	-0.455878	-0.254072	0.313015	-0.189153	-0.16768	-0.0437308	0.159498	0.0974599
-7.63148	3.24071	0.653161	1.42669	0.285102	-0.219276	0.0770339	0.114526	0.18435	-0.267041	-0.109748	0.201142	-0.152038	-0.2628	0.0133188	0.318865	0.221623
-7.52205	3.27511	0.047408	1.27478	0.858921	0.306548	0.0311875	0.0926623	0.200911	-0.38319	-0.307395	0.0867436	-0.217338	0.0515105	0.140933	0.0333801	0.275986
-9.12457	2.86939	0.960534	1.08695	0.474056	-0.576967	-0.879563	-0.119333	0.411247	-0.185154	-0.186578	0.210426	0.180553	0.078181	-0.214639	0.0532161	-0.210977
-9.41251	2.82986	1.69366	1.51161	1.31425	0.213	-0.252019	-0.117946	0.45592	0.279926	-0.129317	-0.2897	-0.105	-0.266943	0.103121	0.399134	0.388554
-9.57247	3.13661	1.80584	1.32412	0.908195	0.381213	-0.0958239	0.00868433	0.227445	0.266644	-0.254963	-0.0039047	-0.134276	-0.225359	-0.220245	0.196744	0.230286
-9.38617	3.13912	1.89012	1.34844	0.708901	0.117829	-0.241401	0.176996	0.18653	0.264402	-0.404025	-0.131945	0.0491331	0.115751	-0.0749185	0.0486639	-0.122462
-9.50891	3.00573	1.92401	1.12149	0.809285	0.188061	-0.35592	-0.0299284	0.45575	0.0353424	0.0504636	-0.178404	-0.180907	-0.120136	-0.14342	0.0591364	0.109355
-9.96492	2.4609	1.44333	1.30903	1.31572	0.457659	-0.189175	-0.186242	-0.204481	-0.0972406	-0.0426087	0.178018	-0.122155	-0.212592	-0.0699857	-0.166123	-0.0231294
-9.59393	2.09882	1.15799	0.876013	0.630714	0.277389	0.116486	0.0492827	-0.0201331	-0.126672	-0.104542	-0.105394	-0.171398	-0.0963239	-0.0722267	-0.0799303	-0.0389039
-9.40282	1.85106	0.798525	0.734816	0.551205	0.271728	0.22081	0.214629	0.0676519	-0.0590109	0.00279042	0.0190622	-0.0829161	-0.0762179	0.0118641	-0.00138091	-0.0389036
-8.87803	1.49187	0.0202608	1.11032	0.604787	0.250563	0.193462	0.00436257	0.251141	0.0687425	0.0696291	0.227261	-0.0405515	-0.172101	-0.100836	-0.0940361	-0.0123568
-7.69607	1.78876	-0.607394	1.2611	0.218137	0.150472	0.0288485	-0.159937	0.295796	0.0309974	0.0941816	0.314899	-0.0428799	0.0199368	0.0360834	0.0834891	0.0498999
-7.02357	1.99314	-0.594129	1.36228	0.00167125	0.0381368	-0.159951	-0.192383	0.24678	0.0994118	0.0656281	0.481338	-0.0401427	-0.0149855	0.0582632	0.0865833	0.00988552
-6.85458	1.95874	-0.409757	1.38971	-0.0478314	-0.0544825	-0.17291	-0.109224	0.208785	0.0826022	0.0835699	0.552345	-0.00349054	-0.0487375	0.129312	0.0902886	-0.0337736
-7.23474	1.81929	-0.21863	1.34661	0.0758412	-0.0853296	-0.163911	-0.126067	0.237124	0.0753765	0.10627	0.617689	0.103004	-0.0745667	0.133044	0.102472	-0.00910313
-8.08271	1.63409	0.0800313	1.25801	0.199253	-0.052573	-0.193411	-0.0899431	0.324184	0.00344524	0.0250641	0.483192	0.23836	-0.0929036	0.0815468	0.276426	0.143564
-8.59459	1.72917	0.103494	1.01787	0.170286	0.0469559	-0.0418139	-0.0765135	0.497614	0.173726	-0.101658	0.226411	0.165349	-0.0584505	0.076676	0.283774	0.175108
-8.75786	1.67616	0.206903	0.952092	0.226566	0.0639825	0.0709335	-0.0635262	0.440832	0.198567	-0.153956	0.14131	0.108676	-0.0410477	0.0134141	0.221783	0.105859
-9.09538	1.69754	0.249102	0.809246	0.289249	0.194235	0.188084	0.122664	0.399283	0.120962	-0.228885	0.0707226	0.13535	-0.0683379	0.0159702	0.228535	0.0802829
-9.31496	1.43434	0.305977	0.596952	0.246936	0.344012	0.0327702	0.296233	0.374922	0.00665984	-0.142485	0.212795	0.25581	-0.0922942	-0.0548566	0.194135	0.200585
-9.50312	1.36383	0.480374	0.575905	0.285451	0.339806	0.0666602	0.311031	0.361165	-0.0607342	-0.0764842	0.262822	0.252411	-0.00251998	-0.0255477	0.114499	0.156759
-10.0269	1.27705	0.603532	0.419774	0.332263	0.369762	0.175967	0.242229	0.274258	0.0787973	-0.00738911	0.157796	0.193454	0.155367	0.123291	0.17735	0.218271
-10.4319	1.05947	0.667845	0.35524	0.27797	0.323539	0.16696	0.190412	0.151362	0.181376	0.0920632	0.067369	0.106645	0.135823	0.180617	0.174692	0.172522
-10.5202	0.924885	0.532388	0.267894	0.282438	0.328066	0.209828	0.199295	0.165219	0.260098	0.17599	0.118165	0.122153	0.14642	0.198517	0.12295	0.166652
-10.6005	0.938205	0.634714	0.409186	0.4127	0.40125	0.247838	0.204593	0.175689	0.267512	0.187623	0.161646	0.19388	0.150841	0.127349	0.0645913	0.141673
-10.4988	1.04448	0.634534	0.392911	0.385806	0.334054	0.240762	0.264247	0.247779	0.301687	0.235973	0.201395	0.209478	0.144931	0.142985	0.0784268	0.0541804
-10.4851	1.03079	0.5677	0.379739	0.43142	0.327274	0.271526	0.2435	0.231155	0.267457	0.240497	0.193276	0.149738	0.166683	0.208814	0.127971	0.0714054
-10.5439	0.987403	0.543989	0.397463	0.456665	0.305985	0.243912	0.210005	0.181728	0.201904	0.263923	0.205228	0.20484	0.250937	0.266223	0.161239	0.116175
-10.5314	0.971924	0.561626	0.458845	0.445565	0.344962	0.246026	0.187333	0.229882	0.22348	0.25051	0.187722	0.1539	0.145935	0.197859	0.118976	0.05672
-10.6605	0.844545	0.531447	0.472634	0.474519	0.445121	0.291554	0.179799	0.255019	0.235187	0.211865	0.163777	0.118364	0.0740125	0.172477	0.131446	0.0380169
-10.6276	0.893142	0.509968	0.363936	0.417749	0.398442	0.242662	0.117602	0.164413	0.233499	0.153455	0.161507	0.17377	0.134795	0.145775	0.0922381	0.0204465
-10.577	0.869357	0.458358	0.297995	0.349133	0.360668	0.241164	0.10566	0.167907	0.250256	0.1083	0.134735	0.14911	0.135861	0.161105	0.0810983	0.0483726
-10.6516	0.800091	0.508237	0.352032	0.316235	0.338648	0.310947	0.247721	0.271852	0.221895	0.202819	0.201092	0.180537	0.134588	0.193906	0.182387	0.138909
-10.6469	0.810652	0.529184	0.392008	0.356572	0.375508	0.216466	0.194577	0.21554	0.141175	0.226914	0.173288	0.197394	0.149809	0.123864	0.186617	0.179727
-10.6198	0.85617	0.533573	0.354723	0.269893	0.252178	0.0765238	0.0736926	0.153395	0.190575	0.21356	0.185692	0.172562	0.159131	0.0446515	0.0787146	0.117539
-10.6564	0.868702	0.585984	0.411246	0.345452	0.238823	0.13655	0.133224	0.184217	0.275388	0.247052	0.215279	0.12215	0.113383	0.0520281	0.0143423	-0.0159833
-10.6026	0.899069	0.551968	0.419288	0.403102	0.33382	0.197353	0.185678	0.181737	0.224159	0.173957	0.13425	0.10815	0.0580841	0.12004	0.129129	0.0717567
-10.4843	1.0061	0.572802	0.387019	0.338413	0.3442	0.227782	0.215058	0.199705	0.202	0.155685	0.127823	0.159217	0.133977	0.215537	0.263223	0.167657
-10.4773	1.03577	0.614643	0.406947	0.33959	0.292197	0.159103	0.154401	0.201163	0.203142	0.151097	0.143718	0.212719	0.179687	0.192175	0.238498	0.17896
-10.4371	1.06718	0.56772	0.397155	0.361326	0.266593	0.138721	0.101094	0.151352	0.243169	0.197811	0.141726	0.219946	0.172231	0.127482	0.154647	0.149509
-10.4551	0.983226	0.494561	0.328428	0.318088	0.297442	0.223109	0.157256	0.115948	0.223854	0.197858	0.117798	0.133697	0.119637	0.0487499	0.0467717	0.0956469
-10.5572	0.927623	0.551682	0.387021	0.402927	0.431948	0.343134	0.241207	0.114844	0.249975	0.188829	0.175472	0.172974	0.182799	0.106018	-0.00182162	0.129016
-10.2668	1.16419	0.547626	0.422772	0.347164	0.304095	0.255306	0.260149	0.159527	0.254862	0.183399	0.176293	0.163163	0.174798	0.194643	0.0714684	0.144748
-10.1068	1.2711	0.543974	0.414656	0.316846	0.279052	0.245619	0.225613	0.203242	0.225333	0.178478	0.199794	0.173639	0.189378	0.189298	0.153649	0.204832
-10.351	1.13446	0.580657	0.443291	0.417917	0.436529	0.384722	0.26549	0.284157	0.298164	0.268841	0.298311	0.241142	0.1899	0.150881	0.138401	0.200574
-10.1625	1.24927	0.583485	0.430128	0.37988	0.334734	0.30938	0.285493	0.25713	0.247162	0.253837	0.205253	0.18623	0.210713	0.202699	0.17929	0.171857
-10.222	1.23823	0.587231	0.414812	0.389156	0.365596	0.330818	0.196081	0.193744	0.242282	0.248946	0.197427	0.163504	0.187767	0.190984	0.189791	0.174996
-10.4217	1.07509	0.556181	0.415891	0.43055	0.450053	0.417134	0.231344	0.158362	0.172825	0.20994	0.298211	0.222949	0.198955	0.211233	0.264999	0.269089
-10.1466	1.24615	0.566716	0.405486	0.364832	0.308307	0.287202	0.23884	0.233765	0.214608	0.184191	0.25405	0.189966	0.159949	0.164722	0.192395	0.144935
-10.3284	1.13706	0.606169	0.447928	0.433036	0.34405	0.24451	0.256856	0.26795	0.221291	0.17792	0.211902	0.18049	0.190268	0.164829	0.145513	0.10661
-10.5204	1.00841	0.627559	0.50452	0.470596	0.383321	0.240814	0.341542	0.357226	0.2631	0.2068	0.176855	0.222571	0.252337	0.242833	0.170862	0.151391
-10.2793	1.18882	0.593701	0.483384	0.407121	0.347251	0.240153	0.270558	0.2507	0.25332	0.25313	0.202087	0.221955	0.231053	0.189426	0.118936	0.161473
-10.2825	1.18227	0.605691	0.46826	0.373566	0.352153	0.284491	0.317825	0.293079	0.218707	0.17346	0.201789	0.213266	0.175784	0.203144	0.12756	0.174547
-8.99361	1.43465	0.480542	0.381886	0.300264	0.223408	0.20175	0.177209	0.178817	0.135269	0.140078	0.128238	0.124181	0.0862449	0.103756	0.0777227	0.0821645
-8.40946	1.40068	0.45313	0.349046	0.271371	0.1912	0.17117	0.145191	0.148752	0.10323	0.109534	0.0963009	0.094707	0.0567259	0.0760918	0.0500219	0.0537171
