-8.91798	1.58149	0.251234	0.454761	0.12624	0.236891	0.0915401	0.114344	0.0324982	0.0993111	0.0239347	0.0491841	0.0218005	0.0541562	0.000890086	0.0369865	0.00062975	0.0206339	-0.00172428	-0.00163664	-0.0281091	0.0171959	-0.0158617	-0.0161145	-0.0194579	-0.0235614	-0.00411226	-0.0168641	-0.0305731	-0.03221	0.00826483	-0.0235548	0.00437691	-0.0396863	-0.0255623	0.000270209	-0.0397559	-0.0375323	-0.0307883	0.00458437
-9.25353	1.5916	0.356042	0.469248	0.22211	0.257203	0.176085	0.136721	0.102441	0.129881	0.08491	0.0806082	0.07705	0.0911228	0.0489584	0.073058	0.0442949	0.0554736	0.0354525	0.0260699	-0.00250633	0.0522393	0.00724205	0.0103729	-0.00770294	0.00294109	0.0108182	0.00944734	-0.0314282	-0.0128644	0.0256454	0.00265606	0.0193632	-0.0362699	-0.0212517	0.00991413	-0.0457516	-0.0587068	-0.0316712	0.0124704
-10.2751	1.20709	0.591478	0.416819	0.407388	0.336053	0.289133	0.234832	0.2856	0.260364	0.165	0.211501	0.198678	0.143743	0.0761708	0.147364	0.121829	0.149043	0.122318	0.107007	0.107456	0.096075	0.0255191	0.0351332	0.0575459	0.0416565	0.0151443	0.0889945	0.0713669	0.0438354	0.035761	0.060449	0.0462134	-0.00815582	-0.0921571	-0.0201351	-0.00412029	-0.0620106	-0.0461088	-0.0214263
-10.484	1.02174	0.54781	0.400156	0.393043	0.29524	0.250594	0.259621	0.316584	0.318555	0.215144	0.206398	0.169241	0.171422	0.15021	0.21444	0.224983	0.228343	0.16091	0.102239	0.122519	0.123698	0.0809183	0.0569482	0.100754	0.0377448	-0.0116599	0.116671	0.123387	0.0231573	0.0127182	0.0559761	0.0429475	0.025254	-0.0569156	0.0138306	0.0446996	0.0260525	0.0120834	-0.0319748
-10.4167	1.03008	0.550035	0.41103	0.401749	0.300719	0.234033	0.188254	0.207313	0.233356	0.207571	0.224984	0.145724	0.185043	0.181491	0.159501	0.143228	0.202153	0.175582	0.118119	0.104543	0.148527	0.141205	0.107307	0.130769	0.0417252	0.0611389	0.125724	0.120455	0.0408036	0.0264398	0.0725842	0.0887374	0.0347471	-0.021634	0.041444	0.089088	0.032474	-0.00825452	-0.0749888
-10.2172	1.15611	0.541916	0.3626	0.354873	0.292563	0.236725	0.194862	0.223574	0.260827	0.176887	0.184975	0.148871	0.19448	0.203056	0.199984	0.161803	0.205158	0.119846	0.132978	0.0770081	0.0777509	0.107015	0.0699717	0.0907449	0.0643015	0.0860753	0.127574	0.108867	0.0293353	0.00212586	0.0245675	0.0639401	0.0167802	-0.00187319	-0.0267124	-0.00420889	-0.0259894	0.0214533	0.0163278
-10.2874	1.10833	0.567717	0.36041	0.342079	0.315053	0.243094	0.218863	0.224817	0.261385	0.17927	0.18285	0.166855	0.225893	0.186085	0.194852	0.169789	0.162821	0.1124	0.133339	0.132068	0.0731687	0.143649	0.115343	0.0972189	0.0796654	0.0683511	0.104396	0.0949504	0.0879364	0.0572626	0.0788661	0.062592	0.0279016	0.0360925	-0.0115377	-4.17863e-05	0.00141386	0.00259776	0.0296824
-10.3244	1.12879	0.593338	0.386653	0.348044	0.340937	0.263493	0.264097	0.273234	0.245666	0.154556	0.214568	0.206301	0.251204	0.194539	0.13138	0.14064	0.161607	0.151212	0.149274	0.174492	0.116654	0.147818	0.0715713	0.0762264	0.118289	0.101534	0.0862588	0.0576111	0.0421153	-0.0155186	0.0122214	-0.0146507	0.0607685	0.0338302	-0.0162601	-0.0393297	-0.00564391	0.00320529	-0.00916253
-10.2635	1.12394	0.57439	0.383886	0.386702	0.352253	0.288735	0.299437	0.303813	0.214171	0.135614	0.211427	0.192428	0.153453	0.148696	0.143021	0.197173	0.171233	0.135292	0.137186	0.152139	0.153687	0.146619	0.0383461	0.040216	0.097005	0.10827	0.0680758	0.0141384	0.0551676	0.0225349	0.0401665	-0.0078318	0.0810224	0.0377624	-0.0261702	-0.0677315	-0.0122638	0.0312652	-0.0377452
-10.4049	1.03389	0.601005	0.409447	0.425838	0.372342	0.311982	0.281527	0.338081	0.223482	0.173461	0.249955	0.185269	0.122691	0.129924	0.147097	0.225158	0.164463	0.119934	0.117225	0.0843593	0.113026	0.112469	0.0567679	0.107744	0.114093	0.116525	0.0912124	0.0281278	-0.00502713	0.00323912	0.0104257	0.0349355	0.100231	0.0221728	-0.0837819	-0.0512198	0.006188	0.037503	-0.0130096
-10.4298	1.05378	0.599742	0.42576	0.387852	0.355698	0.309304	0.305016	0.31301	0.211076	0.139148	0.228727	0.161258	0.144776	0.123901	0.140362	0.194445	0.137606	0.126667	0.0690065	0.0713714	0.0947494	0.0610662	0.0742859	0.131392	0.117448	0.08919	0.10382	0.0829742	0.0260709	0.0510308	0.0729588	0.107561	0.109469	0.070028	-0.00709341	-0.00391724	-0.0248855	-0.0235851	-0.0115099
-10.331	1.14363	0.596393	0.451021	0.400065	0.329961	0.233559	0.249152	0.233142	0.221558	0.158102	0.200044	0.161845	0.130268	0.12253	0.09063	0.134714	0.140632	0.12048	0.0665327	0.131318	0.117144	0.0360172	0.0710794	0.113729	0.0788536	0.0252816	0.0641971	0.0755618	0.0225006	-0.00332563	0.0638423	0.0365604	0.00944857	0.00403094	-0.00529163	0.020163	0.0228983	-0.0506137	-0.0445518
-10.3932	1.12658	0.59726	0.407838	0.43569	0.328385	0.236321	0.277141	0.211584	0.200287	0.193796	0.22546	0.245126	0.222626	0.151318	0.0465079	0.102233	0.146423	0.0962906	0.0901421	0.11334	0.0730075	0.000687011	0.0575525	0.110119	0.0149371	-0.00336105	0.0539614	0.0478285	-0.0360703	-0.0158348	0.0602571	0.0575118	0.00195055	-0.0194134	-0.00905117	-0.00269908	0.0452944	-0.0542231	-0.0335013
-10.5222	0.969772	0.599563	0.416073	0.427691	0.361415	0.263153	0.284451	0.291334	0.29102	0.257185	0.249854	0.267511	0.281717	0.184593	0.133413	0.11991	0.163766	0.117977	0.0889508	0.0889519	0.0448354	0.0404566	0.0803244	0.103674	0.00824926	0.035822	0.0693177	0.0192995	-0.0931065	-0.0359288	-0.0116313	0.0521211	0.0340639	-0.0344478	-0.0473562	-0.00150488	0.0416691	-0.054871	-0.0268117
-10.4069	1.03026	0.580846	0.390497	0.313978	0.320105	0.275192	0.215893	0.264599	0.263677	0.192094	0.185771	0.205964	0.243311	0.198569	0.220716	0.131084	0.140086	0.115461	0.0624795	0.0961006	0.116491	0.101931	0.105437	0.0725543	0.0497538	0.083195	0.151633	0.104635	-0.00105535	0.0263637	-0.0130278	0.00604783	0.0298073	-0.0503508	-0.0424252	0.056893	0.01949	0.00179663	0.0254099
-10.2922	1.08405	0.570186	0.369468	0.296932	0.281713	0.258672	0.222577	0.234721	0.279906	0.195109	0.156127	0.157912	0.20765	0.189016	0.215536	0.167698	0.134232	0.141856	0.107612	0.0545595	0.104746	0.0735885	0.13815	0.0696023	0.070686	0.0937024	0.134081	0.115539	0.0497178	0.0411064	0.0185777	0.0235266	0.00654866	-0.0186653	-0.0220091	0.0282883	-0.00883472	-0.0245384	-0.0272983
-10.3631	1.07927	0.638981	0.410928	0.378924	0.33058	0.2618	0.284087	0.210646	0.254262	0.168964	0.202487	0.205985	0.220669	0.168786	0.201432	0.213159	0.153763	0.109066	0.123542	0.0434881	0.0936739	0.0955277	0.106692	0.0621221	0.0310509	0.0680714	0.0609365	0.0639622	0.000702313	-0.0457756	0.00845739	0.0099027	-0.00592461	0.00521077	0.00455726	-0.0210444	0.0347336	0.0225456	-0.00504918
-10.3567	1.07737	0.628995	0.433558	0.434607	0.326927	0.249664	0.27285	0.228197	0.271644	0.194664	0.212868	0.203134	0.233884	0.166567	0.179854	0.143474	0.125764	0.118088	0.144838	0.0468027	0.0624379	0.125492	0.0918904	0.0253379	-0.0219791	0.0433306	0.0726083	0.0809997	0.0702784	0.0308844	-0.00651195	-0.0198418	0.011715	0.0279148	0.0179372	-0.0102621	0.0194874	-0.0181869	0.0379965
-10.2852	1.08566	0.606638	0.39182	0.426129	0.374189	0.294484	0.271947	0.228926	0.226949	0.172735	0.174587	0.154194	0.228879	0.169011	0.16691	0.123156	0.15615	0.123942	0.0987371	0.0473599	0.080898	0.17804	0.0965607	0.0377033	0.000498893	0.0576934	0.0501903	0.0135448	0.0825779	0.0452517	0.00856248	0.0114677	0.0322978	0.00460366	0.0116396	-0.0192151	0.0363043	0.0106647	0.0118339
-10.3632	1.09857	0.658887	0.42961	0.411786	0.343789	0.265892	0.261376	0.301437	0.253069	0.233073	0.184697	0.150008	0.238818	0.145111	0.116193	0.15351	0.197229	0.13859	0.120215	0.101907	0.0944301	0.144077	0.0859956	0.0786381	0.00323154	0.0206988	-0.0122865	-0.0355387	0.0978234	0.0391541	-0.0541926	0.023063	0.0148894	-0.0175918	-0.0508027	-0.0715939	0.0366115	0.0127416	-0.0611609
-10.3973	1.08982	0.606879	0.441774	0.419857	0.340317	0.275694	0.282404	0.318385	0.297516	0.226484	0.147831	0.165125	0.253774	0.148802	0.0900858	0.202369	0.159841	0.0476463	0.100767	0.143486	0.105006	0.0846701	0.0939341	0.0546936	0.0285311	0.0107932	-0.00173372	0.00751192	0.0298985	0.0378687	-0.055707	0.0398149	0.0130199	-0.0429546	-0.0381601	0.00779092	0.0662137	0.04481	-0.00268214
-10.3777	1.12144	0.598125	0.463284	0.366701	0.293287	0.263501	0.282027	0.255298	0.284852	0.192019	0.162703	0.236219	0.230072	0.185055	0.134602	0.217708	0.188335	0.100838	0.115189	0.155394	0.0988324	0.0244807	0.117676	0.0700947	0.0484803	0.0170921	0.0119394	0.0526328	0.016802	0.0442228	-0.0194716	0.0217451	0.00656476	-0.0145962	-0.0595286	-0.0126583	-0.0292386	-0.0660117	-0.0573087
-10.2936	1.23272	0.665791	0.475919	0.428063	0.320262	0.225326	0.266017	0.246281	0.251697	0.126664	0.107355	0.213365	0.214644	0.251284	0.183291	0.194359	0.16474	0.0805671	0.0339761	0.0975112	0.00873892	-0.095071	-0.000879096	-0.0106699	-0.018346	-0.0504775	-0.0208891	-0.0117546	0.0214336	0.0501911	0.00337108	0.0024646	0.0103987	0.0269177	-0.00748014	0.0328918	0.0409881	-0.00701927	-0.0798614
-9.33248	1.50571	0.507964	0.326757	0.200059	0.111569	0.0876464	0.11685	0.019811	0.111747	0.0652928	0.111879	0.163676	0.189805	0.214816	0.154983	0.233827	0.155168	0.161978	0.0705682	0.0392745	0.0340132	-0.0354728	-0.063734	-0.086626	-0.00550158	-0.0312226	-0.05643	-0.0112909	0.0315787	0.0119514	0.0164349	0.0308965	0.048894	0.034445	-0.0196904	-0.00821496	-0.0136579	-0.0159722	-0.0547135
-7.81825	1.824	0.396358	0.10743	-0.0518135	-0.00231993	-0.0325913	0.0283168	-0.0321866	-0.00340953	0.036778	-0.0261248	0.0684943	0.154769	0.159638	0.238857	0.25033	0.23634	0.163354	0.118854	0.119358	0.0895928	0.015811	-0.0077736	0.018411	0.00956853	-0.023249	-0.018554	0.0162619	0.052096	0.029825	0.00608122	0.0285099	0.075652	0.0714795	0.0300691	-0.00813978	-0.00891593	0.0110451	-0.0161391
-6.9216	2.92921	-0.182359	-0.238724	-0.0943765	0.353703	-0.45573	0.191107	0.11177	-0.125955	-0.31242	-0.215207	0.197212	-0.181202	0.286503	0.143133	0.151533	0.22188	0.066038	0.0237737	0.141054	0.026756	0.0422518	-0.0467797	0.0268218	-0.0274143	-0.0131885	0.0413139	-0.0371296	0.0923245	0.0774263	-0.0345046	0.101595	-0.0435311	0.108868	-0.00341304	-0.0241464	0.0625379	-0.0418713	-0.00535812
-6.15148	3.01067	-0.321952	-0.210171	-0.102506	0.410057	-0.446488	0.233369	0.20324	-0.135988	-0.301355	-0.304189	0.254343	-0.230778	0.292002	0.107127	0.136857	0.234356	-0.0073458	0.0208124	0.170834	0.011272	0.0360216	-0.094427	0.0247951	-0.127084	0.00371952	-0.0146193	-0.0478794	0.133075	0.0728804	-0.0945242	0.154439	-0.0664778	0.0354574	0.00923249	-0.0395585	0.0125667	-0.0504003	0.00723719
-6.12014	2.98733	-0.397259	-0.156052	-0.0937716	0.399595	-0.369049	0.270581	0.214596	-0.0708057	-0.306197	-0.406661	0.326123	-0.211897	0.22241	0.170795	0.157768	0.204388	-0.00390508	0.0563136	0.154279	0.0484745	0.0636169	-0.174065	0.0167422	-0.147773	-0.0670371	-0.0239535	-0.00761065	0.162786	0.0822736	-0.0519962	0.145786	-0.0652325	0.0367046	-0.018312	-0.0609896	0.0176138	-0.0871182	-0.0454315
-6.34159	2.27553	-0.403454	0.199003	-0.186732	0.24688	-0.159807	0.390154	0.0198573	0.182076	-0.399427	-0.385419	0.296229	-0.0422254	0.251559	0.145617	0.358521	0.123737	0.0410345	0.0592147	0.194889	0.106782	0.0300508	-0.126537	-0.100339	-0.0893485	-0.185393	0.0457536	0.0523826	0.220773	0.175617	-0.0149465	0.126968	0.0143682	-0.00884	-0.0496638	-0.00544105	-0.0495834	-0.0568101	-0.108305
-6.08564	1.758	-0.195594	0.232898	0.0472204	0.217435	-0.122103	0.210385	-0.00908524	0.128213	-0.303654	-0.356767	0.131618	-0.121356	0.0667923	0.0963775	0.196355	0.074871	-0.019262	-0.0282887	0.0182611	0.0214877	0.00129474	-0.0306898	-0.0445758	-0.0423168	-0.100323	0.0330686	0.0375342	0.151953	0.167188	0.0131883	0.0821087	-0.0131883	-0.083625	-0.0870808	-0.0430492	-0.0482577	-0.0481193	-0.0139434
-4.78024	2.03895	-0.574262	0.202591	-0.0966843	0.214677	-0.328864	0.162313	-0.0439413	0.0229646	-0.185291	-0.452506	0.122185	-0.317725	-0.0565831	0.00934034	0.0671131	0.0837099	-0.0517716	-0.0480961	0.125322	0.17453	0.187666	0.0488597	0.05039	-0.0973292	-0.10045	-0.0863346	0.0907079	0.159117	-0.00145252	-0.0795755	0.0572391	0.0601005	0.0187854	0.0335488	-0.0109787	0.0576621	0.0599175	-0.114835
-3.80995	2.1438	-0.844166	0.271674	-0.260286	0.271534	-0.400622	0.217788	-0.00132637	-0.01089	-0.152401	-0.566551	0.239902	-0.359342	0.0348284	-0.0156992	0.166274	0.0872148	0.0387526	-0.0922699	0.180651	0.069947	0.122737	0.000526421	0.0586755	-0.0913139	-0.0518679	-0.0519803	-0.00593208	0.176568	-0.0240528	-0.0201196	0.0585302	0.0502899	-0.0536517	0.00381067	-0.0548699	-0.0216496	0.0548326	-0.130157
-3.61477	2.12051	-0.852391	0.271813	-0.239447	0.30164	-0.368761	0.27147	0.0565989	0.0301067	-0.166282	-0.593853	0.267011	-0.353173	0.0445553	0.0246809	0.197809	0.138604	0.0308963	-0.0925635	0.14703	0.0380696	0.0380119	-0.059662	0.0195395	-0.158218	-0.0830766	-0.125568	-0.0454319	0.128327	0.00714081	-0.0543636	0.0781016	0.00908122	-0.105892	-0.0546205	-0.124325	-0.095309	0.00227213	-0.139436
-3.5574	2.0875	-0.899891	0.544299	-0.413696	0.209363	-0.313696	0.0310873	0.0888051	-0.0096979	-0.206044	-0.500124	0.18147	-0.329201	0.070905	-0.0779318	0.119787	0.0655238	-0.0278678	-0.125637	0.0613167	0.0548846	-0.0580137	-0.0544378	0.0327321	-0.125286	-0.0170541	-0.0493645	0.037114	0.0706498	-0.0048369	-0.0497474	0.0346743	-0.0928457	-0.173126	-0.124643	-0.0766438	-0.107285	-0.0571987	-0.0869174
-3.18827	2.11818	-0.975573	0.557461	-0.480709	0.186488	-0.333466	0.00899882	0.0890509	-0.0219584	-0.227429	-0.524437	0.187438	-0.342788	0.0604752	-0.0651304	0.111547	0.0808283	-0.0263352	-0.150697	0.0341343	0.0310674	-0.116092	-0.0623747	-0.0179122	-0.134791	-0.00808675	0.0061241	0.0829192	0.142605	0.0833005	0.0132557	0.102543	-0.0581879	-0.176049	-0.113739	-0.0872709	-0.10008	0.00422729	-0.0554512
-3.34675	2.51275	-0.431168	0.722276	-0.377064	0.309113	-0.272305	-0.0614576	0.303651	0.0712383	-0.0469634	-0.3254	0.318711	-0.210546	0.104683	-0.131511	0.0340106	-0.0209223	0.116836	-0.119963	0.0411258	0.0384132	-0.0323904	0.0407668	-0.0594079	0.0157688	0.0204007	0.0243294	-0.0406618	0.010644	0.0162598	-0.0288061	0.0483498	-0.0476022	0.0171436	0.0138419	-0.00661411	-0.0214431	0.05412	-0.101563
-2.775	2.22153	-0.863048	0.491728	-0.367842	0.48791	-0.189661	0.166047	0.333491	0.0906809	0.0257974	-0.422874	0.375647	-0.430065	0.103937	-0.181075	0.0208151	0.0547034	0.0753443	-0.081412	0.104917	-0.0141989	-0.022552	0.0507163	-0.0446021	-0.0200093	0.0361782	0.015707	-0.0499157	0.064966	-0.0764689	0.0720455	-0.0290619	0.0143161	-0.0106154	0.0279905	0.00251191	-0.0457941	0.0714519	-0.125204
-2.81138	2.37883	-0.641121	0.541586	-0.372883	0.450414	-0.189163	0.0302815	0.292016	0.0459424	0.10847	-0.36069	0.312416	-0.359325	0.0747314	-0.154596	-0.00566084	0.0833463	0.0877658	-0.0787684	0.0358492	0.0210757	-0.0116561	-0.00189396	0.0392895	-0.116577	0.140904	-0.0683646	0.00553422	0.00130412	0.0219066	-0.0317765	0.0261298	0.0207229	-0.0642115	0.0836976	-0.0363608	-0.0148602	0.0181651	3.94308e-06
-2.77862	2.41593	-0.685583	0.546744	-0.394382	0.492603	-0.144524	-0.0384125	0.363935	0.0582333	0.193482	-0.428512	0.26945	-0.31921	-0.00396072	-0.132324	-0.0639367	0.15951	0.0840562	-0.0599078	-0.020433	0.0824925	-0.0496229	0.0358621	-0.0278225	-0.0388546	0.0775428	-0.0147126	-0.0406351	0.0302431	0.00261412	-0.00398601	-0.00184787	0.0297761	-0.0472098	0.059964	-0.0112129	-0.0465451	0.0655591	-0.0639058
-2.74971	2.54969	-0.810247	0.599991	-0.401638	0.534925	-0.207192	-0.124823	0.371925	0.0231433	0.257552	-0.44581	0.284916	-0.291977	-0.0274746	-0.0914331	-0.0960568	0.200963	0.0469125	-0.0452716	-0.0199565	0.0424191	0.00477222	-0.0217545	0.0228365	-0.0762757	0.116209	-0.0517789	-0.0285238	0.0562919	-0.0586622	0.0713362	-0.0593805	0.0419131	-0.0247473	0.0272237	0.00671644	-0.0552206	0.102104	-0.156274
-2.78276	2.58423	-0.61106	0.623842	-0.42591	0.51397	-0.149147	-0.193312	0.357723	0.0895692	0.335407	-0.495417	0.2287	-0.272959	-0.0351434	-0.114059	-0.11107	0.236139	0.0424467	-0.0197735	-0.0771039	0.132167	-0.0954946	0.0488261	-0.0139295	-0.0641023	0.119434	-0.0459336	-0.034352	0.0207976	0.0335536	-0.0414647	0.0272784	0.00355675	-0.0271457	0.0450564	-0.000488201	-0.044768	0.0379928	0.0175254
-2.82588	2.44673	-0.299669	0.671383	-0.47807	0.516448	-0.226561	-0.143065	0.239848	0.0875547	0.392245	-0.427397	0.177429	-0.284914	0.0115084	-0.147306	-0.117638	0.26802	0.0365097	-0.0296004	-0.0696349	0.116535	-0.105695	0.0717388	-0.0229968	-0.0709105	0.142805	-0.071898	-0.0159506	0.0040186	0.0596776	-0.0711134	0.0410575	0.00659796	-0.036507	0.0364197	0.0314826	-0.0837937	0.0588252	0.0545283
-3.09526	2.627	-0.272486	0.885479	-0.469723	0.562023	-0.349838	-0.0488585	0.0931873	0.0880967	0.36333	-0.209121	0.0310054	-0.229504	-0.104413	-0.009673	-0.209424	0.364776	-0.0935409	0.0441195	-0.0301827	0.0696643	-0.162723	0.140004	-0.0244769	-0.0711022	0.12012	-0.0575501	-0.0166404	0.0141041	0.0443151	-0.0676653	0.0501063	-0.00494117	-0.0201956	-0.0101504	0.102969	-0.145259	0.0669807	0.136721
-3.42879	2.55778	-0.0158753	1.07084	-0.296281	0.518985	-0.291881	-0.1107	-0.100044	0.0132334	0.429293	-0.0816382	0.0200382	-0.295862	-0.0275483	-0.0772553	-0.131492	0.305009	-0.0475805	-0.0297756	0.0561701	-0.0174546	-0.138057	0.12068	0.0454379	-0.128279	0.165327	-0.111457	0.0305693	-0.0108287	0.0640887	-0.0950471	0.0966779	-0.075662	0.0623838	-0.0943429	0.146752	-0.13821	0.015178	0.227474
-3.85409	2.71514	0.156819	1.07488	0.0845602	0.423993	-0.0476509	-0.155371	-0.240637	-0.22926	0.4585	-0.1637	0.14459	-0.244408	-0.0256758	0.0613428	-0.151839	0.218749	-0.121776	0.0268361	0.00413673	0.0172244	-0.120115	0.0673788	0.138379	-0.182544	0.177631	-0.13034	0.051072	-0.00107564	0.035079	-0.0617522	0.0809865	-0.0848691	0.0948555	-0.13718	0.146309	-0.110092	-0.0184259	0.202072
-3.8872	2.37998	0.220765	1.08207	0.493183	0.685121	-0.0511858	-0.118137	-0.533246	-0.356673	0.102099	-0.232036	0.347413	0.0476561	0.0671402	0.112564	-0.204394	0.170564	-0.174816	-0.0506373	-0.0549386	0.0618627	-0.0342518	0.107372	0.00776698	-0.070998	0.104389	-0.102843	0.0721458	-0.0351802	0.0439453	-0.0277988	0.0451581	-0.0660677	0.0674376	-0.0978009	0.0578434	-0.0609383	0.0270261	0.0147008
-3.8423	2.56832	0.510154	0.978487	0.347967	0.361744	-0.090903	0.00592444	-0.366705	-0.143325	0.173308	-0.303363	0.349136	-0.099477	0.00638818	-0.0173082	-0.195866	0.303235	-0.137774	-0.025236	-0.114105	0.122472	-0.0709437	0.128054	-0.045588	-0.0563777	0.124233	-0.0920178	0.0356074	0.00207991	0.0045312	0.0056341	0.0215942	-0.0653834	0.0967523	-0.136645	0.116378	-0.0817826	-0.0142549	0.147703
-4.00918	2.86672	0.492734	1.03348	0.268625	0.228224	-0.10427	0.0142609	-0.260399	-0.100329	0.0951	-0.190986	0.250869	-0.0340599	-0.12322	0.0636497	-0.267195	0.370381	-0.124827	-0.053076	-0.0684998	0.0353546	0.0380823	0.0525743	-0.0358195	-0.0557845	0.146563	-0.116888	0.0480064	-0.00257274	0.0149808	-0.019804	0.0429722	-0.0668674	0.0843465	-0.130535	0.139688	-0.122723	0.0362405	0.0958355
-4.08204	2.95445	0.501743	1.08824	0.368061	0.046076	-0.0221238	-0.0691227	-0.198209	-0.0773246	0.116077	-0.177837	0.233364	-0.101862	-0.0245151	-0.0962599	-0.141976	0.322274	-0.0952444	-0.0516956	-0.0824253	0.0661393	-0.038661	0.169385	-0.183546	0.100254	0.0199308	-0.0483813	0.0620241	-0.0993831	0.15689	-0.152768	0.124559	-0.081572	0.0428395	-0.0601411	0.0676411	-0.0473918	-0.0534397	0.206994
-4.10132	2.92679	0.570377	1.05737	0.358825	0.0847611	-0.0363051	-0.0533011	-0.216337	-0.094835	0.152804	-0.258696	0.361234	-0.240383	0.128921	-0.236438	-0.0772523	0.340874	-0.156222	0.0259618	-0.156023	0.0949224	-0.00982868	0.0893738	-0.0599085	-0.036654	0.129144	-0.109448	0.0778682	-0.076736	0.102882	-0.0839016	0.0672253	-0.0570194	0.0592299	-0.109792	0.131206	-0.103125	-0.0276336	0.221055
-4.06789	2.84335	0.609572	1.03323	0.361668	0.0590821	-0.0231864	-0.0176395	-0.234419	-0.147524	0.15073	-0.249584	0.398347	-0.227048	0.0996205	-0.227661	-0.0825786	0.349781	-0.133731	-0.0134727	-0.147477	0.110411	-0.0597036	0.177674	-0.158126	0.0629442	0.0293971	-0.0424991	0.0670663	-0.0988381	0.123093	-0.0968653	0.0876985	-0.0922391	0.0959747	-0.123005	0.105214	-0.0557021	-0.0590769	0.205503
-4.05973	2.82365	0.647553	0.953562	0.357402	0.108916	-0.00745633	0.0217699	-0.273026	-0.167584	0.127264	-0.204547	0.367404	-0.184946	0.0664991	-0.223498	-0.0840384	0.357336	-0.128886	-0.0299462	-0.135961	0.0896638	-0.0219897	0.128429	-0.0897098	-0.00452544	0.0673294	-0.0539356	0.0638499	-0.0840301	0.0975552	-0.0603912	0.0413853	-0.0391843	0.0466665	-0.0856832	0.083201	-0.0488497	-0.0636506	0.216549
-3.86915	2.56201	0.764378	0.689656	0.398413	0.168469	0.00175001	0.0646226	-0.436537	-0.153197	0.103624	-0.161995	0.31854	-0.0548526	0.00479816	-0.173924	-0.0211286	0.197199	0.014475	-0.153855	-0.0532229	0.01017	0.0562281	0.0905944	-0.0973066	0.0204907	0.0617061	-0.0756894	0.063134	-0.0190452	-0.0216021	0.0633615	-0.0322698	-0.0442473	0.0961251	-0.109103	0.0301447	0.0363709	-0.0766692	0.0673869
-3.9584	2.45677	0.987779	0.928297	0.192581	0.0310974	-0.161789	0.438227	-0.239138	-0.319101	-0.392465	0.183909	0.355698	0.0548799	-0.0478517	-0.377725	-0.01154	0.427307	0.0132632	-0.348756	-0.00663861	0.0204295	0.110527	0.072488	-0.0407797	-0.119532	0.105785	-0.00503829	0.0536192	-0.106388	0.0750685	-0.00757314	0.00975336	-0.0413564	0.0610337	-0.090437	0.0708074	-0.0490784	-0.0256192	0.126884
-3.93192	2.51102	0.79384	0.750688	0.201402	0.299355	0.0956405	0.0678838	-0.431992	-0.325232	0.0235613	-0.0757699	0.375445	-0.0829128	0.115421	-0.264094	0.00281428	0.290192	-0.166631	-0.0374106	-0.15732	0.127562	-0.0498935	0.161989	-0.076063	-0.0483666	0.0957812	-0.0964429	0.113453	-0.0831491	0.0269521	0.0434687	-0.04364	-0.0102856	0.0694648	-0.130059	0.107951	-0.0808477	0.00400072	0.0986805
-3.97724	2.5145	0.810685	0.781377	0.16454	0.354803	0.0729226	0.151564	-0.46237	-0.354337	-0.0410262	-0.0665715	0.410437	-0.062445	0.118975	-0.28994	0.0262801	0.272503	-0.162533	-0.0239282	-0.223679	0.197897	-0.0824732	0.201682	-0.11952	-0.0301345	0.091398	-0.0865793	0.0967493	-0.0659744	0.0202715	0.0350239	-0.0253369	-0.0300594	0.0967073	-0.177482	0.174659	-0.154899	0.0526674	0.106652
-3.94509	2.49205	0.85423	0.650434	0.158227	0.421061	0.031046	0.231152	-0.485601	-0.492088	0.000294811	0.126322	0.168971	-0.0217936	0.255934	-0.3484	0.027603	0.273262	-0.187418	-0.072365	-0.0849435	0.0858264	-0.0581803	0.21111	-0.0868828	-0.138706	0.258201	-0.237411	0.154327	-0.0519626	0.0258283	-0.0249256	0.0336155	-0.0236102	0.0175659	-0.0739801	0.108338	-0.163545	0.116551	0.0441652
-3.90733	2.38722	0.961533	0.661027	0.0772458	0.329423	0.0595658	0.191014	-0.368748	-0.447287	-0.175252	0.122662	0.30733	0.0490515	0.0470002	-0.257294	0.0260147	0.269982	-0.152833	-0.0586111	-0.188106	0.148978	-0.0280388	0.173761	-0.0842549	-0.125311	0.212056	-0.170905	0.111278	-0.0193537	-0.0394853	0.0682847	-0.0599554	0.0543074	-0.0439141	-0.024357	0.0596873	-0.0997861	0.049804	0.0745746
-3.91504	2.40939	0.946213	0.615175	-0.0195416	0.471578	-0.0548473	0.197785	-0.385062	-0.460438	-0.1341	0.143796	0.311974	-0.0287674	0.127618	-0.267181	0.0226462	0.272382	-0.174385	-0.0442324	-0.17148	0.137535	-0.057484	0.216481	-0.132187	-0.0671661	0.162581	-0.145096	0.101521	-0.0269994	-0.00362119	0.00525559	0.0108151	-0.0104627	0.00801276	-0.0671765	0.100538	-0.146273	0.111242	0.00137558
-3.90586	2.39688	0.932761	0.617976	-0.0585382	0.544007	-0.0598134	0.18736	-0.385887	-0.500092	-0.0943008	0.122444	0.30558	-0.0198686	0.157409	-0.289718	0.0232237	0.284796	-0.192516	-0.059062	-0.129891	0.0905239	-0.0128992	0.192681	-0.115228	-0.113061	0.234438	-0.195704	0.0958863	0.014509	-0.0300357	-0.0103437	0.0529898	-0.041492	0.000795461	-0.0261131	0.0491694	-0.111032	0.101812	-0.0108335
-3.96885	2.44335	0.997884	0.538208	-0.0352656	0.601259	-0.0823541	0.19294	-0.39706	-0.481369	-0.101367	0.160993	0.24218	-0.0134065	0.183489	-0.303678	0.000959403	0.334612	-0.252736	-0.0442646	-0.0956867	0.0749283	-0.0283284	0.232572	-0.164044	-0.085994	0.228788	-0.17057	0.0250325	0.105094	-0.0870329	-0.0135031	0.097449	-0.0833295	0.0102831	-0.0121716	0.0412113	-0.121324	0.104867	0.0463548
-3.96291	2.42254	0.949355	0.625436	-0.105079	0.530469	-0.00482321	0.210964	-0.494052	-0.347985	-0.285947	0.206231	0.361088	-0.0339764	0.106482	-0.255635	0.0362348	0.253872	-0.17293	-0.0733637	-0.163194	0.127991	0.0553563	0.0762518	-0.0409039	-0.147386	0.237947	-0.175428	0.071626	0.0399381	-0.0610972	0.00894121	0.0721831	-0.107288	0.0837936	-0.0878932	0.0583195	-0.0745535	0.068532	-0.019573
-4.09023	2.51073	0.888359	0.650241	-0.084676	0.60819	0.135459	0.0308187	-0.475799	-0.303438	-0.292111	0.140586	0.422621	-0.0901979	0.113316	-0.179109	0.0324601	0.140468	-0.144732	0.00570034	-0.275856	0.239007	0.0257001	0.035819	-0.0121814	-0.134825	0.219033	-0.157889	0.0257121	0.114204	-0.122894	0.0381142	0.0648078	-0.0992087	0.068774	-0.0826566	0.0668026	-0.0874923	0.0628797	0.0306434
-4.27117	2.77319	0.808468	0.709638	-0.201105	0.650228	0.156899	-0.0509762	-0.378768	-0.156775	-0.315991	0.133352	0.441276	-0.254322	0.0949494	-0.137337	0.0625826	0.0460544	-0.0503391	0.0234475	-0.30744	0.271815	0.0107003	0.00788027	0.00863364	-0.145229	0.263919	-0.234376	0.0835708	0.103282	-0.130957	0.0202881	0.114198	-0.144897	0.0877675	-0.0801585	0.0774636	-0.103298	0.0530224	0.10243
-4.34789	2.67486	0.828693	0.767976	-0.281896	0.63538	0.126774	0.111966	-0.459056	-0.263469	-0.211874	0.0513061	0.568405	-0.339103	0.0931311	-0.0764487	-0.000406237	0.0908764	-0.0721724	-0.00194035	-0.313104	0.382603	-0.13284	0.116072	-0.0668465	-0.0566114	0.106662	-0.0348122	-0.0727096	0.18567	-0.172358	0.0456683	0.106897	-0.158792	0.0967593	-0.0497618	-0.00743146	-0.00559204	0.0370878	-0.0425392
-3.88908	2.23836	0.664221	0.491206	0.116999	0.595685	0.207225	-0.0180789	-0.473052	-0.0508982	-0.116892	0.0220466	0.240213	-0.182688	0.0331056	-0.0152483	-0.0528254	0.0947962	-0.0992636	-0.0240193	-0.0439123	0.121249	-0.0612106	0.0690509	0.0582896	-0.171967	0.147787	-0.0423964	-0.0386518	0.103276	-0.0899187	0.0486459	0.0157665	-0.0517729	0.0367006	-0.0235864	-0.0352321	0.0398699	-0.00827597	-0.0205974
-4.01444	2.69055	0.639877	0.495459	-0.31799	0.546746	0.12363	-0.0917171	-0.488646	0.189269	-0.237338	0.0753307	0.303907	-0.164843	-0.0273653	-0.101426	0.0910621	0.0996705	-0.0844104	-0.0874126	-0.0517389	0.157319	-0.0756246	0.0637127	0.0352726	-0.187214	0.244326	-0.158872	0.047108	0.0421803	-0.0625556	0.0501896	-0.0234292	0.00303774	-0.0308494	0.0649112	-0.116654	0.102842	-0.0121565	-0.0767224
-3.31777	2.42299	0.102301	0.421138	0.0838818	0.3689	-0.199979	-0.390276	-0.0730827	0.23991	-0.0952645	-0.177947	0.301557	-0.228214	0.287522	-0.131275	-0.067916	0.0966591	-0.100189	0.0738065	-0.18176	0.289269	-0.276426	0.15478	0.0164263	-0.0878898	0.106625	-0.0657602	-0.0226902	0.0836736	-0.051241	0.000532343	0.0131222	-0.0364088	0.0516278	-0.0757657	0.0663395	-0.0263861	0.00062017	0.039401
-3.12945	2.23835	0.128945	0.633282	0.0565595	0.252471	-0.377424	-0.248315	-0.0137199	0.314444	-0.337838	-0.00768728	0.312196	-0.193341	0.166028	-0.174546	0.0371953	0.11703	-0.0938412	-0.00440922	-0.182146	0.344807	-0.248436	0.082669	-0.00628594	0.0217102	0.0138598	-0.0219582	-0.051104	0.133467	-0.149326	0.14341	-0.148237	0.0977319	-0.0250609	-0.0547556	0.0858265	-0.0281791	-0.0719977	0.188125
-3.10255	1.93743	0.412725	0.766384	0.0658042	-0.0219931	-0.248397	-0.177665	-0.0433533	0.132619	-0.252548	-0.0419115	0.389603	-0.0777773	0.0273076	-0.172227	0.076039	0.172219	-0.173709	-0.0677599	-0.103211	0.358611	-0.238338	0.010807	0.0391237	0.0376096	-0.0176357	-0.010322	-0.0335194	0.078823	-0.0498516	0.00827684	-0.0331292	0.0510427	-0.0598181	0.0214542	0.0311874	-0.0327678	0.000367149	0.0977444
-3.10138	1.7731	0.44587	0.913886	0.140891	-0.171438	-0.153532	-0.133697	-0.141576	-0.015116	-0.169384	0.00509339	0.449495	-0.212483	0.140803	-0.0598723	-0.013676	-0.00265069	-0.11055	0.0790333	-0.171781	0.301408	-0.237148	0.101081	0.0277779	-0.0741115	0.0797042	-0.0193266	-0.0541011	0.0705748	-0.00767543	-0.0693166	0.0733626	-0.0624241	-0.0033697	0.0648887	-0.0878353	0.0953981	-0.03944	0.00957776
-3.12789	1.75829	0.342808	1.09716	0.010423	-0.0656915	-0.230531	0.0181642	-0.218654	-0.0456284	-0.148361	0.0554912	0.388178	-0.22332	0.127037	0.048512	-0.138641	-0.0273254	-0.0720054	0.174645	-0.237695	0.257469	-0.178025	0.112841	-0.0163907	-0.0640639	0.0942113	-0.0193058	-0.079065	0.114883	-0.0687747	-0.00163134	0.0188266	-0.0525003	0.0492946	-0.0209747	-0.00713595	0.0481988	-0.0268647	0.0111666
-3.12427	1.72694	0.364823	1.14518	-0.0126235	-0.197002	-0.0576488	0.0496144	-0.288203	-0.0966031	0.00239045	0.0387208	0.289353	-0.269426	0.291914	-0.163386	-0.0334241	-0.00424169	-0.0861158	0.15415	-0.220688	0.298273	-0.254939	0.177273	-0.0595612	-0.0361838	0.0898732	-0.055727	-0.0119974	0.0631063	-0.0675398	0.0252398	0.00917068	-0.0809098	0.112477	-0.0838841	0.0254631	0.0699923	-0.125877	0.174141
-3.14842	1.64686	0.427764	1.17105	-0.0658212	-0.203666	0.110866	-0.0395088	-0.246365	-0.150796	0.147041	-0.0905692	0.252277	-0.246874	0.35309	-0.278656	0.0183015	-0.0300284	0.0115288	0.0445518	-0.127223	0.240276	-0.228216	0.145998	-0.00193134	-0.103542	0.144515	-0.115476	0.0888438	-0.0683063	0.0422291	-0.0262512	0.0127811	-0.0724137	0.130864	-0.141194	0.111582	-0.037975	-0.0132793	0.054459
-3.34291	1.86107	0.331374	1.32203	-0.216152	-0.114483	0.15079	-0.0163726	-0.283504	-0.16766	0.220341	-0.189857	0.272544	-0.210656	0.322533	-0.309523	0.0112571	0.0561333	-0.0879962	0.129732	-0.175531	0.293283	-0.312296	0.234843	-0.0723941	-0.0501618	0.102994	-0.0918393	0.0992197	-0.113731	0.0986206	-0.0619405	0.0094679	-0.0369031	0.0892543	-0.114582	0.100701	-0.033515	-0.0296746	0.0894068
-3.35657	1.79899	0.447989	1.23334	-0.134899	-0.148077	0.217575	-0.0163011	-0.292095	-0.058462	0.113774	-0.12377	0.130718	-0.136567	0.280113	-0.31692	0.0345248	0.0875624	-0.097522	0.107801	-0.146587	0.292036	-0.353906	0.291519	-0.109769	-0.0269774	0.0615516	-0.0213634	0.0341818	-0.0923114	0.125993	-0.102418	0.0234113	-0.00484246	0.0269669	-0.0551641	0.0602387	-0.0421569	0.0350477	-0.0368501
-3.44882	1.89267	0.450904	1.27612	-0.200003	-0.0602825	0.193669	-0.00360911	-0.326924	-0.0172465	0.0979017	-0.132022	0.0945859	-0.0611666	0.210093	-0.314048	0.0661581	0.0696619	-0.076453	0.0728893	-0.0869654	0.229986	-0.322559	0.29548	-0.124344	-0.0239811	0.0657447	-0.0116631	0.00589947	-0.060216	0.10205	-0.0852589	-0.00238005	0.0365234	-0.0193577	-0.0201536	0.0408708	-0.0319963	0.0224312	-0.0245476
-3.3446	1.7637	0.418728	1.38861	-0.277564	0.0207406	0.125851	0.0671271	-0.332285	-0.00731121	0.0900535	-0.172401	0.125696	-0.0963955	0.200145	-0.302372	0.0854205	0.0707514	-0.0997253	0.113704	-0.114703	0.226441	-0.308113	0.30036	-0.158356	0.0249511	0.0173884	0.0426686	-0.0692247	0.0307743	0.0298847	-0.0655706	0.028721	-0.0109924	0.0100967	-0.0207479	0.0109807	0.00845824	-0.00609593	-0.0346682
-3.41299	1.81732	0.428758	1.3984	-0.261465	-0.0012986	0.209862	-0.0294201	-0.261958	-0.0564301	0.135635	-0.23011	0.163654	-0.115443	0.208697	-0.345833	0.163431	0.00281769	-0.049505	0.073008	-0.0643213	0.173037	-0.278512	0.311601	-0.198387	0.0602666	0.0138916	0.0153797	-0.0269116	-0.0136414	0.0714996	-0.106616	0.0652214	-0.037966	0.0265723	-0.0325677	0.0219272	-0.0026163	0.00311872	-0.0482288
-3.4293	1.82187	0.425826	1.47074	-0.342941	0.0802555	0.135876	0.0626227	-0.303414	-0.00633181	0.0425982	-0.163001	0.108328	-0.066655	0.140845	-0.292858	0.137153	0.0393495	-0.0947003	0.132122	-0.113038	0.184668	-0.260415	0.282117	-0.168791	0.0388898	0.0188763	0.039591	-0.0890519	0.0778773	-0.0224264	-0.0389492	0.0302401	-0.0227711	0.0169818	-0.0302902	0.0232781	5.98021e-05	-0.0120122	-0.0230417
-3.46718	1.83232	0.456018	1.49272	-0.370148	0.114891	0.119341	0.0723777	-0.316274	0.000555229	0.0443477	-0.206123	0.164476	-0.0732307	0.103465	-0.286749	0.181258	-0.0144902	-0.0550139	0.11249	-0.0882641	0.14219	-0.221594	0.268475	-0.175567	0.0457232	0.0279687	0.0150942	-0.0600592	0.0550177	-0.0137245	-0.0383905	0.0252239	-0.0183224	0.0201796	-0.0509713	0.066349	-0.0526494	0.0228779	-0.0142375
-3.4725	1.84587	0.405142	1.54628	-0.384136	0.11938	0.0889496	0.132078	-0.362247	0.057858	-0.0423602	-0.128883	0.103233	-0.0247904	0.0395895	-0.221072	0.137174	0.0194052	-0.0844673	0.1675	-0.172196	0.21683	-0.264355	0.295016	-0.209538	0.0860484	0.00203206	0.0186474	-0.0593222	0.0739515	-0.0606941	0.0205605	-0.0299828	0.0307582	-0.0264782	-0.0111356	0.0378876	-0.0308269	-0.00909973	0.0478529
-3.53466	1.93638	0.357236	1.5981	-0.377125	0.141511	0.117254	0.155136	-0.417428	0.0963346	-0.0739694	-0.132197	0.102738	-0.0353293	0.0265629	-0.211588	0.163611	-0.0018585	-0.0822553	0.189104	-0.193743	0.220609	-0.253266	0.279983	-0.196272	0.0666189	0.0442599	-0.0446168	0.00996383	0.0153597	-0.0182804	-0.0162719	0.00882934	-0.016897	0.0261136	-0.0720104	0.109463	-0.113531	0.0808443	-0.0451658
-3.51845	1.89525	0.379051	1.57105	-0.289643	0.0397464	0.232469	0.0703246	-0.354105	0.0369838	-0.0391147	-0.155707	0.127338	-0.0753132	0.0435673	-0.208178	0.179638	-0.0336683	-0.0469119	0.172592	-0.199184	0.231966	-0.258696	0.284383	-0.215638	0.106742	-0.00142984	-0.00729458	-0.022822	0.0588542	-0.0834007	0.0589037	-0.0608684	0.0391538	-0.0209495	-0.0291988	0.0711651	-0.0817439	0.0576738	-0.0358549
-3.59506	2.02069	0.320882	1.60363	-0.275072	0.0401308	0.26638	0.073746	-0.415958	0.108173	-0.115936	-0.113664	0.126951	-0.0999504	0.0610283	-0.242279	0.256408	-0.123711	0.0250413	0.143356	-0.199921	0.239865	-0.263806	0.280733	-0.197172	0.0727197	0.0441069	-0.0500528	0.00188935	0.060659	-0.113302	0.102587	-0.103665	0.0666248	-0.0293823	-0.0381441	0.0973762	-0.124201	0.114645	-0.110695
-3.60969	2.05773	0.247764	1.67726	-0.320667	0.0875476	0.183605	0.144176	-0.429108	0.0739362	-0.0866914	-0.106716	0.0882064	-0.0407153	-0.0256184	-0.137565	0.165351	-0.0544179	-0.0136159	0.157683	-0.209094	0.255066	-0.293309	0.328398	-0.255295	0.126319	0.00599783	-0.0261029	-0.0196085	0.0869183	-0.148112	0.137554	-0.132673	0.0942525	-0.0634023	0.00404808	0.05499	-0.085385	0.0711258	-0.0452237
-3.59358	2.02951	0.321851	1.61235	-0.262456	0.0265986	0.227703	0.0911673	-0.386151	0.0148647	0.0010849	-0.180147	0.145244	-0.0946712	0.0220111	-0.174016	0.207256	-0.101161	0.0299533	0.111901	-0.157729	0.20473	-0.256252	0.314	-0.261562	0.136943	0.0131922	-0.0627534	0.0376023	0.0235292	-0.0964402	0.10507	-0.120213	0.102524	-0.0871098	0.0368952	0.0233731	-0.0629456	0.0576307	-0.036317
-3.58665	2.08651	0.215331	1.70549	-0.355939	0.110755	0.120592	0.191303	-0.448674	0.0428739	-0.00191183	-0.179116	0.131302	-0.0614303	-0.0282698	-0.10943	0.139407	-0.0385497	-0.016379	0.142881	-0.187096	0.233342	-0.281587	0.346687	-0.320038	0.226026	-0.0889436	0.0219629	-0.00822801	0.0259056	-0.0687165	0.0649015	-0.081117	0.0757361	-0.0787929	0.047203	0.0025204	-0.0423183	0.0456129	-0.0342285
-3.54894	2.04041	0.243382	1.69283	-0.357373	0.0854351	0.175196	0.158605	-0.453827	0.0219593	0.0503962	-0.209744	0.149799	-0.0870805	-0.0242273	-0.0810756	0.130299	-0.0801897	0.0434362	0.0954966	-0.147133	0.189432	-0.226465	0.274744	-0.244928	0.177719	-0.0806609	0.0348094	-0.0127835	0.0059586	-0.0278358	0.0153928	-0.0370157	0.0493853	-0.0762796	0.0683157	-0.0293481	-0.0230589	0.0598779	-0.0913025
-3.47453	1.93306	0.338957	1.60071	-0.291101	0.0456159	0.195605	0.135759	-0.416389	0.00298147	0.049312	-0.212105	0.15974	-0.10243	-0.0195263	-0.0740894	0.139967	-0.121009	0.0999416	0.0530056	-0.135106	0.191142	-0.209624	0.226363	-0.185245	0.141671	-0.0881028	0.0760996	-0.0615487	0.0429988	-0.0491899	0.0262307	-0.0401582	0.0451834	-0.0688396	0.0623467	-0.0264516	-0.0298544	0.0847935	-0.142834
-3.42894	1.85448	0.421971	1.48725	-0.20374	-0.0274713	0.187023	0.137072	-0.397907	-0.0114495	0.0879146	-0.243429	0.188921	-0.142711	0.0360284	-0.116142	0.173412	-0.183818	0.190655	-0.029926	-0.108632	0.213376	-0.217491	0.185236	-0.129722	0.124194	-0.119314	0.116783	-0.0733235	0.0207542	-0.016317	0.00803065	-0.0404833	0.0613247	-0.094933	0.0972738	-0.067883	0.00580551	0.0748307	-0.175453
-3.47602	2.05255	0.209096	1.4986	-0.123227	-0.0433436	0.0929429	0.212252	-0.354899	-0.0816768	0.112713	-0.23835	0.202729	-0.189547	0.0535307	-0.0677403	0.113714	-0.15741	0.178354	-6.5945e-05	-0.164991	0.275596	-0.25496	0.181788	-0.0990909	0.0968212	-0.114339	0.121401	-0.0602497	-0.0147018	0.0245084	-0.0192387	-0.0283437	0.0602258	-0.107655	0.125717	-0.107659	0.0400977	0.0689129	-0.207492
-3.53245	2.16054	0.129573	1.42393	-0.0124403	-0.0424705	-0.0182829	0.198137	-0.234405	-0.116365	0.0922094	-0.241638	0.241812	-0.230691	0.0625094	-0.0671514	0.164657	-0.227168	0.178807	0.0558296	-0.206729	0.261439	-0.197685	0.121537	-0.0564803	0.0673853	-0.0979543	0.116237	-0.050574	-0.0423442	0.0641669	-0.0517766	-0.00418514	0.0338699	-0.0658082	0.0665142	-0.0483031	-0.00413584	0.0928567	-0.204149
-3.68938	2.32665	0.0840095	1.27399	0.0479376	0.113819	-0.118071	0.0939029	-0.14338	0.0168687	-0.0296911	-0.316559	0.327383	-0.201725	-0.00250755	-0.0956473	0.286424	-0.326349	0.197537	0.0757411	-0.212409	0.229972	-0.152411	0.117172	-0.104124	0.116783	-0.11591	0.118606	-0.0541047	-0.0315909	0.0403318	0.00466459	-0.0915674	0.116685	-0.103837	0.0428245	0.0141161	-0.0827501	0.177791	-0.28074
-4.00849	2.57421	0.0658137	1.20784	-0.0364205	0.167388	-0.240992	0.0529572	-0.15158	0.15381	-0.0694411	-0.319668	0.310492	-0.0947405	-0.0196546	-0.153226	0.243303	-0.221142	0.147814	0.020413	-0.144881	0.194913	-0.132189	0.115786	-0.112353	0.0967535	-0.0657598	0.0739457	-0.0638319	0.0417465	-0.0653984	0.0981335	-0.134312	0.114613	-0.066041	0.00426657	0.0294945	-0.0612144	0.0987072	-0.133114
-4.34693	2.66107	0.271009	0.828099	0.0407204	0.281373	-0.262402	-0.016238	-0.163751	0.183548	-0.0696332	-0.15414	0.0921175	-0.0425966	0.0116847	-0.0737414	0.0862667	-0.0933737	0.0578834	0.0551892	-0.17675	0.268397	-0.207072	0.113075	-0.00574046	-0.0431447	0.00508948	0.104643	-0.148427	0.107303	-0.0344934	-0.0363097	0.0407603	-0.0150434	-0.0348315	0.0740373	-0.0962181	0.0820502	-0.0637569	0.0371152
-4.92203	2.96279	0.271231	0.703156	0.124429	0.274261	-0.075722	-0.203117	-0.152213	0.220567	-0.0244259	-0.230522	0.249138	-0.230287	0.00339464	-0.0252317	0.241236	-0.328762	0.151714	0.10874	-0.261734	0.232644	-0.0703288	0.0441734	-0.0729633	0.0785106	-0.035802	-0.000915803	0.0486332	-0.0762393	0.102059	-0.103078	0.0375158	0.0299022	-0.0689739	0.0389972	0.014495	-0.0497348	0.0419358	-0.0531819
-5.15793	2.73214	0.400797	0.748817	0.033385	0.284548	0.00453944	-0.114615	-0.394975	0.366378	-0.0555324	-0.00810458	-0.144179	0.0773785	-0.0541175	-0.170886	0.184806	0.0279926	-0.0981873	0.0553776	-0.117875	0.183739	-0.140886	0.0807467	0.0363111	-0.0864094	0.0684172	0.00730371	-0.0861401	0.130364	-0.0695948	-0.00527548	0.00535608	0.0524399	-0.122643	0.130293	-0.0947916	0.014412	0.112492	-0.275662
-5.30819	2.80436	0.469502	0.714616	0.0797768	0.428702	0.101282	-0.236594	-0.223025	0.170185	0.126446	-0.175479	0.0104083	-0.0459678	-0.0588096	-0.0873886	0.0294122	-0.0153341	0.1108	0.0486519	-0.320637	0.321312	-0.134511	0.067983	-0.0690621	0.0801026	0.00308054	-0.0458148	0.022808	-0.0176795	0.079483	-0.0753316	0.0100852	0.0678879	-0.104379	0.0814794	-0.04475	-0.00954472	0.0356373	-0.0193579
-5.36025	2.79915	0.508608	0.555686	0.267049	0.409388	-0.056517	-0.00349451	-0.33187	0.267298	-0.0713904	-0.138964	0.0724731	0.0295012	-0.190578	0.0193552	0.0987803	-0.165274	0.0820194	0.0857242	-0.186786	0.166408	-0.14353	0.166727	-0.105408	0.0249462	0.0670718	-0.0431881	-0.0375135	0.0803258	-0.0421529	0.00330378	0.0272354	-0.00227108	-0.0435774	0.0777072	-0.0979589	0.060386	0.0195318	-0.146743
-5.4365	2.74087	0.666331	0.624294	0.333456	0.294391	-0.00528952	0.0640268	-0.113239	0.192587	-0.0690985	-0.133041	0.0422609	-0.0894115	-0.0478418	-0.124285	0.0478438	-0.0724845	0.0681731	0.0662768	-0.230724	0.303575	-0.143074	-0.0578733	0.139982	-0.0131769	-0.070214	0.0287654	0.088925	-0.109587	0.0339041	0.0672648	-0.0978551	0.0941132	-0.0234372	-0.0611241	0.0926733	-0.0262845	-0.110213	0.18387
-5.54602	2.69638	0.52539	0.843838	0.114797	0.444747	-0.0594837	-0.138308	-0.0610045	0.256005	-0.0680416	-0.155717	0.176419	-0.195555	-0.00975069	-0.0631434	-0.0951258	-0.0278776	0.146233	0.0093754	-0.190206	0.209894	-0.0308996	-0.120208	0.0843228	0.0836111	-0.0947836	-0.0163669	0.111012	-0.0430794	-0.0634932	0.0909479	-0.0375688	0.00924218	0.0255869	-0.0477303	0.039428	-0.0159285	0.035195	-0.164151
-5.54941	2.57194	0.755287	0.573698	0.376207	0.341399	0.211369	-0.236211	-0.0497713	0.34306	-0.087491	-0.209673	0.165227	-0.0883624	-0.117607	-0.155399	0.0497104	-0.108055	0.0668179	0.0845977	-0.167665	0.20149	-0.101837	-0.00087419	0.0474056	-0.0172805	0.0436502	-0.0339225	0.00208092	0.0499735	-0.0456113	0.0227194	-0.0159543	0.0456401	-0.0311292	0.0225732	-0.00974615	-0.00245705	0.0150032	-0.0197697
-5.5638	2.55948	0.534519	0.657187	0.578171	0.23829	0.185438	-0.0237074	-0.100971	0.237795	-0.106361	-0.115293	0.0849002	-0.0773317	0.0741299	-0.321201	-0.0192744	-0.0385059	0.0903587	0.0359349	-0.170856	0.238534	-0.0998634	-0.0995897	0.197169	-0.15965	0.147238	-0.0283016	-0.0882242	0.0942313	0.0233919	-0.0955616	0.0858621	-0.0461916	0.0552347	-0.0334592	0.0130428	0.0145275	-0.0367909	0.0496989
-5.7232	2.47848	0.613902	0.624869	0.668534	0.301146	0.228338	-0.158537	-0.0393588	0.191794	-0.106844	-0.161828	0.233869	-0.016964	-0.0626432	-0.227145	-0.0958823	-0.148528	0.209939	0.00339525	-0.144604	0.253433	-0.19078	0.0949246	-0.0528463	-0.0554788	0.183365	-0.0400546	-0.107879	0.102207	-0.0128261	0.0243871	-0.0849003	0.0944049	-0.0154948	-0.0390206	0.0776924	-0.0570628	0.0153217	0.0151732
-5.81065	2.45884	0.750271	0.516162	0.529941	0.5766	-0.10798	-0.0898452	0.238608	0.177905	-0.222991	-0.23755	0.138061	0.0630821	0.00145221	-0.0966047	-0.280372	0.0452379	0.0773803	-0.0948984	0.0478615	0.127689	-0.142377	-0.0612778	0.19832	-0.15862	0.0671971	0.109907	-0.099302	-0.0461845	0.123976	-0.0483565	-0.0182903	0.0262549	0.0142245	-0.0322456	0.0213909	0.0651023	-0.0852677	-0.0310748
-5.51681	1.91368	0.535956	0.847118	0.628713	0.482771	0.125681	-0.0176403	-0.00729308	-0.0212592	0.121843	-0.0327624	0.11319	-0.0641487	-0.132364	-0.128169	-0.133349	-0.0682898	0.100297	-0.094014	0.0125108	-0.0437864	0.116929	0.0498876	-0.0471126	-0.107789	0.138722	-0.0329341	0.037931	-0.0306413	0.0206813	0.0196182	-0.043437	0.0508763	-0.0308546	0.000514215	0.0691353	-0.0621304	0.011334	0.0385477
-5.30425	1.92124	0.37962	0.680316	0.858142	0.256472	0.209115	0.181337	-0.105094	0.0374679	-0.223351	0.0789124	-0.0631677	0.0780356	-0.165148	-0.0472751	0.0438068	-0.0802893	0.0112662	-0.145305	0.148792	-0.0168141	-0.0775268	0.034664	-0.00388347	0.0110796	0.0323081	-0.010229	-0.0170771	0.0732104	-0.0192843	0.00440072	-0.0995835	0.190307	-0.134007	-0.00562665	0.129881	-0.0972024	-0.0213252	0.160435
-5.91593	1.76369	1.13636	0.805183	0.645307	0.167195	0.289922	0.0716249	-0.00529306	0.209875	-0.184974	-0.243124	0.160565	0.155409	-0.115661	-0.168156	-0.135813	0.0718761	-0.147592	0.00275792	0.0497535	0.0502686	-0.0677623	0.0279891	0.0570857	-0.138412	0.133576	-0.0309292	0.0252834	0.0289512	-0.0509074	0.049557	-0.0512452	0.0720332	-0.0428941	0.00996855	0.0203048	-0.0091068	-0.0191744	0.167746
-5.89254	1.78296	0.844347	0.670694	0.584611	0.506679	0.341981	0.17172	0.14513	0.0502901	-0.234174	-0.0317077	0.0892982	0.0234976	-0.339736	0.0554882	0.0240852	-0.103736	-0.134391	-0.0870401	0.170167	-0.00174174	-0.0625957	-0.0146628	-0.0315553	0.128969	-0.00510476	-0.0508889	0.0537102	-0.0182314	0.0889305	-0.101414	0.0431235	-0.00656319	-0.00272723	0.0667939	-0.0912488	0.0580363	0.0551756	-0.113709
-5.92213	1.45627	0.972701	1.15699	0.913051	0.133193	0.0453506	-0.0376372	0.1989	-0.17477	-0.130774	0.0351492	0.151012	0.0648725	-0.159611	-0.212491	-0.0183497	0.111686	-0.0987573	-0.13236	0.12999	-0.0249404	-0.0461254	0.105198	-0.071534	0.044629	-0.0272833	-0.0554724	0.125899	-0.0339671	0.00496093	-0.0113484	0.0657521	-0.127762	0.128737	-0.00223294	-0.0966036	0.0848299	0.0027566	0.0438634
-5.85354	1.35359	0.838953	0.899964	0.614302	0.319762	0.595435	0.243431	-0.0489363	-0.0535879	0.289165	-0.0360038	-0.138795	-0.211044	-0.084436	-0.090857	-0.0850806	0.0615657	-0.0725527	0.0205832	-0.146855	-0.0484232	0.0544003	0.0720878	0.0827097	-0.0919957	-0.0127981	0.149466	-0.0835318	-0.00711923	0.0582172	0.01597	-0.10089	0.128956	-0.0928934	0.0306622	0.0573828	-0.0334309	-0.00625148	-0.00538582
-6.06005	1.39026	1.22543	1.04713	0.759678	0.0219853	-0.0936379	-0.155721	-0.04914	0.261246	0.0189851	-0.233887	-0.158564	0.172297	-0.12897	-0.0714349	0.141434	0.115084	-0.276302	0.0547328	0.0972416	-0.0835292	-0.0901735	0.105199	-0.0384389	0.0702607	-0.0369797	-0.0361801	0.0662898	-0.0432993	0.0586547	0.00428464	-0.0916327	0.14974	-0.108724	-0.000153931	0.116615	-0.1272	0.0650792	0.049493
-5.77723	1.27459	0.997729	0.90525	0.695462	0.219397	0.394224	0.0624699	0.0431616	-0.088352	-0.200752	0.00728427	0.249535	-0.222159	-0.104316	-0.198317	0.0973494	-0.0217941	-0.00612326	-0.0902444	-0.0377296	0.121721	-0.0297055	0.0456591	-0.059325	-0.0432072	0.159572	-0.0512144	0.021599	-0.0361078	0.0102772	0.0484622	-0.0750856	0.0935809	-0.0438047	-0.024634	0.11206	-0.107636	0.0637122	-0.0259114
-5.62497	1.2397	1.05895	0.795194	1.02362	0.737264	-0.173336	-0.333321	-0.176807	-0.0367413	-0.0305296	0.178436	-0.0757147	-0.00261497	0.0397008	-0.1883	-0.106727	0.0999299	0.0487797	-0.174888	0.109232	0.126666	-0.218911	0.103748	-0.027754	-0.000790416	-0.0563471	0.160673	-0.0476806	-0.0611033	0.102424	-0.0265657	-0.103117	0.176687	-0.114587	0.0359827	0.0414126	-0.0382099	-0.0201545	-0.0155299
-4.4531	2.07648	0.204015	0.264531	0.284099	-0.0033532	-0.337122	-0.434222	-0.118903	0.155353	-0.163001	-0.1279	0.210922	-0.00599801	-0.1352	-0.060416	-0.0220593	-0.0615035	0.164545	-0.160564	-0.110944	0.148577	-0.0887789	0.0431631	0.0729431	-0.0392528	0.0651536	-0.160353	-0.02691	0.0480111	0.00127031	0.171227	0.0887755	0.0817433	-0.241315	-0.157153	-0.0486509	-0.0623918	0.153702	0.133381
-3.96313	2.2113	-0.00543195	0.314036	-0.0926998	0.0150463	-0.321022	-0.396547	-0.0312513	0.146752	-0.155105	-0.166831	0.185982	0.0259796	-0.0663904	-0.177829	0.0141851	-0.0674537	0.084076	-0.187541	-0.10174	0.15891	-0.134695	-0.0280066	0.0168211	-0.133397	0.160077	-0.0293584	0.05477	0.122216	0.0684512	0.163612	0.0165052	0.240334	-0.127447	-0.126377	-0.0549432	-0.0677325	0.19618	0.0311949
-3.82586	2.06857	-0.109844	0.21486	-0.234374	-0.0687328	-0.411436	-0.486743	-0.09206	0.158847	-0.115334	-0.150813	0.269469	0.0204949	-0.037711	-0.247304	-0.0110612	-0.154402	0.0793248	-0.215728	-0.0824471	0.232623	-0.132264	0.0647743	0.00984384	-0.0597721	0.177808	0.0235101	-0.0333263	0.171131	0.0756988	0.232046	0.00258459	0.34674	0.0413793	0.0760575	0.113149	-0.067834	0.190405	-0.0774925
-3.73885	1.99544	-0.0779442	0.211664	-0.209931	-0.207642	-0.419749	-0.484403	-0.128709	0.229227	-0.040653	-0.113003	0.228934	-0.0566163	-0.0571765	-0.267231	-0.117951	-0.181588	0.0369745	-0.12071	-0.0336112	0.177509	-0.0733049	0.0552188	-0.0276141	-0.115247	0.086114	-0.0112605	-0.0492073	0.178861	0.143597	0.286082	-0.0309227	0.205892	-0.103914	-0.0178806	0.0648219	-0.0457695	0.187109	0.0171031
-3.69269	2.10121	-0.117906	0.288374	-0.17218	-0.0803873	-0.345976	-0.442383	-0.0679322	0.301328	0.0230286	-0.172121	0.301504	-0.110263	-0.0323769	-0.290634	-0.0536457	-0.126153	0.13937	-0.0578506	-0.0137144	0.213255	-0.103489	0.0254504	-0.0371326	-0.190556	0.053221	-0.0664374	-0.160058	0.127174	0.00531416	0.213492	-0.140686	0.176335	-0.139772	-0.000654565	0.053592	-0.0814256	0.169682	0.0351385
-3.75029	2.38708	-0.261039	0.163447	-0.292074	-0.100431	-0.299278	-0.373724	-0.0113023	0.254641	0.0304913	-0.270035	0.23998	-0.229201	-0.090939	-0.28476	-0.0349425	-0.0914495	0.252723	0.0349679	0.0231925	0.167973	-0.0667695	0.0413933	0.0315649	-0.147186	0.0525915	-0.0161073	-0.159342	0.0561091	-0.109845	0.0938946	-0.200513	0.0759693	-0.137695	0.0241897	0.0186817	-0.0517197	0.0335407	-0.0338366
-3.78943	2.37266	-0.282328	0.114899	-0.275164	-0.144587	-0.284234	-0.443234	0.0337479	0.286249	0.0808114	-0.236017	0.244716	-0.189566	-0.137929	-0.29336	-0.112658	-0.0685016	0.207284	0.0873326	-0.0315438	0.187402	-0.0864498	0.0166546	-0.00939083	-0.226049	0.0470869	-0.0536447	-0.147829	0.00863846	-0.067585	0.0303796	-0.164603	0.0168291	-0.108831	-0.0278907	0.0238579	-0.0895774	0.0278006	-0.023313
-3.97744	2.41249	-0.249941	-0.0076666	-0.294133	0.00680315	-0.191909	-0.293158	0.0155729	0.388269	0.141296	-0.154997	0.0537248	-0.1765	-0.162333	-0.156131	-0.223846	-0.0418151	0.111101	0.110038	-0.0256869	0.0979808	-0.0972475	0.0165535	-0.040411	-0.241381	-0.00966952	-0.0117617	-0.100993	-0.0488975	-0.0340872	0.00791454	-0.0566229	0.118676	-0.00864556	0.116388	0.152799	-0.0650304	-0.0907429	-0.129223
-3.77135	2.25768	-0.447788	-0.134417	-0.326264	-0.0121202	-0.162749	-0.313595	-0.0658454	0.311454	0.0716843	-0.190047	-0.0188582	-0.150213	-0.11729	-0.102125	-0.166237	-0.037468	0.0801557	0.0396925	-0.0699729	0.0416348	-0.100402	0.0282362	0.0481875	-0.135892	-0.00221739	-0.0693404	-0.0791164	-0.0367979	-0.0241717	-0.0612236	-0.0170108	0.171234	0.0536049	0.0999505	0.159848	0.0116334	-0.0370642	-0.0375218
-4.08158	2.40101	-0.651875	-0.094082	-0.492623	0.0672514	-0.219868	-0.321076	-0.0960895	0.339057	0.134323	-0.160761	-0.0257698	-0.198825	-0.147734	-0.0891305	-0.165507	-0.0773762	0.0914071	-0.00887665	-0.116225	-0.0446507	-0.140701	-0.0502743	0.0240706	-0.165982	0.00968256	-0.00215081	-0.070026	-0.0280539	-0.00322543	-0.0573671	-0.0298675	0.112081	-0.0314791	0.0261377	0.0337797	-0.0554885	-0.0661669	-0.0774303
-4.09572	2.53866	-0.734236	-0.112438	-0.435815	0.0907611	-0.233562	-0.274526	-0.11671	0.333791	0.156313	-0.199106	-0.0879653	-0.247247	-0.154027	-0.0827455	-0.116421	-0.0501431	0.109462	0.103358	-0.0729609	-0.0727566	-0.135352	-0.0587346	-0.00667042	-0.138008	-0.0417493	-0.00244589	-0.0703093	-0.0453566	-0.0718051	-0.122155	-0.0330577	0.0417922	-0.050198	-0.0219911	-0.012267	-0.0328112	-0.036953	-0.0825582
-4.69526	2.46626	-0.678876	-0.186834	-0.426505	0.0958386	-0.216605	-0.255622	-0.06849	0.44144	0.224928	-0.175425	-0.0734143	-0.252938	-0.123624	-0.0913085	-0.0920313	-0.0193438	0.190919	0.226168	-0.0444406	-0.00855639	-0.158986	-0.0261932	-0.00736402	-0.136397	-0.0258984	0.0385041	-0.0650748	-0.0484087	-0.0747636	-0.191383	-0.0422723	0.0633248	-0.0818312	-0.00622536	-0.0101897	0.0321541	-0.0253831	-0.0583338
-4.93186	2.90727	-0.433756	-0.551967	-0.470143	0.495411	-0.0805492	-0.214484	0.0104474	0.420835	0.0772118	-0.155685	-0.00920382	-0.335781	-0.0956956	-0.108488	0.0256089	-0.0805554	0.0197298	0.234978	-0.123348	0.159428	-0.187887	-0.128719	0.0932398	-0.0617168	-0.0235444	-0.0439984	-0.0717852	0.053422	-0.0368589	-0.0838008	-0.0827719	0.120761	-0.11391	0.0230755	0.0538744	-0.0226776	-0.0309895	0.123308
-5.00881	2.94258	-0.424837	-0.621453	-0.413727	0.457956	-0.0406813	-0.242574	0.0350949	0.476199	0.195337	-0.196559	0.0682034	-0.381198	-0.116621	-0.0534932	0.0276969	-0.0591291	0.0628769	0.293546	-0.113744	0.159139	-0.217814	-0.14997	0.119886	-0.0556739	0.00692378	-0.0454672	-0.0290052	0.0247069	-0.00145121	-0.113351	-0.0871528	0.128947	-0.0709903	0.0584222	0.0183694	-0.00572878	-0.0248486	0.0720949
-5.86824	2.92219	-0.443029	-0.625273	-0.418725	0.445702	-0.031028	-0.226046	-0.00479774	0.641304	0.308742	-0.213411	0.140349	-0.447708	-0.157817	0.022787	0.0342416	-0.0447878	0.165402	0.381065	-0.101994	0.152097	-0.261104	-0.216741	0.139419	-0.00332647	-0.029766	-0.010879	-0.0121715	0.0299641	-0.0160083	-0.102421	-0.137771	0.165796	0.00816823	0.0829935	-0.00268473	0.0428527	-0.0516108	0.0306068
-6.28251	1.74559	-0.188516	-0.182323	-0.0876807	-0.133414	-0.17112	-0.195522	0.111611	0.562006	0.442586	0.00121414	-0.356813	-0.434867	-0.202438	0.0964531	0.117529	-0.0349962	0.134986	0.182258	0.0850915	0.0420702	-0.147062	-0.0603447	0.139422	0.105069	-0.033966	0.0157925	0.0664919	0.0134615	-0.0397615	-0.229305	-0.217003	0.0381057	0.110393	0.0833719	0.0458042	0.0632682	0.0382676	0.106123
-5.96362	2.18435	-0.153048	-0.0345635	-0.40496	-0.0143446	0.251325	-0.260244	-0.0563621	0.417871	0.142345	0.00573976	-0.103672	-0.392359	-0.223053	0.0124198	0.0926425	0.00493395	0.0947017	0.0797407	0.0715719	0.282276	0.0401846	0.0586357	0.108557	-0.0453126	0.0300153	0.0391314	-0.0432955	0.00997893	0.00112815	-0.117116	-0.0501352	-0.010725	-0.0964045	0.0335776	0.0352794	0.0274032	0.0198962	0.0164619
-5.5769	2.48025	-0.606144	0.122536	-0.513218	0.100026	0.401248	-0.253553	-0.0926848	0.388832	0.0478157	-0.0222261	-0.121981	-0.467993	-0.110355	-0.0172998	0.198219	0.0459302	0.0911715	0.21661	-0.0937584	0.383994	-0.169687	0.0840777	0.0644981	-0.0201062	0.0467371	0.0192864	-0.156025	-0.00139407	-0.0197548	0.000780071	-0.011071	0.104114	-0.121233	0.0460804	-0.0353532	-0.0570053	0.0252992	0.00943252
-5.69521	2.44845	-0.677483	0.124596	-0.56706	0.227164	0.474881	-0.169478	-0.0800325	0.344245	0.0446057	-0.0900271	-0.139518	-0.475017	-0.106107	0.0889338	0.211313	0.139298	0.111787	0.235423	-0.0932957	0.312557	-0.241571	-0.02629	0.0882581	-0.0321461	0.100537	0.0210621	-0.188546	-0.0851704	-0.0120333	-0.0326472	0.0875415	0.150146	-0.0735934	0.0944411	-0.0705045	-0.054494	0.00696473	0.030733
-6.1786	2.37034	-0.541122	-0.247392	-0.763546	0.237143	0.457618	-0.0613544	-0.103216	0.265077	0.0608509	-0.0181789	0.0399966	-0.280864	-0.0131421	0.115805	0.138619	0.191241	0.167462	0.201106	-0.0289119	0.262848	-0.176014	-0.107407	0.159709	-0.104558	0.165553	0.0652644	-0.208291	-0.069695	-0.00685951	-0.0399236	0.0703395	0.148407	0.0354639	0.104773	-0.0154994	-0.0829546	-0.00363878	0.044749
-6.11975	2.47542	-0.457156	-0.408814	-0.691735	0.221156	0.422246	-0.0979633	0.0470749	0.0342189	0.0233086	0.0221343	-0.00532696	-0.236436	-0.0858027	0.0135175	0.046786	0.371298	0.0912739	0.161867	-0.00484372	0.211997	-0.0816591	-0.0346857	0.0480193	-0.0918608	0.0568392	0.114451	-0.191144	0.0856956	-0.123329	0.0966836	0.0725365	0.0845926	0.103246	0.0091768	-0.0544979	-0.101942	0.0155096	0.0218231
-6.21495	2.43756	-0.0513673	-0.386144	-0.518562	0.259782	0.504421	-0.109337	0.101291	-0.0463405	0.115397	0.0772197	-0.0338335	-0.321672	-0.0593955	-0.0476551	0.0961487	0.309853	-0.0192834	0.0306935	-0.153715	0.135498	-0.130492	-0.0666272	0.0470851	-0.0626179	0.0495458	0.202829	-0.23177	0.11811	-0.0592678	0.0738534	0.142348	0.209583	0.0643552	0.150844	-0.0275133	-0.0442355	0.0508582	0.000757471
-6.26046	2.38737	0.0649941	-0.193006	-0.519111	0.140956	0.543138	-0.111369	0.0578663	-0.154377	-0.115449	0.00802626	0.0809928	-0.345585	0.0158697	0.002751	0.0280103	0.228906	-0.0887514	0.0682012	-0.205238	0.16511	-0.165608	-0.0877355	0.0842815	0.0193009	0.0816849	0.223689	-0.134926	0.191359	-0.0134689	0.149228	0.229728	0.191324	0.0571454	0.245401	-0.0318371	-0.109076	-0.0509744	-0.0331911
-6.15125	2.49941	-0.0539898	-0.0710857	-0.537903	0.224498	0.563727	-0.174568	0.15266	-0.151633	-0.202092	-0.0481081	0.133772	-0.294966	0.00997794	-0.0985726	0.0504371	0.221902	-0.0174356	0.0184815	-0.285386	-0.0115844	-0.287897	-0.041205	0.160859	-0.0305132	-0.0213408	0.0698118	-0.172026	0.225884	-0.0564123	0.0314521	0.187938	0.109163	0.00175209	0.290019	0.139748	-0.0354509	0.0402787	0.0152511
-5.57751	2.28825	-0.127629	-0.204139	-0.51457	0.063134	0.433788	-0.0589056	0.067179	-0.0264372	-0.177681	0.0666517	-0.0116973	-0.187913	-0.12892	-0.183752	-0.0495338	0.0465575	-0.0454851	-0.0255376	-0.116127	-0.048155	-0.0783484	-0.102371	-0.0275122	-0.132831	-0.0479262	0.0554299	-0.125214	0.117768	0.00478904	-0.0979966	0.100683	-0.0575389	-0.0764149	0.145434	0.00386924	0.0238538	0.0732565	0.04312
-5.45256	2.70006	-0.240161	0.0360145	-0.728151	0.108837	0.406116	0.0100477	0.0800474	-0.185669	-0.0228876	-0.000828802	0.0341775	-0.196717	-0.0422194	-0.202912	-0.0255416	0.18632	0.0284701	0.0743458	-0.124134	0.0450275	-0.092331	-0.0419364	-0.025846	-0.0826558	-0.0338992	0.12381	-0.189187	0.0855044	-0.0569879	-0.0878341	0.015875	-0.138409	-0.0601346	0.135223	-0.0660205	-0.0543513	0.0528643	-0.0293419
-4.90807	2.73053	-0.322509	0.0771159	-0.752464	-0.020873	0.338364	0.100664	0.154219	-0.21426	-0.179311	-0.015405	-0.0352001	-0.125807	-0.0960472	-0.23114	-0.0734449	0.162348	0.0578119	0.0730952	0.0124171	0.0396379	-0.0942727	-0.155405	0.0139189	-0.105282	0.0129032	0.0713432	-0.186448	0.0558459	-0.0633477	-0.0394392	0.102889	-0.106164	-0.0443835	0.0691888	-0.0715362	-0.0535265	0.0708967	-0.0404129
-4.90131	2.86177	-0.315462	0.139632	-0.816171	0.000892976	0.333343	0.0963712	0.157446	-0.268718	-0.194085	-0.0609822	-0.0279405	-0.170968	-0.0956186	-0.243791	-0.0813999	0.217869	0.0767834	0.1112	0.0243134	0.019358	-0.162242	-0.184752	-0.00439474	-0.0760492	0.0343538	0.135799	-0.194869	0.0951451	-0.0658029	-0.0559268	0.102799	-0.129192	-0.106603	0.0888086	-0.131479	-0.0847267	0.10153	-0.0846403
-4.83274	2.8342	0.0871722	0.117416	-0.811963	-0.116139	0.296823	0.023218	0.182672	-0.188738	-0.304341	-0.155844	-0.16654	-0.161318	-0.0938643	-0.228613	-0.096632	0.197699	0.0432229	0.0838688	-0.00143377	-0.0310716	-0.0770336	-0.230334	-0.142494	-0.051109	-0.00378346	0.031679	-0.156411	0.106349	-0.0799493	-0.0603694	0.122987	-0.117886	-0.0698979	0.0097823	-0.131539	-0.0756786	0.0419752	-0.0787582
-4.67789	2.67541	0.208334	0.120323	-0.700375	-0.278265	0.193373	0.00462641	0.049006	-0.260462	-0.358233	-0.213809	-0.171675	-0.173911	-0.07369	-0.204468	-0.07104	0.164011	0.0313296	0.0848111	-0.0145884	-0.0669614	-0.147829	-0.279092	-0.169158	-0.114117	0.022481	0.110921	-0.106313	0.0520121	-0.0639837	-0.0775689	0.0798896	-0.133455	-0.0576891	0.0440156	-0.0937408	0.000699804	0.131527	0.00536537
-4.77631	3.08094	0.284335	0.315152	-0.545693	-0.0614315	0.256978	0.143238	0.243811	-0.223997	-0.065905	-0.218519	-0.0843059	-0.291763	0.0689762	-0.190382	-0.0493905	0.413748	-0.00731673	0.163485	0.134369	0.0144858	0.0124465	-0.0772499	-0.0819786	-0.0263714	-0.0800129	0.0941422	-0.16096	0.166312	-0.0590729	-0.0459371	0.154891	-0.156781	0.0260691	0.134251	-0.140539	-0.038384	0.185134	-0.132544
-4.57977	3.00146	0.331055	0.563951	-0.541795	-0.301624	0.241226	0.128704	0.310744	-0.196299	-0.0874195	-0.27609	-0.0295781	-0.166628	0.0721631	-0.182678	-0.0891685	0.31121	0.0514709	0.168985	0.103144	-0.00638114	0.00190797	-0.0612874	-0.10517	0.0389054	-0.118712	0.112361	-0.131979	0.157058	-0.0949844	-0.0329182	0.134754	-0.0977149	0.0132482	0.0487503	-0.0562092	-0.0212258	0.0933794	-0.0736888
-4.49831	2.92258	0.397877	0.492009	-0.542992	-0.126246	0.0906847	0.121295	0.217341	-0.106692	-0.0777887	-0.124814	-0.218607	-0.114093	-0.0217885	-0.134096	-0.0369759	0.262444	0.103082	0.188626	0.0632884	-0.00716893	-0.00260266	-0.0321143	-0.120169	0.00825969	-0.0962795	0.0878523	-0.088832	0.123686	-0.0607435	-0.0517659	0.133762	-0.100495	0.00580918	0.0715579	-0.0869154	0.0181108	0.0513284	-0.00989439
-4.45336	2.94423	0.404606	0.599526	-0.569312	-0.116132	0.042809	0.0578651	0.298037	-0.118976	-0.0610704	-0.172272	-0.178893	-0.158496	0.0431703	-0.221438	0.0821709	0.199215	0.146321	0.126701	0.0748431	-0.0147596	-0.00207815	-0.000860667	-0.143057	0.0273887	-0.112924	0.0792055	-0.0631671	0.103501	-0.0549559	-0.0319505	0.0952894	-0.0704789	-0.00664812	0.0794019	-0.116846	0.0765875	0.0122274	-0.0530753
-4.37801	2.94322	0.44874	0.59868	-0.544869	-0.135869	0.0265603	0.129548	0.250487	-0.0494473	-0.116861	-0.140608	-0.2423	-0.110788	-0.00674575	-0.179176	0.0939735	0.23246	0.0918736	0.142473	0.00142519	0.0680012	-0.0510659	0.0304722	-0.130756	0.00970074	-0.0887536	-0.00248102	0.0336916	0.037149	-0.00746789	-0.0744199	0.140427	-0.109365	0.0313761	0.0193972	-0.0488991	0.0436468	0.0288769	-0.15935
-4.35331	2.94352	0.435691	0.590977	-0.472232	-0.159835	-0.000931553	0.182033	0.204518	0.00106908	-0.115721	-0.166703	-0.222761	-0.157617	0.038504	-0.224256	0.176258	0.199695	0.0973596	0.110797	-0.0476712	0.128611	-0.0839832	0.084269	-0.172065	0.0448036	-0.101776	-0.0374005	0.0553686	0.0613675	-0.053767	-0.0139619	0.0792734	-0.061589	-0.00238859	0.0398963	-0.0652256	0.0760399	-0.0145233	-0.142457
-4.4836	3.04245	0.435975	0.674258	-0.41098	-0.194828	-0.0394916	0.164632	0.195438	0.0687178	-0.171681	-0.0819078	-0.301143	-0.13722	0.0261895	-0.209307	0.16188	0.216797	0.0902493	0.129584	-0.0867949	0.13516	-0.0834497	0.107403	-0.154544	-0.0196667	-0.0337266	-0.110249	0.11169	0.0461091	-0.0466956	-0.0352837	0.0921282	-0.0468196	-0.0272807	0.0327378	-0.00472346	-0.0196002	0.0844642	-0.210026
-4.49685	3.00317	0.48303	0.589027	-0.358757	-0.206328	-0.0636993	0.151474	0.224051	-0.0117987	-0.064903	-0.214801	-0.190158	-0.214974	0.132995	-0.247743	0.158871	0.20971	0.0563879	0.159806	-0.0863734	0.128265	-0.0817993	0.10351	-0.144314	-0.0138884	-0.0445555	-0.0756067	0.0707997	0.0507167	-0.0585917	0.0112057	0.0481622	-0.0414699	-0.0107906	0.0449104	-0.0578875	0.0284863	0.0584635	-0.137795
-4.6977	3.16227	0.439889	0.601752	-0.362422	-0.193094	-0.0819238	0.0843872	0.273652	-0.049288	0.0225241	-0.277636	-0.162531	-0.278998	0.205049	-0.267037	0.165321	0.197225	0.0475509	0.170145	-0.0918184	0.11554	-0.0553958	0.0763032	-0.0764584	-0.0838991	0.00123043	-0.0966064	0.059355	0.0582922	-0.053376	0.000654207	0.077621	-0.0929369	0.042285	0.00432245	-0.0213244	-0.01837	0.0818824	-0.050798
-4.62178	3.09606	0.516654	0.523489	-0.447049	-0.101997	-0.156996	0.171436	0.189266	-0.0259926	-0.0137494	-0.295942	-0.0779294	-0.249276	0.158906	-0.256839	0.207037	0.141102	0.0655396	0.105464	-0.0645774	0.11919	-0.035983	0.0493589	-0.0657479	-0.0215039	-0.0546599	-0.0588969	0.0242839	0.061824	-0.089746	0.0982397	-0.0124304	-0.0771905	0.0803858	-0.0128819	-0.0578171	0.0526152	0.00913403	-0.0324567
-4.64196	3.14508	0.359823	0.534603	-0.470335	-0.0926376	-0.157769	0.208253	0.191336	-0.0443188	-0.0447482	-0.249964	-0.127597	-0.205537	0.164555	-0.27496	0.220958	0.117296	0.0454625	0.124926	-0.0644871	0.112056	-0.00339378	0.00784237	-0.0290765	-0.0320035	-0.0166801	-0.115758	0.0774996	-0.000596314	-0.0746921	0.117693	-0.0118016	-0.0896112	0.0711245	0.0267083	-0.0861088	0.0357629	0.0203629	0.0505602
-4.53775	3.02153	0.31841	0.566957	-0.507974	-0.123259	-0.0908765	0.221224	0.207464	-0.0812059	-0.0861759	-0.240697	-0.1189	-0.16527	0.16425	-0.267647	0.158998	0.165867	-0.0151564	0.155288	-0.0791895	0.154264	-0.0169891	0.00576034	-0.0467046	-0.0223554	0.02367	-0.13003	0.0625873	-0.00418652	-0.0823778	0.10947	0.0163137	-0.0994249	0.0567154	0.050298	-0.0963076	0.0402265	0.00234645	0.0568117
-4.51485	2.97858	0.328151	0.540291	-0.45999	-0.154665	-0.0669151	0.288273	0.135419	-0.0114539	-0.173197	-0.214364	-0.0982815	-0.16684	0.189512	-0.26002	0.0954968	0.166518	-0.00337511	0.145167	-0.0732846	0.15911	5.68627e-05	0.00362854	-0.0662417	-0.0338069	0.0675592	-0.130198	0.0346274	0.0125631	-0.0911613	0.0886363	0.0361928	-0.087652	0.0320169	0.0680354	-0.0972148	0.0360903	0.0191963	-0.0124014
-4.57706	2.95868	0.465781	0.394739	-0.41865	-0.148998	-0.0512738	0.304442	0.129009	-0.0400353	-0.19725	-0.208964	-0.0651214	-0.144746	0.225824	-0.306293	0.106414	0.110077	0.0150754	0.135037	-0.0489617	0.139653	0.0592012	-0.0640232	-0.0243057	-0.0934144	0.130905	-0.149333	0.0632027	-0.0311525	-0.0479239	0.0296292	0.0764624	-0.100119	0.0346156	0.0664517	-0.089435	0.0282109	0.0323884	-0.0308908
-4.6522	3.14454	0.253411	0.517036	-0.585727	-0.100018	0.0590968	0.288422	0.105216	-0.0603613	-0.303134	-0.0883453	-0.109711	-0.0470111	0.177576	-0.30134	0.129157	0.072298	0.00515054	0.133267	-0.0756753	0.20281	0.00243588	-0.0317033	-0.0340468	-0.11065	0.144845	-0.123731	0.0664465	-0.0719425	-0.0116815	0.0300422	0.0132488	-0.023585	0.00516299	0.0454909	-0.0595329	0.0306748	0.0135052	-0.0179681
-4.68722	3.20085	0.0426105	0.558732	-0.558052	-0.0684508	0.0530403	0.378938	-0.000402995	-0.0391269	-0.284206	-0.174974	0.0261363	-0.156294	0.188583	-0.262723	0.125293	0.034198	0.0218766	0.113398	-0.0680031	0.279614	-0.03322	-0.0581901	-0.0104874	-0.153473	0.171814	-0.104927	0.0388152	-0.0543715	-0.00771143	-0.0120693	0.0493823	-0.0155334	-0.0280386	0.0795014	-0.0856218	0.0475439	-0.00846947	0.0517607
-4.7746	3.44081	-0.121786	0.513844	-0.597396	0.065833	0.125934	0.330277	-0.00163319	-0.198016	-0.181799	-0.200306	0.103993	-0.18442	0.25951	-0.397053	0.163792	0.0935226	-0.0278124	0.171421	-0.104993	0.200669	0.00916556	-0.0387881	-0.0193955	-0.0927003	0.089211	-0.0548839	-0.00648573	-0.0264113	0.0187722	-0.0557429	0.105789	-0.115315	0.067052	0.0275321	-0.0515514	-0.00473581	0.0894214	-0.0565194
-4.81197	3.32039	-0.206017	0.581963	-0.59139	0.201408	0.0788995	0.419078	-0.169019	-0.107939	-0.224666	-0.13074	0.0886633	-0.103232	0.0239253	-0.266238	0.0918554	0.146496	0.0477238	0.117011	-0.106739	0.122532	0.136675	-0.182774	0.146027	-0.178733	0.124661	-0.136525	0.0764959	-0.111967	0.0978291	-0.0722501	0.0827147	-0.0763245	0.0211454	0.0309894	-0.0064039	-0.0339324	0.0562159	0.0606109
-4.8839	3.29785	-0.212995	0.410081	-0.390345	0.167878	0.227068	0.319448	-0.247049	-0.120397	-0.215841	-0.00420796	0.0370528	-0.110334	0.0436669	-0.384743	0.21134	0.153002	-0.0114435	0.212783	-0.204197	0.11104	0.0991393	-0.0784609	0.0802095	-0.128914	0.157671	-0.238724	0.119112	-0.101366	0.0896596	-0.0436777	0.0265349	-0.0113727	-0.035514	0.0501312	0.0049889	-0.0502054	0.0614757	0.120464
-4.97567	3.25244	-0.140186	0.133455	-0.166049	0.202109	0.340161	0.207952	-0.140406	-0.346136	-0.0277131	-0.00501552	0.0931889	-0.295959	0.114348	-0.391463	0.188669	0.264747	-0.0493554	0.111286	-0.139269	0.109096	0.098066	-0.0818158	0.0793555	-0.101299	0.0705065	-0.0998413	0.0401102	-0.129259	0.0912406	0.0296983	-0.0400914	-0.000454785	0.021908	-0.0224552	0.00690409	-0.00411825	0.0487605	0.126977
-5.2009	3.45003	-0.127514	-0.0122644	0.215257	0.089888	0.262187	0.0847911	-0.212297	-0.10944	-0.109999	0.0499171	0.0507247	-0.320885	-0.00890196	-0.129023	0.220703	0.166253	-0.161133	0.165212	-0.110013	0.0886542	0.0570615	-0.0314861	0.0741429	-0.170205	0.161085	-0.0946692	0.0207834	-0.145397	0.136208	-0.0682052	0.0229279	0.0320128	-0.0213828	-0.0124065	-0.0150288	0.0419974	0.00579455	0.0476936
-5.81232	3.40805	0.194284	0.165484	0.220122	0.0627727	0.147412	0.202894	-0.277636	-0.13072	-0.205065	0.00651315	0.0836883	-0.432824	-0.128209	-0.182427	0.157994	0.304344	-0.0118991	0.147408	-0.144474	0.162575	0.0624772	-0.0840037	-0.136488	-0.234984	0.284941	0.00839316	0.0758272	-0.253237	0.109341	0.126396	0.115751	0.0180431	-0.0322474	-0.101016	0.0742208	0.0796244	0.0368588	0.0082669
-6.17462	3.34076	0.594947	0.336913	0.588121	0.311119	-0.36131	-0.3013	-0.527106	0.0304932	0.216972	-0.0756005	-0.0191512	-0.308316	-0.041118	0.03835	0.0680308	0.0340278	-0.00955197	0.0251221	-0.0374215	0.290571	0.00392717	-0.144222	-0.041586	-0.0701432	0.138196	-0.0402459	0.190637	-0.153467	-0.0171338	-0.0346037	0.097741	-0.0706223	-0.0263215	0.0540259	0.0953321	0.0383436	0.0150199	-0.128628
-6.3247	3.41777	0.552349	0.388799	0.693686	0.425591	-0.32987	-0.355553	-0.699996	-0.037063	0.256389	-0.0427337	0.046944	-0.126826	0.00821444	0.0539228	-0.0972943	-0.0111235	-0.0611443	0.172808	-0.00170149	0.268862	-0.0272273	-0.0731198	0.106163	-0.136564	0.0878338	-0.156305	0.135567	-0.0446168	0.042067	-0.11565	0.0812619	-0.0718974	0.0662007	0.0121558	0.0376952	-0.0711836	0.0974905	-0.0502222
-6.42991	3.42033	0.556205	0.499454	0.645147	0.362263	-0.27147	-0.338475	-0.618652	-0.104969	0.20699	-0.0931105	0.0690711	-0.126431	0.174151	-0.0630996	-0.0700627	-0.0969392	0.0148784	0.157587	-0.0814634	0.365438	-0.111452	-0.0848258	0.161309	-0.14688	0.04965	-0.104473	0.045208	-0.0680728	0.116157	-0.0966719	0.0356702	-0.0321707	0.067937	0.0369013	-0.0137287	-0.0308665	0.044571	-0.0169648
-6.51554	3.49459	0.511778	0.490135	0.709068	0.231273	-0.301817	-0.269912	-0.613271	-0.113375	0.115639	-0.140886	-0.0146514	-0.0411545	0.184748	-0.161739	-0.103348	-0.0797781	0.00261819	0.191717	-0.265177	0.317492	-0.0883664	-0.0825424	0.195658	-0.232391	0.0186469	-0.084821	0.0812802	-0.0616504	0.139464	-0.14987	0.126377	-0.0668111	0.0349733	0.042754	0.0292345	-0.0475486	0.0486063	-0.0935465
-6.56789	3.47781	0.484661	0.532459	0.741647	0.170483	-0.301426	-0.16631	-0.627239	-0.23305	0.215524	-0.220262	0.0644511	-0.0794836	0.166855	-0.173169	-0.0351678	-0.176363	-0.00857931	0.228342	-0.238726	0.213412	-0.133526	-0.0561867	0.197767	-0.193281	-0.0112567	-0.0869718	0.156043	0.0177618	0.0730943	-0.141123	0.140857	-0.0775367	0.0411829	0.0356851	-0.0259349	0.0256972	0.0503144	-0.118134
-6.58858	3.34119	0.48242	0.565448	0.833229	0.103574	-0.295325	-0.197984	-0.579431	-0.216218	0.136941	-0.209436	0.0583386	0.0567678	0.0982568	-0.226704	-0.0896159	-0.0712247	-0.00844711	0.228686	-0.310029	0.278179	-0.142851	-0.0658618	0.12435	-0.220584	0.0968047	-0.0718291	0.158602	-0.0130199	0.0542822	-0.156521	0.139345	-0.206641	0.135314	0.070152	-0.0135262	0.0245297	0.0440687	-0.11349
-6.88373	3.42689	0.763354	0.482845	0.706419	0.151891	-0.308913	-0.358156	-0.387796	-0.192492	0.147813	-0.243056	-0.0246858	0.109633	0.198932	-0.333662	-0.106986	-0.0760938	0.118786	0.185049	-0.276916	0.211947	-0.135379	-0.00321258	0.063992	-0.157229	-0.0421028	0.00678462	0.142317	-0.0518623	0.00129605	-0.0737877	0.0686888	-0.0918768	0.0405686	0.157052	-0.0312139	-0.0361311	0.0209732	-0.00608772
-6.93904	3.37721	0.757423	0.487637	0.850362	0.0209143	-0.328745	-0.21364	-0.343096	-0.296168	0.0273262	-0.133832	0.0228727	0.041435	0.129396	-0.229477	-0.0508293	-0.16168	0.0818516	0.207313	-0.368331	0.260708	-0.106034	0.00743199	0.0542589	-0.214685	-0.0404568	0.0256524	0.135097	-0.0606657	0.0247247	-0.0639909	0.0820485	-0.0660128	0.00338258	0.10267	0.0617844	-0.028089	0.0598749	-0.0666704
-6.52668	3.31301	0.465381	0.348114	0.51076	0.186266	-0.239405	-0.277764	-0.104422	-0.276799	-0.158895	-0.0733005	0.103814	-0.283199	0.0371597	-0.22284	-0.0808202	0.158376	0.0137412	0.127436	-0.248687	-0.0125821	-0.0230905	0.0300956	-0.0108233	-0.168012	-0.0535428	0.101647	0.0602802	-0.292927	0.0639895	0.1269	0.116781	-0.0291581	0.0362749	0.126558	0.0493625	-0.0698278	0.0129321	-0.037905
-6.04048	3.40724	-0.125366	0.0338927	0.446134	0.295384	-0.262193	-0.331903	0.0906303	-0.0958284	-0.352401	-0.223881	-0.00799909	-0.310966	-0.169942	-0.162857	-0.0162851	0.241058	0.0034499	0.256631	-0.114041	-0.177847	-0.137359	-0.132975	-0.0900207	-0.233446	-0.00418414	0.0912453	0.0958845	-0.146625	0.194819	0.0487509	-0.0189216	-0.00999957	0.0676567	-0.0663607	-0.00449984	-0.01078	0.00921185	0.039584
-5.9419	3.44824	-0.267587	0.147873	0.402387	0.298292	-0.30653	-0.25913	0.192754	-0.0698924	-0.369137	-0.193174	0.0332282	-0.301948	-0.17045	-0.0936281	-0.0463794	0.224946	0.061973	0.274489	-0.143526	-0.0885039	-0.128861	-0.183946	-0.144208	-0.224377	0.0409568	-0.0641978	0.247639	-0.0871738	0.193679	0.0907373	-0.0042615	-0.0582813	0.0982069	-0.0414028	-0.0326175	-0.0770509	-0.00733289	0.0632555
-5.78033	3.41141	-0.440673	0.258907	0.375033	0.321949	-0.35217	-0.172049	0.26865	-0.0923949	-0.229958	-0.216317	0.0122405	-0.168689	-0.0937872	-0.137267	-0.0227632	0.1689	-0.0275461	0.258122	-0.112887	-0.0474887	-0.136922	-0.0341631	-0.274246	-0.138314	0.0396514	-0.13951	0.205981	-0.0500057	0.273271	0.031255	0.0124534	0.0355741	0.0393484	0.0442801	-0.0449778	-0.0426834	-0.00850197	-0.0420735
-5.61621	3.24851	-0.441056	0.261254	0.440534	0.352892	-0.351656	-0.0242078	0.226134	0.0682669	-0.205049	-0.136461	0.0557299	-0.155167	-0.00531191	-0.102094	-0.00631968	0.113495	-0.0230667	0.244124	-0.079547	-0.0397291	-0.0376624	-0.0184625	-0.182916	-0.171476	0.124111	-0.15627	0.188216	-0.0372538	0.258665	0.0412775	0.0339957	0.124591	0.0834921	0.0936956	0.0949301	0.0257689	0.056327	-0.0265333
-5.5267	2.92335	-0.368862	0.262522	0.45112	0.236219	-0.601552	-0.0688574	0.209366	0.0465054	-0.166413	-0.298661	0.0362798	-0.341088	0.0277765	0.101752	-0.06033	0.0667416	-0.102974	0.293357	-0.0344941	-0.0993547	-0.0594308	-0.137118	-0.208244	-0.197592	0.0867621	-0.0595771	0.0523612	-0.0462697	0.0770033	0.0315131	0.186206	0.0594936	-0.0521208	0.0350428	0.0901658	0.125122	0.118829	0.0762559
-5.55815	2.93168	-0.852634	-0.263197	0.363536	0.141059	-0.703305	-0.251925	0.0878897	-0.200842	-0.42142	-0.435302	0.0319743	-0.371928	-0.075034	-0.0521641	-0.166031	0.0828846	-0.226632	0.16418	-0.205479	-0.263548	-0.123196	-0.190465	-0.301095	-0.401916	-0.109981	-0.188573	-0.0805951	-0.109398	0.150581	-0.00619215	0.0207113	0.0021796	0.037311	-0.117278	-0.0541983	0.0232779	0.125643	0.0566651
-5.40525	2.92426	-0.929754	-0.197249	0.380349	0.0287813	-0.647118	-0.126606	8.71866e-05	0.0312027	-0.490065	-0.293956	0.0118181	-0.508939	-0.0647622	-0.148008	-0.204307	0.12223	-0.0816831	0.131731	-0.0872304	-0.285974	-0.0574087	-0.221437	-0.252613	-0.358009	-0.0474723	-0.19093	-0.0605215	-0.186439	0.116606	-0.0901392	0.00517759	0.0576123	0.00199785	0.000698772	-0.0244401	0.037764	0.150949	0.127393
-5.44263	2.62717	-0.953762	-0.268119	0.23973	0.0570622	-0.814388	-0.207358	-0.173648	0.00699736	-0.554037	-0.250692	-0.0190318	-0.547129	-0.129348	-0.174577	-0.276147	0.13059	-0.130246	0.102354	-0.0978167	-0.373273	-0.139503	-0.272157	-0.336827	-0.313709	-0.0955795	-0.162748	-0.138312	-0.205726	0.0593414	-0.0784417	-0.0588431	0.0676364	-0.00253827	0.0662469	-0.0337095	0.0862213	0.14012	0.240689
-5.50414	2.67141	-0.702639	-0.270945	0.394012	0.15539	-0.792223	-0.057684	-0.199417	0.103085	-0.510278	-0.254463	0.0217938	-0.48498	-0.0929033	-0.202036	-0.296703	0.109316	-0.191584	0.182802	-0.080607	-0.300484	-0.170014	-0.229863	-0.264925	-0.284587	-0.0193623	-0.189921	-0.207888	-0.156962	-0.01481	-0.0636302	-0.0404041	-0.0905646	-0.0318322	0.0488286	-0.103909	0.154682	0.109294	0.249492
-4.94667	3.34599	-0.358985	-0.0589728	0.550954	0.381503	-0.399437	0.0317628	0.149366	0.235178	-0.227698	-0.174662	0.230352	-0.397444	0.135347	-0.248965	-0.024201	0.203072	-0.147184	0.310592	-0.00104398	0.00579755	-0.00256537	0.0796755	-0.0937188	-0.0694231	0.0167724	-0.0228428	-0.0667992	0.0630568	0.033423	-0.0589155	0.0500726	-0.0335628	0.0354694	-0.0276394	0.00966266	0.0348673	-0.0764761	0.0988554
-4.57091	3.21878	-0.477506	0.0833812	0.526775	0.351697	-0.423333	0.0395142	-0.0208475	0.308843	-0.266559	-0.160499	0.311216	-0.403226	0.0132669	-0.0254159	-0.111357	0.188235	-0.0276372	0.164158	0.0369485	0.00360964	0.0056057	-0.0159949	-0.0395344	-0.0436597	-0.0373628	0.0377431	-0.032283	0.012634	0.0352972	-0.0173034	-0.031977	0.0538328	-0.0429684	0.0420745	-0.0533443	0.0717825	-0.0502681	0.00151352
-4.47484	3.44431	-0.709252	0.0501173	0.668388	0.278164	-0.472819	-0.00968668	-0.151669	0.415619	-0.345967	-0.131891	0.337379	-0.361669	0.0559415	-0.0658208	-0.14336	0.275614	-0.102631	0.177405	0.0656199	-0.0157572	-0.00994969	0.00650512	-0.0958475	0.00514352	-0.0378708	0.0618423	-0.0388408	-0.00824212	0.0442288	-0.0240841	-0.0231051	0.0301058	-0.0370243	0.0785087	-0.0924532	0.0758685	-0.0408206	0.0196346
-4.53476	3.58628	-0.809391	0.0812014	0.755997	0.177103	-0.492529	-0.061495	-0.0287496	0.281385	-0.322397	-0.0572453	0.23084	-0.292257	0.0136867	-0.0633036	-0.0889334	0.245406	-0.0670197	0.174049	0.0472734	-0.00182124	-0.0398501	0.0544369	-0.183547	0.0932986	-0.0696398	0.0602924	-0.049036	0.0292292	-0.000237664	-0.0023066	-0.0255212	0.022919	-0.0216151	0.0579933	-0.0674735	0.0468265	-0.0209045	0.0419261
-4.5125	3.72431	-0.849884	0.0606079	0.601169	0.351902	-0.470832	-0.240481	-0.0511671	0.313982	-0.200203	-0.336681	0.441731	-0.284063	0.0217439	-0.0294921	-0.0648472	0.210935	-0.0839815	0.110832	0.120715	-0.0665993	-0.0733337	0.0780292	-0.0676417	-0.0119154	-0.0493091	0.110426	-0.0723154	-0.00340493	0.00758547	0.0235419	-0.0728753	0.0860999	-0.0642614	0.0711477	-0.0809802	0.0618144	-0.00271988	-0.014686
-4.4176	3.52956	-0.7565	0.0192512	0.691847	0.244803	-0.491719	-0.217025	-0.100225	0.377627	-0.343091	-0.237077	0.447383	-0.353993	0.136385	-0.07924	-0.0286081	0.147653	-0.0250537	0.121577	0.0620864	-0.059772	-0.0157191	0.00658683	-0.0436444	0.0190998	-0.0677537	0.108074	-0.0584706	-0.0488129	0.0703607	-0.0557699	0.0291178	-0.0244278	0.0326105	0.0167243	-0.0831836	0.101002	-0.0556043	0.0653304
-4.79319	3.94219	-0.758632	-0.0600418	0.761572	0.262818	-0.464488	-0.256547	-0.180077	0.407328	-0.256378	-0.430864	0.605907	-0.348461	0.0717136	0.0187794	-0.0464477	0.140874	-0.0711275	0.135277	0.00841006	0.0168754	-0.118236	0.11979	-0.0709022	0.000860196	-0.0585402	0.141629	-0.143343	0.0304431	0.0303266	-0.0578106	0.0613678	-0.0580004	0.055944	0.00135391	-0.0802221	0.125028	-0.0920183	0.0615357
-4.7021	3.65571	-0.575995	-0.0693126	0.827352	0.237938	-0.391668	-0.3531	-0.12628	0.321755	-0.287449	-0.266952	0.48601	-0.37595	0.250251	-0.130736	0.0142637	0.157011	-0.125088	0.121847	0.0702857	-0.0779966	-0.039998	0.10149	-0.0879474	0.0341327	-0.0709305	0.139543	-0.16939	0.0744317	-0.00499771	-0.0426361	0.0515974	-0.0193004	-0.0105162	0.0608716	-0.101868	0.116915	-0.058465	-0.0633385
-4.84353	3.67587	-0.525707	-0.0588901	0.817229	0.242509	-0.475715	-0.291165	-0.156241	0.325107	-0.322575	-0.212972	0.42492	-0.267728	0.183243	-0.0854766	-0.0122003	0.168258	-0.116071	0.0806567	0.0395393	-0.0224027	-0.0614612	0.131823	-0.115451	0.0392303	-0.0292509	0.0615745	-0.115619	0.0698071	-0.0276305	-0.0212842	0.0393205	-0.0156673	0.00803949	0.0132619	-0.035449	0.0528243	-0.0401506	0.0196772
-5.00256	3.79541	-0.625397	0.114878	0.687439	0.375051	-0.6275	-0.200868	-0.213128	0.356461	-0.352404	-0.143238	0.344867	-0.205094	0.194724	-0.121041	0.0367324	0.09005	-0.046186	0.0202491	0.0534947	-0.0222491	-0.0416081	0.0981031	-0.0675358	-0.00760221	0.0141286	0.0342914	-0.137482	0.149746	-0.148186	0.10499	-0.0450522	0.00266455	0.0504347	-0.0633806	0.0413739	0.00139592	-0.0191099	0.0181514
-5.127	3.70109	-0.391083	0.0213216	0.710994	0.47276	-0.702774	-0.260423	-0.0535115	0.157903	-0.225003	-0.239628	0.523511	-0.35861	0.296096	-0.170439	0.0447326	0.0780156	-0.0397128	0.00650611	0.0389999	0.0168379	-0.0949091	0.158175	-0.115311	0.0179893	0.0272043	-0.00876386	-0.101644	0.128391	-0.127067	0.0740772	-0.00489339	-0.00815761	0.0138897	-0.00183958	-0.0103037	0.0281046	-0.0383751	0.047123
-5.07792	3.63254	-0.358283	0.0429864	0.593621	0.447844	-0.608525	-0.35167	-0.0349466	0.167444	-0.169863	-0.216769	0.391847	-0.146236	0.178839	-0.170347	0.0799109	0.0510319	-0.0650856	0.00587791	0.0292409	0.0476261	-0.103719	0.138473	-0.0664769	-0.00570089	-0.0223759	0.0501581	-0.0959233	0.0651978	-0.0780934	0.108756	-0.0672876	0.0139691	0.0108873	0.0246346	-0.0469781	0.0237353	0.00115125	0.0275077
-5.21313	3.69975	-0.283296	-0.0198718	0.718206	0.361777	-0.558435	-0.400987	-0.0837414	0.290633	-0.271712	-0.127217	0.408002	-0.186712	0.188798	-0.145776	-0.0318533	0.21684	-0.237782	0.0955323	0.0144412	0.0121368	-0.0200255	0.0575406	-0.0147233	-0.0716346	0.0719682	-0.043491	-0.0384728	0.0353387	-0.0430166	0.106674	-0.133789	0.132788	-0.0901496	0.0532978	-0.0354098	0.0400419	-0.061265	0.0708808
-5.18212	3.63089	-0.295403	-0.00760763	0.699489	0.341024	-0.566254	-0.290906	-0.0781046	0.343387	-0.327597	-0.0941878	0.504939	-0.310045	0.197053	-0.164756	-0.0129631	0.212628	-0.297833	0.151756	0.0349037	-0.0766574	0.0481242	0.0476743	-0.0699372	0.0419743	-0.0726642	0.105188	-0.156524	0.103412	-0.0203215	0.0343592	-0.0749529	0.108288	-0.103536	0.0992646	-0.103132	0.0832343	-0.0137106	-0.0741462
-5.1913	3.72254	-0.450582	0.0575911	0.652537	0.354708	-0.590897	-0.19305	-0.0937392	0.33973	-0.304772	-0.0152479	0.425362	-0.331987	0.257762	-0.206531	-0.0263014	0.148138	-0.173759	0.0365668	0.0838221	-0.0615962	0.0270751	0.0481967	-0.0542014	0.00565524	-0.0021194	-0.0107943	-0.0293024	0.0525818	-0.0353417	0.0655357	-0.100744	0.117118	-0.0827903	0.0314057	0.000422139	-0.012273	0.027822	-0.0444709
-5.13138	3.62514	-0.577548	0.195539	0.604919	0.310485	-0.479422	-0.206339	0.0141928	0.260023	-0.212873	-0.0497303	0.390287	-0.260955	0.158708	-0.179135	-0.040756	0.155646	-0.243826	0.110155	0.0662354	-0.0834918	0.0708333	-0.0141386	0.0305225	-0.0889705	0.0741204	-0.0504839	0.000102843	0.0598092	-0.0887332	0.136349	-0.155568	0.134457	-0.069717	0.00470652	0.0231825	-0.0115503	0.00699741	-0.0315902
-5.26624	3.76853	-0.653051	0.191738	0.663333	0.274172	-0.412135	-0.246952	0.060148	0.31825	-0.288452	0.0254488	0.321212	-0.220556	0.132993	-0.207996	-0.033224	0.163487	-0.28199	0.175423	0.00725985	-0.0445343	0.0487199	0.00486733	0.00753675	-0.0525254	0.0060737	0.039508	-0.0508303	0.0650428	-0.0740851	0.114089	-0.124727	0.0921425	-0.0240335	-0.0380973	0.0673207	-0.0533102	0.0211551	0.0383726
-5.25076	3.7242	-0.707905	0.202072	0.591657	0.342245	-0.354241	-0.298464	0.204503	0.188954	-0.0845703	-0.111335	0.373126	-0.297765	0.21932	-0.313311	-0.00172886	0.110882	-0.224722	0.158034	-0.0265768	0.00423984	0.0336233	0.0161237	-0.0221006	-0.0134573	-0.0129331	0.0485768	-0.0475493	0.0494741	-0.0453325	0.0631804	-0.0613835	0.0381062	0.0145509	-0.0816396	0.130542	-0.121094	0.0986876	-0.091264
-5.29806	3.69338	-0.664658	0.364396	0.601926	0.330894	-0.469131	-0.205936	0.147328	0.231307	-0.261358	0.0779858	0.249939	-0.253175	0.237007	-0.388719	0.176131	-0.0678939	-0.0869252	0.095243	0.00873453	-0.0367709	0.0665935	-0.0296036	0.0384949	-0.112834	0.0954413	-0.00736887	-0.0599808	0.103466	-0.104165	0.126409	-0.15481	0.176585	-0.150674	0.0688063	0.0254698	-0.0368483	-0.0396498	0.148333
-5.52871	3.98566	-0.679605	0.23311	0.551063	0.365176	-0.317452	-0.354385	0.292839	0.187666	-0.131603	-0.0905338	0.281867	-0.179067	0.0741829	-0.172597	-0.121941	0.223963	-0.2891	0.187932	-0.0350968	0.00322946	0.0628689	-0.0999309	0.157518	-0.217979	0.195681	-0.118662	0.0645048	-0.00357503	-0.0636089	0.154387	-0.204098	0.199727	-0.144601	0.0672951	-0.000558577	-0.00725686	0.00564401	-0.036075
-5.65411	4.03365	-0.634204	0.37083	0.577514	0.363618	-0.548352	-0.143426	0.317042	0.0604159	-0.201001	0.0596087	0.19951	-0.184653	0.105099	-0.243693	0.0714862	0.0142853	-0.135989	0.138543	-0.0371568	-0.0131051	0.0498905	-0.0148002	0.0198645	-0.106141	0.128427	-0.0521846	-0.00170565	0.00957106	0.0187389	0.00445817	-0.0680015	0.146839	-0.178453	0.130692	-0.0223349	-0.040008	0.00330667	0.128183
-5.71007	3.98459	-0.466386	0.125942	0.623814	0.320282	-0.329247	-0.294672	0.364185	0.155181	-0.174459	0.0179938	0.157387	-0.19639	0.199236	-0.382887	0.0742424	0.0624001	-0.132283	0.066663	0.0254619	-0.00177989	0.00645754	0.0394482	-0.0471279	-0.0109259	0.0437223	-0.00429246	-0.0198266	0.0258507	-0.0311522	0.0818719	-0.116331	0.118301	-0.0962237	0.0637404	-0.0120483	-0.00525127	0.00405896	-0.028962
-5.84024	3.97504	-0.270323	0.14113	0.703729	0.244903	-0.419468	-0.033573	0.12342	0.202151	-0.179669	0.030269	0.0546976	-0.0471894	0.034948	-0.253881	0.0878256	0.0163278	-0.0872464	0.0916337	-0.0811496	0.0511865	0.0419134	-0.0191455	-0.022503	-0.0476199	0.134361	-0.103119	0.0493424	-0.0372946	0.0715893	-0.053794	-0.00794948	0.0966987	-0.173917	0.191562	-0.0919729	-0.0268929	0.0323666	0.120575
-5.90456	4.02396	-0.317027	0.0649297	0.766125	0.140642	-0.245805	-0.0916784	0.302028	0.163627	-0.275999	0.130626	-0.0664197	-0.000245523	0.023545	-0.308684	0.178073	-0.0696552	-0.0734693	0.124205	-0.0966092	0.0306841	0.101808	-0.104373	0.0303923	0.0235065	-0.00231995	-0.00780832	0.0371308	-0.0897166	0.125417	-0.0496987	-0.0690064	0.137573	-0.114168	0.0508109	0.0288067	-0.0408875	-0.0340906	0.147969
-6.48788	4.05901	0.208152	0.442224	0.444328	0.103588	-0.256398	0.0116008	0.145619	-0.013274	-0.0495648	0.308543	-0.230158	-0.297915	0.198247	-0.080567	0.12233	-0.183038	-0.099859	0.247692	-0.107899	-0.0626957	0.11227	-0.0462962	0.080297	-0.0844241	-0.0230577	0.0256387	0.154222	-0.2164	0.143182	-0.0701481	0.054821	-0.0221921	-0.0128615	0.0372126	-0.0434185	0.0585626	-0.0741223	0.0594988
-6.31159	3.87449	-0.00874531	-0.0717341	0.709762	0.29379	-0.615302	0.100701	0.393888	-0.0171393	-0.258167	0.138842	-0.0143221	-0.168453	0.141475	-0.177259	-0.0309719	0.123998	-0.140348	0.117367	-0.0980298	0.0744661	0.0568362	-0.168625	0.181959	-0.0728774	-0.0242887	0.043362	0.0140324	-0.0656182	0.10906	-0.0821649	-0.0151853	0.120286	-0.154423	0.158281	-0.139289	0.0740757	0.0363184	-0.134539
-6.80841	3.63368	0.021582	0.492095	0.784924	0.249259	-0.0660093	0.0447819	0.273905	0.0753893	-0.103692	-0.0546398	0.0812855	-0.340985	-0.0685387	-0.0938657	0.0806521	-0.119482	-0.0260893	0.200314	-0.158809	0.185353	-0.136729	0.0846658	0.0304409	-0.131495	0.201212	-0.135197	0.0442441	-0.0185275	0.0753315	-0.104798	0.0929177	-0.0136062	-0.0306017	0.0629741	-0.0482977	-0.0206623	0.123271	-0.192358
-7.07136	3.56751	0.0637294	0.787233	0.884746	-0.169499	-0.314122	0.294555	0.397286	-0.0815978	-0.201986	-0.0170834	-0.0894168	-0.120518	0.0867623	-0.225556	0.0815895	0.0437969	-0.215248	0.24123	-0.0972743	0.0246949	0.0740697	-0.0643268	0.0606344	-0.0670705	0.0550775	0.00509539	0.00239894	-0.0369386	0.0843331	-0.0847681	0.0236383	0.114449	-0.174815	0.122441	-0.012596	-0.0819416	0.138892	-0.19388
-7.31704	3.30715	-0.226047	0.626858	0.969586	0.273582	0.0799976	0.373271	0.323463	-0.0210587	-0.343938	0.12021	-0.234932	-0.0926661	-0.146426	-0.234815	0.111913	-0.0692456	0.00299187	0.181991	-0.16034	0.0932242	0.0760793	-0.0228633	-0.00152867	0.0169101	-0.0204109	0.00805548	0.0579839	-0.121522	0.178354	-0.156734	0.107859	0.0116512	-0.044933	0.0331661	0.013936	-0.0504294	0.0361012	-0.0613587
-7.86482	3.05741	-0.191726	0.598937	1.10814	0.424775	-0.0419218	0.0043034	0.319537	-0.12901	-0.446538	0.1647	-0.0519789	-0.148623	0.134029	-0.315295	0.135572	-0.0129975	-0.109122	0.1577	-0.14159	0.0370201	0.114747	-0.0553899	0.0475387	0.00453996	-0.0607266	0.0947616	-0.0578628	-0.00287913	0.0703258	-0.0711729	0.0435175	0.0735136	-0.148033	0.1528	-0.110983	0.0234157	0.0332939	-0.106763
-7.75697	1.84855	0.167775	0.292657	0.537351	0.326789	-0.0955179	-0.0622398	0.128881	-0.134378	-0.40373	-0.270222	-0.10843	-0.106726	-0.218499	-0.21063	-0.0157494	0.0418817	0.0100746	0.0201322	0.00343618	0.0885796	0.108967	0.00605734	0.0645386	0.154542	0.129733	0.115661	0.137662	0.177305	0.135045	0.00916621	0.0379958	0.0497279	-0.0166376	0.0633747	0.141389	0.085431	-0.0108344	-0.0344782
-8.63036	1.95274	0.25891	0.405415	0.665522	0.350757	-0.134772	-0.078785	0.144282	-0.109778	-0.355004	-0.216256	-0.0804553	-0.0544662	-0.104082	-0.121462	-0.00350388	0.0730493	0.0239577	-0.0149005	-0.0229025	0.112849	0.167848	0.011838	-0.00829213	0.087069	0.0208378	-0.0577736	-0.0206993	0.153027	0.21199	-0.0108422	-0.0925497	0.0474766	0.0654296	0.020346	0.0427105	0.0502214	0.0292234	-0.126546
-9.3212	1.64279	0.311342	0.465225	0.612536	0.227262	-0.137637	0.0702016	0.242718	0.00883445	-0.144246	0.00671565	0.134409	0.0464361	-0.0393539	0.0647188	0.174729	0.18098	0.108025	0.122146	0.191622	0.255219	0.118934	0.00470128	0.0727125	0.171574	0.0477275	-0.0678912	-0.0425248	0.0931558	0.0705747	0.0064341	0.041735	0.155692	0.106556	-0.0884753	-0.153829	-0.0289034	0.00724073	-0.0702355
-10.1714	1.25473	0.514402	0.505123	0.598201	0.348404	0.0517576	0.166821	0.291496	0.174935	-0.00821958	0.0747282	0.220306	0.221006	0.0937956	0.114933	0.238094	0.280231	0.165962	0.125993	0.175351	0.238843	0.0559013	-0.0545902	0.0806345	0.128546	0.000636333	0.0572934	0.0268523	0.0966378	0.0327047	-0.016008	0.0044563	-0.0252622	-0.00349326	-0.00248345	0.0201639	0.0514716	-0.0580973	-0.0681794
-10.2994	1.14458	0.549469	0.398535	0.393759	0.315615	0.22564	0.255756	0.253994	0.269376	0.207025	0.226713	0.18158	0.197877	0.164646	0.206685	0.163697	0.216468	0.176182	0.150894	0.126782	0.123315	0.155559	0.064977	0.0884744	0.123126	0.0429147	0.0749469	0.0619523	0.0840561	-0.00915173	-0.0315184	0.0490549	0.0581027	0.0167778	-0.0454789	-0.00539047	0.0260391	-0.0504219	-0.0573402
-10.3467	1.15451	0.578746	0.356392	0.375742	0.351016	0.259288	0.290947	0.284964	0.238229	0.190153	0.268148	0.213957	0.246049	0.167874	0.171638	0.130216	0.160425	0.171026	0.13863	0.106415	0.157142	0.209371	0.106096	0.0782092	0.10702	0.0497512	0.0589798	0.0359733	0.0491258	-0.0351679	-0.0484967	0.0341322	0.0248999	0.00964808	-0.0785129	-0.0404055	0.013939	0.0206721	-0.0539568
-10.1655	1.20937	0.547006	0.345431	0.321712	0.301147	0.245239	0.265378	0.208132	0.184876	0.212248	0.234782	0.20579	0.189066	0.163994	0.179834	0.143933	0.149741	0.130682	0.090398	0.0816829	0.0891714	0.115119	0.102487	0.0659716	0.0683451	0.0592242	0.0767229	0.0379044	0.0156903	0.0177658	-0.0227515	0.072603	0.0896611	0.106339	-0.0282105	-0.0508512	-0.046006	-0.0106901	-0.0569865
-10.1624	1.12105	0.455167	0.27477	0.252193	0.215599	0.147402	0.178888	0.162039	0.15567	0.142286	0.13333	0.118937	0.0934341	0.068071	0.0717916	0.0709071	0.119322	0.0755864	0.0306555	0.11323	0.0807989	0.0863287	0.0472171	0.028228	0.0281999	0.0262918	0.0382091	0.0214575	-0.00732566	0.0028646	-0.0802652	-0.0219443	-0.00526668	0.0404108	-0.0804698	-0.0386978	-0.0328383	-0.00490366	-0.0725794
-10.1616	1.2139	0.549028	0.374866	0.366825	0.309652	0.228225	0.263429	0.290821	0.229728	0.164402	0.155079	0.165302	0.197304	0.144182	0.109981	0.115476	0.162397	0.127647	0.105375	0.197537	0.0851837	0.0633495	-0.00129064	0.0576479	0.113887	0.0861453	0.0290764	0.0480286	0.0134162	-0.002731	-0.0766147	-0.0320144	0.0441342	0.0803673	-0.00767043	-0.0198943	-0.0289373	-0.0124345	-0.0144433
-10.4256	1.0529	0.575169	0.436797	0.474796	0.362446	0.282978	0.28146	0.333208	0.252854	0.172872	0.1978	0.165867	0.173997	0.153661	0.147785	0.165767	0.207584	0.225685	0.159065	0.154599	0.123178	0.143737	0.0642464	0.0261127	0.0566568	0.0794987	-0.00465741	0.00794286	0.0350252	-0.011112	-0.165673	-0.098013	-0.0199481	0.00287479	-0.00108809	-0.0153552	-0.015773	-0.0252273	0.0128979
-9.79638	1.38526	0.530151	0.425248	0.33929	0.275265	0.267707	0.217431	0.231766	0.187509	0.190972	0.20442	0.18497	0.169406	0.143456	0.152403	0.158918	0.145817	0.139725	0.131357	0.0932269	0.110088	0.105542	0.0966283	0.0769719	0.0833977	0.0739471	0.0704292	0.0601135	0.0191196	0.0350307	-0.00558993	0.0208403	0.0136318	-0.00486855	-0.0210309	-0.0394706	-0.0163688	-0.0127811	-0.0324305
-9.51374	1.45077	0.501403	0.427597	0.329105	0.288963	0.254019	0.242099	0.219736	0.210207	0.20684	0.192037	0.188754	0.179235	0.174897	0.164084	0.154703	0.156728	0.133265	0.138396	0.11745	0.120069	0.111673	0.0974649	0.0848145	0.0913824	0.0799933	0.0679895	0.0514446	0.0463374	0.0421526	0.0344945	0.0237514	0.018788	0.00555327	-0.000789527	0.000147591	-0.0197331	-0.00756396	-0.0246695
-9.84841	1.359	0.566164	0.436735	0.39672	0.369607	0.298534	0.277895	0.22619	0.292607	0.256587	0.212826	0.207752	0.183453	0.182244	0.187303	0.165765	0.158649	0.136742	0.171219	0.116129	0.119391	0.102963	0.139207	0.122117	0.101665	0.0529731	0.0534594	0.0521484	0.0615447	0.0620176	0.0125101	0.0124334	0.0369921	0.0170348	-0.0214054	0.0121842	0.0155491	-0.0150774	-0.0219505
-9.61183	1.41648	0.516153	0.416258	0.358465	0.302528	0.264019	0.250586	0.216645	0.226036	0.204547	0.204925	0.183571	0.189248	0.186401	0.178916	0.16882	0.15059	0.165274	0.156056	0.124779	0.127568	0.114463	0.133662	0.0915064	0.108704	0.0845148	0.0916133	0.0752847	0.0534993	0.0589083	0.0412476	0.040593	0.0307919	0.012386	-0.0157649	0.0100281	0.00177855	-0.0131339	-0.0191069
-9.67782	1.37659	0.532819	0.402494	0.364427	0.325384	0.279515	0.235633	0.224927	0.244899	0.228766	0.212673	0.211197	0.169921	0.182532	0.142066	0.148645	0.148257	0.182596	0.186839	0.136593	0.123046	0.122946	0.119686	0.0934929	0.0999343	0.111876	0.0668975	0.0760688	0.062336	0.036453	0.0302032	0.0282876	0.0018099	-0.00740885	-0.0265992	-0.00600643	0.00279878	0.0242441	-0.0105909
-10.1991	1.26952	0.61675	0.410379	0.436297	0.406779	0.352607	0.334648	0.289098	0.257843	0.268427	0.268598	0.277672	0.178798	0.196385	0.171073	0.158947	0.126682	0.22134	0.198616	0.140532	0.114765	0.0956201	0.121763	0.103401	0.0644101	0.0564038	0.0342243	0.0471967	0.0323017	-0.00763207	-0.00333476	0.0277606	0.0197916	-0.0106845	-0.0598017	-0.0140503	0.0220102	-0.0335055	-0.0487268
-9.76518	1.4137	0.560422	0.437703	0.353512	0.307966	0.269382	0.270024	0.238181	0.239544	0.218154	0.21825	0.197766	0.21247	0.188485	0.162711	0.172588	0.1541	0.145887	0.14987	0.134514	0.137792	0.0951464	0.105517	0.0763391	0.0705046	0.0865376	0.0502871	0.0545448	0.047114	0.0467936	0.0263736	0.0422897	0.0161136	0.0130572	-0.0246692	-0.000461788	-0.0105683	-0.0389262	-0.00339643
-9.93388	1.38851	0.595229	0.476406	0.40604	0.3382	0.299402	0.295367	0.238781	0.261082	0.235924	0.209517	0.205542	0.204782	0.186734	0.160194	0.159599	0.171418	0.14002	0.110281	0.107928	0.0814693	0.0633203	0.10212	0.07722	0.0504406	0.0323887	0.0617083	0.0385024	0.033095	0.0213544	-0.0386639	0.00154805	-0.018627	-0.00261771	-0.0377892	-0.00154125	-0.0492487	-0.0643346	-0.0449468
-10.1993	1.27073	0.657927	0.517249	0.475928	0.351292	0.326876	0.328642	0.273387	0.309433	0.271687	0.184675	0.217541	0.218825	0.177979	0.147731	0.119469	0.178573	0.130387	0.105497	0.0961798	0.0863915	0.0823902	0.0860263	0.0315514	0.0225662	0.00403053	0.0605788	-0.00293567	0.0118223	0.00300644	-0.000958333	0.0332057	-0.00369275	-0.0109239	0.00726461	0.034398	-0.0347333	-0.0686782	-0.0699317
-9.8352	1.38895	0.567564	0.421354	0.354386	0.297781	0.276183	0.264657	0.246733	0.242988	0.232021	0.202185	0.205324	0.199489	0.181218	0.1836	0.163586	0.197903	0.161495	0.150244	0.119766	0.117196	0.118738	0.122072	0.0878996	0.0808431	0.0924158	0.0958005	0.058035	0.0495306	0.0190144	0.0171597	0.00224409	0.0176931	-0.0130403	-0.0250872	-0.00623761	-0.0288169	-0.0300624	-0.0306299
-10.2847	1.23047	0.663132	0.513067	0.445308	0.341453	0.305716	0.282224	0.291701	0.332788	0.303414	0.245562	0.266189	0.260338	0.238006	0.211273	0.126741	0.154266	0.10405	0.114332	0.145387	0.0923625	0.112182	0.160399	0.0713594	0.0523099	0.123721	0.0942509	-0.0136639	-0.0150643	-0.0439255	0.0279476	-0.00103235	-0.0196805	-0.0309409	-0.0336056	0.0279774	-0.0467826	-0.0576924	-0.035047
-9.82551	1.3613	0.568355	0.435559	0.355914	0.322585	0.304299	0.263394	0.287866	0.287066	0.229563	0.204072	0.202199	0.192634	0.161661	0.139257	0.0834804	0.169646	0.179464	0.16785	0.158348	0.101554	0.114725	0.142452	0.0655688	0.0590217	0.0701293	0.054233	0.0468956	0.0514409	0.0227173	0.0387245	0.0168501	0.0151751	0.0456902	0.0210177	0.00801157	-0.0160111	-0.0587845	-0.0868188
-9.50326	1.44496	0.504869	0.413469	0.334934	0.292921	0.263865	0.234161	0.227761	0.226616	0.197909	0.193841	0.194047	0.202211	0.170323	0.166066	0.143269	0.156788	0.136267	0.142093	0.128357	0.116649	0.116059	0.110898	0.101003	0.0642587	0.0608002	0.0559519	0.0545414	0.0776456	0.0537498	0.0472896	0.0431723	0.0308817	0.0251898	0.0107432	0.001228	0.0151715	0.0258425	0.0245665
-9.71647	1.42107	0.579575	0.455413	0.383988	0.359868	0.318004	0.279731	0.232113	0.216942	0.208046	0.208664	0.179065	0.184607	0.16206	0.169163	0.149241	0.157422	0.162957	0.136816	0.144759	0.133675	0.117726	0.118975	0.0929227	0.0728088	0.0653013	0.0268658	0.0592531	0.0478399	0.0666391	0.0290501	0.00906581	-0.000301779	-0.0201946	-0.0179017	-0.0207735	-0.0138017	-0.0181419	0.00966884
-9.53981	1.42959	0.46504	0.388634	0.296777	0.259281	0.232466	0.221485	0.202275	0.201002	0.18815	0.189234	0.179047	0.188905	0.172755	0.180282	0.170123	0.172269	0.167456	0.169164	0.158238	0.148383	0.146978	0.141314	0.134594	0.119918	0.127405	0.0923333	0.089827	0.0747524	0.0710987	0.0572282	0.0474992	0.0372421	0.0274348	0.0114719	0.0100212	-0.000306855	0.00166095	-0.0131747
-9.6345	1.40146	0.508152	0.416376	0.328238	0.265666	0.207512	0.245368	0.202533	0.232194	0.189596	0.199116	0.161101	0.203966	0.207884	0.171051	0.173761	0.138124	0.133317	0.142666	0.142079	0.150097	0.108618	0.12722	0.0891467	0.0837547	0.102948	0.0862968	0.0671663	0.0641707	0.0541098	0.0608451	0.0441289	0.0425384	0.0149132	-0.00508089	0.0200771	0.0179044	-0.0112655	-0.0213342
-10.2237	1.23585	0.592011	0.471539	0.451624	0.343568	0.247858	0.256272	0.266636	0.270305	0.226914	0.234341	0.238471	0.267224	0.155646	0.161595	0.188536	0.16256	0.14065	0.164649	0.139041	0.132758	0.14028	0.219509	0.0802763	0.02918	0.0964146	0.0910026	0.0203031	0.0465588	0.0250557	0.0322304	0.0407557	0.0426385	0.0216591	-0.0167305	-0.024077	-0.0551906	-0.0388116	-0.0513518
-10.0153	1.33934	0.574588	0.415609	0.387082	0.35412	0.296503	0.247541	0.23893	0.245513	0.240045	0.22211	0.191264	0.222254	0.145431	0.166613	0.181298	0.168647	0.152763	0.123853	0.103136	0.127638	0.143622	0.143605	0.0408589	0.0689434	0.0482073	0.0881272	0.0136975	0.00756659	0.0204724	-0.00387673	0.0218511	0.0345275	-0.0190143	-0.0424178	-0.0318077	-0.0811574	-0.0171708	-0.0432752
-9.90563	1.32449	0.537764	0.379774	0.33985	0.311309	0.252668	0.224595	0.200022	0.192952	0.192841	0.19777	0.184179	0.176646	0.131098	0.143789	0.144857	0.128049	0.133565	0.0968796	0.0675892	0.125647	0.101694	0.114943	0.0241884	0.0713981	0.0351981	0.0685518	0.0027241	0.0148038	0.0131189	0.00207788	0.0143411	0.00954983	0.0193319	-0.0469531	-0.037021	-0.0602697	-0.0127986	-0.0242334
-10.2217	1.14824	0.589036	0.442795	0.360646	0.322009	0.258219	0.257075	0.249664	0.230274	0.192935	0.196086	0.175575	0.151218	0.138588	0.144106	0.126085	0.120947	0.122595	0.0708966	0.0901215	0.115537	0.102967	0.0609858	-0.0195995	0.0240296	0.02376	0.0483351	0.00592329	0.0301047	-0.0263078	-0.0174414	-0.0166045	-0.0564097	-0.00318656	-0.0297052	-0.0587652	-0.0652137	-0.00149506	-0.0483573
-10.3177	1.11157	0.608921	0.425428	0.424869	0.334165	0.277978	0.281741	0.242443	0.243856	0.229016	0.223168	0.226873	0.167798	0.1485	0.188509	0.207367	0.106702	0.129147	0.117801	0.111374	0.104839	0.0979339	0.0795388	0.0338193	0.0413295	0.0556277	0.0483143	0.0109158	0.0489203	0.0522718	0.0868316	0.00204587	-0.023989	-0.0127051	0.00384473	-0.0092008	-0.00379162	-0.00774954	-0.063591
-8.89811	1.44107	0.476308	0.361492	0.322177	0.213053	0.21856	0.166845	0.169363	0.142233	0.147479	0.107559	0.113218	0.0987416	0.103028	0.0926633	0.0720618	0.0643503	0.0706891	0.0642145	0.068379	0.0384517	0.0384452	0.061128	0.0266383	0.0341042	0.0145463	0.0365012	0.0229853	0.0172876	0.0444312	0.0251112	0.0236221	-0.00468371	-0.0110743	0.0130978	0.00988295	-0.0066675	-0.00469088	-0.0260582
-8.21757	1.38735	0.456452	0.326715	0.292612	0.181955	0.187784	0.136511	0.13797	0.111522	0.115543	0.0791101	0.0842865	0.0703322	0.0733893	0.0646542	0.0475403	0.0418567	0.0462668	0.0399638	0.0445884	0.020949	0.0212897	0.0395008	0.0115162	0.0212137	0.00404616	0.0223681	0.0104736	0.00600621	0.0253714	0.00989693	0.0130331	-0.0045409	-0.00834498	0.00781342	0.00409031	-0.00523865	-0.000586804	-0.0165837
