5.820249999999999702e+00
5.820249999999999702e+00
5.820249999999999702e+00
5.820249999999999702e+00
5.820249999999999702e+00
5.820249999999999702e+00
5.820249999999999702e+00
5.820249999999999702e+00
5.820249999999999702e+00
5.820249999999999702e+00
5.820249999999999702e+00
5.820249999999999702e+00
5.820249999999999702e+00
5.820249999999999702e+00
5.820249999999999702e+00
5.820249999999999702e+00
5.820249999999999702e+00
5.820249999999999702e+00
5.820249999999999702e+00
5.820249999999999702e+00
5.820249999999999702e+00
5.820249999999999702e+00
5.820249999999999702e+00
5.820249999999999702e+00
5.820249999999999702e+00
5.820249999999999702e+00
5.820249999999999702e+00
5.820249999999999702e+00
5.820249999999999702e+00
5.820249999999999702e+00
5.820249999999999702e+00
5.820249999999999702e+00
5.820249999999999702e+00
5.820249999999999702e+00
5.820249999999999702e+00
5.820249999999999702e+00
5.820249999999999702e+00
5.820249999999999702e+00
5.820249999999999702e+00
5.820249999999999702e+00
5.820249999999999702e+00
5.820249999999999702e+00
5.820249999999999702e+00
5.820249999999999702e+00
5.820249999999999702e+00
5.820249999999999702e+00
5.820249999999999702e+00
5.820249999999999702e+00
5.820249999999999702e+00
5.820249999999999702e+00
5.820249999999999702e+00
5.820249999999999702e+00
5.820249999999999702e+00
5.820249999999999702e+00
5.820249999999999702e+00
5.820249999999999702e+00
5.820249999999999702e+00
5.820249999999999702e+00
5.820249999999999702e+00
5.820249999999999702e+00
5.820249999999999702e+00
5.820249999999999702e+00
5.820249999999999702e+00
5.820249999999999702e+00
5.820249999999999702e+00
5.816950000000000287e+00
5.813200000000000145e+00
5.809730000000000061e+00
5.806390000000000384e+00
5.802649999999999864e+00
5.798399999999999999e+00
5.794520000000000337e+00
5.791009999999999991e+00
5.787149999999999572e+00
5.782029999999999781e+00
5.775079999999999991e+00
5.767570000000000086e+00
5.760839999999999961e+00
5.755130000000000301e+00
5.749920000000000364e+00
5.744320000000000093e+00
5.737519999999999953e+00
5.729260000000000019e+00
5.718740000000000379e+00
5.705849999999999866e+00
5.691329999999999778e+00
5.675930000000000142e+00
5.659709999999999575e+00
5.642549999999999955e+00
5.624699999999999811e+00
5.606250000000000178e+00
5.586920000000000108e+00
5.566469999999999807e+00
5.544279999999999653e+00
5.521080000000000432e+00
5.499629999999999797e+00
5.481160000000000032e+00
5.465329999999999799e+00
5.451430000000000220e+00
5.438620000000000232e+00
5.425080000000000346e+00
5.405870000000000175e+00
5.367989999999999817e+00
5.338420000000000165e+00
5.348980000000000068e+00
5.364110000000000156e+00
5.366100000000000314e+00
5.368090000000000472e+00
5.370079999999999742e+00
5.372069999999999901e+00
5.374060000000000059e+00
5.376050000000000217e+00
5.378040000000000376e+00
5.380030000000000534e+00
5.382020000000000692e+00
5.384009999999999962e+00
5.386000000000000121e+00
5.387990000000000279e+00
5.389980000000000437e+00
5.391970000000000596e+00
5.393960000000000754e+00
5.395950000000000024e+00
5.397940000000000182e+00
5.399930000000000341e+00
5.392489999999999561e+00
5.382670000000000066e+00
5.370870000000000033e+00
5.357179999999999609e+00
5.341090000000000337e+00
5.324880000000000280e+00
5.312140000000000306e+00
5.301989999999999981e+00
5.292589999999999684e+00
5.282790000000000319e+00
5.273439999999999905e+00
5.266099999999999781e+00
5.260290000000000354e+00
5.253400000000000070e+00
5.241859999999999964e+00
5.219430000000000014e+00
5.201550000000000118e+00
5.191790000000000127e+00
5.184210000000000207e+00
5.177109999999999879e+00
5.169299999999999784e+00
5.160300000000000331e+00
5.149580000000000268e+00
5.136300000000000310e+00
5.120140000000000136e+00
5.103650000000000020e+00
5.089529999999999887e+00
5.079909999999999926e+00
5.074250000000000149e+00
5.071720000000000006e+00
5.072250000000000369e+00
5.077160000000000117e+00
5.092279999999999696e+00
5.114810000000000301e+00
5.121620000000000061e+00
5.122950000000000337e+00
5.125270000000000437e+00
5.131719999999999615e+00
5.139960000000000306e+00
5.149320000000000341e+00
5.164259999999999629e+00
5.191769999999999996e+00
5.213829999999999742e+00
5.213062499999999488e+00
5.212295000000000122e+00
5.211527499999999868e+00
5.210759999999999614e+00
5.209992500000000248e+00
5.209224999999999994e+00
5.208457499999999740e+00
5.207690000000000374e+00
5.206922500000000120e+00
5.206154999999999866e+00
5.205387500000000500e+00
5.204620000000000246e+00
5.200759999999999827e+00
5.197499999999999787e+00
5.191790000000000127e+00
5.183360000000000412e+00
5.173490000000000144e+00
5.162689999999999557e+00
5.150009999999999977e+00
5.137990000000000279e+00
5.128870000000000040e+00
5.120169999999999888e+00
5.110999999999999766e+00
5.108310000000000350e+00
5.114029999999999632e+00
5.121940000000000381e+00
5.131359999999999921e+00
5.145749999999999602e+00
5.163369999999999571e+00
5.176300000000000345e+00
5.182339999999999947e+00
5.184789999999999566e+00
5.186950000000000394e+00
5.190240000000000187e+00
5.194239999999999746e+00
5.197530000000000427e+00
5.198540000000000383e+00
5.196240000000000414e+00
5.215543750000000145e+00
5.234847500000000764e+00
5.254151250000000495e+00
5.273455000000000226e+00
5.292758749999999957e+00
5.312062499999999687e+00
5.331366250000000306e+00
5.350670000000000037e+00
5.357649999999999579e+00
5.359399999999999942e+00
5.358039999999999914e+00
5.352470000000000283e+00
5.341470000000000162e+00
5.321130000000000138e+00
5.293149999999999800e+00
5.262100000000000222e+00
5.216409999999999769e+00
5.200849999999999973e+00
5.190909999999999691e+00
5.182400000000000340e+00
5.180419999999999803e+00
5.193789999999999907e+00
5.205440000000000289e+00
5.218556666666667176e+00
5.231673333333333176e+00
5.244790000000000063e+00
5.257906666666666951e+00
5.271023333333333838e+00
5.284139999999999837e+00
5.297256666666666725e+00
5.310373333333333612e+00
5.323490000000000499e+00
5.336606666666666499e+00
5.349723333333333386e+00
5.362840000000000273e+00
5.375956666666667161e+00
5.389073333333333160e+00
5.402190000000000047e+00
5.400929999999999787e+00
5.398579999999999934e+00
5.394820000000000171e+00
5.389540000000000219e+00
5.381759999999999877e+00
5.371800000000000352e+00
5.360560000000000436e+00
5.349739999999999718e+00
5.340019999999999989e+00
5.331299999999999706e+00
5.322259999999999991e+00
5.310929999999999929e+00
5.292910000000000004e+00
5.267900000000000027e+00
5.251629999999999576e+00
5.242239999999999789e+00
5.237669999999999604e+00
5.240789999999999615e+00
5.251710000000000100e+00
5.260629999999999917e+00
5.259319999999999773e+00
5.260468571428571494e+00
5.261617142857142326e+00
5.262765714285714047e+00
5.263914285714285768e+00
5.265062857142857489e+00
5.266211428571428321e+00
5.267360000000000042e+00
5.268508571428571763e+00
5.269657142857142595e+00
5.270805714285714316e+00
5.271954285714286037e+00
5.273102857142857758e+00
5.274251428571428590e+00
5.275400000000000311e+00
5.276839999999999975e+00
5.274350000000000094e+00
5.267850000000000144e+00
5.258659999999999890e+00
5.248700000000000365e+00
5.238739999999999952e+00
5.228580000000000005e+00
5.218770000000000131e+00
5.209760000000000169e+00
5.200510000000000410e+00
5.190479999999999983e+00
5.181049999999999933e+00
5.174419999999999575e+00
5.095690000000000275e+00
5.094870000000000232e+00
5.093950000000000422e+00
5.092249999999999943e+00
5.088429999999999787e+00
5.076459999999999972e+00
5.083576470588234919e+00
5.090692941176470754e+00
5.097809411764705700e+00
5.104925882352941535e+00
5.112042352941176482e+00
5.119158823529411428e+00
5.126275294117647263e+00
5.133391764705882210e+00
5.140508235294118045e+00
5.147624705882352991e+00
5.154741176470588826e+00
5.161857647058823773e+00
5.168974117647058719e+00
5.176090588235294554e+00
5.183207058823529501e+00
5.190323529411765335e+00
5.197440000000000282e+00
5.197709999999999830e+00
5.194569999999999688e+00
5.190030000000000143e+00
5.183659999999999712e+00
5.176820000000000199e+00
5.170499999999999652e+00
5.166199999999999903e+00
5.163269999999999804e+00
5.161850000000000271e+00
5.161369999999999791e+00
5.161260000000000403e+00
5.160980000000000345e+00
5.160280000000000200e+00
5.159139999999999837e+00
5.157490000000000130e+00
5.155149999999999899e+00
5.152029999999999887e+00
5.148600000000000065e+00
5.144849999999999923e+00
5.140649999999999942e+00
5.137059999999999960e+00
5.134129999999999860e+00
5.131429999999999936e+00
5.128989999999999938e+00
5.127040000000000042e+00
5.125790000000000290e+00
5.125000000000000000e+00
5.124039999999999928e+00
5.122359999999999580e+00
5.119740000000000180e+00
5.116929999999999978e+00
5.114169999999999661e+00
5.111080000000000290e+00
5.107569999999999943e+00
5.104330000000000034e+00
5.101549999999999585e+00
5.100229999999999819e+00
5.101779999999999760e+00
5.103989999999999583e+00
5.104140000000000121e+00
5.102820000000000356e+00
5.102070000000000327e+00
5.104190000000000005e+00
5.108649999999999913e+00
5.110289999999999999e+00
5.100299999999999834e+00
5.088320000000000398e+00
5.080809999999999604e+00
5.075949999999999740e+00
5.073070000000000412e+00
5.070719999999999672e+00
5.067610000000000170e+00
5.063250000000000028e+00
5.060330000000000439e+00
5.059910000000000352e+00
5.059999999999999609e+00
5.060170000000000279e+00
5.061939999999999884e+00
5.064779999999999838e+00
5.067689999999999806e+00
5.085270000000000401e+00
5.109110000000000262e+00
5.115009999999999835e+00
5.120020000000000238e+00
5.127419999999999867e+00
5.136389999999999567e+00
5.144999999999999574e+00
5.152619999999999756e+00
5.159559999999999924e+00
5.165420000000000122e+00
5.170189999999999841e+00
5.278629999999999711e+00
5.275830000000000020e+00
5.275220000000000020e+00
5.272669999999999746e+00
5.264120000000000132e+00
5.264120000000000132e+00
5.264120000000000132e+00
5.264120000000000132e+00
5.264120000000000132e+00
5.264120000000000132e+00
5.264120000000000132e+00
5.264120000000000132e+00
5.264120000000000132e+00
5.264120000000000132e+00
5.264120000000000132e+00
5.264120000000000132e+00
5.264120000000000132e+00
5.264120000000000132e+00
5.264120000000000132e+00
5.264120000000000132e+00
5.264120000000000132e+00
5.264120000000000132e+00
5.264120000000000132e+00
5.264120000000000132e+00
5.264120000000000132e+00
5.264120000000000132e+00
5.264120000000000132e+00
5.264120000000000132e+00
5.264120000000000132e+00
5.264120000000000132e+00
5.264120000000000132e+00
5.264120000000000132e+00
5.264120000000000132e+00
5.264120000000000132e+00
5.264120000000000132e+00
5.264120000000000132e+00
5.264120000000000132e+00
5.264120000000000132e+00
5.264120000000000132e+00
5.264120000000000132e+00
5.264120000000000132e+00
5.264120000000000132e+00
5.264120000000000132e+00
5.264120000000000132e+00
5.264120000000000132e+00
5.264120000000000132e+00
5.264120000000000132e+00
5.264120000000000132e+00
5.264120000000000132e+00
5.264120000000000132e+00
5.264120000000000132e+00
5.264120000000000132e+00
5.264120000000000132e+00
5.264120000000000132e+00
5.264120000000000132e+00
5.264120000000000132e+00
5.264120000000000132e+00
5.264120000000000132e+00
5.264120000000000132e+00
5.264120000000000132e+00
5.264120000000000132e+00
5.264120000000000132e+00
5.264120000000000132e+00
5.264120000000000132e+00
5.264120000000000132e+00
5.264120000000000132e+00
5.264120000000000132e+00
5.264120000000000132e+00
5.264120000000000132e+00
5.264120000000000132e+00
5.264120000000000132e+00
5.264120000000000132e+00
5.264120000000000132e+00
5.264120000000000132e+00
5.264120000000000132e+00
5.264120000000000132e+00
5.264120000000000132e+00
5.264120000000000132e+00
5.264120000000000132e+00
5.264120000000000132e+00
5.264120000000000132e+00
