-1e+10
-1e+10
-1e+10
-1e+10
-1e+10
-1e+10
-1e+10
-1e+10
-1e+10
-1e+10
-1e+10
-1e+10
-1e+10
-1e+10
-1e+10
-1e+10
-1e+10
-1e+10
-1e+10
-1e+10
-1e+10
-1e+10
-1e+10
-1e+10
-1e+10
-1e+10
-1e+10
-1e+10
-1e+10
-1e+10
-1e+10
-1e+10
-1e+10
-1e+10
-1e+10
-1e+10
-1e+10
-1e+10
-1e+10
-1e+10
-1e+10
-1e+10
-1e+10
-1e+10
-1e+10
-1e+10
-1e+10
-1e+10
-1e+10
-1e+10
-1e+10
-1e+10
-1e+10
-1e+10
-1e+10
-1e+10
-1e+10
-1e+10
-1e+10
-1e+10
-1e+10
-1e+10
-1e+10
-1e+10
-1e+10
-1e+10
-1e+10
-1e+10
-1e+10
-1e+10
-1e+10
-1e+10
-1e+10
-1e+10
-1e+10
-1e+10
5.4093
5.39798
5.39022
5.38596
5.38299
5.38041
5.37719
5.37167
5.35928
5.33582
5.31574
5.2714
5.24317
5.22876
5.21757
5.20862
5.20162
5.19642
5.19269
5.19001
-1e+10
-1e+10
-1e+10
-1e+10
-1e+10
-1e+10
-1e+10
-1e+10
-1e+10
-1e+10
-1e+10
-1e+10
-1e+10
-1e+10
-1e+10
-1e+10
-1e+10
-1e+10
-1e+10
-1e+10
-1e+10
-1e+10
5.32799
5.29901
5.27356
5.25714
5.23975
5.22386
5.20872
5.19058
5.17471
5.16881
5.17153
5.17575
5.17733
5.17605
5.17368
5.17205
5.17134
5.17043
5.16841
5.16576
5.16386
5.16393
5.16609
5.1694
5.17359
5.17997
5.18893
5.19681
5.19838
5.19179
5.18095
5.17306
5.1713
5.17329
5.17587
5.17776
5.17934
5.18149
5.18448
5.18784
5.19059
5.19141
5.18888
5.18296
5.17866
5.18583
5.20542
5.22487
5.23642
5.23938
5.23587
5.23027
5.22583
5.22277
5.22044
5.21851
5.21819
5.2222
5.22772
5.22132
5.20604
5.19681
5.1914
5.18708
5.18306
5.1803
5.1788
5.17724
5.17522
5.17324
5.17129
5.16901
5.16621
5.1628
5.15898
5.15491
5.15082
5.14735
5.14496
5.14412
5.146
5.15141
5.1593
5.16714
5.17335
5.17807
5.18109
5.18109
5.17529
5.15855
5.14524
5.14389
5.14571
5.14509
5.13876
5.12994
5.12469
5.12318
5.12385
5.12471
5.12373
-1e+10
-1e+10
-1e+10
-1e+10
-1e+10
-1e+10
-1e+10
-1e+10
-1e+10
-1e+10
-1e+10
-1e+10
-1e+10
-1e+10
-1e+10
-1e+10
-1e+10
-1e+10
-1e+10
-1e+10
-1e+10
-1e+10
-1e+10
-1e+10
-1e+10
-1e+10
-1e+10
5.21951
5.22749
5.22927
5.22523
5.21477
5.1983
5.181
5.16714
5.15273
5.13567
5.12314
5.11559
5.10993
5.10487
5.10009
5.09618
5.09293
5.08709
-1e+10
-1e+10
-1e+10
-1e+10
-1e+10
-1e+10
-1e+10
-1e+10
-1e+10
-1e+10
-1e+10
-1e+10
-1e+10
-1e+10
-1e+10
-1e+10
-1e+10
-1e+10
-1e+10
-1e+10
-1e+10
-1e+10
-1e+10
-1e+10
-1e+10
-1e+10
-1e+10
-1e+10
-1e+10
-1e+10
-1e+10
-1e+10
-1e+10
-1e+10
-1e+10
-1e+10
-1e+10
-1e+10
-1e+10
-1e+10
-1e+10
-1e+10
-1e+10
-1e+10
-1e+10
-1e+10
-1e+10
-1e+10
-1e+10
-1e+10
-1e+10
-1e+10
-1e+10
-1e+10
-1e+10
-1e+10
-1e+10
-1e+10
-1e+10
-1e+10
-1e+10
-1e+10
-1e+10
-1e+10
-1e+10
-1e+10
-1e+10
-1e+10
-1e+10
-1e+10
-1e+10
-1e+10
-1e+10
-1e+10
-1e+10
-1e+10
-1e+10
-1e+10
-1e+10
-1e+10
-1e+10
-1e+10
-1e+10
-1e+10
-1e+10
-1e+10
-1e+10
-1e+10
-1e+10
-1e+10
-1e+10
-1e+10
-1e+10
-1e+10
-1e+10
-1e+10
-1e+10
-1e+10
-1e+10
-1e+10
-1e+10
-1e+10
-1e+10
-1e+10
