-1e+10
-1e+10
-1e+10
-1e+10
-1e+10
-1e+10
-1e+10
-1e+10
-1e+10
-1e+10
-1e+10
-1e+10
-1e+10
-1e+10
-1e+10
-1e+10
-1e+10
-1e+10
-1e+10
-1e+10
-1e+10
-1e+10
-1e+10
-1e+10
-1e+10
-1e+10
-1e+10
-1e+10
5.50375
5.48552
5.43386
5.43376
5.43673
5.44085
5.44673
5.46094
5.47661
5.48713
5.49621
5.50671
5.51886
5.53446
5.55013
5.55883
5.56377
5.56475
5.56106
5.54905
5.52433
5.49831
5.47645
5.45933
5.44538
5.43355
5.42519
5.41443
-1e+10
-1e+10
5.57837
5.58818
5.58926
5.58807
5.58608
5.58327
5.57916
5.57314
5.56522
5.55537
5.53818
5.50957
5.49913
5.49497
5.49164
5.48724
5.48058
5.47303
5.46453
5.45687
5.44908
5.4423
5.43558
5.43099
5.42929
5.42924
5.42646
5.42076
5.41567
5.41198
5.40883
5.40542
5.4011
5.39582
5.39055
5.38584
5.38129
5.37674
5.37246
5.36907
5.36635
5.36134
5.35424
5.35025
5.3502
5.35215
5.35392
5.35432
5.35338
5.35178
5.35005
5.34837
5.34664
5.34452
5.34161
5.33801
5.33401
5.32949
5.32391
5.31612
5.30541
5.29072
5.27228
5.26295
5.26067
5.2564
5.24682
5.23455
5.22437
5.22116
-1e+10
-1e+10
-1e+10
-1e+10
-1e+10
-1e+10
-1e+10
-1e+10
-1e+10
5.34947
5.30692
5.28706
5.27428
5.26706
5.26329
5.26042
5.25553
5.24546
5.22862
5.20816
5.19108
5.17685
5.16871
5.16583
5.16284
5.15894
5.15402
5.14734
5.13836
5.12727
5.116
5.10949
5.11537
5.1412
-1e+10
-1e+10
-1e+10
-1e+10
-1e+10
-1e+10
-1e+10
-1e+10
-1e+10
-1e+10
5.35899
5.35028
5.34872
5.34997
5.35069
5.34745
5.33898
5.32816
5.31938
5.3133
5.30874
5.30325
5.29637
5.28809
5.28015
5.27334
5.2676
5.26248
5.25797
5.25405
5.25126
5.24929
5.24723
5.24398
5.23893
5.23205
5.22339
5.21335
5.20299
5.19318
5.18368
5.17327
5.16194
5.15187
5.14458
4.44359
4.44004
4.43774
4.43674
4.43693
4.43767
4.43928
4.44364
4.44875
4.45059
4.45102
4.45179
4.4531
4.45381
4.4531
4.45122
4.44931
4.44795
4.42798
4.42971
4.44108
4.45462
4.46227
4.46521
4.46646
4.46842
-1e+10
-1e+10
-1e+10
-1e+10
-1e+10
-1e+10
-1e+10
-1e+10
-1e+10
-1e+10
-1e+10
-1e+10
-1e+10
-1e+10
-1e+10
-1e+10
-1e+10
-1e+10
-1e+10
-1e+10
-1e+10
-1e+10
-1e+10
-1e+10
-1e+10
-1e+10
-1e+10
-1e+10
-1e+10
-1e+10
-1e+10
-1e+10
-1e+10
-1e+10
-1e+10
-1e+10
-1e+10
-1e+10
-1e+10
-1e+10
-1e+10
-1e+10
-1e+10
-1e+10
-1e+10
