-1e+10
-1e+10
-1e+10
-1e+10
-1e+10
-1e+10
-1e+10
-1e+10
-1e+10
-1e+10
-1e+10
-1e+10
-1e+10
-1e+10
-1e+10
-1e+10
-1e+10
-1e+10
-1e+10
-1e+10
-1e+10
-1e+10
-1e+10
-1e+10
-1e+10
-1e+10
-1e+10
-1e+10
-1e+10
-1e+10
-1e+10
-1e+10
-1e+10
-1e+10
-1e+10
5.54424
5.54223
5.54294
5.54437
5.54533
5.54503
5.5431
5.5397
5.53569
5.53464
5.53892
5.54368
5.54568
5.54526
5.54358
5.54197
5.54131
5.54149
5.54191
5.54232
5.54278
5.5432
5.54342
5.5438
5.5452
5.54808
5.55185
5.5559
5.56048
5.56609
5.57249
5.57892
5.58535
5.59354
5.60289
5.61532
5.62978
5.64307
5.65476
5.6654
5.67395
5.68208
5.68901
5.69513
5.70204
5.70869
5.71525
5.7224
5.72851
5.73412
5.7398
5.74415
5.74661
5.74755
5.74724
5.7459
5.74356
5.73967
5.73303
5.7213
5.69316
5.65004
5.60202
5.55387
5.52266
5.50074
5.48044
5.45942
5.43764
5.41557
5.39421
5.3758
5.36282
5.35476
5.34998
5.34829
5.35573
5.37962
5.41564
5.41387
-1e+10
-1e+10
-1e+10
-1e+10
-1e+10
-1e+10
-1e+10
-1e+10
-1e+10
-1e+10
-1e+10
-1e+10
-1e+10
-1e+10
-1e+10
-1e+10
-1e+10
-1e+10
-1e+10
-1e+10
-1e+10
-1e+10
-1e+10
-1e+10
-1e+10
-1e+10
-1e+10
-1e+10
-1e+10
-1e+10
5.19691
5.19997
5.2039
5.20602
5.20634
5.20586
5.20518
5.20349
5.19939
5.19228
5.18316
5.17343
5.16439
5.15746
5.15361
5.15213
5.15147
5.15026
5.14807
5.14542
5.14276
4.48211
4.48569
4.4803
4.47634
4.4755
4.47178
4.46054
4.44708
4.44024
4.43872
4.43126
4.41903
4.4136
4.41071
4.40878
4.44283
4.44373
4.4444
4.4457
5.15486
5.17933
5.18867
5.19913
5.21144
5.22052
5.22729
5.23371
5.23921
5.24495
5.25532
5.27573
5.29448
5.31427
5.33428
5.34995
5.36349
5.37414
5.3821
5.38929
5.39667
5.40541
5.41585
5.42853
5.44586
5.47193
5.50316
5.52018
5.52526
5.52369
-1e+10
-1e+10
-1e+10
-1e+10
-1e+10
-1e+10
-1e+10
-1e+10
-1e+10
-1e+10
-1e+10
-1e+10
-1e+10
-1e+10
-1e+10
-1e+10
-1e+10
-1e+10
-1e+10
-1e+10
-1e+10
-1e+10
-1e+10
-1e+10
-1e+10
-1e+10
-1e+10
-1e+10
-1e+10
-1e+10
-1e+10
-1e+10
-1e+10
