1.244130000000000109e+03
1.244130000000000109e+03
1.244130000000000109e+03
1.244130000000000109e+03
1.244130000000000109e+03
1.244130000000000109e+03
1.244130000000000109e+03
1.244130000000000109e+03
1.244130000000000109e+03
1.244130000000000109e+03
1.244130000000000109e+03
1.244130000000000109e+03
1.244130000000000109e+03
1.244130000000000109e+03
1.244130000000000109e+03
1.244130000000000109e+03
1.244130000000000109e+03
1.244130000000000109e+03
1.244130000000000109e+03
1.244130000000000109e+03
1.244130000000000109e+03
1.244130000000000109e+03
1.244130000000000109e+03
1.244130000000000109e+03
1.244130000000000109e+03
1.244130000000000109e+03
1.244130000000000109e+03
1.244130000000000109e+03
1.244130000000000109e+03
1.244130000000000109e+03
1.244130000000000109e+03
1.244130000000000109e+03
1.244130000000000109e+03
1.244130000000000109e+03
1.244130000000000109e+03
1.244130000000000109e+03
1.244130000000000109e+03
1.244130000000000109e+03
1.244130000000000109e+03
1.244130000000000109e+03
1.244130000000000109e+03
1.244130000000000109e+03
1.244130000000000109e+03
1.244130000000000109e+03
1.244130000000000109e+03
1.244130000000000109e+03
1.244130000000000109e+03
1.244130000000000109e+03
1.244130000000000109e+03
1.244130000000000109e+03
1.244130000000000109e+03
1.244130000000000109e+03
1.244130000000000109e+03
1.244130000000000109e+03
1.244130000000000109e+03
1.244130000000000109e+03
1.244130000000000109e+03
1.244130000000000109e+03
1.244130000000000109e+03
1.244130000000000109e+03
1.244130000000000109e+03
1.244130000000000109e+03
1.244130000000000109e+03
1.244130000000000109e+03
1.244130000000000109e+03
1.244130000000000109e+03
1.562500000000000000e+03
4.375000000000000000e+03
4.406250000000000000e+03
4.421880000000000109e+03
5.452439999999999600e+03
5.452439999999999600e+03
5.452439999999999600e+03
5.249619999999999891e+03
3.369750000000000000e+03
1.543819999999999936e+03
1.543819999999999936e+03
1.334500000000000000e+03
1.334500000000000000e+03
1.671880000000000109e+03
1.671880000000000109e+03
1.334500000000000000e+03
1.330309999999999945e+03
1.326120000000000118e+03
1.321930000000000064e+03
1.317740000000000009e+03
1.313549999999999955e+03
1.309360000000000127e+03
1.305170000000000073e+03
1.300980000000000018e+03
1.296789999999999964e+03
1.292600000000000136e+03
1.288410000000000082e+03
1.284220000000000027e+03
1.280029999999999973e+03
1.275840000000000146e+03
1.271650000000000091e+03
4.078119999999999891e+03
4.484380000000000109e+03
5.796880000000000109e+03
6.515619999999999891e+03
6.515619999999999891e+03
6.515619999999999891e+03
6.200516666666666424e+03
5.885413333333332957e+03
5.570309999999999491e+03
5.255206666666666933e+03
4.940103333333333467e+03
4.625000000000000000e+03
4.884970000000000255e+03
4.884970000000000255e+03
4.625000000000000000e+03
4.367189999999999600e+03
4.269529999999999745e+03
1.007840000000000032e+03
1.015378000000000043e+03
1.022916000000000054e+03
1.030453999999999951e+03
1.037991999999999962e+03
1.045529999999999973e+03
1.053067999999999984e+03
1.060605999999999995e+03
1.068144000000000005e+03
1.075682000000000016e+03
1.083220000000000027e+03
3.004909999999999854e+03
5.218750000000000000e+03
5.916079999999999927e+03
6.644020000000000437e+03
6.644020000000000437e+03
6.644020000000000437e+03
7.035819999999999709e+03
7.035819999999999709e+03
6.710939999999999600e+03
6.710939999999999600e+03
6.674460000000000036e+03
6.674460000000000036e+03
6.710939999999999600e+03
6.994989999999999782e+03
6.994989999999999782e+03
7.277000000000000000e+03
6.994989999999999782e+03
3.447679999999999836e+03
3.447679999999999836e+03
3.484599999999999909e+03
3.484599999999999909e+03
6.367229999999999563e+03
6.367229999999999563e+03
6.367229999999999563e+03
3.632809999999999945e+03
3.038250000000000000e+03
3.038250000000000000e+03
3.038250000000000000e+03
3.594860000000000127e+03
3.416420000000000073e+03
3.594860000000000127e+03
3.594860000000000127e+03
4.273439999999999600e+03
4.273439999999999600e+03
4.273439999999999600e+03
4.273439999999999600e+03
3.937500000000000000e+03
3.937500000000000000e+03
5.039060000000000400e+03
5.039060000000000400e+03
5.039060000000000400e+03
6.343300000000000182e+03
5.039060000000000400e+03
3.574130000000000109e+03
5.968750000000000000e+03
5.968750000000000000e+03
3.574130000000000109e+03
3.526849999999999909e+03
2.609380000000000109e+03
2.609380000000000109e+03
2.416590000000000146e+03
2.416590000000000146e+03
1.917970000000000027e+03
1.641400000000000091e+03
1.623690000000000055e+03
1.623690000000000055e+03
1.623690000000000055e+03
1.623690000000000055e+03
2.261719999999999800e+03
2.261719999999999800e+03
2.261719999999999800e+03
1.582029999999999973e+03
1.361210000000000036e+03
1.361210000000000036e+03
1.155529999999999973e+03
1.149240000000000009e+03
1.031740000000000009e+03
1.026240000000000009e+03
1.026240000000000009e+03
1.031740000000000009e+03
1.026240000000000009e+03
1.007809999999999945e+03
1.007809999999999945e+03
1.007809999999999945e+03
1.007809999999999945e+03
1.007809999999999945e+03
1.007809999999999945e+03
1.007809999999999945e+03
1.007809999999999945e+03
1.007809999999999945e+03
1.007809999999999945e+03
1.007809999999999945e+03
1.007809999999999945e+03
1.007809999999999945e+03
1.007809999999999945e+03
1.007809999999999945e+03
1.007809999999999945e+03
1.007809999999999945e+03
1.007809999999999945e+03
1.007809999999999945e+03
1.007809999999999945e+03
1.007809999999999945e+03
1.007809999999999945e+03
1.007809999999999945e+03
1.007809999999999945e+03
1.007809999999999945e+03
1.007809999999999945e+03
1.007809999999999945e+03
1.007809999999999945e+03
1.007809999999999945e+03
1.007809999999999945e+03
1.007809999999999945e+03
1.007809999999999945e+03
1.007809999999999945e+03
1.007809999999999945e+03
1.007809999999999945e+03
1.007809999999999945e+03
1.007809999999999945e+03
1.007809999999999945e+03
1.007809999999999945e+03
1.007809999999999945e+03
1.007809999999999945e+03
1.007809999999999945e+03
1.007809999999999945e+03
1.007809999999999945e+03
1.007809999999999945e+03
1.007809999999999945e+03
1.007809999999999945e+03
1.007809999999999945e+03
1.007809999999999945e+03
1.007809999999999945e+03
1.007809999999999945e+03
1.007809999999999945e+03
1.007809999999999945e+03
1.007809999999999945e+03
1.007809999999999945e+03
1.007809999999999945e+03
1.007809999999999945e+03
1.007809999999999945e+03
1.007809999999999945e+03
1.007809999999999945e+03
1.007809999999999945e+03
