1.039450000000000045e+03
1.039450000000000045e+03
1.039450000000000045e+03
1.039450000000000045e+03
1.039450000000000045e+03
1.039450000000000045e+03
1.039450000000000045e+03
1.039450000000000045e+03
1.039450000000000045e+03
1.039450000000000045e+03
1.039450000000000045e+03
1.039450000000000045e+03
1.039450000000000045e+03
1.039450000000000045e+03
1.039450000000000045e+03
1.039450000000000045e+03
1.039450000000000045e+03
1.039450000000000045e+03
1.039450000000000045e+03
1.039450000000000045e+03
1.039450000000000045e+03
1.039450000000000045e+03
1.039450000000000045e+03
1.039450000000000045e+03
1.039450000000000045e+03
1.039450000000000045e+03
1.079180000000000064e+03
1.164880000000000109e+03
5.522579999999999927e+03
6.548220000000000255e+03
7.286279999999999745e+03
7.286279999999999745e+03
7.286279999999999745e+03
7.521409999999999854e+03
7.286279999999999745e+03
7.078119999999999891e+03
7.590119999999999891e+03
7.078119999999999891e+03
7.078119999999999891e+03
7.078119999999999891e+03
7.554949999999999818e+03
6.555510000000000218e+03
3.727409999999999854e+03
3.109380000000000109e+03
1.765369999999999891e+03
1.132400000000000091e+03
1.090250000000000000e+03
1.090250000000000000e+03
1.074049999999999955e+03
1.069119999999999891e+03
1.083261999999999944e+03
1.097403999999999996e+03
1.111545999999999822e+03
1.125687999999999874e+03
1.139829999999999927e+03
1.153971999999999980e+03
1.168114000000000033e+03
1.182255999999999858e+03
1.196397999999999911e+03
1.210539999999999964e+03
1.224682000000000016e+03
1.238824000000000069e+03
1.252965999999999894e+03
1.267107999999999947e+03
1.281250000000000000e+03
1.281250000000000000e+03
1.419680000000000064e+03
1.609380000000000109e+03
2.153960000000000036e+03
2.661789999999999964e+03
2.661789999999999964e+03
4.968750000000000000e+03
5.861050000000000182e+03
5.984380000000000109e+03
6.038510000000000218e+03
6.038510000000000218e+03
5.861050000000000182e+03
2.916710000000000036e+03
2.916710000000000036e+03
2.916710000000000036e+03
3.773280000000000200e+03
3.773280000000000200e+03
3.773280000000000200e+03
3.386590000000000146e+03
3.386590000000000146e+03
2.783739999999999782e+03
1.859380000000000109e+03
1.313690000000000055e+03
1.102410000000000082e+03
1.102410000000000082e+03
1.015620000000000005e+03
1.010570000000000050e+03
1.027352666666666664e+03
1.044135333333333392e+03
1.060918000000000120e+03
1.077700666666666621e+03
1.094483333333333348e+03
1.111266000000000076e+03
1.128048666666666577e+03
1.144831333333333305e+03
1.161614000000000033e+03
1.178396666666666533e+03
1.195179333333333261e+03
1.211961999999999989e+03
1.228744666666666717e+03
1.245527333333333218e+03
1.262309999999999945e+03
1.262309999999999945e+03
1.262309999999999945e+03
1.262309999999999945e+03
1.262309999999999945e+03
1.351630000000000109e+03
1.351630000000000109e+03
1.351630000000000109e+03
1.264060000000000173e+03
1.176490000000000009e+03
1.088920000000000073e+03
1.001350000000000023e+03
1.261769999999999982e+03
1.734380000000000109e+03
3.147199999999999818e+03
3.446860000000000127e+03
5.093960000000000036e+03
6.078960000000000036e+03
5.093960000000000036e+03
5.093960000000000036e+03
6.078960000000000036e+03
4.899810000000000400e+03
4.899810000000000400e+03
4.807470000000000255e+03
4.581699999999999818e+03
1.484380000000000109e+03
1.484380000000000109e+03
1.484380000000000109e+03
1.909190000000000055e+03
2.305059999999999945e+03
2.305059999999999945e+03
2.305059999999999945e+03
1.909839999999999918e+03
1.654130000000000109e+03
1.562930000000000064e+03
1.222549999999999955e+03
1.153759999999999991e+03
1.155773333333333312e+03
1.157786666666666633e+03
1.159799999999999955e+03
1.161813333333333276e+03
1.163826666666666824e+03
1.165840000000000146e+03
1.167853333333333467e+03
1.169866666666666788e+03
1.171880000000000109e+03
1.215200000000000045e+03
1.252740000000000009e+03
5.451689999999999600e+03
7.030300000000000182e+03
7.074109999999999673e+03
7.030300000000000182e+03
7.030300000000000182e+03
5.549289999999999964e+03
4.755970000000000255e+03
4.201789999999999964e+03
3.069219999999999800e+03
3.069219999999999800e+03
2.972250000000000000e+03
2.972250000000000000e+03
2.302489999999999782e+03
2.302489999999999782e+03
1.908390000000000100e+03
1.908390000000000100e+03
1.877826428571428551e+03
1.847262857142857229e+03
1.816699285714285907e+03
1.786135714285714357e+03
1.755572142857142808e+03
1.725008571428571486e+03
1.694445000000000164e+03
1.663881428571428614e+03
1.633317857142857065e+03
1.602754285714285743e+03
1.572190714285714421e+03
1.541627142857142871e+03
1.511063571428571322e+03
1.480500000000000000e+03
1.449936428571428678e+03
1.419372857142857129e+03
1.388809285714285579e+03
1.358245714285714257e+03
1.327682142857142935e+03
1.297118571428571386e+03
1.266554999999999836e+03
1.235991428571428514e+03
1.205427857142857192e+03
1.174864285714285643e+03
1.144300714285714093e+03
1.113737142857142771e+03
1.083173571428571449e+03
1.052609999999999900e+03
1.272230000000000018e+03
1.972380000000000109e+03
5.126300000000000182e+03
3.062079999999999927e+03
5.126300000000000182e+03
5.126300000000000182e+03
5.126300000000000182e+03
5.413720000000000255e+03
6.135020000000000437e+03
6.614579999999999927e+03
6.614579999999999927e+03
6.614579999999999927e+03
7.362529999999999745e+03
5.762189999999999600e+03
5.762189999999999600e+03
7.671880000000000109e+03
7.671880000000000109e+03
7.671880000000000109e+03
7.671880000000000109e+03
7.435119999999999891e+03
6.888439999999999600e+03
6.569659999999999854e+03
6.100930000000000291e+03
6.100930000000000291e+03
4.570229999999999563e+03
3.054789999999999964e+03
1.487380000000000109e+03
1.487380000000000109e+03
1.277960000000000036e+03
1.262829999999999927e+03
1.487380000000000109e+03
1.262829999999999927e+03
1.262829999999999927e+03
1.262829999999999927e+03
1.640619999999999891e+03
2.001599999999999909e+03
2.152010000000000218e+03
2.152010000000000218e+03
2.187500000000000000e+03
4.015760000000000218e+03
2.187500000000000000e+03
4.015760000000000218e+03
4.015760000000000218e+03
2.623739999999999782e+03
2.359380000000000109e+03
2.359380000000000109e+03
2.157650000000000091e+03
2.157650000000000091e+03
2.157650000000000091e+03
1.218750000000000000e+03
1.218775087719298199e+03
1.218800175438596398e+03
1.218825263157894824e+03
1.218850350877193023e+03
1.218875438596491222e+03
1.218900526315789421e+03
1.218925614035087619e+03
1.218950701754386046e+03
1.218975789473684245e+03
1.219000877192982443e+03
1.219025964912280642e+03
1.219051052631579068e+03
1.219076140350877267e+03
1.219101228070175466e+03
1.219126315789473665e+03
1.219151403508771864e+03
1.219176491228070290e+03
1.219201578947368489e+03
1.219226666666666688e+03
1.219251754385964887e+03
1.219276842105263086e+03
1.219301929824561512e+03
1.219327017543859711e+03
1.219352105263157910e+03
1.219377192982456108e+03
1.219402280701754307e+03
1.219427368421052734e+03
1.219452456140350932e+03
1.219477543859649131e+03
1.219502631578947330e+03
1.219527719298245756e+03
1.219552807017543955e+03
1.219577894736842154e+03
1.219602982456140353e+03
1.219628070175438552e+03
1.219653157894736978e+03
1.219678245614035177e+03
1.219703333333333376e+03
1.219728421052631575e+03
1.219753508771929774e+03
1.219778596491228200e+03
1.219803684210526399e+03
1.219828771929824597e+03
1.219853859649122796e+03
1.219878947368420995e+03
1.219904035087719421e+03
1.219929122807017620e+03
1.219954210526315819e+03
1.219979298245614018e+03
1.220004385964912444e+03
1.220029473684210643e+03
1.220054561403508842e+03
1.220079649122807041e+03
1.220104736842105240e+03
1.220129824561403666e+03
1.220154912280701865e+03
1.220180000000000064e+03
1.232640000000000100e+03
1.232640000000000100e+03
1.232640000000000100e+03
1.189750000000000000e+03
1.189750000000000000e+03
1.091170000000000073e+03
1.070839999999999918e+03
1.008259999999999991e+03
1.008259999999999991e+03
1.008259999999999991e+03
1.008259999999999991e+03
1.008259999999999991e+03
1.008259999999999991e+03
1.008259999999999991e+03
1.008259999999999991e+03
1.008259999999999991e+03
1.008259999999999991e+03
1.008259999999999991e+03
1.008259999999999991e+03
1.008259999999999991e+03
1.008259999999999991e+03
1.008259999999999991e+03
1.008259999999999991e+03
1.008259999999999991e+03
1.008259999999999991e+03
1.008259999999999991e+03
1.008259999999999991e+03
1.008259999999999991e+03
1.008259999999999991e+03
1.008259999999999991e+03
1.008259999999999991e+03
1.008259999999999991e+03
1.008259999999999991e+03
1.008259999999999991e+03
1.008259999999999991e+03
1.008259999999999991e+03
1.008259999999999991e+03
1.008259999999999991e+03
1.008259999999999991e+03
1.008259999999999991e+03
1.008259999999999991e+03
1.008259999999999991e+03
1.008259999999999991e+03
1.008259999999999991e+03
1.008259999999999991e+03
1.008259999999999991e+03
1.008259999999999991e+03
1.008259999999999991e+03
1.008259999999999991e+03
1.008259999999999991e+03
1.008259999999999991e+03
1.008259999999999991e+03
1.008259999999999991e+03
1.008259999999999991e+03
1.008259999999999991e+03
