1.140619999999999891e+03
1.140619999999999891e+03
1.140619999999999891e+03
1.140619999999999891e+03
1.140619999999999891e+03
1.140619999999999891e+03
1.140619999999999891e+03
1.140619999999999891e+03
1.140619999999999891e+03
1.140619999999999891e+03
1.140619999999999891e+03
1.140619999999999891e+03
1.140619999999999891e+03
1.140619999999999891e+03
1.140619999999999891e+03
1.140619999999999891e+03
1.140619999999999891e+03
1.140619999999999891e+03
1.140619999999999891e+03
1.140619999999999891e+03
1.140619999999999891e+03
1.140619999999999891e+03
1.140619999999999891e+03
1.140619999999999891e+03
1.140619999999999891e+03
1.140619999999999891e+03
1.140619999999999891e+03
1.140619999999999891e+03
1.140619999999999891e+03
1.140619999999999891e+03
1.140619999999999891e+03
1.140619999999999891e+03
1.140619999999999891e+03
1.140619999999999891e+03
1.140619999999999891e+03
1.140619999999999891e+03
1.140619999999999891e+03
1.140619999999999891e+03
1.140619999999999891e+03
1.140619999999999891e+03
1.140619999999999891e+03
1.140619999999999891e+03
2.875000000000000000e+03
3.164059999999999945e+03
3.630889999999999873e+03
6.013460000000000036e+03
4.666720000000000255e+03
3.630889999999999873e+03
3.801420000000000073e+03
3.889849999999999909e+03
3.801420000000000073e+03
3.801420000000000073e+03
3.889849999999999909e+03
4.156989999999999782e+03
4.156989999999999782e+03
4.156989999999999782e+03
3.776920000000000073e+03
3.500730000000000018e+03
3.500730000000000018e+03
3.500730000000000018e+03
3.500730000000000018e+03
3.500730000000000018e+03
3.468750000000000000e+03
3.468750000000000000e+03
4.446189999999999600e+03
6.812500000000000000e+03
6.812500000000000000e+03
6.812500000000000000e+03
6.812500000000000000e+03
6.832319999999999709e+03
6.832319999999999709e+03
6.832319999999999709e+03
6.849699999999999818e+03
6.859380000000000109e+03
6.859380000000000109e+03
6.849699999999999818e+03
6.859380000000000109e+03
7.004859999999999673e+03
7.798909999999999854e+03
7.004859999999999673e+03
7.004859999999999673e+03
7.004859999999999673e+03
6.766250000000000000e+03
6.766250000000000000e+03
7.287949999999999818e+03
7.466760000000000218e+03
7.287949999999999818e+03
7.687939999999999600e+03
7.287949999999999818e+03
7.704810000000000400e+03
7.229329999999999927e+03
7.003430000000000291e+03
7.003430000000000291e+03
7.003430000000000291e+03
5.956529999999999745e+03
5.267789999999999964e+03
5.267789999999999964e+03
5.109380000000000109e+03
5.109380000000000109e+03
4.816649999999999636e+03
3.440619999999999891e+03
2.491380000000000109e+03
2.140619999999999891e+03
2.140619999999999891e+03
1.531250000000000000e+03
1.241549999999999955e+03
1.237274210526315755e+03
1.232998421052631556e+03
1.228722631578947357e+03
1.224446842105263158e+03
1.220171052631578959e+03
1.215895263157894760e+03
1.211619473684210561e+03
1.207343684210526362e+03
1.203067894736842163e+03
1.198792105263157737e+03
1.194516315789473538e+03
1.190240526315789339e+03
1.185964736842105140e+03
1.181688947368420941e+03
1.177413157894736742e+03
1.173137368421052543e+03
1.168861578947368344e+03
1.164585789473684144e+03
1.160309999999999945e+03
2.877570000000000164e+03
2.877570000000000164e+03
2.877570000000000164e+03
2.836150000000000091e+03
2.877570000000000164e+03
4.214789999999999964e+03
4.374270000000000437e+03
6.220539999999999964e+03
6.220539999999999964e+03
6.220539999999999964e+03
6.187500000000000000e+03
6.187500000000000000e+03
5.617970000000000255e+03
6.187500000000000000e+03
6.517529999999999745e+03
7.727409999999999854e+03
7.440020000000000437e+03
7.725470000000000255e+03
7.725470000000000255e+03
7.440020000000000437e+03
7.440020000000000437e+03
6.428779999999999745e+03
6.423899999999999636e+03
6.423899999999999636e+03
6.423899999999999636e+03
5.110380000000000109e+03
3.804400000000000091e+03
3.804400000000000091e+03
3.386510000000000218e+03
2.937500000000000000e+03
1.388369999999999891e+03
1.281250000000000000e+03
1.278359999999999900e+03
1.120039999999999964e+03
1.015620000000000005e+03
1.013389999999999986e+03
1.015735454545454559e+03
1.018080909090909131e+03
1.020426363636363590e+03
1.022771818181818162e+03
1.025117272727272621e+03
1.027462727272727307e+03
1.029808181818181765e+03
1.032153636363636451e+03
1.034499090909090910e+03
1.036844545454545369e+03
1.039190000000000055e+03
1.041535454545454513e+03
1.043880909090909199e+03
1.046226363636363658e+03
1.048571818181818116e+03
1.050917272727272803e+03
1.053262727272727261e+03
1.055608181818181720e+03
1.057953636363636406e+03
1.060299090909090864e+03
1.062644545454545550e+03
1.064990000000000009e+03
1.089859999999999900e+03
1.355640000000000100e+03
2.353570000000000164e+03
2.517840000000000146e+03
2.517840000000000146e+03
2.984260000000000218e+03
2.565949999999999818e+03
2.565949999999999818e+03
4.500000000000000000e+03
4.500000000000000000e+03
7.247529999999999745e+03
7.294500000000000000e+03
7.294500000000000000e+03
7.409140000000000327e+03
7.409140000000000327e+03
7.607949999999999818e+03
7.607949999999999818e+03
6.678449999999999818e+03
6.678449999999999818e+03
6.678449999999999818e+03
4.141029999999999745e+03
3.193139999999999873e+03
1.339500000000000000e+03
1.339500000000000000e+03
1.208470000000000027e+03
1.071119999999999891e+03
1.073969999999999800e+03
1.076819999999999936e+03
1.079669999999999845e+03
1.082519999999999982e+03
1.085369999999999891e+03
1.088219999999999800e+03
1.091069999999999936e+03
1.093919999999999845e+03
1.096769999999999982e+03
1.099619999999999891e+03
1.102470000000000027e+03
1.105319999999999936e+03
1.108169999999999845e+03
1.111019999999999982e+03
1.113869999999999891e+03
1.116720000000000027e+03
1.119569999999999936e+03
1.329259999999999991e+03
2.640619999999999891e+03
4.016349999999999909e+03
5.533250000000000000e+03
5.533250000000000000e+03
6.406250000000000000e+03
5.533250000000000000e+03
3.680670000000000073e+03
3.680670000000000073e+03
5.897239999999999782e+03
5.865970000000000255e+03
5.897239999999999782e+03
5.897239999999999782e+03
5.865970000000000255e+03
2.825619999999999891e+03
2.825619999999999891e+03
2.250000000000000000e+03
2.210670000000000073e+03
2.120949999999999818e+03
1.617769999999999982e+03
1.069299999999999955e+03
1.021289999999999964e+03
1.021289999999999964e+03
1.021289999999999964e+03
1.021289999999999964e+03
1.021289999999999964e+03
1.021289999999999964e+03
1.021289999999999964e+03
1.021289999999999964e+03
1.021289999999999964e+03
1.021289999999999964e+03
1.021289999999999964e+03
1.021289999999999964e+03
1.021289999999999964e+03
1.021289999999999964e+03
1.021289999999999964e+03
1.021289999999999964e+03
1.021289999999999964e+03
1.021289999999999964e+03
1.021289999999999964e+03
1.021289999999999964e+03
1.021289999999999964e+03
1.021289999999999964e+03
1.021289999999999964e+03
1.021289999999999964e+03
1.021289999999999964e+03
1.021289999999999964e+03
1.021289999999999964e+03
1.021289999999999964e+03
1.021289999999999964e+03
1.021289999999999964e+03
1.021289999999999964e+03
1.021289999999999964e+03
1.021289999999999964e+03
1.021289999999999964e+03
1.021289999999999964e+03
1.021289999999999964e+03
1.021289999999999964e+03
1.021289999999999964e+03
1.021289999999999964e+03
1.021289999999999964e+03
1.021289999999999964e+03
1.021289999999999964e+03
1.021289999999999964e+03
1.021289999999999964e+03
1.021289999999999964e+03
1.021289999999999964e+03
1.021289999999999964e+03
1.021289999999999964e+03
1.021289999999999964e+03
1.021289999999999964e+03
1.021289999999999964e+03
1.021289999999999964e+03
1.021289999999999964e+03
1.021289999999999964e+03
1.021289999999999964e+03
1.021289999999999964e+03
1.021289999999999964e+03
1.021289999999999964e+03
1.021289999999999964e+03
