1.039920000000000073e+03
1.039920000000000073e+03
1.039920000000000073e+03
1.039920000000000073e+03
1.039920000000000073e+03
1.039920000000000073e+03
1.039920000000000073e+03
1.039920000000000073e+03
1.039920000000000073e+03
1.039920000000000073e+03
1.039920000000000073e+03
1.039920000000000073e+03
1.039920000000000073e+03
1.039920000000000073e+03
1.039920000000000073e+03
1.039920000000000073e+03
1.039920000000000073e+03
1.039920000000000073e+03
1.039920000000000073e+03
1.039920000000000073e+03
1.039920000000000073e+03
1.039920000000000073e+03
1.039920000000000073e+03
1.039920000000000073e+03
1.039920000000000073e+03
1.039920000000000073e+03
1.039920000000000073e+03
1.039920000000000073e+03
1.039920000000000073e+03
1.039920000000000073e+03
1.039920000000000073e+03
1.039920000000000073e+03
1.039920000000000073e+03
1.039920000000000073e+03
1.039920000000000073e+03
1.039920000000000073e+03
1.039920000000000073e+03
1.039920000000000073e+03
1.039920000000000073e+03
1.039920000000000073e+03
1.287809999999999945e+03
3.328400000000000091e+03
3.328400000000000091e+03
4.119729999999999563e+03
4.250000000000000000e+03
5.540529999999999745e+03
5.540529999999999745e+03
7.741100000000000364e+03
5.540529999999999745e+03
5.531390000000000327e+03
5.531390000000000327e+03
7.544810000000000400e+03
7.544810000000000400e+03
7.590739999999999782e+03
7.895770000000000437e+03
7.895770000000000437e+03
7.895770000000000437e+03
7.500000000000000000e+03
7.357819999999999709e+03
7.315510000000000218e+03
7.315510000000000218e+03
7.306369999999999891e+03
7.306369999999999891e+03
7.306369999999999891e+03
7.315920000000000073e+03
7.593750000000000000e+03
7.593750000000000000e+03
7.593750000000000000e+03
5.114670000000000073e+03
3.859380000000000109e+03
2.992230000000000018e+03
2.992230000000000018e+03
3.859380000000000109e+03
3.937199999999999818e+03
4.794060000000000400e+03
4.949109999999999673e+03
5.734380000000000109e+03
4.949109999999999673e+03
4.949109999999999673e+03
4.395819999999999709e+03
4.395819999999999709e+03
4.359279999999999745e+03
4.211670000000000073e+03
4.211670000000000073e+03
5.481180000000000291e+03
5.617189999999999600e+03
5.617189999999999600e+03
5.617189999999999600e+03
3.367429999999999836e+03
2.703119999999999891e+03
2.226559999999999945e+03
1.546880000000000109e+03
1.242190000000000055e+03
1.092829999999999927e+03
1.058029999999999973e+03
1.058029999999999973e+03
1.060039999999999964e+03
1.062049999999999955e+03
1.064059999999999945e+03
1.066069999999999936e+03
1.068079999999999927e+03
1.070089999999999918e+03
1.072099999999999909e+03
1.074109999999999900e+03
1.076119999999999891e+03
1.078129999999999882e+03
1.080140000000000100e+03
1.082150000000000091e+03
1.084160000000000082e+03
1.086170000000000073e+03
1.088180000000000064e+03
1.090190000000000055e+03
1.092200000000000045e+03
1.094210000000000036e+03
1.096220000000000027e+03
1.098230000000000018e+03
1.100240000000000009e+03
1.437500000000000000e+03
1.437500000000000000e+03
1.446740000000000009e+03
1.446740000000000009e+03
3.875000000000000000e+03
3.875000000000000000e+03
3.875000000000000000e+03
3.609380000000000109e+03
2.343750000000000000e+03
1.863769999999999982e+03
1.286529999999999973e+03
1.181559999999999945e+03
1.214873333333333221e+03
1.248186666666666724e+03
1.281500000000000000e+03
1.314813333333333276e+03
1.348126666666666551e+03
1.381440000000000055e+03
1.414753333333333330e+03
1.448066666666666606e+03
1.481380000000000109e+03
1.514693333333333385e+03
1.548006666666666661e+03
1.581320000000000164e+03
1.614633333333333439e+03
1.647946666666666715e+03
1.681259999999999991e+03
1.714573333333333267e+03
1.747886666666666770e+03
1.781200000000000045e+03
1.781200000000000045e+03
3.320420000000000073e+03
3.381519999999999982e+03
4.180949999999999818e+03
4.274300000000000182e+03
5.218939999999999600e+03
5.218939999999999600e+03
7.786430000000000291e+03
7.786430000000000291e+03
7.786430000000000291e+03
7.788279999999999745e+03
7.788279999999999745e+03
7.788279999999999745e+03
7.788279999999999745e+03
7.697289999999999964e+03
7.337970000000000255e+03
7.697289999999999964e+03
6.156250000000000000e+03
6.156250000000000000e+03
7.725439999999999600e+03
7.725439999999999600e+03
7.627189999999999600e+03
7.627189999999999600e+03
2.593750000000000000e+03
1.673640000000000100e+03
1.673640000000000100e+03
2.121739999999999782e+03
1.260990000000000009e+03
1.260990000000000009e+03
1.215670000000000073e+03
1.215670000000000073e+03
1.215670000000000073e+03
1.215670000000000073e+03
1.215670000000000073e+03
1.215670000000000073e+03
1.215670000000000073e+03
1.215670000000000073e+03
1.215670000000000073e+03
1.215670000000000073e+03
1.215670000000000073e+03
1.215670000000000073e+03
1.215670000000000073e+03
1.215670000000000073e+03
1.215670000000000073e+03
1.215670000000000073e+03
1.215670000000000073e+03
1.215670000000000073e+03
1.215670000000000073e+03
1.215670000000000073e+03
1.215670000000000073e+03
1.215670000000000073e+03
1.215670000000000073e+03
1.215670000000000073e+03
1.215670000000000073e+03
1.215670000000000073e+03
1.215670000000000073e+03
1.215670000000000073e+03
1.215670000000000073e+03
1.215670000000000073e+03
1.215670000000000073e+03
1.215670000000000073e+03
1.215670000000000073e+03
1.215670000000000073e+03
1.215670000000000073e+03
1.215670000000000073e+03
1.215670000000000073e+03
1.215670000000000073e+03
1.215670000000000073e+03
1.215670000000000073e+03
1.215670000000000073e+03
1.215670000000000073e+03
1.215670000000000073e+03
1.215670000000000073e+03
1.215670000000000073e+03
1.215670000000000073e+03
1.215670000000000073e+03
1.215670000000000073e+03
1.215670000000000073e+03
1.215670000000000073e+03
1.215670000000000073e+03
1.215670000000000073e+03
1.215670000000000073e+03
1.215670000000000073e+03
1.215670000000000073e+03
1.215670000000000073e+03
1.215670000000000073e+03
1.215670000000000073e+03
1.215670000000000073e+03
1.215670000000000073e+03
1.215670000000000073e+03
1.215670000000000073e+03
1.215670000000000073e+03
1.215670000000000073e+03
1.215670000000000073e+03
1.215670000000000073e+03
1.215670000000000073e+03
1.215670000000000073e+03
1.215670000000000073e+03
1.215670000000000073e+03
1.215670000000000073e+03
1.215670000000000073e+03
1.215670000000000073e+03
1.215670000000000073e+03
