-1e+10
-1e+10
-1e+10
-1e+10
-1e+10
-1e+10
-1e+10
-1e+10
-1e+10
-1e+10
-1e+10
-1e+10
-1e+10
-1e+10
-1e+10
-1e+10
-1e+10
-1e+10
-1e+10
-1e+10
-1e+10
-1e+10
-1e+10
-1e+10
-1e+10
-1e+10
-1e+10
-1e+10
-1e+10
-1e+10
-1e+10
5.74347
5.73854
5.73908
5.74058
5.74257
5.74527
5.74896
5.75324
5.75618
5.75401
5.74261
5.72259
5.70875
5.70775
5.71161
5.71669
5.85745
5.93903
5.93582
5.93029
5.92634
5.9243
5.92448
5.92682
5.93032
5.93348
5.93524
5.93541
5.93384
5.93016
5.92396
5.91465
5.89882
5.87669
-1e+10
-1e+10
-1e+10
-1e+10
-1e+10
-1e+10
-1e+10
-1e+10
6.07313
6.06372
6.05618
6.05128
6.0476
6.04426
6.04025
6.03463
6.02678
6.01743
6.00675
5.99215
5.9714
-1e+10
-1e+10
-1e+10
-1e+10
-1e+10
-1e+10
-1e+10
-1e+10
-1e+10
-1e+10
-1e+10
-1e+10
-1e+10
-1e+10
-1e+10
-1e+10
-1e+10
-1e+10
-1e+10
-1e+10
-1e+10
-1e+10
-1e+10
-1e+10
-1e+10
-1e+10
-1e+10
-1e+10
-1e+10
5.89376
5.88327
5.87682
5.87049
5.86311
5.85651
5.85283
5.85164
5.85195
5.85289
5.854
5.85505
5.85567
5.85533
5.85358
5.84999
5.84306
5.82546
5.73625
5.74896
5.75764
5.78003
5.82149
5.83397
5.82727
5.81665
5.80503
5.79126
5.78159
5.77372
5.76787
5.76154
5.75187
5.73984
5.72827
5.71967
5.71323
5.70667
5.6969
5.68606
5.67425
5.66031
5.63792
5.60761
5.58095
5.55955
5.54077
5.52179
5.50183
5.48108
5.45984
5.43856
5.41866
5.40217
5.38963
5.38
5.37295
5.36959
5.37321
5.38187
5.38727
5.38756
5.38457
5.37933
5.37301
5.36596
5.35852
5.34927
5.33629
5.31531
5.28213
5.27363
5.3134
5.32261
5.3199
5.31436
5.30776
5.30021
5.29257
5.28544
5.27887
5.27324
5.26883
5.26627
5.26621
5.26896
5.27377
5.27892
5.28231
5.28292
5.2812
5.2782
5.27508
5.27201
5.26738
5.25412
5.23599
-1e+10
-1e+10
-1e+10
-1e+10
-1e+10
-1e+10
-1e+10
-1e+10
-1e+10
-1e+10
-1e+10
-1e+10
-1e+10
-1e+10
-1e+10
-1e+10
-1e+10
-1e+10
-1e+10
-1e+10
-1e+10
-1e+10
-1e+10
-1e+10
-1e+10
-1e+10
-1e+10
-1e+10
-1e+10
-1e+10
-1e+10
-1e+10
-1e+10
-1e+10
-1e+10
5.47501
5.45925
5.44961
5.44345
5.43929
5.43633
5.43328
5.42947
5.42627
5.42482
5.42389
5.42182
5.41832
5.41393
5.40877
5.40286
5.3957
-1e+10
-1e+10
-1e+10
-1e+10
-1e+10
-1e+10
-1e+10
-1e+10
-1e+10
-1e+10
-1e+10
-1e+10
-1e+10
-1e+10
-1e+10
-1e+10
-1e+10
-1e+10
-1e+10
-1e+10
-1e+10
-1e+10
-1e+10
-1e+10
-1e+10
-1e+10
-1e+10
-1e+10
-1e+10
-1e+10
-1e+10
-1e+10
-1e+10
-1e+10
-1e+10
5.33705
5.3114
5.28388
5.26657
5.25692
5.24919
5.24064
5.23178
5.22484
5.21939
5.21615
5.21568
5.21739
5.21929
5.21956
5.21814
5.21672
5.2169
5.21871
5.22096
5.22202
5.22147
5.22032
5.22214
5.22901
5.2401
5.24973
5.25743
5.27006
5.28755
5.29737
5.31073
5.33355
5.34695
5.36357
5.38197
5.4112
5.44457
5.46408
5.48843
5.51393
5.52749
5.53459
5.53785
5.53851
5.53832
5.53881
5.54019
5.54137
5.54608
5.55552
-1e+10
-1e+10
-1e+10
-1e+10
-1e+10
-1e+10
-1e+10
-1e+10
-1e+10
-1e+10
-1e+10
-1e+10
-1e+10
-1e+10
-1e+10
-1e+10
-1e+10
-1e+10
-1e+10
-1e+10
-1e+10
-1e+10
-1e+10
