0
0
0
0
0
0
0
0
0
0
0
0
0
0
0
0
1137.68
1145.24
1387.57
1145.24
1137.68
1145.24
1124.98
1093.75
0
0
0
0
0
0
0
0
0
0
0
0
0
0
0
0
0
0
0
0
0
0
0
0
0
0
0
0
1303.73
1303.73
2312.5
2312.5
1820.22
2296.88
2296.88
2296.88
2296.88
2786.75
3031.25
3031.25
3077.18
3077.18
2623.48
2623.48
2623.48
2411.75
2411.75
2266.44
1864.12
2266.44
2468.75
1781.25
1750
1031.25
0
0
0
0
0
3834.19
3960.44
3960.44
3834.19
2532.37
2532.37
2532.37
5075.93
6515.62
7347.93
6515.62
6515.62
6423.19
6217.66
5241.58
5095.14
5095.14
5095.14
5095.14
5095.14
5005.95
2068.74
1921.88
1649.99
1649.99
1527.37
1342.42
1527.37
1437.5
1116.32
1437.5
1437.5
1406.25
1175.08
1175.08
1175.08
1286.32
1073.91
1031.94
0
0
0
0
0
0
0
0
0
0
0
0
0
0
0
0
1071.97
2638.46
3040.98
3040.98
3040.98
3581.07
3859.38
3859.38
4237.29
4862.87
4862.87
4328.12
4237.29
3908.29
3908.29
3906.25
3864.51
3906.25
4786.5
5562.5
5984.38
7350.22
5984.38
5984.38
5437.5
5437.5
5437.5
3593.75
3593.75
5625
4131.62
1967.78
1967.78
4131.62
4131.62
5221.79
5221.79
5221.79
3187.5
3187.5
0
0
0
0
0
0
0
0
0
0
0
0
0
0
0
0
0
0
0
0
0
0
0
0
0
0
0
0
0
0
0
0
0
0
0
0
0
0
0
0
0
0
0
0
0
0
1124.08
1140.62
1161.5
2875
3510.48
4031.25
5299.19
5299.19
5299.19
4718.75
4659.68
4328.78
3084.38
3084.38
3012.53
2870.45
2870.45
1227.17
0
0
0
0
0
0
0
0
0
0
0
0
0
0
0
0
0
0
0
0
0
0
0
0
1917.3
1917.3
2448.09
2448.09
2448.09
2448.09
2448.09
2609.38
1911.65
1911.65
2552.36
3117.41
3639.17
3968.75
3968.75
5718.75
5718.75
6487.35
6487.35
6487.35
5155.79
4753.76
4753.76
5155.79
4753.76
4753.76
5710.19
6624.3
5390.62
5390.62
5390.62
4020.8
4020.8
4020.8
5078.12
5078.12
5495.97
5495.97
4943.65
3615.88
4943.65
3615.88
2197.46
2197.46
2197.46
2174.92
2197.46
2185.42
2174.92
2185.42
2185.42
2185.42
1444.87
1684.69
1684.69
1687.5
1965.97
1687.5
