-1e+10
-1e+10
-1e+10
-1e+10
-1e+10
-1e+10
-1e+10
-1e+10
-1e+10
-1e+10
-1e+10
-1e+10
-1e+10
-1e+10
-1e+10
-1e+10
-1e+10
-1e+10
-1e+10
-1e+10
-1e+10
-1e+10
-1e+10
-1e+10
-1e+10
-1e+10
-1e+10
-1e+10
-1e+10
-1e+10
-1e+10
-1e+10
-1e+10
-1e+10
-1e+10
-1e+10
-1e+10
-1e+10
-1e+10
-1e+10
-1e+10
-1e+10
-1e+10
-1e+10
-1e+10
-1e+10
-1e+10
-1e+10
-1e+10
-1e+10
-1e+10
-1e+10
-1e+10
-1e+10
-1e+10
-1e+10
-1e+10
-1e+10
-1e+10
-1e+10
-1e+10
-1e+10
-1e+10
-1e+10
-1e+10
-1e+10
-1e+10
-1e+10
-1e+10
-1e+10
-1e+10
-1e+10
-1e+10
-1e+10
-1e+10
-1e+10
-1e+10
-1e+10
-1e+10
-1e+10
-1e+10
-1e+10
-1e+10
-1e+10
-1e+10
-1e+10
-1e+10
-1e+10
-1e+10
-1e+10
-1e+10
-1e+10
-1e+10
-1e+10
-1e+10
-1e+10
-1e+10
-1e+10
-1e+10
5.33671
5.34146
5.34599
5.34682
5.34398
5.33803
5.32987
5.3189
5.30264
5.28128
5.25872
5.24093
5.23436
5.24672
-1e+10
-1e+10
-1e+10
-1e+10
5.31396
5.31361
5.31105
5.30766
5.30367
5.29945
5.29338
5.284
5.27047
5.25811
5.24871
5.23822
5.21801
5.1935
5.18185
5.17699
5.1792
5.18847
5.19557
5.20248
5.21307
5.23629
5.25266
5.26325
5.27452
5.28496
5.29413
5.30516
5.31989
5.33132
5.33885
5.34449
5.34701
5.34384
5.34215
5.35783
5.38316
-1e+10
-1e+10
-1e+10
-1e+10
-1e+10
-1e+10
-1e+10
-1e+10
-1e+10
-1e+10
-1e+10
-1e+10
-1e+10
-1e+10
-1e+10
5.57454
5.57235
5.54964
5.51522
5.48827
5.46669
5.45217
5.44418
5.43947
5.43574
5.43281
5.43223
5.43593
5.4389
5.43821
5.43706
5.43664
5.43669
5.43814
5.44105
5.44394
5.44551
5.44683
5.45062
5.45673
5.46115
5.461
5.45569
5.4456
5.43484
5.42593
5.41604
5.40332
5.39196
5.38492
5.37589
5.36362
5.35588
5.35878
5.36696
-1e+10
-1e+10
-1e+10
-1e+10
-1e+10
-1e+10
-1e+10
-1e+10
-1e+10
5.64029
5.61803
5.59792
5.5781
5.56105
5.54759
5.53657
5.52644
5.51564
5.50329
5.4899
5.47629
5.46329
5.45143
5.44042
5.42886
5.41584
5.40172
5.38693
5.37088
5.35246
5.33209
5.31141
5.29192
5.27852
5.27551
5.27732
5.27936
5.2802
5.27825
5.27214
5.26376
5.25771
5.25206
5.24518
5.23851
5.23384
5.22734
5.21854
5.21223
5.20776
5.20467
5.2023
5.20015
5.19833
5.1966
5.19409
5.19028
5.18564
5.18273
5.18269
5.18932
5.19782
5.19648
5.1887
5.1798
5.16287
5.14866
5.14205
5.13933
5.14716
5.1849
5.26644
5.33729
-1e+10
-1e+10
-1e+10
-1e+10
-1e+10
-1e+10
-1e+10
-1e+10
-1e+10
-1e+10
-1e+10
5.4383
5.41929
5.41762
5.42042
5.42627
5.43249
5.43417
5.42654
5.40546
5.37012
5.33424
5.31299
5.30289
5.29637
5.29209
5.28858
5.2824
5.27414
5.26608
5.2594
5.25405
5.25017
5.24771
5.24642
5.24597
5.24529
5.24276
5.23722
5.22867
5.21959
5.20863
5.13236
5.12585
5.1221
-1e+10
-1e+10
-1e+10
-1e+10
-1e+10
-1e+10
-1e+10
-1e+10
-1e+10
-1e+10
4.49188
4.4879
4.55192
4.55047
4.54867
4.54558
4.53992
4.52982
4.5218
4.51699
4.51404
4.51223
4.51109
4.50994
4.50818
4.5061
4.50452
4.504
4.50554
4.50835
4.50937
4.50795
4.5052
4.50283
4.50004
4.49763
4.49711
4.49874
4.50173
4.5036
4.50474
4.50625
5.20281
5.20647
5.21056
5.21297
5.21397
5.21437
5.21539
5.2189
5.22476
5.22762
5.22824
5.22991
5.2399
5.28009
5.30793
5.33593
5.36096
5.37349
5.37545
5.3744
5.37597
-1e+10
-1e+10
-1e+10
-1e+10
-1e+10
-1e+10
-1e+10
-1e+10
-1e+10
-1e+10
-1e+10
-1e+10
-1e+10
-1e+10
-1e+10
-1e+10
-1e+10
-1e+10
-1e+10
-1e+10
-1e+10
-1e+10
-1e+10
-1e+10
-1e+10
-1e+10
-1e+10
-1e+10
-1e+10
-1e+10
-1e+10
-1e+10
-1e+10
-1e+10
-1e+10
-1e+10
-1e+10
-1e+10
-1e+10
-1e+10
-1e+10
-1e+10
-1e+10
-1e+10
-1e+10
-1e+10
-1e+10
-1e+10
-1e+10
-1e+10
-1e+10
-1e+10
-1e+10
-1e+10
-1e+10
-1e+10
-1e+10
-1e+10
-1e+10
-1e+10
-1e+10
-1e+10
-1e+10
-1e+10
-1e+10
-1e+10
-1e+10
-1e+10
-1e+10
-1e+10
-1e+10
-1e+10
-1e+10
-1e+10
-1e+10
-1e+10
-1e+10
-1e+10
-1e+10
-1e+10
-1e+10
-1e+10
-1e+10
-1e+10
-1e+10
-1e+10
-1e+10
-1e+10
-1e+10
-1e+10
-1e+10
-1e+10
-1e+10
-1e+10
-1e+10
-1e+10
-1e+10
-1e+10
-1e+10
-1e+10
-1e+10
-1e+10
-1e+10
-1e+10
-1e+10
-1e+10
-1e+10
-1e+10
