-1e+10
-1e+10
-1e+10
-1e+10
-1e+10
-1e+10
-1e+10
-1e+10
-1e+10
-1e+10
-1e+10
-1e+10
-1e+10
-1e+10
-1e+10
-1e+10
-1e+10
-1e+10
-1e+10
-1e+10
-1e+10
-1e+10
-1e+10
-1e+10
-1e+10
5.51523
5.49378
5.46606
5.43064
5.38911
5.35775
5.344
5.34224
5.3447
5.3437
5.33796
5.33172
5.32719
5.32466
5.32342
5.32197
5.31953
5.31714
5.31642
5.3177
5.31955
5.32059
5.32067
5.32046
5.32
5.31813
5.31177
5.2994
5.29111
5.29589
5.30487
5.31005
5.3126
5.31474
5.31693
5.31888
5.32136
5.32508
5.32973
5.33371
5.33514
5.33386
5.33166
5.33144
5.33506
5.33901
5.33822
5.33525
5.33327
5.33165
5.32878
5.32453
5.32016
5.3171
5.31586
5.31575
5.31626
5.31723
5.31818
5.31871
5.31929
5.32095
5.32477
5.33216
5.34343
5.35653
5.36814
5.37914
5.39081
5.40295
5.41622
5.43423
5.4571
5.47514
5.48922
5.50411
5.51489
5.51876
5.51747
5.51038
5.48477
5.44118
-1e+10
-1e+10
-1e+10
-1e+10
-1e+10
-1e+10
-1e+10
-1e+10
-1e+10
-1e+10
-1e+10
-1e+10
-1e+10
-1e+10
-1e+10
-1e+10
-1e+10
-1e+10
-1e+10
-1e+10
-1e+10
-1e+10
-1e+10
-1e+10
-1e+10
-1e+10
-1e+10
-1e+10
-1e+10
-1e+10
-1e+10
-1e+10
-1e+10
-1e+10
-1e+10
-1e+10
-1e+10
-1e+10
-1e+10
-1e+10
-1e+10
-1e+10
-1e+10
-1e+10
-1e+10
-1e+10
-1e+10
-1e+10
-1e+10
-1e+10
-1e+10
-1e+10
-1e+10
-1e+10
-1e+10
-1e+10
5.62256
5.60101
5.56453
5.53862
5.51212
5.47218
5.42754
5.38564
5.36487
5.34377
5.32977
5.321
5.31391
5.30886
5.305
5.3021
5.29994
5.29799
5.2959
5.29387
5.29571
5.31214
5.34172
5.36564
5.37592
5.37324
5.35963
5.3383
5.31721
-1e+10
-1e+10
-1e+10
-1e+10
-1e+10
-1e+10
-1e+10
-1e+10
-1e+10
-1e+10
-1e+10
-1e+10
-1e+10
-1e+10
-1e+10
-1e+10
-1e+10
-1e+10
-1e+10
-1e+10
-1e+10
5.31955
5.31456
5.31239
5.30973
5.30494
5.29813
5.29037
5.28262
5.27472
5.26828
5.26397
5.26142
5.25976
5.25868
5.25784
5.25647
5.25359
5.24925
5.24376
5.2359
5.2274
5.2223
-1e+10
-1e+10
-1e+10
-1e+10
-1e+10
-1e+10
-1e+10
-1e+10
-1e+10
-1e+10
-1e+10
-1e+10
-1e+10
-1e+10
-1e+10
-1e+10
-1e+10
-1e+10
-1e+10
-1e+10
-1e+10
-1e+10
-1e+10
-1e+10
-1e+10
-1e+10
-1e+10
-1e+10
-1e+10
-1e+10
-1e+10
-1e+10
-1e+10
-1e+10
-1e+10
-1e+10
-1e+10
-1e+10
-1e+10
-1e+10
-1e+10
-1e+10
-1e+10
-1e+10
