-1e+10
-1e+10
-1e+10
-1e+10
-1e+10
-1e+10
-1e+10
-1e+10
-1e+10
-1e+10
-1e+10
-1e+10
-1e+10
-1e+10
-1e+10
-1e+10
-1e+10
-1e+10
-1e+10
-1e+10
-1e+10
-1e+10
-1e+10
5.74439
5.74481
5.7267
5.70904
5.69998
5.69261
5.68714
5.68422
5.68396
5.68564
5.68809
5.69054
5.69284
5.69496
5.69665
5.69769
5.69839
5.69935
5.70077
5.70214
5.70313
5.70382
5.7042
5.70358
5.70096
5.69512
5.68532
5.66817
5.63971
5.60867
5.58736
5.57703
5.57313
5.571
5.56932
5.56821
5.56843
5.57089
5.57576
5.58143
5.58504
5.58959
5.64622
5.68437
5.6833
5.67738
5.67247
5.669
5.66656
5.66467
5.66316
5.66239
5.66279
5.66421
5.66596
5.66766
5.67025
5.67598
5.68659
5.70054
5.71363
5.72309
5.7294
5.73391
5.73789
5.74271
5.7492
5.75816
5.76852
5.77817
5.78653
5.79319
5.79842
5.80163
5.8021
5.7989
5.79044
5.77533
5.75489
5.74215
5.74497
5.7583
5.7784
-1e+10
-1e+10
-1e+10
-1e+10
-1e+10
-1e+10
-1e+10
-1e+10
5.98597
5.97704
5.9699
5.96175
5.95016
5.93911
5.93085
5.92539
5.92244
5.92097
5.9207
5.92134
5.92278
5.92519
5.92791
5.92816
5.92336
5.91373
5.90072
5.88551
5.86865
5.85092
5.83506
5.82816
5.84578
5.86047
5.85799
5.84512
-1e+10
-1e+10
-1e+10
-1e+10
-1e+10
-1e+10
-1e+10
-1e+10
-1e+10
-1e+10
-1e+10
-1e+10
-1e+10
-1e+10
-1e+10
-1e+10
-1e+10
-1e+10
-1e+10
5.76647
5.75739
5.75026
5.74229
5.73356
5.72525
5.71752
5.711
5.70537
5.70057
5.69698
5.69453
5.69244
5.6897
5.68537
5.67919
5.67126
5.6608
5.64777
5.6331
5.61803
5.60217
5.5849
5.56729
5.55069
5.53551
5.52135
5.50761
5.49422
5.48094
5.46743
5.4544
5.4443
5.4406
5.44632
5.4636
5.49461
5.52883
5.55409
5.57447
5.59295
5.60957
5.62268
5.63219
5.63753
5.64018
5.64192
5.64415
5.64754
5.65129
5.65449
5.65718
5.65969
5.66257
5.66662
5.67189
5.67846
5.6862
5.69403
5.70328
5.71303
5.72321
5.73225
5.74122
5.74982
5.75908
5.76793
5.77556
5.78251
5.78871
5.795
5.80102
5.805
5.807
5.80764
5.80798
5.80894
5.81044
5.81209
5.81398
5.81628
5.81852
5.81979
5.8195
5.81796
5.81559
5.81256
5.8091
5.80533
5.80037
5.7925
5.78184
5.77156
5.76652
5.76791
5.77406
5.7808
5.78548
5.78824
5.78906
5.78762
5.78405
5.77919
5.77429
5.76982
5.76506
5.75904
5.75171
5.74414
5.73669
5.73015
5.72287
5.71216
5.69651
5.67888
5.66567
5.65665
5.64807
5.63838
5.62859
5.61953
5.61101
5.60241
5.5929
5.58186
5.56884
5.5539
5.53786
5.52207
5.50753
5.49426
5.48152
5.46332
5.44457
5.43867
5.43576
5.43156
5.4253
5.41822
5.41121
5.40416
5.39651
5.39045
5.38803
5.3884
5.39018
5.39309
5.39802
5.40573
5.41767
5.4325
5.44837
5.46216
5.47162
5.47686
5.47876
5.47788
5.48508
5.55564
5.6784
5.72085
5.72486
-1e+10
-1e+10
-1e+10
-1e+10
-1e+10
-1e+10
-1e+10
-1e+10
-1e+10
-1e+10
-1e+10
-1e+10
-1e+10
-1e+10
-1e+10
-1e+10
5.4681
5.43399
5.41149
5.39437
5.37977
5.36417
5.34041
5.29394
5.25458
5.23744
5.23202
5.25029
5.2823
5.30578
5.31799
-1e+10
-1e+10
-1e+10
-1e+10
-1e+10
-1e+10
-1e+10
-1e+10
-1e+10
5.34654
5.33675
5.32924
5.32234
5.31554
5.3082
5.29977
5.29117
5.28393
5.27804
5.27239
5.26739
5.264
5.26111
5.25713
5.2521
5.24835
5.24752
5.24947
-1e+10
-1e+10
-1e+10
-1e+10
-1e+10
-1e+10
-1e+10
-1e+10
-1e+10
-1e+10
-1e+10
-1e+10
5.31711
5.30872
5.30036
5.29533
5.29358
5.29377
5.29451
5.29345
5.29113
5.28883
5.28628
5.28287
5.2792
5.27662
5.27528
5.27383
5.27107
5.26728
5.26324
5.25857
5.25182
5.24276
5.23224
5.22062
5.2071
5.19051
5.17173
5.15755
-1e+10
-1e+10
-1e+10
-1e+10
-1e+10
5.22684
5.22519
5.22069
5.2143
5.20606
5.1954
5.18026
5.17107
5.16852
5.16715
5.16508
5.16394
5.16413
5.164
5.16269
5.16115
5.1601
5.15908
5.15719
5.15519
5.15654
5.16814
5.18177
5.18789
5.19191
5.19736
5.20722
5.22209
5.2359
5.25566
5.28334
5.2988
5.31485
5.33414
5.34952
5.35928
5.36573
5.37484
-1e+10
-1e+10
-1e+10
-1e+10
5.72911
5.71627
5.71137
5.70672
5.70104
5.69185
-1e+10
-1e+10
-1e+10
-1e+10
-1e+10
-1e+10
-1e+10
-1e+10
-1e+10
-1e+10
-1e+10
-1e+10
-1e+10
