0
0
0
0
0
0
0
0
0
0
0
0
0
0
0
0
0
0
0
0
0
0
0
0
0
0
0
0
0
0
0
0
0
0
0
0
0
0
0
0
0
0
0
0
0
0
0
0
3090.71
5437.5
7700.49
7700.49
7700.49
7700.49
7385.02
7385.02
7524.11
7524.11
7385.02
7330.61
7031.25
6984.54
5276.92
5276.92
4844.23
4844.23
5857.46
5857.46
5857.46
5857.46
5857.46
6632.2
6632.2
3669.63
3669.63
3067.87
3067.87
3669.63
5225.03
5225.03
6015.62
5766.73
5766.73
5766.73
5766.73
5766.73
6359.38
6517.19
6359.38
6359.38
6033.44
5515.62
5515.62
5500.38
5480.9
5500.38
5859.38
7627.99
7666.7
7666.7
7627.99
7779.35
7694.88
7694.88
7694.88
7731.78
7694.88
7608.76
7390.62
7390.62
6981.49
6656.25
6656.25
6656.25
6656.25
6453.12
6259.76
5019.58
4503.83
4312.5
4138.84
4138.84
3768.35
3437.5
3437.5
4069.22
4069.22
4541.29
5236.09
4541.29
5236.09
5236.09
4336.52
4336.52
4092.23
3388.42
1796.88
1642.71
1642.71
1642.71
1343.75
1277.39
1277.39
0
0
0
0
0
0
0
0
0
0
0
0
0
0
0
0
0
0
0
0
0
0
0
0
0
0
0
0
0
0
0
0
0
0
1005.34
1102.57
1515.62
2046.88
2046.88
2046.88
1937.5
1549.99
1080.44
1062.5
1061.8
0
0
0
0
0
0
0
0
0
0
0
0
0
0
0
0
0
0
0
0
0
0
0
0
0
1025.1
1535.8
2650.66
2650.66
2965.98
6390.99
6862.76
6862.76
6390.99
6390.99
6343.75
6297.97
6343.75
6343.75
3906.25
3326.68
3326.68
1207.3
1110.34
1110.34
1097.16
1097.16
0
0
0
0
0
0
0
0
0
0
0
0
0
0
0
0
0
0
0
0
0
0
0
0
0
0
0
0
1668.66
1909.06
4666.73
5475.08
5475.08
5591.48
5814.78
6964.64
6964.64
5814.78
4936.07
4878.94
4865.52
3776.49
3776.49
3514.51
2937.5
2718.78
1184.15
1171.88
1171.88
1171.88
1081.44
0
0
0
2156.25
3693.23
3693.23
4099.51
4099.51
4781.25
6906.15
6906.15
5710.94
5710.94
5530.81
4273.44
1836.14
1836.14
1706.38
1156.25
1156.25
1156.25
1156.25
1156.25
1150.27
0
0
0
0
0
0
0
3171.88
3171.88
3238.92
3238.92
3238.92
3238.92
3238.92
3226.54
2652.34
1562.5
1140.25
1140.25
1187.5
1140.25
1140.15
1021.16
1019.44
0
0
0
0
0
0
0
0
0
0
0
0
0
0
0
0
0
0
0
0
0
0
0
0
0
0
0
0
0
0
0
0
0
0
0
0
0
0
0
0
0
0
0
0
0
0
0
0
0
0
0
0
