0
0
0
0
0
0
0
0
0
0
0
0
0
0
0
0
0
0
0
0
0
0
0
0
0
0
0
0
0
0
0
0
0
0
0
0
0
0
0
0
0
0
0
0
0
0
0
0
0
0
0
0
0
0
0
0
0
0
0
0
0
0
0
0
0
0
0
0
0
0
0
0
0
0
0
0
0
0
0
0
0
0
0
0
0
0
0
0
0
0
0
0
0
0
0
0
0
0
0
1001.13
1449.98
2500
3152.87
3152.87
4518.21
3152.87
2708.03
1786.29
1703.6
1703.6
1703.6
1278.11
1278.11
0
0
0
0
1138.94
3859.38
4862.12
5417.35
5417.35
5417.35
4948.4
4791.21
4565.22
4565.22
4343.35
3101.85
2594.79
2594.79
3101.85
6417.1
6711.98
6711.98
6750
6711.98
6338
5317.08
6338
2952.82
2952.82
2559.05
2453.12
2409.06
2233.04
1493.47
1094
1092.47
1092.47
1094
1201.26
1201.26
1201.26
0
0
0
0
0
0
0
0
0
0
0
0
0
0
0
1081.57
1091.81
1575.12
1748.5
1843.67
2767.47
3031.25
3444.8
3444.8
3444.8
3455.05
4605.03
5436.29
5436.29
6135.01
6604.81
6604.81
6604.81
5795.76
5782.44
3403.18
2526.8
3403.18
3403.18
3445.14
5890.62
5890.62
3445.14
3338.92
2604.24
1918.88
1635.27
1318.66
1119.06
1318.66
1580.52
1580.52
1580.52
1580.52
1046.43
0
0
0
0
0
0
0
0
0
1078.12
1515.83
1565.59
1629.93
1629.93
3234.19
4977.32
4977.32
4977.32
4977.32
4712.24
2472.33
2472.33
2472.33
4304.42
4658.5
4658.5
4304.42
3500
3493.41
2687.5
1822.3
1539.78
1539.78
1539.78
1742.72
1750.19
2341.84
4330.57
4330.57
4330.57
4335.46
4222.04
4222.04
4771.39
4771.39
5285.07
5817.62
6450.91
6589.21
6766.59
6668.15
6668.15
6589.21
5789.06
5541.55
5541.55
5541.55
5898.44
5898.44
5898.44
6201.81
6267.57
5382.81
4994.46
5916.18
4285.18
3261.91
3261.91
1755.49
1331.78
1331.78
1129.22
1116.42
0
0
0
0
0
0
0
0
0
0
0
1820.26
1820.93
1820.93
1820.93
1875.52
1140.62
1140.62
1161.21
2137.75
2578.12
2578.12
2578.12
1024.52
1024.52
1024.52
1127.44
1562.5
1562.5
1562.5
1519.95
1515.62
1515.62
1515.62
1703.12
1721.48
1983.64
2453.62
4751.66
5889.38
5889.38
5889.38
5510.85
3015.62
1046.29
0
0
0
0
0
0
0
0
0
0
1064.1
1218.24
1247.43
1431.45
1437.08
1437.08
1874.48
2573.66
2573.66
4015.62
4112.88
4112.88
4015.62
4734.38
3831.35
2771.8
2061.19
2085.94
2061.19
2061.19
2061.19
2085.94
3068.53
3068.53
3068.53
2882.09
2882.09
2795.85
2351.65
1702.95
1702.95
1702.95
3405.13
3468.75
5400.94
4527.96
4647.94
4647.94
4630.98
4527.96
4538.28
2546.04
3390.62
2546.04
1883.11
1870.56
1787.62
1787.62
1787.62
1296.88
1787.62
1296.88
1113.75
0
0
0
0
0
0
0
0
0
0
0
0
0
0
0
0
0
0
0
0
0
0
0
0
0
0
0
0
0
0
0
0
0
0
0
0
0
0
0
0
0
0
0
0
0
0
0
0
0
0
0
0
0
0
0
0
0
0
0
0
0
0
0
0
0
0
0
0
0
0
0
0
0
0
0
0
0
0
0
0
0
0
0
0
0
0
0
0
0
0
0
0
0
0
0
0
0
0
0
0
0
0
0
0
0
0
0
0
