-1e+10
-1e+10
-1e+10
-1e+10
-1e+10
-1e+10
-1e+10
-1e+10
-1e+10
-1e+10
-1e+10
-1e+10
-1e+10
-1e+10
-1e+10
-1e+10
-1e+10
-1e+10
-1e+10
-1e+10
-1e+10
-1e+10
-1e+10
-1e+10
-1e+10
-1e+10
5.51614
5.48097
5.45186
5.43004
5.41373
5.40205
5.39448
5.38934
5.38432
5.37788
5.3691
5.35742
5.34307
5.32902
5.32424
5.33685
5.35752
5.37248
-1e+10
-1e+10
-1e+10
-1e+10
-1e+10
-1e+10
-1e+10
-1e+10
-1e+10
-1e+10
5.51204
5.51621
5.51885
5.52107
5.52404
5.52865
5.53479
5.54076
5.54633
5.5518
5.55793
5.56467
5.56989
5.57241
5.57215
5.56963
5.56521
5.55874
5.5509
5.54157
5.53185
5.52184
5.51286
5.50535
5.49946
-1e+10
-1e+10
-1e+10
-1e+10
-1e+10
5.58626
5.57888
5.58717
5.60507
5.62823
-1e+10
-1e+10
-1e+10
-1e+10
-1e+10
-1e+10
-1e+10
-1e+10
-1e+10
-1e+10
-1e+10
-1e+10
-1e+10
-1e+10
-1e+10
-1e+10
5.76463
5.77793
5.7901
5.79802
5.80244
5.80457
5.80508
5.80421
5.8024
5.80012
5.79728
5.79334
5.7867
5.7712
5.71544
5.70959
5.71146
5.71683
5.72161
5.72585
-1e+10
-1e+10
-1e+10
-1e+10
-1e+10
-1e+10
-1e+10
-1e+10
-1e+10
-1e+10
-1e+10
-1e+10
-1e+10
-1e+10
-1e+10
-1e+10
-1e+10
-1e+10
-1e+10
-1e+10
-1e+10
-1e+10
-1e+10
5.90875
5.91053
5.89286
5.85811
5.85013
5.84399
5.83986
5.83726
5.83501
5.83271
5.83062
5.82901
5.82778
5.82667
5.82543
5.82409
5.82287
5.82182
5.82081
5.81984
5.81919
5.81918
5.81974
5.82044
5.82083
5.82057
5.81919
5.81606
5.81117
5.80476
5.79537
5.78567
5.7772
5.77119
5.76566
5.7605
5.75296
-1e+10
-1e+10
-1e+10
-1e+10
-1e+10
-1e+10
-1e+10
-1e+10
-1e+10
-1e+10
-1e+10
-1e+10
-1e+10
-1e+10
-1e+10
-1e+10
-1e+10
-1e+10
-1e+10
-1e+10
-1e+10
-1e+10
-1e+10
-1e+10
5.58922
5.58315
5.57759
5.5743
5.5757
5.57923
5.58019
5.57733
5.56911
5.55663
-1e+10
-1e+10
-1e+10
-1e+10
-1e+10
-1e+10
-1e+10
-1e+10
-1e+10
-1e+10
-1e+10
-1e+10
-1e+10
-1e+10
-1e+10
-1e+10
-1e+10
-1e+10
-1e+10
-1e+10
-1e+10
-1e+10
-1e+10
5.6087
5.57865
5.51094
5.49425
5.47582
5.3557
5.32532
5.31566
5.3106
5.30675
5.30374
5.30196
5.30145
5.30201
5.30355
5.30584
5.30842
5.31068
5.31213
5.31251
5.31156
5.3086
5.30249
5.29211
5.2774
5.2636
5.26825
5.30356
5.37272
5.43384
5.44939
5.42068
5.37505
5.36003
5.35465
5.35318
5.35367
5.35522
5.35717
5.35893
5.36049
5.36107
5.35865
5.3501
5.34264
5.34023
5.33907
5.32022
5.31417
5.31397
-1e+10
-1e+10
-1e+10
-1e+10
-1e+10
-1e+10
-1e+10
-1e+10
-1e+10
-1e+10
-1e+10
-1e+10
-1e+10
-1e+10
-1e+10
-1e+10
-1e+10
-1e+10
-1e+10
-1e+10
4.52723
4.52357
4.51953
4.51598
4.51482
4.53962
4.53922
4.53623
-1e+10
-1e+10
-1e+10
5.23769
5.24574
5.24786
5.24775
5.24848
5.2636
5.27603
5.27654
5.27443
5.27284
-1e+10
-1e+10
-1e+10
-1e+10
-1e+10
-1e+10
-1e+10
-1e+10
-1e+10
-1e+10
-1e+10
-1e+10
-1e+10
-1e+10
-1e+10
-1e+10
-1e+10
-1e+10
-1e+10
-1e+10
-1e+10
-1e+10
-1e+10
-1e+10
-1e+10
4.56023
4.54932
4.54216
4.51747
4.51549
4.51534
4.51649
4.48992
4.4911
4.48949
4.4563
4.45178
4.48197
4.48444
4.48392
4.48619
4.49692
4.53784
4.5405
4.53585
4.537
4.54558
4.5559
4.57033
4.58922
4.60344
4.61643
4.62209
4.6227
4.62037
4.61724
4.6138
4.61188
4.62025
-1e+10
-1e+10
-1e+10
-1e+10
-1e+10
-1e+10
-1e+10
-1e+10
-1e+10
-1e+10
-1e+10
-1e+10
-1e+10
-1e+10
-1e+10
-1e+10
-1e+10
-1e+10
-1e+10
-1e+10
-1e+10
-1e+10
-1e+10
-1e+10
-1e+10
-1e+10
-1e+10
-1e+10
-1e+10
-1e+10
-1e+10
-1e+10
-1e+10
-1e+10
-1e+10
-1e+10
-1e+10
-1e+10
-1e+10
-1e+10
-1e+10
