-1e+10
-1e+10
-1e+10
-1e+10
-1e+10
-1e+10
-1e+10
-1e+10
-1e+10
-1e+10
-1e+10
-1e+10
-1e+10
-1e+10
-1e+10
-1e+10
-1e+10
-1e+10
-1e+10
-1e+10
-1e+10
-1e+10
-1e+10
-1e+10
-1e+10
-1e+10
-1e+10
-1e+10
-1e+10
-1e+10
-1e+10
-1e+10
-1e+10
-1e+10
-1e+10
-1e+10
-1e+10
-1e+10
-1e+10
-1e+10
-1e+10
-1e+10
-1e+10
-1e+10
-1e+10
-1e+10
-1e+10
-1e+10
-1e+10
-1e+10
-1e+10
-1e+10
-1e+10
-1e+10
-1e+10
-1e+10
5.5871
5.54347
5.53246
5.52723
5.52321
5.51882
5.51334
5.50621
5.49649
5.47904
5.44025
5.38943
5.36682
5.35905
5.35036
5.33945
5.32904
5.32136
5.31648
5.31481
5.31757
5.32365
5.32899
5.33018
5.32668
5.32086
5.31681
-1e+10
-1e+10
-1e+10
-1e+10
-1e+10
-1e+10
-1e+10
-1e+10
-1e+10
-1e+10
-1e+10
-1e+10
-1e+10
-1e+10
-1e+10
-1e+10
-1e+10
-1e+10
5.5017
5.48444
5.47576
5.47099
5.46875
5.46862
5.47039
5.4737
5.47813
5.48338
5.4888
5.49366
5.49801
5.50222
5.50623
5.50973
5.51258
5.51513
5.51787
5.52077
5.52291
5.52334
5.52208
5.51988
5.51757
5.51543
5.51325
5.51096
5.50847
5.50544
5.50165
5.4971
5.49233
5.48743
5.48152
5.47449
5.46848
5.46413
5.46137
5.45809
5.45351
5.44812
5.44257
5.43702
5.43228
5.42809
5.42314
5.41623
5.40667
5.39535
5.38278
5.36883
5.35349
5.33693
5.31943
5.30402
5.30058
5.32919
-1e+10
-1e+10
-1e+10
-1e+10
-1e+10
-1e+10
-1e+10
-1e+10
5.41577
5.40185
5.38402
5.37611
5.37141
5.36737
5.36372
5.36042
5.35759
5.35486
5.35183
5.34864
5.34566
5.34282
5.33935
5.33474
5.3251
5.25871
5.23894
5.19098
5.16838
-1e+10
-1e+10
-1e+10
-1e+10
-1e+10
-1e+10
-1e+10
-1e+10
-1e+10
-1e+10
-1e+10
-1e+10
-1e+10
-1e+10
-1e+10
-1e+10
-1e+10
-1e+10
-1e+10
-1e+10
-1e+10
-1e+10
-1e+10
-1e+10
-1e+10
-1e+10
-1e+10
-1e+10
-1e+10
-1e+10
5.53558
5.53861
5.52721
5.50479
5.46379
5.44719
5.44053
5.43758
5.43662
5.43682
5.43775
5.43907
5.44069
5.44253
5.44422
5.44516
5.44507
5.44391
5.44164
5.43795
5.4333
5.42818
5.4224
5.41702
5.41132
5.40469
5.39701
5.38835
5.38013
5.37367
5.36758
5.36264
5.35737
5.34918
5.33668
5.32618
5.31916
5.31158
5.30418
5.29905
5.29666
5.29542
5.29438
5.29307
5.29161
5.29008
5.28806
5.28463
5.27856
5.26907
5.25853
5.24814
5.23848
5.23296
-1e+10
5.76266
5.75381
5.75471
5.75987
5.7658
-1e+10
-1e+10
-1e+10
-1e+10
-1e+10
-1e+10
-1e+10
-1e+10
-1e+10
-1e+10
5.28126
5.28216
5.28723
5.29268
5.29346
5.28999
5.28238
5.26187
5.13638
5.13954
5.14864
5.1779
5.22218
-1e+10
-1e+10
-1e+10
-1e+10
-1e+10
-1e+10
-1e+10
-1e+10
-1e+10
-1e+10
-1e+10
-1e+10
-1e+10
-1e+10
-1e+10
-1e+10
-1e+10
5.31181
5.30667
5.29823
5.27842
5.22696
5.19831
5.17616
5.14151
4.628
4.63139
4.63211
4.6357
-1e+10
-1e+10
-1e+10
-1e+10
-1e+10
-1e+10
-1e+10
-1e+10
-1e+10
-1e+10
-1e+10
-1e+10
-1e+10
-1e+10
-1e+10
-1e+10
5.34144
5.31701
5.30371
5.29629
5.29269
5.29142
5.29098
5.29094
5.29106
5.29119
5.29144
5.2922
5.29366
5.29498
5.29497
5.2933
5.29069
5.28751
5.2838
5.2792
5.27337
5.26657
5.26133
5.25958
5.26099
5.26336
5.2655
5.26769
5.26963
5.27078
5.2713
5.27176
5.2723
5.2721
5.26986
5.26477
5.2574
5.24849
5.23972
5.23159
5.2218
5.20856
5.19848
5.19397
5.19202
5.18967
5.18583
5.18146
5.17817
5.17741
5.18146
5.18983
5.20423
5.21895
5.2841
5.29594
5.30323
5.30817
-1e+10
-1e+10
-1e+10
-1e+10
-1e+10
-1e+10
-1e+10
-1e+10
-1e+10
-1e+10
-1e+10
-1e+10
-1e+10
-1e+10
-1e+10
-1e+10
-1e+10
-1e+10
-1e+10
-1e+10
-1e+10
-1e+10
-1e+10
-1e+10
-1e+10
-1e+10
-1e+10
-1e+10
-1e+10
-1e+10
-1e+10
-1e+10
-1e+10
-1e+10
-1e+10
-1e+10
-1e+10
-1e+10
-1e+10
-1e+10
-1e+10
-1e+10
-1e+10
-1e+10
-1e+10
-1e+10
-1e+10
-1e+10
-1e+10
-1e+10
-1e+10
-1e+10
-1e+10
-1e+10
-1e+10
-1e+10
-1e+10
-1e+10
-1e+10
-1e+10
-1e+10
-1e+10
-1e+10
-1e+10
-1e+10
-1e+10
-1e+10
-1e+10
-1e+10
