0
0
0
0
0
0
0
0
0
0
0
0
0
0
0
0
0
0
0
0
0
0
0
0
0
0
0
0
0
0
0
0
0
0
0
0
0
0
0
0
0
0
0
3796.88
3796.88
3796.88
3598.32
1356.6
1356.6
1356.6
1356.6
2149.94
2335.04
2149.94
2366.24
2366.24
2366.24
1921.88
2366.24
3453.12
4488.19
4693.4
4693.4
4693.4
4693.4
4910.33
4910.33
4910.33
5719.14
5798.75
5798.75
4730.77
4730.77
1812.5
1812.5
1352.85
1352.85
0
0
0
0
0
0
0
0
0
0
0
0
0
0
0
0
0
0
0
0
0
0
0
0
0
0
0
0
0
0
0
0
0
0
0
1141.02
1419.82
3943.85
4000
7460.46
7460.46
7460.46
7460.46
5402.95
5402.95
5765.62
5765.62
5765.62
6587.88
7536.59
7536.59
6734.38
6734.38
5859.38
3252.94
1849.59
1849.59
1379.77
1240.42
1107.72
1238.59
1238.59
1238.59
1251.17
1893.3
4437.5
4585.93
4784.74
5345.58
6546.88
6546.88
6546.88
4864.31
3015.89
3015.89
3015.89
3401.77
3401.77
3475.2
3475.2
5397.65
5397.65
5416.37
5416.37
6558.4
6558.4
6558.4
6558.4
6784.74
6784.74
6784.74
6784.74
6968.06
6458.92
6368.16
6458.92
6458.92
6458.92
6327.07
4515.62
2912.34
4515.62
4515.62
5226.97
5475.26
6875
7171.37
7171.37
7394.86
7405.13
7171.37
5745.91
5745.91
5745.91
5745.91
6368.59
6368.59
6368.59
5665.68
4711.82
1765.62
1765.62
1512.19
1512.19
1512.19
0
0
0
0
0
0
0
0
1015.62
1083.96
2048.76
2271.77
2427.52
4911.35
5162.17
5162.17
5162.17
5322.06
5322.06
5921.88
5921.88
6546.88
6546.88
6516.11
6477.88
6477.88
5887.94
6477.88
6144.46
6144.46
6510.7
6510.7
6149.14
6149.14
3151.95
2892.36
1437.5
1139.88
1112.7
1139.88
1111.73
1111.73
0
0
0
0
0
0
0
0
0
0
0
0
0
1099.33
2170.56
2170.56
4284.5
4284.5
1744.63
1354.1
1354.1
1354.1
2038.53
2038.53
2038.53
2015.62
1556.43
1083.19
1083.19
1269.16
1269.16
1269.16
1330.79
1330.79
1818.08
1818.08
1500
1500
1920.29
1920.29
2843.75
3281.25
3281.25
2843.75
2692.03
2692.03
2621.48
2692.03
4537.36
4537.36
5643.59
5643.59
5643.59
5643.59
5643.59
6163.83
6537.86
6163.83
5234.56
6537.86
6537.86
5544.62
6703.34
6703.34
6968.75
6968.75
7359.38
6968.75
6968.75
6981.13
6798.05
6798.05
6981.13
6987.91
6995.47
6995.47
6995.47
4679.83
4532.92
4426
4426
2122.18
2122.18
2122.18
1428.11
2184.34
2184.34
1305.61
1234.38
0
0
0
0
0
0
0
0
0
0
0
0
0
0
0
0
0
0
0
0
0
0
0
0
0
0
0
0
0
0
0
0
0
0
0
0
0
