0
0
0
0
0
0
0
0
0
0
0
0
0
0
0
0
0
0
0
0
0
0
0
0
0
0
0
0
0
0
0
0
0
0
1039.82
1051.6
1296.88
1296.88
1343.75
5078.95
6268.42
6268.42
6171.88
5491.83
6171.88
6171.88
7347.49
7347.49
7347.49
6885.22
6203.12
6203.12
5750
5750
6775.36
6775.36
6775.36
6775.36
6355.48
5828.12
5828.12
5828.12
5828.12
5483.38
6562.5
6535.4
6535.4
6535.4
6562.5
6607.79
6616.93
7124.92
7124.92
7124.92
7078.12
7035.08
6984.38
6984.38
6984.38
6984.38
7046.88
7046.88
7046.88
5260.24
5648.9
5260.24
5648.9
5648.9
5648.9
5328.12
5328.12
4214.39
4214.39
4087.46
2393.45
1510.14
0
0
0
0
0
0
0
0
0
0
0
0
0
0
0
1115.61
1129.53
1131.78
1131.78
1131.78
0
0
0
0
0
0
0
0
0
0
2792.84
3261.4
6500
3464.02
3464.02
4865.45
4865.45
3464.02
3211.46
1682.73
1627.3
1627.3
1046.8
1045.64
1045.64
1297.47
1297.47
1312.5
1312.5
1297.47
0
0
0
0
0
0
0
0
0
0
0
0
0
0
0
0
0
0
0
0
0
1107.11
1507.82
2531.25
2531.25
3031.25
3240.88
3240.88
3588.58
6273.44
6273.44
7088.42
7312.5
7502.26
7312.5
7312.5
6228.39
6033.06
5426.87
3320.96
1092.83
0
0
0
0
0
0
0
0
0
0
0
0
0
0
0
0
0
0
0
0
0
0
0
0
0
0
0
0
0
0
0
0
0
0
0
0
0
0
0
0
0
0
0
0
0
0
0
0
0
0
0
0
0
0
0
0
0
0
0
0
0
0
0
0
0
0
0
0
0
0
0
0
0
0
0
0
0
0
0
0
0
0
0
0
0
0
0
0
0
0
0
0
0
0
0
0
0
0
0
0
0
0
0
0
0
