-1e+10
-1e+10
-1e+10
-1e+10
-1e+10
-1e+10
-1e+10
-1e+10
-1e+10
-1e+10
-1e+10
-1e+10
-1e+10
-1e+10
-1e+10
-1e+10
-1e+10
-1e+10
-1e+10
-1e+10
-1e+10
-1e+10
-1e+10
-1e+10
-1e+10
-1e+10
-1e+10
-1e+10
-1e+10
-1e+10
-1e+10
-1e+10
-1e+10
-1e+10
-1e+10
-1e+10
-1e+10
-1e+10
-1e+10
-1e+10
-1e+10
-1e+10
-1e+10
-1e+10
-1e+10
-1e+10
-1e+10
-1e+10
-1e+10
-1e+10
-1e+10
-1e+10
-1e+10
-1e+10
-1e+10
-1e+10
-1e+10
-1e+10
-1e+10
-1e+10
-1e+10
-1e+10
-1e+10
-1e+10
-1e+10
-1e+10
-1e+10
-1e+10
-1e+10
-1e+10
-1e+10
-1e+10
-1e+10
-1e+10
5.6859
5.65777
5.63321
5.61587
5.60592
5.60396
5.60799
5.6112
5.61051
5.60608
5.59738
5.58532
5.57354
5.56505
5.55884
5.55375
5.54883
5.54361
5.53842
5.53382
5.53058
5.52921
5.52956
5.53096
5.53267
5.53416
5.53523
5.53576
5.53566
5.5351
5.53439
5.53393
5.5342
5.53563
5.53827
5.54178
5.54545
5.54817
5.54926
5.54841
5.54482
5.53688
5.5236
5.50829
5.49872
5.49709
5.50208
-1e+10
-1e+10
-1e+10
-1e+10
-1e+10
-1e+10
-1e+10
-1e+10
-1e+10
-1e+10
-1e+10
-1e+10
-1e+10
-1e+10
-1e+10
-1e+10
-1e+10
-1e+10
-1e+10
-1e+10
-1e+10
-1e+10
-1e+10
-1e+10
5.35311
5.34133
5.32258
5.30158
5.28066
5.25848
5.24236
5.23142
5.22214
5.21298
5.20435
5.19782
5.19419
5.19355
5.19492
5.19629
5.19581
5.19405
5.19332
5.19517
5.19941
5.20414
5.20909
5.21354
5.21661
5.21779
5.21769
5.21789
5.21993
5.22404
5.23005
5.23905
5.2546
5.27822
5.29666
-1e+10
-1e+10
-1e+10
-1e+10
-1e+10
-1e+10
-1e+10
-1e+10
-1e+10
-1e+10
-1e+10
-1e+10
-1e+10
-1e+10
-1e+10
-1e+10
5.21165
5.21576
5.21344
5.20282
5.19967
5.21268
5.22398
5.22928
5.2298
5.22602
5.21715
5.20259
5.18291
5.16014
5.13426
5.10559
5.07761
-1e+10
-1e+10
-1e+10
-1e+10
-1e+10
-1e+10
-1e+10
-1e+10
-1e+10
-1e+10
-1e+10
5.46467
5.44472
5.34734
5.33308
5.32622
5.32134
5.316
5.30893
5.30021
5.29249
5.28675
5.28289
5.28076
5.28109
5.27988
-1e+10
-1e+10
-1e+10
-1e+10
-1e+10
-1e+10
-1e+10
-1e+10
-1e+10
-1e+10
-1e+10
-1e+10
-1e+10
-1e+10
-1e+10
-1e+10
-1e+10
-1e+10
5.23983
5.24244
5.24476
5.24724
5.24994
5.25229
5.25329
5.25226
5.24997
5.25226
5.36391
5.36596
5.36158
5.35478
5.34769
-1e+10
-1e+10
-1e+10
-1e+10
-1e+10
-1e+10
-1e+10
-1e+10
-1e+10
-1e+10
-1e+10
-1e+10
-1e+10
-1e+10
-1e+10
-1e+10
-1e+10
-1e+10
-1e+10
5.49918
5.49337
5.44096
5.41233
5.34318
5.33021
5.31942
5.30682
5.25892
5.24918
-1e+10
-1e+10
-1e+10
-1e+10
-1e+10
-1e+10
-1e+10
-1e+10
-1e+10
-1e+10
-1e+10
-1e+10
-1e+10
-1e+10
-1e+10
-1e+10
-1e+10
-1e+10
5.3129
5.31064
5.3093
5.30705
5.30375
5.29968
5.29241
5.28163
5.27672
5.27226
5.26747
5.26642
5.26768
5.26967
5.27196
5.27461
5.27784
5.28152
5.28493
5.28836
5.29151
5.29361
5.29477
5.29592
5.29731
5.2984
5.29868
5.29843
5.29778
5.2964
5.29407
5.29062
5.28705
5.28402
5.28221
5.28175
5.28183
5.28191
5.28236
5.28493
5.28842
5.28805
5.28425
5.28188
5.28219
5.28403
5.28536
5.2843
5.27975
5.2731
5.2665
5.26243
5.26072
5.26081
5.262
5.26378
5.26663
5.27129
5.27763
5.28592
5.29418
5.30131
5.30984
5.32279
5.33686
5.34678
5.3553
5.36429
5.37258
5.3776
5.3774
5.37206
5.36431
5.3579
5.3544
5.3512
-1e+10
-1e+10
-1e+10
-1e+10
-1e+10
-1e+10
-1e+10
-1e+10
-1e+10
-1e+10
-1e+10
-1e+10
-1e+10
-1e+10
-1e+10
-1e+10
-1e+10
-1e+10
-1e+10
-1e+10
-1e+10
-1e+10
-1e+10
-1e+10
-1e+10
-1e+10
-1e+10
-1e+10
-1e+10
-1e+10
-1e+10
-1e+10
-1e+10
-1e+10
-1e+10
-1e+10
-1e+10
-1e+10
-1e+10
-1e+10
-1e+10
-1e+10
-1e+10
-1e+10
-1e+10
-1e+10
-1e+10
-1e+10
-1e+10
-1e+10
-1e+10
-1e+10
-1e+10
-1e+10
-1e+10
-1e+10
-1e+10
-1e+10
-1e+10
