0
0
0
0
0
0
0
0
0
0
0
0
0
0
0
0
0
0
0
0
0
0
0
0
0
0
0
0
0
0
0
0
0
0
1111.31
5729.08
5729.08
5729.08
2682.28
2569.66
2209.88
1281.18
1281.18
1724.87
1106.21
1106.21
1106.21
0
0
0
0
0
0
0
0
0
0
0
0
0
0
0
0
0
0
1117.24
1132.81
1521.17
1521.17
1521.17
2786.58
2786.58
2786.58
2951.95
2951.95
2951.95
2213.3
1468.75
1468.75
1468.75
1292.63
1238.41
1238.41
1238.41
1238.41
1515.62
1861.1
1515.62
1048.05
0
0
0
0
1095.23
1331.82
1331.82
1331.82
1187.76
1187.76
1187.76
1352.92
1352.92
1533.29
1973.53
2276.6
2574.16
3343.75
4273.61
4273.61
3343.75
4618.55
4618.55
4618.41
4618.41
4812.5
6132.81
6343.75
6445.04
6343.75
6132.81
5673.79
5673.79
5673.79
5673.79
5032.25
6512.57
4093.75
3393.68
4093.75
5390
5176.27
5390
7194.38
6921.04
6921.04
7194.38
7194.38
7753.1
7753.1
7753.1
7753.1
6757.37
6757.37
5629.3
5453.12
4084.84
5453.12
5453.12
5453.12
4515.34
4515.34
3578.12
2921.88
2921.88
2921.88
2921.88
2731.1
2719.25
2595.46
2001.68
1955.58
1424.94
1212.34
1191.1
1114.98
0
0
0
0
0
0
0
0
0
0
0
0
0
0
0
0
0
0
0
0
0
0
0
